# Calibration file of tamex_id 1 @ channel 9
# fine_T bin		 Calibration value
0.1		0
0.2		0
0.3		0
0.4		0
0.5		0
0.6		0
0.7		0
0.8		0
0.9		0
1		0
1.1		0
1.2		0
1.3		0
1.4		0
1.5		0
1.6		0
1.7		0
1.8		0
1.9		0
2		0
2.1		0
2.2		0
2.3		0
2.4		0
2.5		0
2.6		0
2.7		0
2.8		0
2.9		0
3		0
3.1		0
3.2		0
3.3		0
3.4		0
3.5		0
3.6		0
3.7		0
3.8		0
3.9		0
4		0
4.1		0
4.2		0
4.3		0
4.4		0
4.5		0
4.6		0
4.7		0
4.8		0
4.9		0
5		0
5.1		0
5.2		0
5.3		0
5.4		0
5.5		0
5.6		0
5.7		0
5.8		0
5.9		0
6		0
6.1		0
6.2		0
6.3		0
6.4		0
6.5		0
6.6		0
6.7		0
6.8		0
6.9		0
7		0
7.1		0
7.2		0
7.3		0
7.4		0
7.5		0
7.6		0
7.7		0
7.8		0
7.9		0
8		0
8.1		0
8.2		0
8.3		0
8.4		0
8.5		0
8.6		0
8.7		0
8.8		0
8.9		0
9		0
9.1		0
9.2		0
9.3		0
9.4		0
9.5		0
9.6		0
9.7		0
9.8		0
9.9		0
10		0
10.1		0
10.2		0
10.3		0
10.4		0
10.5		0
10.6		0
10.7		0
10.8		0
10.9		0
11		0
11.1		0
11.2		0
11.3		0
11.4		0
11.5		0
11.6		0
11.7		0
11.8		0
11.9		0
12		0
12.1		0
12.2		0
12.3		0
12.4		0
12.5		0
12.6		0
12.7		0
12.8		0
12.9		0
13		0
13.1		0
13.2		0
13.3		0
13.4		0
13.5		0
13.6		0
13.7		0
13.8		0
13.9		0
14		0
14.1		0
14.2		0
14.3		0
14.4		0
14.5		0
14.6		0
14.7		0
14.8		0
14.9		0
15		0
15.1		0
15.2		0
15.3		0
15.4		0
15.5		0
15.6		0
15.7		0
15.8		0
15.9		0
16		0
16.1		0
16.2		0
16.3		0
16.4		0
16.5		0
16.6		0
16.7		0
16.8		0
16.9		0
17		0
17.1		0.0044404
17.2		0.0044404
17.3		0.0044404
17.4		0.0044404
17.5		0.0044404
17.6		0.0044404
17.7		0.0044404
17.8		0.0044404
17.9		0.0044404
18		0.0044404
18.1		0.00671752
18.2		0.00671752
18.3		0.00671752
18.4		0.00671752
18.5		0.00671752
18.6		0.00671752
18.7		0.00671752
18.8		0.00671752
18.9		0.00671752
19		0.00671752
19.1		0.00956393
19.2		0.00956393
19.3		0.00956393
19.4		0.00956393
19.5		0.00956393
19.6		0.00956393
19.7		0.00956393
19.8		0.00956393
19.9		0.00956393
20		0.00956393
20.1		0.0128658
20.2		0.0128658
20.3		0.0128658
20.4		0.0128658
20.5		0.0128658
20.6		0.0128658
20.7		0.0128658
20.8		0.0128658
20.9		0.0128658
21		0.0128658
21.1		0.0155983
21.2		0.0155983
21.3		0.0155983
21.4		0.0155983
21.5		0.0155983
21.6		0.0155983
21.7		0.0155983
21.8		0.0155983
21.9		0.0155983
22		0.0155983
22.1		0.0175339
22.2		0.0175339
22.3		0.0175339
22.4		0.0175339
22.5		0.0175339
22.6		0.0175339
22.7		0.0175339
22.8		0.0175339
22.9		0.0175339
23		0.0175339
23.1		0.0183309
23.2		0.0183309
23.3		0.0183309
23.4		0.0183309
23.5		0.0183309
23.6		0.0183309
23.7		0.0183309
23.8		0.0183309
23.9		0.0183309
24		0.0183309
24.1		0.0187863
24.2		0.0187863
24.3		0.0187863
24.4		0.0187863
24.5		0.0187863
24.6		0.0187863
24.7		0.0187863
24.8		0.0187863
24.9		0.0187863
25		0.0187863
25.1		0.0234544
25.2		0.0234544
25.3		0.0234544
25.4		0.0234544
25.5		0.0234544
25.6		0.0234544
25.7		0.0234544
25.8		0.0234544
25.9		0.0234544
26		0.0234544
26.1		0.0264147
26.2		0.0264147
26.3		0.0264147
26.4		0.0264147
26.5		0.0264147
26.6		0.0264147
26.7		0.0264147
26.8		0.0264147
26.9		0.0264147
27		0.0264147
27.1		0.0265285
27.2		0.0265285
27.3		0.0265285
27.4		0.0265285
27.5		0.0265285
27.6		0.0265285
27.7		0.0265285
27.8		0.0265285
27.9		0.0265285
28		0.0265285
28.1		0.0290334
28.2		0.0290334
28.3		0.0290334
28.4		0.0290334
28.5		0.0290334
28.6		0.0290334
28.7		0.0290334
28.8		0.0290334
28.9		0.0290334
29		0.0290334
29.1		0.0302858
29.2		0.0302858
29.3		0.0302858
29.4		0.0302858
29.5		0.0302858
29.6		0.0302858
29.7		0.0302858
29.8		0.0302858
29.9		0.0302858
30		0.0302858
30.1		0.0330183
30.2		0.0330183
30.3		0.0330183
30.4		0.0330183
30.5		0.0330183
30.6		0.0330183
30.7		0.0330183
30.8		0.0330183
30.9		0.0330183
31		0.0330183
31.1		0.0354093
31.2		0.0354093
31.3		0.0354093
31.4		0.0354093
31.5		0.0354093
31.6		0.0354093
31.7		0.0354093
31.8		0.0354093
31.9		0.0354093
32		0.0354093
32.1		0.0359786
32.2		0.0359786
32.3		0.0359786
32.4		0.0359786
32.5		0.0359786
32.6		0.0359786
32.7		0.0359786
32.8		0.0359786
32.9		0.0359786
33		0.0359786
33.1		0.0374587
33.2		0.0374587
33.3		0.0374587
33.4		0.0374587
33.5		0.0374587
33.6		0.0374587
33.7		0.0374587
33.8		0.0374587
33.9		0.0374587
34		0.0374587
34.1		0.045201
34.2		0.045201
34.3		0.045201
34.4		0.045201
34.5		0.045201
34.6		0.045201
34.7		0.045201
34.8		0.045201
34.9		0.045201
35		0.045201
35.1		0.0454287
35.2		0.0454287
35.3		0.0454287
35.4		0.0454287
35.5		0.0454287
35.6		0.0454287
35.7		0.0454287
35.8		0.0454287
35.9		0.0454287
36		0.0454287
36.1		0.0467949
36.2		0.0467949
36.3		0.0467949
36.4		0.0467949
36.5		0.0467949
36.6		0.0467949
36.7		0.0467949
36.8		0.0467949
36.9		0.0467949
37		0.0467949
37.1		0.0488444
37.2		0.0488444
37.3		0.0488444
37.4		0.0488444
37.5		0.0488444
37.6		0.0488444
37.7		0.0488444
37.8		0.0488444
37.9		0.0488444
38		0.0488444
38.1		0.0496414
38.2		0.0496414
38.3		0.0496414
38.4		0.0496414
38.5		0.0496414
38.6		0.0496414
38.7		0.0496414
38.8		0.0496414
38.9		0.0496414
39		0.0496414
39.1		0.0503245
39.2		0.0503245
39.3		0.0503245
39.4		0.0503245
39.5		0.0503245
39.6		0.0503245
39.7		0.0503245
39.8		0.0503245
39.9		0.0503245
40		0.0503245
40.1		0.0529432
40.2		0.0529432
40.3		0.0529432
40.4		0.0529432
40.5		0.0529432
40.6		0.0529432
40.7		0.0529432
40.8		0.0529432
40.9		0.0529432
41		0.0529432
41.1		0.0557896
41.2		0.0557896
41.3		0.0557896
41.4		0.0557896
41.5		0.0557896
41.6		0.0557896
41.7		0.0557896
41.8		0.0557896
41.9		0.0557896
42		0.0557896
42.1		0.0565866
42.2		0.0565866
42.3		0.0565866
42.4		0.0565866
42.5		0.0565866
42.6		0.0565866
42.7		0.0565866
42.8		0.0565866
42.9		0.0565866
43		0.0565866
43.1		0.0609131
43.2		0.0609131
43.3		0.0609131
43.4		0.0609131
43.5		0.0609131
43.6		0.0609131
43.7		0.0609131
43.8		0.0609131
43.9		0.0609131
44		0.0609131
44.1		0.062621
44.2		0.062621
44.3		0.062621
44.4		0.062621
44.5		0.062621
44.6		0.062621
44.7		0.062621
44.8		0.062621
44.9		0.062621
45		0.062621
45.1		0.0629625
45.2		0.0629625
45.3		0.0629625
45.4		0.0629625
45.5		0.0629625
45.6		0.0629625
45.7		0.0629625
45.8		0.0629625
45.9		0.0629625
46		0.0629625
46.1		0.0667198
46.2		0.0667198
46.3		0.0667198
46.4		0.0667198
46.5		0.0667198
46.6		0.0667198
46.7		0.0667198
46.8		0.0667198
46.9		0.0667198
47		0.0667198
47.1		0.0669475
47.2		0.0669475
47.3		0.0669475
47.4		0.0669475
47.5		0.0669475
47.6		0.0669475
47.7		0.0669475
47.8		0.0669475
47.9		0.0669475
48		0.0669475
48.1		0.0685415
48.2		0.0685415
48.3		0.0685415
48.4		0.0685415
48.5		0.0685415
48.6		0.0685415
48.7		0.0685415
48.8		0.0685415
48.9		0.0685415
49		0.0685415
49.1		0.0710463
49.2		0.0710463
49.3		0.0710463
49.4		0.0710463
49.5		0.0710463
49.6		0.0710463
49.7		0.0710463
49.8		0.0710463
49.9		0.0710463
50		0.0710463
50.1		0.0735512
50.2		0.0735512
50.3		0.0735512
50.4		0.0735512
50.5		0.0735512
50.6		0.0735512
50.7		0.0735512
50.8		0.0735512
50.9		0.0735512
51		0.0735512
51.1		0.0756006
51.2		0.0756006
51.3		0.0756006
51.4		0.0756006
51.5		0.0756006
51.6		0.0756006
51.7		0.0756006
51.8		0.0756006
51.9		0.0756006
52		0.0756006
52.1		0.0758283
52.2		0.0758283
52.3		0.0758283
52.4		0.0758283
52.5		0.0758283
52.6		0.0758283
52.7		0.0758283
52.8		0.0758283
52.9		0.0758283
53		0.0758283
53.1		0.07765
53.2		0.07765
53.3		0.07765
53.4		0.07765
53.5		0.07765
53.6		0.07765
53.7		0.07765
53.8		0.07765
53.9		0.07765
54		0.07765
54.1		0.0807241
54.2		0.0807241
54.3		0.0807241
54.4		0.0807241
54.5		0.0807241
54.6		0.0807241
54.7		0.0807241
54.8		0.0807241
54.9		0.0807241
55		0.0807241
55.1		0.0812934
55.2		0.0812934
55.3		0.0812934
55.4		0.0812934
55.5		0.0812934
55.6		0.0812934
55.7		0.0812934
55.8		0.0812934
55.9		0.0812934
56		0.0812934
56.1		0.0857338
56.2		0.0857338
56.3		0.0857338
56.4		0.0857338
56.5		0.0857338
56.6		0.0857338
56.7		0.0857338
56.8		0.0857338
56.9		0.0857338
57		0.0857338
57.1		0.0860754
57.2		0.0860754
57.3		0.0860754
57.4		0.0860754
57.5		0.0860754
57.6		0.0860754
57.7		0.0860754
57.8		0.0860754
57.9		0.0860754
58		0.0860754
58.1		0.0863031
58.2		0.0863031
58.3		0.0863031
58.4		0.0863031
58.5		0.0863031
58.6		0.0863031
58.7		0.0863031
58.8		0.0863031
58.9		0.0863031
59		0.0863031
59.1		0.0908573
59.2		0.0908573
59.3		0.0908573
59.4		0.0908573
59.5		0.0908573
59.6		0.0908573
59.7		0.0908573
59.8		0.0908573
59.9		0.0908573
60		0.0908573
60.1		0.0948423
60.2		0.0948423
60.3		0.0948423
60.4		0.0948423
60.5		0.0948423
60.6		0.0948423
60.7		0.0948423
60.8		0.0948423
60.9		0.0948423
61		0.0948423
61.1		0.0949562
61.2		0.0949562
61.3		0.0949562
61.4		0.0949562
61.5		0.0949562
61.6		0.0949562
61.7		0.0949562
61.8		0.0949562
61.9		0.0949562
62		0.0949562
62.1		0.0957532
62.2		0.0957532
62.3		0.0957532
62.4		0.0957532
62.5		0.0957532
62.6		0.0957532
62.7		0.0957532
62.8		0.0957532
62.9		0.0957532
63		0.0957532
63.1		0.0967779
63.2		0.0967779
63.3		0.0967779
63.4		0.0967779
63.5		0.0967779
63.6		0.0967779
63.7		0.0967779
63.8		0.0967779
63.9		0.0967779
64		0.0967779
64.1		0.100877
64.2		0.100877
64.3		0.100877
64.4		0.100877
64.5		0.100877
64.6		0.100877
64.7		0.100877
64.8		0.100877
64.9		0.100877
65		0.100877
65.1		0.101788
65.2		0.101788
65.3		0.101788
65.4		0.101788
65.5		0.101788
65.6		0.101788
65.7		0.101788
65.8		0.101788
65.9		0.101788
66		0.101788
66.1		0.104634
66.2		0.104634
66.3		0.104634
66.4		0.104634
66.5		0.104634
66.6		0.104634
66.7		0.104634
66.8		0.104634
66.9		0.104634
67		0.104634
67.1		0.105317
67.2		0.105317
67.3		0.105317
67.4		0.105317
67.5		0.105317
67.6		0.105317
67.7		0.105317
67.8		0.105317
67.9		0.105317
68		0.105317
68.1		0.108391
68.2		0.108391
68.3		0.108391
68.4		0.108391
68.5		0.108391
68.6		0.108391
68.7		0.108391
68.8		0.108391
68.9		0.108391
69		0.108391
69.1		0.108847
69.2		0.108847
69.3		0.108847
69.4		0.108847
69.5		0.108847
69.6		0.108847
69.7		0.108847
69.8		0.108847
69.9		0.108847
70		0.108847
70.1		0.111124
70.2		0.111124
70.3		0.111124
70.4		0.111124
70.5		0.111124
70.6		0.111124
70.7		0.111124
70.8		0.111124
70.9		0.111124
71		0.111124
71.1		0.113059
71.2		0.113059
71.3		0.113059
71.4		0.113059
71.5		0.113059
71.6		0.113059
71.7		0.113059
71.8		0.113059
71.9		0.113059
72		0.113059
72.1		0.11602
72.2		0.11602
72.3		0.11602
72.4		0.11602
72.5		0.11602
72.6		0.11602
72.7		0.11602
72.8		0.11602
72.9		0.11602
73		0.11602
73.1		0.116589
73.2		0.116589
73.3		0.116589
73.4		0.116589
73.5		0.116589
73.6		0.116589
73.7		0.116589
73.8		0.116589
73.9		0.116589
74		0.116589
74.1		0.117158
74.2		0.117158
74.3		0.117158
74.4		0.117158
74.5		0.117158
74.6		0.117158
74.7		0.117158
74.8		0.117158
74.9		0.117158
75		0.117158
75.1		0.1175
75.2		0.1175
75.3		0.1175
75.4		0.1175
75.5		0.1175
75.6		0.1175
75.7		0.1175
75.8		0.1175
75.9		0.1175
76		0.1175
76.1		0.120688
76.2		0.120688
76.3		0.120688
76.4		0.120688
76.5		0.120688
76.6		0.120688
76.7		0.120688
76.8		0.120688
76.9		0.120688
77		0.120688
77.1		0.12342
77.2		0.12342
77.3		0.12342
77.4		0.12342
77.5		0.12342
77.6		0.12342
77.7		0.12342
77.8		0.12342
77.9		0.12342
78		0.12342
78.1		0.125014
78.2		0.125014
78.3		0.125014
78.4		0.125014
78.5		0.125014
78.6		0.125014
78.7		0.125014
78.8		0.125014
78.9		0.125014
79		0.125014
79.1		0.126836
79.2		0.126836
79.3		0.126836
79.4		0.126836
79.5		0.126836
79.6		0.126836
79.7		0.126836
79.8		0.126836
79.9		0.126836
80		0.126836
80.1		0.131618
80.2		0.131618
80.3		0.131618
80.4		0.131618
80.5		0.131618
80.6		0.131618
80.7		0.131618
80.8		0.131618
80.9		0.131618
81		0.131618
81.1		0.133326
81.2		0.133326
81.3		0.133326
81.4		0.133326
81.5		0.133326
81.6		0.133326
81.7		0.133326
81.8		0.133326
81.9		0.133326
82		0.133326
82.1		0.137766
82.2		0.137766
82.3		0.137766
82.4		0.137766
82.5		0.137766
82.6		0.137766
82.7		0.137766
82.8		0.137766
82.9		0.137766
83		0.137766
83.1		0.137994
83.2		0.137994
83.3		0.137994
83.4		0.137994
83.5		0.137994
83.6		0.137994
83.7		0.137994
83.8		0.137994
83.9		0.137994
84		0.137994
84.1		0.138449
84.2		0.138449
84.3		0.138449
84.4		0.138449
84.5		0.138449
84.6		0.138449
84.7		0.138449
84.8		0.138449
84.9		0.138449
85		0.138449
85.1		0.143231
85.2		0.143231
85.3		0.143231
85.4		0.143231
85.5		0.143231
85.6		0.143231
85.7		0.143231
85.8		0.143231
85.9		0.143231
86		0.143231
86.1		0.144028
86.2		0.144028
86.3		0.144028
86.4		0.144028
86.5		0.144028
86.6		0.144028
86.7		0.144028
86.8		0.144028
86.9		0.144028
87		0.144028
87.1		0.147899
87.2		0.147899
87.3		0.147899
87.4		0.147899
87.5		0.147899
87.6		0.147899
87.7		0.147899
87.8		0.147899
87.9		0.147899
88		0.147899
88.1		0.148241
88.2		0.148241
88.3		0.148241
88.4		0.148241
88.5		0.148241
88.6		0.148241
88.7		0.148241
88.8		0.148241
88.9		0.148241
89		0.148241
89.1		0.150176
89.2		0.150176
89.3		0.150176
89.4		0.150176
89.5		0.150176
89.6		0.150176
89.7		0.150176
89.8		0.150176
89.9		0.150176
90		0.150176
90.1		0.153251
90.2		0.153251
90.3		0.153251
90.4		0.153251
90.5		0.153251
90.6		0.153251
90.7		0.153251
90.8		0.153251
90.9		0.153251
91		0.153251
91.1		0.153934
91.2		0.153934
91.3		0.153934
91.4		0.153934
91.5		0.153934
91.6		0.153934
91.7		0.153934
91.8		0.153934
91.9		0.153934
92		0.153934
92.1		0.156097
92.2		0.156097
92.3		0.156097
92.4		0.156097
92.5		0.156097
92.6		0.156097
92.7		0.156097
92.8		0.156097
92.9		0.156097
93		0.156097
93.1		0.157805
93.2		0.157805
93.3		0.157805
93.4		0.157805
93.5		0.157805
93.6		0.157805
93.7		0.157805
93.8		0.157805
93.9		0.157805
94		0.157805
94.1		0.161562
94.2		0.161562
94.3		0.161562
94.4		0.161562
94.5		0.161562
94.6		0.161562
94.7		0.161562
94.8		0.161562
94.9		0.161562
95		0.161562
95.1		0.161904
95.2		0.161904
95.3		0.161904
95.4		0.161904
95.5		0.161904
95.6		0.161904
95.7		0.161904
95.8		0.161904
95.9		0.161904
96		0.161904
96.1		0.163498
96.2		0.163498
96.3		0.163498
96.4		0.163498
96.5		0.163498
96.6		0.163498
96.7		0.163498
96.8		0.163498
96.9		0.163498
97		0.163498
97.1		0.166799
97.2		0.166799
97.3		0.166799
97.4		0.166799
97.5		0.166799
97.6		0.166799
97.7		0.166799
97.8		0.166799
97.9		0.166799
98		0.166799
98.1		0.169418
98.2		0.169418
98.3		0.169418
98.4		0.169418
98.5		0.169418
98.6		0.169418
98.7		0.169418
98.8		0.169418
98.9		0.169418
99		0.169418
99.1		0.170898
99.2		0.170898
99.3		0.170898
99.4		0.170898
99.5		0.170898
99.6		0.170898
99.7		0.170898
99.8		0.170898
99.9		0.170898
100		0.170898
100.1		0.17124
100.2		0.17124
100.3		0.17124
100.4		0.17124
100.5		0.17124
100.6		0.17124
100.7		0.17124
100.8		0.17124
100.9		0.17124
101		0.17124
101.1		0.173175
101.2		0.173175
101.3		0.173175
101.4		0.173175
101.5		0.173175
101.6		0.173175
101.7		0.173175
101.8		0.173175
101.9		0.173175
102		0.173175
102.1		0.17625
102.2		0.17625
102.3		0.17625
102.4		0.17625
102.5		0.17625
102.6		0.17625
102.7		0.17625
102.8		0.17625
102.9		0.17625
103		0.17625
103.1		0.178071
103.2		0.178071
103.3		0.178071
103.4		0.178071
103.5		0.178071
103.6		0.178071
103.7		0.178071
103.8		0.178071
103.9		0.178071
104		0.178071
104.1		0.181032
104.2		0.181032
104.3		0.181032
104.4		0.181032
104.5		0.181032
104.6		0.181032
104.7		0.181032
104.8		0.181032
104.9		0.181032
105		0.181032
105.1		0.181487
105.2		0.181487
105.3		0.181487
105.4		0.181487
105.5		0.181487
105.6		0.181487
105.7		0.181487
105.8		0.181487
105.9		0.181487
106		0.181487
106.1		0.184903
106.2		0.184903
106.3		0.184903
106.4		0.184903
106.5		0.184903
106.6		0.184903
106.7		0.184903
106.8		0.184903
106.9		0.184903
107		0.184903
107.1		0.184903
107.2		0.184903
107.3		0.184903
107.4		0.184903
107.5		0.184903
107.6		0.184903
107.7		0.184903
107.8		0.184903
107.9		0.184903
108		0.184903
108.1		0.185017
108.2		0.185017
108.3		0.185017
108.4		0.185017
108.5		0.185017
108.6		0.185017
108.7		0.185017
108.8		0.185017
108.9		0.185017
109		0.185017
109.1		0.188091
109.2		0.188091
109.3		0.188091
109.4		0.188091
109.5		0.188091
109.6		0.188091
109.7		0.188091
109.8		0.188091
109.9		0.188091
110		0.188091
110.1		0.194467
110.2		0.194467
110.3		0.194467
110.4		0.194467
110.5		0.194467
110.6		0.194467
110.7		0.194467
110.8		0.194467
110.9		0.194467
111		0.194467
111.1		0.194694
111.2		0.194694
111.3		0.194694
111.4		0.194694
111.5		0.194694
111.6		0.194694
111.7		0.194694
111.8		0.194694
111.9		0.194694
112		0.194694
112.1		0.198224
112.2		0.198224
112.3		0.198224
112.4		0.198224
112.5		0.198224
112.6		0.198224
112.7		0.198224
112.8		0.198224
112.9		0.198224
113		0.198224
113.1		0.198338
113.2		0.198338
113.3		0.198338
113.4		0.198338
113.5		0.198338
113.6		0.198338
113.7		0.198338
113.8		0.198338
113.9		0.198338
114		0.198338
114.1		0.200501
114.2		0.200501
114.3		0.200501
114.4		0.200501
114.5		0.200501
114.6		0.200501
114.7		0.200501
114.8		0.200501
114.9		0.200501
115		0.200501
115.1		0.20312
115.2		0.20312
115.3		0.20312
115.4		0.20312
115.5		0.20312
115.6		0.20312
115.7		0.20312
115.8		0.20312
115.9		0.20312
116		0.20312
116.1		0.206308
116.2		0.206308
116.3		0.206308
116.4		0.206308
116.5		0.206308
116.6		0.206308
116.7		0.206308
116.8		0.206308
116.9		0.206308
117		0.206308
117.1		0.208812
117.2		0.208812
117.3		0.208812
117.4		0.208812
117.5		0.208812
117.6		0.208812
117.7		0.208812
117.8		0.208812
117.9		0.208812
118		0.208812
118.1		0.210862
118.2		0.210862
118.3		0.210862
118.4		0.210862
118.5		0.210862
118.6		0.210862
118.7		0.210862
118.8		0.210862
118.9		0.210862
119		0.210862
119.1		0.213936
119.2		0.213936
119.3		0.213936
119.4		0.213936
119.5		0.213936
119.6		0.213936
119.7		0.213936
119.8		0.213936
119.9		0.213936
120		0.213936
120.1		0.21405
120.2		0.21405
120.3		0.21405
120.4		0.21405
120.5		0.21405
120.6		0.21405
120.7		0.21405
120.8		0.21405
120.9		0.21405
121		0.21405
121.1		0.216669
121.2		0.216669
121.3		0.216669
121.4		0.216669
121.5		0.216669
121.6		0.216669
121.7		0.216669
121.8		0.216669
121.9		0.216669
122		0.216669
122.1		0.217124
122.2		0.217124
122.3		0.217124
122.4		0.217124
122.5		0.217124
122.6		0.217124
122.7		0.217124
122.8		0.217124
122.9		0.217124
123		0.217124
123.1		0.218263
123.2		0.218263
123.3		0.218263
123.4		0.218263
123.5		0.218263
123.6		0.218263
123.7		0.218263
123.8		0.218263
123.9		0.218263
124		0.218263
124.1		0.224639
124.2		0.224639
124.3		0.224639
124.4		0.224639
124.5		0.224639
124.6		0.224639
124.7		0.224639
124.8		0.224639
124.9		0.224639
125		0.224639
125.1		0.22498
125.2		0.22498
125.3		0.22498
125.4		0.22498
125.5		0.22498
125.6		0.22498
125.7		0.22498
125.8		0.22498
125.9		0.22498
126		0.22498
126.1		0.226346
126.2		0.226346
126.3		0.226346
126.4		0.226346
126.5		0.226346
126.6		0.226346
126.7		0.226346
126.8		0.226346
126.9		0.226346
127		0.226346
127.1		0.22646
127.2		0.22646
127.3		0.22646
127.4		0.22646
127.5		0.22646
127.6		0.22646
127.7		0.22646
127.8		0.22646
127.9		0.22646
128		0.22646
128.1		0.230787
128.2		0.230787
128.3		0.230787
128.4		0.230787
128.5		0.230787
128.6		0.230787
128.7		0.230787
128.8		0.230787
128.9		0.230787
129		0.230787
129.1		0.23147
129.2		0.23147
129.3		0.23147
129.4		0.23147
129.5		0.23147
129.6		0.23147
129.7		0.23147
129.8		0.23147
129.9		0.23147
130		0.23147
130.1		0.235683
130.2		0.235683
130.3		0.235683
130.4		0.235683
130.5		0.235683
130.6		0.235683
130.7		0.235683
130.8		0.235683
130.9		0.235683
131		0.235683
131.1		0.236707
131.2		0.236707
131.3		0.236707
131.4		0.236707
131.5		0.236707
131.6		0.236707
131.7		0.236707
131.8		0.236707
131.9		0.236707
132		0.236707
132.1		0.238643
132.2		0.238643
132.3		0.238643
132.4		0.238643
132.5		0.238643
132.6		0.238643
132.7		0.238643
132.8		0.238643
132.9		0.238643
133		0.238643
133.1		0.240465
133.2		0.240465
133.3		0.240465
133.4		0.240465
133.5		0.240465
133.6		0.240465
133.7		0.240465
133.8		0.240465
133.9		0.240465
134		0.240465
134.1		0.24092
134.2		0.24092
134.3		0.24092
134.4		0.24092
134.5		0.24092
134.6		0.24092
134.7		0.24092
134.8		0.24092
134.9		0.24092
135		0.24092
135.1		0.241262
135.2		0.241262
135.3		0.241262
135.4		0.241262
135.5		0.241262
135.6		0.241262
135.7		0.241262
135.8		0.241262
135.9		0.241262
136		0.241262
136.1		0.244222
136.2		0.244222
136.3		0.244222
136.4		0.244222
136.5		0.244222
136.6		0.244222
136.7		0.244222
136.8		0.244222
136.9		0.244222
137		0.244222
137.1		0.248548
137.2		0.248548
137.3		0.248548
137.4		0.248548
137.5		0.248548
137.6		0.248548
137.7		0.248548
137.8		0.248548
137.9		0.248548
138		0.248548
138.1		0.249345
138.2		0.249345
138.3		0.249345
138.4		0.249345
138.5		0.249345
138.6		0.249345
138.7		0.249345
138.8		0.249345
138.9		0.249345
139		0.249345
139.1		0.251281
139.2		0.251281
139.3		0.251281
139.4		0.251281
139.5		0.251281
139.6		0.251281
139.7		0.251281
139.8		0.251281
139.9		0.251281
140		0.251281
140.1		0.251736
140.2		0.251736
140.3		0.251736
140.4		0.251736
140.5		0.251736
140.6		0.251736
140.7		0.251736
140.8		0.251736
140.9		0.251736
141		0.251736
141.1		0.255721
141.2		0.255721
141.3		0.255721
141.4		0.255721
141.5		0.255721
141.6		0.255721
141.7		0.255721
141.8		0.255721
141.9		0.255721
142		0.255721
142.1		0.25686
142.2		0.25686
142.3		0.25686
142.4		0.25686
142.5		0.25686
142.6		0.25686
142.7		0.25686
142.8		0.25686
142.9		0.25686
143		0.25686
143.1		0.258795
143.2		0.258795
143.3		0.258795
143.4		0.258795
143.5		0.258795
143.6		0.258795
143.7		0.258795
143.8		0.258795
143.9		0.258795
144		0.258795
144.1		0.259365
144.2		0.259365
144.3		0.259365
144.4		0.259365
144.5		0.259365
144.6		0.259365
144.7		0.259365
144.8		0.259365
144.9		0.259365
145		0.259365
145.1		0.261073
145.2		0.261073
145.3		0.261073
145.4		0.261073
145.5		0.261073
145.6		0.261073
145.7		0.261073
145.8		0.261073
145.9		0.261073
146		0.261073
146.1		0.26779
146.2		0.26779
146.3		0.26779
146.4		0.26779
146.5		0.26779
146.6		0.26779
146.7		0.26779
146.8		0.26779
146.9		0.26779
147		0.26779
147.1		0.268245
147.2		0.268245
147.3		0.268245
147.4		0.268245
147.5		0.268245
147.6		0.268245
147.7		0.268245
147.8		0.268245
147.9		0.268245
148		0.268245
148.1		0.268815
148.2		0.268815
148.3		0.268815
148.4		0.268815
148.5		0.268815
148.6		0.268815
148.7		0.268815
148.8		0.268815
148.9		0.268815
149		0.268815
149.1		0.272458
149.2		0.272458
149.3		0.272458
149.4		0.272458
149.5		0.272458
149.6		0.272458
149.7		0.272458
149.8		0.272458
149.9		0.272458
150		0.272458
150.1		0.277582
150.2		0.277582
150.3		0.277582
150.4		0.277582
150.5		0.277582
150.6		0.277582
150.7		0.277582
150.8		0.277582
150.9		0.277582
151		0.277582
151.1		0.277809
151.2		0.277809
151.3		0.277809
151.4		0.277809
151.5		0.277809
151.6		0.277809
151.7		0.277809
151.8		0.277809
151.9		0.277809
152		0.277809
152.1		0.278379
152.2		0.278379
152.3		0.278379
152.4		0.278379
152.5		0.278379
152.6		0.278379
152.7		0.278379
152.8		0.278379
152.9		0.278379
153		0.278379
153.1		0.279973
153.2		0.279973
153.3		0.279973
153.4		0.279973
153.5		0.279973
153.6		0.279973
153.7		0.279973
153.8		0.279973
153.9		0.279973
154		0.279973
154.1		0.285665
154.2		0.285665
154.3		0.285665
154.4		0.285665
154.5		0.285665
154.6		0.285665
154.7		0.285665
154.8		0.285665
154.9		0.285665
155		0.285665
155.1		0.286576
155.2		0.286576
155.3		0.286576
155.4		0.286576
155.5		0.286576
155.6		0.286576
155.7		0.286576
155.8		0.286576
155.9		0.286576
156		0.286576
156.1		0.28817
156.2		0.28817
156.3		0.28817
156.4		0.28817
156.5		0.28817
156.6		0.28817
156.7		0.28817
156.8		0.28817
156.9		0.28817
157		0.28817
157.1		0.28965
157.2		0.28965
157.3		0.28965
157.4		0.28965
157.5		0.28965
157.6		0.28965
157.7		0.28965
157.8		0.28965
157.9		0.28965
158		0.28965
158.1		0.294091
158.2		0.294091
158.3		0.294091
158.4		0.294091
158.5		0.294091
158.6		0.294091
158.7		0.294091
158.8		0.294091
158.9		0.294091
159		0.294091
159.1		0.294319
159.2		0.294319
159.3		0.294319
159.4		0.294319
159.5		0.294319
159.6		0.294319
159.7		0.294319
159.8		0.294319
159.9		0.294319
160		0.294319
160.1		0.295913
160.2		0.295913
160.3		0.295913
160.4		0.295913
160.5		0.295913
160.6		0.295913
160.7		0.295913
160.8		0.295913
160.9		0.295913
161		0.295913
161.1		0.296596
161.2		0.296596
161.3		0.296596
161.4		0.296596
161.5		0.296596
161.6		0.296596
161.7		0.296596
161.8		0.296596
161.9		0.296596
162		0.296596
162.1		0.299214
162.2		0.299214
162.3		0.299214
162.4		0.299214
162.5		0.299214
162.6		0.299214
162.7		0.299214
162.8		0.299214
162.9		0.299214
163		0.299214
163.1		0.303427
163.2		0.303427
163.3		0.303427
163.4		0.303427
163.5		0.303427
163.6		0.303427
163.7		0.303427
163.8		0.303427
163.9		0.303427
164		0.303427
164.1		0.304224
164.2		0.304224
164.3		0.304224
164.4		0.304224
164.5		0.304224
164.6		0.304224
164.7		0.304224
164.8		0.304224
164.9		0.304224
165		0.304224
165.1		0.304338
165.2		0.304338
165.3		0.304338
165.4		0.304338
165.5		0.304338
165.6		0.304338
165.7		0.304338
165.8		0.304338
165.9		0.304338
166		0.304338
166.1		0.304793
166.2		0.304793
166.3		0.304793
166.4		0.304793
166.5		0.304793
166.6		0.304793
166.7		0.304793
166.8		0.304793
166.9		0.304793
167		0.304793
167.1		0.307867
167.2		0.307867
167.3		0.307867
167.4		0.307867
167.5		0.307867
167.6		0.307867
167.7		0.307867
167.8		0.307867
167.9		0.307867
168		0.307867
168.1		0.310258
168.2		0.310258
168.3		0.310258
168.4		0.310258
168.5		0.310258
168.6		0.310258
168.7		0.310258
168.8		0.310258
168.9		0.310258
169		0.310258
169.1		0.311852
169.2		0.311852
169.3		0.311852
169.4		0.311852
169.5		0.311852
169.6		0.311852
169.7		0.311852
169.8		0.311852
169.9		0.311852
170		0.311852
170.1		0.312991
170.2		0.312991
170.3		0.312991
170.4		0.312991
170.5		0.312991
170.6		0.312991
170.7		0.312991
170.8		0.312991
170.9		0.312991
171		0.312991
171.1		0.31413
171.2		0.31413
171.3		0.31413
171.4		0.31413
171.5		0.31413
171.6		0.31413
171.7		0.31413
171.8		0.31413
171.9		0.31413
172		0.31413
172.1		0.317318
172.2		0.317318
172.3		0.317318
172.4		0.317318
172.5		0.317318
172.6		0.317318
172.7		0.317318
172.8		0.317318
172.9		0.317318
173		0.317318
173.1		0.32005
173.2		0.32005
173.3		0.32005
173.4		0.32005
173.5		0.32005
173.6		0.32005
173.7		0.32005
173.8		0.32005
173.9		0.32005
174		0.32005
174.1		0.320164
174.2		0.320164
174.3		0.320164
174.4		0.320164
174.5		0.320164
174.6		0.320164
174.7		0.320164
174.8		0.320164
174.9		0.320164
175		0.320164
175.1		0.32358
175.2		0.32358
175.3		0.32358
175.4		0.32358
175.5		0.32358
175.6		0.32358
175.7		0.32358
175.8		0.32358
175.9		0.32358
176		0.32358
176.1		0.327451
176.2		0.327451
176.3		0.327451
176.4		0.327451
176.5		0.327451
176.6		0.327451
176.7		0.327451
176.8		0.327451
176.9		0.327451
177		0.327451
177.1		0.329728
177.2		0.329728
177.3		0.329728
177.4		0.329728
177.5		0.329728
177.6		0.329728
177.7		0.329728
177.8		0.329728
177.9		0.329728
178		0.329728
178.1		0.33155
178.2		0.33155
178.3		0.33155
178.4		0.33155
178.5		0.33155
178.6		0.33155
178.7		0.33155
178.8		0.33155
178.9		0.33155
179		0.33155
179.1		0.332119
179.2		0.332119
179.3		0.332119
179.4		0.332119
179.5		0.332119
179.6		0.332119
179.7		0.332119
179.8		0.332119
179.9		0.332119
180		0.332119
180.1		0.336787
180.2		0.336787
180.3		0.336787
180.4		0.336787
180.5		0.336787
180.6		0.336787
180.7		0.336787
180.8		0.336787
180.9		0.336787
181		0.336787
181.1		0.338723
181.2		0.338723
181.3		0.338723
181.4		0.338723
181.5		0.338723
181.6		0.338723
181.7		0.338723
181.8		0.338723
181.9		0.338723
182		0.338723
182.1		0.339292
182.2		0.339292
182.3		0.339292
182.4		0.339292
182.5		0.339292
182.6		0.339292
182.7		0.339292
182.8		0.339292
182.9		0.339292
183		0.339292
183.1		0.342708
183.2		0.342708
183.3		0.342708
183.4		0.342708
183.5		0.342708
183.6		0.342708
183.7		0.342708
183.8		0.342708
183.9		0.342708
184		0.342708
184.1		0.343163
184.2		0.343163
184.3		0.343163
184.4		0.343163
184.5		0.343163
184.6		0.343163
184.7		0.343163
184.8		0.343163
184.9		0.343163
185		0.343163
185.1		0.344985
185.2		0.344985
185.3		0.344985
185.4		0.344985
185.5		0.344985
185.6		0.344985
185.7		0.344985
185.8		0.344985
185.9		0.344985
186		0.344985
186.1		0.345782
186.2		0.345782
186.3		0.345782
186.4		0.345782
186.5		0.345782
186.6		0.345782
186.7		0.345782
186.8		0.345782
186.9		0.345782
187		0.345782
187.1		0.347148
187.2		0.347148
187.3		0.347148
187.4		0.347148
187.5		0.347148
187.6		0.347148
187.7		0.347148
187.8		0.347148
187.9		0.347148
188		0.347148
188.1		0.349197
188.2		0.349197
188.3		0.349197
188.4		0.349197
188.5		0.349197
188.6		0.349197
188.7		0.349197
188.8		0.349197
188.9		0.349197
189		0.349197
189.1		0.35341
189.2		0.35341
189.3		0.35341
189.4		0.35341
189.5		0.35341
189.6		0.35341
189.7		0.35341
189.8		0.35341
189.9		0.35341
190		0.35341
190.1		0.354435
190.2		0.354435
190.3		0.354435
190.4		0.354435
190.5		0.354435
190.6		0.354435
190.7		0.354435
190.8		0.354435
190.9		0.354435
191		0.354435
191.1		0.355687
191.2		0.355687
191.3		0.355687
191.4		0.355687
191.5		0.355687
191.6		0.355687
191.7		0.355687
191.8		0.355687
191.9		0.355687
192		0.355687
192.1		0.361038
192.2		0.361038
192.3		0.361038
192.4		0.361038
192.5		0.361038
192.6		0.361038
192.7		0.361038
192.8		0.361038
192.9		0.361038
193		0.361038
193.1		0.361608
193.2		0.361608
193.3		0.361608
193.4		0.361608
193.5		0.361608
193.6		0.361608
193.7		0.361608
193.8		0.361608
193.9		0.361608
194		0.361608
194.1		0.362405
194.2		0.362405
194.3		0.362405
194.4		0.362405
194.5		0.362405
194.6		0.362405
194.7		0.362405
194.8		0.362405
194.9		0.362405
195		0.362405
195.1		0.366731
195.2		0.366731
195.3		0.366731
195.4		0.366731
195.5		0.366731
195.6		0.366731
195.7		0.366731
195.8		0.366731
195.9		0.366731
196		0.366731
196.1		0.367073
196.2		0.367073
196.3		0.367073
196.4		0.367073
196.5		0.367073
196.6		0.367073
196.7		0.367073
196.8		0.367073
196.9		0.367073
197		0.367073
197.1		0.370261
197.2		0.370261
197.3		0.370261
197.4		0.370261
197.5		0.370261
197.6		0.370261
197.7		0.370261
197.8		0.370261
197.9		0.370261
198		0.370261
198.1		0.370488
198.2		0.370488
198.3		0.370488
198.4		0.370488
198.5		0.370488
198.6		0.370488
198.7		0.370488
198.8		0.370488
198.9		0.370488
199		0.370488
199.1		0.371855
199.2		0.371855
199.3		0.371855
199.4		0.371855
199.5		0.371855
199.6		0.371855
199.7		0.371855
199.8		0.371855
199.9		0.371855
200		0.371855
200.1		0.373676
200.2		0.373676
200.3		0.373676
200.4		0.373676
200.5		0.373676
200.6		0.373676
200.7		0.373676
200.8		0.373676
200.9		0.373676
201		0.373676
201.1		0.375384
201.2		0.375384
201.3		0.375384
201.4		0.375384
201.5		0.375384
201.6		0.375384
201.7		0.375384
201.8		0.375384
201.9		0.375384
202		0.375384
202.1		0.380394
202.2		0.380394
202.3		0.380394
202.4		0.380394
202.5		0.380394
202.6		0.380394
202.7		0.380394
202.8		0.380394
202.9		0.380394
203		0.380394
203.1		0.381191
203.2		0.381191
203.3		0.381191
203.4		0.381191
203.5		0.381191
203.6		0.381191
203.7		0.381191
203.8		0.381191
203.9		0.381191
204		0.381191
204.1		0.383126
204.2		0.383126
204.3		0.383126
204.4		0.383126
204.5		0.383126
204.6		0.383126
204.7		0.383126
204.8		0.383126
204.9		0.383126
205		0.383126
205.1		0.38324
205.2		0.38324
205.3		0.38324
205.4		0.38324
205.5		0.38324
205.6		0.38324
205.7		0.38324
205.8		0.38324
205.9		0.38324
206		0.38324
206.1		0.386884
206.2		0.386884
206.3		0.386884
206.4		0.386884
206.5		0.386884
206.6		0.386884
206.7		0.386884
206.8		0.386884
206.9		0.386884
207		0.386884
207.1		0.387908
207.2		0.387908
207.3		0.387908
207.4		0.387908
207.5		0.387908
207.6		0.387908
207.7		0.387908
207.8		0.387908
207.9		0.387908
208		0.387908
208.1		0.391666
208.2		0.391666
208.3		0.391666
208.4		0.391666
208.5		0.391666
208.6		0.391666
208.7		0.391666
208.8		0.391666
208.9		0.391666
209		0.391666
209.1		0.392007
209.2		0.392007
209.3		0.392007
209.4		0.392007
209.5		0.392007
209.6		0.392007
209.7		0.392007
209.8		0.392007
209.9		0.392007
210		0.392007
210.1		0.392804
210.2		0.392804
210.3		0.392804
210.4		0.392804
210.5		0.392804
210.6		0.392804
210.7		0.392804
210.8		0.392804
210.9		0.392804
211		0.392804
211.1		0.397472
211.2		0.397472
211.3		0.397472
211.4		0.397472
211.5		0.397472
211.6		0.397472
211.7		0.397472
211.8		0.397472
211.9		0.397472
212		0.397472
212.1		0.397928
212.2		0.397928
212.3		0.397928
212.4		0.397928
212.5		0.397928
212.6		0.397928
212.7		0.397928
212.8		0.397928
212.9		0.397928
213		0.397928
213.1		0.399066
213.2		0.399066
213.3		0.399066
213.4		0.399066
213.5		0.399066
213.6		0.399066
213.7		0.399066
213.8		0.399066
213.9		0.399066
214		0.399066
214.1		0.404418
214.2		0.404418
214.3		0.404418
214.4		0.404418
214.5		0.404418
214.6		0.404418
214.7		0.404418
214.8		0.404418
214.9		0.404418
215		0.404418
215.1		0.405215
215.2		0.405215
215.3		0.405215
215.4		0.405215
215.5		0.405215
215.6		0.405215
215.7		0.405215
215.8		0.405215
215.9		0.405215
216		0.405215
216.1		0.40863
216.2		0.40863
216.3		0.40863
216.4		0.40863
216.5		0.40863
216.6		0.40863
216.7		0.40863
216.8		0.40863
216.9		0.40863
217		0.40863
217.1		0.4092
217.2		0.4092
217.3		0.4092
217.4		0.4092
217.5		0.4092
217.6		0.4092
217.7		0.4092
217.8		0.4092
217.9		0.4092
218		0.4092
218.1		0.414095
218.2		0.414095
218.3		0.414095
218.4		0.414095
218.5		0.414095
218.6		0.414095
218.7		0.414095
218.8		0.414095
218.9		0.414095
219		0.414095
219.1		0.415234
219.2		0.415234
219.3		0.415234
219.4		0.415234
219.5		0.415234
219.6		0.415234
219.7		0.415234
219.8		0.415234
219.9		0.415234
220		0.415234
220.1		0.416828
220.2		0.416828
220.3		0.416828
220.4		0.416828
220.5		0.416828
220.6		0.416828
220.7		0.416828
220.8		0.416828
220.9		0.416828
221		0.416828
221.1		0.418308
221.2		0.418308
221.3		0.418308
221.4		0.418308
221.5		0.418308
221.6		0.418308
221.7		0.418308
221.8		0.418308
221.9		0.418308
222		0.418308
222.1		0.421041
222.2		0.421041
222.3		0.421041
222.4		0.421041
222.5		0.421041
222.6		0.421041
222.7		0.421041
222.8		0.421041
222.9		0.421041
223		0.421041
223.1		0.423773
223.2		0.423773
223.3		0.423773
223.4		0.423773
223.5		0.423773
223.6		0.423773
223.7		0.423773
223.8		0.423773
223.9		0.423773
224		0.423773
224.1		0.424342
224.2		0.424342
224.3		0.424342
224.4		0.424342
224.5		0.424342
224.6		0.424342
224.7		0.424342
224.8		0.424342
224.9		0.424342
225		0.424342
225.1		0.425823
225.2		0.425823
225.3		0.425823
225.4		0.425823
225.5		0.425823
225.6		0.425823
225.7		0.425823
225.8		0.425823
225.9		0.425823
226		0.425823
226.1		0.428783
226.2		0.428783
226.3		0.428783
226.4		0.428783
226.5		0.428783
226.6		0.428783
226.7		0.428783
226.8		0.428783
226.9		0.428783
227		0.428783
227.1		0.430832
227.2		0.430832
227.3		0.430832
227.4		0.430832
227.5		0.430832
227.6		0.430832
227.7		0.430832
227.8		0.430832
227.9		0.430832
228		0.430832
228.1		0.431971
228.2		0.431971
228.3		0.431971
228.4		0.431971
228.5		0.431971
228.6		0.431971
228.7		0.431971
228.8		0.431971
228.9		0.431971
229		0.431971
229.1		0.4355
229.2		0.4355
229.3		0.4355
229.4		0.4355
229.5		0.4355
229.6		0.4355
229.7		0.4355
229.8		0.4355
229.9		0.4355
230		0.4355
230.1		0.435956
230.2		0.435956
230.3		0.435956
230.4		0.435956
230.5		0.435956
230.6		0.435956
230.7		0.435956
230.8		0.435956
230.9		0.435956
231		0.435956
231.1		0.440169
231.2		0.440169
231.3		0.440169
231.4		0.440169
231.5		0.440169
231.6		0.440169
231.7		0.440169
231.8		0.440169
231.9		0.440169
232		0.440169
232.1		0.440966
232.2		0.440966
232.3		0.440966
232.4		0.440966
232.5		0.440966
232.6		0.440966
232.7		0.440966
232.8		0.440966
232.9		0.440966
233		0.440966
233.1		0.446772
233.2		0.446772
233.3		0.446772
233.4		0.446772
233.5		0.446772
233.6		0.446772
233.7		0.446772
233.8		0.446772
233.9		0.446772
234		0.446772
234.1		0.447114
234.2		0.447114
234.3		0.447114
234.4		0.447114
234.5		0.447114
234.6		0.447114
234.7		0.447114
234.8		0.447114
234.9		0.447114
235		0.447114
235.1		0.448252
235.2		0.448252
235.3		0.448252
235.4		0.448252
235.5		0.448252
235.6		0.448252
235.7		0.448252
235.8		0.448252
235.9		0.448252
236		0.448252
236.1		0.449619
236.2		0.449619
236.3		0.449619
236.4		0.449619
236.5		0.449619
236.6		0.449619
236.7		0.449619
236.8		0.449619
236.9		0.449619
237		0.449619
237.1		0.451326
237.2		0.451326
237.3		0.451326
237.4		0.451326
237.5		0.451326
237.6		0.451326
237.7		0.451326
237.8		0.451326
237.9		0.451326
238		0.451326
238.1		0.455995
238.2		0.455995
238.3		0.455995
238.4		0.455995
238.5		0.455995
238.6		0.455995
238.7		0.455995
238.8		0.455995
238.9		0.455995
239		0.455995
239.1		0.458613
239.2		0.458613
239.3		0.458613
239.4		0.458613
239.5		0.458613
239.6		0.458613
239.7		0.458613
239.8		0.458613
239.9		0.458613
240		0.458613
240.1		0.459183
240.2		0.459183
240.3		0.459183
240.4		0.459183
240.5		0.459183
240.6		0.459183
240.7		0.459183
240.8		0.459183
240.9		0.459183
241		0.459183
241.1		0.460093
241.2		0.460093
241.3		0.460093
241.4		0.460093
241.5		0.460093
241.6		0.460093
241.7		0.460093
241.8		0.460093
241.9		0.460093
242		0.460093
242.1		0.461573
242.2		0.461573
242.3		0.461573
242.4		0.461573
242.5		0.461573
242.6		0.461573
242.7		0.461573
242.8		0.461573
242.9		0.461573
243		0.461573
243.1		0.468291
243.2		0.468291
243.3		0.468291
243.4		0.468291
243.5		0.468291
243.6		0.468291
243.7		0.468291
243.8		0.468291
243.9		0.468291
244		0.468291
244.1		0.468405
244.2		0.468405
244.3		0.468405
244.4		0.468405
244.5		0.468405
244.6		0.468405
244.7		0.468405
244.8		0.468405
244.9		0.468405
245		0.468405
245.1		0.468746
245.2		0.468746
245.3		0.468746
245.4		0.468746
245.5		0.468746
245.6		0.468746
245.7		0.468746
245.8		0.468746
245.9		0.468746
246		0.468746
246.1		0.469885
246.2		0.469885
246.3		0.469885
246.4		0.469885
246.5		0.469885
246.6		0.469885
246.7		0.469885
246.8		0.469885
246.9		0.469885
247		0.469885
247.1		0.472731
247.2		0.472731
247.3		0.472731
247.4		0.472731
247.5		0.472731
247.6		0.472731
247.7		0.472731
247.8		0.472731
247.9		0.472731
248		0.472731
248.1		0.474212
248.2		0.474212
248.3		0.474212
248.4		0.474212
248.5		0.474212
248.6		0.474212
248.7		0.474212
248.8		0.474212
248.9		0.474212
249		0.474212
249.1		0.477969
249.2		0.477969
249.3		0.477969
249.4		0.477969
249.5		0.477969
249.6		0.477969
249.7		0.477969
249.8		0.477969
249.9		0.477969
250		0.477969
250.1		0.479563
250.2		0.479563
250.3		0.479563
250.4		0.479563
250.5		0.479563
250.6		0.479563
250.7		0.479563
250.8		0.479563
250.9		0.479563
251		0.479563
251.1		0.480132
251.2		0.480132
251.3		0.480132
251.4		0.480132
251.5		0.480132
251.6		0.480132
251.7		0.480132
251.8		0.480132
251.9		0.480132
252		0.480132
252.1		0.482181
252.2		0.482181
252.3		0.482181
252.4		0.482181
252.5		0.482181
252.6		0.482181
252.7		0.482181
252.8		0.482181
252.9		0.482181
253		0.482181
253.1		0.485369
253.2		0.485369
253.3		0.485369
253.4		0.485369
253.5		0.485369
253.6		0.485369
253.7		0.485369
253.8		0.485369
253.9		0.485369
254		0.485369
254.1		0.488102
254.2		0.488102
254.3		0.488102
254.4		0.488102
254.5		0.488102
254.6		0.488102
254.7		0.488102
254.8		0.488102
254.9		0.488102
255		0.488102
255.1		0.488899
255.2		0.488899
255.3		0.488899
255.4		0.488899
255.5		0.488899
255.6		0.488899
255.7		0.488899
255.8		0.488899
255.9		0.488899
256		0.488899
256.1		0.489013
256.2		0.489013
256.3		0.489013
256.4		0.489013
256.5		0.489013
256.6		0.489013
256.7		0.489013
256.8		0.489013
256.9		0.489013
257		0.489013
257.1		0.491632
257.2		0.491632
257.3		0.491632
257.4		0.491632
257.5		0.491632
257.6		0.491632
257.7		0.491632
257.8		0.491632
257.9		0.491632
258		0.491632
258.1		0.49482
258.2		0.49482
258.3		0.49482
258.4		0.49482
258.5		0.49482
258.6		0.49482
258.7		0.49482
258.8		0.49482
258.9		0.49482
259		0.49482
259.1		0.498577
259.2		0.498577
259.3		0.498577
259.4		0.498577
259.5		0.498577
259.6		0.498577
259.7		0.498577
259.8		0.498577
259.9		0.498577
260		0.498577
260.1		0.498805
260.2		0.498805
260.3		0.498805
260.4		0.498805
260.5		0.498805
260.6		0.498805
260.7		0.498805
260.8		0.498805
260.9		0.498805
261		0.498805
261.1		0.499602
261.2		0.499602
261.3		0.499602
261.4		0.499602
261.5		0.499602
261.6		0.499602
261.7		0.499602
261.8		0.499602
261.9		0.499602
262		0.499602
262.1		0.50427
262.2		0.50427
262.3		0.50427
262.4		0.50427
262.5		0.50427
262.6		0.50427
262.7		0.50427
262.8		0.50427
262.9		0.50427
263		0.50427
263.1		0.504725
263.2		0.504725
263.3		0.504725
263.4		0.504725
263.5		0.504725
263.6		0.504725
263.7		0.504725
263.8		0.504725
263.9		0.504725
264		0.504725
264.1		0.505408
264.2		0.505408
264.3		0.505408
264.4		0.505408
264.5		0.505408
264.6		0.505408
264.7		0.505408
264.8		0.505408
264.9		0.505408
265		0.505408
265.1		0.507458
265.2		0.507458
265.3		0.507458
265.4		0.507458
265.5		0.507458
265.6		0.507458
265.7		0.507458
265.8		0.507458
265.9		0.507458
266		0.507458
266.1		0.513606
266.2		0.513606
266.3		0.513606
266.4		0.513606
266.5		0.513606
266.6		0.513606
266.7		0.513606
266.8		0.513606
266.9		0.513606
267		0.513606
267.1		0.5152
267.2		0.5152
267.3		0.5152
267.4		0.5152
267.5		0.5152
267.6		0.5152
267.7		0.5152
267.8		0.5152
267.9		0.5152
268		0.5152
268.1		0.516452
268.2		0.516452
268.3		0.516452
268.4		0.516452
268.5		0.516452
268.6		0.516452
268.7		0.516452
268.8		0.516452
268.9		0.516452
269		0.516452
269.1		0.517591
269.2		0.517591
269.3		0.517591
269.4		0.517591
269.5		0.517591
269.6		0.517591
269.7		0.517591
269.8		0.517591
269.9		0.517591
270		0.517591
270.1		0.521462
270.2		0.521462
270.3		0.521462
270.4		0.521462
270.5		0.521462
270.6		0.521462
270.7		0.521462
270.8		0.521462
270.9		0.521462
271		0.521462
271.1		0.522942
271.2		0.522942
271.3		0.522942
271.4		0.522942
271.5		0.522942
271.6		0.522942
271.7		0.522942
271.8		0.522942
271.9		0.522942
272		0.522942
272.1		0.523511
272.2		0.523511
272.3		0.523511
272.4		0.523511
272.5		0.523511
272.6		0.523511
272.7		0.523511
272.8		0.523511
272.9		0.523511
273		0.523511
273.1		0.526244
273.2		0.526244
273.3		0.526244
273.4		0.526244
273.5		0.526244
273.6		0.526244
273.7		0.526244
273.8		0.526244
273.9		0.526244
274		0.526244
274.1		0.527838
274.2		0.527838
274.3		0.527838
274.4		0.527838
274.5		0.527838
274.6		0.527838
274.7		0.527838
274.8		0.527838
274.9		0.527838
275		0.527838
275.1		0.528976
275.2		0.528976
275.3		0.528976
275.4		0.528976
275.5		0.528976
275.6		0.528976
275.7		0.528976
275.8		0.528976
275.9		0.528976
276		0.528976
276.1		0.52966
276.2		0.52966
276.3		0.52966
276.4		0.52966
276.5		0.52966
276.6		0.52966
276.7		0.52966
276.8		0.52966
276.9		0.52966
277		0.52966
277.1		0.530001
277.2		0.530001
277.3		0.530001
277.4		0.530001
277.5		0.530001
277.6		0.530001
277.7		0.530001
277.8		0.530001
277.9		0.530001
278		0.530001
278.1		0.535352
278.2		0.535352
278.3		0.535352
278.4		0.535352
278.5		0.535352
278.6		0.535352
278.7		0.535352
278.8		0.535352
278.9		0.535352
279		0.535352
279.1		0.537402
279.2		0.537402
279.3		0.537402
279.4		0.537402
279.5		0.537402
279.6		0.537402
279.7		0.537402
279.8		0.537402
279.9		0.537402
280		0.537402
280.1		0.539223
280.2		0.539223
280.3		0.539223
280.4		0.539223
280.5		0.539223
280.6		0.539223
280.7		0.539223
280.8		0.539223
280.9		0.539223
281		0.539223
281.1		0.541728
281.2		0.541728
281.3		0.541728
281.4		0.541728
281.5		0.541728
281.6		0.541728
281.7		0.541728
281.8		0.541728
281.9		0.541728
282		0.541728
282.1		0.545144
282.2		0.545144
282.3		0.545144
282.4		0.545144
282.5		0.545144
282.6		0.545144
282.7		0.545144
282.8		0.545144
282.9		0.545144
283		0.545144
283.1		0.548446
283.2		0.548446
283.3		0.548446
283.4		0.548446
283.5		0.548446
283.6		0.548446
283.7		0.548446
283.8		0.548446
283.9		0.548446
284		0.548446
284.1		0.550495
284.2		0.550495
284.3		0.550495
284.4		0.550495
284.5		0.550495
284.6		0.550495
284.7		0.550495
284.8		0.550495
284.9		0.550495
285		0.550495
285.1		0.552317
285.2		0.552317
285.3		0.552317
285.4		0.552317
285.5		0.552317
285.6		0.552317
285.7		0.552317
285.8		0.552317
285.9		0.552317
286		0.552317
286.1		0.55801
286.2		0.55801
286.3		0.55801
286.4		0.55801
286.5		0.55801
286.6		0.55801
286.7		0.55801
286.8		0.55801
286.9		0.55801
287		0.55801
287.1		0.558124
287.2		0.558124
287.3		0.558124
287.4		0.558124
287.5		0.558124
287.6		0.558124
287.7		0.558124
287.8		0.558124
287.9		0.558124
288		0.558124
288.1		0.558465
288.2		0.558465
288.3		0.558465
288.4		0.558465
288.5		0.558465
288.6		0.558465
288.7		0.558465
288.8		0.558465
288.9		0.558465
289		0.558465
289.1		0.561767
289.2		0.561767
289.3		0.561767
289.4		0.561767
289.5		0.561767
289.6		0.561767
289.7		0.561767
289.8		0.561767
289.9		0.561767
290		0.561767
290.1		0.563703
290.2		0.563703
290.3		0.563703
290.4		0.563703
290.5		0.563703
290.6		0.563703
290.7		0.563703
290.8		0.563703
290.9		0.563703
291		0.563703
291.1		0.565752
291.2		0.565752
291.3		0.565752
291.4		0.565752
291.5		0.565752
291.6		0.565752
291.7		0.565752
291.8		0.565752
291.9		0.565752
292		0.565752
292.1		0.566777
292.2		0.566777
292.3		0.566777
292.4		0.566777
292.5		0.566777
292.6		0.566777
292.7		0.566777
292.8		0.566777
292.9		0.566777
293		0.566777
293.1		0.567118
293.2		0.567118
293.3		0.567118
293.4		0.567118
293.5		0.567118
293.6		0.567118
293.7		0.567118
293.8		0.567118
293.9		0.567118
294		0.567118
294.1		0.572242
294.2		0.572242
294.3		0.572242
294.4		0.572242
294.5		0.572242
294.6		0.572242
294.7		0.572242
294.8		0.572242
294.9		0.572242
295		0.572242
295.1		0.574747
295.2		0.574747
295.3		0.574747
295.4		0.574747
295.5		0.574747
295.6		0.574747
295.7		0.574747
295.8		0.574747
295.9		0.574747
296		0.574747
296.1		0.579073
296.2		0.579073
296.3		0.579073
296.4		0.579073
296.5		0.579073
296.6		0.579073
296.7		0.579073
296.8		0.579073
296.9		0.579073
297		0.579073
297.1		0.58192
297.2		0.58192
297.3		0.58192
297.4		0.58192
297.5		0.58192
297.6		0.58192
297.7		0.58192
297.8		0.58192
297.9		0.58192
298		0.58192
298.1		0.582489
298.2		0.582489
298.3		0.582489
298.4		0.582489
298.5		0.582489
298.6		0.582489
298.7		0.582489
298.8		0.582489
298.9		0.582489
299		0.582489
299.1		0.583741
299.2		0.583741
299.3		0.583741
299.4		0.583741
299.5		0.583741
299.6		0.583741
299.7		0.583741
299.8		0.583741
299.9		0.583741
300		0.583741
300.1		0.589662
300.2		0.589662
300.3		0.589662
300.4		0.589662
300.5		0.589662
300.6		0.589662
300.7		0.589662
300.8		0.589662
300.9		0.589662
301		0.589662
301.1		0.592394
301.2		0.592394
301.3		0.592394
301.4		0.592394
301.5		0.592394
301.6		0.592394
301.7		0.592394
301.8		0.592394
301.9		0.592394
302		0.592394
302.1		0.592964
302.2		0.592964
302.3		0.592964
302.4		0.592964
302.5		0.592964
302.6		0.592964
302.7		0.592964
302.8		0.592964
302.9		0.592964
303		0.592964
303.1		0.593761
303.2		0.593761
303.3		0.593761
303.4		0.593761
303.5		0.593761
303.6		0.593761
303.7		0.593761
303.8		0.593761
303.9		0.593761
304		0.593761
304.1		0.597973
304.2		0.597973
304.3		0.597973
304.4		0.597973
304.5		0.597973
304.6		0.597973
304.7		0.597973
304.8		0.597973
304.9		0.597973
305		0.597973
305.1		0.599226
305.2		0.599226
305.3		0.599226
305.4		0.599226
305.5		0.599226
305.6		0.599226
305.7		0.599226
305.8		0.599226
305.9		0.599226
306		0.599226
306.1		0.599567
306.2		0.599567
306.3		0.599567
306.4		0.599567
306.5		0.599567
306.6		0.599567
306.7		0.599567
306.8		0.599567
306.9		0.599567
307		0.599567
307.1		0.599909
307.2		0.599909
307.3		0.599909
307.4		0.599909
307.5		0.599909
307.6		0.599909
307.7		0.599909
307.8		0.599909
307.9		0.599909
308		0.599909
308.1		0.602414
308.2		0.602414
308.3		0.602414
308.4		0.602414
308.5		0.602414
308.6		0.602414
308.7		0.602414
308.8		0.602414
308.9		0.602414
309		0.602414
309.1		0.605829
309.2		0.605829
309.3		0.605829
309.4		0.605829
309.5		0.605829
309.6		0.605829
309.7		0.605829
309.8		0.605829
309.9		0.605829
310		0.605829
310.1		0.606285
310.2		0.606285
310.3		0.606285
310.4		0.606285
310.5		0.606285
310.6		0.606285
310.7		0.606285
310.8		0.606285
310.9		0.606285
311		0.606285
311.1		0.609928
311.2		0.609928
311.3		0.609928
311.4		0.609928
311.5		0.609928
311.6		0.609928
311.7		0.609928
311.8		0.609928
311.9		0.609928
312		0.609928
312.1		0.614141
312.2		0.614141
312.3		0.614141
312.4		0.614141
312.5		0.614141
312.6		0.614141
312.7		0.614141
312.8		0.614141
312.9		0.614141
313		0.614141
313.1		0.615052
313.2		0.615052
313.3		0.615052
313.4		0.615052
313.5		0.615052
313.6		0.615052
313.7		0.615052
313.8		0.615052
313.9		0.615052
314		0.615052
314.1		0.615735
314.2		0.615735
314.3		0.615735
314.4		0.615735
314.5		0.615735
314.6		0.615735
314.7		0.615735
314.8		0.615735
314.9		0.615735
315		0.615735
315.1		0.617101
315.2		0.617101
315.3		0.617101
315.4		0.617101
315.5		0.617101
315.6		0.617101
315.7		0.617101
315.8		0.617101
315.9		0.617101
316		0.617101
316.1		0.622225
316.2		0.622225
316.3		0.622225
316.4		0.622225
316.5		0.622225
316.6		0.622225
316.7		0.622225
316.8		0.622225
316.9		0.622225
317		0.622225
317.1		0.624046
317.2		0.624046
317.3		0.624046
317.4		0.624046
317.5		0.624046
317.6		0.624046
317.7		0.624046
317.8		0.624046
317.9		0.624046
318		0.624046
318.1		0.624274
318.2		0.624274
318.3		0.624274
318.4		0.624274
318.5		0.624274
318.6		0.624274
318.7		0.624274
318.8		0.624274
318.9		0.624274
319		0.624274
319.1		0.626893
319.2		0.626893
319.3		0.626893
319.4		0.626893
319.5		0.626893
319.6		0.626893
319.7		0.626893
319.8		0.626893
319.9		0.626893
320		0.626893
320.1		0.629512
320.2		0.629512
320.3		0.629512
320.4		0.629512
320.5		0.629512
320.6		0.629512
320.7		0.629512
320.8		0.629512
320.9		0.629512
321		0.629512
321.1		0.632016
321.2		0.632016
321.3		0.632016
321.4		0.632016
321.5		0.632016
321.6		0.632016
321.7		0.632016
321.8		0.632016
321.9		0.632016
322		0.632016
322.1		0.633383
322.2		0.633383
322.3		0.633383
322.4		0.633383
322.5		0.633383
322.6		0.633383
322.7		0.633383
322.8		0.633383
322.9		0.633383
323		0.633383
323.1		0.63418
323.2		0.63418
323.3		0.63418
323.4		0.63418
323.5		0.63418
323.6		0.63418
323.7		0.63418
323.8		0.63418
323.9		0.63418
324		0.63418
324.1		0.637709
324.2		0.637709
324.3		0.637709
324.4		0.637709
324.5		0.637709
324.6		0.637709
324.7		0.637709
324.8		0.637709
324.9		0.637709
325		0.637709
325.1		0.639189
325.2		0.639189
325.3		0.639189
325.4		0.639189
325.5		0.639189
325.6		0.639189
325.7		0.639189
325.8		0.639189
325.9		0.639189
326		0.639189
326.1		0.641466
326.2		0.641466
326.3		0.641466
326.4		0.641466
326.5		0.641466
326.6		0.641466
326.7		0.641466
326.8		0.641466
326.9		0.641466
327		0.641466
327.1		0.64511
327.2		0.64511
327.3		0.64511
327.4		0.64511
327.5		0.64511
327.6		0.64511
327.7		0.64511
327.8		0.64511
327.9		0.64511
328		0.64511
328.1		0.645338
328.2		0.645338
328.3		0.645338
328.4		0.645338
328.5		0.645338
328.6		0.645338
328.7		0.645338
328.8		0.645338
328.9		0.645338
329		0.645338
329.1		0.649095
329.2		0.649095
329.3		0.649095
329.4		0.649095
329.5		0.649095
329.6		0.649095
329.7		0.649095
329.8		0.649095
329.9		0.649095
330		0.649095
330.1		0.652397
330.2		0.652397
330.3		0.652397
330.4		0.652397
330.5		0.652397
330.6		0.652397
330.7		0.652397
330.8		0.652397
330.9		0.652397
331		0.652397
331.1		0.654218
331.2		0.654218
331.3		0.654218
331.4		0.654218
331.5		0.654218
331.6		0.654218
331.7		0.654218
331.8		0.654218
331.9		0.654218
332		0.654218
332.1		0.654674
332.2		0.654674
332.3		0.654674
332.4		0.654674
332.5		0.654674
332.6		0.654674
332.7		0.654674
332.8		0.654674
332.9		0.654674
333		0.654674
333.1		0.656382
333.2		0.656382
333.3		0.656382
333.4		0.656382
333.5		0.656382
333.6		0.656382
333.7		0.656382
333.8		0.656382
333.9		0.656382
334		0.656382
334.1		0.658317
334.2		0.658317
334.3		0.658317
334.4		0.658317
334.5		0.658317
334.6		0.658317
334.7		0.658317
334.8		0.658317
334.9		0.658317
335		0.658317
335.1		0.659342
335.2		0.659342
335.3		0.659342
335.4		0.659342
335.5		0.659342
335.6		0.659342
335.7		0.659342
335.8		0.659342
335.9		0.659342
336		0.659342
336.1		0.660708
336.2		0.660708
336.3		0.660708
336.4		0.660708
336.5		0.660708
336.6		0.660708
336.7		0.660708
336.8		0.660708
336.9		0.660708
337		0.660708
337.1		0.663099
337.2		0.663099
337.3		0.663099
337.4		0.663099
337.5		0.663099
337.6		0.663099
337.7		0.663099
337.8		0.663099
337.9		0.663099
338		0.663099
338.1		0.668564
338.2		0.668564
338.3		0.668564
338.4		0.668564
338.5		0.668564
338.6		0.668564
338.7		0.668564
338.8		0.668564
338.9		0.668564
339		0.668564
339.1		0.669475
339.2		0.669475
339.3		0.669475
339.4		0.669475
339.5		0.669475
339.6		0.669475
339.7		0.669475
339.8		0.669475
339.9		0.669475
340		0.669475
340.1		0.670272
340.2		0.670272
340.3		0.670272
340.4		0.670272
340.5		0.670272
340.6		0.670272
340.7		0.670272
340.8		0.670272
340.9		0.670272
341		0.670272
341.1		0.670955
341.2		0.670955
341.3		0.670955
341.4		0.670955
341.5		0.670955
341.6		0.670955
341.7		0.670955
341.8		0.670955
341.9		0.670955
342		0.670955
342.1		0.676307
342.2		0.676307
342.3		0.676307
342.4		0.676307
342.5		0.676307
342.6		0.676307
342.7		0.676307
342.8		0.676307
342.9		0.676307
343		0.676307
343.1		0.677445
343.2		0.677445
343.3		0.677445
343.4		0.677445
343.5		0.677445
343.6		0.677445
343.7		0.677445
343.8		0.677445
343.9		0.677445
344		0.677445
344.1		0.678356
344.2		0.678356
344.3		0.678356
344.4		0.678356
344.5		0.678356
344.6		0.678356
344.7		0.678356
344.8		0.678356
344.9		0.678356
345		0.678356
345.1		0.682113
345.2		0.682113
345.3		0.682113
345.4		0.682113
345.5		0.682113
345.6		0.682113
345.7		0.682113
345.8		0.682113
345.9		0.682113
346		0.682113
346.1		0.682341
346.2		0.682341
346.3		0.682341
346.4		0.682341
346.5		0.682341
346.6		0.682341
346.7		0.682341
346.8		0.682341
346.9		0.682341
347		0.682341
347.1		0.683593
347.2		0.683593
347.3		0.683593
347.4		0.683593
347.5		0.683593
347.6		0.683593
347.7		0.683593
347.8		0.683593
347.9		0.683593
348		0.683593
348.1		0.686212
348.2		0.686212
348.3		0.686212
348.4		0.686212
348.5		0.686212
348.6		0.686212
348.7		0.686212
348.8		0.686212
348.9		0.686212
349		0.686212
349.1		0.688489
349.2		0.688489
349.3		0.688489
349.4		0.688489
349.5		0.688489
349.6		0.688489
349.7		0.688489
349.8		0.688489
349.9		0.688489
350		0.688489
350.1		0.692019
350.2		0.692019
350.3		0.692019
350.4		0.692019
350.5		0.692019
350.6		0.692019
350.7		0.692019
350.8		0.692019
350.9		0.692019
351		0.692019
351.1		0.692474
351.2		0.692474
351.3		0.692474
351.4		0.692474
351.5		0.692474
351.6		0.692474
351.7		0.692474
351.8		0.692474
351.9		0.692474
352		0.692474
352.1		0.692702
352.2		0.692702
352.3		0.692702
352.4		0.692702
352.5		0.692702
352.6		0.692702
352.7		0.692702
352.8		0.692702
352.9		0.692702
353		0.692702
353.1		0.698395
353.2		0.698395
353.3		0.698395
353.4		0.698395
353.5		0.698395
353.6		0.698395
353.7		0.698395
353.8		0.698395
353.9		0.698395
354		0.698395
354.1		0.702493
354.2		0.702493
354.3		0.702493
354.4		0.702493
354.5		0.702493
354.6		0.702493
354.7		0.702493
354.8		0.702493
354.9		0.702493
355		0.702493
355.1		0.702607
355.2		0.702607
355.3		0.702607
355.4		0.702607
355.5		0.702607
355.6		0.702607
355.7		0.702607
355.8		0.702607
355.9		0.702607
356		0.702607
356.1		0.705112
356.2		0.705112
356.3		0.705112
356.4		0.705112
356.5		0.705112
356.6		0.705112
356.7		0.705112
356.8		0.705112
356.9		0.705112
357		0.705112
357.1		0.710577
357.2		0.710577
357.3		0.710577
357.4		0.710577
357.5		0.710577
357.6		0.710577
357.7		0.710577
357.8		0.710577
357.9		0.710577
358		0.710577
358.1		0.711374
358.2		0.711374
358.3		0.711374
358.4		0.711374
358.5		0.711374
358.6		0.711374
358.7		0.711374
358.8		0.711374
358.9		0.711374
359		0.711374
359.1		0.71183
359.2		0.71183
359.3		0.71183
359.4		0.71183
359.5		0.71183
359.6		0.71183
359.7		0.71183
359.8		0.71183
359.9		0.71183
360		0.71183
360.1		0.718661
360.2		0.718661
360.3		0.718661
360.4		0.718661
360.5		0.718661
360.6		0.718661
360.7		0.718661
360.8		0.718661
360.9		0.718661
361		0.718661
361.1		0.718775
361.2		0.718775
361.3		0.718775
361.4		0.718775
361.5		0.718775
361.6		0.718775
361.7		0.718775
361.8		0.718775
361.9		0.718775
362		0.718775
362.1		0.7198
362.2		0.7198
362.3		0.7198
362.4		0.7198
362.5		0.7198
362.6		0.7198
362.7		0.7198
362.8		0.7198
362.9		0.7198
363		0.7198
363.1		0.722077
363.2		0.722077
363.3		0.722077
363.4		0.722077
363.5		0.722077
363.6		0.722077
363.7		0.722077
363.8		0.722077
363.9		0.722077
364		0.722077
364.1		0.723671
364.2		0.723671
364.3		0.723671
364.4		0.723671
364.5		0.723671
364.6		0.723671
364.7		0.723671
364.8		0.723671
364.9		0.723671
365		0.723671
365.1		0.729364
365.2		0.729364
365.3		0.729364
365.4		0.729364
365.5		0.729364
365.6		0.729364
365.7		0.729364
365.8		0.729364
365.9		0.729364
366		0.729364
366.1		0.730388
366.2		0.730388
366.3		0.730388
366.4		0.730388
366.5		0.730388
366.6		0.730388
366.7		0.730388
366.8		0.730388
366.9		0.730388
367		0.730388
367.1		0.731982
367.2		0.731982
367.3		0.731982
367.4		0.731982
367.5		0.731982
367.6		0.731982
367.7		0.731982
367.8		0.731982
367.9		0.731982
368		0.731982
368.1		0.73221
368.2		0.73221
368.3		0.73221
368.4		0.73221
368.5		0.73221
368.6		0.73221
368.7		0.73221
368.8		0.73221
368.9		0.73221
369		0.73221
369.1		0.734829
369.2		0.734829
369.3		0.734829
369.4		0.734829
369.5		0.734829
369.6		0.734829
369.7		0.734829
369.8		0.734829
369.9		0.734829
370		0.734829
370.1		0.740066
370.2		0.740066
370.3		0.740066
370.4		0.740066
370.5		0.740066
370.6		0.740066
370.7		0.740066
370.8		0.740066
370.9		0.740066
371		0.740066
371.1		0.741774
371.2		0.741774
371.3		0.741774
371.4		0.741774
371.5		0.741774
371.6		0.741774
371.7		0.741774
371.8		0.741774
371.9		0.741774
372		0.741774
372.1		0.742229
372.2		0.742229
372.3		0.742229
372.4		0.742229
372.5		0.742229
372.6		0.742229
372.7		0.742229
372.8		0.742229
372.9		0.742229
373		0.742229
373.1		0.743596
373.2		0.743596
373.3		0.743596
373.4		0.743596
373.5		0.743596
373.6		0.743596
373.7		0.743596
373.8		0.743596
373.9		0.743596
374		0.743596
374.1		0.7461
374.2		0.7461
374.3		0.7461
374.4		0.7461
374.5		0.7461
374.6		0.7461
374.7		0.7461
374.8		0.7461
374.9		0.7461
375		0.7461
375.1		0.747581
375.2		0.747581
375.3		0.747581
375.4		0.747581
375.5		0.747581
375.6		0.747581
375.7		0.747581
375.8		0.747581
375.9		0.747581
376		0.747581
376.1		0.748719
376.2		0.748719
376.3		0.748719
376.4		0.748719
376.5		0.748719
376.6		0.748719
376.7		0.748719
376.8		0.748719
376.9		0.748719
377		0.748719
377.1		0.751224
377.2		0.751224
377.3		0.751224
377.4		0.751224
377.5		0.751224
377.6		0.751224
377.7		0.751224
377.8		0.751224
377.9		0.751224
378		0.751224
378.1		0.756006
378.2		0.756006
378.3		0.756006
378.4		0.756006
378.5		0.756006
378.6		0.756006
378.7		0.756006
378.8		0.756006
378.9		0.756006
379		0.756006
379.1		0.757031
379.2		0.757031
379.3		0.757031
379.4		0.757031
379.5		0.757031
379.6		0.757031
379.7		0.757031
379.8		0.757031
379.9		0.757031
380		0.757031
380.1		0.757144
380.2		0.757144
380.3		0.757144
380.4		0.757144
380.5		0.757144
380.6		0.757144
380.7		0.757144
380.8		0.757144
380.9		0.757144
381		0.757144
381.1		0.757486
381.2		0.757486
381.3		0.757486
381.4		0.757486
381.5		0.757486
381.6		0.757486
381.7		0.757486
381.8		0.757486
381.9		0.757486
382		0.757486
382.1		0.761016
382.2		0.761016
382.3		0.761016
382.4		0.761016
382.5		0.761016
382.6		0.761016
382.7		0.761016
382.8		0.761016
382.9		0.761016
383		0.761016
383.1		0.765911
383.2		0.765911
383.3		0.765911
383.4		0.765911
383.5		0.765911
383.6		0.765911
383.7		0.765911
383.8		0.765911
383.9		0.765911
384		0.765911
384.1		0.766367
384.2		0.766367
384.3		0.766367
384.4		0.766367
384.5		0.766367
384.6		0.766367
384.7		0.766367
384.8		0.766367
384.9		0.766367
385		0.766367
385.1		0.766595
385.2		0.766595
385.3		0.766595
385.4		0.766595
385.5		0.766595
385.6		0.766595
385.7		0.766595
385.8		0.766595
385.9		0.766595
386		0.766595
386.1		0.767847
386.2		0.767847
386.3		0.767847
386.4		0.767847
386.5		0.767847
386.6		0.767847
386.7		0.767847
386.8		0.767847
386.9		0.767847
387		0.767847
387.1		0.773768
387.2		0.773768
387.3		0.773768
387.4		0.773768
387.5		0.773768
387.6		0.773768
387.7		0.773768
387.8		0.773768
387.9		0.773768
388		0.773768
388.1		0.775475
388.2		0.775475
388.3		0.775475
388.4		0.775475
388.5		0.775475
388.6		0.775475
388.7		0.775475
388.8		0.775475
388.9		0.775475
389		0.775475
389.1		0.778094
389.2		0.778094
389.3		0.778094
389.4		0.778094
389.5		0.778094
389.6		0.778094
389.7		0.778094
389.8		0.778094
389.9		0.778094
390		0.778094
390.1		0.778436
390.2		0.778436
390.3		0.778436
390.4		0.778436
390.5		0.778436
390.6		0.778436
390.7		0.778436
390.8		0.778436
390.9		0.778436
391		0.778436
391.1		0.779005
391.2		0.779005
391.3		0.779005
391.4		0.779005
391.5		0.779005
391.6		0.779005
391.7		0.779005
391.8		0.779005
391.9		0.779005
392		0.779005
392.1		0.784356
392.2		0.784356
392.3		0.784356
392.4		0.784356
392.5		0.784356
392.6		0.784356
392.7		0.784356
392.8		0.784356
392.9		0.784356
393		0.784356
393.1		0.786975
393.2		0.786975
393.3		0.786975
393.4		0.786975
393.5		0.786975
393.6		0.786975
393.7		0.786975
393.8		0.786975
393.9		0.786975
394		0.786975
394.1		0.788227
394.2		0.788227
394.3		0.788227
394.4		0.788227
394.5		0.788227
394.6		0.788227
394.7		0.788227
394.8		0.788227
394.9		0.788227
395		0.788227
395.1		0.789594
395.2		0.789594
395.3		0.789594
395.4		0.789594
395.5		0.789594
395.6		0.789594
395.7		0.789594
395.8		0.789594
395.9		0.789594
396		0.789594
396.1		0.792326
396.2		0.792326
396.3		0.792326
396.4		0.792326
396.5		0.792326
396.6		0.792326
396.7		0.792326
396.8		0.792326
396.9		0.792326
397		0.792326
397.1		0.794375
397.2		0.794375
397.3		0.794375
397.4		0.794375
397.5		0.794375
397.6		0.794375
397.7		0.794375
397.8		0.794375
397.9		0.794375
398		0.794375
398.1		0.796766
398.2		0.796766
398.3		0.796766
398.4		0.796766
398.5		0.796766
398.6		0.796766
398.7		0.796766
398.8		0.796766
398.9		0.796766
399		0.796766
399.1		0.797336
399.2		0.797336
399.3		0.797336
399.4		0.797336
399.5		0.797336
399.6		0.797336
399.7		0.797336
399.8		0.797336
399.9		0.797336
400		0.797336
400.1		0.799271
400.2		0.799271
400.3		0.799271
400.4		0.799271
400.5		0.799271
400.6		0.799271
400.7		0.799271
400.8		0.799271
400.9		0.799271
401		0.799271
401.1		0.799954
401.2		0.799954
401.3		0.799954
401.4		0.799954
401.5		0.799954
401.6		0.799954
401.7		0.799954
401.8		0.799954
401.9		0.799954
402		0.799954
402.1		0.803712
402.2		0.803712
402.3		0.803712
402.4		0.803712
402.5		0.803712
402.6		0.803712
402.7		0.803712
402.8		0.803712
402.9		0.803712
403		0.803712
403.1		0.804964
403.2		0.804964
403.3		0.804964
403.4		0.804964
403.5		0.804964
403.6		0.804964
403.7		0.804964
403.8		0.804964
403.9		0.804964
404		0.804964
404.1		0.808152
404.2		0.808152
404.3		0.808152
404.4		0.808152
404.5		0.808152
404.6		0.808152
404.7		0.808152
404.8		0.808152
404.9		0.808152
405		0.808152
405.1		0.810771
405.2		0.810771
405.3		0.810771
405.4		0.810771
405.5		0.810771
405.6		0.810771
405.7		0.810771
405.8		0.810771
405.9		0.810771
406		0.810771
406.1		0.811682
406.2		0.811682
406.3		0.811682
406.4		0.811682
406.5		0.811682
406.6		0.811682
406.7		0.811682
406.8		0.811682
406.9		0.811682
407		0.811682
407.1		0.811796
407.2		0.811796
407.3		0.811796
407.4		0.811796
407.5		0.811796
407.6		0.811796
407.7		0.811796
407.8		0.811796
407.9		0.811796
408		0.811796
408.1		0.81282
408.2		0.81282
408.3		0.81282
408.4		0.81282
408.5		0.81282
408.6		0.81282
408.7		0.81282
408.8		0.81282
408.9		0.81282
409		0.81282
409.1		0.81783
409.2		0.81783
409.3		0.81783
409.4		0.81783
409.5		0.81783
409.6		0.81783
409.7		0.81783
409.8		0.81783
409.9		0.81783
410		0.81783
410.1		0.818058
410.2		0.818058
410.3		0.818058
410.4		0.818058
410.5		0.818058
410.6		0.818058
410.7		0.818058
410.8		0.818058
410.9		0.818058
411		0.818058
411.1		0.82227
411.2		0.82227
411.3		0.82227
411.4		0.82227
411.5		0.82227
411.6		0.82227
411.7		0.82227
411.8		0.82227
411.9		0.82227
412		0.82227
412.1		0.823978
412.2		0.823978
412.3		0.823978
412.4		0.823978
412.5		0.823978
412.6		0.823978
412.7		0.823978
412.8		0.823978
412.9		0.823978
413		0.823978
413.1		0.825686
413.2		0.825686
413.3		0.825686
413.4		0.825686
413.5		0.825686
413.6		0.825686
413.7		0.825686
413.8		0.825686
413.9		0.825686
414		0.825686
414.1		0.826483
414.2		0.826483
414.3		0.826483
414.4		0.826483
414.5		0.826483
414.6		0.826483
414.7		0.826483
414.8		0.826483
414.9		0.826483
415		0.826483
415.1		0.829102
415.2		0.829102
415.3		0.829102
415.4		0.829102
415.5		0.829102
415.6		0.829102
415.7		0.829102
415.8		0.829102
415.9		0.829102
416		0.829102
416.1		0.829216
416.2		0.829216
416.3		0.829216
416.4		0.829216
416.5		0.829216
416.6		0.829216
416.7		0.829216
416.8		0.829216
416.9		0.829216
417		0.829216
417.1		0.833087
417.2		0.833087
417.3		0.833087
417.4		0.833087
417.5		0.833087
417.6		0.833087
417.7		0.833087
417.8		0.833087
417.9		0.833087
418		0.833087
418.1		0.835478
418.2		0.835478
418.3		0.835478
418.4		0.835478
418.5		0.835478
418.6		0.835478
418.7		0.835478
418.8		0.835478
418.9		0.835478
419		0.835478
419.1		0.835705
419.2		0.835705
419.3		0.835705
419.4		0.835705
419.5		0.835705
419.6		0.835705
419.7		0.835705
419.8		0.835705
419.9		0.835705
420		0.835705
420.1		0.840715
420.2		0.840715
420.3		0.840715
420.4		0.840715
420.5		0.840715
420.6		0.840715
420.7		0.840715
420.8		0.840715
420.9		0.840715
421		0.840715
421.1		0.842537
421.2		0.842537
421.3		0.842537
421.4		0.842537
421.5		0.842537
421.6		0.842537
421.7		0.842537
421.8		0.842537
421.9		0.842537
422		0.842537
422.1		0.842878
422.2		0.842878
422.3		0.842878
422.4		0.842878
422.5		0.842878
422.6		0.842878
422.7		0.842878
422.8		0.842878
422.9		0.842878
423		0.842878
423.1		0.845383
423.2		0.845383
423.3		0.845383
423.4		0.845383
423.5		0.845383
423.6		0.845383
423.7		0.845383
423.8		0.845383
423.9		0.845383
424		0.845383
424.1		0.846294
424.2		0.846294
424.3		0.846294
424.4		0.846294
424.5		0.846294
424.6		0.846294
424.7		0.846294
424.8		0.846294
424.9		0.846294
425		0.846294
425.1		0.84823
425.2		0.84823
425.3		0.84823
425.4		0.84823
425.5		0.84823
425.6		0.84823
425.7		0.84823
425.8		0.84823
425.9		0.84823
426		0.84823
426.1		0.853695
426.2		0.853695
426.3		0.853695
426.4		0.853695
426.5		0.853695
426.6		0.853695
426.7		0.853695
426.8		0.853695
426.9		0.853695
427		0.853695
427.1		0.854036
427.2		0.854036
427.3		0.854036
427.4		0.854036
427.5		0.854036
427.6		0.854036
427.7		0.854036
427.8		0.854036
427.9		0.854036
428		0.854036
428.1		0.855289
428.2		0.855289
428.3		0.855289
428.4		0.855289
428.5		0.855289
428.6		0.855289
428.7		0.855289
428.8		0.855289
428.9		0.855289
429		0.855289
429.1		0.856199
429.2		0.856199
429.3		0.856199
429.4		0.856199
429.5		0.856199
429.6		0.856199
429.7		0.856199
429.8		0.856199
429.9		0.856199
430		0.856199
430.1		0.860526
430.2		0.860526
430.3		0.860526
430.4		0.860526
430.5		0.860526
430.6		0.860526
430.7		0.860526
430.8		0.860526
430.9		0.860526
431		0.860526
431.1		0.862348
431.2		0.862348
431.3		0.862348
431.4		0.862348
431.5		0.862348
431.6		0.862348
431.7		0.862348
431.8		0.862348
431.9		0.862348
432		0.862348
432.1		0.8636
432.2		0.8636
432.3		0.8636
432.4		0.8636
432.5		0.8636
432.6		0.8636
432.7		0.8636
432.8		0.8636
432.9		0.8636
433		0.8636
433.1		0.865877
433.2		0.865877
433.3		0.865877
433.4		0.865877
433.5		0.865877
433.6		0.865877
433.7		0.865877
433.8		0.865877
433.9		0.865877
434		0.865877
434.1		0.868838
434.2		0.868838
434.3		0.868838
434.4		0.868838
434.5		0.868838
434.6		0.868838
434.7		0.868838
434.8		0.868838
434.9		0.868838
435		0.868838
435.1		0.87009
435.2		0.87009
435.3		0.87009
435.4		0.87009
435.5		0.87009
435.6		0.87009
435.7		0.87009
435.8		0.87009
435.9		0.87009
436		0.87009
436.1		0.872139
436.2		0.872139
436.3		0.872139
436.4		0.872139
436.5		0.872139
436.6		0.872139
436.7		0.872139
436.8		0.872139
436.9		0.872139
437		0.872139
437.1		0.872253
437.2		0.872253
437.3		0.872253
437.4		0.872253
437.5		0.872253
437.6		0.872253
437.7		0.872253
437.8		0.872253
437.9		0.872253
438		0.872253
438.1		0.875783
438.2		0.875783
438.3		0.875783
438.4		0.875783
438.5		0.875783
438.6		0.875783
438.7		0.875783
438.8		0.875783
438.9		0.875783
439		0.875783
439.1		0.877377
439.2		0.877377
439.3		0.877377
439.4		0.877377
439.5		0.877377
439.6		0.877377
439.7		0.877377
439.8		0.877377
439.9		0.877377
440		0.877377
440.1		0.878174
440.2		0.878174
440.3		0.878174
440.4		0.878174
440.5		0.878174
440.6		0.878174
440.7		0.878174
440.8		0.878174
440.9		0.878174
441		0.878174
441.1		0.880223
441.2		0.880223
441.3		0.880223
441.4		0.880223
441.5		0.880223
441.6		0.880223
441.7		0.880223
441.8		0.880223
441.9		0.880223
442		0.880223
442.1		0.882956
442.2		0.882956
442.3		0.882956
442.4		0.882956
442.5		0.882956
442.6		0.882956
442.7		0.882956
442.8		0.882956
442.9		0.882956
443		0.882956
443.1		0.883411
443.2		0.883411
443.3		0.883411
443.4		0.883411
443.5		0.883411
443.6		0.883411
443.7		0.883411
443.8		0.883411
443.9		0.883411
444		0.883411
444.1		0.885461
444.2		0.885461
444.3		0.885461
444.4		0.885461
444.5		0.885461
444.6		0.885461
444.7		0.885461
444.8		0.885461
444.9		0.885461
445		0.885461
445.1		0.887738
445.2		0.887738
445.3		0.887738
445.4		0.887738
445.5		0.887738
445.6		0.887738
445.7		0.887738
445.8		0.887738
445.9		0.887738
446		0.887738
446.1		0.890926
446.2		0.890926
446.3		0.890926
446.4		0.890926
446.5		0.890926
446.6		0.890926
446.7		0.890926
446.8		0.890926
446.9		0.890926
447		0.890926
447.1		0.892406
447.2		0.892406
447.3		0.892406
447.4		0.892406
447.5		0.892406
447.6		0.892406
447.7		0.892406
447.8		0.892406
447.9		0.892406
448		0.892406
448.1		0.893658
448.2		0.893658
448.3		0.893658
448.4		0.893658
448.5		0.893658
448.6		0.893658
448.7		0.893658
448.8		0.893658
448.9		0.893658
449		0.893658
449.1		0.894569
449.2		0.894569
449.3		0.894569
449.4		0.894569
449.5		0.894569
449.6		0.894569
449.7		0.894569
449.8		0.894569
449.9		0.894569
450		0.894569
450.1		0.898212
450.2		0.898212
450.3		0.898212
450.4		0.898212
450.5		0.898212
450.6		0.898212
450.7		0.898212
450.8		0.898212
450.9		0.898212
451		0.898212
451.1		0.900831
451.2		0.900831
451.3		0.900831
451.4		0.900831
451.5		0.900831
451.6		0.900831
451.7		0.900831
451.8		0.900831
451.9		0.900831
452		0.900831
452.1		0.901514
452.2		0.901514
452.3		0.901514
452.4		0.901514
452.5		0.901514
452.6		0.901514
452.7		0.901514
452.8		0.901514
452.9		0.901514
453		0.901514
453.1		0.903108
453.2		0.903108
453.3		0.903108
453.4		0.903108
453.5		0.903108
453.6		0.903108
453.7		0.903108
453.8		0.903108
453.9		0.903108
454		0.903108
454.1		0.905272
454.2		0.905272
454.3		0.905272
454.4		0.905272
454.5		0.905272
454.6		0.905272
454.7		0.905272
454.8		0.905272
454.9		0.905272
455		0.905272
455.1		0.908232
455.2		0.908232
455.3		0.908232
455.4		0.908232
455.5		0.908232
455.6		0.908232
455.7		0.908232
455.8		0.908232
455.9		0.908232
456		0.908232
456.1		0.911648
456.2		0.911648
456.3		0.911648
456.4		0.911648
456.5		0.911648
456.6		0.911648
456.7		0.911648
456.8		0.911648
456.9		0.911648
457		0.911648
457.1		0.912103
457.2		0.912103
457.3		0.912103
457.4		0.912103
457.5		0.912103
457.6		0.912103
457.7		0.912103
457.8		0.912103
457.9		0.912103
458		0.912103
458.1		0.913697
458.2		0.913697
458.3		0.913697
458.4		0.913697
458.5		0.913697
458.6		0.913697
458.7		0.913697
458.8		0.913697
458.9		0.913697
459		0.913697
459.1		0.914038
459.2		0.914038
459.3		0.914038
459.4		0.914038
459.5		0.914038
459.6		0.914038
459.7		0.914038
459.8		0.914038
459.9		0.914038
460		0.914038
460.1		0.921895
460.2		0.921895
460.3		0.921895
460.4		0.921895
460.5		0.921895
460.6		0.921895
460.7		0.921895
460.8		0.921895
460.9		0.921895
461		0.921895
461.1		0.922122
461.2		0.922122
461.3		0.922122
461.4		0.922122
461.5		0.922122
461.6		0.922122
461.7		0.922122
461.8		0.922122
461.9		0.922122
462		0.922122
462.1		0.924399
462.2		0.924399
462.3		0.924399
462.4		0.924399
462.5		0.924399
462.6		0.924399
462.7		0.924399
462.8		0.924399
462.9		0.924399
463		0.924399
463.1		0.924969
463.2		0.924969
463.3		0.924969
463.4		0.924969
463.5		0.924969
463.6		0.924969
463.7		0.924969
463.8		0.924969
463.9		0.924969
464		0.924969
464.1		0.926221
464.2		0.926221
464.3		0.926221
464.4		0.926221
464.5		0.926221
464.6		0.926221
464.7		0.926221
464.8		0.926221
464.9		0.926221
465		0.926221
465.1		0.928157
465.2		0.928157
465.3		0.928157
465.4		0.928157
465.5		0.928157
465.6		0.928157
465.7		0.928157
465.8		0.928157
465.9		0.928157
466		0.928157
466.1		0.930434
466.2		0.930434
466.3		0.930434
466.4		0.930434
466.5		0.930434
466.6		0.930434
466.7		0.930434
466.8		0.930434
466.9		0.930434
467		0.930434
467.1		0.930775
467.2		0.930775
467.3		0.930775
467.4		0.930775
467.5		0.930775
467.6		0.930775
467.7		0.930775
467.8		0.930775
467.9		0.930775
468		0.930775
468.1		0.932369
468.2		0.932369
468.3		0.932369
468.4		0.932369
468.5		0.932369
468.6		0.932369
468.7		0.932369
468.8		0.932369
468.9		0.932369
469		0.932369
469.1		0.933849
469.2		0.933849
469.3		0.933849
469.4		0.933849
469.5		0.933849
469.6		0.933849
469.7		0.933849
469.8		0.933849
469.9		0.933849
470		0.933849
470.1		0.93476
470.2		0.93476
470.3		0.93476
470.4		0.93476
470.5		0.93476
470.6		0.93476
470.7		0.93476
470.8		0.93476
470.9		0.93476
471		0.93476
471.1		0.934988
471.2		0.934988
471.3		0.934988
471.4		0.934988
471.5		0.934988
471.6		0.934988
471.7		0.934988
471.8		0.934988
471.9		0.934988
472		0.934988
472.1		0.939542
472.2		0.939542
472.3		0.939542
472.4		0.939542
472.5		0.939542
472.6		0.939542
472.7		0.939542
472.8		0.939542
472.9		0.939542
473		0.939542
473.1		0.941933
473.2		0.941933
473.3		0.941933
473.4		0.941933
473.5		0.941933
473.6		0.941933
473.7		0.941933
473.8		0.941933
473.9		0.941933
474		0.941933
474.1		0.943527
474.2		0.943527
474.3		0.943527
474.4		0.943527
474.5		0.943527
474.6		0.943527
474.7		0.943527
474.8		0.943527
474.9		0.943527
475		0.943527
475.1		0.945691
475.2		0.945691
475.3		0.945691
475.4		0.945691
475.5		0.945691
475.6		0.945691
475.7		0.945691
475.8		0.945691
475.9		0.945691
476		0.945691
476.1		0.946374
476.2		0.946374
476.3		0.946374
476.4		0.946374
476.5		0.946374
476.6		0.946374
476.7		0.946374
476.8		0.946374
476.9		0.946374
477		0.946374
477.1		0.952522
477.2		0.952522
477.3		0.952522
477.4		0.952522
477.5		0.952522
477.6		0.952522
477.7		0.952522
477.8		0.952522
477.9		0.952522
478		0.952522
478.1		0.952863
478.2		0.952863
478.3		0.952863
478.4		0.952863
478.5		0.952863
478.6		0.952863
478.7		0.952863
478.8		0.952863
478.9		0.952863
479		0.952863
479.1		0.953888
479.2		0.953888
479.3		0.953888
479.4		0.953888
479.5		0.953888
479.6		0.953888
479.7		0.953888
479.8		0.953888
479.9		0.953888
480		0.953888
480.1		0.95423
480.2		0.95423
480.3		0.95423
480.4		0.95423
480.5		0.95423
480.6		0.95423
480.7		0.95423
480.8		0.95423
480.9		0.95423
481		0.95423
481.1		0.954344
481.2		0.954344
481.3		0.954344
481.4		0.954344
481.5		0.954344
481.6		0.954344
481.7		0.954344
481.8		0.954344
481.9		0.954344
482		0.954344
482.1		0.959239
482.2		0.959239
482.3		0.959239
482.4		0.959239
482.5		0.959239
482.6		0.959239
482.7		0.959239
482.8		0.959239
482.9		0.959239
483		0.959239
483.1		0.961289
483.2		0.961289
483.3		0.961289
483.4		0.961289
483.5		0.961289
483.6		0.961289
483.7		0.961289
483.8		0.961289
483.9		0.961289
484		0.961289
484.1		0.962997
484.2		0.962997
484.3		0.962997
484.4		0.962997
484.5		0.962997
484.6		0.962997
484.7		0.962997
484.8		0.962997
484.9		0.962997
485		0.962997
485.1		0.964249
485.2		0.964249
485.3		0.964249
485.4		0.964249
485.5		0.964249
485.6		0.964249
485.7		0.964249
485.8		0.964249
485.9		0.964249
486		0.964249
486.1		0.967096
486.2		0.967096
486.3		0.967096
486.4		0.967096
486.5		0.967096
486.6		0.967096
486.7		0.967096
486.8		0.967096
486.9		0.967096
487		0.967096
487.1		0.967437
487.2		0.967437
487.3		0.967437
487.4		0.967437
487.5		0.967437
487.6		0.967437
487.7		0.967437
487.8		0.967437
487.9		0.967437
488		0.967437
488.1		0.970739
488.2		0.970739
488.3		0.970739
488.4		0.970739
488.5		0.970739
488.6		0.970739
488.7		0.970739
488.8		0.970739
488.9		0.970739
489		0.970739
489.1		0.973585
489.2		0.973585
489.3		0.973585
489.4		0.973585
489.5		0.973585
489.6		0.973585
489.7		0.973585
489.8		0.973585
489.9		0.973585
490		0.973585
490.1		0.97461
490.2		0.97461
490.3		0.97461
490.4		0.97461
490.5		0.97461
490.6		0.97461
490.7		0.97461
490.8		0.97461
490.9		0.97461
491		0.97461
491.1		0.977001
491.2		0.977001
491.3		0.977001
491.4		0.977001
491.5		0.977001
491.6		0.977001
491.7		0.977001
491.8		0.977001
491.9		0.977001
492		0.977001
492.1		0.978481
492.2		0.978481
492.3		0.978481
492.4		0.978481
492.5		0.978481
492.6		0.978481
492.7		0.978481
492.8		0.978481
492.9		0.978481
493		0.978481
493.1		0.979392
493.2		0.979392
493.3		0.979392
493.4		0.979392
493.5		0.979392
493.6		0.979392
493.7		0.979392
493.8		0.979392
493.9		0.979392
494		0.979392
494.1		0.985199
494.2		0.985199
494.3		0.985199
494.4		0.985199
494.5		0.985199
494.6		0.985199
494.7		0.985199
494.8		0.985199
494.9		0.985199
495		0.985199
495.1		0.987704
495.2		0.987704
495.3		0.987704
495.4		0.987704
495.5		0.987704
495.6		0.987704
495.7		0.987704
495.8		0.987704
495.9		0.987704
496		0.987704
496.1		0.987931
496.2		0.987931
496.3		0.987931
496.4		0.987931
496.5		0.987931
496.6		0.987931
496.7		0.987931
496.8		0.987931
496.9		0.987931
497		0.987931
497.1		0.989525
497.2		0.989525
497.3		0.989525
497.4		0.989525
497.5		0.989525
497.6		0.989525
497.7		0.989525
497.8		0.989525
497.9		0.989525
498		0.989525
498.1		0.995332
498.2		0.995332
498.3		0.995332
498.4		0.995332
498.5		0.995332
498.6		0.995332
498.7		0.995332
498.8		0.995332
498.9		0.995332
499		0.995332
499.1		0.996926
499.2		0.996926
499.3		0.996926
499.4		0.996926
499.5		0.996926
499.6		0.996926
499.7		0.996926
499.8		0.996926
499.9		0.996926
500		0.996926
500.1		0.998178
500.2		0.998178
500.3		0.998178
500.4		0.998178
500.5		0.998178
500.6		0.998178
500.7		0.998178
500.8		0.998178
500.9		0.998178
501		0.998178
501.1		0.998975
501.2		0.998975
501.3		0.998975
501.4		0.998975
501.5		0.998975
501.6		0.998975
501.7		0.998975
501.8		0.998975
501.9		0.998975
502		0.998975
502.1		1
502.2		1
502.3		1
502.4		1
502.5		1
502.6		1
502.7		1
502.8		1
502.9		1
503		1
503.1		1
503.2		1
503.3		1
503.4		1
503.5		1
503.6		1
503.7		1
503.8		1
503.9		1
504		1
504.1		1
504.2		1
504.3		1
504.4		1
504.5		1
504.6		1
504.7		1
504.8		1
504.9		1
505		1
505.1		1
505.2		1
505.3		1
505.4		1
505.5		1
505.6		1
505.7		1
505.8		1
505.9		1
506		1
506.1		1
506.2		1
506.3		1
506.4		1
506.5		1
506.6		1
506.7		1
506.8		1
506.9		1
507		1
507.1		1
507.2		1
507.3		1
507.4		1
507.5		1
507.6		1
507.7		1
507.8		1
507.9		1
508		1
508.1		1
508.2		1
508.3		1
508.4		1
508.5		1
508.6		1
508.7		1
508.8		1
508.9		1
509		1
509.1		1
509.2		1
509.3		1
509.4		1
509.5		1
509.6		1
509.7		1
509.8		1
509.9		1
510		1
510.1		1
510.2		1
510.3		1
510.4		1
510.5		1
510.6		1
510.7		1
510.8		1
510.9		1
511		1
511.1		1
511.2		1
511.3		1
511.4		1
511.5		1
511.6		1
511.7		1
511.8		1
511.9		1
512		1
512.1		1
512.2		1
512.3		1
512.4		1
512.5		1
512.6		1
512.7		1
512.8		1
512.9		1
513		1
513.1		1
513.2		1
513.3		1
513.4		1
513.5		1
513.6		1
513.7		1
513.8		1
513.9		1
514		1
514.1		1
514.2		1
514.3		1
514.4		1
514.5		1
514.6		1
514.7		1
514.8		1
514.9		1
515		1
515.1		1
515.2		1
515.3		1
515.4		1
515.5		1
515.6		1
515.7		1
515.8		1
515.9		1
516		1
516.1		1
516.2		1
516.3		1
516.4		1
516.5		1
516.6		1
516.7		1
516.8		1
516.9		1
517		1
517.1		1
517.2		1
517.3		1
517.4		1
517.5		1
517.6		1
517.7		1
517.8		1
517.9		1
518		1
518.1		1
518.2		1
518.3		1
518.4		1
518.5		1
518.6		1
518.7		1
518.8		1
518.9		1
519		1
519.1		1
519.2		1
519.3		1
519.4		1
519.5		1
519.6		1
519.7		1
519.8		1
519.9		1
520		1
520.1		1
520.2		1
520.3		1
520.4		1
520.5		1
520.6		1
520.7		1
520.8		1
520.9		1
521		1
521.1		1
521.2		1
521.3		1
521.4		1
521.5		1
521.6		1
521.7		1
521.8		1
521.9		1
522		1
522.1		1
522.2		1
522.3		1
522.4		1
522.5		1
522.6		1
522.7		1
522.8		1
522.9		1
523		1
523.1		1
523.2		1
523.3		1
523.4		1
523.5		1
523.6		1
523.7		1
523.8		1
523.9		1
524		1
524.1		1
524.2		1
524.3		1
524.4		1
524.5		1
524.6		1
524.7		1
524.8		1
524.9		1
525		1
525.1		1
525.2		1
525.3		1
525.4		1
525.5		1
525.6		1
525.7		1
525.8		1
525.9		1
526		1
526.1		1
526.2		1
526.3		1
526.4		1
526.5		1
526.6		1
526.7		1
526.8		1
526.9		1
527		1
527.1		1
527.2		1
527.3		1
527.4		1
527.5		1
527.6		1
527.7		1
527.8		1
527.9		1
528		1
528.1		1
528.2		1
528.3		1
528.4		1
528.5		1
528.6		1
528.7		1
528.8		1
528.9		1
529		1
529.1		1
529.2		1
529.3		1
529.4		1
529.5		1
529.6		1
529.7		1
529.8		1
529.9		1
530		1
530.1		1
530.2		1
530.3		1
530.4		1
530.5		1
530.6		1
530.7		1
530.8		1
530.9		1
531		1
531.1		1
531.2		1
531.3		1
531.4		1
531.5		1
531.6		1
531.7		1
531.8		1
531.9		1
532		1
532.1		1
532.2		1
532.3		1
532.4		1
532.5		1
532.6		1
532.7		1
532.8		1
532.9		1
533		1
533.1		1
533.2		1
533.3		1
533.4		1
533.5		1
533.6		1
533.7		1
533.8		1
533.9		1
534		1
534.1		1
534.2		1
534.3		1
534.4		1
534.5		1
534.6		1
534.7		1
534.8		1
534.9		1
535		1
535.1		1
535.2		1
535.3		1
535.4		1
535.5		1
535.6		1
535.7		1
535.8		1
535.9		1
536		1
536.1		1
536.2		1
536.3		1
536.4		1
536.5		1
536.6		1
536.7		1
536.8		1
536.9		1
537		1
537.1		1
537.2		1
537.3		1
537.4		1
537.5		1
537.6		1
537.7		1
537.8		1
537.9		1
538		1
538.1		1
538.2		1
538.3		1
538.4		1
538.5		1
538.6		1
538.7		1
538.8		1
538.9		1
539		1
539.1		1
539.2		1
539.3		1
539.4		1
539.5		1
539.6		1
539.7		1
539.8		1
539.9		1
540		1
540.1		1
540.2		1
540.3		1
540.4		1
540.5		1
540.6		1
540.7		1
540.8		1
540.9		1
541		1
541.1		1
541.2		1
541.3		1
541.4		1
541.5		1
541.6		1
541.7		1
541.8		1
541.9		1
542		1
542.1		1
542.2		1
542.3		1
542.4		1
542.5		1
542.6		1
542.7		1
542.8		1
542.9		1
543		1
543.1		1
543.2		1
543.3		1
543.4		1
543.5		1
543.6		1
543.7		1
543.8		1
543.9		1
544		1
544.1		1
544.2		1
544.3		1
544.4		1
544.5		1
544.6		1
544.7		1
544.8		1
544.9		1
545		1
545.1		1
545.2		1
545.3		1
545.4		1
545.5		1
545.6		1
545.7		1
545.8		1
545.9		1
546		1
546.1		1
546.2		1
546.3		1
546.4		1
546.5		1
546.6		1
546.7		1
546.8		1
546.9		1
547		1
547.1		1
547.2		1
547.3		1
547.4		1
547.5		1
547.6		1
547.7		1
547.8		1
547.9		1
548		1
548.1		1
548.2		1
548.3		1
548.4		1
548.5		1
548.6		1
548.7		1
548.8		1
548.9		1
549		1
549.1		1
549.2		1
549.3		1
549.4		1
549.5		1
549.6		1
549.7		1
549.8		1
549.9		1
550		1
550.1		1
550.2		1
550.3		1
550.4		1
550.5		1
550.6		1
550.7		1
550.8		1
550.9		1
551		1
551.1		1
551.2		1
551.3		1
551.4		1
551.5		1
551.6		1
551.7		1
551.8		1
551.9		1
552		1
552.1		1
552.2		1
552.3		1
552.4		1
552.5		1
552.6		1
552.7		1
552.8		1
552.9		1
553		1
553.1		1
553.2		1
553.3		1
553.4		1
553.5		1
553.6		1
553.7		1
553.8		1
553.9		1
554		1
554.1		1
554.2		1
554.3		1
554.4		1
554.5		1
554.6		1
554.7		1
554.8		1
554.9		1
555		1
555.1		1
555.2		1
555.3		1
555.4		1
555.5		1
555.6		1
555.7		1
555.8		1
555.9		1
556		1
556.1		1
556.2		1
556.3		1
556.4		1
556.5		1
556.6		1
556.7		1
556.8		1
556.9		1
557		1
557.1		1
557.2		1
557.3		1
557.4		1
557.5		1
557.6		1
557.7		1
557.8		1
557.9		1
558		1
558.1		1
558.2		1
558.3		1
558.4		1
558.5		1
558.6		1
558.7		1
558.8		1
558.9		1
559		1
559.1		1
559.2		1
559.3		1
559.4		1
559.5		1
559.6		1
559.7		1
559.8		1
559.9		1
560		1
560.1		1
560.2		1
560.3		1
560.4		1
560.5		1
560.6		1
560.7		1
560.8		1
560.9		1
561		1
561.1		1
561.2		1
561.3		1
561.4		1
561.5		1
561.6		1
561.7		1
561.8		1
561.9		1
562		1
562.1		1
562.2		1
562.3		1
562.4		1
562.5		1
562.6		1
562.7		1
562.8		1
562.9		1
563		1
563.1		1
563.2		1
563.3		1
563.4		1
563.5		1
563.6		1
563.7		1
563.8		1
563.9		1
564		1
564.1		1
564.2		1
564.3		1
564.4		1
564.5		1
564.6		1
564.7		1
564.8		1
564.9		1
565		1
565.1		1
565.2		1
565.3		1
565.4		1
565.5		1
565.6		1
565.7		1
565.8		1
565.9		1
566		1
566.1		1
566.2		1
566.3		1
566.4		1
566.5		1
566.6		1
566.7		1
566.8		1
566.9		1
567		1
567.1		1
567.2		1
567.3		1
567.4		1
567.5		1
567.6		1
567.7		1
567.8		1
567.9		1
568		1
568.1		1
568.2		1
568.3		1
568.4		1
568.5		1
568.6		1
568.7		1
568.8		1
568.9		1
569		1
569.1		1
569.2		1
569.3		1
569.4		1
569.5		1
569.6		1
569.7		1
569.8		1
569.9		1
570		1
570.1		1
570.2		1
570.3		1
570.4		1
570.5		1
570.6		1
570.7		1
570.8		1
570.9		1
571		1
571.1		1
571.2		1
571.3		1
571.4		1
571.5		1
571.6		1
571.7		1
571.8		1
571.9		1
572		1
572.1		1
572.2		1
572.3		1
572.4		1
572.5		1
572.6		1
572.7		1
572.8		1
572.9		1
573		1
573.1		1
573.2		1
573.3		1
573.4		1
573.5		1
573.6		1
573.7		1
573.8		1
573.9		1
574		1
574.1		1
574.2		1
574.3		1
574.4		1
574.5		1
574.6		1
574.7		1
574.8		1
574.9		1
575		1
575.1		1
575.2		1
575.3		1
575.4		1
575.5		1
575.6		1
575.7		1
575.8		1
575.9		1
576		1
576.1		1
576.2		1
576.3		1
576.4		1
576.5		1
576.6		1
576.7		1
576.8		1
576.9		1
577		1
577.1		1
577.2		1
577.3		1
577.4		1
577.5		1
577.6		1
577.7		1
577.8		1
577.9		1
578		1
578.1		1
578.2		1
578.3		1
578.4		1
578.5		1
578.6		1
578.7		1
578.8		1
578.9		1
579		1
579.1		1
579.2		1
579.3		1
579.4		1
579.5		1
579.6		1
579.7		1
579.8		1
579.9		1
580		1
580.1		1
580.2		1
580.3		1
580.4		1
580.5		1
580.6		1
580.7		1
580.8		1
580.9		1
581		1
581.1		1
581.2		1
581.3		1
581.4		1
581.5		1
581.6		1
581.7		1
581.8		1
581.9		1
582		1
582.1		1
582.2		1
582.3		1
582.4		1
582.5		1
582.6		1
582.7		1
582.8		1
582.9		1
583		1
583.1		1
583.2		1
583.3		1
583.4		1
583.5		1
583.6		1
583.7		1
583.8		1
583.9		1
584		1
584.1		1
584.2		1
584.3		1
584.4		1
584.5		1
584.6		1
584.7		1
584.8		1
584.9		1
585		1
585.1		1
585.2		1
585.3		1
585.4		1
585.5		1
585.6		1
585.7		1
585.8		1
585.9		1
586		1
586.1		1
586.2		1
586.3		1
586.4		1
586.5		1
586.6		1
586.7		1
586.8		1
586.9		1
587		1
587.1		1
587.2		1
587.3		1
587.4		1
587.5		1
587.6		1
587.7		1
587.8		1
587.9		1
588		1
588.1		1
588.2		1
588.3		1
588.4		1
588.5		1
588.6		1
588.7		1
588.8		1
588.9		1
589		1
589.1		1
589.2		1
589.3		1
589.4		1
589.5		1
589.6		1
589.7		1
589.8		1
589.9		1
590		1
590.1		1
590.2		1
590.3		1
590.4		1
590.5		1
590.6		1
590.7		1
590.8		1
590.9		1
591		1
591.1		1
591.2		1
591.3		1
591.4		1
591.5		1
591.6		1
591.7		1
591.8		1
591.9		1
592		1
592.1		1
592.2		1
592.3		1
592.4		1
592.5		1
592.6		1
592.7		1
592.8		1
592.9		1
593		1
593.1		1
593.2		1
593.3		1
593.4		1
593.5		1
593.6		1
593.7		1
593.8		1
593.9		1
594		1
594.1		1
594.2		1
594.3		1
594.4		1
594.5		1
594.6		1
594.7		1
594.8		1
594.9		1
595		1
595.1		1
595.2		1
595.3		1
595.4		1
595.5		1
595.6		1
595.7		1
595.8		1
595.9		1
596		1
596.1		1
596.2		1
596.3		1
596.4		1
596.5		1
596.6		1
596.7		1
596.8		1
596.9		1
597		1
597.1		1
597.2		1
597.3		1
597.4		1
597.5		1
597.6		1
597.7		1
597.8		1
597.9		1
598		1
598.1		1
598.2		1
598.3		1
598.4		1
598.5		1
598.6		1
598.7		1
598.8		1
598.9		1
599		1
599.1		1
599.2		1
599.3		1
599.4		1
599.5		1
599.6		1
599.7		1
599.8		1
599.9		1
600		1
