# Calibration file of tamex_id 1 @ channel 7
# fine_T bin		 Calibration value
0.1		0
0.2		0
0.3		0
0.4		0
0.5		0
0.6		0
0.7		0
0.8		0
0.9		0
1		0
1.1		0
1.2		0
1.3		0
1.4		0
1.5		0
1.6		0
1.7		0
1.8		0
1.9		0
2		0
2.1		0
2.2		0
2.3		0
2.4		0
2.5		0
2.6		0
2.7		0
2.8		0
2.9		0
3		0
3.1		0
3.2		0
3.3		0
3.4		0
3.5		0
3.6		0
3.7		0
3.8		0
3.9		0
4		0
4.1		0
4.2		0
4.3		0
4.4		0
4.5		0
4.6		0
4.7		0
4.8		0
4.9		0
5		0
5.1		0
5.2		0
5.3		0
5.4		0
5.5		0
5.6		0
5.7		0
5.8		0
5.9		0
6		0
6.1		0
6.2		0
6.3		0
6.4		0
6.5		0
6.6		0
6.7		0
6.8		0
6.9		0
7		0
7.1		0
7.2		0
7.3		0
7.4		0
7.5		0
7.6		0
7.7		0
7.8		0
7.9		0
8		0
8.1		0
8.2		0
8.3		0
8.4		0
8.5		0
8.6		0
8.7		0
8.8		0
8.9		0
9		0
9.1		0
9.2		0
9.3		0
9.4		0
9.5		0
9.6		0
9.7		0
9.8		0
9.9		0
10		0
10.1		0
10.2		0
10.3		0
10.4		0
10.5		0
10.6		0
10.7		0
10.8		0
10.9		0
11		0
11.1		0
11.2		0
11.3		0
11.4		0
11.5		0
11.6		0
11.7		0
11.8		0
11.9		0
12		0
12.1		0
12.2		0
12.3		0
12.4		0
12.5		0
12.6		0
12.7		0
12.8		0
12.9		0
13		0
13.1		0
13.2		0
13.3		0
13.4		0
13.5		0
13.6		0
13.7		0
13.8		0
13.9		0
14		0
14.1		0
14.2		0
14.3		0
14.4		0
14.5		0
14.6		0
14.7		0
14.8		0
14.9		0
15		0
15.1		0
15.2		0
15.3		0
15.4		0
15.5		0
15.6		0
15.7		0
15.8		0
15.9		0
16		0
16.1		0
16.2		0
16.3		0
16.4		0
16.5		0
16.6		0
16.7		0
16.8		0
16.9		0
17		0
17.1		0.00579524
17.2		0.00579524
17.3		0.00579524
17.4		0.00579524
17.5		0.00579524
17.6		0.00579524
17.7		0.00579524
17.8		0.00579524
17.9		0.00579524
18		0.00579524
18.1		0.00748551
18.2		0.00748551
18.3		0.00748551
18.4		0.00748551
18.5		0.00748551
18.6		0.00748551
18.7		0.00748551
18.8		0.00748551
18.9		0.00748551
19		0.00748551
19.1		0.00921603
19.2		0.00921603
19.3		0.00921603
19.4		0.00921603
19.5		0.00921603
19.6		0.00921603
19.7		0.00921603
19.8		0.00921603
19.9		0.00921603
20		0.00921603
20.1		0.0145283
20.2		0.0145283
20.3		0.0145283
20.4		0.0145283
20.5		0.0145283
20.6		0.0145283
20.7		0.0145283
20.8		0.0145283
20.9		0.0145283
21		0.0145283
21.1		0.0153332
21.2		0.0153332
21.3		0.0153332
21.4		0.0153332
21.5		0.0153332
21.6		0.0153332
21.7		0.0153332
21.8		0.0153332
21.9		0.0153332
22		0.0153332
22.1		0.017265
22.2		0.017265
22.3		0.017265
22.4		0.017265
22.5		0.017265
22.6		0.017265
22.7		0.017265
22.8		0.017265
22.9		0.017265
23		0.017265
23.1		0.0176272
23.2		0.0176272
23.3		0.0176272
23.4		0.0176272
23.5		0.0176272
23.6		0.0176272
23.7		0.0176272
23.8		0.0176272
23.9		0.0176272
24		0.0176272
24.1		0.0180699
24.2		0.0180699
24.3		0.0180699
24.4		0.0180699
24.5		0.0180699
24.6		0.0180699
24.7		0.0180699
24.8		0.0180699
24.9		0.0180699
25		0.0180699
25.1		0.0211687
25.2		0.0211687
25.3		0.0211687
25.4		0.0211687
25.5		0.0211687
25.6		0.0211687
25.7		0.0211687
25.8		0.0211687
25.9		0.0211687
26		0.0211687
26.1		0.0231809
26.2		0.0231809
26.3		0.0231809
26.4		0.0231809
26.5		0.0231809
26.6		0.0231809
26.7		0.0231809
26.8		0.0231809
26.9		0.0231809
27		0.0231809
27.1		0.0244285
27.2		0.0244285
27.3		0.0244285
27.4		0.0244285
27.5		0.0244285
27.6		0.0244285
27.7		0.0244285
27.8		0.0244285
27.9		0.0244285
28		0.0244285
28.1		0.02632
28.2		0.02632
28.3		0.02632
28.4		0.02632
28.5		0.02632
28.6		0.02632
28.7		0.02632
28.8		0.02632
28.9		0.02632
29		0.02632
29.1		0.0276481
29.2		0.0276481
29.3		0.0276481
29.4		0.0276481
29.5		0.0276481
29.6		0.0276481
29.7		0.0276481
29.8		0.0276481
29.9		0.0276481
30		0.0276481
30.1		0.030425
30.2		0.030425
30.3		0.030425
30.4		0.030425
30.5		0.030425
30.6		0.030425
30.7		0.030425
30.8		0.030425
30.9		0.030425
31		0.030425
31.1		0.0315116
31.2		0.0315116
31.3		0.0315116
31.4		0.0315116
31.5		0.0315116
31.6		0.0315116
31.7		0.0315116
31.8		0.0315116
31.9		0.0315116
32		0.0315116
32.1		0.0316726
32.2		0.0316726
32.3		0.0316726
32.4		0.0316726
32.5		0.0316726
32.6		0.0316726
32.7		0.0316726
32.8		0.0316726
32.9		0.0316726
33		0.0316726
33.1		0.0354556
33.2		0.0354556
33.3		0.0354556
33.4		0.0354556
33.5		0.0354556
33.6		0.0354556
33.7		0.0354556
33.8		0.0354556
33.9		0.0354556
34		0.0354556
34.1		0.039963
34.2		0.039963
34.3		0.039963
34.4		0.039963
34.5		0.039963
34.6		0.039963
34.7		0.039963
34.8		0.039963
34.9		0.039963
35		0.039963
35.1		0.0413313
35.2		0.0413313
35.3		0.0413313
35.4		0.0413313
35.5		0.0413313
35.6		0.0413313
35.7		0.0413313
35.8		0.0413313
35.9		0.0413313
36		0.0413313
36.1		0.0420959
36.2		0.0420959
36.3		0.0420959
36.4		0.0420959
36.5		0.0420959
36.6		0.0420959
36.7		0.0420959
36.8		0.0420959
36.9		0.0420959
37		0.0420959
37.1		0.0429813
37.2		0.0429813
37.3		0.0429813
37.4		0.0429813
37.5		0.0429813
37.6		0.0429813
37.7		0.0429813
37.8		0.0429813
37.9		0.0429813
38		0.0429813
38.1		0.0486156
38.2		0.0486156
38.3		0.0486156
38.4		0.0486156
38.5		0.0486156
38.6		0.0486156
38.7		0.0486156
38.8		0.0486156
38.9		0.0486156
39		0.0486156
39.1		0.0496619
39.2		0.0496619
39.3		0.0496619
39.4		0.0496619
39.5		0.0496619
39.6		0.0496619
39.7		0.0496619
39.8		0.0496619
39.9		0.0496619
40		0.0496619
40.1		0.0498632
40.2		0.0498632
40.3		0.0498632
40.4		0.0498632
40.5		0.0498632
40.6		0.0498632
40.7		0.0498632
40.8		0.0498632
40.9		0.0498632
41		0.0498632
41.1		0.0536864
41.2		0.0536864
41.3		0.0536864
41.4		0.0536864
41.5		0.0536864
41.6		0.0536864
41.7		0.0536864
41.8		0.0536864
41.9		0.0536864
42		0.0536864
42.1		0.0543303
42.2		0.0543303
42.3		0.0543303
42.4		0.0543303
42.5		0.0543303
42.6		0.0543303
42.7		0.0543303
42.8		0.0543303
42.9		0.0543303
43		0.0543303
43.1		0.0574694
43.2		0.0574694
43.3		0.0574694
43.4		0.0574694
43.5		0.0574694
43.6		0.0574694
43.7		0.0574694
43.8		0.0574694
43.9		0.0574694
44		0.0574694
44.1		0.0596024
44.2		0.0596024
44.3		0.0596024
44.4		0.0596024
44.5		0.0596024
44.6		0.0596024
44.7		0.0596024
44.8		0.0596024
44.9		0.0596024
45		0.0596024
45.1		0.0611719
45.2		0.0611719
45.3		0.0611719
45.4		0.0611719
45.5		0.0611719
45.6		0.0611719
45.7		0.0611719
45.8		0.0611719
45.9		0.0611719
46		0.0611719
46.1		0.0642708
46.2		0.0642708
46.3		0.0642708
46.4		0.0642708
46.5		0.0642708
46.6		0.0642708
46.7		0.0642708
46.8		0.0642708
46.9		0.0642708
47		0.0642708
47.1		0.0644317
47.2		0.0644317
47.3		0.0644317
47.4		0.0644317
47.5		0.0644317
47.6		0.0644317
47.7		0.0644317
47.8		0.0644317
47.9		0.0644317
48		0.0644317
48.1		0.0655184
48.2		0.0655184
48.3		0.0655184
48.4		0.0655184
48.5		0.0655184
48.6		0.0655184
48.7		0.0655184
48.8		0.0655184
48.9		0.0655184
49		0.0655184
49.1		0.0695026
49.2		0.0695026
49.3		0.0695026
49.4		0.0695026
49.5		0.0695026
49.6		0.0695026
49.7		0.0695026
49.8		0.0695026
49.9		0.0695026
50		0.0695026
50.1		0.069905
50.2		0.069905
50.3		0.069905
50.4		0.069905
50.5		0.069905
50.6		0.069905
50.7		0.069905
50.8		0.069905
50.9		0.069905
51		0.069905
51.1		0.0741307
51.2		0.0741307
51.3		0.0741307
51.4		0.0741307
51.5		0.0741307
51.6		0.0741307
51.7		0.0741307
51.8		0.0741307
51.9		0.0741307
52		0.0741307
52.1		0.0745332
52.2		0.0745332
52.3		0.0745332
52.4		0.0745332
52.5		0.0745332
52.6		0.0745332
52.7		0.0745332
52.8		0.0745332
52.9		0.0745332
53		0.0745332
53.1		0.0757405
53.2		0.0757405
53.3		0.0757405
53.4		0.0757405
53.5		0.0757405
53.6		0.0757405
53.7		0.0757405
53.8		0.0757405
53.9		0.0757405
54		0.0757405
54.1		0.07731
54.2		0.07731
54.3		0.07731
54.4		0.07731
54.5		0.07731
54.6		0.07731
54.7		0.07731
54.8		0.07731
54.9		0.07731
55		0.07731
55.1		0.0797247
55.2		0.0797247
55.3		0.0797247
55.4		0.0797247
55.5		0.0797247
55.6		0.0797247
55.7		0.0797247
55.8		0.0797247
55.9		0.0797247
56		0.0797247
56.1		0.0809321
56.2		0.0809321
56.3		0.0809321
56.4		0.0809321
56.5		0.0809321
56.6		0.0809321
56.7		0.0809321
56.8		0.0809321
56.9		0.0809321
57		0.0809321
57.1		0.0841919
57.2		0.0841919
57.3		0.0841919
57.4		0.0841919
57.5		0.0841919
57.6		0.0841919
57.7		0.0841919
57.8		0.0841919
57.9		0.0841919
58		0.0841919
58.1		0.0871297
58.2		0.0871297
58.3		0.0871297
58.4		0.0871297
58.5		0.0871297
58.6		0.0871297
58.7		0.0871297
58.8		0.0871297
58.9		0.0871297
59		0.0871297
59.1		0.0899469
59.2		0.0899469
59.3		0.0899469
59.4		0.0899469
59.5		0.0899469
59.6		0.0899469
59.7		0.0899469
59.8		0.0899469
59.9		0.0899469
60		0.0899469
60.1		0.0901883
60.2		0.0901883
60.3		0.0901883
60.4		0.0901883
60.5		0.0901883
60.6		0.0901883
60.7		0.0901883
60.8		0.0901883
60.9		0.0901883
61		0.0901883
61.1		0.0906713
61.2		0.0906713
61.3		0.0906713
61.4		0.0906713
61.5		0.0906713
61.6		0.0906713
61.7		0.0906713
61.8		0.0906713
61.9		0.0906713
62		0.0906713
62.1		0.0908725
62.2		0.0908725
62.3		0.0908725
62.4		0.0908725
62.5		0.0908725
62.6		0.0908725
62.7		0.0908725
62.8		0.0908725
62.9		0.0908725
63		0.0908725
63.1		0.0961043
63.2		0.0961043
63.3		0.0961043
63.4		0.0961043
63.5		0.0961043
63.6		0.0961043
63.7		0.0961043
63.8		0.0961043
63.9		0.0961043
64		0.0961043
64.1		0.0993239
64.2		0.0993239
64.3		0.0993239
64.4		0.0993239
64.5		0.0993239
64.6		0.0993239
64.7		0.0993239
64.8		0.0993239
64.9		0.0993239
65		0.0993239
65.1		0.100531
65.2		0.100531
65.3		0.100531
65.4		0.100531
65.5		0.100531
65.6		0.100531
65.7		0.100531
65.8		0.100531
65.9		0.100531
66		0.100531
66.1		0.101095
66.2		0.101095
66.3		0.101095
66.4		0.101095
66.5		0.101095
66.6		0.101095
66.7		0.101095
66.8		0.101095
66.9		0.101095
67		0.101095
67.1		0.101859
67.2		0.101859
67.3		0.101859
67.4		0.101859
67.5		0.101859
67.6		0.101859
67.7		0.101859
67.8		0.101859
67.9		0.101859
68		0.101859
68.1		0.105763
68.2		0.105763
68.3		0.105763
68.4		0.105763
68.5		0.105763
68.6		0.105763
68.7		0.105763
68.8		0.105763
68.9		0.105763
69		0.105763
69.1		0.109264
69.2		0.109264
69.3		0.109264
69.4		0.109264
69.5		0.109264
69.6		0.109264
69.7		0.109264
69.8		0.109264
69.9		0.109264
70		0.109264
70.1		0.110914
70.2		0.110914
70.3		0.110914
70.4		0.110914
70.5		0.110914
70.6		0.110914
70.7		0.110914
70.8		0.110914
70.9		0.110914
71		0.110914
71.1		0.111277
71.2		0.111277
71.3		0.111277
71.4		0.111277
71.5		0.111277
71.6		0.111277
71.7		0.111277
71.8		0.111277
71.9		0.111277
72		0.111277
72.1		0.114053
72.2		0.114053
72.3		0.114053
72.4		0.114053
72.5		0.114053
72.6		0.114053
72.7		0.114053
72.8		0.114053
72.9		0.114053
73		0.114053
73.1		0.116468
73.2		0.116468
73.3		0.116468
73.4		0.116468
73.5		0.116468
73.6		0.116468
73.7		0.116468
73.8		0.116468
73.9		0.116468
74		0.116468
74.1		0.117514
74.2		0.117514
74.3		0.117514
74.4		0.117514
74.5		0.117514
74.6		0.117514
74.7		0.117514
74.8		0.117514
74.9		0.117514
75		0.117514
75.1		0.11844
75.2		0.11844
75.3		0.11844
75.4		0.11844
75.5		0.11844
75.6		0.11844
75.7		0.11844
75.8		0.11844
75.9		0.11844
76		0.11844
76.1		0.122626
76.2		0.122626
76.3		0.122626
76.4		0.122626
76.5		0.122626
76.6		0.122626
76.7		0.122626
76.8		0.122626
76.9		0.122626
77		0.122626
77.1		0.122948
77.2		0.122948
77.3		0.122948
77.4		0.122948
77.5		0.122948
77.6		0.122948
77.7		0.122948
77.8		0.122948
77.9		0.122948
78		0.122948
78.1		0.125724
78.2		0.125724
78.3		0.125724
78.4		0.125724
78.5		0.125724
78.6		0.125724
78.7		0.125724
78.8		0.125724
78.9		0.125724
79		0.125724
79.1		0.127173
79.2		0.127173
79.3		0.127173
79.4		0.127173
79.5		0.127173
79.6		0.127173
79.7		0.127173
79.8		0.127173
79.9		0.127173
80		0.127173
80.1		0.130433
80.2		0.130433
80.3		0.130433
80.4		0.130433
80.5		0.130433
80.6		0.130433
80.7		0.130433
80.8		0.130433
80.9		0.130433
81		0.130433
81.1		0.131238
81.2		0.131238
81.3		0.131238
81.4		0.131238
81.5		0.131238
81.6		0.131238
81.7		0.131238
81.8		0.131238
81.9		0.131238
82		0.131238
82.1		0.133129
82.2		0.133129
82.3		0.133129
82.4		0.133129
82.5		0.133129
82.6		0.133129
82.7		0.133129
82.8		0.133129
82.9		0.133129
83		0.133129
83.1		0.134618
83.2		0.134618
83.3		0.134618
83.4		0.134618
83.5		0.134618
83.6		0.134618
83.7		0.134618
83.8		0.134618
83.9		0.134618
84		0.134618
84.1		0.137959
84.2		0.137959
84.3		0.137959
84.4		0.137959
84.5		0.137959
84.6		0.137959
84.7		0.137959
84.8		0.137959
84.9		0.137959
85		0.137959
85.1		0.142144
85.2		0.142144
85.3		0.142144
85.4		0.142144
85.5		0.142144
85.6		0.142144
85.7		0.142144
85.8		0.142144
85.9		0.142144
86		0.142144
86.1		0.143231
86.2		0.143231
86.3		0.143231
86.4		0.143231
86.5		0.143231
86.6		0.143231
86.7		0.143231
86.8		0.143231
86.9		0.143231
87		0.143231
87.1		0.14633
87.2		0.14633
87.3		0.14633
87.4		0.14633
87.5		0.14633
87.6		0.14633
87.7		0.14633
87.8		0.14633
87.9		0.14633
88		0.14633
88.1		0.14802
88.2		0.14802
88.3		0.14802
88.4		0.14802
88.5		0.14802
88.6		0.14802
88.7		0.14802
88.8		0.14802
88.9		0.14802
89		0.14802
89.1		0.148422
89.2		0.148422
89.3		0.148422
89.4		0.148422
89.5		0.148422
89.6		0.148422
89.7		0.148422
89.8		0.148422
89.9		0.148422
90		0.148422
90.1		0.151038
90.2		0.151038
90.3		0.151038
90.4		0.151038
90.5		0.151038
90.6		0.151038
90.7		0.151038
90.8		0.151038
90.9		0.151038
91		0.151038
91.1		0.154419
91.2		0.154419
91.3		0.154419
91.4		0.154419
91.5		0.154419
91.6		0.154419
91.7		0.154419
91.8		0.154419
91.9		0.154419
92		0.154419
92.1		0.157075
92.2		0.157075
92.3		0.157075
92.4		0.157075
92.5		0.157075
92.6		0.157075
92.7		0.157075
92.8		0.157075
92.9		0.157075
93		0.157075
93.1		0.158121
93.2		0.158121
93.3		0.158121
93.4		0.158121
93.5		0.158121
93.6		0.158121
93.7		0.158121
93.8		0.158121
93.9		0.158121
94		0.158121
94.1		0.15961
94.2		0.15961
94.3		0.15961
94.4		0.15961
94.5		0.15961
94.6		0.15961
94.7		0.15961
94.8		0.15961
94.9		0.15961
95		0.15961
95.1		0.159973
95.2		0.159973
95.3		0.159973
95.4		0.159973
95.5		0.159973
95.6		0.159973
95.7		0.159973
95.8		0.159973
95.9		0.159973
96		0.159973
96.1		0.161502
96.2		0.161502
96.3		0.161502
96.4		0.161502
96.5		0.161502
96.6		0.161502
96.7		0.161502
96.8		0.161502
96.9		0.161502
97		0.161502
97.1		0.166573
97.2		0.166573
97.3		0.166573
97.4		0.166573
97.5		0.166573
97.6		0.166573
97.7		0.166573
97.8		0.166573
97.9		0.166573
98		0.166573
98.1		0.16935
98.2		0.16935
98.3		0.16935
98.4		0.16935
98.5		0.16935
98.6		0.16935
98.7		0.16935
98.8		0.16935
98.9		0.16935
99		0.16935
99.1		0.169631
99.2		0.169631
99.3		0.169631
99.4		0.169631
99.5		0.169631
99.6		0.169631
99.7		0.169631
99.8		0.169631
99.9		0.169631
100		0.169631
100.1		0.169994
100.2		0.169994
100.3		0.169994
100.4		0.169994
100.5		0.169994
100.6		0.169994
100.7		0.169994
100.8		0.169994
100.9		0.169994
101		0.169994
101.1		0.170155
101.2		0.170155
101.3		0.170155
101.4		0.170155
101.5		0.170155
101.6		0.170155
101.7		0.170155
101.8		0.170155
101.9		0.170155
102		0.170155
102.1		0.178083
102.2		0.178083
102.3		0.178083
102.4		0.178083
102.5		0.178083
102.6		0.178083
102.7		0.178083
102.8		0.178083
102.9		0.178083
103		0.178083
103.1		0.17921
103.2		0.17921
103.3		0.17921
103.4		0.17921
103.5		0.17921
103.6		0.17921
103.7		0.17921
103.8		0.17921
103.9		0.17921
104		0.17921
104.1		0.180216
104.2		0.180216
104.3		0.180216
104.4		0.180216
104.5		0.180216
104.6		0.180216
104.7		0.180216
104.8		0.180216
104.9		0.180216
105		0.180216
105.1		0.18094
105.2		0.18094
105.3		0.18094
105.4		0.18094
105.5		0.18094
105.6		0.18094
105.7		0.18094
105.8		0.18094
105.9		0.18094
106		0.18094
106.1		0.185246
106.2		0.185246
106.3		0.185246
106.4		0.185246
106.5		0.185246
106.6		0.185246
106.7		0.185246
106.8		0.185246
106.9		0.185246
107		0.185246
107.1		0.186574
107.2		0.186574
107.3		0.186574
107.4		0.186574
107.5		0.186574
107.6		0.186574
107.7		0.186574
107.8		0.186574
107.9		0.186574
108		0.186574
108.1		0.189673
108.2		0.189673
108.3		0.189673
108.4		0.189673
108.5		0.189673
108.6		0.189673
108.7		0.189673
108.8		0.189673
108.9		0.189673
109		0.189673
109.1		0.190156
109.2		0.190156
109.3		0.190156
109.4		0.190156
109.5		0.190156
109.6		0.190156
109.7		0.190156
109.8		0.190156
109.9		0.190156
110		0.190156
110.1		0.194583
110.2		0.194583
110.3		0.194583
110.4		0.194583
110.5		0.194583
110.6		0.194583
110.7		0.194583
110.8		0.194583
110.9		0.194583
111		0.194583
111.1		0.195388
111.2		0.195388
111.3		0.195388
111.4		0.195388
111.5		0.195388
111.6		0.195388
111.7		0.195388
111.8		0.195388
111.9		0.195388
112		0.195388
112.1		0.196193
112.2		0.196193
112.3		0.196193
112.4		0.196193
112.5		0.196193
112.6		0.196193
112.7		0.196193
112.8		0.196193
112.9		0.196193
113		0.196193
113.1		0.198406
113.2		0.198406
113.3		0.198406
113.4		0.198406
113.5		0.198406
113.6		0.198406
113.7		0.198406
113.8		0.198406
113.9		0.198406
114		0.198406
114.1		0.201586
114.2		0.201586
114.3		0.201586
114.4		0.201586
114.5		0.201586
114.6		0.201586
114.7		0.201586
114.8		0.201586
114.9		0.201586
115		0.201586
115.1		0.203356
115.2		0.203356
115.3		0.203356
115.4		0.203356
115.5		0.203356
115.6		0.203356
115.7		0.203356
115.8		0.203356
115.9		0.203356
116		0.203356
116.1		0.203517
116.2		0.203517
116.3		0.203517
116.4		0.203517
116.5		0.203517
116.6		0.203517
116.7		0.203517
116.8		0.203517
116.9		0.203517
117		0.203517
117.1		0.205972
117.2		0.205972
117.3		0.205972
117.4		0.205972
117.5		0.205972
117.6		0.205972
117.7		0.205972
117.8		0.205972
117.9		0.205972
118		0.205972
118.1		0.206294
118.2		0.206294
118.3		0.206294
118.4		0.206294
118.5		0.206294
118.6		0.206294
118.7		0.206294
118.8		0.206294
118.9		0.206294
119		0.206294
119.1		0.2106
119.2		0.2106
119.3		0.2106
119.4		0.2106
119.5		0.2106
119.6		0.2106
119.7		0.2106
119.8		0.2106
119.9		0.2106
120		0.2106
120.1		0.212411
120.2		0.212411
120.3		0.212411
120.4		0.212411
120.5		0.212411
120.6		0.212411
120.7		0.212411
120.8		0.212411
120.9		0.212411
121		0.212411
121.1		0.214383
121.2		0.214383
121.3		0.214383
121.4		0.214383
121.5		0.214383
121.6		0.214383
121.7		0.214383
121.8		0.214383
121.9		0.214383
122		0.214383
122.1		0.215108
122.2		0.215108
122.3		0.215108
122.4		0.215108
122.5		0.215108
122.6		0.215108
122.7		0.215108
122.8		0.215108
122.9		0.215108
123		0.215108
123.1		0.217643
123.2		0.217643
123.3		0.217643
123.4		0.217643
123.5		0.217643
123.6		0.217643
123.7		0.217643
123.8		0.217643
123.9		0.217643
124		0.217643
124.1		0.221788
124.2		0.221788
124.3		0.221788
124.4		0.221788
124.5		0.221788
124.6		0.221788
124.7		0.221788
124.8		0.221788
124.9		0.221788
125		0.221788
125.1		0.22199
125.2		0.22199
125.3		0.22199
125.4		0.22199
125.5		0.22199
125.6		0.22199
125.7		0.22199
125.8		0.22199
125.9		0.22199
126		0.22199
126.1		0.224243
126.2		0.224243
126.3		0.224243
126.4		0.224243
126.5		0.224243
126.6		0.224243
126.7		0.224243
126.8		0.224243
126.9		0.224243
127		0.224243
127.1		0.225853
127.2		0.225853
127.3		0.225853
127.4		0.225853
127.5		0.225853
127.6		0.225853
127.7		0.225853
127.8		0.225853
127.9		0.225853
128		0.225853
128.1		0.229435
128.2		0.229435
128.3		0.229435
128.4		0.229435
128.5		0.229435
128.6		0.229435
128.7		0.229435
128.8		0.229435
128.9		0.229435
129		0.229435
129.1		0.231568
129.2		0.231568
129.3		0.231568
129.4		0.231568
129.5		0.231568
129.6		0.231568
129.7		0.231568
129.8		0.231568
129.9		0.231568
130		0.231568
130.1		0.232091
130.2		0.232091
130.3		0.232091
130.4		0.232091
130.5		0.232091
130.6		0.232091
130.7		0.232091
130.8		0.232091
130.9		0.232091
131		0.232091
131.1		0.233902
131.2		0.233902
131.3		0.233902
131.4		0.233902
131.5		0.233902
131.6		0.233902
131.7		0.233902
131.8		0.233902
131.9		0.233902
132		0.233902
132.1		0.238208
132.2		0.238208
132.3		0.238208
132.4		0.238208
132.5		0.238208
132.6		0.238208
132.7		0.238208
132.8		0.238208
132.9		0.238208
133		0.238208
133.1		0.239134
133.2		0.239134
133.3		0.239134
133.4		0.239134
133.5		0.239134
133.6		0.239134
133.7		0.239134
133.8		0.239134
133.9		0.239134
134		0.239134
134.1		0.240261
134.2		0.240261
134.3		0.240261
134.4		0.240261
134.5		0.240261
134.6		0.240261
134.7		0.240261
134.8		0.240261
134.9		0.240261
135		0.240261
135.1		0.242595
135.2		0.242595
135.3		0.242595
135.4		0.242595
135.5		0.242595
135.6		0.242595
135.7		0.242595
135.8		0.242595
135.9		0.242595
136		0.242595
136.1		0.24674
136.2		0.24674
136.3		0.24674
136.4		0.24674
136.5		0.24674
136.6		0.24674
136.7		0.24674
136.8		0.24674
136.9		0.24674
137		0.24674
137.1		0.24839
137.2		0.24839
137.3		0.24839
137.4		0.24839
137.5		0.24839
137.6		0.24839
137.7		0.24839
137.8		0.24839
137.9		0.24839
138		0.24839
138.1		0.248591
138.2		0.248591
138.3		0.248591
138.4		0.248591
138.5		0.248591
138.6		0.248591
138.7		0.248591
138.8		0.248591
138.9		0.248591
139		0.248591
139.1		0.249598
139.2		0.249598
139.3		0.249598
139.4		0.249598
139.5		0.249598
139.6		0.249598
139.7		0.249598
139.8		0.249598
139.9		0.249598
140		0.249598
140.1		0.250966
140.2		0.250966
140.3		0.250966
140.4		0.250966
140.5		0.250966
140.6		0.250966
140.7		0.250966
140.8		0.250966
140.9		0.250966
141		0.250966
141.1		0.254427
141.2		0.254427
141.3		0.254427
141.4		0.254427
141.5		0.254427
141.6		0.254427
141.7		0.254427
141.8		0.254427
141.9		0.254427
142		0.254427
142.1		0.258773
142.2		0.258773
142.3		0.258773
142.4		0.258773
142.5		0.258773
142.6		0.258773
142.7		0.258773
142.8		0.258773
142.9		0.258773
143		0.258773
143.1		0.261108
143.2		0.261108
143.3		0.261108
143.4		0.261108
143.5		0.261108
143.6		0.261108
143.7		0.261108
143.8		0.261108
143.9		0.261108
144		0.261108
144.1		0.262758
144.2		0.262758
144.3		0.262758
144.4		0.262758
144.5		0.262758
144.6		0.262758
144.7		0.262758
144.8		0.262758
144.9		0.262758
145		0.262758
145.1		0.262878
145.2		0.262878
145.3		0.262878
145.4		0.262878
145.5		0.262878
145.6		0.262878
145.7		0.262878
145.8		0.262878
145.9		0.262878
146		0.262878
146.1		0.266742
146.2		0.266742
146.3		0.266742
146.4		0.266742
146.5		0.266742
146.6		0.266742
146.7		0.266742
146.8		0.266742
146.9		0.266742
147		0.266742
147.1		0.269156
147.2		0.269156
147.3		0.269156
147.4		0.269156
147.5		0.269156
147.6		0.269156
147.7		0.269156
147.8		0.269156
147.9		0.269156
148		0.269156
148.1		0.272135
148.2		0.272135
148.3		0.272135
148.4		0.272135
148.5		0.272135
148.6		0.272135
148.7		0.272135
148.8		0.272135
148.9		0.272135
149		0.272135
149.1		0.274187
149.2		0.274187
149.3		0.274187
149.4		0.274187
149.5		0.274187
149.6		0.274187
149.7		0.274187
149.8		0.274187
149.9		0.274187
150		0.274187
150.1		0.27636
150.2		0.27636
150.3		0.27636
150.4		0.27636
150.5		0.27636
150.6		0.27636
150.7		0.27636
150.8		0.27636
150.9		0.27636
151		0.27636
151.1		0.276682
151.2		0.276682
151.3		0.276682
151.4		0.276682
151.5		0.276682
151.6		0.276682
151.7		0.276682
151.8		0.276682
151.9		0.276682
152		0.276682
152.1		0.27801
152.2		0.27801
152.3		0.27801
152.4		0.27801
152.5		0.27801
152.6		0.27801
152.7		0.27801
152.8		0.27801
152.9		0.27801
153		0.27801
153.1		0.283282
153.2		0.283282
153.3		0.283282
153.4		0.283282
153.5		0.283282
153.6		0.283282
153.7		0.283282
153.8		0.283282
153.9		0.283282
154		0.283282
154.1		0.283564
154.2		0.283564
154.3		0.283564
154.4		0.283564
154.5		0.283564
154.6		0.283564
154.7		0.283564
154.8		0.283564
154.9		0.283564
155		0.283564
155.1		0.286462
155.2		0.286462
155.3		0.286462
155.4		0.286462
155.5		0.286462
155.6		0.286462
155.7		0.286462
155.8		0.286462
155.9		0.286462
156		0.286462
156.1		0.287709
156.2		0.287709
156.3		0.287709
156.4		0.287709
156.5		0.287709
156.6		0.287709
156.7		0.287709
156.8		0.287709
156.9		0.287709
157		0.287709
157.1		0.288152
157.2		0.288152
157.3		0.288152
157.4		0.288152
157.5		0.288152
157.6		0.288152
157.7		0.288152
157.8		0.288152
157.9		0.288152
158		0.288152
158.1		0.293142
158.2		0.293142
158.3		0.293142
158.4		0.293142
158.5		0.293142
158.6		0.293142
158.7		0.293142
158.8		0.293142
158.9		0.293142
159		0.293142
159.1		0.294148
159.2		0.294148
159.3		0.294148
159.4		0.294148
159.5		0.294148
159.6		0.294148
159.7		0.294148
159.8		0.294148
159.9		0.294148
160		0.294148
160.1		0.29443
160.2		0.29443
160.3		0.29443
160.4		0.29443
160.5		0.29443
160.6		0.29443
160.7		0.29443
160.8		0.29443
160.9		0.29443
161		0.29443
161.1		0.296281
161.2		0.296281
161.3		0.296281
161.4		0.296281
161.5		0.296281
161.6		0.296281
161.7		0.296281
161.8		0.296281
161.9		0.296281
162		0.296281
162.1		0.300467
162.2		0.300467
162.3		0.300467
162.4		0.300467
162.5		0.300467
162.6		0.300467
162.7		0.300467
162.8		0.300467
162.9		0.300467
163		0.300467
163.1		0.301956
163.2		0.301956
163.3		0.301956
163.4		0.301956
163.5		0.301956
163.6		0.301956
163.7		0.301956
163.8		0.301956
163.9		0.301956
164		0.301956
164.1		0.304934
164.2		0.304934
164.3		0.304934
164.4		0.304934
164.5		0.304934
164.6		0.304934
164.7		0.304934
164.8		0.304934
164.9		0.304934
165		0.304934
165.1		0.305457
165.2		0.305457
165.3		0.305457
165.4		0.305457
165.5		0.305457
165.6		0.305457
165.7		0.305457
165.8		0.305457
165.9		0.305457
166		0.305457
166.1		0.308596
166.2		0.308596
166.3		0.308596
166.4		0.308596
166.5		0.308596
166.6		0.308596
166.7		0.308596
166.8		0.308596
166.9		0.308596
167		0.308596
167.1		0.310407
167.2		0.310407
167.3		0.310407
167.4		0.310407
167.5		0.310407
167.6		0.310407
167.7		0.310407
167.8		0.310407
167.9		0.310407
168		0.310407
168.1		0.310608
168.2		0.310608
168.3		0.310608
168.4		0.310608
168.5		0.310608
168.6		0.310608
168.7		0.310608
168.8		0.310608
168.9		0.310608
169		0.310608
169.1		0.311695
169.2		0.311695
169.3		0.311695
169.4		0.311695
169.5		0.311695
169.6		0.311695
169.7		0.311695
169.8		0.311695
169.9		0.311695
170		0.311695
170.1		0.317812
170.2		0.317812
170.3		0.317812
170.4		0.317812
170.5		0.317812
170.6		0.317812
170.7		0.317812
170.8		0.317812
170.9		0.317812
171		0.317812
171.1		0.318014
171.2		0.318014
171.3		0.318014
171.4		0.318014
171.5		0.318014
171.6		0.318014
171.7		0.318014
171.8		0.318014
171.9		0.318014
172		0.318014
172.1		0.31906
172.2		0.31906
172.3		0.31906
172.4		0.31906
172.5		0.31906
172.6		0.31906
172.7		0.31906
172.8		0.31906
172.9		0.31906
173		0.31906
173.1		0.319221
173.2		0.319221
173.3		0.319221
173.4		0.319221
173.5		0.319221
173.6		0.319221
173.7		0.319221
173.8		0.319221
173.9		0.319221
174		0.319221
174.1		0.326545
174.2		0.326545
174.3		0.326545
174.4		0.326545
174.5		0.326545
174.6		0.326545
174.7		0.326545
174.8		0.326545
174.9		0.326545
175		0.326545
175.1		0.328719
175.2		0.328719
175.3		0.328719
175.4		0.328719
175.5		0.328719
175.6		0.328719
175.7		0.328719
175.8		0.328719
175.9		0.328719
176		0.328719
176.1		0.32896
176.2		0.32896
176.3		0.32896
176.4		0.32896
176.5		0.32896
176.6		0.32896
176.7		0.32896
176.8		0.32896
176.9		0.32896
177		0.32896
177.1		0.33053
177.2		0.33053
177.3		0.33053
177.4		0.33053
177.5		0.33053
177.6		0.33053
177.7		0.33053
177.8		0.33053
177.9		0.33053
178		0.33053
178.1		0.331737
178.2		0.331737
178.3		0.331737
178.4		0.331737
178.5		0.331737
178.6		0.331737
178.7		0.331737
178.8		0.331737
178.9		0.331737
179		0.331737
179.1		0.333025
179.2		0.333025
179.3		0.333025
179.4		0.333025
179.5		0.333025
179.6		0.333025
179.7		0.333025
179.8		0.333025
179.9		0.333025
180		0.333025
180.1		0.334232
180.2		0.334232
180.3		0.334232
180.4		0.334232
180.5		0.334232
180.6		0.334232
180.7		0.334232
180.8		0.334232
180.9		0.334232
181		0.334232
181.1		0.338257
181.2		0.338257
181.3		0.338257
181.4		0.338257
181.5		0.338257
181.6		0.338257
181.7		0.338257
181.8		0.338257
181.9		0.338257
182		0.338257
182.1		0.340027
182.2		0.340027
182.3		0.340027
182.4		0.340027
182.5		0.340027
182.6		0.340027
182.7		0.340027
182.8		0.340027
182.9		0.340027
183		0.340027
183.1		0.342241
183.2		0.342241
183.3		0.342241
183.4		0.342241
183.5		0.342241
183.6		0.342241
183.7		0.342241
183.8		0.342241
183.9		0.342241
184		0.342241
184.1		0.342804
184.2		0.342804
184.3		0.342804
184.4		0.342804
184.5		0.342804
184.6		0.342804
184.7		0.342804
184.8		0.342804
184.9		0.342804
185		0.342804
185.1		0.343529
185.2		0.343529
185.3		0.343529
185.4		0.343529
185.5		0.343529
185.6		0.343529
185.7		0.343529
185.8		0.343529
185.9		0.343529
186		0.343529
186.1		0.345823
186.2		0.345823
186.3		0.345823
186.4		0.345823
186.5		0.345823
186.6		0.345823
186.7		0.345823
186.8		0.345823
186.9		0.345823
187		0.345823
187.1		0.347795
187.2		0.347795
187.3		0.347795
187.4		0.347795
187.5		0.347795
187.6		0.347795
187.7		0.347795
187.8		0.347795
187.9		0.347795
188		0.347795
188.1		0.352946
188.2		0.352946
188.3		0.352946
188.4		0.352946
188.5		0.352946
188.6		0.352946
188.7		0.352946
188.8		0.352946
188.9		0.352946
189		0.352946
189.1		0.353831
189.2		0.353831
189.3		0.353831
189.4		0.353831
189.5		0.353831
189.6		0.353831
189.7		0.353831
189.8		0.353831
189.9		0.353831
190		0.353831
190.1		0.354153
190.2		0.354153
190.3		0.354153
190.4		0.354153
190.5		0.354153
190.6		0.354153
190.7		0.354153
190.8		0.354153
190.9		0.354153
191		0.354153
191.1		0.359868
191.2		0.359868
191.3		0.359868
191.4		0.359868
191.5		0.359868
191.6		0.359868
191.7		0.359868
191.8		0.359868
191.9		0.359868
192		0.359868
192.1		0.360955
192.2		0.360955
192.3		0.360955
192.4		0.360955
192.5		0.360955
192.6		0.360955
192.7		0.360955
192.8		0.360955
192.9		0.360955
193		0.360955
193.1		0.36188
193.2		0.36188
193.3		0.36188
193.4		0.36188
193.5		0.36188
193.6		0.36188
193.7		0.36188
193.8		0.36188
193.9		0.36188
194		0.36188
194.1		0.364416
194.2		0.364416
194.3		0.364416
194.4		0.364416
194.5		0.364416
194.6		0.364416
194.7		0.364416
194.8		0.364416
194.9		0.364416
195		0.364416
195.1		0.365905
195.2		0.365905
195.3		0.365905
195.4		0.365905
195.5		0.365905
195.6		0.365905
195.7		0.365905
195.8		0.365905
195.9		0.365905
196		0.365905
196.1		0.371177
196.2		0.371177
196.3		0.371177
196.4		0.371177
196.5		0.371177
196.6		0.371177
196.7		0.371177
196.8		0.371177
196.9		0.371177
197		0.371177
197.1		0.371982
197.2		0.371982
197.3		0.371982
197.4		0.371982
197.5		0.371982
197.6		0.371982
197.7		0.371982
197.8		0.371982
197.9		0.371982
198		0.371982
198.1		0.372948
198.2		0.372948
198.3		0.372948
198.4		0.372948
198.5		0.372948
198.6		0.372948
198.7		0.372948
198.8		0.372948
198.9		0.372948
199		0.372948
199.1		0.374276
199.2		0.374276
199.3		0.374276
199.4		0.374276
199.5		0.374276
199.6		0.374276
199.7		0.374276
199.8		0.374276
199.9		0.374276
200		0.374276
200.1		0.379185
200.2		0.379185
200.3		0.379185
200.4		0.379185
200.5		0.379185
200.6		0.379185
200.7		0.379185
200.8		0.379185
200.9		0.379185
201		0.379185
201.1		0.381198
201.2		0.381198
201.3		0.381198
201.4		0.381198
201.5		0.381198
201.6		0.381198
201.7		0.381198
201.8		0.381198
201.9		0.381198
202		0.381198
202.1		0.381842
202.2		0.381842
202.3		0.381842
202.4		0.381842
202.5		0.381842
202.6		0.381842
202.7		0.381842
202.8		0.381842
202.9		0.381842
203		0.381842
203.1		0.382083
203.2		0.382083
203.3		0.382083
203.4		0.382083
203.5		0.382083
203.6		0.382083
203.7		0.382083
203.8		0.382083
203.9		0.382083
204		0.382083
204.1		0.386631
204.2		0.386631
204.3		0.386631
204.4		0.386631
204.5		0.386631
204.6		0.386631
204.7		0.386631
204.8		0.386631
204.9		0.386631
205		0.386631
205.1		0.388241
205.2		0.388241
205.3		0.388241
205.4		0.388241
205.5		0.388241
205.6		0.388241
205.7		0.388241
205.8		0.388241
205.9		0.388241
206		0.388241
206.1		0.391058
206.2		0.391058
206.3		0.391058
206.4		0.391058
206.5		0.391058
206.6		0.391058
206.7		0.391058
206.8		0.391058
206.9		0.391058
207		0.391058
207.1		0.392466
207.2		0.392466
207.3		0.392466
207.4		0.392466
207.5		0.392466
207.6		0.392466
207.7		0.392466
207.8		0.392466
207.9		0.392466
208		0.392466
208.1		0.393432
208.2		0.393432
208.3		0.393432
208.4		0.393432
208.5		0.393432
208.6		0.393432
208.7		0.393432
208.8		0.393432
208.9		0.393432
209		0.393432
209.1		0.396531
209.2		0.396531
209.3		0.396531
209.4		0.396531
209.5		0.396531
209.6		0.396531
209.7		0.396531
209.8		0.396531
209.9		0.396531
210		0.396531
210.1		0.398463
210.2		0.398463
210.3		0.398463
210.4		0.398463
210.5		0.398463
210.6		0.398463
210.7		0.398463
210.8		0.398463
210.9		0.398463
211		0.398463
211.1		0.399308
211.2		0.399308
211.3		0.399308
211.4		0.399308
211.5		0.399308
211.6		0.399308
211.7		0.399308
211.8		0.399308
211.9		0.399308
212		0.399308
212.1		0.403131
212.2		0.403131
212.3		0.403131
212.4		0.403131
212.5		0.403131
212.6		0.403131
212.7		0.403131
212.8		0.403131
212.9		0.403131
213		0.403131
213.1		0.404902
213.2		0.404902
213.3		0.404902
213.4		0.404902
213.5		0.404902
213.6		0.404902
213.7		0.404902
213.8		0.404902
213.9		0.404902
214		0.404902
214.1		0.408242
214.2		0.408242
214.3		0.408242
214.4		0.408242
214.5		0.408242
214.6		0.408242
214.7		0.408242
214.8		0.408242
214.9		0.408242
215		0.408242
215.1		0.409409
215.2		0.409409
215.3		0.409409
215.4		0.409409
215.5		0.409409
215.6		0.409409
215.7		0.409409
215.8		0.409409
215.9		0.409409
216		0.409409
216.1		0.411341
216.2		0.411341
216.3		0.411341
216.4		0.411341
216.5		0.411341
216.6		0.411341
216.7		0.411341
216.8		0.411341
216.9		0.411341
217		0.411341
217.1		0.413112
217.2		0.413112
217.3		0.413112
217.4		0.413112
217.5		0.413112
217.6		0.413112
217.7		0.413112
217.8		0.413112
217.9		0.413112
218		0.413112
218.1		0.415285
218.2		0.415285
218.3		0.415285
218.4		0.415285
218.5		0.415285
218.6		0.415285
218.7		0.415285
218.8		0.415285
218.9		0.415285
219		0.415285
219.1		0.417981
219.2		0.417981
219.3		0.417981
219.4		0.417981
219.5		0.417981
219.6		0.417981
219.7		0.417981
219.8		0.417981
219.9		0.417981
220		0.417981
220.1		0.419511
220.2		0.419511
220.3		0.419511
220.4		0.419511
220.5		0.419511
220.6		0.419511
220.7		0.419511
220.8		0.419511
220.9		0.419511
221		0.419511
221.1		0.419752
221.2		0.419752
221.3		0.419752
221.4		0.419752
221.5		0.419752
221.6		0.419752
221.7		0.419752
221.8		0.419752
221.9		0.419752
222		0.419752
222.1		0.422086
222.2		0.422086
222.3		0.422086
222.4		0.422086
222.5		0.422086
222.6		0.422086
222.7		0.422086
222.8		0.422086
222.9		0.422086
223		0.422086
223.1		0.423616
223.2		0.423616
223.3		0.423616
223.4		0.423616
223.5		0.423616
223.6		0.423616
223.7		0.423616
223.8		0.423616
223.9		0.423616
224		0.423616
224.1		0.424099
224.2		0.424099
224.3		0.424099
224.4		0.424099
224.5		0.424099
224.6		0.424099
224.7		0.424099
224.8		0.424099
224.9		0.424099
225		0.424099
225.1		0.428928
225.2		0.428928
225.3		0.428928
225.4		0.428928
225.5		0.428928
225.6		0.428928
225.7		0.428928
225.8		0.428928
225.9		0.428928
226		0.428928
226.1		0.431101
226.2		0.431101
226.3		0.431101
226.4		0.431101
226.5		0.431101
226.6		0.431101
226.7		0.431101
226.8		0.431101
226.9		0.431101
227		0.431101
227.1		0.432188
227.2		0.432188
227.3		0.432188
227.4		0.432188
227.5		0.432188
227.6		0.432188
227.7		0.432188
227.8		0.432188
227.9		0.432188
228		0.432188
228.1		0.43251
228.2		0.43251
228.3		0.43251
228.4		0.43251
228.5		0.43251
228.6		0.43251
228.7		0.43251
228.8		0.43251
228.9		0.43251
229		0.43251
229.1		0.436051
229.2		0.436051
229.3		0.436051
229.4		0.436051
229.5		0.436051
229.6		0.436051
229.7		0.436051
229.8		0.436051
229.9		0.436051
230		0.436051
230.1		0.437822
230.2		0.437822
230.3		0.437822
230.4		0.437822
230.5		0.437822
230.6		0.437822
230.7		0.437822
230.8		0.437822
230.9		0.437822
231		0.437822
231.1		0.439995
231.2		0.439995
231.3		0.439995
231.4		0.439995
231.5		0.439995
231.6		0.439995
231.7		0.439995
231.8		0.439995
231.9		0.439995
232		0.439995
232.1		0.440478
232.2		0.440478
232.3		0.440478
232.4		0.440478
232.5		0.440478
232.6		0.440478
232.7		0.440478
232.8		0.440478
232.9		0.440478
233		0.440478
233.1		0.443215
233.2		0.443215
233.3		0.443215
233.4		0.443215
233.5		0.443215
233.6		0.443215
233.7		0.443215
233.8		0.443215
233.9		0.443215
234		0.443215
234.1		0.445348
234.2		0.445348
234.3		0.445348
234.4		0.445348
234.5		0.445348
234.6		0.445348
234.7		0.445348
234.8		0.445348
234.9		0.445348
235		0.445348
235.1		0.447521
235.2		0.447521
235.3		0.447521
235.4		0.447521
235.5		0.447521
235.6		0.447521
235.7		0.447521
235.8		0.447521
235.9		0.447521
236		0.447521
236.1		0.448487
236.2		0.448487
236.3		0.448487
236.4		0.448487
236.5		0.448487
236.6		0.448487
236.7		0.448487
236.8		0.448487
236.9		0.448487
237		0.448487
237.1		0.451626
237.2		0.451626
237.3		0.451626
237.4		0.451626
237.5		0.451626
237.6		0.451626
237.7		0.451626
237.8		0.451626
237.9		0.451626
238		0.451626
238.1		0.454443
238.2		0.454443
238.3		0.454443
238.4		0.454443
238.5		0.454443
238.6		0.454443
238.7		0.454443
238.8		0.454443
238.9		0.454443
239		0.454443
239.1		0.456495
239.2		0.456495
239.3		0.456495
239.4		0.456495
239.5		0.456495
239.6		0.456495
239.7		0.456495
239.8		0.456495
239.9		0.456495
240		0.456495
240.1		0.458669
240.2		0.458669
240.3		0.458669
240.4		0.458669
240.5		0.458669
240.6		0.458669
240.7		0.458669
240.8		0.458669
240.9		0.458669
241		0.458669
241.1		0.459152
241.2		0.459152
241.3		0.459152
241.4		0.459152
241.5		0.459152
241.6		0.459152
241.7		0.459152
241.8		0.459152
241.9		0.459152
242		0.459152
242.1		0.459836
242.2		0.459836
242.3		0.459836
242.4		0.459836
242.5		0.459836
242.6		0.459836
242.7		0.459836
242.8		0.459836
242.9		0.459836
243		0.459836
243.1		0.463538
243.2		0.463538
243.3		0.463538
243.4		0.463538
243.5		0.463538
243.6		0.463538
243.7		0.463538
243.8		0.463538
243.9		0.463538
244		0.463538
244.1		0.467804
244.2		0.467804
244.3		0.467804
244.4		0.467804
244.5		0.467804
244.6		0.467804
244.7		0.467804
244.8		0.467804
244.9		0.467804
245		0.467804
245.1		0.468609
245.2		0.468609
245.3		0.468609
245.4		0.468609
245.5		0.468609
245.6		0.468609
245.7		0.468609
245.8		0.468609
245.9		0.468609
246		0.468609
246.1		0.46873
246.2		0.46873
246.3		0.46873
246.4		0.46873
246.5		0.46873
246.6		0.46873
246.7		0.46873
246.8		0.46873
246.9		0.46873
247		0.46873
247.1		0.471547
247.2		0.471547
247.3		0.471547
247.4		0.471547
247.5		0.471547
247.6		0.471547
247.7		0.471547
247.8		0.471547
247.9		0.471547
248		0.471547
248.1		0.475813
248.2		0.475813
248.3		0.475813
248.4		0.475813
248.5		0.475813
248.6		0.475813
248.7		0.475813
248.8		0.475813
248.9		0.475813
249		0.475813
249.1		0.476417
249.2		0.476417
249.3		0.476417
249.4		0.476417
249.5		0.476417
249.6		0.476417
249.7		0.476417
249.8		0.476417
249.9		0.476417
250		0.476417
250.1		0.479073
250.2		0.479073
250.3		0.479073
250.4		0.479073
250.5		0.479073
250.6		0.479073
250.7		0.479073
250.8		0.479073
250.9		0.479073
251		0.479073
251.1		0.479274
251.2		0.479274
251.3		0.479274
251.4		0.479274
251.5		0.479274
251.6		0.479274
251.7		0.479274
251.8		0.479274
251.9		0.479274
252		0.479274
252.1		0.480924
252.2		0.480924
252.3		0.480924
252.4		0.480924
252.5		0.480924
252.6		0.480924
252.7		0.480924
252.8		0.480924
252.9		0.480924
253		0.480924
253.1		0.484425
253.2		0.484425
253.3		0.484425
253.4		0.484425
253.5		0.484425
253.6		0.484425
253.7		0.484425
253.8		0.484425
253.9		0.484425
254		0.484425
254.1		0.484627
254.2		0.484627
254.3		0.484627
254.4		0.484627
254.5		0.484627
254.6		0.484627
254.7		0.484627
254.8		0.484627
254.9		0.484627
255		0.484627
255.1		0.485713
255.2		0.485713
255.3		0.485713
255.4		0.485713
255.5		0.485713
255.6		0.485713
255.7		0.485713
255.8		0.485713
255.9		0.485713
256		0.485713
256.1		0.489899
256.2		0.489899
256.3		0.489899
256.4		0.489899
256.5		0.489899
256.6		0.489899
256.7		0.489899
256.8		0.489899
256.9		0.489899
257		0.489899
257.1		0.491951
257.2		0.491951
257.3		0.491951
257.4		0.491951
257.5		0.491951
257.6		0.491951
257.7		0.491951
257.8		0.491951
257.9		0.491951
258		0.491951
258.1		0.492313
258.2		0.492313
258.3		0.492313
258.4		0.492313
258.5		0.492313
258.6		0.492313
258.7		0.492313
258.8		0.492313
258.9		0.492313
259		0.492313
259.1		0.495493
259.2		0.495493
259.3		0.495493
259.4		0.495493
259.5		0.495493
259.6		0.495493
259.7		0.495493
259.8		0.495493
259.9		0.495493
260		0.495493
260.1		0.496941
260.2		0.496941
260.3		0.496941
260.4		0.496941
260.5		0.496941
260.6		0.496941
260.7		0.496941
260.8		0.496941
260.9		0.496941
261		0.496941
261.1		0.500926
261.2		0.500926
261.3		0.500926
261.4		0.500926
261.5		0.500926
261.6		0.500926
261.7		0.500926
261.8		0.500926
261.9		0.500926
262		0.500926
262.1		0.502012
262.2		0.502012
262.3		0.502012
262.4		0.502012
262.5		0.502012
262.6		0.502012
262.7		0.502012
262.8		0.502012
262.9		0.502012
263		0.502012
263.1		0.502817
263.2		0.502817
263.3		0.502817
263.4		0.502817
263.5		0.502817
263.6		0.502817
263.7		0.502817
263.8		0.502817
263.9		0.502817
264		0.502817
264.1		0.506077
264.2		0.506077
264.3		0.506077
264.4		0.506077
264.5		0.506077
264.6		0.506077
264.7		0.506077
264.8		0.506077
264.9		0.506077
265		0.506077
265.1		0.507848
265.2		0.507848
265.3		0.507848
265.4		0.507848
265.5		0.507848
265.6		0.507848
265.7		0.507848
265.8		0.507848
265.9		0.507848
266		0.507848
266.1		0.510947
266.2		0.510947
266.3		0.510947
266.4		0.510947
266.5		0.510947
266.6		0.510947
266.7		0.510947
266.8		0.510947
266.9		0.510947
267		0.510947
267.1		0.512194
267.2		0.512194
267.3		0.512194
267.4		0.512194
267.5		0.512194
267.6		0.512194
267.7		0.512194
267.8		0.512194
267.9		0.512194
268		0.512194
268.1		0.515011
268.2		0.515011
268.3		0.515011
268.4		0.515011
268.5		0.515011
268.6		0.515011
268.7		0.515011
268.8		0.515011
268.9		0.515011
269		0.515011
269.1		0.516621
269.2		0.516621
269.3		0.516621
269.4		0.516621
269.5		0.516621
269.6		0.516621
269.7		0.516621
269.8		0.516621
269.9		0.516621
270		0.516621
270.1		0.518231
270.2		0.518231
270.3		0.518231
270.4		0.518231
270.5		0.518231
270.6		0.518231
270.7		0.518231
270.8		0.518231
270.9		0.518231
271		0.518231
271.1		0.522175
271.2		0.522175
271.3		0.522175
271.4		0.522175
271.5		0.522175
271.6		0.522175
271.7		0.522175
271.8		0.522175
271.9		0.522175
272		0.522175
272.1		0.52475
272.2		0.52475
272.3		0.52475
272.4		0.52475
272.5		0.52475
272.6		0.52475
272.7		0.52475
272.8		0.52475
272.9		0.52475
273		0.52475
273.1		0.526763
273.2		0.526763
273.3		0.526763
273.4		0.526763
273.5		0.526763
273.6		0.526763
273.7		0.526763
273.8		0.526763
273.9		0.526763
274		0.526763
274.1		0.528976
274.2		0.528976
274.3		0.528976
274.4		0.528976
274.5		0.528976
274.6		0.528976
274.7		0.528976
274.8		0.528976
274.9		0.528976
275		0.528976
275.1		0.53119
275.2		0.53119
275.3		0.53119
275.4		0.53119
275.5		0.53119
275.6		0.53119
275.7		0.53119
275.8		0.53119
275.9		0.53119
276		0.53119
276.1		0.531391
276.2		0.531391
276.3		0.531391
276.4		0.531391
276.5		0.531391
276.6		0.531391
276.7		0.531391
276.8		0.531391
276.9		0.531391
277		0.531391
277.1		0.53461
277.2		0.53461
277.3		0.53461
277.4		0.53461
277.5		0.53461
277.6		0.53461
277.7		0.53461
277.8		0.53461
277.9		0.53461
278		0.53461
278.1		0.54113
278.2		0.54113
278.3		0.54113
278.4		0.54113
278.5		0.54113
278.6		0.54113
278.7		0.54113
278.8		0.54113
278.9		0.54113
279		0.54113
279.1		0.542056
279.2		0.542056
279.3		0.542056
279.4		0.542056
279.5		0.542056
279.6		0.542056
279.7		0.542056
279.8		0.542056
279.9		0.542056
280		0.542056
280.1		0.5427
280.2		0.5427
280.3		0.5427
280.4		0.5427
280.5		0.5427
280.6		0.5427
280.7		0.5427
280.8		0.5427
280.9		0.5427
281		0.5427
281.1		0.544551
281.2		0.544551
281.3		0.544551
281.4		0.544551
281.5		0.544551
281.6		0.544551
281.7		0.544551
281.8		0.544551
281.9		0.544551
282		0.544551
282.1		0.549501
282.2		0.549501
282.3		0.549501
282.4		0.549501
282.5		0.549501
282.6		0.549501
282.7		0.549501
282.8		0.549501
282.9		0.549501
283		0.549501
283.1		0.551755
283.2		0.551755
283.3		0.551755
283.4		0.551755
283.5		0.551755
283.6		0.551755
283.7		0.551755
283.8		0.551755
283.9		0.551755
284		0.551755
284.1		0.552238
284.2		0.552238
284.3		0.552238
284.4		0.552238
284.5		0.552238
284.6		0.552238
284.7		0.552238
284.8		0.552238
284.9		0.552238
285		0.552238
285.1		0.554773
285.2		0.554773
285.3		0.554773
285.4		0.554773
285.5		0.554773
285.6		0.554773
285.7		0.554773
285.8		0.554773
285.9		0.554773
286		0.554773
286.1		0.55759
286.2		0.55759
286.3		0.55759
286.4		0.55759
286.5		0.55759
286.6		0.55759
286.7		0.55759
286.8		0.55759
286.9		0.55759
287		0.55759
287.1		0.557912
287.2		0.557912
287.3		0.557912
287.4		0.557912
287.5		0.557912
287.6		0.557912
287.7		0.557912
287.8		0.557912
287.9		0.557912
288		0.557912
288.1		0.5592
288.2		0.5592
288.3		0.5592
288.4		0.5592
288.5		0.5592
288.6		0.5592
288.7		0.5592
288.8		0.5592
288.9		0.5592
289		0.5592
289.1		0.566846
289.2		0.566846
289.3		0.566846
289.4		0.566846
289.5		0.566846
289.6		0.566846
289.7		0.566846
289.8		0.566846
289.9		0.566846
290		0.566846
290.1		0.566967
290.2		0.566967
290.3		0.566967
290.4		0.566967
290.5		0.566967
290.6		0.566967
290.7		0.566967
290.8		0.566967
290.9		0.566967
291		0.566967
291.1		0.567088
291.2		0.567088
291.3		0.567088
291.4		0.567088
291.5		0.567088
291.6		0.567088
291.7		0.567088
291.8		0.567088
291.9		0.567088
292		0.567088
292.1		0.568094
292.2		0.568094
292.3		0.568094
292.4		0.568094
292.5		0.568094
292.6		0.568094
292.7		0.568094
292.8		0.568094
292.9		0.568094
293		0.568094
293.1		0.568939
293.2		0.568939
293.3		0.568939
293.4		0.568939
293.5		0.568939
293.6		0.568939
293.7		0.568939
293.8		0.568939
293.9		0.568939
294		0.568939
294.1		0.571314
294.2		0.571314
294.3		0.571314
294.4		0.571314
294.5		0.571314
294.6		0.571314
294.7		0.571314
294.8		0.571314
294.9		0.571314
295		0.571314
295.1		0.575177
295.2		0.575177
295.3		0.575177
295.4		0.575177
295.5		0.575177
295.6		0.575177
295.7		0.575177
295.8		0.575177
295.9		0.575177
296		0.575177
296.1		0.576787
296.2		0.576787
296.3		0.576787
296.4		0.576787
296.5		0.576787
296.6		0.576787
296.7		0.576787
296.8		0.576787
296.9		0.576787
297		0.576787
297.1		0.579403
297.2		0.579403
297.3		0.579403
297.4		0.579403
297.5		0.579403
297.6		0.579403
297.7		0.579403
297.8		0.579403
297.9		0.579403
298		0.579403
298.1		0.580006
298.2		0.580006
298.3		0.580006
298.4		0.580006
298.5		0.580006
298.6		0.580006
298.7		0.580006
298.8		0.580006
298.9		0.580006
299		0.580006
299.1		0.588216
299.2		0.588216
299.3		0.588216
299.4		0.588216
299.5		0.588216
299.6		0.588216
299.7		0.588216
299.8		0.588216
299.9		0.588216
300		0.588216
300.1		0.589826
300.2		0.589826
300.3		0.589826
300.4		0.589826
300.5		0.589826
300.6		0.589826
300.7		0.589826
300.8		0.589826
300.9		0.589826
301		0.589826
301.1		0.591074
301.2		0.591074
301.3		0.591074
301.4		0.591074
301.5		0.591074
301.6		0.591074
301.7		0.591074
301.8		0.591074
301.9		0.591074
302		0.591074
302.1		0.592684
302.2		0.592684
302.3		0.592684
302.4		0.592684
302.5		0.592684
302.6		0.592684
302.7		0.592684
302.8		0.592684
302.9		0.592684
303		0.592684
303.1		0.597795
303.2		0.597795
303.3		0.597795
303.4		0.597795
303.5		0.597795
303.6		0.597795
303.7		0.597795
303.8		0.597795
303.9		0.597795
304		0.597795
304.1		0.598157
304.2		0.598157
304.3		0.598157
304.4		0.598157
304.5		0.598157
304.6		0.598157
304.7		0.598157
304.8		0.598157
304.9		0.598157
305		0.598157
305.1		0.601296
305.2		0.601296
305.3		0.601296
305.4		0.601296
305.5		0.601296
305.6		0.601296
305.7		0.601296
305.8		0.601296
305.9		0.601296
306		0.601296
306.1		0.60355
306.2		0.60355
306.3		0.60355
306.4		0.60355
306.5		0.60355
306.6		0.60355
306.7		0.60355
306.8		0.60355
306.9		0.60355
307		0.60355
307.1		0.605642
307.2		0.605642
307.3		0.605642
307.4		0.605642
307.5		0.605642
307.6		0.605642
307.7		0.605642
307.8		0.605642
307.9		0.605642
308		0.605642
308.1		0.607695
308.2		0.607695
308.3		0.607695
308.4		0.607695
308.5		0.607695
308.6		0.607695
308.7		0.607695
308.8		0.607695
308.9		0.607695
309		0.607695
309.1		0.610552
309.2		0.610552
309.3		0.610552
309.4		0.610552
309.5		0.610552
309.6		0.610552
309.7		0.610552
309.8		0.610552
309.9		0.610552
310		0.610552
310.1		0.610914
310.2		0.610914
310.3		0.610914
310.4		0.610914
310.5		0.610914
310.6		0.610914
310.7		0.610914
310.8		0.610914
310.9		0.610914
311		0.610914
311.1		0.614053
311.2		0.614053
311.3		0.614053
311.4		0.614053
311.5		0.614053
311.6		0.614053
311.7		0.614053
311.8		0.614053
311.9		0.614053
312		0.614053
312.1		0.616589
312.2		0.616589
312.3		0.616589
312.4		0.616589
312.5		0.616589
312.6		0.616589
312.7		0.616589
312.8		0.616589
312.9		0.616589
313		0.616589
313.1		0.618843
313.2		0.618843
313.3		0.618843
313.4		0.618843
313.5		0.618843
313.6		0.618843
313.7		0.618843
313.8		0.618843
313.9		0.618843
314		0.618843
314.1		0.619205
314.2		0.619205
314.3		0.619205
314.4		0.619205
314.5		0.619205
314.6		0.619205
314.7		0.619205
314.8		0.619205
314.9		0.619205
315		0.619205
315.1		0.621056
315.2		0.621056
315.3		0.621056
315.4		0.621056
315.5		0.621056
315.6		0.621056
315.7		0.621056
315.8		0.621056
315.9		0.621056
316		0.621056
316.1		0.626127
316.2		0.626127
316.3		0.626127
316.4		0.626127
316.5		0.626127
316.6		0.626127
316.7		0.626127
316.8		0.626127
316.9		0.626127
317		0.626127
317.1		0.626529
317.2		0.626529
317.3		0.626529
317.4		0.626529
317.5		0.626529
317.6		0.626529
317.7		0.626529
317.8		0.626529
317.9		0.626529
318		0.626529
318.1		0.627052
318.2		0.627052
318.3		0.627052
318.4		0.627052
318.5		0.627052
318.6		0.627052
318.7		0.627052
318.8		0.627052
318.9		0.627052
319		0.627052
319.1		0.628622
319.2		0.628622
319.3		0.628622
319.4		0.628622
319.5		0.628622
319.6		0.628622
319.7		0.628622
319.8		0.628622
319.9		0.628622
320		0.628622
320.1		0.632164
320.2		0.632164
320.3		0.632164
320.4		0.632164
320.5		0.632164
320.6		0.632164
320.7		0.632164
320.8		0.632164
320.9		0.632164
321		0.632164
321.1		0.633572
321.2		0.633572
321.3		0.633572
321.4		0.633572
321.5		0.633572
321.6		0.633572
321.7		0.633572
321.8		0.633572
321.9		0.633572
322		0.633572
322.1		0.633773
322.2		0.633773
322.3		0.633773
322.4		0.633773
322.5		0.633773
322.6		0.633773
322.7		0.633773
322.8		0.633773
322.9		0.633773
323		0.633773
323.1		0.635021
323.2		0.635021
323.3		0.635021
323.4		0.635021
323.5		0.635021
323.6		0.635021
323.7		0.635021
323.8		0.635021
323.9		0.635021
324		0.635021
324.1		0.637878
324.2		0.637878
324.3		0.637878
324.4		0.637878
324.5		0.637878
324.6		0.637878
324.7		0.637878
324.8		0.637878
324.9		0.637878
325		0.637878
325.1		0.641058
325.2		0.641058
325.3		0.641058
325.4		0.641058
325.5		0.641058
325.6		0.641058
325.7		0.641058
325.8		0.641058
325.9		0.641058
326		0.641058
326.1		0.643231
326.2		0.643231
326.3		0.643231
326.4		0.643231
326.5		0.643231
326.6		0.643231
326.7		0.643231
326.8		0.643231
326.9		0.643231
327		0.643231
327.1		0.644358
327.2		0.644358
327.3		0.644358
327.4		0.644358
327.5		0.644358
327.6		0.644358
327.7		0.644358
327.8		0.644358
327.9		0.644358
328		0.644358
328.1		0.646491
328.2		0.646491
328.3		0.646491
328.4		0.646491
328.5		0.646491
328.6		0.646491
328.7		0.646491
328.8		0.646491
328.9		0.646491
329		0.646491
329.1		0.646853
329.2		0.646853
329.3		0.646853
329.4		0.646853
329.5		0.646853
329.6		0.646853
329.7		0.646853
329.8		0.646853
329.9		0.646853
330		0.646853
330.1		0.647376
330.2		0.647376
330.3		0.647376
330.4		0.647376
330.5		0.647376
330.6		0.647376
330.7		0.647376
330.8		0.647376
330.9		0.647376
331		0.647376
331.1		0.652608
331.2		0.652608
331.3		0.652608
331.4		0.652608
331.5		0.652608
331.6		0.652608
331.7		0.652608
331.8		0.652608
331.9		0.652608
332		0.652608
332.1		0.654701
332.2		0.654701
332.3		0.654701
332.4		0.654701
332.5		0.654701
332.6		0.654701
332.7		0.654701
332.8		0.654701
332.9		0.654701
333		0.654701
333.1		0.657156
333.2		0.657156
333.3		0.657156
333.4		0.657156
333.5		0.657156
333.6		0.657156
333.7		0.657156
333.8		0.657156
333.9		0.657156
334		0.657156
334.1		0.658806
334.2		0.658806
334.3		0.658806
334.4		0.658806
334.5		0.658806
334.6		0.658806
334.7		0.658806
334.8		0.658806
334.9		0.658806
335		0.658806
335.1		0.659087
335.2		0.659087
335.3		0.659087
335.4		0.659087
335.5		0.659087
335.6		0.659087
335.7		0.659087
335.8		0.659087
335.9		0.659087
336		0.659087
336.1		0.663031
336.2		0.663031
336.3		0.663031
336.4		0.663031
336.5		0.663031
336.6		0.663031
336.7		0.663031
336.8		0.663031
336.9		0.663031
337		0.663031
337.1		0.664802
337.2		0.664802
337.3		0.664802
337.4		0.664802
337.5		0.664802
337.6		0.664802
337.7		0.664802
337.8		0.664802
337.9		0.664802
338		0.664802
338.1		0.669309
338.2		0.669309
338.3		0.669309
338.4		0.669309
338.5		0.669309
338.6		0.669309
338.7		0.669309
338.8		0.669309
338.9		0.669309
339		0.669309
339.1		0.67104
339.2		0.67104
339.3		0.67104
339.4		0.67104
339.5		0.67104
339.6		0.67104
339.7		0.67104
339.8		0.67104
339.9		0.67104
340		0.67104
340.1		0.672328
340.2		0.672328
340.3		0.672328
340.4		0.672328
340.5		0.672328
340.6		0.672328
340.7		0.672328
340.8		0.672328
340.9		0.672328
341		0.672328
341.1		0.675306
341.2		0.675306
341.3		0.675306
341.4		0.675306
341.5		0.675306
341.6		0.675306
341.7		0.675306
341.8		0.675306
341.9		0.675306
342		0.675306
342.1		0.677801
342.2		0.677801
342.3		0.677801
342.4		0.677801
342.5		0.677801
342.6		0.677801
342.7		0.677801
342.8		0.677801
342.9		0.677801
343		0.677801
343.1		0.680095
343.2		0.680095
343.3		0.680095
343.4		0.680095
343.5		0.680095
343.6		0.680095
343.7		0.680095
343.8		0.680095
343.9		0.680095
344		0.680095
344.1		0.681745
344.2		0.681745
344.3		0.681745
344.4		0.681745
344.5		0.681745
344.6		0.681745
344.7		0.681745
344.8		0.681745
344.9		0.681745
345		0.681745
345.1		0.68255
345.2		0.68255
345.3		0.68255
345.4		0.68255
345.5		0.68255
345.6		0.68255
345.7		0.68255
345.8		0.68255
345.9		0.68255
346		0.68255
346.1		0.686655
346.2		0.686655
346.3		0.686655
346.4		0.686655
346.5		0.686655
346.6		0.686655
346.7		0.686655
346.8		0.686655
346.9		0.686655
347		0.686655
347.1		0.690398
347.2		0.690398
347.3		0.690398
347.4		0.690398
347.5		0.690398
347.6		0.690398
347.7		0.690398
347.8		0.690398
347.9		0.690398
348		0.690398
348.1		0.691001
348.2		0.691001
348.3		0.691001
348.4		0.691001
348.5		0.691001
348.6		0.691001
348.7		0.691001
348.8		0.691001
348.9		0.691001
349		0.691001
349.1		0.692692
349.2		0.692692
349.3		0.692692
349.4		0.692692
349.5		0.692692
349.6		0.692692
349.7		0.692692
349.8		0.692692
349.9		0.692692
350		0.692692
350.1		0.692812
350.2		0.692812
350.3		0.692812
350.4		0.692812
350.5		0.692812
350.6		0.692812
350.7		0.692812
350.8		0.692812
350.9		0.692812
351		0.692812
351.1		0.692933
351.2		0.692933
351.3		0.692933
351.4		0.692933
351.5		0.692933
351.6		0.692933
351.7		0.692933
351.8		0.692933
351.9		0.692933
352		0.692933
352.1		0.698889
352.2		0.698889
352.3		0.698889
352.4		0.698889
352.5		0.698889
352.6		0.698889
352.7		0.698889
352.8		0.698889
352.9		0.698889
353		0.698889
353.1		0.701988
353.2		0.701988
353.3		0.701988
353.4		0.701988
353.5		0.701988
353.6		0.701988
353.7		0.701988
353.8		0.701988
353.9		0.701988
354		0.701988
354.1		0.70235
354.2		0.70235
354.3		0.70235
354.4		0.70235
354.5		0.70235
354.6		0.70235
354.7		0.70235
354.8		0.70235
354.9		0.70235
355		0.70235
355.1		0.706495
355.2		0.706495
355.3		0.706495
355.4		0.706495
355.5		0.706495
355.6		0.706495
355.7		0.706495
355.8		0.706495
355.9		0.706495
356		0.706495
356.1		0.708307
356.2		0.708307
356.3		0.708307
356.4		0.708307
356.5		0.708307
356.6		0.708307
356.7		0.708307
356.8		0.708307
356.9		0.708307
357		0.708307
357.1		0.714907
357.2		0.714907
357.3		0.714907
357.4		0.714907
357.5		0.714907
357.6		0.714907
357.7		0.714907
357.8		0.714907
357.9		0.714907
358		0.714907
358.1		0.715309
358.2		0.715309
358.3		0.715309
358.4		0.715309
358.5		0.715309
358.6		0.715309
358.7		0.715309
358.8		0.715309
358.9		0.715309
359		0.715309
359.1		0.715832
359.2		0.715832
359.3		0.715832
359.4		0.715832
359.5		0.715832
359.6		0.715832
359.7		0.715832
359.8		0.715832
359.9		0.715832
360		0.715832
360.1		0.722513
360.2		0.722513
360.3		0.722513
360.4		0.722513
360.5		0.722513
360.6		0.722513
360.7		0.722513
360.8		0.722513
360.9		0.722513
361		0.722513
361.1		0.723197
361.2		0.723197
361.3		0.723197
361.4		0.723197
361.5		0.723197
361.6		0.723197
361.7		0.723197
361.8		0.723197
361.9		0.723197
362		0.723197
362.1		0.723841
362.2		0.723841
362.3		0.723841
362.4		0.723841
362.5		0.723841
362.6		0.723841
362.7		0.723841
362.8		0.723841
362.9		0.723841
363		0.723841
363.1		0.72533
363.2		0.72533
363.3		0.72533
363.4		0.72533
363.5		0.72533
363.6		0.72533
363.7		0.72533
363.8		0.72533
363.9		0.72533
364		0.72533
364.1		0.728711
364.2		0.728711
364.3		0.728711
364.4		0.728711
364.5		0.728711
364.6		0.728711
364.7		0.728711
364.8		0.728711
364.9		0.728711
365		0.728711
365.1		0.731608
365.2		0.731608
365.3		0.731608
365.4		0.731608
365.5		0.731608
365.6		0.731608
365.7		0.731608
365.8		0.731608
365.9		0.731608
366		0.731608
366.1		0.732735
366.2		0.732735
366.3		0.732735
366.4		0.732735
366.5		0.732735
366.6		0.732735
366.7		0.732735
366.8		0.732735
366.9		0.732735
367		0.732735
367.1		0.733057
367.2		0.733057
367.3		0.733057
367.4		0.733057
367.5		0.733057
367.6		0.733057
367.7		0.733057
367.8		0.733057
367.9		0.733057
368		0.733057
368.1		0.7368
368.2		0.7368
368.3		0.7368
368.4		0.7368
368.5		0.7368
368.6		0.7368
368.7		0.7368
368.8		0.7368
368.9		0.7368
369		0.7368
369.1		0.73853
369.2		0.73853
369.3		0.73853
369.4		0.73853
369.5		0.73853
369.6		0.73853
369.7		0.73853
369.8		0.73853
369.9		0.73853
370		0.73853
370.1		0.741106
370.2		0.741106
370.3		0.741106
370.4		0.741106
370.5		0.741106
370.6		0.741106
370.7		0.741106
370.8		0.741106
370.9		0.741106
371		0.741106
371.1		0.741911
371.2		0.741911
371.3		0.741911
371.4		0.741911
371.5		0.741911
371.6		0.741911
371.7		0.741911
371.8		0.741911
371.9		0.741911
372		0.741911
372.1		0.742112
372.2		0.742112
372.3		0.742112
372.4		0.742112
372.5		0.742112
372.6		0.742112
372.7		0.742112
372.8		0.742112
372.9		0.742112
373		0.742112
373.1		0.746982
373.2		0.746982
373.3		0.746982
373.4		0.746982
373.5		0.746982
373.6		0.746982
373.7		0.746982
373.8		0.746982
373.9		0.746982
374		0.746982
374.1		0.75004
374.2		0.75004
374.3		0.75004
374.4		0.75004
374.5		0.75004
374.6		0.75004
374.7		0.75004
374.8		0.75004
374.9		0.75004
375		0.75004
375.1		0.751892
375.2		0.751892
375.3		0.751892
375.4		0.751892
375.5		0.751892
375.6		0.751892
375.7		0.751892
375.8		0.751892
375.9		0.751892
376		0.751892
376.1		0.752093
376.2		0.752093
376.3		0.752093
376.4		0.752093
376.5		0.752093
376.6		0.752093
376.7		0.752093
376.8		0.752093
376.9		0.752093
377		0.752093
377.1		0.753823
377.2		0.753823
377.3		0.753823
377.4		0.753823
377.5		0.753823
377.6		0.753823
377.7		0.753823
377.8		0.753823
377.9		0.753823
378		0.753823
378.1		0.757968
378.2		0.757968
378.3		0.757968
378.4		0.757968
378.5		0.757968
378.6		0.757968
378.7		0.757968
378.8		0.757968
378.9		0.757968
379		0.757968
379.1		0.758612
379.2		0.758612
379.3		0.758612
379.4		0.758612
379.5		0.758612
379.6		0.758612
379.7		0.758612
379.8		0.758612
379.9		0.758612
380		0.758612
380.1		0.760262
380.2		0.760262
380.3		0.760262
380.4		0.760262
380.5		0.760262
380.6		0.760262
380.7		0.760262
380.8		0.760262
380.9		0.760262
381		0.760262
381.1		0.761751
381.2		0.761751
381.3		0.761751
381.4		0.761751
381.5		0.761751
381.6		0.761751
381.7		0.761751
381.8		0.761751
381.9		0.761751
382		0.761751
382.1		0.76642
382.2		0.76642
382.3		0.76642
382.4		0.76642
382.5		0.76642
382.6		0.76642
382.7		0.76642
382.8		0.76642
382.9		0.76642
383		0.76642
383.1		0.768835
383.2		0.768835
383.3		0.768835
383.4		0.768835
383.5		0.768835
383.6		0.768835
383.7		0.768835
383.8		0.768835
383.9		0.768835
384		0.768835
384.1		0.769076
384.2		0.769076
384.3		0.769076
384.4		0.769076
384.5		0.769076
384.6		0.769076
384.7		0.769076
384.8		0.769076
384.9		0.769076
385		0.769076
385.1		0.769961
385.2		0.769961
385.3		0.769961
385.4		0.769961
385.5		0.769961
385.6		0.769961
385.7		0.769961
385.8		0.769961
385.9		0.769961
386		0.769961
386.1		0.772376
386.2		0.772376
386.3		0.772376
386.4		0.772376
386.5		0.772376
386.6		0.772376
386.7		0.772376
386.8		0.772376
386.9		0.772376
387		0.772376
387.1		0.77467
387.2		0.77467
387.3		0.77467
387.4		0.77467
387.5		0.77467
387.6		0.77467
387.7		0.77467
387.8		0.77467
387.9		0.77467
388		0.77467
388.1		0.776924
388.2		0.776924
388.3		0.776924
388.4		0.776924
388.5		0.776924
388.6		0.776924
388.7		0.776924
388.8		0.776924
388.9		0.776924
389		0.776924
389.1		0.780344
389.2		0.780344
389.3		0.780344
389.4		0.780344
389.5		0.780344
389.6		0.780344
389.7		0.780344
389.8		0.780344
389.9		0.780344
390		0.780344
390.1		0.780988
390.2		0.780988
390.3		0.780988
390.4		0.780988
390.5		0.780988
390.6		0.780988
390.7		0.780988
390.8		0.780988
390.9		0.780988
391		0.780988
391.1		0.784329
391.2		0.784329
391.3		0.784329
391.4		0.784329
391.5		0.784329
391.6		0.784329
391.7		0.784329
391.8		0.784329
391.9		0.784329
392		0.784329
392.1		0.785013
392.2		0.785013
392.3		0.785013
392.4		0.785013
392.5		0.785013
392.6		0.785013
392.7		0.785013
392.8		0.785013
392.9		0.785013
393		0.785013
393.1		0.785657
393.2		0.785657
393.3		0.785657
393.4		0.785657
393.5		0.785657
393.6		0.785657
393.7		0.785657
393.8		0.785657
393.9		0.785657
394		0.785657
394.1		0.788031
394.2		0.788031
394.3		0.788031
394.4		0.788031
394.5		0.788031
394.6		0.788031
394.7		0.788031
394.8		0.788031
394.9		0.788031
395		0.788031
395.1		0.790607
395.2		0.790607
395.3		0.790607
395.4		0.790607
395.5		0.790607
395.6		0.790607
395.7		0.790607
395.8		0.790607
395.9		0.790607
396		0.790607
396.1		0.793625
396.2		0.793625
396.3		0.793625
396.4		0.793625
396.5		0.793625
396.6		0.793625
396.7		0.793625
396.8		0.793625
396.9		0.793625
397		0.793625
397.1		0.79439
397.2		0.79439
397.3		0.79439
397.4		0.79439
397.5		0.79439
397.6		0.79439
397.7		0.79439
397.8		0.79439
397.9		0.79439
398		0.79439
398.1		0.794752
398.2		0.794752
398.3		0.794752
398.4		0.794752
398.5		0.794752
398.6		0.794752
398.7		0.794752
398.8		0.794752
398.9		0.794752
399		0.794752
399.1		0.801231
399.2		0.801231
399.3		0.801231
399.4		0.801231
399.5		0.801231
399.6		0.801231
399.7		0.801231
399.8		0.801231
399.9		0.801231
400		0.801231
400.1		0.802519
400.2		0.802519
400.3		0.802519
400.4		0.802519
400.5		0.802519
400.6		0.802519
400.7		0.802519
400.8		0.802519
400.9		0.802519
401		0.802519
401.1		0.803485
401.2		0.803485
401.3		0.803485
401.4		0.803485
401.5		0.803485
401.6		0.803485
401.7		0.803485
401.8		0.803485
401.9		0.803485
402		0.803485
402.1		0.804129
402.2		0.804129
402.3		0.804129
402.4		0.804129
402.5		0.804129
402.6		0.804129
402.7		0.804129
402.8		0.804129
402.9		0.804129
403		0.804129
403.1		0.804572
403.2		0.804572
403.3		0.804572
403.4		0.804572
403.5		0.804572
403.6		0.804572
403.7		0.804572
403.8		0.804572
403.9		0.804572
404		0.804572
404.1		0.811293
404.2		0.811293
404.3		0.811293
404.4		0.811293
404.5		0.811293
404.6		0.811293
404.7		0.811293
404.8		0.811293
404.9		0.811293
405		0.811293
405.1		0.811534
405.2		0.811534
405.3		0.811534
405.4		0.811534
405.5		0.811534
405.6		0.811534
405.7		0.811534
405.8		0.811534
405.9		0.811534
406		0.811534
406.1		0.81242
406.2		0.81242
406.3		0.81242
406.4		0.81242
406.5		0.81242
406.6		0.81242
406.7		0.81242
406.8		0.81242
406.9		0.81242
407		0.81242
407.1		0.814311
407.2		0.814311
407.3		0.814311
407.4		0.814311
407.5		0.814311
407.6		0.814311
407.7		0.814311
407.8		0.814311
407.9		0.814311
408		0.814311
408.1		0.818295
408.2		0.818295
408.3		0.818295
408.4		0.818295
408.5		0.818295
408.6		0.818295
408.7		0.818295
408.8		0.818295
408.9		0.818295
409		0.818295
409.1		0.819825
409.2		0.819825
409.3		0.819825
409.4		0.819825
409.5		0.819825
409.6		0.819825
409.7		0.819825
409.8		0.819825
409.9		0.819825
410		0.819825
410.1		0.82232
410.2		0.82232
410.3		0.82232
410.4		0.82232
410.5		0.82232
410.6		0.82232
410.7		0.82232
410.8		0.82232
410.9		0.82232
411		0.82232
411.1		0.823728
411.2		0.823728
411.3		0.823728
411.4		0.823728
411.5		0.823728
411.6		0.823728
411.7		0.823728
411.8		0.823728
411.9		0.823728
412		0.823728
412.1		0.827793
412.2		0.827793
412.3		0.827793
412.4		0.827793
412.5		0.827793
412.6		0.827793
412.7		0.827793
412.8		0.827793
412.9		0.827793
413		0.827793
413.1		0.827793
413.2		0.827793
413.3		0.827793
413.4		0.827793
413.5		0.827793
413.6		0.827793
413.7		0.827793
413.8		0.827793
413.9		0.827793
414		0.827793
414.1		0.827994
414.2		0.827994
414.3		0.827994
414.4		0.827994
414.5		0.827994
414.6		0.827994
414.7		0.827994
414.8		0.827994
414.9		0.827994
415		0.827994
415.1		0.830288
415.2		0.830288
415.3		0.830288
415.4		0.830288
415.5		0.830288
415.6		0.830288
415.7		0.830288
415.8		0.830288
415.9		0.830288
416		0.830288
416.1		0.835641
416.2		0.835641
416.3		0.835641
416.4		0.835641
416.5		0.835641
416.6		0.835641
416.7		0.835641
416.8		0.835641
416.9		0.835641
417		0.835641
417.1		0.836848
417.2		0.836848
417.3		0.836848
417.4		0.836848
417.5		0.836848
417.6		0.836848
417.7		0.836848
417.8		0.836848
417.9		0.836848
418		0.836848
418.1		0.837935
418.2		0.837935
418.3		0.837935
418.4		0.837935
418.5		0.837935
418.6		0.837935
418.7		0.837935
418.8		0.837935
418.9		0.837935
419		0.837935
419.1		0.839665
419.2		0.839665
419.3		0.839665
419.4		0.839665
419.5		0.839665
419.6		0.839665
419.7		0.839665
419.8		0.839665
419.9		0.839665
420		0.839665
420.1		0.839987
420.2		0.839987
420.3		0.839987
420.4		0.839987
420.5		0.839987
420.6		0.839987
420.7		0.839987
420.8		0.839987
420.9		0.839987
421		0.839987
421.1		0.844656
421.2		0.844656
421.3		0.844656
421.4		0.844656
421.5		0.844656
421.6		0.844656
421.7		0.844656
421.8		0.844656
421.9		0.844656
422		0.844656
422.1		0.847432
422.2		0.847432
422.3		0.847432
422.4		0.847432
422.5		0.847432
422.6		0.847432
422.7		0.847432
422.8		0.847432
422.9		0.847432
423		0.847432
423.1		0.847875
423.2		0.847875
423.3		0.847875
423.4		0.847875
423.5		0.847875
423.6		0.847875
423.7		0.847875
423.8		0.847875
423.9		0.847875
424		0.847875
424.1		0.850048
424.2		0.850048
424.3		0.850048
424.4		0.850048
424.5		0.850048
424.6		0.850048
424.7		0.850048
424.8		0.850048
424.9		0.850048
425		0.850048
425.1		0.85037
425.2		0.85037
425.3		0.85037
425.4		0.85037
425.5		0.85037
425.6		0.85037
425.7		0.85037
425.8		0.85037
425.9		0.85037
426		0.85037
426.1		0.852785
426.2		0.852785
426.3		0.852785
426.4		0.852785
426.5		0.852785
426.6		0.852785
426.7		0.852785
426.8		0.852785
426.9		0.852785
427		0.852785
427.1		0.855481
427.2		0.855481
427.3		0.855481
427.4		0.855481
427.5		0.855481
427.6		0.855481
427.7		0.855481
427.8		0.855481
427.9		0.855481
428		0.855481
428.1		0.85689
428.2		0.85689
428.3		0.85689
428.4		0.85689
428.5		0.85689
428.6		0.85689
428.7		0.85689
428.8		0.85689
428.9		0.85689
429		0.85689
429.1		0.8618
429.2		0.8618
429.3		0.8618
429.4		0.8618
429.5		0.8618
429.6		0.8618
429.7		0.8618
429.8		0.8618
429.9		0.8618
430		0.8618
430.1		0.863571
430.2		0.863571
430.3		0.863571
430.4		0.863571
430.5		0.863571
430.6		0.863571
430.7		0.863571
430.8		0.863571
430.9		0.863571
431		0.863571
431.1		0.864617
431.2		0.864617
431.3		0.864617
431.4		0.864617
431.5		0.864617
431.6		0.864617
431.7		0.864617
431.8		0.864617
431.9		0.864617
432		0.864617
432.1		0.866589
432.2		0.866589
432.3		0.866589
432.4		0.866589
432.5		0.866589
432.6		0.866589
432.7		0.866589
432.8		0.866589
432.9		0.866589
433		0.866589
433.1		0.870573
433.2		0.870573
433.3		0.870573
433.4		0.870573
433.5		0.870573
433.6		0.870573
433.7		0.870573
433.8		0.870573
433.9		0.870573
434		0.870573
434.1		0.87339
434.2		0.87339
434.3		0.87339
434.4		0.87339
434.5		0.87339
434.6		0.87339
434.7		0.87339
434.8		0.87339
434.9		0.87339
435		0.87339
435.1		0.874759
435.2		0.874759
435.3		0.874759
435.4		0.874759
435.5		0.874759
435.6		0.874759
435.7		0.874759
435.8		0.874759
435.9		0.874759
436		0.874759
436.1		0.87496
436.2		0.87496
436.3		0.87496
436.4		0.87496
436.5		0.87496
436.6		0.87496
436.7		0.87496
436.8		0.87496
436.9		0.87496
437		0.87496
437.1		0.875926
437.2		0.875926
437.3		0.875926
437.4		0.875926
437.5		0.875926
437.6		0.875926
437.7		0.875926
437.8		0.875926
437.9		0.875926
438		0.875926
438.1		0.881962
438.2		0.881962
438.3		0.881962
438.4		0.881962
438.5		0.881962
438.6		0.881962
438.7		0.881962
438.8		0.881962
438.9		0.881962
439		0.881962
439.1		0.883049
439.2		0.883049
439.3		0.883049
439.4		0.883049
439.5		0.883049
439.6		0.883049
439.7		0.883049
439.8		0.883049
439.9		0.883049
440		0.883049
440.1		0.884297
440.2		0.884297
440.3		0.884297
440.4		0.884297
440.5		0.884297
440.6		0.884297
440.7		0.884297
440.8		0.884297
440.9		0.884297
441		0.884297
441.1		0.884981
441.2		0.884981
441.3		0.884981
441.4		0.884981
441.5		0.884981
441.6		0.884981
441.7		0.884981
441.8		0.884981
441.9		0.884981
442		0.884981
442.1		0.889488
442.2		0.889488
442.3		0.889488
442.4		0.889488
442.5		0.889488
442.6		0.889488
442.7		0.889488
442.8		0.889488
442.9		0.889488
443		0.889488
443.1		0.890575
443.2		0.890575
443.3		0.890575
443.4		0.890575
443.5		0.890575
443.6		0.890575
443.7		0.890575
443.8		0.890575
443.9		0.890575
444		0.890575
444.1		0.893432
444.2		0.893432
444.3		0.893432
444.4		0.893432
444.5		0.893432
444.6		0.893432
444.7		0.893432
444.8		0.893432
444.9		0.893432
445		0.893432
445.1		0.894237
445.2		0.894237
445.3		0.894237
445.4		0.894237
445.5		0.894237
445.6		0.894237
445.7		0.894237
445.8		0.894237
445.9		0.894237
446		0.894237
446.1		0.895726
446.2		0.895726
446.3		0.895726
446.4		0.895726
446.5		0.895726
446.6		0.895726
446.7		0.895726
446.8		0.895726
446.9		0.895726
447		0.895726
447.1		0.898905
447.2		0.898905
447.3		0.898905
447.4		0.898905
447.5		0.898905
447.6		0.898905
447.7		0.898905
447.8		0.898905
447.9		0.898905
448		0.898905
448.1		0.899227
448.2		0.899227
448.3		0.899227
448.4		0.899227
448.5		0.899227
448.6		0.899227
448.7		0.899227
448.8		0.899227
448.9		0.899227
449		0.899227
449.1		0.901883
449.2		0.901883
449.3		0.901883
449.4		0.901883
449.5		0.901883
449.6		0.901883
449.7		0.901883
449.8		0.901883
449.9		0.901883
450		0.901883
450.1		0.905304
450.2		0.905304
450.3		0.905304
450.4		0.905304
450.5		0.905304
450.6		0.905304
450.7		0.905304
450.8		0.905304
450.9		0.905304
451		0.905304
451.1		0.908484
451.2		0.908484
451.3		0.908484
451.4		0.908484
451.5		0.908484
451.6		0.908484
451.7		0.908484
451.8		0.908484
451.9		0.908484
452		0.908484
452.1		0.908926
452.2		0.908926
452.3		0.908926
452.4		0.908926
452.5		0.908926
452.6		0.908926
452.7		0.908926
452.8		0.908926
452.9		0.908926
453		0.908926
453.1		0.910335
453.2		0.910335
453.3		0.910335
453.4		0.910335
453.5		0.910335
453.6		0.910335
453.7		0.910335
453.8		0.910335
453.9		0.910335
454		0.910335
454.1		0.910415
454.2		0.910415
454.3		0.910415
454.4		0.910415
454.5		0.910415
454.6		0.910415
454.7		0.910415
454.8		0.910415
454.9		0.910415
455		0.910415
455.1		0.915003
455.2		0.915003
455.3		0.915003
455.4		0.915003
455.5		0.915003
455.6		0.915003
455.7		0.915003
455.8		0.915003
455.9		0.915003
456		0.915003
456.1		0.915728
456.2		0.915728
456.3		0.915728
456.4		0.915728
456.5		0.915728
456.6		0.915728
456.7		0.915728
456.8		0.915728
456.9		0.915728
457		0.915728
457.1		0.918344
457.2		0.918344
457.3		0.918344
457.4		0.918344
457.5		0.918344
457.6		0.918344
457.7		0.918344
457.8		0.918344
457.9		0.918344
458		0.918344
458.1		0.918907
458.2		0.918907
458.3		0.918907
458.4		0.918907
458.5		0.918907
458.6		0.918907
458.7		0.918907
458.8		0.918907
458.9		0.918907
459		0.918907
459.1		0.919833
459.2		0.919833
459.3		0.919833
459.4		0.919833
459.5		0.919833
459.6		0.919833
459.7		0.919833
459.8		0.919833
459.9		0.919833
460		0.919833
460.1		0.923253
460.2		0.923253
460.3		0.923253
460.4		0.923253
460.5		0.923253
460.6		0.923253
460.7		0.923253
460.8		0.923253
460.9		0.923253
461		0.923253
461.1		0.924581
461.2		0.924581
461.3		0.924581
461.4		0.924581
461.5		0.924581
461.6		0.924581
461.7		0.924581
461.8		0.924581
461.9		0.924581
462		0.924581
462.1		0.925507
462.2		0.925507
462.3		0.925507
462.4		0.925507
462.5		0.925507
462.6		0.925507
462.7		0.925507
462.8		0.925507
462.9		0.925507
463		0.925507
463.1		0.929008
463.2		0.929008
463.3		0.929008
463.4		0.929008
463.5		0.929008
463.6		0.929008
463.7		0.929008
463.8		0.929008
463.9		0.929008
464		0.929008
464.1		0.930618
464.2		0.930618
464.3		0.930618
464.4		0.930618
464.5		0.930618
464.6		0.930618
464.7		0.930618
464.8		0.930618
464.9		0.930618
465		0.930618
465.1		0.931705
465.2		0.931705
465.3		0.931705
465.4		0.931705
465.5		0.931705
465.6		0.931705
465.7		0.931705
465.8		0.931705
465.9		0.931705
466		0.931705
466.1		0.93424
466.2		0.93424
466.3		0.93424
466.4		0.93424
466.5		0.93424
466.6		0.93424
466.7		0.93424
466.8		0.93424
466.9		0.93424
467		0.93424
467.1		0.935608
467.2		0.935608
467.3		0.935608
467.4		0.935608
467.5		0.935608
467.6		0.935608
467.7		0.935608
467.8		0.935608
467.9		0.935608
468		0.935608
468.1		0.938546
468.2		0.938546
468.3		0.938546
468.4		0.938546
468.5		0.938546
468.6		0.938546
468.7		0.938546
468.8		0.938546
468.9		0.938546
469		0.938546
469.1		0.940438
469.2		0.940438
469.3		0.940438
469.4		0.940438
469.5		0.940438
469.6		0.940438
469.7		0.940438
469.8		0.940438
469.9		0.940438
470		0.940438
470.1		0.94072
470.2		0.94072
470.3		0.94072
470.4		0.94072
470.5		0.94072
470.6		0.94072
470.7		0.94072
470.8		0.94072
470.9		0.94072
471		0.94072
471.1		0.94084
471.2		0.94084
471.3		0.94084
471.4		0.94084
471.5		0.94084
471.6		0.94084
471.7		0.94084
471.8		0.94084
471.9		0.94084
472		0.94084
472.1		0.946595
472.2		0.946595
472.3		0.946595
472.4		0.946595
472.5		0.946595
472.6		0.946595
472.7		0.946595
472.8		0.946595
472.9		0.946595
473		0.946595
473.1		0.948084
473.2		0.948084
473.3		0.948084
473.4		0.948084
473.5		0.948084
473.6		0.948084
473.7		0.948084
473.8		0.948084
473.9		0.948084
474		0.948084
474.1		0.948889
474.2		0.948889
474.3		0.948889
474.4		0.948889
474.5		0.948889
474.6		0.948889
474.7		0.948889
474.8		0.948889
474.9		0.948889
475		0.948889
475.1		0.949332
475.2		0.949332
475.3		0.949332
475.4		0.949332
475.5		0.949332
475.6		0.949332
475.7		0.949332
475.8		0.949332
475.9		0.949332
476		0.949332
476.1		0.952793
476.2		0.952793
476.3		0.952793
476.4		0.952793
476.5		0.952793
476.6		0.952793
476.7		0.952793
476.8		0.952793
476.9		0.952793
477		0.952793
477.1		0.954363
477.2		0.954363
477.3		0.954363
477.4		0.954363
477.5		0.954363
477.6		0.954363
477.7		0.954363
477.8		0.954363
477.9		0.954363
478		0.954363
478.1		0.954845
478.2		0.954845
478.3		0.954845
478.4		0.954845
478.5		0.954845
478.6		0.954845
478.7		0.954845
478.8		0.954845
478.9		0.954845
479		0.954845
479.1		0.956415
479.2		0.956415
479.3		0.956415
479.4		0.956415
479.5		0.956415
479.6		0.956415
479.7		0.956415
479.8		0.956415
479.9		0.956415
480		0.956415
480.1		0.95883
480.2		0.95883
480.3		0.95883
480.4		0.95883
480.5		0.95883
480.6		0.95883
480.7		0.95883
480.8		0.95883
480.9		0.95883
481		0.95883
481.1		0.961687
481.2		0.961687
481.3		0.961687
481.4		0.961687
481.5		0.961687
481.6		0.961687
481.7		0.961687
481.8		0.961687
481.9		0.961687
482		0.961687
482.1		0.962693
482.2		0.962693
482.3		0.962693
482.4		0.962693
482.5		0.962693
482.6		0.962693
482.7		0.962693
482.8		0.962693
482.9		0.962693
483		0.962693
483.1		0.96378
483.2		0.96378
483.3		0.96378
483.4		0.96378
483.5		0.96378
483.6		0.96378
483.7		0.96378
483.8		0.96378
483.9		0.96378
484		0.96378
484.1		0.966758
484.2		0.966758
484.3		0.966758
484.4		0.966758
484.5		0.966758
484.6		0.966758
484.7		0.966758
484.8		0.966758
484.9		0.966758
485		0.966758
485.1		0.969012
485.2		0.969012
485.3		0.969012
485.4		0.969012
485.5		0.969012
485.6		0.969012
485.7		0.969012
485.8		0.969012
485.9		0.969012
486		0.969012
486.1		0.97038
486.2		0.97038
486.3		0.97038
486.4		0.97038
486.5		0.97038
486.6		0.97038
486.7		0.97038
486.8		0.97038
486.9		0.97038
487		0.97038
487.1		0.974123
487.2		0.974123
487.3		0.974123
487.4		0.974123
487.5		0.974123
487.6		0.974123
487.7		0.974123
487.8		0.974123
487.9		0.974123
488		0.974123
488.1		0.975451
488.2		0.975451
488.3		0.975451
488.4		0.975451
488.5		0.975451
488.6		0.975451
488.7		0.975451
488.8		0.975451
488.9		0.975451
489		0.975451
489.1		0.976578
489.2		0.976578
489.3		0.976578
489.4		0.976578
489.5		0.976578
489.6		0.976578
489.7		0.976578
489.8		0.976578
489.9		0.976578
490		0.976578
490.1		0.979515
490.2		0.979515
490.3		0.979515
490.4		0.979515
490.5		0.979515
490.6		0.979515
490.7		0.979515
490.8		0.979515
490.9		0.979515
491		0.979515
491.1		0.980522
491.2		0.980522
491.3		0.980522
491.4		0.980522
491.5		0.980522
491.6		0.980522
491.7		0.980522
491.8		0.980522
491.9		0.980522
492		0.980522
492.1		0.981769
492.2		0.981769
492.3		0.981769
492.4		0.981769
492.5		0.981769
492.6		0.981769
492.7		0.981769
492.8		0.981769
492.9		0.981769
493		0.981769
493.1		0.984144
493.2		0.984144
493.3		0.984144
493.4		0.984144
493.5		0.984144
493.6		0.984144
493.7		0.984144
493.8		0.984144
493.9		0.984144
494		0.984144
494.1		0.987524
494.2		0.987524
494.3		0.987524
494.4		0.987524
494.5		0.987524
494.6		0.987524
494.7		0.987524
494.8		0.987524
494.9		0.987524
495		0.987524
495.1		0.98841
495.2		0.98841
495.3		0.98841
495.4		0.98841
495.5		0.98841
495.6		0.98841
495.7		0.98841
495.8		0.98841
495.9		0.98841
496		0.98841
496.1		0.988812
496.2		0.988812
496.3		0.988812
496.4		0.988812
496.5		0.988812
496.6		0.988812
496.7		0.988812
496.8		0.988812
496.9		0.988812
497		0.988812
497.1		0.990744
497.2		0.990744
497.3		0.990744
497.4		0.990744
497.5		0.990744
497.6		0.990744
497.7		0.990744
497.8		0.990744
497.9		0.990744
498		0.990744
498.1		0.992032
498.2		0.992032
498.3		0.992032
498.4		0.992032
498.5		0.992032
498.6		0.992032
498.7		0.992032
498.8		0.992032
498.9		0.992032
499		0.992032
499.1		0.996901
499.2		0.996901
499.3		0.996901
499.4		0.996901
499.5		0.996901
499.6		0.996901
499.7		0.996901
499.8		0.996901
499.9		0.996901
500		0.996901
500.1		0.998229
500.2		0.998229
500.3		0.998229
500.4		0.998229
500.5		0.998229
500.6		0.998229
500.7		0.998229
500.8		0.998229
500.9		0.998229
501		0.998229
501.1		0.998954
501.2		0.998954
501.3		0.998954
501.4		0.998954
501.5		0.998954
501.6		0.998954
501.7		0.998954
501.8		0.998954
501.9		0.998954
502		0.998954
502.1		0.999678
502.2		0.999678
502.3		0.999678
502.4		0.999678
502.5		0.999678
502.6		0.999678
502.7		0.999678
502.8		0.999678
502.9		0.999678
503		0.999678
503.1		0.999718
503.2		0.999718
503.3		0.999718
503.4		0.999718
503.5		0.999718
503.6		0.999718
503.7		0.999718
503.8		0.999718
503.9		0.999718
504		0.999718
504.1		0.999799
504.2		0.999799
504.3		0.999799
504.4		0.999799
504.5		0.999799
504.6		0.999799
504.7		0.999799
504.8		0.999799
504.9		0.999799
505		0.999799
505.1		1
505.2		1
505.3		1
505.4		1
505.5		1
505.6		1
505.7		1
505.8		1
505.9		1
506		1
506.1		1
506.2		1
506.3		1
506.4		1
506.5		1
506.6		1
506.7		1
506.8		1
506.9		1
507		1
507.1		1
507.2		1
507.3		1
507.4		1
507.5		1
507.6		1
507.7		1
507.8		1
507.9		1
508		1
508.1		1
508.2		1
508.3		1
508.4		1
508.5		1
508.6		1
508.7		1
508.8		1
508.9		1
509		1
509.1		1
509.2		1
509.3		1
509.4		1
509.5		1
509.6		1
509.7		1
509.8		1
509.9		1
510		1
510.1		1
510.2		1
510.3		1
510.4		1
510.5		1
510.6		1
510.7		1
510.8		1
510.9		1
511		1
511.1		1
511.2		1
511.3		1
511.4		1
511.5		1
511.6		1
511.7		1
511.8		1
511.9		1
512		1
512.1		1
512.2		1
512.3		1
512.4		1
512.5		1
512.6		1
512.7		1
512.8		1
512.9		1
513		1
513.1		1
513.2		1
513.3		1
513.4		1
513.5		1
513.6		1
513.7		1
513.8		1
513.9		1
514		1
514.1		1
514.2		1
514.3		1
514.4		1
514.5		1
514.6		1
514.7		1
514.8		1
514.9		1
515		1
515.1		1
515.2		1
515.3		1
515.4		1
515.5		1
515.6		1
515.7		1
515.8		1
515.9		1
516		1
516.1		1
516.2		1
516.3		1
516.4		1
516.5		1
516.6		1
516.7		1
516.8		1
516.9		1
517		1
517.1		1
517.2		1
517.3		1
517.4		1
517.5		1
517.6		1
517.7		1
517.8		1
517.9		1
518		1
518.1		1
518.2		1
518.3		1
518.4		1
518.5		1
518.6		1
518.7		1
518.8		1
518.9		1
519		1
519.1		1
519.2		1
519.3		1
519.4		1
519.5		1
519.6		1
519.7		1
519.8		1
519.9		1
520		1
520.1		1
520.2		1
520.3		1
520.4		1
520.5		1
520.6		1
520.7		1
520.8		1
520.9		1
521		1
521.1		1
521.2		1
521.3		1
521.4		1
521.5		1
521.6		1
521.7		1
521.8		1
521.9		1
522		1
522.1		1
522.2		1
522.3		1
522.4		1
522.5		1
522.6		1
522.7		1
522.8		1
522.9		1
523		1
523.1		1
523.2		1
523.3		1
523.4		1
523.5		1
523.6		1
523.7		1
523.8		1
523.9		1
524		1
524.1		1
524.2		1
524.3		1
524.4		1
524.5		1
524.6		1
524.7		1
524.8		1
524.9		1
525		1
525.1		1
525.2		1
525.3		1
525.4		1
525.5		1
525.6		1
525.7		1
525.8		1
525.9		1
526		1
526.1		1
526.2		1
526.3		1
526.4		1
526.5		1
526.6		1
526.7		1
526.8		1
526.9		1
527		1
527.1		1
527.2		1
527.3		1
527.4		1
527.5		1
527.6		1
527.7		1
527.8		1
527.9		1
528		1
528.1		1
528.2		1
528.3		1
528.4		1
528.5		1
528.6		1
528.7		1
528.8		1
528.9		1
529		1
529.1		1
529.2		1
529.3		1
529.4		1
529.5		1
529.6		1
529.7		1
529.8		1
529.9		1
530		1
530.1		1
530.2		1
530.3		1
530.4		1
530.5		1
530.6		1
530.7		1
530.8		1
530.9		1
531		1
531.1		1
531.2		1
531.3		1
531.4		1
531.5		1
531.6		1
531.7		1
531.8		1
531.9		1
532		1
532.1		1
532.2		1
532.3		1
532.4		1
532.5		1
532.6		1
532.7		1
532.8		1
532.9		1
533		1
533.1		1
533.2		1
533.3		1
533.4		1
533.5		1
533.6		1
533.7		1
533.8		1
533.9		1
534		1
534.1		1
534.2		1
534.3		1
534.4		1
534.5		1
534.6		1
534.7		1
534.8		1
534.9		1
535		1
535.1		1
535.2		1
535.3		1
535.4		1
535.5		1
535.6		1
535.7		1
535.8		1
535.9		1
536		1
536.1		1
536.2		1
536.3		1
536.4		1
536.5		1
536.6		1
536.7		1
536.8		1
536.9		1
537		1
537.1		1
537.2		1
537.3		1
537.4		1
537.5		1
537.6		1
537.7		1
537.8		1
537.9		1
538		1
538.1		1
538.2		1
538.3		1
538.4		1
538.5		1
538.6		1
538.7		1
538.8		1
538.9		1
539		1
539.1		1
539.2		1
539.3		1
539.4		1
539.5		1
539.6		1
539.7		1
539.8		1
539.9		1
540		1
540.1		1
540.2		1
540.3		1
540.4		1
540.5		1
540.6		1
540.7		1
540.8		1
540.9		1
541		1
541.1		1
541.2		1
541.3		1
541.4		1
541.5		1
541.6		1
541.7		1
541.8		1
541.9		1
542		1
542.1		1
542.2		1
542.3		1
542.4		1
542.5		1
542.6		1
542.7		1
542.8		1
542.9		1
543		1
543.1		1
543.2		1
543.3		1
543.4		1
543.5		1
543.6		1
543.7		1
543.8		1
543.9		1
544		1
544.1		1
544.2		1
544.3		1
544.4		1
544.5		1
544.6		1
544.7		1
544.8		1
544.9		1
545		1
545.1		1
545.2		1
545.3		1
545.4		1
545.5		1
545.6		1
545.7		1
545.8		1
545.9		1
546		1
546.1		1
546.2		1
546.3		1
546.4		1
546.5		1
546.6		1
546.7		1
546.8		1
546.9		1
547		1
547.1		1
547.2		1
547.3		1
547.4		1
547.5		1
547.6		1
547.7		1
547.8		1
547.9		1
548		1
548.1		1
548.2		1
548.3		1
548.4		1
548.5		1
548.6		1
548.7		1
548.8		1
548.9		1
549		1
549.1		1
549.2		1
549.3		1
549.4		1
549.5		1
549.6		1
549.7		1
549.8		1
549.9		1
550		1
550.1		1
550.2		1
550.3		1
550.4		1
550.5		1
550.6		1
550.7		1
550.8		1
550.9		1
551		1
551.1		1
551.2		1
551.3		1
551.4		1
551.5		1
551.6		1
551.7		1
551.8		1
551.9		1
552		1
552.1		1
552.2		1
552.3		1
552.4		1
552.5		1
552.6		1
552.7		1
552.8		1
552.9		1
553		1
553.1		1
553.2		1
553.3		1
553.4		1
553.5		1
553.6		1
553.7		1
553.8		1
553.9		1
554		1
554.1		1
554.2		1
554.3		1
554.4		1
554.5		1
554.6		1
554.7		1
554.8		1
554.9		1
555		1
555.1		1
555.2		1
555.3		1
555.4		1
555.5		1
555.6		1
555.7		1
555.8		1
555.9		1
556		1
556.1		1
556.2		1
556.3		1
556.4		1
556.5		1
556.6		1
556.7		1
556.8		1
556.9		1
557		1
557.1		1
557.2		1
557.3		1
557.4		1
557.5		1
557.6		1
557.7		1
557.8		1
557.9		1
558		1
558.1		1
558.2		1
558.3		1
558.4		1
558.5		1
558.6		1
558.7		1
558.8		1
558.9		1
559		1
559.1		1
559.2		1
559.3		1
559.4		1
559.5		1
559.6		1
559.7		1
559.8		1
559.9		1
560		1
560.1		1
560.2		1
560.3		1
560.4		1
560.5		1
560.6		1
560.7		1
560.8		1
560.9		1
561		1
561.1		1
561.2		1
561.3		1
561.4		1
561.5		1
561.6		1
561.7		1
561.8		1
561.9		1
562		1
562.1		1
562.2		1
562.3		1
562.4		1
562.5		1
562.6		1
562.7		1
562.8		1
562.9		1
563		1
563.1		1
563.2		1
563.3		1
563.4		1
563.5		1
563.6		1
563.7		1
563.8		1
563.9		1
564		1
564.1		1
564.2		1
564.3		1
564.4		1
564.5		1
564.6		1
564.7		1
564.8		1
564.9		1
565		1
565.1		1
565.2		1
565.3		1
565.4		1
565.5		1
565.6		1
565.7		1
565.8		1
565.9		1
566		1
566.1		1
566.2		1
566.3		1
566.4		1
566.5		1
566.6		1
566.7		1
566.8		1
566.9		1
567		1
567.1		1
567.2		1
567.3		1
567.4		1
567.5		1
567.6		1
567.7		1
567.8		1
567.9		1
568		1
568.1		1
568.2		1
568.3		1
568.4		1
568.5		1
568.6		1
568.7		1
568.8		1
568.9		1
569		1
569.1		1
569.2		1
569.3		1
569.4		1
569.5		1
569.6		1
569.7		1
569.8		1
569.9		1
570		1
570.1		1
570.2		1
570.3		1
570.4		1
570.5		1
570.6		1
570.7		1
570.8		1
570.9		1
571		1
571.1		1
571.2		1
571.3		1
571.4		1
571.5		1
571.6		1
571.7		1
571.8		1
571.9		1
572		1
572.1		1
572.2		1
572.3		1
572.4		1
572.5		1
572.6		1
572.7		1
572.8		1
572.9		1
573		1
573.1		1
573.2		1
573.3		1
573.4		1
573.5		1
573.6		1
573.7		1
573.8		1
573.9		1
574		1
574.1		1
574.2		1
574.3		1
574.4		1
574.5		1
574.6		1
574.7		1
574.8		1
574.9		1
575		1
575.1		1
575.2		1
575.3		1
575.4		1
575.5		1
575.6		1
575.7		1
575.8		1
575.9		1
576		1
576.1		1
576.2		1
576.3		1
576.4		1
576.5		1
576.6		1
576.7		1
576.8		1
576.9		1
577		1
577.1		1
577.2		1
577.3		1
577.4		1
577.5		1
577.6		1
577.7		1
577.8		1
577.9		1
578		1
578.1		1
578.2		1
578.3		1
578.4		1
578.5		1
578.6		1
578.7		1
578.8		1
578.9		1
579		1
579.1		1
579.2		1
579.3		1
579.4		1
579.5		1
579.6		1
579.7		1
579.8		1
579.9		1
580		1
580.1		1
580.2		1
580.3		1
580.4		1
580.5		1
580.6		1
580.7		1
580.8		1
580.9		1
581		1
581.1		1
581.2		1
581.3		1
581.4		1
581.5		1
581.6		1
581.7		1
581.8		1
581.9		1
582		1
582.1		1
582.2		1
582.3		1
582.4		1
582.5		1
582.6		1
582.7		1
582.8		1
582.9		1
583		1
583.1		1
583.2		1
583.3		1
583.4		1
583.5		1
583.6		1
583.7		1
583.8		1
583.9		1
584		1
584.1		1
584.2		1
584.3		1
584.4		1
584.5		1
584.6		1
584.7		1
584.8		1
584.9		1
585		1
585.1		1
585.2		1
585.3		1
585.4		1
585.5		1
585.6		1
585.7		1
585.8		1
585.9		1
586		1
586.1		1
586.2		1
586.3		1
586.4		1
586.5		1
586.6		1
586.7		1
586.8		1
586.9		1
587		1
587.1		1
587.2		1
587.3		1
587.4		1
587.5		1
587.6		1
587.7		1
587.8		1
587.9		1
588		1
588.1		1
588.2		1
588.3		1
588.4		1
588.5		1
588.6		1
588.7		1
588.8		1
588.9		1
589		1
589.1		1
589.2		1
589.3		1
589.4		1
589.5		1
589.6		1
589.7		1
589.8		1
589.9		1
590		1
590.1		1
590.2		1
590.3		1
590.4		1
590.5		1
590.6		1
590.7		1
590.8		1
590.9		1
591		1
591.1		1
591.2		1
591.3		1
591.4		1
591.5		1
591.6		1
591.7		1
591.8		1
591.9		1
592		1
592.1		1
592.2		1
592.3		1
592.4		1
592.5		1
592.6		1
592.7		1
592.8		1
592.9		1
593		1
593.1		1
593.2		1
593.3		1
593.4		1
593.5		1
593.6		1
593.7		1
593.8		1
593.9		1
594		1
594.1		1
594.2		1
594.3		1
594.4		1
594.5		1
594.6		1
594.7		1
594.8		1
594.9		1
595		1
595.1		1
595.2		1
595.3		1
595.4		1
595.5		1
595.6		1
595.7		1
595.8		1
595.9		1
596		1
596.1		1
596.2		1
596.3		1
596.4		1
596.5		1
596.6		1
596.7		1
596.8		1
596.9		1
597		1
597.1		1
597.2		1
597.3		1
597.4		1
597.5		1
597.6		1
597.7		1
597.8		1
597.9		1
598		1
598.1		1
598.2		1
598.3		1
598.4		1
598.5		1
598.6		1
598.7		1
598.8		1
598.9		1
599		1
599.1		1
599.2		1
599.3		1
599.4		1
599.5		1
599.6		1
599.7		1
599.8		1
599.9		1
600		1
