# Calibration file of tamex_id 0 @ channel 2
# fine_T bin		 Calibration value
0.1		0
0.2		0
0.3		0
0.4		0
0.5		0
0.6		0
0.7		0
0.8		0
0.9		0
1		0
1.1		0
1.2		0
1.3		0
1.4		0
1.5		0
1.6		0
1.7		0
1.8		0
1.9		0
2		0
2.1		0
2.2		0
2.3		0
2.4		0
2.5		0
2.6		0
2.7		0
2.8		0
2.9		0
3		0
3.1		0
3.2		0
3.3		0
3.4		0
3.5		0
3.6		0
3.7		0
3.8		0
3.9		0
4		0
4.1		0
4.2		0
4.3		0
4.4		0
4.5		0
4.6		0
4.7		0
4.8		0
4.9		0
5		0
5.1		0
5.2		0
5.3		0
5.4		0
5.5		0
5.6		0
5.7		0
5.8		0
5.9		0
6		0
6.1		0
6.2		0
6.3		0
6.4		0
6.5		0
6.6		0
6.7		0
6.8		0
6.9		0
7		0
7.1		0
7.2		0
7.3		0
7.4		0
7.5		0
7.6		0
7.7		0
7.8		0
7.9		0
8		0
8.1		0
8.2		0
8.3		0
8.4		0
8.5		0
8.6		0
8.7		0
8.8		0
8.9		0
9		0
9.1		0
9.2		0
9.3		0
9.4		0
9.5		0
9.6		0
9.7		0
9.8		0
9.9		0
10		0
10.1		0
10.2		0
10.3		0
10.4		0
10.5		0
10.6		0
10.7		0
10.8		0
10.9		0
11		0
11.1		0
11.2		0
11.3		0
11.4		0
11.5		0
11.6		0
11.7		0
11.8		0
11.9		0
12		0
12.1		0
12.2		0
12.3		0
12.4		0
12.5		0
12.6		0
12.7		0
12.8		0
12.9		0
13		0
13.1		0
13.2		0
13.3		0
13.4		0
13.5		0
13.6		0
13.7		0
13.8		0
13.9		0
14		0
14.1		0
14.2		0
14.3		0
14.4		0
14.5		0
14.6		0
14.7		0
14.8		0
14.9		0
15		0
15.1		0
15.2		0
15.3		0
15.4		0
15.5		0
15.6		0
15.7		0
15.8		0
15.9		0
16		0
16.1		0
16.2		0
16.3		0
16.4		0
16.5		0
16.6		0
16.7		0
16.8		0
16.9		0
17		0
17.1		0.00844924
17.2		0.00844924
17.3		0.00844924
17.4		0.00844924
17.5		0.00844924
17.6		0.00844924
17.7		0.00844924
17.8		0.00844924
17.9		0.00844924
18		0.00844924
18.1		0.00935916
18.2		0.00935916
18.3		0.00935916
18.4		0.00935916
18.5		0.00935916
18.6		0.00935916
18.7		0.00935916
18.8		0.00935916
18.9		0.00935916
19		0.00935916
19.1		0.011049
19.2		0.011049
19.3		0.011049
19.4		0.011049
19.5		0.011049
19.6		0.011049
19.7		0.011049
19.8		0.011049
19.9		0.011049
20		0.011049
20.1		0.0175484
20.2		0.0175484
20.3		0.0175484
20.4		0.0175484
20.5		0.0175484
20.6		0.0175484
20.7		0.0175484
20.8		0.0175484
20.9		0.0175484
21		0.0175484
21.1		0.0188483
21.2		0.0188483
21.3		0.0188483
21.4		0.0188483
21.5		0.0188483
21.6		0.0188483
21.7		0.0188483
21.8		0.0188483
21.9		0.0188483
22		0.0188483
22.1		0.0191083
22.2		0.0191083
22.3		0.0191083
22.4		0.0191083
22.5		0.0191083
22.6		0.0191083
22.7		0.0191083
22.8		0.0191083
22.9		0.0191083
23		0.0191083
23.1		0.0194982
23.2		0.0194982
23.3		0.0194982
23.4		0.0194982
23.5		0.0194982
23.6		0.0194982
23.7		0.0194982
23.8		0.0194982
23.9		0.0194982
24		0.0194982
24.1		0.022488
24.2		0.022488
24.3		0.022488
24.4		0.022488
24.5		0.022488
24.6		0.022488
24.7		0.022488
24.8		0.022488
24.9		0.022488
25		0.022488
25.1		0.0270376
25.2		0.0270376
25.3		0.0270376
25.4		0.0270376
25.5		0.0270376
25.6		0.0270376
25.7		0.0270376
25.8		0.0270376
25.9		0.0270376
26		0.0270376
26.1		0.0282075
26.2		0.0282075
26.3		0.0282075
26.4		0.0282075
26.5		0.0282075
26.6		0.0282075
26.7		0.0282075
26.8		0.0282075
26.9		0.0282075
27		0.0282075
27.1		0.0300273
27.2		0.0300273
27.3		0.0300273
27.4		0.0300273
27.5		0.0300273
27.6		0.0300273
27.7		0.0300273
27.8		0.0300273
27.9		0.0300273
28		0.0300273
28.1		0.0305473
28.2		0.0305473
28.3		0.0305473
28.4		0.0305473
28.5		0.0305473
28.6		0.0305473
28.7		0.0305473
28.8		0.0305473
28.9		0.0305473
29		0.0305473
29.1		0.0322371
29.2		0.0322371
29.3		0.0322371
29.4		0.0322371
29.5		0.0322371
29.6		0.0322371
29.7		0.0322371
29.8		0.0322371
29.9		0.0322371
30		0.0322371
30.1		0.0348369
30.2		0.0348369
30.3		0.0348369
30.4		0.0348369
30.5		0.0348369
30.6		0.0348369
30.7		0.0348369
30.8		0.0348369
30.9		0.0348369
31		0.0348369
31.1		0.0376966
31.2		0.0376966
31.3		0.0376966
31.4		0.0376966
31.5		0.0376966
31.6		0.0376966
31.7		0.0376966
31.8		0.0376966
31.9		0.0376966
32		0.0376966
32.1		0.0388665
32.2		0.0388665
32.3		0.0388665
32.4		0.0388665
32.5		0.0388665
32.6		0.0388665
32.7		0.0388665
32.8		0.0388665
32.9		0.0388665
33		0.0388665
33.1		0.0413363
33.2		0.0413363
33.3		0.0413363
33.4		0.0413363
33.5		0.0413363
33.6		0.0413363
33.7		0.0413363
33.8		0.0413363
33.9		0.0413363
34		0.0413363
34.1		0.0417262
34.2		0.0417262
34.3		0.0417262
34.4		0.0417262
34.5		0.0417262
34.6		0.0417262
34.7		0.0417262
34.8		0.0417262
34.9		0.0417262
35		0.0417262
35.1		0.044196
35.2		0.044196
35.3		0.044196
35.4		0.044196
35.5		0.044196
35.6		0.044196
35.7		0.044196
35.8		0.044196
35.9		0.044196
36		0.044196
36.1		0.044716
36.2		0.044716
36.3		0.044716
36.4		0.044716
36.5		0.044716
36.6		0.044716
36.7		0.044716
36.8		0.044716
36.9		0.044716
37		0.044716
37.1		0.0510854
37.2		0.0510854
37.3		0.0510854
37.4		0.0510854
37.5		0.0510854
37.6		0.0510854
37.7		0.0510854
37.8		0.0510854
37.9		0.0510854
38		0.0510854
38.1		0.0535552
38.2		0.0535552
38.3		0.0535552
38.4		0.0535552
38.5		0.0535552
38.6		0.0535552
38.7		0.0535552
38.8		0.0535552
38.9		0.0535552
39		0.0535552
39.1		0.0549851
39.2		0.0549851
39.3		0.0549851
39.4		0.0549851
39.5		0.0549851
39.6		0.0549851
39.7		0.0549851
39.8		0.0549851
39.9		0.0549851
40		0.0549851
40.1		0.055765
40.2		0.055765
40.3		0.055765
40.4		0.055765
40.5		0.055765
40.6		0.055765
40.7		0.055765
40.8		0.055765
40.9		0.055765
41		0.055765
41.1		0.0592747
41.2		0.0592747
41.3		0.0592747
41.4		0.0592747
41.5		0.0592747
41.6		0.0592747
41.7		0.0592747
41.8		0.0592747
41.9		0.0592747
42		0.0592747
42.1		0.0636943
42.2		0.0636943
42.3		0.0636943
42.4		0.0636943
42.5		0.0636943
42.6		0.0636943
42.7		0.0636943
42.8		0.0636943
42.9		0.0636943
43		0.0636943
43.1		0.0639542
43.2		0.0639542
43.3		0.0639542
43.4		0.0639542
43.5		0.0639542
43.6		0.0639542
43.7		0.0639542
43.8		0.0639542
43.9		0.0639542
44		0.0639542
44.1		0.0656441
44.2		0.0656441
44.3		0.0656441
44.4		0.0656441
44.5		0.0656441
44.6		0.0656441
44.7		0.0656441
44.8		0.0656441
44.9		0.0656441
45		0.0656441
45.1		0.0657741
45.2		0.0657741
45.3		0.0657741
45.4		0.0657741
45.5		0.0657741
45.6		0.0657741
45.7		0.0657741
45.8		0.0657741
45.9		0.0657741
46		0.0657741
46.1		0.0725335
46.2		0.0725335
46.3		0.0725335
46.4		0.0725335
46.5		0.0725335
46.6		0.0725335
46.7		0.0725335
46.8		0.0725335
46.9		0.0725335
47		0.0725335
47.1		0.0731834
47.2		0.0731834
47.3		0.0731834
47.4		0.0731834
47.5		0.0731834
47.6		0.0731834
47.7		0.0731834
47.8		0.0731834
47.9		0.0731834
48		0.0731834
48.1		0.0768231
48.2		0.0768231
48.3		0.0768231
48.4		0.0768231
48.5		0.0768231
48.6		0.0768231
48.7		0.0768231
48.8		0.0768231
48.9		0.0768231
49		0.0768231
49.1		0.0803328
49.2		0.0803328
49.3		0.0803328
49.4		0.0803328
49.5		0.0803328
49.6		0.0803328
49.7		0.0803328
49.8		0.0803328
49.9		0.0803328
50		0.0803328
50.1		0.0834525
50.2		0.0834525
50.3		0.0834525
50.4		0.0834525
50.5		0.0834525
50.6		0.0834525
50.7		0.0834525
50.8		0.0834525
50.9		0.0834525
51		0.0834525
51.1		0.0850123
51.2		0.0850123
51.3		0.0850123
51.4		0.0850123
51.5		0.0850123
51.6		0.0850123
51.7		0.0850123
51.8		0.0850123
51.9		0.0850123
52		0.0850123
52.1		0.0859223
52.2		0.0859223
52.3		0.0859223
52.4		0.0859223
52.5		0.0859223
52.6		0.0859223
52.7		0.0859223
52.8		0.0859223
52.9		0.0859223
53		0.0859223
53.1		0.0865722
53.2		0.0865722
53.3		0.0865722
53.4		0.0865722
53.5		0.0865722
53.6		0.0865722
53.7		0.0865722
53.8		0.0865722
53.9		0.0865722
54		0.0865722
54.1		0.0909918
54.2		0.0909918
54.3		0.0909918
54.4		0.0909918
54.5		0.0909918
54.6		0.0909918
54.7		0.0909918
54.8		0.0909918
54.9		0.0909918
55		0.0909918
55.1		0.0930716
55.2		0.0930716
55.3		0.0930716
55.4		0.0930716
55.5		0.0930716
55.6		0.0930716
55.7		0.0930716
55.8		0.0930716
55.9		0.0930716
56		0.0930716
56.1		0.0938516
56.2		0.0938516
56.3		0.0938516
56.4		0.0938516
56.5		0.0938516
56.6		0.0938516
56.7		0.0938516
56.8		0.0938516
56.9		0.0938516
57		0.0938516
57.1		0.0939815
57.2		0.0939815
57.3		0.0939815
57.4		0.0939815
57.5		0.0939815
57.6		0.0939815
57.7		0.0939815
57.8		0.0939815
57.9		0.0939815
58		0.0939815
58.1		0.0994411
58.2		0.0994411
58.3		0.0994411
58.4		0.0994411
58.5		0.0994411
58.6		0.0994411
58.7		0.0994411
58.8		0.0994411
58.9		0.0994411
59		0.0994411
59.1		0.100351
59.2		0.100351
59.3		0.100351
59.4		0.100351
59.5		0.100351
59.6		0.100351
59.7		0.100351
59.8		0.100351
59.9		0.100351
60		0.100351
60.1		0.102301
60.2		0.102301
60.3		0.102301
60.4		0.102301
60.5		0.102301
60.6		0.102301
60.7		0.102301
60.8		0.102301
60.9		0.102301
61		0.102301
61.1		0.10646
61.2		0.10646
61.3		0.10646
61.4		0.10646
61.5		0.10646
61.6		0.10646
61.7		0.10646
61.8		0.10646
61.9		0.10646
62		0.10646
62.1		0.10828
62.2		0.10828
62.3		0.10828
62.4		0.10828
62.5		0.10828
62.6		0.10828
62.7		0.10828
62.8		0.10828
62.9		0.10828
63		0.10828
63.1		0.10971
63.2		0.10971
63.3		0.10971
63.4		0.10971
63.5		0.10971
63.6		0.10971
63.7		0.10971
63.8		0.10971
63.9		0.10971
64		0.10971
64.1		0.11023
64.2		0.11023
64.3		0.11023
64.4		0.11023
64.5		0.11023
64.6		0.11023
64.7		0.11023
64.8		0.11023
64.9		0.11023
65		0.11023
65.1		0.11257
65.2		0.11257
65.3		0.11257
65.4		0.11257
65.5		0.11257
65.6		0.11257
65.7		0.11257
65.8		0.11257
65.9		0.11257
66		0.11257
66.1		0.11608
66.2		0.11608
66.3		0.11608
66.4		0.11608
66.5		0.11608
66.6		0.11608
66.7		0.11608
66.8		0.11608
66.9		0.11608
67		0.11608
67.1		0.117119
67.2		0.117119
67.3		0.117119
67.4		0.117119
67.5		0.117119
67.6		0.117119
67.7		0.117119
67.8		0.117119
67.9		0.117119
68		0.117119
68.1		0.119849
68.2		0.119849
68.3		0.119849
68.4		0.119849
68.5		0.119849
68.6		0.119849
68.7		0.119849
68.8		0.119849
68.9		0.119849
69		0.119849
69.1		0.121409
69.2		0.121409
69.3		0.121409
69.4		0.121409
69.5		0.121409
69.6		0.121409
69.7		0.121409
69.8		0.121409
69.9		0.121409
70		0.121409
70.1		0.122579
70.2		0.122579
70.3		0.122579
70.4		0.122579
70.5		0.122579
70.6		0.122579
70.7		0.122579
70.8		0.122579
70.9		0.122579
71		0.122579
71.1		0.127649
71.2		0.127649
71.3		0.127649
71.4		0.127649
71.5		0.127649
71.6		0.127649
71.7		0.127649
71.8		0.127649
71.9		0.127649
72		0.127649
72.1		0.128428
72.2		0.128428
72.3		0.128428
72.4		0.128428
72.5		0.128428
72.6		0.128428
72.7		0.128428
72.8		0.128428
72.9		0.128428
73		0.128428
73.1		0.130638
73.2		0.130638
73.3		0.130638
73.4		0.130638
73.5		0.130638
73.6		0.130638
73.7		0.130638
73.8		0.130638
73.9		0.130638
74		0.130638
74.1		0.130898
74.2		0.130898
74.3		0.130898
74.4		0.130898
74.5		0.130898
74.6		0.130898
74.7		0.130898
74.8		0.130898
74.9		0.130898
75		0.130898
75.1		0.132978
75.2		0.132978
75.3		0.132978
75.4		0.132978
75.5		0.132978
75.6		0.132978
75.7		0.132978
75.8		0.132978
75.9		0.132978
76		0.132978
76.1		0.139477
76.2		0.139477
76.3		0.139477
76.4		0.139477
76.5		0.139477
76.6		0.139477
76.7		0.139477
76.8		0.139477
76.9		0.139477
77		0.139477
77.1		0.139867
77.2		0.139867
77.3		0.139867
77.4		0.139867
77.5		0.139867
77.6		0.139867
77.7		0.139867
77.8		0.139867
77.9		0.139867
78		0.139867
78.1		0.140777
78.2		0.140777
78.3		0.140777
78.4		0.140777
78.5		0.140777
78.6		0.140777
78.7		0.140777
78.8		0.140777
78.9		0.140777
79		0.140777
79.1		0.143117
79.2		0.143117
79.3		0.143117
79.4		0.143117
79.5		0.143117
79.6		0.143117
79.7		0.143117
79.8		0.143117
79.9		0.143117
80		0.143117
80.1		0.148837
80.2		0.148837
80.3		0.148837
80.4		0.148837
80.5		0.148837
80.6		0.148837
80.7		0.148837
80.8		0.148837
80.9		0.148837
81		0.148837
81.1		0.149747
81.2		0.149747
81.3		0.149747
81.4		0.149747
81.5		0.149747
81.6		0.149747
81.7		0.149747
81.8		0.149747
81.9		0.149747
82		0.149747
82.1		0.150396
82.2		0.150396
82.3		0.150396
82.4		0.150396
82.5		0.150396
82.6		0.150396
82.7		0.150396
82.8		0.150396
82.9		0.150396
83		0.150396
83.1		0.152086
83.2		0.152086
83.3		0.152086
83.4		0.152086
83.5		0.152086
83.6		0.152086
83.7		0.152086
83.8		0.152086
83.9		0.152086
84		0.152086
84.1		0.158716
84.2		0.158716
84.3		0.158716
84.4		0.158716
84.5		0.158716
84.6		0.158716
84.7		0.158716
84.8		0.158716
84.9		0.158716
85		0.158716
85.1		0.160146
85.2		0.160146
85.3		0.160146
85.4		0.160146
85.5		0.160146
85.6		0.160146
85.7		0.160146
85.8		0.160146
85.9		0.160146
86		0.160146
86.1		0.160796
86.2		0.160796
86.3		0.160796
86.4		0.160796
86.5		0.160796
86.6		0.160796
86.7		0.160796
86.8		0.160796
86.9		0.160796
87		0.160796
87.1		0.162615
87.2		0.162615
87.3		0.162615
87.4		0.162615
87.5		0.162615
87.6		0.162615
87.7		0.162615
87.8		0.162615
87.9		0.162615
88		0.162615
88.1		0.165735
88.2		0.165735
88.3		0.165735
88.4		0.165735
88.5		0.165735
88.6		0.165735
88.7		0.165735
88.8		0.165735
88.9		0.165735
89		0.165735
89.1		0.167815
89.2		0.167815
89.3		0.167815
89.4		0.167815
89.5		0.167815
89.6		0.167815
89.7		0.167815
89.8		0.167815
89.9		0.167815
90		0.167815
90.1		0.167945
90.2		0.167945
90.3		0.167945
90.4		0.167945
90.5		0.167945
90.6		0.167945
90.7		0.167945
90.8		0.167945
90.9		0.167945
91		0.167945
91.1		0.172754
91.2		0.172754
91.3		0.172754
91.4		0.172754
91.5		0.172754
91.6		0.172754
91.7		0.172754
91.8		0.172754
91.9		0.172754
92		0.172754
92.1		0.173664
92.2		0.173664
92.3		0.173664
92.4		0.173664
92.5		0.173664
92.6		0.173664
92.7		0.173664
92.8		0.173664
92.9		0.173664
93		0.173664
93.1		0.176134
93.2		0.176134
93.3		0.176134
93.4		0.176134
93.5		0.176134
93.6		0.176134
93.7		0.176134
93.8		0.176134
93.9		0.176134
94		0.176134
94.1		0.176134
94.2		0.176134
94.3		0.176134
94.4		0.176134
94.5		0.176134
94.6		0.176134
94.7		0.176134
94.8		0.176134
94.9		0.176134
95		0.176134
95.1		0.178084
95.2		0.178084
95.3		0.178084
95.4		0.178084
95.5		0.178084
95.6		0.178084
95.7		0.178084
95.8		0.178084
95.9		0.178084
96		0.178084
96.1		0.178474
96.2		0.178474
96.3		0.178474
96.4		0.178474
96.5		0.178474
96.6		0.178474
96.7		0.178474
96.8		0.178474
96.9		0.178474
97		0.178474
97.1		0.182374
97.2		0.182374
97.3		0.182374
97.4		0.182374
97.5		0.182374
97.6		0.182374
97.7		0.182374
97.8		0.182374
97.9		0.182374
98		0.182374
98.1		0.183413
98.2		0.183413
98.3		0.183413
98.4		0.183413
98.5		0.183413
98.6		0.183413
98.7		0.183413
98.8		0.183413
98.9		0.183413
99		0.183413
99.1		0.184713
99.2		0.184713
99.3		0.184713
99.4		0.184713
99.5		0.184713
99.6		0.184713
99.7		0.184713
99.8		0.184713
99.9		0.184713
100		0.184713
100.1		0.185753
100.2		0.185753
100.3		0.185753
100.4		0.185753
100.5		0.185753
100.6		0.185753
100.7		0.185753
100.8		0.185753
100.9		0.185753
101		0.185753
101.1		0.188093
101.2		0.188093
101.3		0.188093
101.4		0.188093
101.5		0.188093
101.6		0.188093
101.7		0.188093
101.8		0.188093
101.9		0.188093
102		0.188093
102.1		0.189523
102.2		0.189523
102.3		0.189523
102.4		0.189523
102.5		0.189523
102.6		0.189523
102.7		0.189523
102.8		0.189523
102.9		0.189523
103		0.189523
103.1		0.189523
103.2		0.189523
103.3		0.189523
103.4		0.189523
103.5		0.189523
103.6		0.189523
103.7		0.189523
103.8		0.189523
103.9		0.189523
104		0.189523
104.1		0.190823
104.2		0.190823
104.3		0.190823
104.4		0.190823
104.5		0.190823
104.6		0.190823
104.7		0.190823
104.8		0.190823
104.9		0.190823
105		0.190823
105.1		0.193293
105.2		0.193293
105.3		0.193293
105.4		0.193293
105.5		0.193293
105.6		0.193293
105.7		0.193293
105.8		0.193293
105.9		0.193293
106		0.193293
106.1		0.196412
106.2		0.196412
106.3		0.196412
106.4		0.196412
106.5		0.196412
106.6		0.196412
106.7		0.196412
106.8		0.196412
106.9		0.196412
107		0.196412
107.1		0.197712
107.2		0.197712
107.3		0.197712
107.4		0.197712
107.5		0.197712
107.6		0.197712
107.7		0.197712
107.8		0.197712
107.9		0.197712
108		0.197712
108.1		0.199272
108.2		0.199272
108.3		0.199272
108.4		0.199272
108.5		0.199272
108.6		0.199272
108.7		0.199272
108.8		0.199272
108.9		0.199272
109		0.199272
109.1		0.199402
109.2		0.199402
109.3		0.199402
109.4		0.199402
109.5		0.199402
109.6		0.199402
109.7		0.199402
109.8		0.199402
109.9		0.199402
110		0.199402
110.1		0.206421
110.2		0.206421
110.3		0.206421
110.4		0.206421
110.5		0.206421
110.6		0.206421
110.7		0.206421
110.8		0.206421
110.9		0.206421
111		0.206421
111.1		0.206941
111.2		0.206941
111.3		0.206941
111.4		0.206941
111.5		0.206941
111.6		0.206941
111.7		0.206941
111.8		0.206941
111.9		0.206941
112		0.206941
112.1		0.207071
112.2		0.207071
112.3		0.207071
112.4		0.207071
112.5		0.207071
112.6		0.207071
112.7		0.207071
112.8		0.207071
112.9		0.207071
113		0.207071
113.1		0.208891
113.2		0.208891
113.3		0.208891
113.4		0.208891
113.5		0.208891
113.6		0.208891
113.7		0.208891
113.8		0.208891
113.9		0.208891
114		0.208891
114.1		0.214611
114.2		0.214611
114.3		0.214611
114.4		0.214611
114.5		0.214611
114.6		0.214611
114.7		0.214611
114.8		0.214611
114.9		0.214611
115		0.214611
115.1		0.215651
115.2		0.215651
115.3		0.215651
115.4		0.215651
115.5		0.215651
115.6		0.215651
115.7		0.215651
115.8		0.215651
115.9		0.215651
116		0.215651
116.1		0.216301
116.2		0.216301
116.3		0.216301
116.4		0.216301
116.5		0.216301
116.6		0.216301
116.7		0.216301
116.8		0.216301
116.9		0.216301
117		0.216301
117.1		0.21864
117.2		0.21864
117.3		0.21864
117.4		0.21864
117.5		0.21864
117.6		0.21864
117.7		0.21864
117.8		0.21864
117.9		0.21864
118		0.21864
118.1		0.22228
118.2		0.22228
118.3		0.22228
118.4		0.22228
118.5		0.22228
118.6		0.22228
118.7		0.22228
118.8		0.22228
118.9		0.22228
119		0.22228
119.1		0.22449
119.2		0.22449
119.3		0.22449
119.4		0.22449
119.5		0.22449
119.6		0.22449
119.7		0.22449
119.8		0.22449
119.9		0.22449
120		0.22449
120.1		0.22527
120.2		0.22527
120.3		0.22527
120.4		0.22527
120.5		0.22527
120.6		0.22527
120.7		0.22527
120.8		0.22527
120.9		0.22527
121		0.22527
121.1		0.22553
121.2		0.22553
121.3		0.22553
121.4		0.22553
121.5		0.22553
121.6		0.22553
121.7		0.22553
121.8		0.22553
121.9		0.22553
122		0.22553
122.1		0.229819
122.2		0.229819
122.3		0.229819
122.4		0.229819
122.5		0.229819
122.6		0.229819
122.7		0.229819
122.8		0.229819
122.9		0.229819
123		0.229819
123.1		0.233329
123.2		0.233329
123.3		0.233329
123.4		0.233329
123.5		0.233329
123.6		0.233329
123.7		0.233329
123.8		0.233329
123.9		0.233329
124		0.233329
124.1		0.233719
124.2		0.233719
124.3		0.233719
124.4		0.233719
124.5		0.233719
124.6		0.233719
124.7		0.233719
124.8		0.233719
124.9		0.233719
125		0.233719
125.1		0.234499
125.2		0.234499
125.3		0.234499
125.4		0.234499
125.5		0.234499
125.6		0.234499
125.7		0.234499
125.8		0.234499
125.9		0.234499
126		0.234499
126.1		0.236709
126.2		0.236709
126.3		0.236709
126.4		0.236709
126.5		0.236709
126.6		0.236709
126.7		0.236709
126.8		0.236709
126.9		0.236709
127		0.236709
127.1		0.236969
127.2		0.236969
127.3		0.236969
127.4		0.236969
127.5		0.236969
127.6		0.236969
127.7		0.236969
127.8		0.236969
127.9		0.236969
128		0.236969
128.1		0.239178
128.2		0.239178
128.3		0.239178
128.4		0.239178
128.5		0.239178
128.6		0.239178
128.7		0.239178
128.8		0.239178
128.9		0.239178
129		0.239178
129.1		0.242428
129.2		0.242428
129.3		0.242428
129.4		0.242428
129.5		0.242428
129.6		0.242428
129.7		0.242428
129.8		0.242428
129.9		0.242428
130		0.242428
130.1		0.242428
130.2		0.242428
130.3		0.242428
130.4		0.242428
130.5		0.242428
130.6		0.242428
130.7		0.242428
130.8		0.242428
130.9		0.242428
131		0.242428
131.1		0.246588
131.2		0.246588
131.3		0.246588
131.4		0.246588
131.5		0.246588
131.6		0.246588
131.7		0.246588
131.8		0.246588
131.9		0.246588
132		0.246588
132.1		0.247498
132.2		0.247498
132.3		0.247498
132.4		0.247498
132.5		0.247498
132.6		0.247498
132.7		0.247498
132.8		0.247498
132.9		0.247498
133		0.247498
133.1		0.249318
133.2		0.249318
133.3		0.249318
133.4		0.249318
133.5		0.249318
133.6		0.249318
133.7		0.249318
133.8		0.249318
133.9		0.249318
134		0.249318
134.1		0.251917
134.2		0.251917
134.3		0.251917
134.4		0.251917
134.5		0.251917
134.6		0.251917
134.7		0.251917
134.8		0.251917
134.9		0.251917
135		0.251917
135.1		0.251917
135.2		0.251917
135.3		0.251917
135.4		0.251917
135.5		0.251917
135.6		0.251917
135.7		0.251917
135.8		0.251917
135.9		0.251917
136		0.251917
136.1		0.255297
136.2		0.255297
136.3		0.255297
136.4		0.255297
136.5		0.255297
136.6		0.255297
136.7		0.255297
136.8		0.255297
136.9		0.255297
137		0.255297
137.1		0.257507
137.2		0.257507
137.3		0.257507
137.4		0.257507
137.5		0.257507
137.6		0.257507
137.7		0.257507
137.8		0.257507
137.9		0.257507
138		0.257507
138.1		0.258807
138.2		0.258807
138.3		0.258807
138.4		0.258807
138.5		0.258807
138.6		0.258807
138.7		0.258807
138.8		0.258807
138.9		0.258807
139		0.258807
139.1		0.260367
139.2		0.260367
139.3		0.260367
139.4		0.260367
139.5		0.260367
139.6		0.260367
139.7		0.260367
139.8		0.260367
139.9		0.260367
140		0.260367
140.1		0.264526
140.2		0.264526
140.3		0.264526
140.4		0.264526
140.5		0.264526
140.6		0.264526
140.7		0.264526
140.8		0.264526
140.9		0.264526
141		0.264526
141.1		0.265826
141.2		0.265826
141.3		0.265826
141.4		0.265826
141.5		0.265826
141.6		0.265826
141.7		0.265826
141.8		0.265826
141.9		0.265826
142		0.265826
142.1		0.267256
142.2		0.267256
142.3		0.267256
142.4		0.267256
142.5		0.267256
142.6		0.267256
142.7		0.267256
142.8		0.267256
142.9		0.267256
143		0.267256
143.1		0.269986
143.2		0.269986
143.3		0.269986
143.4		0.269986
143.5		0.269986
143.6		0.269986
143.7		0.269986
143.8		0.269986
143.9		0.269986
144		0.269986
144.1		0.275055
144.2		0.275055
144.3		0.275055
144.4		0.275055
144.5		0.275055
144.6		0.275055
144.7		0.275055
144.8		0.275055
144.9		0.275055
145		0.275055
145.1		0.276095
145.2		0.276095
145.3		0.276095
145.4		0.276095
145.5		0.276095
145.6		0.276095
145.7		0.276095
145.8		0.276095
145.9		0.276095
146		0.276095
146.1		0.276225
146.2		0.276225
146.3		0.276225
146.4		0.276225
146.5		0.276225
146.6		0.276225
146.7		0.276225
146.8		0.276225
146.9		0.276225
147		0.276225
147.1		0.277655
147.2		0.277655
147.3		0.277655
147.4		0.277655
147.5		0.277655
147.6		0.277655
147.7		0.277655
147.8		0.277655
147.9		0.277655
148		0.277655
148.1		0.284284
148.2		0.284284
148.3		0.284284
148.4		0.284284
148.5		0.284284
148.6		0.284284
148.7		0.284284
148.8		0.284284
148.9		0.284284
149		0.284284
149.1		0.285194
149.2		0.285194
149.3		0.285194
149.4		0.285194
149.5		0.285194
149.6		0.285194
149.7		0.285194
149.8		0.285194
149.9		0.285194
150		0.285194
150.1		0.285324
150.2		0.285324
150.3		0.285324
150.4		0.285324
150.5		0.285324
150.6		0.285324
150.7		0.285324
150.8		0.285324
150.9		0.285324
151		0.285324
151.1		0.287144
151.2		0.287144
151.3		0.287144
151.4		0.287144
151.5		0.287144
151.6		0.287144
151.7		0.287144
151.8		0.287144
151.9		0.287144
152		0.287144
152.1		0.287664
152.2		0.287664
152.3		0.287664
152.4		0.287664
152.5		0.287664
152.6		0.287664
152.7		0.287664
152.8		0.287664
152.9		0.287664
153		0.287664
153.1		0.292734
153.2		0.292734
153.3		0.292734
153.4		0.292734
153.5		0.292734
153.6		0.292734
153.7		0.292734
153.8		0.292734
153.9		0.292734
154		0.292734
154.1		0.293774
154.2		0.293774
154.3		0.293774
154.4		0.293774
154.5		0.293774
154.6		0.293774
154.7		0.293774
154.8		0.293774
154.9		0.293774
155		0.293774
155.1		0.294813
155.2		0.294813
155.3		0.294813
155.4		0.294813
155.5		0.294813
155.6		0.294813
155.7		0.294813
155.8		0.294813
155.9		0.294813
156		0.294813
156.1		0.298063
156.2		0.298063
156.3		0.298063
156.4		0.298063
156.5		0.298063
156.6		0.298063
156.7		0.298063
156.8		0.298063
156.9		0.298063
157		0.298063
157.1		0.298713
157.2		0.298713
157.3		0.298713
157.4		0.298713
157.5		0.298713
157.6		0.298713
157.7		0.298713
157.8		0.298713
157.9		0.298713
158		0.298713
158.1		0.302743
158.2		0.302743
158.3		0.302743
158.4		0.302743
158.5		0.302743
158.6		0.302743
158.7		0.302743
158.8		0.302743
158.9		0.302743
159		0.302743
159.1		0.303003
159.2		0.303003
159.3		0.303003
159.4		0.303003
159.5		0.303003
159.6		0.303003
159.7		0.303003
159.8		0.303003
159.9		0.303003
160		0.303003
160.1		0.305732
160.2		0.305732
160.3		0.305732
160.4		0.305732
160.5		0.305732
160.6		0.305732
160.7		0.305732
160.8		0.305732
160.9		0.305732
161		0.305732
161.1		0.311192
161.2		0.311192
161.3		0.311192
161.4		0.311192
161.5		0.311192
161.6		0.311192
161.7		0.311192
161.8		0.311192
161.9		0.311192
162		0.311192
162.1		0.314832
162.2		0.314832
162.3		0.314832
162.4		0.314832
162.5		0.314832
162.6		0.314832
162.7		0.314832
162.8		0.314832
162.9		0.314832
163		0.314832
163.1		0.315222
163.2		0.315222
163.3		0.315222
163.4		0.315222
163.5		0.315222
163.6		0.315222
163.7		0.315222
163.8		0.315222
163.9		0.315222
164		0.315222
164.1		0.318341
164.2		0.318341
164.3		0.318341
164.4		0.318341
164.5		0.318341
164.6		0.318341
164.7		0.318341
164.8		0.318341
164.9		0.318341
165		0.318341
165.1		0.319641
165.2		0.319641
165.3		0.319641
165.4		0.319641
165.5		0.319641
165.6		0.319641
165.7		0.319641
165.8		0.319641
165.9		0.319641
166		0.319641
166.1		0.322241
166.2		0.322241
166.3		0.322241
166.4		0.322241
166.5		0.322241
166.6		0.322241
166.7		0.322241
166.8		0.322241
166.9		0.322241
167		0.322241
167.1		0.322891
167.2		0.322891
167.3		0.322891
167.4		0.322891
167.5		0.322891
167.6		0.322891
167.7		0.322891
167.8		0.322891
167.9		0.322891
168		0.322891
168.1		0.326141
168.2		0.326141
168.3		0.326141
168.4		0.326141
168.5		0.326141
168.6		0.326141
168.7		0.326141
168.8		0.326141
168.9		0.326141
169		0.326141
169.1		0.326791
169.2		0.326791
169.3		0.326791
169.4		0.326791
169.5		0.326791
169.6		0.326791
169.7		0.326791
169.8		0.326791
169.9		0.326791
170		0.326791
170.1		0.33069
170.2		0.33069
170.3		0.33069
170.4		0.33069
170.5		0.33069
170.6		0.33069
170.7		0.33069
170.8		0.33069
170.9		0.33069
171		0.33069
171.1		0.33095
171.2		0.33095
171.3		0.33095
171.4		0.33095
171.5		0.33095
171.6		0.33095
171.7		0.33095
171.8		0.33095
171.9		0.33095
172		0.33095
172.1		0.33225
172.2		0.33225
172.3		0.33225
172.4		0.33225
172.5		0.33225
172.6		0.33225
172.7		0.33225
172.8		0.33225
172.9		0.33225
173		0.33225
173.1		0.33329
173.2		0.33329
173.3		0.33329
173.4		0.33329
173.5		0.33329
173.6		0.33329
173.7		0.33329
173.8		0.33329
173.9		0.33329
174		0.33329
174.1		0.33784
174.2		0.33784
174.3		0.33784
174.4		0.33784
174.5		0.33784
174.6		0.33784
174.7		0.33784
174.8		0.33784
174.9		0.33784
175		0.33784
175.1		0.33823
175.2		0.33823
175.3		0.33823
175.4		0.33823
175.5		0.33823
175.6		0.33823
175.7		0.33823
175.8		0.33823
175.9		0.33823
176		0.33823
176.1		0.341869
176.2		0.341869
176.3		0.341869
176.4		0.341869
176.5		0.341869
176.6		0.341869
176.7		0.341869
176.8		0.341869
176.9		0.341869
177		0.341869
177.1		0.342649
177.2		0.342649
177.3		0.342649
177.4		0.342649
177.5		0.342649
177.6		0.342649
177.7		0.342649
177.8		0.342649
177.9		0.342649
178		0.342649
178.1		0.344079
178.2		0.344079
178.3		0.344079
178.4		0.344079
178.5		0.344079
178.6		0.344079
178.7		0.344079
178.8		0.344079
178.9		0.344079
179		0.344079
179.1		0.348369
179.2		0.348369
179.3		0.348369
179.4		0.348369
179.5		0.348369
179.6		0.348369
179.7		0.348369
179.8		0.348369
179.9		0.348369
180		0.348369
180.1		0.349409
180.2		0.349409
180.3		0.349409
180.4		0.349409
180.5		0.349409
180.6		0.349409
180.7		0.349409
180.8		0.349409
180.9		0.349409
181		0.349409
181.1		0.350708
181.2		0.350708
181.3		0.350708
181.4		0.350708
181.5		0.350708
181.6		0.350708
181.7		0.350708
181.8		0.350708
181.9		0.350708
182		0.350708
182.1		0.353828
182.2		0.353828
182.3		0.353828
182.4		0.353828
182.5		0.353828
182.6		0.353828
182.7		0.353828
182.8		0.353828
182.9		0.353828
183		0.353828
183.1		0.354088
183.2		0.354088
183.3		0.354088
183.4		0.354088
183.5		0.354088
183.6		0.354088
183.7		0.354088
183.8		0.354088
183.9		0.354088
184		0.354088
184.1		0.355388
184.2		0.355388
184.3		0.355388
184.4		0.355388
184.5		0.355388
184.6		0.355388
184.7		0.355388
184.8		0.355388
184.9		0.355388
185		0.355388
185.1		0.357988
185.2		0.357988
185.3		0.357988
185.4		0.357988
185.5		0.357988
185.6		0.357988
185.7		0.357988
185.8		0.357988
185.9		0.357988
186		0.357988
186.1		0.362927
186.2		0.362927
186.3		0.362927
186.4		0.362927
186.5		0.362927
186.6		0.362927
186.7		0.362927
186.8		0.362927
186.9		0.362927
187		0.362927
187.1		0.363447
187.2		0.363447
187.3		0.363447
187.4		0.363447
187.5		0.363447
187.6		0.363447
187.7		0.363447
187.8		0.363447
187.9		0.363447
188		0.363447
188.1		0.366437
188.2		0.366437
188.3		0.366437
188.4		0.366437
188.5		0.366437
188.6		0.366437
188.7		0.366437
188.8		0.366437
188.9		0.366437
189		0.366437
189.1		0.367087
189.2		0.367087
189.3		0.367087
189.4		0.367087
189.5		0.367087
189.6		0.367087
189.7		0.367087
189.8		0.367087
189.9		0.367087
190		0.367087
190.1		0.369687
190.2		0.369687
190.3		0.369687
190.4		0.369687
190.5		0.369687
190.6		0.369687
190.7		0.369687
190.8		0.369687
190.9		0.369687
191		0.369687
191.1		0.370857
191.2		0.370857
191.3		0.370857
191.4		0.370857
191.5		0.370857
191.6		0.370857
191.7		0.370857
191.8		0.370857
191.9		0.370857
192		0.370857
192.1		0.371767
192.2		0.371767
192.3		0.371767
192.4		0.371767
192.5		0.371767
192.6		0.371767
192.7		0.371767
192.8		0.371767
192.9		0.371767
193		0.371767
193.1		0.378006
193.2		0.378006
193.3		0.378006
193.4		0.378006
193.5		0.378006
193.6		0.378006
193.7		0.378006
193.8		0.378006
193.9		0.378006
194		0.378006
194.1		0.379046
194.2		0.379046
194.3		0.379046
194.4		0.379046
194.5		0.379046
194.6		0.379046
194.7		0.379046
194.8		0.379046
194.9		0.379046
195		0.379046
195.1		0.380346
195.2		0.380346
195.3		0.380346
195.4		0.380346
195.5		0.380346
195.6		0.380346
195.7		0.380346
195.8		0.380346
195.9		0.380346
196		0.380346
196.1		0.382816
196.2		0.382816
196.3		0.382816
196.4		0.382816
196.5		0.382816
196.6		0.382816
196.7		0.382816
196.8		0.382816
196.9		0.382816
197		0.382816
197.1		0.384375
197.2		0.384375
197.3		0.384375
197.4		0.384375
197.5		0.384375
197.6		0.384375
197.7		0.384375
197.8		0.384375
197.9		0.384375
198		0.384375
198.1		0.386065
198.2		0.386065
198.3		0.386065
198.4		0.386065
198.5		0.386065
198.6		0.386065
198.7		0.386065
198.8		0.386065
198.9		0.386065
199		0.386065
199.1		0.389055
199.2		0.389055
199.3		0.389055
199.4		0.389055
199.5		0.389055
199.6		0.389055
199.7		0.389055
199.8		0.389055
199.9		0.389055
200		0.389055
200.1		0.392175
200.2		0.392175
200.3		0.392175
200.4		0.392175
200.5		0.392175
200.6		0.392175
200.7		0.392175
200.8		0.392175
200.9		0.392175
201		0.392175
201.1		0.392955
201.2		0.392955
201.3		0.392955
201.4		0.392955
201.5		0.392955
201.6		0.392955
201.7		0.392955
201.8		0.392955
201.9		0.392955
202		0.392955
202.1		0.394514
202.2		0.394514
202.3		0.394514
202.4		0.394514
202.5		0.394514
202.6		0.394514
202.7		0.394514
202.8		0.394514
202.9		0.394514
203		0.394514
203.1		0.394514
203.2		0.394514
203.3		0.394514
203.4		0.394514
203.5		0.394514
203.6		0.394514
203.7		0.394514
203.8		0.394514
203.9		0.394514
204		0.394514
204.1		0.398544
204.2		0.398544
204.3		0.398544
204.4		0.398544
204.5		0.398544
204.6		0.398544
204.7		0.398544
204.8		0.398544
204.9		0.398544
205		0.398544
205.1		0.400754
205.2		0.400754
205.3		0.400754
205.4		0.400754
205.5		0.400754
205.6		0.400754
205.7		0.400754
205.8		0.400754
205.9		0.400754
206		0.400754
206.1		0.402574
206.2		0.402574
206.3		0.402574
206.4		0.402574
206.5		0.402574
206.6		0.402574
206.7		0.402574
206.8		0.402574
206.9		0.402574
207		0.402574
207.1		0.403224
207.2		0.403224
207.3		0.403224
207.4		0.403224
207.5		0.403224
207.6		0.403224
207.7		0.403224
207.8		0.403224
207.9		0.403224
208		0.403224
208.1		0.408553
208.2		0.408553
208.3		0.408553
208.4		0.408553
208.5		0.408553
208.6		0.408553
208.7		0.408553
208.8		0.408553
208.9		0.408553
209		0.408553
209.1		0.410113
209.2		0.410113
209.3		0.410113
209.4		0.410113
209.5		0.410113
209.6		0.410113
209.7		0.410113
209.8		0.410113
209.9		0.410113
210		0.410113
210.1		0.411283
210.2		0.411283
210.3		0.411283
210.4		0.411283
210.5		0.411283
210.6		0.411283
210.7		0.411283
210.8		0.411283
210.9		0.411283
211		0.411283
211.1		0.411673
211.2		0.411673
211.3		0.411673
211.4		0.411673
211.5		0.411673
211.6		0.411673
211.7		0.411673
211.8		0.411673
211.9		0.411673
212		0.411673
212.1		0.418042
212.2		0.418042
212.3		0.418042
212.4		0.418042
212.5		0.418042
212.6		0.418042
212.7		0.418042
212.8		0.418042
212.9		0.418042
213		0.418042
213.1		0.419732
213.2		0.419732
213.3		0.419732
213.4		0.419732
213.5		0.419732
213.6		0.419732
213.7		0.419732
213.8		0.419732
213.9		0.419732
214		0.419732
214.1		0.420122
214.2		0.420122
214.3		0.420122
214.4		0.420122
214.5		0.420122
214.6		0.420122
214.7		0.420122
214.8		0.420122
214.9		0.420122
215		0.420122
215.1		0.420772
215.2		0.420772
215.3		0.420772
215.4		0.420772
215.5		0.420772
215.6		0.420772
215.7		0.420772
215.8		0.420772
215.9		0.420772
216		0.420772
216.1		0.428441
216.2		0.428441
216.3		0.428441
216.4		0.428441
216.5		0.428441
216.6		0.428441
216.7		0.428441
216.8		0.428441
216.9		0.428441
217		0.428441
217.1		0.429871
217.2		0.429871
217.3		0.429871
217.4		0.429871
217.5		0.429871
217.6		0.429871
217.7		0.429871
217.8		0.429871
217.9		0.429871
218		0.429871
218.1		0.430131
218.2		0.430131
218.3		0.430131
218.4		0.430131
218.5		0.430131
218.6		0.430131
218.7		0.430131
218.8		0.430131
218.9		0.430131
219		0.430131
219.1		0.432991
219.2		0.432991
219.3		0.432991
219.4		0.432991
219.5		0.432991
219.6		0.432991
219.7		0.432991
219.8		0.432991
219.9		0.432991
220		0.432991
220.1		0.436371
220.2		0.436371
220.3		0.436371
220.4		0.436371
220.5		0.436371
220.6		0.436371
220.7		0.436371
220.8		0.436371
220.9		0.436371
221		0.436371
221.1		0.436631
221.2		0.436631
221.3		0.436631
221.4		0.436631
221.5		0.436631
221.6		0.436631
221.7		0.436631
221.8		0.436631
221.9		0.436631
222		0.436631
222.1		0.44144
222.2		0.44144
222.3		0.44144
222.4		0.44144
222.5		0.44144
222.6		0.44144
222.7		0.44144
222.8		0.44144
222.9		0.44144
223		0.44144
223.1		0.44222
223.2		0.44222
223.3		0.44222
223.4		0.44222
223.5		0.44222
223.6		0.44222
223.7		0.44222
223.8		0.44222
223.9		0.44222
224		0.44222
224.1		0.44469
224.2		0.44469
224.3		0.44469
224.4		0.44469
224.5		0.44469
224.6		0.44469
224.7		0.44469
224.8		0.44469
224.9		0.44469
225		0.44469
225.1		0.44833
225.2		0.44833
225.3		0.44833
225.4		0.44833
225.5		0.44833
225.6		0.44833
225.7		0.44833
225.8		0.44833
225.9		0.44833
226		0.44833
226.1		0.44976
226.2		0.44976
226.3		0.44976
226.4		0.44976
226.5		0.44976
226.6		0.44976
226.7		0.44976
226.8		0.44976
226.9		0.44976
227		0.44976
227.1		0.450149
227.2		0.450149
227.3		0.450149
227.4		0.450149
227.5		0.450149
227.6		0.450149
227.7		0.450149
227.8		0.450149
227.9		0.450149
228		0.450149
228.1		0.453529
228.2		0.453529
228.3		0.453529
228.4		0.453529
228.5		0.453529
228.6		0.453529
228.7		0.453529
228.8		0.453529
228.9		0.453529
229		0.453529
229.1		0.454699
229.2		0.454699
229.3		0.454699
229.4		0.454699
229.5		0.454699
229.6		0.454699
229.7		0.454699
229.8		0.454699
229.9		0.454699
230		0.454699
230.1		0.460159
230.2		0.460159
230.3		0.460159
230.4		0.460159
230.5		0.460159
230.6		0.460159
230.7		0.460159
230.8		0.460159
230.9		0.460159
231		0.460159
231.1		0.461328
231.2		0.461328
231.3		0.461328
231.4		0.461328
231.5		0.461328
231.6		0.461328
231.7		0.461328
231.8		0.461328
231.9		0.461328
232		0.461328
232.1		0.462238
232.2		0.462238
232.3		0.462238
232.4		0.462238
232.5		0.462238
232.6		0.462238
232.7		0.462238
232.8		0.462238
232.9		0.462238
233		0.462238
233.1		0.464448
233.2		0.464448
233.3		0.464448
233.4		0.464448
233.5		0.464448
233.6		0.464448
233.7		0.464448
233.8		0.464448
233.9		0.464448
234		0.464448
234.1		0.467698
234.2		0.467698
234.3		0.467698
234.4		0.467698
234.5		0.467698
234.6		0.467698
234.7		0.467698
234.8		0.467698
234.9		0.467698
235		0.467698
235.1		0.468348
235.2		0.468348
235.3		0.468348
235.4		0.468348
235.5		0.468348
235.6		0.468348
235.7		0.468348
235.8		0.468348
235.9		0.468348
236		0.468348
236.1		0.470558
236.2		0.470558
236.3		0.470558
236.4		0.470558
236.5		0.470558
236.6		0.470558
236.7		0.470558
236.8		0.470558
236.9		0.470558
237		0.470558
237.1		0.472247
237.2		0.472247
237.3		0.472247
237.4		0.472247
237.5		0.472247
237.6		0.472247
237.7		0.472247
237.8		0.472247
237.9		0.472247
238		0.472247
238.1		0.476407
238.2		0.476407
238.3		0.476407
238.4		0.476407
238.5		0.476407
238.6		0.476407
238.7		0.476407
238.8		0.476407
238.9		0.476407
239		0.476407
239.1		0.477057
239.2		0.477057
239.3		0.477057
239.4		0.477057
239.5		0.477057
239.6		0.477057
239.7		0.477057
239.8		0.477057
239.9		0.477057
240		0.477057
240.1		0.477967
240.2		0.477967
240.3		0.477967
240.4		0.477967
240.5		0.477967
240.6		0.477967
240.7		0.477967
240.8		0.477967
240.9		0.477967
241		0.477967
241.1		0.478357
241.2		0.478357
241.3		0.478357
241.4		0.478357
241.5		0.478357
241.6		0.478357
241.7		0.478357
241.8		0.478357
241.9		0.478357
242		0.478357
242.1		0.484726
242.2		0.484726
242.3		0.484726
242.4		0.484726
242.5		0.484726
242.6		0.484726
242.7		0.484726
242.8		0.484726
242.9		0.484726
243		0.484726
243.1		0.485766
243.2		0.485766
243.3		0.485766
243.4		0.485766
243.5		0.485766
243.6		0.485766
243.7		0.485766
243.8		0.485766
243.9		0.485766
244		0.485766
244.1		0.488236
244.2		0.488236
244.3		0.488236
244.4		0.488236
244.5		0.488236
244.6		0.488236
244.7		0.488236
244.8		0.488236
244.9		0.488236
245		0.488236
245.1		0.489016
245.2		0.489016
245.3		0.489016
245.4		0.489016
245.5		0.489016
245.6		0.489016
245.7		0.489016
245.8		0.489016
245.9		0.489016
246		0.489016
246.1		0.492266
246.2		0.492266
246.3		0.492266
246.4		0.492266
246.5		0.492266
246.6		0.492266
246.7		0.492266
246.8		0.492266
246.9		0.492266
247		0.492266
247.1		0.493436
247.2		0.493436
247.3		0.493436
247.4		0.493436
247.5		0.493436
247.6		0.493436
247.7		0.493436
247.8		0.493436
247.9		0.493436
248		0.493436
248.1		0.493826
248.2		0.493826
248.3		0.493826
248.4		0.493826
248.5		0.493826
248.6		0.493826
248.7		0.493826
248.8		0.493826
248.9		0.493826
249		0.493826
249.1		0.493956
249.2		0.493956
249.3		0.493956
249.4		0.493956
249.5		0.493956
249.6		0.493956
249.7		0.493956
249.8		0.493956
249.9		0.493956
250		0.493956
250.1		0.498245
250.2		0.498245
250.3		0.498245
250.4		0.498245
250.5		0.498245
250.6		0.498245
250.7		0.498245
250.8		0.498245
250.9		0.498245
251		0.498245
251.1		0.502145
251.2		0.502145
251.3		0.502145
251.4		0.502145
251.5		0.502145
251.6		0.502145
251.7		0.502145
251.8		0.502145
251.9		0.502145
252		0.502145
252.1		0.505135
252.2		0.505135
252.3		0.505135
252.4		0.505135
252.5		0.505135
252.6		0.505135
252.7		0.505135
252.8		0.505135
252.9		0.505135
253		0.505135
253.1		0.505525
253.2		0.505525
253.3		0.505525
253.4		0.505525
253.5		0.505525
253.6		0.505525
253.7		0.505525
253.8		0.505525
253.9		0.505525
254		0.505525
254.1		0.505784
254.2		0.505784
254.3		0.505784
254.4		0.505784
254.5		0.505784
254.6		0.505784
254.7		0.505784
254.8		0.505784
254.9		0.505784
255		0.505784
255.1		0.509424
255.2		0.509424
255.3		0.509424
255.4		0.509424
255.5		0.509424
255.6		0.509424
255.7		0.509424
255.8		0.509424
255.9		0.509424
256		0.509424
256.1		0.512544
256.2		0.512544
256.3		0.512544
256.4		0.512544
256.5		0.512544
256.6		0.512544
256.7		0.512544
256.8		0.512544
256.9		0.512544
257		0.512544
257.1		0.513324
257.2		0.513324
257.3		0.513324
257.4		0.513324
257.5		0.513324
257.6		0.513324
257.7		0.513324
257.8		0.513324
257.9		0.513324
258		0.513324
258.1		0.514624
258.2		0.514624
258.3		0.514624
258.4		0.514624
258.5		0.514624
258.6		0.514624
258.7		0.514624
258.8		0.514624
258.9		0.514624
259		0.514624
259.1		0.515534
259.2		0.515534
259.3		0.515534
259.4		0.515534
259.5		0.515534
259.6		0.515534
259.7		0.515534
259.8		0.515534
259.9		0.515534
260		0.515534
260.1		0.520603
260.2		0.520603
260.3		0.520603
260.4		0.520603
260.5		0.520603
260.6		0.520603
260.7		0.520603
260.8		0.520603
260.9		0.520603
261		0.520603
261.1		0.520733
261.2		0.520733
261.3		0.520733
261.4		0.520733
261.5		0.520733
261.6		0.520733
261.7		0.520733
261.8		0.520733
261.9		0.520733
262		0.520733
262.1		0.522943
262.2		0.522943
262.3		0.522943
262.4		0.522943
262.5		0.522943
262.6		0.522943
262.7		0.522943
262.8		0.522943
262.9		0.522943
263		0.522943
263.1		0.523593
263.2		0.523593
263.3		0.523593
263.4		0.523593
263.5		0.523593
263.6		0.523593
263.7		0.523593
263.8		0.523593
263.9		0.523593
264		0.523593
264.1		0.529312
264.2		0.529312
264.3		0.529312
264.4		0.529312
264.5		0.529312
264.6		0.529312
264.7		0.529312
264.8		0.529312
264.9		0.529312
265		0.529312
265.1		0.529962
265.2		0.529962
265.3		0.529962
265.4		0.529962
265.5		0.529962
265.6		0.529962
265.7		0.529962
265.8		0.529962
265.9		0.529962
266		0.529962
266.1		0.530092
266.2		0.530092
266.3		0.530092
266.4		0.530092
266.5		0.530092
266.6		0.530092
266.7		0.530092
266.8		0.530092
266.9		0.530092
267		0.530092
267.1		0.530352
267.2		0.530352
267.3		0.530352
267.4		0.530352
267.5		0.530352
267.6		0.530352
267.7		0.530352
267.8		0.530352
267.9		0.530352
268		0.530352
268.1		0.535682
268.2		0.535682
268.3		0.535682
268.4		0.535682
268.5		0.535682
268.6		0.535682
268.7		0.535682
268.8		0.535682
268.9		0.535682
269		0.535682
269.1		0.536332
269.2		0.536332
269.3		0.536332
269.4		0.536332
269.5		0.536332
269.6		0.536332
269.7		0.536332
269.8		0.536332
269.9		0.536332
270		0.536332
270.1		0.538022
270.2		0.538022
270.3		0.538022
270.4		0.538022
270.5		0.538022
270.6		0.538022
270.7		0.538022
270.8		0.538022
270.9		0.538022
271		0.538022
271.1		0.541661
271.2		0.541661
271.3		0.541661
271.4		0.541661
271.5		0.541661
271.6		0.541661
271.7		0.541661
271.8		0.541661
271.9		0.541661
272		0.541661
272.1		0.544651
272.2		0.544651
272.3		0.544651
272.4		0.544651
272.5		0.544651
272.6		0.544651
272.7		0.544651
272.8		0.544651
272.9		0.544651
273		0.544651
273.1		0.545041
273.2		0.545041
273.3		0.545041
273.4		0.545041
273.5		0.545041
273.6		0.545041
273.7		0.545041
273.8		0.545041
273.9		0.545041
274		0.545041
274.1		0.546211
274.2		0.546211
274.3		0.546211
274.4		0.546211
274.5		0.546211
274.6		0.546211
274.7		0.546211
274.8		0.546211
274.9		0.546211
275		0.546211
275.1		0.547901
275.2		0.547901
275.3		0.547901
275.4		0.547901
275.5		0.547901
275.6		0.547901
275.7		0.547901
275.8		0.547901
275.9		0.547901
276		0.547901
276.1		0.55102
276.2		0.55102
276.3		0.55102
276.4		0.55102
276.5		0.55102
276.6		0.55102
276.7		0.55102
276.8		0.55102
276.9		0.55102
277		0.55102
277.1		0.55271
277.2		0.55271
277.3		0.55271
277.4		0.55271
277.5		0.55271
277.6		0.55271
277.7		0.55271
277.8		0.55271
277.9		0.55271
278		0.55271
278.1		0.55388
278.2		0.55388
278.3		0.55388
278.4		0.55388
278.5		0.55388
278.6		0.55388
278.7		0.55388
278.8		0.55388
278.9		0.55388
279		0.55388
279.1		0.55583
279.2		0.55583
279.3		0.55583
279.4		0.55583
279.5		0.55583
279.6		0.55583
279.7		0.55583
279.8		0.55583
279.9		0.55583
280		0.55583
280.1		0.557
280.2		0.557
280.3		0.557
280.4		0.557
280.5		0.557
280.6		0.557
280.7		0.557
280.8		0.557
280.9		0.557
281		0.557
281.1		0.56051
281.2		0.56051
281.3		0.56051
281.4		0.56051
281.5		0.56051
281.6		0.56051
281.7		0.56051
281.8		0.56051
281.9		0.56051
282		0.56051
282.1		0.56064
282.2		0.56064
282.3		0.56064
282.4		0.56064
282.5		0.56064
282.6		0.56064
282.7		0.56064
282.8		0.56064
282.9		0.56064
283		0.56064
283.1		0.563499
283.2		0.563499
283.3		0.563499
283.4		0.563499
283.5		0.563499
283.6		0.563499
283.7		0.563499
283.8		0.563499
283.9		0.563499
284		0.563499
284.1		0.565319
284.2		0.565319
284.3		0.565319
284.4		0.565319
284.5		0.565319
284.6		0.565319
284.7		0.565319
284.8		0.565319
284.9		0.565319
285		0.565319
285.1		0.566619
285.2		0.566619
285.3		0.566619
285.4		0.566619
285.5		0.566619
285.6		0.566619
285.7		0.566619
285.8		0.566619
285.9		0.566619
286		0.566619
286.1		0.570389
286.2		0.570389
286.3		0.570389
286.4		0.570389
286.5		0.570389
286.6		0.570389
286.7		0.570389
286.8		0.570389
286.9		0.570389
287		0.570389
287.1		0.573248
287.2		0.573248
287.3		0.573248
287.4		0.573248
287.5		0.573248
287.6		0.573248
287.7		0.573248
287.8		0.573248
287.9		0.573248
288		0.573248
288.1		0.576498
288.2		0.576498
288.3		0.576498
288.4		0.576498
288.5		0.576498
288.6		0.576498
288.7		0.576498
288.8		0.576498
288.9		0.576498
289		0.576498
289.1		0.579098
289.2		0.579098
289.3		0.579098
289.4		0.579098
289.5		0.579098
289.6		0.579098
289.7		0.579098
289.8		0.579098
289.9		0.579098
290		0.579098
290.1		0.580138
290.2		0.580138
290.3		0.580138
290.4		0.580138
290.5		0.580138
290.6		0.580138
290.7		0.580138
290.8		0.580138
290.9		0.580138
291		0.580138
291.1		0.585337
291.2		0.585337
291.3		0.585337
291.4		0.585337
291.5		0.585337
291.6		0.585337
291.7		0.585337
291.8		0.585337
291.9		0.585337
292		0.585337
292.1		0.586897
292.2		0.586897
292.3		0.586897
292.4		0.586897
292.5		0.586897
292.6		0.586897
292.7		0.586897
292.8		0.586897
292.9		0.586897
293		0.586897
293.1		0.587157
293.2		0.587157
293.3		0.587157
293.4		0.587157
293.5		0.587157
293.6		0.587157
293.7		0.587157
293.8		0.587157
293.9		0.587157
294		0.587157
294.1		0.587547
294.2		0.587547
294.3		0.587547
294.4		0.587547
294.5		0.587547
294.6		0.587547
294.7		0.587547
294.8		0.587547
294.9		0.587547
295		0.587547
295.1		0.590797
295.2		0.590797
295.3		0.590797
295.4		0.590797
295.5		0.590797
295.6		0.590797
295.7		0.590797
295.8		0.590797
295.9		0.590797
296		0.590797
296.1		0.596646
296.2		0.596646
296.3		0.596646
296.4		0.596646
296.5		0.596646
296.6		0.596646
296.7		0.596646
296.8		0.596646
296.9		0.596646
297		0.596646
297.1		0.596906
297.2		0.596906
297.3		0.596906
297.4		0.596906
297.5		0.596906
297.6		0.596906
297.7		0.596906
297.8		0.596906
297.9		0.596906
298		0.596906
298.1		0.600026
298.2		0.600026
298.3		0.600026
298.4		0.600026
298.5		0.600026
298.6		0.600026
298.7		0.600026
298.8		0.600026
298.9		0.600026
299		0.600026
299.1		0.605745
299.2		0.605745
299.3		0.605745
299.4		0.605745
299.5		0.605745
299.6		0.605745
299.7		0.605745
299.8		0.605745
299.9		0.605745
300		0.605745
300.1		0.608085
300.2		0.608085
300.3		0.608085
300.4		0.608085
300.5		0.608085
300.6		0.608085
300.7		0.608085
300.8		0.608085
300.9		0.608085
301		0.608085
301.1		0.608605
301.2		0.608605
301.3		0.608605
301.4		0.608605
301.5		0.608605
301.6		0.608605
301.7		0.608605
301.8		0.608605
301.9		0.608605
302		0.608605
302.1		0.614585
302.2		0.614585
302.3		0.614585
302.4		0.614585
302.5		0.614585
302.6		0.614585
302.7		0.614585
302.8		0.614585
302.9		0.614585
303		0.614585
303.1		0.615495
303.2		0.615495
303.3		0.615495
303.4		0.615495
303.5		0.615495
303.6		0.615495
303.7		0.615495
303.8		0.615495
303.9		0.615495
304		0.615495
304.1		0.617444
304.2		0.617444
304.3		0.617444
304.4		0.617444
304.5		0.617444
304.6		0.617444
304.7		0.617444
304.8		0.617444
304.9		0.617444
305		0.617444
305.1		0.621084
305.2		0.621084
305.3		0.621084
305.4		0.621084
305.5		0.621084
305.6		0.621084
305.7		0.621084
305.8		0.621084
305.9		0.621084
306		0.621084
306.1		0.623424
306.2		0.623424
306.3		0.623424
306.4		0.623424
306.5		0.623424
306.6		0.623424
306.7		0.623424
306.8		0.623424
306.9		0.623424
307		0.623424
307.1		0.624594
307.2		0.624594
307.3		0.624594
307.4		0.624594
307.5		0.624594
307.6		0.624594
307.7		0.624594
307.8		0.624594
307.9		0.624594
308		0.624594
308.1		0.624854
308.2		0.624854
308.3		0.624854
308.4		0.624854
308.5		0.624854
308.6		0.624854
308.7		0.624854
308.8		0.624854
308.9		0.624854
309		0.624854
309.1		0.625374
309.2		0.625374
309.3		0.625374
309.4		0.625374
309.5		0.625374
309.6		0.625374
309.7		0.625374
309.8		0.625374
309.9		0.625374
310		0.625374
310.1		0.632133
310.2		0.632133
310.3		0.632133
310.4		0.632133
310.5		0.632133
310.6		0.632133
310.7		0.632133
310.8		0.632133
310.9		0.632133
311		0.632133
311.1		0.634473
311.2		0.634473
311.3		0.634473
311.4		0.634473
311.5		0.634473
311.6		0.634473
311.7		0.634473
311.8		0.634473
311.9		0.634473
312		0.634473
312.1		0.634733
312.2		0.634733
312.3		0.634733
312.4		0.634733
312.5		0.634733
312.6		0.634733
312.7		0.634733
312.8		0.634733
312.9		0.634733
313		0.634733
313.1		0.634993
313.2		0.634993
313.3		0.634993
313.4		0.634993
313.5		0.634993
313.6		0.634993
313.7		0.634993
313.8		0.634993
313.9		0.634993
314		0.634993
314.1		0.637203
314.2		0.637203
314.3		0.637203
314.4		0.637203
314.5		0.637203
314.6		0.637203
314.7		0.637203
314.8		0.637203
314.9		0.637203
315		0.637203
315.1		0.639932
315.2		0.639932
315.3		0.639932
315.4		0.639932
315.5		0.639932
315.6		0.639932
315.7		0.639932
315.8		0.639932
315.9		0.639932
316		0.639932
316.1		0.640712
316.2		0.640712
316.3		0.640712
316.4		0.640712
316.5		0.640712
316.6		0.640712
316.7		0.640712
316.8		0.640712
316.9		0.640712
317		0.640712
317.1		0.642272
317.2		0.642272
317.3		0.642272
317.4		0.642272
317.5		0.642272
317.6		0.642272
317.7		0.642272
317.8		0.642272
317.9		0.642272
318		0.642272
318.1		0.647082
318.2		0.647082
318.3		0.647082
318.4		0.647082
318.5		0.647082
318.6		0.647082
318.7		0.647082
318.8		0.647082
318.9		0.647082
319		0.647082
319.1		0.647992
319.2		0.647992
319.3		0.647992
319.4		0.647992
319.5		0.647992
319.6		0.647992
319.7		0.647992
319.8		0.647992
319.9		0.647992
320		0.647992
320.1		0.649032
320.2		0.649032
320.3		0.649032
320.4		0.649032
320.5		0.649032
320.6		0.649032
320.7		0.649032
320.8		0.649032
320.9		0.649032
321		0.649032
321.1		0.650851
321.2		0.650851
321.3		0.650851
321.4		0.650851
321.5		0.650851
321.6		0.650851
321.7		0.650851
321.8		0.650851
321.9		0.650851
322		0.650851
322.1		0.655791
322.2		0.655791
322.3		0.655791
322.4		0.655791
322.5		0.655791
322.6		0.655791
322.7		0.655791
322.8		0.655791
322.9		0.655791
323		0.655791
323.1		0.656701
323.2		0.656701
323.3		0.656701
323.4		0.656701
323.5		0.656701
323.6		0.656701
323.7		0.656701
323.8		0.656701
323.9		0.656701
324		0.656701
324.1		0.657741
324.2		0.657741
324.3		0.657741
324.4		0.657741
324.5		0.657741
324.6		0.657741
324.7		0.657741
324.8		0.657741
324.9		0.657741
325		0.657741
325.1		0.659561
325.2		0.659561
325.3		0.659561
325.4		0.659561
325.5		0.659561
325.6		0.659561
325.7		0.659561
325.8		0.659561
325.9		0.659561
326		0.659561
326.1		0.660341
326.2		0.660341
326.3		0.660341
326.4		0.660341
326.5		0.660341
326.6		0.660341
326.7		0.660341
326.8		0.660341
326.9		0.660341
327		0.660341
327.1		0.66593
327.2		0.66593
327.3		0.66593
327.4		0.66593
327.5		0.66593
327.6		0.66593
327.7		0.66593
327.8		0.66593
327.9		0.66593
328		0.66593
328.1		0.66801
328.2		0.66801
328.3		0.66801
328.4		0.66801
328.5		0.66801
328.6		0.66801
328.7		0.66801
328.8		0.66801
328.9		0.66801
329		0.66801
329.1		0.66996
329.2		0.66996
329.3		0.66996
329.4		0.66996
329.5		0.66996
329.6		0.66996
329.7		0.66996
329.8		0.66996
329.9		0.66996
330		0.66996
330.1		0.67035
330.2		0.67035
330.3		0.67035
330.4		0.67035
330.5		0.67035
330.6		0.67035
330.7		0.67035
330.8		0.67035
330.9		0.67035
331		0.67035
331.1		0.67087
331.2		0.67087
331.3		0.67087
331.4		0.67087
331.5		0.67087
331.6		0.67087
331.7		0.67087
331.8		0.67087
331.9		0.67087
332		0.67087
332.1		0.673599
332.2		0.673599
332.3		0.673599
332.4		0.673599
332.5		0.673599
332.6		0.673599
332.7		0.673599
332.8		0.673599
332.9		0.673599
333		0.673599
333.1		0.676589
333.2		0.676589
333.3		0.676589
333.4		0.676589
333.5		0.676589
333.6		0.676589
333.7		0.676589
333.8		0.676589
333.9		0.676589
334		0.676589
334.1		0.676849
334.2		0.676849
334.3		0.676849
334.4		0.676849
334.5		0.676849
334.6		0.676849
334.7		0.676849
334.8		0.676849
334.9		0.676849
335		0.676849
335.1		0.679319
335.2		0.679319
335.3		0.679319
335.4		0.679319
335.5		0.679319
335.6		0.679319
335.7		0.679319
335.8		0.679319
335.9		0.679319
336		0.679319
336.1		0.683478
336.2		0.683478
336.3		0.683478
336.4		0.683478
336.5		0.683478
336.6		0.683478
336.7		0.683478
336.8		0.683478
336.9		0.683478
337		0.683478
337.1		0.683738
337.2		0.683738
337.3		0.683738
337.4		0.683738
337.5		0.683738
337.6		0.683738
337.7		0.683738
337.8		0.683738
337.9		0.683738
338		0.683738
338.1		0.686728
338.2		0.686728
338.3		0.686728
338.4		0.686728
338.5		0.686728
338.6		0.686728
338.7		0.686728
338.8		0.686728
338.9		0.686728
339		0.686728
339.1		0.691148
339.2		0.691148
339.3		0.691148
339.4		0.691148
339.5		0.691148
339.6		0.691148
339.7		0.691148
339.8		0.691148
339.9		0.691148
340		0.691148
340.1		0.691798
340.2		0.691798
340.3		0.691798
340.4		0.691798
340.5		0.691798
340.6		0.691798
340.7		0.691798
340.8		0.691798
340.9		0.691798
341		0.691798
341.1		0.694008
341.2		0.694008
341.3		0.694008
341.4		0.694008
341.5		0.694008
341.6		0.694008
341.7		0.694008
341.8		0.694008
341.9		0.694008
342		0.694008
342.1		0.695827
342.2		0.695827
342.3		0.695827
342.4		0.695827
342.5		0.695827
342.6		0.695827
342.7		0.695827
342.8		0.695827
342.9		0.695827
343		0.695827
343.1		0.696217
343.2		0.696217
343.3		0.696217
343.4		0.696217
343.5		0.696217
343.6		0.696217
343.7		0.696217
343.8		0.696217
343.9		0.696217
344		0.696217
344.1		0.700897
344.2		0.700897
344.3		0.700897
344.4		0.700897
344.5		0.700897
344.6		0.700897
344.7		0.700897
344.8		0.700897
344.9		0.700897
345		0.700897
345.1		0.704667
345.2		0.704667
345.3		0.704667
345.4		0.704667
345.5		0.704667
345.6		0.704667
345.7		0.704667
345.8		0.704667
345.9		0.704667
346		0.704667
346.1		0.705057
346.2		0.705057
346.3		0.705057
346.4		0.705057
346.5		0.705057
346.6		0.705057
346.7		0.705057
346.8		0.705057
346.9		0.705057
347		0.705057
347.1		0.705057
347.2		0.705057
347.3		0.705057
347.4		0.705057
347.5		0.705057
347.6		0.705057
347.7		0.705057
347.8		0.705057
347.9		0.705057
348		0.705057
348.1		0.705836
348.2		0.705836
348.3		0.705836
348.4		0.705836
348.5		0.705836
348.6		0.705836
348.7		0.705836
348.8		0.705836
348.9		0.705836
349		0.705836
349.1		0.705966
349.2		0.705966
349.3		0.705966
349.4		0.705966
349.5		0.705966
349.6		0.705966
349.7		0.705966
349.8		0.705966
349.9		0.705966
350		0.705966
350.1		0.712726
350.2		0.712726
350.3		0.712726
350.4		0.712726
350.5		0.712726
350.6		0.712726
350.7		0.712726
350.8		0.712726
350.9		0.712726
351		0.712726
351.1		0.713766
351.2		0.713766
351.3		0.713766
351.4		0.713766
351.5		0.713766
351.6		0.713766
351.7		0.713766
351.8		0.713766
351.9		0.713766
352		0.713766
352.1		0.716236
352.2		0.716236
352.3		0.716236
352.4		0.716236
352.5		0.716236
352.6		0.716236
352.7		0.716236
352.8		0.716236
352.9		0.716236
353		0.716236
353.1		0.718705
353.2		0.718705
353.3		0.718705
353.4		0.718705
353.5		0.718705
353.6		0.718705
353.7		0.718705
353.8		0.718705
353.9		0.718705
354		0.718705
354.1		0.720655
354.2		0.720655
354.3		0.720655
354.4		0.720655
354.5		0.720655
354.6		0.720655
354.7		0.720655
354.8		0.720655
354.9		0.720655
355		0.720655
355.1		0.725205
355.2		0.725205
355.3		0.725205
355.4		0.725205
355.5		0.725205
355.6		0.725205
355.7		0.725205
355.8		0.725205
355.9		0.725205
356		0.725205
356.1		0.726895
356.2		0.726895
356.3		0.726895
356.4		0.726895
356.5		0.726895
356.6		0.726895
356.7		0.726895
356.8		0.726895
356.9		0.726895
357		0.726895
357.1		0.728324
357.2		0.728324
357.3		0.728324
357.4		0.728324
357.5		0.728324
357.6		0.728324
357.7		0.728324
357.8		0.728324
357.9		0.728324
358		0.728324
358.1		0.731314
358.2		0.731314
358.3		0.731314
358.4		0.731314
358.5		0.731314
358.6		0.731314
358.7		0.731314
358.8		0.731314
358.9		0.731314
359		0.731314
359.1		0.732354
359.2		0.732354
359.3		0.732354
359.4		0.732354
359.5		0.732354
359.6		0.732354
359.7		0.732354
359.8		0.732354
359.9		0.732354
360		0.732354
360.1		0.733784
360.2		0.733784
360.3		0.733784
360.4		0.733784
360.5		0.733784
360.6		0.733784
360.7		0.733784
360.8		0.733784
360.9		0.733784
361		0.733784
361.1		0.735604
361.2		0.735604
361.3		0.735604
361.4		0.735604
361.5		0.735604
361.6		0.735604
361.7		0.735604
361.8		0.735604
361.9		0.735604
362		0.735604
362.1		0.739113
362.2		0.739113
362.3		0.739113
362.4		0.739113
362.5		0.739113
362.6		0.739113
362.7		0.739113
362.8		0.739113
362.9		0.739113
363		0.739113
363.1		0.739503
363.2		0.739503
363.3		0.739503
363.4		0.739503
363.5		0.739503
363.6		0.739503
363.7		0.739503
363.8		0.739503
363.9		0.739503
364		0.739503
364.1		0.740153
364.2		0.740153
364.3		0.740153
364.4		0.740153
364.5		0.740153
364.6		0.740153
364.7		0.740153
364.8		0.740153
364.9		0.740153
365		0.740153
365.1		0.741453
365.2		0.741453
365.3		0.741453
365.4		0.741453
365.5		0.741453
365.6		0.741453
365.7		0.741453
365.8		0.741453
365.9		0.741453
366		0.741453
366.1		0.744963
366.2		0.744963
366.3		0.744963
366.4		0.744963
366.5		0.744963
366.6		0.744963
366.7		0.744963
366.8		0.744963
366.9		0.744963
367		0.744963
367.1		0.748733
367.2		0.748733
367.3		0.748733
367.4		0.748733
367.5		0.748733
367.6		0.748733
367.7		0.748733
367.8		0.748733
367.9		0.748733
368		0.748733
368.1		0.749643
368.2		0.749643
368.3		0.749643
368.4		0.749643
368.5		0.749643
368.6		0.749643
368.7		0.749643
368.8		0.749643
368.9		0.749643
369		0.749643
369.1		0.752112
369.2		0.752112
369.3		0.752112
369.4		0.752112
369.5		0.752112
369.6		0.752112
369.7		0.752112
369.8		0.752112
369.9		0.752112
370		0.752112
370.1		0.755622
370.2		0.755622
370.3		0.755622
370.4		0.755622
370.5		0.755622
370.6		0.755622
370.7		0.755622
370.8		0.755622
370.9		0.755622
371		0.755622
371.1		0.756792
371.2		0.756792
371.3		0.756792
371.4		0.756792
371.5		0.756792
371.6		0.756792
371.7		0.756792
371.8		0.756792
371.9		0.756792
372		0.756792
372.1		0.758092
372.2		0.758092
372.3		0.758092
372.4		0.758092
372.5		0.758092
372.6		0.758092
372.7		0.758092
372.8		0.758092
372.9		0.758092
373		0.758092
373.1		0.761731
373.2		0.761731
373.3		0.761731
373.4		0.761731
373.5		0.761731
373.6		0.761731
373.7		0.761731
373.8		0.761731
373.9		0.761731
374		0.761731
374.1		0.764071
374.2		0.764071
374.3		0.764071
374.4		0.764071
374.5		0.764071
374.6		0.764071
374.7		0.764071
374.8		0.764071
374.9		0.764071
375		0.764071
375.1		0.766931
375.2		0.766931
375.3		0.766931
375.4		0.766931
375.5		0.766931
375.6		0.766931
375.7		0.766931
375.8		0.766931
375.9		0.766931
376		0.766931
376.1		0.769921
376.2		0.769921
376.3		0.769921
376.4		0.769921
376.5		0.769921
376.6		0.769921
376.7		0.769921
376.8		0.769921
376.9		0.769921
377		0.769921
377.1		0.770571
377.2		0.770571
377.3		0.770571
377.4		0.770571
377.5		0.770571
377.6		0.770571
377.7		0.770571
377.8		0.770571
377.9		0.770571
378		0.770571
378.1		0.77226
378.2		0.77226
378.3		0.77226
378.4		0.77226
378.5		0.77226
378.6		0.77226
378.7		0.77226
378.8		0.77226
378.9		0.77226
379		0.77226
379.1		0.7759
379.2		0.7759
379.3		0.7759
379.4		0.7759
379.5		0.7759
379.6		0.7759
379.7		0.7759
379.8		0.7759
379.9		0.7759
380		0.7759
380.1		0.78058
380.2		0.78058
380.3		0.78058
380.4		0.78058
380.5		0.78058
380.6		0.78058
380.7		0.78058
380.8		0.78058
380.9		0.78058
381		0.78058
381.1		0.7811
381.2		0.7811
381.3		0.7811
381.4		0.7811
381.5		0.7811
381.6		0.7811
381.7		0.7811
381.8		0.7811
381.9		0.7811
382		0.7811
382.1		0.78149
382.2		0.78149
382.3		0.78149
382.4		0.78149
382.5		0.78149
382.6		0.78149
382.7		0.78149
382.8		0.78149
382.9		0.78149
383		0.78149
383.1		0.784349
383.2		0.784349
383.3		0.784349
383.4		0.784349
383.5		0.784349
383.6		0.784349
383.7		0.784349
383.8		0.784349
383.9		0.784349
384		0.784349
384.1		0.788769
384.2		0.788769
384.3		0.788769
384.4		0.788769
384.5		0.788769
384.6		0.788769
384.7		0.788769
384.8		0.788769
384.9		0.788769
385		0.788769
385.1		0.790069
385.2		0.790069
385.3		0.790069
385.4		0.790069
385.5		0.790069
385.6		0.790069
385.7		0.790069
385.8		0.790069
385.9		0.790069
386		0.790069
386.1		0.790589
386.2		0.790589
386.3		0.790589
386.4		0.790589
386.5		0.790589
386.6		0.790589
386.7		0.790589
386.8		0.790589
386.9		0.790589
387		0.790589
387.1		0.792019
387.2		0.792019
387.3		0.792019
387.4		0.792019
387.5		0.792019
387.6		0.792019
387.7		0.792019
387.8		0.792019
387.9		0.792019
388		0.792019
388.1		0.797998
388.2		0.797998
388.3		0.797998
388.4		0.797998
388.5		0.797998
388.6		0.797998
388.7		0.797998
388.8		0.797998
388.9		0.797998
389		0.797998
389.1		0.798908
389.2		0.798908
389.3		0.798908
389.4		0.798908
389.5		0.798908
389.6		0.798908
389.7		0.798908
389.8		0.798908
389.9		0.798908
390		0.798908
390.1		0.799298
390.2		0.799298
390.3		0.799298
390.4		0.799298
390.5		0.799298
390.6		0.799298
390.7		0.799298
390.8		0.799298
390.9		0.799298
391		0.799298
391.1		0.800338
391.2		0.800338
391.3		0.800338
391.4		0.800338
391.5		0.800338
391.6		0.800338
391.7		0.800338
391.8		0.800338
391.9		0.800338
392		0.800338
392.1		0.805148
392.2		0.805148
392.3		0.805148
392.4		0.805148
392.5		0.805148
392.6		0.805148
392.7		0.805148
392.8		0.805148
392.9		0.805148
393		0.805148
393.1		0.806707
393.2		0.806707
393.3		0.806707
393.4		0.806707
393.5		0.806707
393.6		0.806707
393.7		0.806707
393.8		0.806707
393.9		0.806707
394		0.806707
394.1		0.808917
394.2		0.808917
394.3		0.808917
394.4		0.808917
394.5		0.808917
394.6		0.808917
394.7		0.808917
394.8		0.808917
394.9		0.808917
395		0.808917
395.1		0.809047
395.2		0.809047
395.3		0.809047
395.4		0.809047
395.5		0.809047
395.6		0.809047
395.7		0.809047
395.8		0.809047
395.9		0.809047
396		0.809047
396.1		0.813597
396.2		0.813597
396.3		0.813597
396.4		0.813597
396.5		0.813597
396.6		0.813597
396.7		0.813597
396.8		0.813597
396.9		0.813597
397		0.813597
397.1		0.814117
397.2		0.814117
397.3		0.814117
397.4		0.814117
397.5		0.814117
397.6		0.814117
397.7		0.814117
397.8		0.814117
397.9		0.814117
398		0.814117
398.1		0.814247
398.2		0.814247
398.3		0.814247
398.4		0.814247
398.5		0.814247
398.6		0.814247
398.7		0.814247
398.8		0.814247
398.9		0.814247
399		0.814247
399.1		0.818276
399.2		0.818276
399.3		0.818276
399.4		0.818276
399.5		0.818276
399.6		0.818276
399.7		0.818276
399.8		0.818276
399.9		0.818276
400		0.818276
400.1		0.818406
400.2		0.818406
400.3		0.818406
400.4		0.818406
400.5		0.818406
400.6		0.818406
400.7		0.818406
400.8		0.818406
400.9		0.818406
401		0.818406
401.1		0.821526
401.2		0.821526
401.3		0.821526
401.4		0.821526
401.5		0.821526
401.6		0.821526
401.7		0.821526
401.8		0.821526
401.9		0.821526
402		0.821526
402.1		0.822046
402.2		0.822046
402.3		0.822046
402.4		0.822046
402.5		0.822046
402.6		0.822046
402.7		0.822046
402.8		0.822046
402.9		0.822046
403		0.822046
403.1		0.822566
403.2		0.822566
403.3		0.822566
403.4		0.822566
403.5		0.822566
403.6		0.822566
403.7		0.822566
403.8		0.822566
403.9		0.822566
404		0.822566
404.1		0.826596
404.2		0.826596
404.3		0.826596
404.4		0.826596
404.5		0.826596
404.6		0.826596
404.7		0.826596
404.8		0.826596
404.9		0.826596
405		0.826596
405.1		0.827766
405.2		0.827766
405.3		0.827766
405.4		0.827766
405.5		0.827766
405.6		0.827766
405.7		0.827766
405.8		0.827766
405.9		0.827766
406		0.827766
406.1		0.830365
406.2		0.830365
406.3		0.830365
406.4		0.830365
406.5		0.830365
406.6		0.830365
406.7		0.830365
406.8		0.830365
406.9		0.830365
407		0.830365
407.1		0.833745
407.2		0.833745
407.3		0.833745
407.4		0.833745
407.5		0.833745
407.6		0.833745
407.7		0.833745
407.8		0.833745
407.9		0.833745
408		0.833745
408.1		0.836735
408.2		0.836735
408.3		0.836735
408.4		0.836735
408.5		0.836735
408.6		0.836735
408.7		0.836735
408.8		0.836735
408.9		0.836735
409		0.836735
409.1		0.837385
409.2		0.837385
409.3		0.837385
409.4		0.837385
409.5		0.837385
409.6		0.837385
409.7		0.837385
409.8		0.837385
409.9		0.837385
410		0.837385
410.1		0.839724
410.2		0.839724
410.3		0.839724
410.4		0.839724
410.5		0.839724
410.6		0.839724
410.7		0.839724
410.8		0.839724
410.9		0.839724
411		0.839724
411.1		0.843624
411.2		0.843624
411.3		0.843624
411.4		0.843624
411.5		0.843624
411.6		0.843624
411.7		0.843624
411.8		0.843624
411.9		0.843624
412		0.843624
412.1		0.843624
412.2		0.843624
412.3		0.843624
412.4		0.843624
412.5		0.843624
412.6		0.843624
412.7		0.843624
412.8		0.843624
412.9		0.843624
413		0.843624
413.1		0.847264
413.2		0.847264
413.3		0.847264
413.4		0.847264
413.5		0.847264
413.6		0.847264
413.7		0.847264
413.8		0.847264
413.9		0.847264
414		0.847264
414.1		0.849864
414.2		0.849864
414.3		0.849864
414.4		0.849864
414.5		0.849864
414.6		0.849864
414.7		0.849864
414.8		0.849864
414.9		0.849864
415		0.849864
415.1		0.850773
415.2		0.850773
415.3		0.850773
415.4		0.850773
415.5		0.850773
415.6		0.850773
415.7		0.850773
415.8		0.850773
415.9		0.850773
416		0.850773
416.1		0.851423
416.2		0.851423
416.3		0.851423
416.4		0.851423
416.5		0.851423
416.6		0.851423
416.7		0.851423
416.8		0.851423
416.9		0.851423
417		0.851423
417.1		0.853373
417.2		0.853373
417.3		0.853373
417.4		0.853373
417.5		0.853373
417.6		0.853373
417.7		0.853373
417.8		0.853373
417.9		0.853373
418		0.853373
418.1		0.858573
418.2		0.858573
418.3		0.858573
418.4		0.858573
418.5		0.858573
418.6		0.858573
418.7		0.858573
418.8		0.858573
418.9		0.858573
419		0.858573
419.1		0.859223
419.2		0.859223
419.3		0.859223
419.4		0.859223
419.5		0.859223
419.6		0.859223
419.7		0.859223
419.8		0.859223
419.9		0.859223
420		0.859223
420.1		0.862342
420.2		0.862342
420.3		0.862342
420.4		0.862342
420.5		0.862342
420.6		0.862342
420.7		0.862342
420.8		0.862342
420.9		0.862342
421		0.862342
421.1		0.862472
421.2		0.862472
421.3		0.862472
421.4		0.862472
421.5		0.862472
421.6		0.862472
421.7		0.862472
421.8		0.862472
421.9		0.862472
422		0.862472
422.1		0.864032
422.2		0.864032
422.3		0.864032
422.4		0.864032
422.5		0.864032
422.6		0.864032
422.7		0.864032
422.8		0.864032
422.9		0.864032
423		0.864032
423.1		0.864942
423.2		0.864942
423.3		0.864942
423.4		0.864942
423.5		0.864942
423.6		0.864942
423.7		0.864942
423.8		0.864942
423.9		0.864942
424		0.864942
424.1		0.870272
424.2		0.870272
424.3		0.870272
424.4		0.870272
424.5		0.870272
424.6		0.870272
424.7		0.870272
424.8		0.870272
424.9		0.870272
425		0.870272
425.1		0.870532
425.2		0.870532
425.3		0.870532
425.4		0.870532
425.5		0.870532
425.6		0.870532
425.7		0.870532
425.8		0.870532
425.9		0.870532
426		0.870532
426.1		0.874691
426.2		0.874691
426.3		0.874691
426.4		0.874691
426.5		0.874691
426.6		0.874691
426.7		0.874691
426.8		0.874691
426.9		0.874691
427		0.874691
427.1		0.874821
427.2		0.874821
427.3		0.874821
427.4		0.874821
427.5		0.874821
427.6		0.874821
427.7		0.874821
427.8		0.874821
427.9		0.874821
428		0.874821
428.1		0.877681
428.2		0.877681
428.3		0.877681
428.4		0.877681
428.5		0.877681
428.6		0.877681
428.7		0.877681
428.8		0.877681
428.9		0.877681
429		0.877681
429.1		0.878851
429.2		0.878851
429.3		0.878851
429.4		0.878851
429.5		0.878851
429.6		0.878851
429.7		0.878851
429.8		0.878851
429.9		0.878851
430		0.878851
430.1		0.883271
430.2		0.883271
430.3		0.883271
430.4		0.883271
430.5		0.883271
430.6		0.883271
430.7		0.883271
430.8		0.883271
430.9		0.883271
431		0.883271
431.1		0.88431
431.2		0.88431
431.3		0.88431
431.4		0.88431
431.5		0.88431
431.6		0.88431
431.7		0.88431
431.8		0.88431
431.9		0.88431
432		0.88431
432.1		0.88561
432.2		0.88561
432.3		0.88561
432.4		0.88561
432.5		0.88561
432.6		0.88561
432.7		0.88561
432.8		0.88561
432.9		0.88561
433		0.88561
433.1		0.88561
433.2		0.88561
433.3		0.88561
433.4		0.88561
433.5		0.88561
433.6		0.88561
433.7		0.88561
433.8		0.88561
433.9		0.88561
434		0.88561
434.1		0.88977
434.2		0.88977
434.3		0.88977
434.4		0.88977
434.5		0.88977
434.6		0.88977
434.7		0.88977
434.8		0.88977
434.9		0.88977
435		0.88977
435.1		0.89302
435.2		0.89302
435.3		0.89302
435.4		0.89302
435.5		0.89302
435.6		0.89302
435.7		0.89302
435.8		0.89302
435.9		0.89302
436		0.89302
436.1		0.89367
436.2		0.89367
436.3		0.89367
436.4		0.89367
436.5		0.89367
436.6		0.89367
436.7		0.89367
436.8		0.89367
436.9		0.89367
437		0.89367
437.1		0.894969
437.2		0.894969
437.3		0.894969
437.4		0.894969
437.5		0.894969
437.6		0.894969
437.7		0.894969
437.8		0.894969
437.9		0.894969
438		0.894969
438.1		0.895229
438.2		0.895229
438.3		0.895229
438.4		0.895229
438.5		0.895229
438.6		0.895229
438.7		0.895229
438.8		0.895229
438.9		0.895229
439		0.895229
439.1		0.896529
439.2		0.896529
439.3		0.896529
439.4		0.896529
439.5		0.896529
439.6		0.896529
439.7		0.896529
439.8		0.896529
439.9		0.896529
440		0.896529
440.1		0.900949
440.2		0.900949
440.3		0.900949
440.4		0.900949
440.5		0.900949
440.6		0.900949
440.7		0.900949
440.8		0.900949
440.9		0.900949
441		0.900949
441.1		0.903029
441.2		0.903029
441.3		0.903029
441.4		0.903029
441.5		0.903029
441.6		0.903029
441.7		0.903029
441.8		0.903029
441.9		0.903029
442		0.903029
442.1		0.903549
442.2		0.903549
442.3		0.903549
442.4		0.903549
442.5		0.903549
442.6		0.903549
442.7		0.903549
442.8		0.903549
442.9		0.903549
443		0.903549
443.1		0.906408
443.2		0.906408
443.3		0.906408
443.4		0.906408
443.5		0.906408
443.6		0.906408
443.7		0.906408
443.8		0.906408
443.9		0.906408
444		0.906408
444.1		0.909918
444.2		0.909918
444.3		0.909918
444.4		0.909918
444.5		0.909918
444.6		0.909918
444.7		0.909918
444.8		0.909918
444.9		0.909918
445		0.909918
445.1		0.911868
445.2		0.911868
445.3		0.911868
445.4		0.911868
445.5		0.911868
445.6		0.911868
445.7		0.911868
445.8		0.911868
445.9		0.911868
446		0.911868
446.1		0.914338
446.2		0.914338
446.3		0.914338
446.4		0.914338
446.5		0.914338
446.6		0.914338
446.7		0.914338
446.8		0.914338
446.9		0.914338
447		0.914338
447.1		0.914728
447.2		0.914728
447.3		0.914728
447.4		0.914728
447.5		0.914728
447.6		0.914728
447.7		0.914728
447.8		0.914728
447.9		0.914728
448		0.914728
448.1		0.918107
448.2		0.918107
448.3		0.918107
448.4		0.918107
448.5		0.918107
448.6		0.918107
448.7		0.918107
448.8		0.918107
448.9		0.918107
449		0.918107
449.1		0.918627
449.2		0.918627
449.3		0.918627
449.4		0.918627
449.5		0.918627
449.6		0.918627
449.7		0.918627
449.8		0.918627
449.9		0.918627
450		0.918627
450.1		0.920187
450.2		0.920187
450.3		0.920187
450.4		0.920187
450.5		0.920187
450.6		0.920187
450.7		0.920187
450.8		0.920187
450.9		0.920187
451		0.920187
451.1		0.923957
451.2		0.923957
451.3		0.923957
451.4		0.923957
451.5		0.923957
451.6		0.923957
451.7		0.923957
451.8		0.923957
451.9		0.923957
452		0.923957
452.1		0.926297
452.2		0.926297
452.3		0.926297
452.4		0.926297
452.5		0.926297
452.6		0.926297
452.7		0.926297
452.8		0.926297
452.9		0.926297
453		0.926297
453.1		0.929676
453.2		0.929676
453.3		0.929676
453.4		0.929676
453.5		0.929676
453.6		0.929676
453.7		0.929676
453.8		0.929676
453.9		0.929676
454		0.929676
454.1		0.930066
454.2		0.930066
454.3		0.930066
454.4		0.930066
454.5		0.930066
454.6		0.930066
454.7		0.930066
454.8		0.930066
454.9		0.930066
455		0.930066
455.1		0.930586
455.2		0.930586
455.3		0.930586
455.4		0.930586
455.5		0.930586
455.6		0.930586
455.7		0.930586
455.8		0.930586
455.9		0.930586
456		0.930586
456.1		0.934746
456.2		0.934746
456.3		0.934746
456.4		0.934746
456.5		0.934746
456.6		0.934746
456.7		0.934746
456.8		0.934746
456.9		0.934746
457		0.934746
457.1		0.935786
457.2		0.935786
457.3		0.935786
457.4		0.935786
457.5		0.935786
457.6		0.935786
457.7		0.935786
457.8		0.935786
457.9		0.935786
458		0.935786
458.1		0.936956
458.2		0.936956
458.3		0.936956
458.4		0.936956
458.5		0.936956
458.6		0.936956
458.7		0.936956
458.8		0.936956
458.9		0.936956
459		0.936956
459.1		0.939425
459.2		0.939425
459.3		0.939425
459.4		0.939425
459.5		0.939425
459.6		0.939425
459.7		0.939425
459.8		0.939425
459.9		0.939425
460		0.939425
460.1		0.944495
460.2		0.944495
460.3		0.944495
460.4		0.944495
460.5		0.944495
460.6		0.944495
460.7		0.944495
460.8		0.944495
460.9		0.944495
461		0.944495
461.1		0.946705
461.2		0.946705
461.3		0.946705
461.4		0.946705
461.5		0.946705
461.6		0.946705
461.7		0.946705
461.8		0.946705
461.9		0.946705
462		0.946705
462.1		0.946835
462.2		0.946835
462.3		0.946835
462.4		0.946835
462.5		0.946835
462.6		0.946835
462.7		0.946835
462.8		0.946835
462.9		0.946835
463		0.946835
463.1		0.949045
463.2		0.949045
463.3		0.949045
463.4		0.949045
463.5		0.949045
463.6		0.949045
463.7		0.949045
463.8		0.949045
463.9		0.949045
464		0.949045
464.1		0.954504
464.2		0.954504
464.3		0.954504
464.4		0.954504
464.5		0.954504
464.6		0.954504
464.7		0.954504
464.8		0.954504
464.9		0.954504
465		0.954504
465.1		0.955024
465.2		0.955024
465.3		0.955024
465.4		0.955024
465.5		0.955024
465.6		0.955024
465.7		0.955024
465.8		0.955024
465.9		0.955024
466		0.955024
466.1		0.955414
466.2		0.955414
466.3		0.955414
466.4		0.955414
466.5		0.955414
466.6		0.955414
466.7		0.955414
466.8		0.955414
466.9		0.955414
467		0.955414
467.1		0.956064
467.2		0.956064
467.3		0.956064
467.4		0.956064
467.5		0.956064
467.6		0.956064
467.7		0.956064
467.8		0.956064
467.9		0.956064
468		0.956064
468.1		0.958794
468.2		0.958794
468.3		0.958794
468.4		0.958794
468.5		0.958794
468.6		0.958794
468.7		0.958794
468.8		0.958794
468.9		0.958794
469		0.958794
469.1		0.964643
469.2		0.964643
469.3		0.964643
469.4		0.964643
469.5		0.964643
469.6		0.964643
469.7		0.964643
469.8		0.964643
469.9		0.964643
470		0.964643
470.1		0.964903
470.2		0.964903
470.3		0.964903
470.4		0.964903
470.5		0.964903
470.6		0.964903
470.7		0.964903
470.8		0.964903
470.9		0.964903
471		0.964903
471.1		0.965163
471.2		0.965163
471.3		0.965163
471.4		0.965163
471.5		0.965163
471.6		0.965163
471.7		0.965163
471.8		0.965163
471.9		0.965163
472		0.965163
472.1		0.969193
472.2		0.969193
472.3		0.969193
472.4		0.969193
472.5		0.969193
472.6		0.969193
472.7		0.969193
472.8		0.969193
472.9		0.969193
473		0.969193
473.1		0.970363
473.2		0.970363
473.3		0.970363
473.4		0.970363
473.5		0.970363
473.6		0.970363
473.7		0.970363
473.8		0.970363
473.9		0.970363
474		0.970363
474.1		0.972702
474.2		0.972702
474.3		0.972702
474.4		0.972702
474.5		0.972702
474.6		0.972702
474.7		0.972702
474.8		0.972702
474.9		0.972702
475		0.972702
475.1		0.974132
475.2		0.974132
475.3		0.974132
475.4		0.974132
475.5		0.974132
475.6		0.974132
475.7		0.974132
475.8		0.974132
475.9		0.974132
476		0.974132
476.1		0.976342
476.2		0.976342
476.3		0.976342
476.4		0.976342
476.5		0.976342
476.6		0.976342
476.7		0.976342
476.8		0.976342
476.9		0.976342
477		0.976342
477.1		0.978812
477.2		0.978812
477.3		0.978812
477.4		0.978812
477.5		0.978812
477.6		0.978812
477.7		0.978812
477.8		0.978812
477.9		0.978812
478		0.978812
478.1		0.978942
478.2		0.978942
478.3		0.978942
478.4		0.978942
478.5		0.978942
478.6		0.978942
478.7		0.978942
478.8		0.978942
478.9		0.978942
479		0.978942
479.1		0.980372
479.2		0.980372
479.3		0.980372
479.4		0.980372
479.5		0.980372
479.6		0.980372
479.7		0.980372
479.8		0.980372
479.9		0.980372
480		0.980372
480.1		0.981282
480.2		0.981282
480.3		0.981282
480.4		0.981282
480.5		0.981282
480.6		0.981282
480.7		0.981282
480.8		0.981282
480.9		0.981282
481		0.981282
481.1		0.983751
481.2		0.983751
481.3		0.983751
481.4		0.983751
481.5		0.983751
481.6		0.983751
481.7		0.983751
481.8		0.983751
481.9		0.983751
482		0.983751
482.1		0.989861
482.2		0.989861
482.3		0.989861
482.4		0.989861
482.5		0.989861
482.6		0.989861
482.7		0.989861
482.8		0.989861
482.9		0.989861
483		0.989861
483.1		0.990901
483.2		0.990901
483.3		0.990901
483.4		0.990901
483.5		0.990901
483.6		0.990901
483.7		0.990901
483.8		0.990901
483.9		0.990901
484		0.990901
484.1		0.991811
484.2		0.991811
484.3		0.991811
484.4		0.991811
484.5		0.991811
484.6		0.991811
484.7		0.991811
484.8		0.991811
484.9		0.991811
485		0.991811
485.1		0.99454
485.2		0.99454
485.3		0.99454
485.4		0.99454
485.5		0.99454
485.6		0.99454
485.7		0.99454
485.8		0.99454
485.9		0.99454
486		0.99454
486.1		0.99844
486.2		0.99844
486.3		0.99844
486.4		0.99844
486.5		0.99844
486.6		0.99844
486.7		0.99844
486.8		0.99844
486.9		0.99844
487		0.99844
487.1		0.99909
487.2		0.99909
487.3		0.99909
487.4		0.99909
487.5		0.99909
487.6		0.99909
487.7		0.99909
487.8		0.99909
487.9		0.99909
488		0.99909
488.1		0.99974
488.2		0.99974
488.3		0.99974
488.4		0.99974
488.5		0.99974
488.6		0.99974
488.7		0.99974
488.8		0.99974
488.9		0.99974
489		0.99974
489.1		1
489.2		1
489.3		1
489.4		1
489.5		1
489.6		1
489.7		1
489.8		1
489.9		1
490		1
490.1		1
490.2		1
490.3		1
490.4		1
490.5		1
490.6		1
490.7		1
490.8		1
490.9		1
491		1
491.1		1
491.2		1
491.3		1
491.4		1
491.5		1
491.6		1
491.7		1
491.8		1
491.9		1
492		1
492.1		1
492.2		1
492.3		1
492.4		1
492.5		1
492.6		1
492.7		1
492.8		1
492.9		1
493		1
493.1		1
493.2		1
493.3		1
493.4		1
493.5		1
493.6		1
493.7		1
493.8		1
493.9		1
494		1
494.1		1
494.2		1
494.3		1
494.4		1
494.5		1
494.6		1
494.7		1
494.8		1
494.9		1
495		1
495.1		1
495.2		1
495.3		1
495.4		1
495.5		1
495.6		1
495.7		1
495.8		1
495.9		1
496		1
496.1		1
496.2		1
496.3		1
496.4		1
496.5		1
496.6		1
496.7		1
496.8		1
496.9		1
497		1
497.1		1
497.2		1
497.3		1
497.4		1
497.5		1
497.6		1
497.7		1
497.8		1
497.9		1
498		1
498.1		1
498.2		1
498.3		1
498.4		1
498.5		1
498.6		1
498.7		1
498.8		1
498.9		1
499		1
499.1		1
499.2		1
499.3		1
499.4		1
499.5		1
499.6		1
499.7		1
499.8		1
499.9		1
500		1
500.1		1
500.2		1
500.3		1
500.4		1
500.5		1
500.6		1
500.7		1
500.8		1
500.9		1
501		1
501.1		1
501.2		1
501.3		1
501.4		1
501.5		1
501.6		1
501.7		1
501.8		1
501.9		1
502		1
502.1		1
502.2		1
502.3		1
502.4		1
502.5		1
502.6		1
502.7		1
502.8		1
502.9		1
503		1
503.1		1
503.2		1
503.3		1
503.4		1
503.5		1
503.6		1
503.7		1
503.8		1
503.9		1
504		1
504.1		1
504.2		1
504.3		1
504.4		1
504.5		1
504.6		1
504.7		1
504.8		1
504.9		1
505		1
505.1		1
505.2		1
505.3		1
505.4		1
505.5		1
505.6		1
505.7		1
505.8		1
505.9		1
506		1
506.1		1
506.2		1
506.3		1
506.4		1
506.5		1
506.6		1
506.7		1
506.8		1
506.9		1
507		1
507.1		1
507.2		1
507.3		1
507.4		1
507.5		1
507.6		1
507.7		1
507.8		1
507.9		1
508		1
508.1		1
508.2		1
508.3		1
508.4		1
508.5		1
508.6		1
508.7		1
508.8		1
508.9		1
509		1
509.1		1
509.2		1
509.3		1
509.4		1
509.5		1
509.6		1
509.7		1
509.8		1
509.9		1
510		1
510.1		1
510.2		1
510.3		1
510.4		1
510.5		1
510.6		1
510.7		1
510.8		1
510.9		1
511		1
511.1		1
511.2		1
511.3		1
511.4		1
511.5		1
511.6		1
511.7		1
511.8		1
511.9		1
512		1
512.1		1
512.2		1
512.3		1
512.4		1
512.5		1
512.6		1
512.7		1
512.8		1
512.9		1
513		1
513.1		1
513.2		1
513.3		1
513.4		1
513.5		1
513.6		1
513.7		1
513.8		1
513.9		1
514		1
514.1		1
514.2		1
514.3		1
514.4		1
514.5		1
514.6		1
514.7		1
514.8		1
514.9		1
515		1
515.1		1
515.2		1
515.3		1
515.4		1
515.5		1
515.6		1
515.7		1
515.8		1
515.9		1
516		1
516.1		1
516.2		1
516.3		1
516.4		1
516.5		1
516.6		1
516.7		1
516.8		1
516.9		1
517		1
517.1		1
517.2		1
517.3		1
517.4		1
517.5		1
517.6		1
517.7		1
517.8		1
517.9		1
518		1
518.1		1
518.2		1
518.3		1
518.4		1
518.5		1
518.6		1
518.7		1
518.8		1
518.9		1
519		1
519.1		1
519.2		1
519.3		1
519.4		1
519.5		1
519.6		1
519.7		1
519.8		1
519.9		1
520		1
520.1		1
520.2		1
520.3		1
520.4		1
520.5		1
520.6		1
520.7		1
520.8		1
520.9		1
521		1
521.1		1
521.2		1
521.3		1
521.4		1
521.5		1
521.6		1
521.7		1
521.8		1
521.9		1
522		1
522.1		1
522.2		1
522.3		1
522.4		1
522.5		1
522.6		1
522.7		1
522.8		1
522.9		1
523		1
523.1		1
523.2		1
523.3		1
523.4		1
523.5		1
523.6		1
523.7		1
523.8		1
523.9		1
524		1
524.1		1
524.2		1
524.3		1
524.4		1
524.5		1
524.6		1
524.7		1
524.8		1
524.9		1
525		1
525.1		1
525.2		1
525.3		1
525.4		1
525.5		1
525.6		1
525.7		1
525.8		1
525.9		1
526		1
526.1		1
526.2		1
526.3		1
526.4		1
526.5		1
526.6		1
526.7		1
526.8		1
526.9		1
527		1
527.1		1
527.2		1
527.3		1
527.4		1
527.5		1
527.6		1
527.7		1
527.8		1
527.9		1
528		1
528.1		1
528.2		1
528.3		1
528.4		1
528.5		1
528.6		1
528.7		1
528.8		1
528.9		1
529		1
529.1		1
529.2		1
529.3		1
529.4		1
529.5		1
529.6		1
529.7		1
529.8		1
529.9		1
530		1
530.1		1
530.2		1
530.3		1
530.4		1
530.5		1
530.6		1
530.7		1
530.8		1
530.9		1
531		1
531.1		1
531.2		1
531.3		1
531.4		1
531.5		1
531.6		1
531.7		1
531.8		1
531.9		1
532		1
532.1		1
532.2		1
532.3		1
532.4		1
532.5		1
532.6		1
532.7		1
532.8		1
532.9		1
533		1
533.1		1
533.2		1
533.3		1
533.4		1
533.5		1
533.6		1
533.7		1
533.8		1
533.9		1
534		1
534.1		1
534.2		1
534.3		1
534.4		1
534.5		1
534.6		1
534.7		1
534.8		1
534.9		1
535		1
535.1		1
535.2		1
535.3		1
535.4		1
535.5		1
535.6		1
535.7		1
535.8		1
535.9		1
536		1
536.1		1
536.2		1
536.3		1
536.4		1
536.5		1
536.6		1
536.7		1
536.8		1
536.9		1
537		1
537.1		1
537.2		1
537.3		1
537.4		1
537.5		1
537.6		1
537.7		1
537.8		1
537.9		1
538		1
538.1		1
538.2		1
538.3		1
538.4		1
538.5		1
538.6		1
538.7		1
538.8		1
538.9		1
539		1
539.1		1
539.2		1
539.3		1
539.4		1
539.5		1
539.6		1
539.7		1
539.8		1
539.9		1
540		1
540.1		1
540.2		1
540.3		1
540.4		1
540.5		1
540.6		1
540.7		1
540.8		1
540.9		1
541		1
541.1		1
541.2		1
541.3		1
541.4		1
541.5		1
541.6		1
541.7		1
541.8		1
541.9		1
542		1
542.1		1
542.2		1
542.3		1
542.4		1
542.5		1
542.6		1
542.7		1
542.8		1
542.9		1
543		1
543.1		1
543.2		1
543.3		1
543.4		1
543.5		1
543.6		1
543.7		1
543.8		1
543.9		1
544		1
544.1		1
544.2		1
544.3		1
544.4		1
544.5		1
544.6		1
544.7		1
544.8		1
544.9		1
545		1
545.1		1
545.2		1
545.3		1
545.4		1
545.5		1
545.6		1
545.7		1
545.8		1
545.9		1
546		1
546.1		1
546.2		1
546.3		1
546.4		1
546.5		1
546.6		1
546.7		1
546.8		1
546.9		1
547		1
547.1		1
547.2		1
547.3		1
547.4		1
547.5		1
547.6		1
547.7		1
547.8		1
547.9		1
548		1
548.1		1
548.2		1
548.3		1
548.4		1
548.5		1
548.6		1
548.7		1
548.8		1
548.9		1
549		1
549.1		1
549.2		1
549.3		1
549.4		1
549.5		1
549.6		1
549.7		1
549.8		1
549.9		1
550		1
550.1		1
550.2		1
550.3		1
550.4		1
550.5		1
550.6		1
550.7		1
550.8		1
550.9		1
551		1
551.1		1
551.2		1
551.3		1
551.4		1
551.5		1
551.6		1
551.7		1
551.8		1
551.9		1
552		1
552.1		1
552.2		1
552.3		1
552.4		1
552.5		1
552.6		1
552.7		1
552.8		1
552.9		1
553		1
553.1		1
553.2		1
553.3		1
553.4		1
553.5		1
553.6		1
553.7		1
553.8		1
553.9		1
554		1
554.1		1
554.2		1
554.3		1
554.4		1
554.5		1
554.6		1
554.7		1
554.8		1
554.9		1
555		1
555.1		1
555.2		1
555.3		1
555.4		1
555.5		1
555.6		1
555.7		1
555.8		1
555.9		1
556		1
556.1		1
556.2		1
556.3		1
556.4		1
556.5		1
556.6		1
556.7		1
556.8		1
556.9		1
557		1
557.1		1
557.2		1
557.3		1
557.4		1
557.5		1
557.6		1
557.7		1
557.8		1
557.9		1
558		1
558.1		1
558.2		1
558.3		1
558.4		1
558.5		1
558.6		1
558.7		1
558.8		1
558.9		1
559		1
559.1		1
559.2		1
559.3		1
559.4		1
559.5		1
559.6		1
559.7		1
559.8		1
559.9		1
560		1
560.1		1
560.2		1
560.3		1
560.4		1
560.5		1
560.6		1
560.7		1
560.8		1
560.9		1
561		1
561.1		1
561.2		1
561.3		1
561.4		1
561.5		1
561.6		1
561.7		1
561.8		1
561.9		1
562		1
562.1		1
562.2		1
562.3		1
562.4		1
562.5		1
562.6		1
562.7		1
562.8		1
562.9		1
563		1
563.1		1
563.2		1
563.3		1
563.4		1
563.5		1
563.6		1
563.7		1
563.8		1
563.9		1
564		1
564.1		1
564.2		1
564.3		1
564.4		1
564.5		1
564.6		1
564.7		1
564.8		1
564.9		1
565		1
565.1		1
565.2		1
565.3		1
565.4		1
565.5		1
565.6		1
565.7		1
565.8		1
565.9		1
566		1
566.1		1
566.2		1
566.3		1
566.4		1
566.5		1
566.6		1
566.7		1
566.8		1
566.9		1
567		1
567.1		1
567.2		1
567.3		1
567.4		1
567.5		1
567.6		1
567.7		1
567.8		1
567.9		1
568		1
568.1		1
568.2		1
568.3		1
568.4		1
568.5		1
568.6		1
568.7		1
568.8		1
568.9		1
569		1
569.1		1
569.2		1
569.3		1
569.4		1
569.5		1
569.6		1
569.7		1
569.8		1
569.9		1
570		1
570.1		1
570.2		1
570.3		1
570.4		1
570.5		1
570.6		1
570.7		1
570.8		1
570.9		1
571		1
571.1		1
571.2		1
571.3		1
571.4		1
571.5		1
571.6		1
571.7		1
571.8		1
571.9		1
572		1
572.1		1
572.2		1
572.3		1
572.4		1
572.5		1
572.6		1
572.7		1
572.8		1
572.9		1
573		1
573.1		1
573.2		1
573.3		1
573.4		1
573.5		1
573.6		1
573.7		1
573.8		1
573.9		1
574		1
574.1		1
574.2		1
574.3		1
574.4		1
574.5		1
574.6		1
574.7		1
574.8		1
574.9		1
575		1
575.1		1
575.2		1
575.3		1
575.4		1
575.5		1
575.6		1
575.7		1
575.8		1
575.9		1
576		1
576.1		1
576.2		1
576.3		1
576.4		1
576.5		1
576.6		1
576.7		1
576.8		1
576.9		1
577		1
577.1		1
577.2		1
577.3		1
577.4		1
577.5		1
577.6		1
577.7		1
577.8		1
577.9		1
578		1
578.1		1
578.2		1
578.3		1
578.4		1
578.5		1
578.6		1
578.7		1
578.8		1
578.9		1
579		1
579.1		1
579.2		1
579.3		1
579.4		1
579.5		1
579.6		1
579.7		1
579.8		1
579.9		1
580		1
580.1		1
580.2		1
580.3		1
580.4		1
580.5		1
580.6		1
580.7		1
580.8		1
580.9		1
581		1
581.1		1
581.2		1
581.3		1
581.4		1
581.5		1
581.6		1
581.7		1
581.8		1
581.9		1
582		1
582.1		1
582.2		1
582.3		1
582.4		1
582.5		1
582.6		1
582.7		1
582.8		1
582.9		1
583		1
583.1		1
583.2		1
583.3		1
583.4		1
583.5		1
583.6		1
583.7		1
583.8		1
583.9		1
584		1
584.1		1
584.2		1
584.3		1
584.4		1
584.5		1
584.6		1
584.7		1
584.8		1
584.9		1
585		1
585.1		1
585.2		1
585.3		1
585.4		1
585.5		1
585.6		1
585.7		1
585.8		1
585.9		1
586		1
586.1		1
586.2		1
586.3		1
586.4		1
586.5		1
586.6		1
586.7		1
586.8		1
586.9		1
587		1
587.1		1
587.2		1
587.3		1
587.4		1
587.5		1
587.6		1
587.7		1
587.8		1
587.9		1
588		1
588.1		1
588.2		1
588.3		1
588.4		1
588.5		1
588.6		1
588.7		1
588.8		1
588.9		1
589		1
589.1		1
589.2		1
589.3		1
589.4		1
589.5		1
589.6		1
589.7		1
589.8		1
589.9		1
590		1
590.1		1
590.2		1
590.3		1
590.4		1
590.5		1
590.6		1
590.7		1
590.8		1
590.9		1
591		1
591.1		1
591.2		1
591.3		1
591.4		1
591.5		1
591.6		1
591.7		1
591.8		1
591.9		1
592		1
592.1		1
592.2		1
592.3		1
592.4		1
592.5		1
592.6		1
592.7		1
592.8		1
592.9		1
593		1
593.1		1
593.2		1
593.3		1
593.4		1
593.5		1
593.6		1
593.7		1
593.8		1
593.9		1
594		1
594.1		1
594.2		1
594.3		1
594.4		1
594.5		1
594.6		1
594.7		1
594.8		1
594.9		1
595		1
595.1		1
595.2		1
595.3		1
595.4		1
595.5		1
595.6		1
595.7		1
595.8		1
595.9		1
596		1
596.1		1
596.2		1
596.3		1
596.4		1
596.5		1
596.6		1
596.7		1
596.8		1
596.9		1
597		1
597.1		1
597.2		1
597.3		1
597.4		1
597.5		1
597.6		1
597.7		1
597.8		1
597.9		1
598		1
598.1		1
598.2		1
598.3		1
598.4		1
598.5		1
598.6		1
598.7		1
598.8		1
598.9		1
599		1
599.1		1
599.2		1
599.3		1
599.4		1
599.5		1
599.6		1
599.7		1
599.8		1
599.9		1
600		1
