# Calibration file of tamex_id 1 @ channel 22
# fine_T bin		 Calibration value
0.1		0
0.2		0
0.3		0
0.4		0
0.5		0
0.6		0
0.7		0
0.8		0
0.9		0
1		0
1.1		0
1.2		0
1.3		0
1.4		0
1.5		0
1.6		0
1.7		0
1.8		0
1.9		0
2		0
2.1		0
2.2		0
2.3		0
2.4		0
2.5		0
2.6		0
2.7		0
2.8		0
2.9		0
3		0
3.1		0
3.2		0
3.3		0
3.4		0
3.5		0
3.6		0
3.7		0
3.8		0
3.9		0
4		0
4.1		0
4.2		0
4.3		0
4.4		0
4.5		0
4.6		0
4.7		0
4.8		0
4.9		0
5		0
5.1		0
5.2		0
5.3		0
5.4		0
5.5		0
5.6		0
5.7		0
5.8		0
5.9		0
6		0
6.1		0
6.2		0
6.3		0
6.4		0
6.5		0
6.6		0
6.7		0
6.8		0
6.9		0
7		0
7.1		0
7.2		0
7.3		0
7.4		0
7.5		0
7.6		0
7.7		0
7.8		0
7.9		0
8		0
8.1		0
8.2		0
8.3		0
8.4		0
8.5		0
8.6		0
8.7		0
8.8		0
8.9		0
9		0
9.1		0
9.2		0
9.3		0
9.4		0
9.5		0
9.6		0
9.7		0
9.8		0
9.9		0
10		0
10.1		0
10.2		0
10.3		0
10.4		0
10.5		0
10.6		0
10.7		0
10.8		0
10.9		0
11		0
11.1		0
11.2		0
11.3		0
11.4		0
11.5		0
11.6		0
11.7		0
11.8		0
11.9		0
12		0
12.1		0
12.2		0
12.3		0
12.4		0
12.5		0
12.6		0
12.7		0
12.8		0
12.9		0
13		0
13.1		0
13.2		0
13.3		0
13.4		0
13.5		0
13.6		0
13.7		0
13.8		0
13.9		0
14		0
14.1		0
14.2		0
14.3		0
14.4		0
14.5		0
14.6		0
14.7		0
14.8		0
14.9		0
15		0
15.1		0
15.2		0
15.3		0
15.4		0
15.5		0
15.6		0
15.7		0
15.8		0
15.9		0
16		0
16.1		0.00440955
16.2		0.00440955
16.3		0.00440955
16.4		0.00440955
16.5		0.00440955
16.6		0.00440955
16.7		0.00440955
16.8		0.00440955
16.9		0.00440955
17		0.00440955
17.1		0.0063096
17.2		0.0063096
17.3		0.0063096
17.4		0.0063096
17.5		0.0063096
17.6		0.0063096
17.7		0.0063096
17.8		0.0063096
17.9		0.0063096
18		0.0063096
18.1		0.0067398
18.2		0.0067398
18.3		0.0067398
18.4		0.0067398
18.5		0.0067398
18.6		0.0067398
18.7		0.0067398
18.8		0.0067398
18.9		0.0067398
19		0.0067398
19.1		0.0107909
19.2		0.0107909
19.3		0.0107909
19.4		0.0107909
19.5		0.0107909
19.6		0.0107909
19.7		0.0107909
19.8		0.0107909
19.9		0.0107909
20		0.0107909
20.1		0.0119022
20.2		0.0119022
20.3		0.0119022
20.4		0.0119022
20.5		0.0119022
20.6		0.0119022
20.7		0.0119022
20.8		0.0119022
20.9		0.0119022
21		0.0119022
21.1		0.0160967
21.2		0.0160967
21.3		0.0160967
21.4		0.0160967
21.5		0.0160967
21.6		0.0160967
21.7		0.0160967
21.8		0.0160967
21.9		0.0160967
22		0.0160967
22.1		0.0179609
22.2		0.0179609
22.3		0.0179609
22.4		0.0179609
22.5		0.0179609
22.6		0.0179609
22.7		0.0179609
22.8		0.0179609
22.9		0.0179609
23		0.0179609
23.1		0.0184986
23.2		0.0184986
23.3		0.0184986
23.4		0.0184986
23.5		0.0184986
23.6		0.0184986
23.7		0.0184986
23.8		0.0184986
23.9		0.0184986
24		0.0184986
24.1		0.0212591
24.2		0.0212591
24.3		0.0212591
24.4		0.0212591
24.5		0.0212591
24.6		0.0212591
24.7		0.0212591
24.8		0.0212591
24.9		0.0212591
25		0.0212591
25.1		0.0224063
25.2		0.0224063
25.3		0.0224063
25.4		0.0224063
25.5		0.0224063
25.6		0.0224063
25.7		0.0224063
25.8		0.0224063
25.9		0.0224063
26		0.0224063
26.1		0.0247724
26.2		0.0247724
26.3		0.0247724
26.4		0.0247724
26.5		0.0247724
26.6		0.0247724
26.7		0.0247724
26.8		0.0247724
26.9		0.0247724
27		0.0247724
27.1		0.0266724
27.2		0.0266724
27.3		0.0266724
27.4		0.0266724
27.5		0.0266724
27.6		0.0266724
27.7		0.0266724
27.8		0.0266724
27.9		0.0266724
28		0.0266724
28.1		0.0282498
28.2		0.0282498
28.3		0.0282498
28.4		0.0282498
28.5		0.0282498
28.6		0.0282498
28.7		0.0282498
28.8		0.0282498
28.9		0.0282498
29		0.0282498
29.1		0.0306876
29.2		0.0306876
29.3		0.0306876
29.4		0.0306876
29.5		0.0306876
29.6		0.0306876
29.7		0.0306876
29.8		0.0306876
29.9		0.0306876
30		0.0306876
30.1		0.0312971
30.2		0.0312971
30.3		0.0312971
30.4		0.0312971
30.5		0.0312971
30.6		0.0312971
30.7		0.0312971
30.8		0.0312971
30.9		0.0312971
31		0.0312971
31.1		0.03395
31.2		0.03395
31.3		0.03395
31.4		0.03395
31.5		0.03395
31.6		0.03395
31.7		0.03395
31.8		0.03395
31.9		0.03395
32		0.03395
32.1		0.036101
32.2		0.036101
32.3		0.036101
32.4		0.036101
32.5		0.036101
32.6		0.036101
32.7		0.036101
32.8		0.036101
32.9		0.036101
33		0.036101
33.1		0.0388614
33.2		0.0388614
33.3		0.0388614
33.4		0.0388614
33.5		0.0388614
33.6		0.0388614
33.7		0.0388614
33.8		0.0388614
33.9		0.0388614
34		0.0388614
34.1		0.0420162
34.2		0.0420162
34.3		0.0420162
34.4		0.0420162
34.5		0.0420162
34.6		0.0420162
34.7		0.0420162
34.8		0.0420162
34.9		0.0420162
35		0.0420162
35.1		0.0422313
35.2		0.0422313
35.3		0.0422313
35.4		0.0422313
35.5		0.0422313
35.6		0.0422313
35.7		0.0422313
35.8		0.0422313
35.9		0.0422313
36		0.0422313
36.1		0.0449559
36.2		0.0449559
36.3		0.0449559
36.4		0.0449559
36.5		0.0449559
36.6		0.0449559
36.7		0.0449559
36.8		0.0449559
36.9		0.0449559
37		0.0449559
37.1		0.0457446
37.2		0.0457446
37.3		0.0457446
37.4		0.0457446
37.5		0.0457446
37.6		0.0457446
37.7		0.0457446
37.8		0.0457446
37.9		0.0457446
38		0.0457446
38.1		0.0471786
38.2		0.0471786
38.3		0.0471786
38.4		0.0471786
38.5		0.0471786
38.6		0.0471786
38.7		0.0471786
38.8		0.0471786
38.9		0.0471786
39		0.0471786
39.1		0.0525561
39.2		0.0525561
39.3		0.0525561
39.4		0.0525561
39.5		0.0525561
39.6		0.0525561
39.7		0.0525561
39.8		0.0525561
39.9		0.0525561
40		0.0525561
40.1		0.0534882
40.2		0.0534882
40.3		0.0534882
40.4		0.0534882
40.5		0.0534882
40.6		0.0534882
40.7		0.0534882
40.8		0.0534882
40.9		0.0534882
41		0.0534882
41.1		0.053775
41.2		0.053775
41.3		0.053775
41.4		0.053775
41.5		0.053775
41.6		0.053775
41.7		0.053775
41.8		0.053775
41.9		0.053775
42		0.053775
42.1		0.054026
42.2		0.054026
42.3		0.054026
42.4		0.054026
42.5		0.054026
42.6		0.054026
42.7		0.054026
42.8		0.054026
42.9		0.054026
43		0.054026
43.1		0.0567864
43.2		0.0567864
43.3		0.0567864
43.4		0.0567864
43.5		0.0567864
43.6		0.0567864
43.7		0.0567864
43.8		0.0567864
43.9		0.0567864
44		0.0567864
44.1		0.0586865
44.2		0.0586865
44.3		0.0586865
44.4		0.0586865
44.5		0.0586865
44.6		0.0586865
44.7		0.0586865
44.8		0.0586865
44.9		0.0586865
45		0.0586865
45.1		0.063096
45.2		0.063096
45.3		0.063096
45.4		0.063096
45.5		0.063096
45.6		0.063096
45.7		0.063096
45.8		0.063096
45.9		0.063096
46		0.063096
46.1		0.0646376
46.2		0.0646376
46.3		0.0646376
46.4		0.0646376
46.5		0.0646376
46.6		0.0646376
46.7		0.0646376
46.8		0.0646376
46.9		0.0646376
47		0.0646376
47.1		0.0662867
47.2		0.0662867
47.3		0.0662867
47.4		0.0662867
47.5		0.0662867
47.6		0.0662867
47.7		0.0662867
47.8		0.0662867
47.9		0.0662867
48		0.0662867
48.1		0.0670754
48.2		0.0670754
48.3		0.0670754
48.4		0.0670754
48.5		0.0670754
48.6		0.0670754
48.7		0.0670754
48.8		0.0670754
48.9		0.0670754
49		0.0670754
49.1		0.0687962
49.2		0.0687962
49.3		0.0687962
49.4		0.0687962
49.5		0.0687962
49.6		0.0687962
49.7		0.0687962
49.8		0.0687962
49.9		0.0687962
50		0.0687962
50.1		0.0728114
50.2		0.0728114
50.3		0.0728114
50.4		0.0728114
50.5		0.0728114
50.6		0.0728114
50.7		0.0728114
50.8		0.0728114
50.9		0.0728114
51		0.0728114
51.1		0.073385
51.2		0.073385
51.3		0.073385
51.4		0.073385
51.5		0.073385
51.6		0.073385
51.7		0.073385
51.8		0.073385
51.9		0.073385
52		0.073385
52.1		0.0782247
52.2		0.0782247
52.3		0.0782247
52.4		0.0782247
52.5		0.0782247
52.6		0.0782247
52.7		0.0782247
52.8		0.0782247
52.9		0.0782247
53		0.0782247
53.1		0.0796229
53.2		0.0796229
53.3		0.0796229
53.4		0.0796229
53.5		0.0796229
53.6		0.0796229
53.7		0.0796229
53.8		0.0796229
53.9		0.0796229
54		0.0796229
54.1		0.0818814
54.2		0.0818814
54.3		0.0818814
54.4		0.0818814
54.5		0.0818814
54.6		0.0818814
54.7		0.0818814
54.8		0.0818814
54.9		0.0818814
55		0.0818814
55.1		0.0830286
55.2		0.0830286
55.3		0.0830286
55.4		0.0830286
55.5		0.0830286
55.6		0.0830286
55.7		0.0830286
55.8		0.0830286
55.9		0.0830286
56		0.0830286
56.1		0.0838173
56.2		0.0838173
56.3		0.0838173
56.4		0.0838173
56.5		0.0838173
56.6		0.0838173
56.7		0.0838173
56.8		0.0838173
56.9		0.0838173
57		0.0838173
57.1		0.0854306
57.2		0.0854306
57.3		0.0854306
57.4		0.0854306
57.5		0.0854306
57.6		0.0854306
57.7		0.0854306
57.8		0.0854306
57.9		0.0854306
58		0.0854306
58.1		0.0894458
58.2		0.0894458
58.3		0.0894458
58.4		0.0894458
58.5		0.0894458
58.6		0.0894458
58.7		0.0894458
58.8		0.0894458
58.9		0.0894458
59		0.0894458
59.1		0.09131
59.2		0.09131
59.3		0.09131
59.4		0.09131
59.5		0.09131
59.6		0.09131
59.7		0.09131
59.8		0.09131
59.9		0.09131
60		0.09131
60.1		0.0920628
60.2		0.0920628
60.3		0.0920628
60.4		0.0920628
60.5		0.0920628
60.6		0.0920628
60.7		0.0920628
60.8		0.0920628
60.9		0.0920628
61		0.0920628
61.1		0.0932459
61.2		0.0932459
61.3		0.0932459
61.4		0.0932459
61.5		0.0932459
61.6		0.0932459
61.7		0.0932459
61.8		0.0932459
61.9		0.0932459
62		0.0932459
62.1		0.0941063
62.2		0.0941063
62.3		0.0941063
62.4		0.0941063
62.5		0.0941063
62.6		0.0941063
62.7		0.0941063
62.8		0.0941063
62.9		0.0941063
63		0.0941063
63.1		0.0980856
63.2		0.0980856
63.3		0.0980856
63.4		0.0980856
63.5		0.0980856
63.6		0.0980856
63.7		0.0980856
63.8		0.0980856
63.9		0.0980856
64		0.0980856
64.1		0.0993404
64.2		0.0993404
64.3		0.0993404
64.4		0.0993404
64.5		0.0993404
64.6		0.0993404
64.7		0.0993404
64.8		0.0993404
64.9		0.0993404
65		0.0993404
65.1		0.101491
65.2		0.101491
65.3		0.101491
65.4		0.101491
65.5		0.101491
65.6		0.101491
65.7		0.101491
65.8		0.101491
65.9		0.101491
66		0.101491
66.1		0.102459
66.2		0.102459
66.3		0.102459
66.4		0.102459
66.5		0.102459
66.6		0.102459
66.7		0.102459
66.8		0.102459
66.9		0.102459
67		0.102459
67.1		0.105614
67.2		0.105614
67.3		0.105614
67.4		0.105614
67.5		0.105614
67.6		0.105614
67.7		0.105614
67.8		0.105614
67.9		0.105614
68		0.105614
68.1		0.106546
68.2		0.106546
68.3		0.106546
68.4		0.106546
68.5		0.106546
68.6		0.106546
68.7		0.106546
68.8		0.106546
68.9		0.106546
69		0.106546
69.1		0.111063
69.2		0.111063
69.3		0.111063
69.4		0.111063
69.5		0.111063
69.6		0.111063
69.7		0.111063
69.8		0.111063
69.9		0.111063
70		0.111063
70.1		0.111278
70.2		0.111278
70.3		0.111278
70.4		0.111278
70.5		0.111278
70.6		0.111278
70.7		0.111278
70.8		0.111278
70.9		0.111278
71		0.111278
71.1		0.114254
71.2		0.114254
71.3		0.114254
71.4		0.114254
71.5		0.114254
71.6		0.114254
71.7		0.114254
71.8		0.114254
71.9		0.114254
72		0.114254
72.1		0.115688
72.2		0.115688
72.3		0.115688
72.4		0.115688
72.5		0.115688
72.6		0.115688
72.7		0.115688
72.8		0.115688
72.9		0.115688
73		0.115688
73.1		0.117158
73.2		0.117158
73.3		0.117158
73.4		0.117158
73.5		0.117158
73.6		0.117158
73.7		0.117158
73.8		0.117158
73.9		0.117158
74		0.117158
74.1		0.118628
74.2		0.118628
74.3		0.118628
74.4		0.118628
74.5		0.118628
74.6		0.118628
74.7		0.118628
74.8		0.118628
74.9		0.118628
75		0.118628
75.1		0.124758
75.2		0.124758
75.3		0.124758
75.4		0.124758
75.5		0.124758
75.6		0.124758
75.7		0.124758
75.8		0.124758
75.9		0.124758
76		0.124758
76.1		0.125224
76.2		0.125224
76.3		0.125224
76.4		0.125224
76.5		0.125224
76.6		0.125224
76.7		0.125224
76.8		0.125224
76.9		0.125224
77		0.125224
77.1		0.12673
77.2		0.12673
77.3		0.12673
77.4		0.12673
77.5		0.12673
77.6		0.12673
77.7		0.12673
77.8		0.12673
77.9		0.12673
78		0.12673
78.1		0.128307
78.2		0.128307
78.3		0.128307
78.4		0.128307
78.5		0.128307
78.6		0.128307
78.7		0.128307
78.8		0.128307
78.9		0.128307
79		0.128307
79.1		0.130243
79.2		0.130243
79.3		0.130243
79.4		0.130243
79.5		0.130243
79.6		0.130243
79.7		0.130243
79.8		0.130243
79.9		0.130243
80		0.130243
80.1		0.134115
80.2		0.134115
80.3		0.134115
80.4		0.134115
80.5		0.134115
80.6		0.134115
80.7		0.134115
80.8		0.134115
80.9		0.134115
81		0.134115
81.1		0.135979
81.2		0.135979
81.3		0.135979
81.4		0.135979
81.5		0.135979
81.6		0.135979
81.7		0.135979
81.8		0.135979
81.9		0.135979
82		0.135979
82.1		0.136517
82.2		0.136517
82.3		0.136517
82.4		0.136517
82.5		0.136517
82.6		0.136517
82.7		0.136517
82.8		0.136517
82.9		0.136517
83		0.136517
83.1		0.137521
83.2		0.137521
83.3		0.137521
83.4		0.137521
83.5		0.137521
83.6		0.137521
83.7		0.137521
83.8		0.137521
83.9		0.137521
84		0.137521
84.1		0.142253
84.2		0.142253
84.3		0.142253
84.4		0.142253
84.5		0.142253
84.6		0.142253
84.7		0.142253
84.8		0.142253
84.9		0.142253
85		0.142253
85.1		0.143472
85.2		0.143472
85.3		0.143472
85.4		0.143472
85.5		0.143472
85.6		0.143472
85.7		0.143472
85.8		0.143472
85.9		0.143472
86		0.143472
86.1		0.144332
86.2		0.144332
86.3		0.144332
86.4		0.144332
86.5		0.144332
86.6		0.144332
86.7		0.144332
86.8		0.144332
86.9		0.144332
87		0.144332
87.1		0.145945
87.2		0.145945
87.3		0.145945
87.4		0.145945
87.5		0.145945
87.6		0.145945
87.7		0.145945
87.8		0.145945
87.9		0.145945
88		0.145945
88.1		0.145945
88.2		0.145945
88.3		0.145945
88.4		0.145945
88.5		0.145945
88.6		0.145945
88.7		0.145945
88.8		0.145945
88.9		0.145945
89		0.145945
89.1		0.146949
89.2		0.146949
89.3		0.146949
89.4		0.146949
89.5		0.146949
89.6		0.146949
89.7		0.146949
89.8		0.146949
89.9		0.146949
90		0.146949
90.1		0.152793
90.2		0.152793
90.3		0.152793
90.4		0.152793
90.5		0.152793
90.6		0.152793
90.7		0.152793
90.8		0.152793
90.9		0.152793
91		0.152793
91.1		0.154263
91.2		0.154263
91.3		0.154263
91.4		0.154263
91.5		0.154263
91.6		0.154263
91.7		0.154263
91.8		0.154263
91.9		0.154263
92		0.154263
92.1		0.155338
92.2		0.155338
92.3		0.155338
92.4		0.155338
92.5		0.155338
92.6		0.155338
92.7		0.155338
92.8		0.155338
92.9		0.155338
93		0.155338
93.1		0.155768
93.2		0.155768
93.3		0.155768
93.4		0.155768
93.5		0.155768
93.6		0.155768
93.7		0.155768
93.8		0.155768
93.9		0.155768
94		0.155768
94.1		0.156378
94.2		0.156378
94.3		0.156378
94.4		0.156378
94.5		0.156378
94.6		0.156378
94.7		0.156378
94.8		0.156378
94.9		0.156378
95		0.156378
95.1		0.158995
95.2		0.158995
95.3		0.158995
95.4		0.158995
95.5		0.158995
95.6		0.158995
95.7		0.158995
95.8		0.158995
95.9		0.158995
96		0.158995
96.1		0.163835
96.2		0.163835
96.3		0.163835
96.4		0.163835
96.5		0.163835
96.6		0.163835
96.7		0.163835
96.8		0.163835
96.9		0.163835
97		0.163835
97.1		0.166703
97.2		0.166703
97.3		0.166703
97.4		0.166703
97.5		0.166703
97.6		0.166703
97.7		0.166703
97.8		0.166703
97.9		0.166703
98		0.166703
98.1		0.167061
98.2		0.167061
98.3		0.167061
98.4		0.167061
98.5		0.167061
98.6		0.167061
98.7		0.167061
98.8		0.167061
98.9		0.167061
99		0.167061
99.1		0.169678
99.2		0.169678
99.3		0.169678
99.4		0.169678
99.5		0.169678
99.6		0.169678
99.7		0.169678
99.8		0.169678
99.9		0.169678
100		0.169678
100.1		0.170144
100.2		0.170144
100.3		0.170144
100.4		0.170144
100.5		0.170144
100.6		0.170144
100.7		0.170144
100.8		0.170144
100.9		0.170144
101		0.170144
101.1		0.173371
101.2		0.173371
101.3		0.173371
101.4		0.173371
101.5		0.173371
101.6		0.173371
101.7		0.173371
101.8		0.173371
101.9		0.173371
102		0.173371
102.1		0.175091
102.2		0.175091
102.3		0.175091
102.4		0.175091
102.5		0.175091
102.6		0.175091
102.7		0.175091
102.8		0.175091
102.9		0.175091
103		0.175091
103.1		0.179537
103.2		0.179537
103.3		0.179537
103.4		0.179537
103.5		0.179537
103.6		0.179537
103.7		0.179537
103.8		0.179537
103.9		0.179537
104		0.179537
104.1		0.180863
104.2		0.180863
104.3		0.180863
104.4		0.180863
104.5		0.180863
104.6		0.180863
104.7		0.180863
104.8		0.180863
104.9		0.180863
105		0.180863
105.1		0.181007
105.2		0.181007
105.3		0.181007
105.4		0.181007
105.5		0.181007
105.6		0.181007
105.7		0.181007
105.8		0.181007
105.9		0.181007
106		0.181007
106.1		0.184448
106.2		0.184448
106.3		0.184448
106.4		0.184448
106.5		0.184448
106.6		0.184448
106.7		0.184448
106.8		0.184448
106.9		0.184448
107		0.184448
107.1		0.185667
107.2		0.185667
107.3		0.185667
107.4		0.185667
107.5		0.185667
107.6		0.185667
107.7		0.185667
107.8		0.185667
107.9		0.185667
108		0.185667
108.1		0.188069
108.2		0.188069
108.3		0.188069
108.4		0.188069
108.5		0.188069
108.6		0.188069
108.7		0.188069
108.8		0.188069
108.9		0.188069
109		0.188069
109.1		0.18979
109.2		0.18979
109.3		0.18979
109.4		0.18979
109.5		0.18979
109.6		0.18979
109.7		0.18979
109.8		0.18979
109.9		0.18979
110		0.18979
110.1		0.191654
110.2		0.191654
110.3		0.191654
110.4		0.191654
110.5		0.191654
110.6		0.191654
110.7		0.191654
110.8		0.191654
110.9		0.191654
111		0.191654
111.1		0.194199
111.2		0.194199
111.3		0.194199
111.4		0.194199
111.5		0.194199
111.6		0.194199
111.7		0.194199
111.8		0.194199
111.9		0.194199
112		0.194199
112.1		0.195669
112.2		0.195669
112.3		0.195669
112.4		0.195669
112.5		0.195669
112.6		0.195669
112.7		0.195669
112.8		0.195669
112.9		0.195669
113		0.195669
113.1		0.196494
113.2		0.196494
113.3		0.196494
113.4		0.196494
113.5		0.196494
113.6		0.196494
113.7		0.196494
113.8		0.196494
113.9		0.196494
114		0.196494
114.1		0.201836
114.2		0.201836
114.3		0.201836
114.4		0.201836
114.5		0.201836
114.6		0.201836
114.7		0.201836
114.8		0.201836
114.9		0.201836
115		0.201836
115.1		0.202732
115.2		0.202732
115.3		0.202732
115.4		0.202732
115.5		0.202732
115.6		0.202732
115.7		0.202732
115.8		0.202732
115.9		0.202732
116		0.202732
116.1		0.203126
116.2		0.203126
116.3		0.203126
116.4		0.203126
116.5		0.203126
116.6		0.203126
116.7		0.203126
116.8		0.203126
116.9		0.203126
117		0.203126
117.1		0.208145
117.2		0.208145
117.3		0.208145
117.4		0.208145
117.5		0.208145
117.6		0.208145
117.7		0.208145
117.8		0.208145
117.9		0.208145
118		0.208145
118.1		0.209436
118.2		0.209436
118.3		0.209436
118.4		0.209436
118.5		0.209436
118.6		0.209436
118.7		0.209436
118.8		0.209436
118.9		0.209436
119		0.209436
119.1		0.211157
119.2		0.211157
119.3		0.211157
119.4		0.211157
119.5		0.211157
119.6		0.211157
119.7		0.211157
119.8		0.211157
119.9		0.211157
120		0.211157
120.1		0.212913
120.2		0.212913
120.3		0.212913
120.4		0.212913
120.5		0.212913
120.6		0.212913
120.7		0.212913
120.8		0.212913
120.9		0.212913
121		0.212913
121.1		0.213451
121.2		0.213451
121.3		0.213451
121.4		0.213451
121.5		0.213451
121.6		0.213451
121.7		0.213451
121.8		0.213451
121.9		0.213451
122		0.213451
122.1		0.215566
122.2		0.215566
122.3		0.215566
122.4		0.215566
122.5		0.215566
122.6		0.215566
122.7		0.215566
122.8		0.215566
122.9		0.215566
123		0.215566
123.1		0.218362
123.2		0.218362
123.3		0.218362
123.4		0.218362
123.5		0.218362
123.6		0.218362
123.7		0.218362
123.8		0.218362
123.9		0.218362
124		0.218362
124.1		0.218613
124.2		0.218613
124.3		0.218613
124.4		0.218613
124.5		0.218613
124.6		0.218613
124.7		0.218613
124.8		0.218613
124.9		0.218613
125		0.218613
125.1		0.219689
125.2		0.219689
125.3		0.219689
125.4		0.219689
125.5		0.219689
125.6		0.219689
125.7		0.219689
125.8		0.219689
125.9		0.219689
126		0.219689
126.1		0.224887
126.2		0.224887
126.3		0.224887
126.4		0.224887
126.5		0.224887
126.6		0.224887
126.7		0.224887
126.8		0.224887
126.9		0.224887
127		0.224887
127.1		0.226536
127.2		0.226536
127.3		0.226536
127.4		0.226536
127.5		0.226536
127.6		0.226536
127.7		0.226536
127.8		0.226536
127.9		0.226536
128		0.226536
128.1		0.226751
128.2		0.226751
128.3		0.226751
128.4		0.226751
128.5		0.226751
128.6		0.226751
128.7		0.226751
128.8		0.226751
128.9		0.226751
129		0.226751
129.1		0.229332
129.2		0.229332
129.3		0.229332
129.4		0.229332
129.5		0.229332
129.6		0.229332
129.7		0.229332
129.8		0.229332
129.9		0.229332
130		0.229332
130.1		0.230049
130.2		0.230049
130.3		0.230049
130.4		0.230049
130.5		0.230049
130.6		0.230049
130.7		0.230049
130.8		0.230049
130.9		0.230049
131		0.230049
131.1		0.234065
131.2		0.234065
131.3		0.234065
131.4		0.234065
131.5		0.234065
131.6		0.234065
131.7		0.234065
131.8		0.234065
131.9		0.234065
132		0.234065
132.1		0.236072
132.2		0.236072
132.3		0.236072
132.4		0.236072
132.5		0.236072
132.6		0.236072
132.7		0.236072
132.8		0.236072
132.9		0.236072
133		0.236072
133.1		0.237793
133.2		0.237793
133.3		0.237793
133.4		0.237793
133.5		0.237793
133.6		0.237793
133.7		0.237793
133.8		0.237793
133.9		0.237793
134		0.237793
134.1		0.23955
134.2		0.23955
134.3		0.23955
134.4		0.23955
134.5		0.23955
134.6		0.23955
134.7		0.23955
134.8		0.23955
134.9		0.23955
135		0.23955
135.1		0.24188
135.2		0.24188
135.3		0.24188
135.4		0.24188
135.5		0.24188
135.6		0.24188
135.7		0.24188
135.8		0.24188
135.9		0.24188
136		0.24188
136.1		0.245537
136.2		0.245537
136.3		0.245537
136.4		0.245537
136.5		0.245537
136.6		0.245537
136.7		0.245537
136.8		0.245537
136.9		0.245537
137		0.245537
137.1		0.245788
137.2		0.245788
137.3		0.245788
137.4		0.245788
137.5		0.245788
137.6		0.245788
137.7		0.245788
137.8		0.245788
137.9		0.245788
138		0.245788
138.1		0.248942
138.2		0.248942
138.3		0.248942
138.4		0.248942
138.5		0.248942
138.6		0.248942
138.7		0.248942
138.8		0.248942
138.9		0.248942
139		0.248942
139.1		0.249373
139.2		0.249373
139.3		0.249373
139.4		0.249373
139.5		0.249373
139.6		0.249373
139.7		0.249373
139.8		0.249373
139.9		0.249373
140		0.249373
140.1		0.253531
140.2		0.253531
140.3		0.253531
140.4		0.253531
140.5		0.253531
140.6		0.253531
140.7		0.253531
140.8		0.253531
140.9		0.253531
141		0.253531
141.1		0.254714
141.2		0.254714
141.3		0.254714
141.4		0.254714
141.5		0.254714
141.6		0.254714
141.7		0.254714
141.8		0.254714
141.9		0.254714
142		0.254714
142.1		0.257546
142.2		0.257546
142.3		0.257546
142.4		0.257546
142.5		0.257546
142.6		0.257546
142.7		0.257546
142.8		0.257546
142.9		0.257546
143		0.257546
143.1		0.257582
143.2		0.257582
143.3		0.257582
143.4		0.257582
143.5		0.257582
143.6		0.257582
143.7		0.257582
143.8		0.257582
143.9		0.257582
144		0.257582
144.1		0.257762
144.2		0.257762
144.3		0.257762
144.4		0.257762
144.5		0.257762
144.6		0.257762
144.7		0.257762
144.8		0.257762
144.9		0.257762
145		0.257762
145.1		0.260128
145.2		0.260128
145.3		0.260128
145.4		0.260128
145.5		0.260128
145.6		0.260128
145.7		0.260128
145.8		0.260128
145.9		0.260128
146		0.260128
146.1		0.263713
146.2		0.263713
146.3		0.263713
146.4		0.263713
146.5		0.263713
146.6		0.263713
146.7		0.263713
146.8		0.263713
146.9		0.263713
147		0.263713
147.1		0.26425
147.2		0.26425
147.3		0.26425
147.4		0.26425
147.5		0.26425
147.6		0.26425
147.7		0.26425
147.8		0.26425
147.9		0.26425
148		0.26425
148.1		0.268122
148.2		0.268122
148.3		0.268122
148.4		0.268122
148.5		0.268122
148.6		0.268122
148.7		0.268122
148.8		0.268122
148.9		0.268122
149		0.268122
149.1		0.26952
149.2		0.26952
149.3		0.26952
149.4		0.26952
149.5		0.26952
149.6		0.26952
149.7		0.26952
149.8		0.26952
149.9		0.26952
150		0.26952
150.1		0.27056
150.2		0.27056
150.3		0.27056
150.4		0.27056
150.5		0.27056
150.6		0.27056
150.7		0.27056
150.8		0.27056
150.9		0.27056
151		0.27056
151.1		0.271528
151.2		0.271528
151.3		0.271528
151.4		0.271528
151.5		0.271528
151.6		0.271528
151.7		0.271528
151.8		0.271528
151.9		0.271528
152		0.271528
152.1		0.275256
152.2		0.275256
152.3		0.275256
152.4		0.275256
152.5		0.275256
152.6		0.275256
152.7		0.275256
152.8		0.275256
152.9		0.275256
153		0.275256
153.1		0.279092
153.2		0.279092
153.3		0.279092
153.4		0.279092
153.5		0.279092
153.6		0.279092
153.7		0.279092
153.8		0.279092
153.9		0.279092
154		0.279092
154.1		0.281207
154.2		0.281207
154.3		0.281207
154.4		0.281207
154.5		0.281207
154.6		0.281207
154.7		0.281207
154.8		0.281207
154.9		0.281207
155		0.281207
155.1		0.282032
155.2		0.282032
155.3		0.282032
155.4		0.282032
155.5		0.282032
155.6		0.282032
155.7		0.282032
155.8		0.282032
155.9		0.282032
156		0.282032
156.1		0.282928
156.2		0.282928
156.3		0.282928
156.4		0.282928
156.5		0.282928
156.6		0.282928
156.7		0.282928
156.8		0.282928
156.9		0.282928
157		0.282928
157.1		0.285008
157.2		0.285008
157.3		0.285008
157.4		0.285008
157.5		0.285008
157.6		0.285008
157.7		0.285008
157.8		0.285008
157.9		0.285008
158		0.285008
158.1		0.286083
158.2		0.286083
158.3		0.286083
158.4		0.286083
158.5		0.286083
158.6		0.286083
158.7		0.286083
158.8		0.286083
158.9		0.286083
159		0.286083
159.1		0.289202
159.2		0.289202
159.3		0.289202
159.4		0.289202
159.5		0.289202
159.6		0.289202
159.7		0.289202
159.8		0.289202
159.9		0.289202
160		0.289202
160.1		0.292859
160.2		0.292859
160.3		0.292859
160.4		0.292859
160.5		0.292859
160.6		0.292859
160.7		0.292859
160.8		0.292859
160.9		0.292859
161		0.292859
161.1		0.294436
161.2		0.294436
161.3		0.294436
161.4		0.294436
161.5		0.294436
161.6		0.294436
161.7		0.294436
161.8		0.294436
161.9		0.294436
162		0.294436
162.1		0.295906
162.2		0.295906
162.3		0.295906
162.4		0.295906
162.5		0.295906
162.6		0.295906
162.7		0.295906
162.8		0.295906
162.9		0.295906
163		0.295906
163.1		0.297698
163.2		0.297698
163.3		0.297698
163.4		0.297698
163.5		0.297698
163.6		0.297698
163.7		0.297698
163.8		0.297698
163.9		0.297698
164		0.297698
164.1		0.298451
164.2		0.298451
164.3		0.298451
164.4		0.298451
164.5		0.298451
164.6		0.298451
164.7		0.298451
164.8		0.298451
164.9		0.298451
165		0.298451
165.1		0.302359
165.2		0.302359
165.3		0.302359
165.4		0.302359
165.5		0.302359
165.6		0.302359
165.7		0.302359
165.8		0.302359
165.9		0.302359
166		0.302359
166.1		0.30261
166.2		0.30261
166.3		0.30261
166.4		0.30261
166.5		0.30261
166.6		0.30261
166.7		0.30261
166.8		0.30261
166.9		0.30261
167		0.30261
167.1		0.306661
167.2		0.306661
167.3		0.306661
167.4		0.306661
167.5		0.306661
167.6		0.306661
167.7		0.306661
167.8		0.306661
167.9		0.306661
168		0.306661
168.1		0.308812
168.2		0.308812
168.3		0.308812
168.4		0.308812
168.5		0.308812
168.6		0.308812
168.7		0.308812
168.8		0.308812
168.9		0.308812
169		0.308812
169.1		0.310497
169.2		0.310497
169.3		0.310497
169.4		0.310497
169.5		0.310497
169.6		0.310497
169.7		0.310497
169.8		0.310497
169.9		0.310497
170		0.310497
170.1		0.311429
170.2		0.311429
170.3		0.311429
170.4		0.311429
170.5		0.311429
170.6		0.311429
170.7		0.311429
170.8		0.311429
170.9		0.311429
171		0.311429
171.1		0.314369
171.2		0.314369
171.3		0.314369
171.4		0.314369
171.5		0.314369
171.6		0.314369
171.7		0.314369
171.8		0.314369
171.9		0.314369
172		0.314369
172.1		0.31652
172.2		0.31652
172.3		0.31652
172.4		0.31652
172.5		0.31652
172.6		0.31652
172.7		0.31652
172.8		0.31652
172.9		0.31652
173		0.31652
173.1		0.317201
173.2		0.317201
173.3		0.317201
173.4		0.317201
173.5		0.317201
173.6		0.317201
173.7		0.317201
173.8		0.317201
173.9		0.317201
174		0.317201
174.1		0.319961
174.2		0.319961
174.3		0.319961
174.4		0.319961
174.5		0.319961
174.6		0.319961
174.7		0.319961
174.8		0.319961
174.9		0.319961
175		0.319961
175.1		0.322973
175.2		0.322973
175.3		0.322973
175.4		0.322973
175.5		0.322973
175.6		0.322973
175.7		0.322973
175.8		0.322973
175.9		0.322973
176		0.322973
176.1		0.323869
176.2		0.323869
176.3		0.323869
176.4		0.323869
176.5		0.323869
176.6		0.323869
176.7		0.323869
176.8		0.323869
176.9		0.323869
177		0.323869
177.1		0.325016
177.2		0.325016
177.3		0.325016
177.4		0.325016
177.5		0.325016
177.6		0.325016
177.7		0.325016
177.8		0.325016
177.9		0.325016
178		0.325016
178.1		0.327418
178.2		0.327418
178.3		0.327418
178.4		0.327418
178.5		0.327418
178.6		0.327418
178.7		0.327418
178.8		0.327418
178.9		0.327418
179		0.327418
179.1		0.328494
179.2		0.328494
179.3		0.328494
179.4		0.328494
179.5		0.328494
179.6		0.328494
179.7		0.328494
179.8		0.328494
179.9		0.328494
180		0.328494
180.1		0.328601
180.2		0.328601
180.3		0.328601
180.4		0.328601
180.5		0.328601
180.6		0.328601
180.7		0.328601
180.8		0.328601
180.9		0.328601
181		0.328601
181.1		0.333513
181.2		0.333513
181.3		0.333513
181.4		0.333513
181.5		0.333513
181.6		0.333513
181.7		0.333513
181.8		0.333513
181.9		0.333513
182		0.333513
182.1		0.334158
182.2		0.334158
182.3		0.334158
182.4		0.334158
182.5		0.334158
182.6		0.334158
182.7		0.334158
182.8		0.334158
182.9		0.334158
183		0.334158
183.1		0.336882
183.2		0.336882
183.3		0.336882
183.4		0.336882
183.5		0.336882
183.6		0.336882
183.7		0.336882
183.8		0.336882
183.9		0.336882
184		0.336882
184.1		0.337743
184.2		0.337743
184.3		0.337743
184.4		0.337743
184.5		0.337743
184.6		0.337743
184.7		0.337743
184.8		0.337743
184.9		0.337743
185		0.337743
185.1		0.340001
185.2		0.340001
185.3		0.340001
185.4		0.340001
185.5		0.340001
185.6		0.340001
185.7		0.340001
185.8		0.340001
185.9		0.340001
186		0.340001
186.1		0.341507
186.2		0.341507
186.3		0.341507
186.4		0.341507
186.5		0.341507
186.6		0.341507
186.7		0.341507
186.8		0.341507
186.9		0.341507
187		0.341507
187.1		0.345056
187.2		0.345056
187.3		0.345056
187.4		0.345056
187.5		0.345056
187.6		0.345056
187.7		0.345056
187.8		0.345056
187.9		0.345056
188		0.345056
188.1		0.346598
188.2		0.346598
188.3		0.346598
188.4		0.346598
188.5		0.346598
188.6		0.346598
188.7		0.346598
188.8		0.346598
188.9		0.346598
189		0.346598
189.1		0.346598
189.2		0.346598
189.3		0.346598
189.4		0.346598
189.5		0.346598
189.6		0.346598
189.7		0.346598
189.8		0.346598
189.9		0.346598
190		0.346598
190.1		0.346849
190.2		0.346849
190.3		0.346849
190.4		0.346849
190.5		0.346849
190.6		0.346849
190.7		0.346849
190.8		0.346849
190.9		0.346849
191		0.346849
191.1		0.349645
191.2		0.349645
191.3		0.349645
191.4		0.349645
191.5		0.349645
191.6		0.349645
191.7		0.349645
191.8		0.349645
191.9		0.349645
192		0.349645
192.1		0.35366
192.2		0.35366
192.3		0.35366
192.4		0.35366
192.5		0.35366
192.6		0.35366
192.7		0.35366
192.8		0.35366
192.9		0.35366
193		0.35366
193.1		0.356887
193.2		0.356887
193.3		0.356887
193.4		0.356887
193.5		0.356887
193.6		0.356887
193.7		0.356887
193.8		0.356887
193.9		0.356887
194		0.356887
194.1		0.357747
194.2		0.357747
194.3		0.357747
194.4		0.357747
194.5		0.357747
194.6		0.357747
194.7		0.357747
194.8		0.357747
194.9		0.357747
195		0.357747
195.1		0.359074
195.2		0.359074
195.3		0.359074
195.4		0.359074
195.5		0.359074
195.6		0.359074
195.7		0.359074
195.8		0.359074
195.9		0.359074
196		0.359074
196.1		0.36083
196.2		0.36083
196.3		0.36083
196.4		0.36083
196.5		0.36083
196.6		0.36083
196.7		0.36083
196.8		0.36083
196.9		0.36083
197		0.36083
197.1		0.3623
197.2		0.3623
197.3		0.3623
197.4		0.3623
197.5		0.3623
197.6		0.3623
197.7		0.3623
197.8		0.3623
197.9		0.3623
198		0.3623
198.1		0.364559
198.2		0.364559
198.3		0.364559
198.4		0.364559
198.5		0.364559
198.6		0.364559
198.7		0.364559
198.8		0.364559
198.9		0.364559
199		0.364559
199.1		0.366566
199.2		0.366566
199.3		0.366566
199.4		0.366566
199.5		0.366566
199.6		0.366566
199.7		0.366566
199.8		0.366566
199.9		0.366566
200		0.366566
200.1		0.371478
200.2		0.371478
200.3		0.371478
200.4		0.371478
200.5		0.371478
200.6		0.371478
200.7		0.371478
200.8		0.371478
200.9		0.371478
201		0.371478
201.1		0.374166
201.2		0.374166
201.3		0.374166
201.4		0.374166
201.5		0.374166
201.6		0.374166
201.7		0.374166
201.8		0.374166
201.9		0.374166
202		0.374166
202.1		0.375099
202.2		0.375099
202.3		0.375099
202.4		0.375099
202.5		0.375099
202.6		0.375099
202.7		0.375099
202.8		0.375099
202.9		0.375099
203		0.375099
203.1		0.37664
203.2		0.37664
203.3		0.37664
203.4		0.37664
203.5		0.37664
203.6		0.37664
203.7		0.37664
203.8		0.37664
203.9		0.37664
204		0.37664
204.1		0.381838
204.2		0.381838
204.3		0.381838
204.4		0.381838
204.5		0.381838
204.6		0.381838
204.7		0.381838
204.8		0.381838
204.9		0.381838
205		0.381838
205.1		0.382233
205.2		0.382233
205.3		0.382233
205.4		0.382233
205.5		0.382233
205.6		0.382233
205.7		0.382233
205.8		0.382233
205.9		0.382233
206		0.382233
206.1		0.382842
206.2		0.382842
206.3		0.382842
206.4		0.382842
206.5		0.382842
206.6		0.382842
206.7		0.382842
206.8		0.382842
206.9		0.382842
207		0.382842
207.1		0.387503
207.2		0.387503
207.3		0.387503
207.4		0.387503
207.5		0.387503
207.6		0.387503
207.7		0.387503
207.8		0.387503
207.9		0.387503
208		0.387503
208.1		0.38951
208.2		0.38951
208.3		0.38951
208.4		0.38951
208.5		0.38951
208.6		0.38951
208.7		0.38951
208.8		0.38951
208.9		0.38951
209		0.38951
209.1		0.393346
209.2		0.393346
209.3		0.393346
209.4		0.393346
209.5		0.393346
209.6		0.393346
209.7		0.393346
209.8		0.393346
209.9		0.393346
210		0.393346
210.1		0.394422
210.2		0.394422
210.3		0.394422
210.4		0.394422
210.5		0.394422
210.6		0.394422
210.7		0.394422
210.8		0.394422
210.9		0.394422
211		0.394422
211.1		0.395139
211.2		0.395139
211.3		0.395139
211.4		0.395139
211.5		0.395139
211.6		0.395139
211.7		0.395139
211.8		0.395139
211.9		0.395139
212		0.395139
212.1		0.395318
212.2		0.395318
212.3		0.395318
212.4		0.395318
212.5		0.395318
212.6		0.395318
212.7		0.395318
212.8		0.395318
212.9		0.395318
213		0.395318
213.1		0.399656
213.2		0.399656
213.3		0.399656
213.4		0.399656
213.5		0.399656
213.6		0.399656
213.7		0.399656
213.8		0.399656
213.9		0.399656
214		0.399656
214.1		0.403205
214.2		0.403205
214.3		0.403205
214.4		0.403205
214.5		0.403205
214.6		0.403205
214.7		0.403205
214.8		0.403205
214.9		0.403205
215		0.403205
215.1		0.403671
215.2		0.403671
215.3		0.403671
215.4		0.403671
215.5		0.403671
215.6		0.403671
215.7		0.403671
215.8		0.403671
215.9		0.403671
216		0.403671
216.1		0.405464
216.2		0.405464
216.3		0.405464
216.4		0.405464
216.5		0.405464
216.6		0.405464
216.7		0.405464
216.8		0.405464
216.9		0.405464
217		0.405464
217.1		0.405894
217.2		0.405894
217.3		0.405894
217.4		0.405894
217.5		0.405894
217.6		0.405894
217.7		0.405894
217.8		0.405894
217.9		0.405894
218		0.405894
218.1		0.407292
218.2		0.407292
218.3		0.407292
218.4		0.407292
218.5		0.407292
218.6		0.407292
218.7		0.407292
218.8		0.407292
218.9		0.407292
219		0.407292
219.1		0.41059
219.2		0.41059
219.3		0.41059
219.4		0.41059
219.5		0.41059
219.6		0.41059
219.7		0.41059
219.8		0.41059
219.9		0.41059
220		0.41059
220.1		0.413135
220.2		0.413135
220.3		0.413135
220.4		0.413135
220.5		0.413135
220.6		0.413135
220.7		0.413135
220.8		0.413135
220.9		0.413135
221		0.413135
221.1		0.415251
221.2		0.415251
221.3		0.415251
221.4		0.415251
221.5		0.415251
221.6		0.415251
221.7		0.415251
221.8		0.415251
221.9		0.415251
222		0.415251
222.1		0.415358
222.2		0.415358
222.3		0.415358
222.4		0.415358
222.5		0.415358
222.6		0.415358
222.7		0.415358
222.8		0.415358
222.9		0.415358
223		0.415358
223.1		0.417581
223.2		0.417581
223.3		0.417581
223.4		0.417581
223.5		0.417581
223.6		0.417581
223.7		0.417581
223.8		0.417581
223.9		0.417581
224		0.417581
224.1		0.419158
224.2		0.419158
224.3		0.419158
224.4		0.419158
224.5		0.419158
224.6		0.419158
224.7		0.419158
224.8		0.419158
224.9		0.419158
225		0.419158
225.1		0.421166
225.2		0.421166
225.3		0.421166
225.4		0.421166
225.5		0.421166
225.6		0.421166
225.7		0.421166
225.8		0.421166
225.9		0.421166
226		0.421166
226.1		0.427224
226.2		0.427224
226.3		0.427224
226.4		0.427224
226.5		0.427224
226.6		0.427224
226.7		0.427224
226.8		0.427224
226.9		0.427224
227		0.427224
227.1		0.42744
227.2		0.42744
227.3		0.42744
227.4		0.42744
227.5		0.42744
227.6		0.42744
227.7		0.42744
227.8		0.42744
227.9		0.42744
228		0.42744
228.1		0.42787
228.2		0.42787
228.3		0.42787
228.4		0.42787
228.5		0.42787
228.6		0.42787
228.7		0.42787
228.8		0.42787
228.9		0.42787
229		0.42787
229.1		0.42934
229.2		0.42934
229.3		0.42934
229.4		0.42934
229.5		0.42934
229.6		0.42934
229.7		0.42934
229.8		0.42934
229.9		0.42934
230		0.42934
230.1		0.432817
230.2		0.432817
230.3		0.432817
230.4		0.432817
230.5		0.432817
230.6		0.432817
230.7		0.432817
230.8		0.432817
230.9		0.432817
231		0.432817
231.1		0.433068
231.2		0.433068
231.3		0.433068
231.4		0.433068
231.5		0.433068
231.6		0.433068
231.7		0.433068
231.8		0.433068
231.9		0.433068
232		0.433068
232.1		0.437047
232.2		0.437047
232.3		0.437047
232.4		0.437047
232.5		0.437047
232.6		0.437047
232.7		0.437047
232.8		0.437047
232.9		0.437047
233		0.437047
233.1		0.4397
233.2		0.4397
233.3		0.4397
233.4		0.4397
233.5		0.4397
233.6		0.4397
233.7		0.4397
233.8		0.4397
233.9		0.4397
234		0.4397
234.1		0.440991
234.2		0.440991
234.3		0.440991
234.4		0.440991
234.5		0.440991
234.6		0.440991
234.7		0.440991
234.8		0.440991
234.9		0.440991
235		0.440991
235.1		0.441887
235.2		0.441887
235.3		0.441887
235.4		0.441887
235.5		0.441887
235.6		0.441887
235.7		0.441887
235.8		0.441887
235.9		0.441887
236		0.441887
236.1		0.443106
236.2		0.443106
236.3		0.443106
236.4		0.443106
236.5		0.443106
236.6		0.443106
236.7		0.443106
236.8		0.443106
236.9		0.443106
237		0.443106
237.1		0.443214
237.2		0.443214
237.3		0.443214
237.4		0.443214
237.5		0.443214
237.6		0.443214
237.7		0.443214
237.8		0.443214
237.9		0.443214
238		0.443214
238.1		0.451029
238.2		0.451029
238.3		0.451029
238.4		0.451029
238.5		0.451029
238.6		0.451029
238.7		0.451029
238.8		0.451029
238.9		0.451029
239		0.451029
239.1		0.451387
239.2		0.451387
239.3		0.451387
239.4		0.451387
239.5		0.451387
239.6		0.451387
239.7		0.451387
239.8		0.451387
239.9		0.451387
240		0.451387
240.1		0.451889
240.2		0.451889
240.3		0.451889
240.4		0.451889
240.5		0.451889
240.6		0.451889
240.7		0.451889
240.8		0.451889
240.9		0.451889
241		0.451889
241.1		0.452212
241.2		0.452212
241.3		0.452212
241.4		0.452212
241.5		0.452212
241.6		0.452212
241.7		0.452212
241.8		0.452212
241.9		0.452212
242		0.452212
242.1		0.456263
242.2		0.456263
242.3		0.456263
242.4		0.456263
242.5		0.456263
242.6		0.456263
242.7		0.456263
242.8		0.456263
242.9		0.456263
243		0.456263
243.1		0.458378
243.2		0.458378
243.3		0.458378
243.4		0.458378
243.5		0.458378
243.6		0.458378
243.7		0.458378
243.8		0.458378
243.9		0.458378
244		0.458378
244.1		0.460099
244.2		0.460099
244.3		0.460099
244.4		0.460099
244.5		0.460099
244.6		0.460099
244.7		0.460099
244.8		0.460099
244.9		0.460099
245		0.460099
245.1		0.462214
245.2		0.462214
245.3		0.462214
245.4		0.462214
245.5		0.462214
245.6		0.462214
245.7		0.462214
245.8		0.462214
245.9		0.462214
246		0.462214
246.1		0.462501
246.2		0.462501
246.3		0.462501
246.4		0.462501
246.5		0.462501
246.6		0.462501
246.7		0.462501
246.8		0.462501
246.9		0.462501
247		0.462501
247.1		0.465907
247.2		0.465907
247.3		0.465907
247.4		0.465907
247.5		0.465907
247.6		0.465907
247.7		0.465907
247.8		0.465907
247.9		0.465907
248		0.465907
248.1		0.467699
248.2		0.467699
248.3		0.467699
248.4		0.467699
248.5		0.467699
248.6		0.467699
248.7		0.467699
248.8		0.467699
248.9		0.467699
249		0.467699
249.1		0.468416
249.2		0.468416
249.3		0.468416
249.4		0.468416
249.5		0.468416
249.6		0.468416
249.7		0.468416
249.8		0.468416
249.9		0.468416
250		0.468416
250.1		0.472539
250.2		0.472539
250.3		0.472539
250.4		0.472539
250.5		0.472539
250.6		0.472539
250.7		0.472539
250.8		0.472539
250.9		0.472539
251		0.472539
251.1		0.472862
251.2		0.472862
251.3		0.472862
251.4		0.472862
251.5		0.472862
251.6		0.472862
251.7		0.472862
251.8		0.472862
251.9		0.472862
252		0.472862
252.1		0.477845
252.2		0.477845
252.3		0.477845
252.4		0.477845
252.5		0.477845
252.6		0.477845
252.7		0.477845
252.8		0.477845
252.9		0.477845
253		0.477845
253.1		0.478562
253.2		0.478562
253.3		0.478562
253.4		0.478562
253.5		0.478562
253.6		0.478562
253.7		0.478562
253.8		0.478562
253.9		0.478562
254		0.478562
254.1		0.480211
254.2		0.480211
254.3		0.480211
254.4		0.480211
254.5		0.480211
254.6		0.480211
254.7		0.480211
254.8		0.480211
254.9		0.480211
255		0.480211
255.1		0.483975
255.2		0.483975
255.3		0.483975
255.4		0.483975
255.5		0.483975
255.6		0.483975
255.7		0.483975
255.8		0.483975
255.9		0.483975
256		0.483975
256.1		0.484728
256.2		0.484728
256.3		0.484728
256.4		0.484728
256.5		0.484728
256.6		0.484728
256.7		0.484728
256.8		0.484728
256.9		0.484728
257		0.484728
257.1		0.485122
257.2		0.485122
257.3		0.485122
257.4		0.485122
257.5		0.485122
257.6		0.485122
257.7		0.485122
257.8		0.485122
257.9		0.485122
258		0.485122
258.1		0.488671
258.2		0.488671
258.3		0.488671
258.4		0.488671
258.5		0.488671
258.6		0.488671
258.7		0.488671
258.8		0.488671
258.9		0.488671
259		0.488671
259.1		0.491898
259.2		0.491898
259.3		0.491898
259.4		0.491898
259.5		0.491898
259.6		0.491898
259.7		0.491898
259.8		0.491898
259.9		0.491898
260		0.491898
260.1		0.493045
260.2		0.493045
260.3		0.493045
260.4		0.493045
260.5		0.493045
260.6		0.493045
260.7		0.493045
260.8		0.493045
260.9		0.493045
261		0.493045
261.1		0.495196
261.2		0.495196
261.3		0.495196
261.4		0.495196
261.5		0.495196
261.6		0.495196
261.7		0.495196
261.8		0.495196
261.9		0.495196
262		0.495196
262.1		0.495483
262.2		0.495483
262.3		0.495483
262.4		0.495483
262.5		0.495483
262.6		0.495483
262.7		0.495483
262.8		0.495483
262.9		0.495483
263		0.495483
263.1		0.495949
263.2		0.495949
263.3		0.495949
263.4		0.495949
263.5		0.495949
263.6		0.495949
263.7		0.495949
263.8		0.495949
263.9		0.495949
264		0.495949
264.1		0.499641
264.2		0.499641
264.3		0.499641
264.4		0.499641
264.5		0.499641
264.6		0.499641
264.7		0.499641
264.8		0.499641
264.9		0.499641
265		0.499641
265.1		0.502725
265.2		0.502725
265.3		0.502725
265.4		0.502725
265.5		0.502725
265.6		0.502725
265.7		0.502725
265.8		0.502725
265.9		0.502725
266		0.502725
266.1		0.504194
266.2		0.504194
266.3		0.504194
266.4		0.504194
266.5		0.504194
266.6		0.504194
266.7		0.504194
266.8		0.504194
266.9		0.504194
267		0.504194
267.1		0.505234
267.2		0.505234
267.3		0.505234
267.4		0.505234
267.5		0.505234
267.6		0.505234
267.7		0.505234
267.8		0.505234
267.9		0.505234
268		0.505234
268.1		0.505449
268.2		0.505449
268.3		0.505449
268.4		0.505449
268.5		0.505449
268.6		0.505449
268.7		0.505449
268.8		0.505449
268.9		0.505449
269		0.505449
269.1		0.510898
269.2		0.510898
269.3		0.510898
269.4		0.510898
269.5		0.510898
269.6		0.510898
269.7		0.510898
269.8		0.510898
269.9		0.510898
270		0.510898
270.1		0.511329
270.2		0.511329
270.3		0.511329
270.4		0.511329
270.5		0.511329
270.6		0.511329
270.7		0.511329
270.8		0.511329
270.9		0.511329
271		0.511329
271.1		0.51477
271.2		0.51477
271.3		0.51477
271.4		0.51477
271.5		0.51477
271.6		0.51477
271.7		0.51477
271.8		0.51477
271.9		0.51477
272		0.51477
272.1		0.514914
272.2		0.514914
272.3		0.514914
272.4		0.514914
272.5		0.514914
272.6		0.514914
272.7		0.514914
272.8		0.514914
272.9		0.514914
273		0.514914
273.1		0.515057
273.2		0.515057
273.3		0.515057
273.4		0.515057
273.5		0.515057
273.6		0.515057
273.7		0.515057
273.8		0.515057
273.9		0.515057
274		0.515057
274.1		0.519395
274.2		0.519395
274.3		0.519395
274.4		0.519395
274.5		0.519395
274.6		0.519395
274.7		0.519395
274.8		0.519395
274.9		0.519395
275		0.519395
275.1		0.520506
275.2		0.520506
275.3		0.520506
275.4		0.520506
275.5		0.520506
275.6		0.520506
275.7		0.520506
275.8		0.520506
275.9		0.520506
276		0.520506
276.1		0.52065
276.2		0.52065
276.3		0.52065
276.4		0.52065
276.5		0.52065
276.6		0.52065
276.7		0.52065
276.8		0.52065
276.9		0.52065
277		0.52065
277.1		0.525525
277.2		0.525525
277.3		0.525525
277.4		0.525525
277.5		0.525525
277.6		0.525525
277.7		0.525525
277.8		0.525525
277.9		0.525525
278		0.525525
278.1		0.527748
278.2		0.527748
278.3		0.527748
278.4		0.527748
278.5		0.527748
278.6		0.527748
278.7		0.527748
278.8		0.527748
278.9		0.527748
279		0.527748
279.1		0.528537
279.2		0.528537
279.3		0.528537
279.4		0.528537
279.5		0.528537
279.6		0.528537
279.7		0.528537
279.8		0.528537
279.9		0.528537
280		0.528537
280.1		0.529289
280.2		0.529289
280.3		0.529289
280.4		0.529289
280.5		0.529289
280.6		0.529289
280.7		0.529289
280.8		0.529289
280.9		0.529289
281		0.529289
281.1		0.529576
281.2		0.529576
281.3		0.529576
281.4		0.529576
281.5		0.529576
281.6		0.529576
281.7		0.529576
281.8		0.529576
281.9		0.529576
282		0.529576
282.1		0.535384
282.2		0.535384
282.3		0.535384
282.4		0.535384
282.5		0.535384
282.6		0.535384
282.7		0.535384
282.8		0.535384
282.9		0.535384
283		0.535384
283.1		0.537535
283.2		0.537535
283.3		0.537535
283.4		0.537535
283.5		0.537535
283.6		0.537535
283.7		0.537535
283.8		0.537535
283.9		0.537535
284		0.537535
284.1		0.539256
284.2		0.539256
284.3		0.539256
284.4		0.539256
284.5		0.539256
284.6		0.539256
284.7		0.539256
284.8		0.539256
284.9		0.539256
285		0.539256
285.1		0.542984
285.2		0.542984
285.3		0.542984
285.4		0.542984
285.5		0.542984
285.6		0.542984
285.7		0.542984
285.8		0.542984
285.9		0.542984
286		0.542984
286.1		0.54596
286.2		0.54596
286.3		0.54596
286.4		0.54596
286.5		0.54596
286.6		0.54596
286.7		0.54596
286.8		0.54596
286.9		0.54596
287		0.54596
287.1		0.545996
287.2		0.545996
287.3		0.545996
287.4		0.545996
287.5		0.545996
287.6		0.545996
287.7		0.545996
287.8		0.545996
287.9		0.545996
288		0.545996
288.1		0.546318
288.2		0.546318
288.3		0.546318
288.4		0.546318
288.5		0.546318
288.6		0.546318
288.7		0.546318
288.8		0.546318
288.9		0.546318
289		0.546318
289.1		0.553058
289.2		0.553058
289.3		0.553058
289.4		0.553058
289.5		0.553058
289.6		0.553058
289.7		0.553058
289.8		0.553058
289.9		0.553058
290		0.553058
290.1		0.553058
290.2		0.553058
290.3		0.553058
290.4		0.553058
290.5		0.553058
290.6		0.553058
290.7		0.553058
290.8		0.553058
290.9		0.553058
291		0.553058
291.1		0.553345
291.2		0.553345
291.3		0.553345
291.4		0.553345
291.5		0.553345
291.6		0.553345
291.7		0.553345
291.8		0.553345
291.9		0.553345
292		0.553345
292.1		0.553345
292.2		0.553345
292.3		0.553345
292.4		0.553345
292.5		0.553345
292.6		0.553345
292.7		0.553345
292.8		0.553345
292.9		0.553345
293		0.553345
293.1		0.55399
293.2		0.55399
293.3		0.55399
293.4		0.55399
293.5		0.55399
293.6		0.55399
293.7		0.55399
293.8		0.55399
293.9		0.55399
294		0.55399
294.1		0.554169
294.2		0.554169
294.3		0.554169
294.4		0.554169
294.5		0.554169
294.6		0.554169
294.7		0.554169
294.8		0.554169
294.9		0.554169
295		0.554169
295.1		0.559583
295.2		0.559583
295.3		0.559583
295.4		0.559583
295.5		0.559583
295.6		0.559583
295.7		0.559583
295.8		0.559583
295.9		0.559583
296		0.559583
296.1		0.56012
296.2		0.56012
296.3		0.56012
296.4		0.56012
296.5		0.56012
296.6		0.56012
296.7		0.56012
296.8		0.56012
296.9		0.56012
297		0.56012
297.1		0.562881
297.2		0.562881
297.3		0.562881
297.4		0.562881
297.5		0.562881
297.6		0.562881
297.7		0.562881
297.8		0.562881
297.9		0.562881
298		0.562881
298.1		0.562881
298.2		0.562881
298.3		0.562881
298.4		0.562881
298.5		0.562881
298.6		0.562881
298.7		0.562881
298.8		0.562881
298.9		0.562881
299		0.562881
299.1		0.563204
299.2		0.563204
299.3		0.563204
299.4		0.563204
299.5		0.563204
299.6		0.563204
299.7		0.563204
299.8		0.563204
299.9		0.563204
300		0.563204
300.1		0.563383
300.2		0.563383
300.3		0.563383
300.4		0.563383
300.5		0.563383
300.6		0.563383
300.7		0.563383
300.8		0.563383
300.9		0.563383
301		0.563383
301.1		0.566896
301.2		0.566896
301.3		0.566896
301.4		0.566896
301.5		0.566896
301.6		0.566896
301.7		0.566896
301.8		0.566896
301.9		0.566896
302		0.566896
302.1		0.568689
302.2		0.568689
302.3		0.568689
302.4		0.568689
302.5		0.568689
302.6		0.568689
302.7		0.568689
302.8		0.568689
302.9		0.568689
303		0.568689
303.1		0.569262
303.2		0.569262
303.3		0.569262
303.4		0.569262
303.5		0.569262
303.6		0.569262
303.7		0.569262
303.8		0.569262
303.9		0.569262
304		0.569262
304.1		0.572991
304.2		0.572991
304.3		0.572991
304.4		0.572991
304.5		0.572991
304.6		0.572991
304.7		0.572991
304.8		0.572991
304.9		0.572991
305		0.572991
305.1		0.576253
305.2		0.576253
305.3		0.576253
305.4		0.576253
305.5		0.576253
305.6		0.576253
305.7		0.576253
305.8		0.576253
305.9		0.576253
306		0.576253
306.1		0.577257
306.2		0.577257
306.3		0.577257
306.4		0.577257
306.5		0.577257
306.6		0.577257
306.7		0.577257
306.8		0.577257
306.9		0.577257
307		0.577257
307.1		0.57844
307.2		0.57844
307.3		0.57844
307.4		0.57844
307.5		0.57844
307.6		0.57844
307.7		0.57844
307.8		0.57844
307.9		0.57844
308		0.57844
308.1		0.579551
308.2		0.579551
308.3		0.579551
308.4		0.579551
308.5		0.579551
308.6		0.579551
308.7		0.579551
308.8		0.579551
308.9		0.579551
309		0.579551
309.1		0.584821
309.2		0.584821
309.3		0.584821
309.4		0.584821
309.5		0.584821
309.6		0.584821
309.7		0.584821
309.8		0.584821
309.9		0.584821
310		0.584821
310.1		0.585753
310.2		0.585753
310.3		0.585753
310.4		0.585753
310.5		0.585753
310.6		0.585753
310.7		0.585753
310.8		0.585753
310.9		0.585753
311		0.585753
311.1		0.586757
311.2		0.586757
311.3		0.586757
311.4		0.586757
311.5		0.586757
311.6		0.586757
311.7		0.586757
311.8		0.586757
311.9		0.586757
312		0.586757
312.1		0.590342
312.2		0.590342
312.3		0.590342
312.4		0.590342
312.5		0.590342
312.6		0.590342
312.7		0.590342
312.8		0.590342
312.9		0.590342
313		0.590342
313.1		0.591095
313.2		0.591095
313.3		0.591095
313.4		0.591095
313.5		0.591095
313.6		0.591095
313.7		0.591095
313.8		0.591095
313.9		0.591095
314		0.591095
314.1		0.593067
314.2		0.593067
314.3		0.593067
314.4		0.593067
314.5		0.593067
314.6		0.593067
314.7		0.593067
314.8		0.593067
314.9		0.593067
315		0.593067
315.1		0.596437
315.2		0.596437
315.3		0.596437
315.4		0.596437
315.5		0.596437
315.6		0.596437
315.7		0.596437
315.8		0.596437
315.9		0.596437
316		0.596437
316.1		0.597942
316.2		0.597942
316.3		0.597942
316.4		0.597942
316.5		0.597942
316.6		0.597942
316.7		0.597942
316.8		0.597942
316.9		0.597942
317		0.597942
317.1		0.597978
317.2		0.597978
317.3		0.597978
317.4		0.597978
317.5		0.597978
317.6		0.597978
317.7		0.597978
317.8		0.597978
317.9		0.597978
318		0.597978
318.1		0.601348
318.2		0.601348
318.3		0.601348
318.4		0.601348
318.5		0.601348
318.6		0.601348
318.7		0.601348
318.8		0.601348
318.9		0.601348
319		0.601348
319.1		0.605542
319.2		0.605542
319.3		0.605542
319.4		0.605542
319.5		0.605542
319.6		0.605542
319.7		0.605542
319.8		0.605542
319.9		0.605542
320		0.605542
320.1		0.607156
320.2		0.607156
320.3		0.607156
320.4		0.607156
320.5		0.607156
320.6		0.607156
320.7		0.607156
320.8		0.607156
320.9		0.607156
321		0.607156
321.1		0.607407
321.2		0.607407
321.3		0.607407
321.4		0.607407
321.5		0.607407
321.6		0.607407
321.7		0.607407
321.8		0.607407
321.9		0.607407
322		0.607407
322.1		0.607407
322.2		0.607407
322.3		0.607407
322.4		0.607407
322.5		0.607407
322.6		0.607407
322.7		0.607407
322.8		0.607407
322.9		0.607407
323		0.607407
323.1		0.612712
323.2		0.612712
323.3		0.612712
323.4		0.612712
323.5		0.612712
323.6		0.612712
323.7		0.612712
323.8		0.612712
323.9		0.612712
324		0.612712
324.1		0.613143
324.2		0.613143
324.3		0.613143
324.4		0.613143
324.5		0.613143
324.6		0.613143
324.7		0.613143
324.8		0.613143
324.9		0.613143
325		0.613143
325.1		0.616548
325.2		0.616548
325.3		0.616548
325.4		0.616548
325.5		0.616548
325.6		0.616548
325.7		0.616548
325.8		0.616548
325.9		0.616548
326		0.616548
326.1		0.617301
326.2		0.617301
326.3		0.617301
326.4		0.617301
326.5		0.617301
326.6		0.617301
326.7		0.617301
326.8		0.617301
326.9		0.617301
327		0.617301
327.1		0.619273
327.2		0.619273
327.3		0.619273
327.4		0.619273
327.5		0.619273
327.6		0.619273
327.7		0.619273
327.8		0.619273
327.9		0.619273
328		0.619273
328.1		0.61999
328.2		0.61999
328.3		0.61999
328.4		0.61999
328.5		0.61999
328.6		0.61999
328.7		0.61999
328.8		0.61999
328.9		0.61999
329		0.61999
329.1		0.62336
329.2		0.62336
329.3		0.62336
329.4		0.62336
329.5		0.62336
329.6		0.62336
329.7		0.62336
329.8		0.62336
329.9		0.62336
330		0.62336
330.1		0.625511
330.2		0.625511
330.3		0.625511
330.4		0.625511
330.5		0.625511
330.6		0.625511
330.7		0.625511
330.8		0.625511
330.9		0.625511
331		0.625511
331.1		0.629347
331.2		0.629347
331.3		0.629347
331.4		0.629347
331.5		0.629347
331.6		0.629347
331.7		0.629347
331.8		0.629347
331.9		0.629347
332		0.629347
332.1		0.62992
332.2		0.62992
332.3		0.62992
332.4		0.62992
332.5		0.62992
332.6		0.62992
332.7		0.62992
332.8		0.62992
332.9		0.62992
333		0.62992
333.1		0.631426
333.2		0.631426
333.3		0.631426
333.4		0.631426
333.5		0.631426
333.6		0.631426
333.7		0.631426
333.8		0.631426
333.9		0.631426
334		0.631426
334.1		0.63157
334.2		0.63157
334.3		0.63157
334.4		0.63157
334.5		0.63157
334.6		0.63157
334.7		0.63157
334.8		0.63157
334.9		0.63157
335		0.63157
335.1		0.634724
335.2		0.634724
335.3		0.634724
335.4		0.634724
335.5		0.634724
335.6		0.634724
335.7		0.634724
335.8		0.634724
335.9		0.634724
336		0.634724
336.1		0.63666
336.2		0.63666
336.3		0.63666
336.4		0.63666
336.5		0.63666
336.6		0.63666
336.7		0.63666
336.8		0.63666
336.9		0.63666
337		0.63666
337.1		0.641357
337.2		0.641357
337.3		0.641357
337.4		0.641357
337.5		0.641357
337.6		0.641357
337.7		0.641357
337.8		0.641357
337.9		0.641357
338		0.641357
338.1		0.641536
338.2		0.641536
338.3		0.641536
338.4		0.641536
338.5		0.641536
338.6		0.641536
338.7		0.641536
338.8		0.641536
338.9		0.641536
339		0.641536
339.1		0.643687
339.2		0.643687
339.3		0.643687
339.4		0.643687
339.5		0.643687
339.6		0.643687
339.7		0.643687
339.8		0.643687
339.9		0.643687
340		0.643687
340.1		0.645228
340.2		0.645228
340.3		0.645228
340.4		0.645228
340.5		0.645228
340.6		0.645228
340.7		0.645228
340.8		0.645228
340.9		0.645228
341		0.645228
341.1		0.645981
341.2		0.645981
341.3		0.645981
341.4		0.645981
341.5		0.645981
341.6		0.645981
341.7		0.645981
341.8		0.645981
341.9		0.645981
342		0.645981
342.1		0.646125
342.2		0.646125
342.3		0.646125
342.4		0.646125
342.5		0.646125
342.6		0.646125
342.7		0.646125
342.8		0.646125
342.9		0.646125
343		0.646125
343.1		0.652864
343.2		0.652864
343.3		0.652864
343.4		0.652864
343.5		0.652864
343.6		0.652864
343.7		0.652864
343.8		0.652864
343.9		0.652864
344		0.652864
344.1		0.654693
344.2		0.654693
344.3		0.654693
344.4		0.654693
344.5		0.654693
344.6		0.654693
344.7		0.654693
344.8		0.654693
344.9		0.654693
345		0.654693
345.1		0.655087
345.2		0.655087
345.3		0.655087
345.4		0.655087
345.5		0.655087
345.6		0.655087
345.7		0.655087
345.8		0.655087
345.9		0.655087
346		0.655087
346.1		0.655661
346.2		0.655661
346.3		0.655661
346.4		0.655661
346.5		0.655661
346.6		0.655661
346.7		0.655661
346.8		0.655661
346.9		0.655661
347		0.655661
347.1		0.665914
347.2		0.665914
347.3		0.665914
347.4		0.665914
347.5		0.665914
347.6		0.665914
347.7		0.665914
347.8		0.665914
347.9		0.665914
348		0.665914
348.1		0.666595
348.2		0.666595
348.3		0.666595
348.4		0.666595
348.5		0.666595
348.6		0.666595
348.7		0.666595
348.8		0.666595
348.9		0.666595
349		0.666595
349.1		0.668208
349.2		0.668208
349.3		0.668208
349.4		0.668208
349.5		0.668208
349.6		0.668208
349.7		0.668208
349.8		0.668208
349.9		0.668208
350		0.668208
350.1		0.669929
350.2		0.669929
350.3		0.669929
350.4		0.669929
350.5		0.669929
350.6		0.669929
350.7		0.669929
350.8		0.669929
350.9		0.669929
351		0.669929
351.1		0.671327
351.2		0.671327
351.3		0.671327
351.4		0.671327
351.5		0.671327
351.6		0.671327
351.7		0.671327
351.8		0.671327
351.9		0.671327
352		0.671327
352.1		0.67588
352.2		0.67588
352.3		0.67588
352.4		0.67588
352.5		0.67588
352.6		0.67588
352.7		0.67588
352.8		0.67588
352.9		0.67588
353		0.67588
353.1		0.676454
353.2		0.676454
353.3		0.676454
353.4		0.676454
353.5		0.676454
353.6		0.676454
353.7		0.676454
353.8		0.676454
353.9		0.676454
354		0.676454
354.1		0.677422
354.2		0.677422
354.3		0.677422
354.4		0.677422
354.5		0.677422
354.6		0.677422
354.7		0.677422
354.8		0.677422
354.9		0.677422
355		0.677422
355.1		0.677422
355.2		0.677422
355.3		0.677422
355.4		0.677422
355.5		0.677422
355.6		0.677422
355.7		0.677422
355.8		0.677422
355.9		0.677422
356		0.677422
356.1		0.678856
356.2		0.678856
356.3		0.678856
356.4		0.678856
356.5		0.678856
356.6		0.678856
356.7		0.678856
356.8		0.678856
356.9		0.678856
357		0.678856
357.1		0.678856
357.2		0.678856
357.3		0.678856
357.4		0.678856
357.5		0.678856
357.6		0.678856
357.7		0.678856
357.8		0.678856
357.9		0.678856
358		0.678856
358.1		0.681078
358.2		0.681078
358.3		0.681078
358.4		0.681078
358.5		0.681078
358.6		0.681078
358.7		0.681078
358.8		0.681078
358.9		0.681078
359		0.681078
359.1		0.686384
359.2		0.686384
359.3		0.686384
359.4		0.686384
359.5		0.686384
359.6		0.686384
359.7		0.686384
359.8		0.686384
359.9		0.686384
360		0.686384
360.1		0.686384
360.2		0.686384
360.3		0.686384
360.4		0.686384
360.5		0.686384
360.6		0.686384
360.7		0.686384
360.8		0.686384
360.9		0.686384
361		0.686384
361.1		0.687962
361.2		0.687962
361.3		0.687962
361.4		0.687962
361.5		0.687962
361.6		0.687962
361.7		0.687962
361.8		0.687962
361.9		0.687962
362		0.687962
362.1		0.688177
362.2		0.688177
362.3		0.688177
362.4		0.688177
362.5		0.688177
362.6		0.688177
362.7		0.688177
362.8		0.688177
362.9		0.688177
363		0.688177
363.1		0.692084
363.2		0.692084
363.3		0.692084
363.4		0.692084
363.5		0.692084
363.6		0.692084
363.7		0.692084
363.8		0.692084
363.9		0.692084
364		0.692084
364.1		0.692335
364.2		0.692335
364.3		0.692335
364.4		0.692335
364.5		0.692335
364.6		0.692335
364.7		0.692335
364.8		0.692335
364.9		0.692335
365		0.692335
365.1		0.693303
365.2		0.693303
365.3		0.693303
365.4		0.693303
365.5		0.693303
365.6		0.693303
365.7		0.693303
365.8		0.693303
365.9		0.693303
366		0.693303
366.1		0.697498
366.2		0.697498
366.3		0.697498
366.4		0.697498
366.5		0.697498
366.6		0.697498
366.7		0.697498
366.8		0.697498
366.9		0.697498
367		0.697498
367.1		0.698466
367.2		0.698466
367.3		0.698466
367.4		0.698466
367.5		0.698466
367.6		0.698466
367.7		0.698466
367.8		0.698466
367.9		0.698466
368		0.698466
368.1		0.701334
368.2		0.701334
368.3		0.701334
368.4		0.701334
368.5		0.701334
368.6		0.701334
368.7		0.701334
368.8		0.701334
368.9		0.701334
369		0.701334
369.1		0.701692
369.2		0.701692
369.3		0.701692
369.4		0.701692
369.5		0.701692
369.6		0.701692
369.7		0.701692
369.8		0.701692
369.9		0.701692
370		0.701692
370.1		0.703341
370.2		0.703341
370.3		0.703341
370.4		0.703341
370.5		0.703341
370.6		0.703341
370.7		0.703341
370.8		0.703341
370.9		0.703341
371		0.703341
371.1		0.706138
371.2		0.706138
371.3		0.706138
371.4		0.706138
371.5		0.706138
371.6		0.706138
371.7		0.706138
371.8		0.706138
371.9		0.706138
372		0.706138
372.1		0.708719
372.2		0.708719
372.3		0.708719
372.4		0.708719
372.5		0.708719
372.6		0.708719
372.7		0.708719
372.8		0.708719
372.9		0.708719
373		0.708719
373.1		0.710189
373.2		0.710189
373.3		0.710189
373.4		0.710189
373.5		0.710189
373.6		0.710189
373.7		0.710189
373.8		0.710189
373.9		0.710189
374		0.710189
374.1		0.711121
374.2		0.711121
374.3		0.711121
374.4		0.711121
374.5		0.711121
374.6		0.711121
374.7		0.711121
374.8		0.711121
374.9		0.711121
375		0.711121
375.1		0.712841
375.2		0.712841
375.3		0.712841
375.4		0.712841
375.5		0.712841
375.6		0.712841
375.7		0.712841
375.8		0.712841
375.9		0.712841
376		0.712841
376.1		0.715709
376.2		0.715709
376.3		0.715709
376.4		0.715709
376.5		0.715709
376.6		0.715709
376.7		0.715709
376.8		0.715709
376.9		0.715709
377		0.715709
377.1		0.718147
377.2		0.718147
377.3		0.718147
377.4		0.718147
377.5		0.718147
377.6		0.718147
377.7		0.718147
377.8		0.718147
377.9		0.718147
378		0.718147
378.1		0.719796
378.2		0.719796
378.3		0.719796
378.4		0.719796
378.5		0.719796
378.6		0.719796
378.7		0.719796
378.8		0.719796
378.9		0.719796
379		0.719796
379.1		0.720728
379.2		0.720728
379.3		0.720728
379.4		0.720728
379.5		0.720728
379.6		0.720728
379.7		0.720728
379.8		0.720728
379.9		0.720728
380		0.720728
380.1		0.721732
380.2		0.721732
380.3		0.721732
380.4		0.721732
380.5		0.721732
380.6		0.721732
380.7		0.721732
380.8		0.721732
380.9		0.721732
381		0.721732
381.1		0.722449
381.2		0.722449
381.3		0.722449
381.4		0.722449
381.5		0.722449
381.6		0.722449
381.7		0.722449
381.8		0.722449
381.9		0.722449
382		0.722449
382.1		0.728795
382.2		0.728795
382.3		0.728795
382.4		0.728795
382.5		0.728795
382.6		0.728795
382.7		0.728795
382.8		0.728795
382.9		0.728795
383		0.728795
383.1		0.729082
383.2		0.729082
383.3		0.729082
383.4		0.729082
383.5		0.729082
383.6		0.729082
383.7		0.729082
383.8		0.729082
383.9		0.729082
384		0.729082
384.1		0.729189
384.2		0.729189
384.3		0.729189
384.4		0.729189
384.5		0.729189
384.6		0.729189
384.7		0.729189
384.8		0.729189
384.9		0.729189
385		0.729189
385.1		0.729655
385.2		0.729655
385.3		0.729655
385.4		0.729655
385.5		0.729655
385.6		0.729655
385.7		0.729655
385.8		0.729655
385.9		0.729655
386		0.729655
386.1		0.735893
386.2		0.735893
386.3		0.735893
386.4		0.735893
386.5		0.735893
386.6		0.735893
386.7		0.735893
386.8		0.735893
386.9		0.735893
387		0.735893
387.1		0.737686
387.2		0.737686
387.3		0.737686
387.4		0.737686
387.5		0.737686
387.6		0.737686
387.7		0.737686
387.8		0.737686
387.9		0.737686
388		0.737686
388.1		0.740303
388.2		0.740303
388.3		0.740303
388.4		0.740303
388.5		0.740303
388.6		0.740303
388.7		0.740303
388.8		0.740303
388.9		0.740303
389		0.740303
389.1		0.740518
389.2		0.740518
389.3		0.740518
389.4		0.740518
389.5		0.740518
389.6		0.740518
389.7		0.740518
389.8		0.740518
389.9		0.740518
390		0.740518
390.1		0.740733
390.2		0.740733
390.3		0.740733
390.4		0.740733
390.5		0.740733
390.6		0.740733
390.7		0.740733
390.8		0.740733
390.9		0.740733
391		0.740733
391.1		0.743995
391.2		0.743995
391.3		0.743995
391.4		0.743995
391.5		0.743995
391.6		0.743995
391.7		0.743995
391.8		0.743995
391.9		0.743995
392		0.743995
392.1		0.745823
392.2		0.745823
392.3		0.745823
392.4		0.745823
392.5		0.745823
392.6		0.745823
392.7		0.745823
392.8		0.745823
392.9		0.745823
393		0.745823
393.1		0.747293
393.2		0.747293
393.3		0.747293
393.4		0.747293
393.5		0.747293
393.6		0.747293
393.7		0.747293
393.8		0.747293
393.9		0.747293
394		0.747293
394.1		0.751667
394.2		0.751667
394.3		0.751667
394.4		0.751667
394.5		0.751667
394.6		0.751667
394.7		0.751667
394.8		0.751667
394.9		0.751667
395		0.751667
395.1		0.75199
395.2		0.75199
395.3		0.75199
395.4		0.75199
395.5		0.75199
395.6		0.75199
395.7		0.75199
395.8		0.75199
395.9		0.75199
396		0.75199
396.1		0.754571
396.2		0.754571
396.3		0.754571
396.4		0.754571
396.5		0.754571
396.6		0.754571
396.7		0.754571
396.8		0.754571
396.9		0.754571
397		0.754571
397.1		0.755073
397.2		0.755073
397.3		0.755073
397.4		0.755073
397.5		0.755073
397.6		0.755073
397.7		0.755073
397.8		0.755073
397.9		0.755073
398		0.755073
398.1		0.75812
398.2		0.75812
398.3		0.75812
398.4		0.75812
398.5		0.75812
398.6		0.75812
398.7		0.75812
398.8		0.75812
398.9		0.75812
399		0.75812
399.1		0.761597
399.2		0.761597
399.3		0.761597
399.4		0.761597
399.5		0.761597
399.6		0.761597
399.7		0.761597
399.8		0.761597
399.9		0.761597
400		0.761597
400.1		0.762028
400.2		0.762028
400.3		0.762028
400.4		0.762028
400.5		0.762028
400.6		0.762028
400.7		0.762028
400.8		0.762028
400.9		0.762028
401		0.762028
401.1		0.765899
401.2		0.765899
401.3		0.765899
401.4		0.765899
401.5		0.765899
401.6		0.765899
401.7		0.765899
401.8		0.765899
401.9		0.765899
402		0.765899
402.1		0.76615
402.2		0.76615
402.3		0.76615
402.4		0.76615
402.5		0.76615
402.6		0.76615
402.7		0.76615
402.8		0.76615
402.9		0.76615
403		0.76615
403.1		0.768732
403.2		0.768732
403.3		0.768732
403.4		0.768732
403.5		0.768732
403.6		0.768732
403.7		0.768732
403.8		0.768732
403.9		0.768732
404		0.768732
404.1		0.768983
404.2		0.768983
404.3		0.768983
404.4		0.768983
404.5		0.768983
404.6		0.768983
404.7		0.768983
404.8		0.768983
404.9		0.768983
405		0.768983
405.1		0.772388
405.2		0.772388
405.3		0.772388
405.4		0.772388
405.5		0.772388
405.6		0.772388
405.7		0.772388
405.8		0.772388
405.9		0.772388
406		0.772388
406.1		0.775256
406.2		0.775256
406.3		0.775256
406.4		0.775256
406.5		0.775256
406.6		0.775256
406.7		0.775256
406.8		0.775256
406.9		0.775256
407		0.775256
407.1		0.77626
407.2		0.77626
407.3		0.77626
407.4		0.77626
407.5		0.77626
407.6		0.77626
407.7		0.77626
407.8		0.77626
407.9		0.77626
408		0.77626
408.1		0.779451
408.2		0.779451
408.3		0.779451
408.4		0.779451
408.5		0.779451
408.6		0.779451
408.7		0.779451
408.8		0.779451
408.9		0.779451
409		0.779451
409.1		0.782175
409.2		0.782175
409.3		0.782175
409.4		0.782175
409.5		0.782175
409.6		0.782175
409.7		0.782175
409.8		0.782175
409.9		0.782175
410		0.782175
410.1		0.783072
410.2		0.783072
410.3		0.783072
410.4		0.783072
410.5		0.783072
410.6		0.783072
410.7		0.783072
410.8		0.783072
410.9		0.783072
411		0.783072
411.1		0.785689
411.2		0.785689
411.3		0.785689
411.4		0.785689
411.5		0.785689
411.6		0.785689
411.7		0.785689
411.8		0.785689
411.9		0.785689
412		0.785689
412.1		0.785725
412.2		0.785725
412.3		0.785725
412.4		0.785725
412.5		0.785725
412.6		0.785725
412.7		0.785725
412.8		0.785725
412.9		0.785725
413		0.785725
413.1		0.786262
413.2		0.786262
413.3		0.786262
413.4		0.786262
413.5		0.786262
413.6		0.786262
413.7		0.786262
413.8		0.786262
413.9		0.786262
414		0.786262
414.1		0.792536
414.2		0.792536
414.3		0.792536
414.4		0.792536
414.5		0.792536
414.6		0.792536
414.7		0.792536
414.8		0.792536
414.9		0.792536
415		0.792536
415.1		0.794436
415.2		0.794436
415.3		0.794436
415.4		0.794436
415.5		0.794436
415.6		0.794436
415.7		0.794436
415.8		0.794436
415.9		0.794436
416		0.794436
416.1		0.795332
416.2		0.795332
416.3		0.795332
416.4		0.795332
416.5		0.795332
416.6		0.795332
416.7		0.795332
416.8		0.795332
416.9		0.795332
417		0.795332
417.1		0.79734
417.2		0.79734
417.3		0.79734
417.4		0.79734
417.5		0.79734
417.6		0.79734
417.7		0.79734
417.8		0.79734
417.9		0.79734
418		0.79734
418.1		0.797591
418.2		0.797591
418.3		0.797591
418.4		0.797591
418.5		0.797591
418.6		0.797591
418.7		0.797591
418.8		0.797591
418.9		0.797591
419		0.797591
419.1		0.798021
419.2		0.798021
419.3		0.798021
419.4		0.798021
419.5		0.798021
419.6		0.798021
419.7		0.798021
419.8		0.798021
419.9		0.798021
420		0.798021
420.1		0.804044
420.2		0.804044
420.3		0.804044
420.4		0.804044
420.5		0.804044
420.6		0.804044
420.7		0.804044
420.8		0.804044
420.9		0.804044
421		0.804044
421.1		0.808776
421.2		0.808776
421.3		0.808776
421.4		0.808776
421.5		0.808776
421.6		0.808776
421.7		0.808776
421.8		0.808776
421.9		0.808776
422		0.808776
422.1		0.809135
422.2		0.809135
422.3		0.809135
422.4		0.809135
422.5		0.809135
422.6		0.809135
422.7		0.809135
422.8		0.809135
422.9		0.809135
423		0.809135
423.1		0.809206
423.2		0.809206
423.3		0.809206
423.4		0.809206
423.5		0.809206
423.6		0.809206
423.7		0.809206
423.8		0.809206
423.9		0.809206
424		0.809206
424.1		0.811537
424.2		0.811537
424.3		0.811537
424.4		0.811537
424.5		0.811537
424.6		0.811537
424.7		0.811537
424.8		0.811537
424.9		0.811537
425		0.811537
425.1		0.813795
425.2		0.813795
425.3		0.813795
425.4		0.813795
425.5		0.813795
425.6		0.813795
425.7		0.813795
425.8		0.813795
425.9		0.813795
426		0.813795
426.1		0.814906
426.2		0.814906
426.3		0.814906
426.4		0.814906
426.5		0.814906
426.6		0.814906
426.7		0.814906
426.8		0.814906
426.9		0.814906
427		0.814906
427.1		0.820284
427.2		0.820284
427.3		0.820284
427.4		0.820284
427.5		0.820284
427.6		0.820284
427.7		0.820284
427.8		0.820284
427.9		0.820284
428		0.820284
428.1		0.823475
428.2		0.823475
428.3		0.823475
428.4		0.823475
428.5		0.823475
428.6		0.823475
428.7		0.823475
428.8		0.823475
428.9		0.823475
429		0.823475
429.1		0.824156
429.2		0.824156
429.3		0.824156
429.4		0.824156
429.5		0.824156
429.6		0.824156
429.7		0.824156
429.8		0.824156
429.9		0.824156
430		0.824156
430.1		0.82455
430.2		0.82455
430.3		0.82455
430.4		0.82455
430.5		0.82455
430.6		0.82455
430.7		0.82455
430.8		0.82455
430.9		0.82455
431		0.82455
431.1		0.826271
431.2		0.826271
431.3		0.826271
431.4		0.826271
431.5		0.826271
431.6		0.826271
431.7		0.826271
431.8		0.826271
431.9		0.826271
432		0.826271
432.1		0.830286
432.2		0.830286
432.3		0.830286
432.4		0.830286
432.5		0.830286
432.6		0.830286
432.7		0.830286
432.8		0.830286
432.9		0.830286
433		0.830286
433.1		0.834086
433.2		0.834086
433.3		0.834086
433.4		0.834086
433.5		0.834086
433.6		0.834086
433.7		0.834086
433.8		0.834086
433.9		0.834086
434		0.834086
434.1		0.834373
434.2		0.834373
434.3		0.834373
434.4		0.834373
434.5		0.834373
434.6		0.834373
434.7		0.834373
434.8		0.834373
434.9		0.834373
435		0.834373
435.1		0.834731
435.2		0.834731
435.3		0.834731
435.4		0.834731
435.5		0.834731
435.6		0.834731
435.7		0.834731
435.8		0.834731
435.9		0.834731
436		0.834731
436.1		0.835233
436.2		0.835233
436.3		0.835233
436.4		0.835233
436.5		0.835233
436.6		0.835233
436.7		0.835233
436.8		0.835233
436.9		0.835233
437		0.835233
437.1		0.83785
437.2		0.83785
437.3		0.83785
437.4		0.83785
437.5		0.83785
437.6		0.83785
437.7		0.83785
437.8		0.83785
437.9		0.83785
438		0.83785
438.1		0.841256
438.2		0.841256
438.3		0.841256
438.4		0.841256
438.5		0.841256
438.6		0.841256
438.7		0.841256
438.8		0.841256
438.9		0.841256
439		0.841256
439.1		0.843658
439.2		0.843658
439.3		0.843658
439.4		0.843658
439.5		0.843658
439.6		0.843658
439.7		0.843658
439.8		0.843658
439.9		0.843658
440		0.843658
440.1		0.844232
440.2		0.844232
440.3		0.844232
440.4		0.844232
440.5		0.844232
440.6		0.844232
440.7		0.844232
440.8		0.844232
440.9		0.844232
441		0.844232
441.1		0.846419
441.2		0.846419
441.3		0.846419
441.4		0.846419
441.5		0.846419
441.6		0.846419
441.7		0.846419
441.8		0.846419
441.9		0.846419
442		0.846419
442.1		0.849788
442.2		0.849788
442.3		0.849788
442.4		0.849788
442.5		0.849788
442.6		0.849788
442.7		0.849788
442.8		0.849788
442.9		0.849788
443		0.849788
443.1		0.851402
443.2		0.851402
443.3		0.851402
443.4		0.851402
443.5		0.851402
443.6		0.851402
443.7		0.851402
443.8		0.851402
443.9		0.851402
444		0.851402
444.1		0.852692
444.2		0.852692
444.3		0.852692
444.4		0.852692
444.5		0.852692
444.6		0.852692
444.7		0.852692
444.8		0.852692
444.9		0.852692
445		0.852692
445.1		0.856277
445.2		0.856277
445.3		0.856277
445.4		0.856277
445.5		0.856277
445.6		0.856277
445.7		0.856277
445.8		0.856277
445.9		0.856277
446		0.856277
446.1		0.857855
446.2		0.857855
446.3		0.857855
446.4		0.857855
446.5		0.857855
446.6		0.857855
446.7		0.857855
446.8		0.857855
446.9		0.857855
447		0.857855
447.1		0.86144
447.2		0.86144
447.3		0.86144
447.4		0.86144
447.5		0.86144
447.6		0.86144
447.7		0.86144
447.8		0.86144
447.9		0.86144
448		0.86144
448.1		0.861798
448.2		0.861798
448.3		0.861798
448.4		0.861798
448.5		0.861798
448.6		0.861798
448.7		0.861798
448.8		0.861798
448.9		0.861798
449		0.861798
449.1		0.862623
449.2		0.862623
449.3		0.862623
449.4		0.862623
449.5		0.862623
449.6		0.862623
449.7		0.862623
449.8		0.862623
449.9		0.862623
450		0.862623
450.1		0.866064
450.2		0.866064
450.3		0.866064
450.4		0.866064
450.5		0.866064
450.6		0.866064
450.7		0.866064
450.8		0.866064
450.9		0.866064
451		0.866064
451.1		0.867642
451.2		0.867642
451.3		0.867642
451.4		0.867642
451.5		0.867642
451.6		0.867642
451.7		0.867642
451.8		0.867642
451.9		0.867642
452		0.867642
452.1		0.867785
452.2		0.867785
452.3		0.867785
452.4		0.867785
452.5		0.867785
452.6		0.867785
452.7		0.867785
452.8		0.867785
452.9		0.867785
453		0.867785
453.1		0.872446
453.2		0.872446
453.3		0.872446
453.4		0.872446
453.5		0.872446
453.6		0.872446
453.7		0.872446
453.8		0.872446
453.9		0.872446
454		0.872446
454.1		0.874382
454.2		0.874382
454.3		0.874382
454.4		0.874382
454.5		0.874382
454.6		0.874382
454.7		0.874382
454.8		0.874382
454.9		0.874382
455		0.874382
455.1		0.875099
455.2		0.875099
455.3		0.875099
455.4		0.875099
455.5		0.875099
455.6		0.875099
455.7		0.875099
455.8		0.875099
455.9		0.875099
456		0.875099
456.1		0.877931
456.2		0.877931
456.3		0.877931
456.4		0.877931
456.5		0.877931
456.6		0.877931
456.7		0.877931
456.8		0.877931
456.9		0.877931
457		0.877931
457.1		0.878648
457.2		0.878648
457.3		0.878648
457.4		0.878648
457.5		0.878648
457.6		0.878648
457.7		0.878648
457.8		0.878648
457.9		0.878648
458		0.878648
458.1		0.880799
458.2		0.880799
458.3		0.880799
458.4		0.880799
458.5		0.880799
458.6		0.880799
458.7		0.880799
458.8		0.880799
458.9		0.880799
459		0.880799
459.1		0.883882
459.2		0.883882
459.3		0.883882
459.4		0.883882
459.5		0.883882
459.6		0.883882
459.7		0.883882
459.8		0.883882
459.9		0.883882
460		0.883882
460.1		0.885495
460.2		0.885495
460.3		0.885495
460.4		0.885495
460.5		0.885495
460.6		0.885495
460.7		0.885495
460.8		0.885495
460.9		0.885495
461		0.885495
461.1		0.886678
461.2		0.886678
461.3		0.886678
461.4		0.886678
461.5		0.886678
461.6		0.886678
461.7		0.886678
461.8		0.886678
461.9		0.886678
462		0.886678
462.1		0.891697
462.2		0.891697
462.3		0.891697
462.4		0.891697
462.5		0.891697
462.6		0.891697
462.7		0.891697
462.8		0.891697
462.9		0.891697
463		0.891697
463.1		0.891876
463.2		0.891876
463.3		0.891876
463.4		0.891876
463.5		0.891876
463.6		0.891876
463.7		0.891876
463.8		0.891876
463.9		0.891876
464		0.891876
464.1		0.893812
464.2		0.893812
464.3		0.893812
464.4		0.893812
464.5		0.893812
464.6		0.893812
464.7		0.893812
464.8		0.893812
464.9		0.893812
465		0.893812
465.1		0.894816
465.2		0.894816
465.3		0.894816
465.4		0.894816
465.5		0.894816
465.6		0.894816
465.7		0.894816
465.8		0.894816
465.9		0.894816
466		0.894816
466.1		0.897039
466.2		0.897039
466.3		0.897039
466.4		0.897039
466.5		0.897039
466.6		0.897039
466.7		0.897039
466.8		0.897039
466.9		0.897039
467		0.897039
467.1		0.900767
467.2		0.900767
467.3		0.900767
467.4		0.900767
467.5		0.900767
467.6		0.900767
467.7		0.900767
467.8		0.900767
467.9		0.900767
468		0.900767
468.1		0.90152
468.2		0.90152
468.3		0.90152
468.4		0.90152
468.5		0.90152
468.6		0.90152
468.7		0.90152
468.8		0.90152
468.9		0.90152
469		0.90152
469.1		0.902237
469.2		0.902237
469.3		0.902237
469.4		0.902237
469.5		0.902237
469.6		0.902237
469.7		0.902237
469.8		0.902237
469.9		0.902237
470		0.902237
470.1		0.904997
470.2		0.904997
470.3		0.904997
470.4		0.904997
470.5		0.904997
470.6		0.904997
470.7		0.904997
470.8		0.904997
470.9		0.904997
471		0.904997
471.1		0.906001
471.2		0.906001
471.3		0.906001
471.4		0.906001
471.5		0.906001
471.6		0.906001
471.7		0.906001
471.8		0.906001
471.9		0.906001
472		0.906001
472.1		0.910949
472.2		0.910949
472.3		0.910949
472.4		0.910949
472.5		0.910949
472.6		0.910949
472.7		0.910949
472.8		0.910949
472.9		0.910949
473		0.910949
473.1		0.912598
473.2		0.912598
473.3		0.912598
473.4		0.912598
473.5		0.912598
473.6		0.912598
473.7		0.912598
473.8		0.912598
473.9		0.912598
474		0.912598
474.1		0.912992
474.2		0.912992
474.3		0.912992
474.4		0.912992
474.5		0.912992
474.6		0.912992
474.7		0.912992
474.8		0.912992
474.9		0.912992
475		0.912992
475.1		0.914247
475.2		0.914247
475.3		0.914247
475.4		0.914247
475.5		0.914247
475.6		0.914247
475.7		0.914247
475.8		0.914247
475.9		0.914247
476		0.914247
476.1		0.91923
476.2		0.91923
476.3		0.91923
476.4		0.91923
476.5		0.91923
476.6		0.91923
476.7		0.91923
476.8		0.91923
476.9		0.91923
477		0.91923
477.1		0.919911
477.2		0.919911
477.3		0.919911
477.4		0.919911
477.5		0.919911
477.6		0.919911
477.7		0.919911
477.8		0.919911
477.9		0.919911
478		0.919911
478.1		0.924464
478.2		0.924464
478.3		0.924464
478.4		0.924464
478.5		0.924464
478.6		0.924464
478.7		0.924464
478.8		0.924464
478.9		0.924464
479		0.924464
479.1		0.925073
479.2		0.925073
479.3		0.925073
479.4		0.925073
479.5		0.925073
479.6		0.925073
479.7		0.925073
479.8		0.925073
479.9		0.925073
480		0.925073
480.1		0.927045
480.2		0.927045
480.3		0.927045
480.4		0.927045
480.5		0.927045
480.6		0.927045
480.7		0.927045
480.8		0.927045
480.9		0.927045
481		0.927045
481.1		0.927547
481.2		0.927547
481.3		0.927547
481.4		0.927547
481.5		0.927547
481.6		0.927547
481.7		0.927547
481.8		0.927547
481.9		0.927547
482		0.927547
482.1		0.929232
482.2		0.929232
482.3		0.929232
482.4		0.929232
482.5		0.929232
482.6		0.929232
482.7		0.929232
482.8		0.929232
482.9		0.929232
483		0.929232
483.1		0.929662
483.2		0.929662
483.3		0.929662
483.4		0.929662
483.5		0.929662
483.6		0.929662
483.7		0.929662
483.8		0.929662
483.9		0.929662
484		0.929662
484.1		0.937513
484.2		0.937513
484.3		0.937513
484.4		0.937513
484.5		0.937513
484.6		0.937513
484.7		0.937513
484.8		0.937513
484.9		0.937513
485		0.937513
485.1		0.941206
485.2		0.941206
485.3		0.941206
485.4		0.941206
485.5		0.941206
485.6		0.941206
485.7		0.941206
485.8		0.941206
485.9		0.941206
486		0.941206
486.1		0.941529
486.2		0.941529
486.3		0.941529
486.4		0.941529
486.5		0.941529
486.6		0.941529
486.7		0.941529
486.8		0.941529
486.9		0.941529
487		0.941529
487.1		0.942066
487.2		0.942066
487.3		0.942066
487.4		0.942066
487.5		0.942066
487.6		0.942066
487.7		0.942066
487.8		0.942066
487.9		0.942066
488		0.942066
488.1		0.946548
488.2		0.946548
488.3		0.946548
488.4		0.946548
488.5		0.946548
488.6		0.946548
488.7		0.946548
488.8		0.946548
488.9		0.946548
489		0.946548
489.1		0.948555
489.2		0.948555
489.3		0.948555
489.4		0.948555
489.5		0.948555
489.6		0.948555
489.7		0.948555
489.8		0.948555
489.9		0.948555
490		0.948555
490.1		0.950061
490.2		0.950061
490.3		0.950061
490.4		0.950061
490.5		0.950061
490.6		0.950061
490.7		0.950061
490.8		0.950061
490.9		0.950061
491		0.950061
491.1		0.953144
491.2		0.953144
491.3		0.953144
491.4		0.953144
491.5		0.953144
491.6		0.953144
491.7		0.953144
491.8		0.953144
491.9		0.953144
492		0.953144
492.1		0.953323
492.2		0.953323
492.3		0.953323
492.4		0.953323
492.5		0.953323
492.6		0.953323
492.7		0.953323
492.8		0.953323
492.9		0.953323
493		0.953323
493.1		0.954721
493.2		0.954721
493.3		0.954721
493.4		0.954721
493.5		0.954721
493.6		0.954721
493.7		0.954721
493.8		0.954721
493.9		0.954721
494		0.954721
494.1		0.95655
494.2		0.95655
494.3		0.95655
494.4		0.95655
494.5		0.95655
494.6		0.95655
494.7		0.95655
494.8		0.95655
494.9		0.95655
495		0.95655
495.1		0.960959
495.2		0.960959
495.3		0.960959
495.4		0.960959
495.5		0.960959
495.6		0.960959
495.7		0.960959
495.8		0.960959
495.9		0.960959
496		0.960959
496.1		0.961605
496.2		0.961605
496.3		0.961605
496.4		0.961605
496.5		0.961605
496.6		0.961605
496.7		0.961605
496.8		0.961605
496.9		0.961605
497		0.961605
497.1		0.963612
497.2		0.963612
497.3		0.963612
497.4		0.963612
497.5		0.963612
497.6		0.963612
497.7		0.963612
497.8		0.963612
497.9		0.963612
498		0.963612
498.1		0.963935
498.2		0.963935
498.3		0.963935
498.4		0.963935
498.5		0.963935
498.6		0.963935
498.7		0.963935
498.8		0.963935
498.9		0.963935
499		0.963935
499.1		0.965907
499.2		0.965907
499.3		0.965907
499.4		0.965907
499.5		0.965907
499.6		0.965907
499.7		0.965907
499.8		0.965907
499.9		0.965907
500		0.965907
500.1		0.96899
500.2		0.96899
500.3		0.96899
500.4		0.96899
500.5		0.96899
500.6		0.96899
500.7		0.96899
500.8		0.96899
500.9		0.96899
501		0.96899
501.1		0.972252
501.2		0.972252
501.3		0.972252
501.4		0.972252
501.5		0.972252
501.6		0.972252
501.7		0.972252
501.8		0.972252
501.9		0.972252
502		0.972252
502.1		0.973937
502.2		0.973937
502.3		0.973937
502.4		0.973937
502.5		0.973937
502.6		0.973937
502.7		0.973937
502.8		0.973937
502.9		0.973937
503		0.973937
503.1		0.973937
503.2		0.973937
503.3		0.973937
503.4		0.973937
503.5		0.973937
503.6		0.973937
503.7		0.973937
503.8		0.973937
503.9		0.973937
504		0.973937
504.1		0.977773
504.2		0.977773
504.3		0.977773
504.4		0.977773
504.5		0.977773
504.6		0.977773
504.7		0.977773
504.8		0.977773
504.9		0.977773
505		0.977773
505.1		0.978239
505.2		0.978239
505.3		0.978239
505.4		0.978239
505.5		0.978239
505.6		0.978239
505.7		0.978239
505.8		0.978239
505.9		0.978239
506		0.978239
506.1		0.98039
506.2		0.98039
506.3		0.98039
506.4		0.98039
506.5		0.98039
506.6		0.98039
506.7		0.98039
506.8		0.98039
506.9		0.98039
507		0.98039
507.1		0.984298
507.2		0.984298
507.3		0.984298
507.4		0.984298
507.5		0.984298
507.6		0.984298
507.7		0.984298
507.8		0.984298
507.9		0.984298
508		0.984298
508.1		0.9848
508.2		0.9848
508.3		0.9848
508.4		0.9848
508.5		0.9848
508.6		0.9848
508.7		0.9848
508.8		0.9848
508.9		0.9848
509		0.9848
509.1		0.986413
509.2		0.986413
509.3		0.986413
509.4		0.986413
509.5		0.986413
509.6		0.986413
509.7		0.986413
509.8		0.986413
509.9		0.986413
510		0.986413
510.1		0.992328
510.2		0.992328
510.3		0.992328
510.4		0.992328
510.5		0.992328
510.6		0.992328
510.7		0.992328
510.8		0.992328
510.9		0.992328
511		0.992328
511.1		0.992543
511.2		0.992543
511.3		0.992543
511.4		0.992543
511.5		0.992543
511.6		0.992543
511.7		0.992543
511.8		0.992543
511.9		0.992543
512		0.992543
512.1		0.994156
512.2		0.994156
512.3		0.994156
512.4		0.994156
512.5		0.994156
512.6		0.994156
512.7		0.994156
512.8		0.994156
512.9		0.994156
513		0.994156
513.1		0.995483
513.2		0.995483
513.3		0.995483
513.4		0.995483
513.5		0.995483
513.6		0.995483
513.7		0.995483
513.8		0.995483
513.9		0.995483
514		0.995483
514.1		0.99767
514.2		0.99767
514.3		0.99767
514.4		0.99767
514.5		0.99767
514.6		0.99767
514.7		0.99767
514.8		0.99767
514.9		0.99767
515		0.99767
515.1		0.999821
515.2		0.999821
515.3		0.999821
515.4		0.999821
515.5		0.999821
515.6		0.999821
515.7		0.999821
515.8		0.999821
515.9		0.999821
516		0.999821
516.1		1
516.2		1
516.3		1
516.4		1
516.5		1
516.6		1
516.7		1
516.8		1
516.9		1
517		1
517.1		1
517.2		1
517.3		1
517.4		1
517.5		1
517.6		1
517.7		1
517.8		1
517.9		1
518		1
518.1		1
518.2		1
518.3		1
518.4		1
518.5		1
518.6		1
518.7		1
518.8		1
518.9		1
519		1
519.1		1
519.2		1
519.3		1
519.4		1
519.5		1
519.6		1
519.7		1
519.8		1
519.9		1
520		1
520.1		1
520.2		1
520.3		1
520.4		1
520.5		1
520.6		1
520.7		1
520.8		1
520.9		1
521		1
521.1		1
521.2		1
521.3		1
521.4		1
521.5		1
521.6		1
521.7		1
521.8		1
521.9		1
522		1
522.1		1
522.2		1
522.3		1
522.4		1
522.5		1
522.6		1
522.7		1
522.8		1
522.9		1
523		1
523.1		1
523.2		1
523.3		1
523.4		1
523.5		1
523.6		1
523.7		1
523.8		1
523.9		1
524		1
524.1		1
524.2		1
524.3		1
524.4		1
524.5		1
524.6		1
524.7		1
524.8		1
524.9		1
525		1
525.1		1
525.2		1
525.3		1
525.4		1
525.5		1
525.6		1
525.7		1
525.8		1
525.9		1
526		1
526.1		1
526.2		1
526.3		1
526.4		1
526.5		1
526.6		1
526.7		1
526.8		1
526.9		1
527		1
527.1		1
527.2		1
527.3		1
527.4		1
527.5		1
527.6		1
527.7		1
527.8		1
527.9		1
528		1
528.1		1
528.2		1
528.3		1
528.4		1
528.5		1
528.6		1
528.7		1
528.8		1
528.9		1
529		1
529.1		1
529.2		1
529.3		1
529.4		1
529.5		1
529.6		1
529.7		1
529.8		1
529.9		1
530		1
530.1		1
530.2		1
530.3		1
530.4		1
530.5		1
530.6		1
530.7		1
530.8		1
530.9		1
531		1
531.1		1
531.2		1
531.3		1
531.4		1
531.5		1
531.6		1
531.7		1
531.8		1
531.9		1
532		1
532.1		1
532.2		1
532.3		1
532.4		1
532.5		1
532.6		1
532.7		1
532.8		1
532.9		1
533		1
533.1		1
533.2		1
533.3		1
533.4		1
533.5		1
533.6		1
533.7		1
533.8		1
533.9		1
534		1
534.1		1
534.2		1
534.3		1
534.4		1
534.5		1
534.6		1
534.7		1
534.8		1
534.9		1
535		1
535.1		1
535.2		1
535.3		1
535.4		1
535.5		1
535.6		1
535.7		1
535.8		1
535.9		1
536		1
536.1		1
536.2		1
536.3		1
536.4		1
536.5		1
536.6		1
536.7		1
536.8		1
536.9		1
537		1
537.1		1
537.2		1
537.3		1
537.4		1
537.5		1
537.6		1
537.7		1
537.8		1
537.9		1
538		1
538.1		1
538.2		1
538.3		1
538.4		1
538.5		1
538.6		1
538.7		1
538.8		1
538.9		1
539		1
539.1		1
539.2		1
539.3		1
539.4		1
539.5		1
539.6		1
539.7		1
539.8		1
539.9		1
540		1
540.1		1
540.2		1
540.3		1
540.4		1
540.5		1
540.6		1
540.7		1
540.8		1
540.9		1
541		1
541.1		1
541.2		1
541.3		1
541.4		1
541.5		1
541.6		1
541.7		1
541.8		1
541.9		1
542		1
542.1		1
542.2		1
542.3		1
542.4		1
542.5		1
542.6		1
542.7		1
542.8		1
542.9		1
543		1
543.1		1
543.2		1
543.3		1
543.4		1
543.5		1
543.6		1
543.7		1
543.8		1
543.9		1
544		1
544.1		1
544.2		1
544.3		1
544.4		1
544.5		1
544.6		1
544.7		1
544.8		1
544.9		1
545		1
545.1		1
545.2		1
545.3		1
545.4		1
545.5		1
545.6		1
545.7		1
545.8		1
545.9		1
546		1
546.1		1
546.2		1
546.3		1
546.4		1
546.5		1
546.6		1
546.7		1
546.8		1
546.9		1
547		1
547.1		1
547.2		1
547.3		1
547.4		1
547.5		1
547.6		1
547.7		1
547.8		1
547.9		1
548		1
548.1		1
548.2		1
548.3		1
548.4		1
548.5		1
548.6		1
548.7		1
548.8		1
548.9		1
549		1
549.1		1
549.2		1
549.3		1
549.4		1
549.5		1
549.6		1
549.7		1
549.8		1
549.9		1
550		1
550.1		1
550.2		1
550.3		1
550.4		1
550.5		1
550.6		1
550.7		1
550.8		1
550.9		1
551		1
551.1		1
551.2		1
551.3		1
551.4		1
551.5		1
551.6		1
551.7		1
551.8		1
551.9		1
552		1
552.1		1
552.2		1
552.3		1
552.4		1
552.5		1
552.6		1
552.7		1
552.8		1
552.9		1
553		1
553.1		1
553.2		1
553.3		1
553.4		1
553.5		1
553.6		1
553.7		1
553.8		1
553.9		1
554		1
554.1		1
554.2		1
554.3		1
554.4		1
554.5		1
554.6		1
554.7		1
554.8		1
554.9		1
555		1
555.1		1
555.2		1
555.3		1
555.4		1
555.5		1
555.6		1
555.7		1
555.8		1
555.9		1
556		1
556.1		1
556.2		1
556.3		1
556.4		1
556.5		1
556.6		1
556.7		1
556.8		1
556.9		1
557		1
557.1		1
557.2		1
557.3		1
557.4		1
557.5		1
557.6		1
557.7		1
557.8		1
557.9		1
558		1
558.1		1
558.2		1
558.3		1
558.4		1
558.5		1
558.6		1
558.7		1
558.8		1
558.9		1
559		1
559.1		1
559.2		1
559.3		1
559.4		1
559.5		1
559.6		1
559.7		1
559.8		1
559.9		1
560		1
560.1		1
560.2		1
560.3		1
560.4		1
560.5		1
560.6		1
560.7		1
560.8		1
560.9		1
561		1
561.1		1
561.2		1
561.3		1
561.4		1
561.5		1
561.6		1
561.7		1
561.8		1
561.9		1
562		1
562.1		1
562.2		1
562.3		1
562.4		1
562.5		1
562.6		1
562.7		1
562.8		1
562.9		1
563		1
563.1		1
563.2		1
563.3		1
563.4		1
563.5		1
563.6		1
563.7		1
563.8		1
563.9		1
564		1
564.1		1
564.2		1
564.3		1
564.4		1
564.5		1
564.6		1
564.7		1
564.8		1
564.9		1
565		1
565.1		1
565.2		1
565.3		1
565.4		1
565.5		1
565.6		1
565.7		1
565.8		1
565.9		1
566		1
566.1		1
566.2		1
566.3		1
566.4		1
566.5		1
566.6		1
566.7		1
566.8		1
566.9		1
567		1
567.1		1
567.2		1
567.3		1
567.4		1
567.5		1
567.6		1
567.7		1
567.8		1
567.9		1
568		1
568.1		1
568.2		1
568.3		1
568.4		1
568.5		1
568.6		1
568.7		1
568.8		1
568.9		1
569		1
569.1		1
569.2		1
569.3		1
569.4		1
569.5		1
569.6		1
569.7		1
569.8		1
569.9		1
570		1
570.1		1
570.2		1
570.3		1
570.4		1
570.5		1
570.6		1
570.7		1
570.8		1
570.9		1
571		1
571.1		1
571.2		1
571.3		1
571.4		1
571.5		1
571.6		1
571.7		1
571.8		1
571.9		1
572		1
572.1		1
572.2		1
572.3		1
572.4		1
572.5		1
572.6		1
572.7		1
572.8		1
572.9		1
573		1
573.1		1
573.2		1
573.3		1
573.4		1
573.5		1
573.6		1
573.7		1
573.8		1
573.9		1
574		1
574.1		1
574.2		1
574.3		1
574.4		1
574.5		1
574.6		1
574.7		1
574.8		1
574.9		1
575		1
575.1		1
575.2		1
575.3		1
575.4		1
575.5		1
575.6		1
575.7		1
575.8		1
575.9		1
576		1
576.1		1
576.2		1
576.3		1
576.4		1
576.5		1
576.6		1
576.7		1
576.8		1
576.9		1
577		1
577.1		1
577.2		1
577.3		1
577.4		1
577.5		1
577.6		1
577.7		1
577.8		1
577.9		1
578		1
578.1		1
578.2		1
578.3		1
578.4		1
578.5		1
578.6		1
578.7		1
578.8		1
578.9		1
579		1
579.1		1
579.2		1
579.3		1
579.4		1
579.5		1
579.6		1
579.7		1
579.8		1
579.9		1
580		1
580.1		1
580.2		1
580.3		1
580.4		1
580.5		1
580.6		1
580.7		1
580.8		1
580.9		1
581		1
581.1		1
581.2		1
581.3		1
581.4		1
581.5		1
581.6		1
581.7		1
581.8		1
581.9		1
582		1
582.1		1
582.2		1
582.3		1
582.4		1
582.5		1
582.6		1
582.7		1
582.8		1
582.9		1
583		1
583.1		1
583.2		1
583.3		1
583.4		1
583.5		1
583.6		1
583.7		1
583.8		1
583.9		1
584		1
584.1		1
584.2		1
584.3		1
584.4		1
584.5		1
584.6		1
584.7		1
584.8		1
584.9		1
585		1
585.1		1
585.2		1
585.3		1
585.4		1
585.5		1
585.6		1
585.7		1
585.8		1
585.9		1
586		1
586.1		1
586.2		1
586.3		1
586.4		1
586.5		1
586.6		1
586.7		1
586.8		1
586.9		1
587		1
587.1		1
587.2		1
587.3		1
587.4		1
587.5		1
587.6		1
587.7		1
587.8		1
587.9		1
588		1
588.1		1
588.2		1
588.3		1
588.4		1
588.5		1
588.6		1
588.7		1
588.8		1
588.9		1
589		1
589.1		1
589.2		1
589.3		1
589.4		1
589.5		1
589.6		1
589.7		1
589.8		1
589.9		1
590		1
590.1		1
590.2		1
590.3		1
590.4		1
590.5		1
590.6		1
590.7		1
590.8		1
590.9		1
591		1
591.1		1
591.2		1
591.3		1
591.4		1
591.5		1
591.6		1
591.7		1
591.8		1
591.9		1
592		1
592.1		1
592.2		1
592.3		1
592.4		1
592.5		1
592.6		1
592.7		1
592.8		1
592.9		1
593		1
593.1		1
593.2		1
593.3		1
593.4		1
593.5		1
593.6		1
593.7		1
593.8		1
593.9		1
594		1
594.1		1
594.2		1
594.3		1
594.4		1
594.5		1
594.6		1
594.7		1
594.8		1
594.9		1
595		1
595.1		1
595.2		1
595.3		1
595.4		1
595.5		1
595.6		1
595.7		1
595.8		1
595.9		1
596		1
596.1		1
596.2		1
596.3		1
596.4		1
596.5		1
596.6		1
596.7		1
596.8		1
596.9		1
597		1
597.1		1
597.2		1
597.3		1
597.4		1
597.5		1
597.6		1
597.7		1
597.8		1
597.9		1
598		1
598.1		1
598.2		1
598.3		1
598.4		1
598.5		1
598.6		1
598.7		1
598.8		1
598.9		1
599		1
599.1		1
599.2		1
599.3		1
599.4		1
599.5		1
599.6		1
599.7		1
599.8		1
599.9		1
600		1
