# Calibration file of tamex_id 1 @ channel 19
# fine_T bin		 Calibration value
0.1		0
0.2		0
0.3		0
0.4		0
0.5		0
0.6		0
0.7		0
0.8		0
0.9		0
1		0
1.1		0
1.2		0
1.3		0
1.4		0
1.5		0
1.6		0
1.7		0
1.8		0
1.9		0
2		0
2.1		0
2.2		0
2.3		0
2.4		0
2.5		0
2.6		0
2.7		0
2.8		0
2.9		0
3		0
3.1		0
3.2		0
3.3		0
3.4		0
3.5		0
3.6		0
3.7		0
3.8		0
3.9		0
4		0
4.1		0
4.2		0
4.3		0
4.4		0
4.5		0
4.6		0
4.7		0
4.8		0
4.9		0
5		0
5.1		0
5.2		0
5.3		0
5.4		0
5.5		0
5.6		0
5.7		0
5.8		0
5.9		0
6		0
6.1		0
6.2		0
6.3		0
6.4		0
6.5		0
6.6		0
6.7		0
6.8		0
6.9		0
7		0
7.1		0
7.2		0
7.3		0
7.4		0
7.5		0
7.6		0
7.7		0
7.8		0
7.9		0
8		0
8.1		0
8.2		0
8.3		0
8.4		0
8.5		0
8.6		0
8.7		0
8.8		0
8.9		0
9		0
9.1		0
9.2		0
9.3		0
9.4		0
9.5		0
9.6		0
9.7		0
9.8		0
9.9		0
10		0
10.1		0
10.2		0
10.3		0
10.4		0
10.5		0
10.6		0
10.7		0
10.8		0
10.9		0
11		0
11.1		0
11.2		0
11.3		0
11.4		0
11.5		0
11.6		0
11.7		0
11.8		0
11.9		0
12		0
12.1		0
12.2		0
12.3		0
12.4		0
12.5		0
12.6		0
12.7		0
12.8		0
12.9		0
13		0
13.1		0
13.2		0
13.3		0
13.4		0
13.5		0
13.6		0
13.7		0
13.8		0
13.9		0
14		0
14.1		0
14.2		0
14.3		0
14.4		0
14.5		0
14.6		0
14.7		0
14.8		0
14.9		0
15		0
15.1		0
15.2		0
15.3		0
15.4		0
15.5		0
15.6		0
15.7		0
15.8		0
15.9		0
16		0
16.1		0.00303225
16.2		0.00303225
16.3		0.00303225
16.4		0.00303225
16.5		0.00303225
16.6		0.00303225
16.7		0.00303225
16.8		0.00303225
16.9		0.00303225
17		0.00303225
17.1		0.00877515
17.2		0.00877515
17.3		0.00877515
17.4		0.00877515
17.5		0.00877515
17.6		0.00877515
17.7		0.00877515
17.8		0.00877515
17.9		0.00877515
18		0.00877515
18.1		0.00891298
18.2		0.00891298
18.3		0.00891298
18.4		0.00891298
18.5		0.00891298
18.6		0.00891298
18.7		0.00891298
18.8		0.00891298
18.9		0.00891298
19		0.00891298
19.1		0.00923459
19.2		0.00923459
19.3		0.00923459
19.4		0.00923459
19.5		0.00923459
19.6		0.00923459
19.7		0.00923459
19.8		0.00923459
19.9		0.00923459
20		0.00923459
20.1		0.0141046
20.2		0.0141046
20.3		0.0141046
20.4		0.0141046
20.5		0.0141046
20.6		0.0141046
20.7		0.0141046
20.8		0.0141046
20.9		0.0141046
21		0.0141046
21.1		0.0154829
21.2		0.0154829
21.3		0.0154829
21.4		0.0154829
21.5		0.0154829
21.6		0.0154829
21.7		0.0154829
21.8		0.0154829
21.9		0.0154829
22		0.0154829
22.1		0.018607
22.2		0.018607
22.3		0.018607
22.4		0.018607
22.5		0.018607
22.6		0.018607
22.7		0.018607
22.8		0.018607
22.9		0.018607
23		0.018607
23.1		0.0206285
23.2		0.0206285
23.3		0.0206285
23.4		0.0206285
23.5		0.0206285
23.6		0.0206285
23.7		0.0206285
23.8		0.0206285
23.9		0.0206285
24		0.0206285
24.1		0.0220527
24.2		0.0220527
24.3		0.0220527
24.4		0.0220527
24.5		0.0220527
24.6		0.0220527
24.7		0.0220527
24.8		0.0220527
24.9		0.0220527
25		0.0220527
25.1		0.0245796
25.2		0.0245796
25.3		0.0245796
25.4		0.0245796
25.5		0.0245796
25.6		0.0245796
25.7		0.0245796
25.8		0.0245796
25.9		0.0245796
26		0.0245796
26.1		0.0263714
26.2		0.0263714
26.3		0.0263714
26.4		0.0263714
26.5		0.0263714
26.6		0.0263714
26.7		0.0263714
26.8		0.0263714
26.9		0.0263714
27		0.0263714
27.1		0.0271984
27.2		0.0271984
27.3		0.0271984
27.4		0.0271984
27.5		0.0271984
27.6		0.0271984
27.7		0.0271984
27.8		0.0271984
27.9		0.0271984
28		0.0271984
28.1		0.0298171
28.2		0.0298171
28.3		0.0298171
28.4		0.0298171
28.5		0.0298171
28.6		0.0298171
28.7		0.0298171
28.8		0.0298171
28.9		0.0298171
29		0.0298171
29.1		0.0338601
29.2		0.0338601
29.3		0.0338601
29.4		0.0338601
29.5		0.0338601
29.6		0.0338601
29.7		0.0338601
29.8		0.0338601
29.9		0.0338601
30		0.0338601
30.1		0.0345034
30.2		0.0345034
30.3		0.0345034
30.4		0.0345034
30.5		0.0345034
30.6		0.0345034
30.7		0.0345034
30.8		0.0345034
30.9		0.0345034
31		0.0345034
31.1		0.0363411
31.2		0.0363411
31.3		0.0363411
31.4		0.0363411
31.5		0.0363411
31.6		0.0363411
31.7		0.0363411
31.8		0.0363411
31.9		0.0363411
32		0.0363411
32.1		0.0372599
32.2		0.0372599
32.3		0.0372599
32.4		0.0372599
32.5		0.0372599
32.6		0.0372599
32.7		0.0372599
32.8		0.0372599
32.9		0.0372599
33		0.0372599
33.1		0.038041
33.2		0.038041
33.3		0.038041
33.4		0.038041
33.5		0.038041
33.6		0.038041
33.7		0.038041
33.8		0.038041
33.9		0.038041
34		0.038041
34.1		0.0430028
34.2		0.0430028
34.3		0.0430028
34.4		0.0430028
34.5		0.0430028
34.6		0.0430028
34.7		0.0430028
34.8		0.0430028
34.9		0.0430028
35		0.0430028
35.1		0.0431866
35.2		0.0431866
35.3		0.0431866
35.4		0.0431866
35.5		0.0431866
35.6		0.0431866
35.7		0.0431866
35.8		0.0431866
35.9		0.0431866
36		0.0431866
36.1		0.0454378
36.2		0.0454378
36.3		0.0454378
36.4		0.0454378
36.5		0.0454378
36.6		0.0454378
36.7		0.0454378
36.8		0.0454378
36.9		0.0454378
37		0.0454378
37.1		0.0470459
37.2		0.0470459
37.3		0.0470459
37.4		0.0470459
37.5		0.0470459
37.6		0.0470459
37.7		0.0470459
37.8		0.0470459
37.9		0.0470459
38		0.0470459
38.1		0.0519158
38.2		0.0519158
38.3		0.0519158
38.4		0.0519158
38.5		0.0519158
38.6		0.0519158
38.7		0.0519158
38.8		0.0519158
38.9		0.0519158
39		0.0519158
39.1		0.0520996
39.2		0.0520996
39.3		0.0520996
39.4		0.0520996
39.5		0.0520996
39.6		0.0520996
39.7		0.0520996
39.8		0.0520996
39.9		0.0520996
40		0.0520996
40.1		0.0549481
40.2		0.0549481
40.3		0.0549481
40.4		0.0549481
40.5		0.0549481
40.6		0.0549481
40.7		0.0549481
40.8		0.0549481
40.9		0.0549481
41		0.0549481
41.1		0.0571993
41.2		0.0571993
41.3		0.0571993
41.4		0.0571993
41.5		0.0571993
41.6		0.0571993
41.7		0.0571993
41.8		0.0571993
41.9		0.0571993
42		0.0571993
42.1		0.0589911
42.2		0.0589911
42.3		0.0589911
42.4		0.0589911
42.5		0.0589911
42.6		0.0589911
42.7		0.0589911
42.8		0.0589911
42.9		0.0589911
43		0.0589911
43.1		0.061472
43.2		0.061472
43.3		0.061472
43.4		0.061472
43.5		0.061472
43.6		0.061472
43.7		0.061472
43.8		0.061472
43.9		0.061472
44		0.061472
44.1		0.0620233
44.2		0.0620233
44.3		0.0620233
44.4		0.0620233
44.5		0.0620233
44.6		0.0620233
44.7		0.0620233
44.8		0.0620233
44.9		0.0620233
45		0.0620233
45.1		0.0632179
45.2		0.0632179
45.3		0.0632179
45.4		0.0632179
45.5		0.0632179
45.6		0.0632179
45.7		0.0632179
45.8		0.0632179
45.9		0.0632179
46		0.0632179
46.1		0.0658826
46.2		0.0658826
46.3		0.0658826
46.4		0.0658826
46.5		0.0658826
46.6		0.0658826
46.7		0.0658826
46.8		0.0658826
46.9		0.0658826
47		0.0658826
47.1		0.0674446
47.2		0.0674446
47.3		0.0674446
47.4		0.0674446
47.5		0.0674446
47.6		0.0674446
47.7		0.0674446
47.8		0.0674446
47.9		0.0674446
48		0.0674446
48.1		0.0693743
48.2		0.0693743
48.3		0.0693743
48.4		0.0693743
48.5		0.0693743
48.6		0.0693743
48.7		0.0693743
48.8		0.0693743
48.9		0.0693743
49		0.0693743
49.1		0.0698796
49.2		0.0698796
49.3		0.0698796
49.4		0.0698796
49.5		0.0698796
49.6		0.0698796
49.7		0.0698796
49.8		0.0698796
49.9		0.0698796
50		0.0698796
50.1		0.0730038
50.2		0.0730038
50.3		0.0730038
50.4		0.0730038
50.5		0.0730038
50.6		0.0730038
50.7		0.0730038
50.8		0.0730038
50.9		0.0730038
51		0.0730038
51.1		0.073601
51.2		0.073601
51.3		0.073601
51.4		0.073601
51.5		0.073601
51.6		0.073601
51.7		0.073601
51.8		0.073601
51.9		0.073601
52		0.073601
52.1		0.075255
52.2		0.075255
52.3		0.075255
52.4		0.075255
52.5		0.075255
52.6		0.075255
52.7		0.075255
52.8		0.075255
52.9		0.075255
53		0.075255
53.1		0.0792061
53.2		0.0792061
53.3		0.0792061
53.4		0.0792061
53.5		0.0792061
53.6		0.0792061
53.7		0.0792061
53.8		0.0792061
53.9		0.0792061
54		0.0792061
54.1		0.0797574
54.2		0.0797574
54.3		0.0797574
54.4		0.0797574
54.5		0.0797574
54.6		0.0797574
54.7		0.0797574
54.8		0.0797574
54.9		0.0797574
55		0.0797574
55.1		0.0810898
55.2		0.0810898
55.3		0.0810898
55.4		0.0810898
55.5		0.0810898
55.6		0.0810898
55.7		0.0810898
55.8		0.0810898
55.9		0.0810898
56		0.0810898
56.1		0.0818249
56.2		0.0818249
56.3		0.0818249
56.4		0.0818249
56.5		0.0818249
56.6		0.0818249
56.7		0.0818249
56.8		0.0818249
56.9		0.0818249
57		0.0818249
57.1		0.0851787
57.2		0.0851787
57.3		0.0851787
57.4		0.0851787
57.5		0.0851787
57.6		0.0851787
57.7		0.0851787
57.8		0.0851787
57.9		0.0851787
58		0.0851787
58.1		0.0884866
58.2		0.0884866
58.3		0.0884866
58.4		0.0884866
58.5		0.0884866
58.6		0.0884866
58.7		0.0884866
58.8		0.0884866
58.9		0.0884866
59		0.0884866
59.1		0.0900028
59.2		0.0900028
59.3		0.0900028
59.4		0.0900028
59.5		0.0900028
59.6		0.0900028
59.7		0.0900028
59.8		0.0900028
59.9		0.0900028
60		0.0900028
60.1		0.0911054
60.2		0.0911054
60.3		0.0911054
60.4		0.0911054
60.5		0.0911054
60.6		0.0911054
60.7		0.0911054
60.8		0.0911054
60.9		0.0911054
61		0.0911054
61.1		0.0913351
61.2		0.0913351
61.3		0.0913351
61.4		0.0913351
61.5		0.0913351
61.6		0.0913351
61.7		0.0913351
61.8		0.0913351
61.9		0.0913351
62		0.0913351
62.1		0.09547
62.2		0.09547
62.3		0.09547
62.4		0.09547
62.5		0.09547
62.6		0.09547
62.7		0.09547
62.8		0.09547
62.9		0.09547
63		0.09547
63.1		0.0982725
63.2		0.0982725
63.3		0.0982725
63.4		0.0982725
63.5		0.0982725
63.6		0.0982725
63.7		0.0982725
63.8		0.0982725
63.9		0.0982725
64		0.0982725
64.1		0.100983
64.2		0.100983
64.3		0.100983
64.4		0.100983
64.5		0.100983
64.6		0.100983
64.7		0.100983
64.8		0.100983
64.9		0.100983
65		0.100983
65.1		0.102132
65.2		0.102132
65.3		0.102132
65.4		0.102132
65.5		0.102132
65.6		0.102132
65.7		0.102132
65.8		0.102132
65.9		0.102132
66		0.102132
66.1		0.105164
66.2		0.105164
66.3		0.105164
66.4		0.105164
66.5		0.105164
66.6		0.105164
66.7		0.105164
66.8		0.105164
66.9		0.105164
67		0.105164
67.1		0.105578
67.2		0.105578
67.3		0.105578
67.4		0.105578
67.5		0.105578
67.6		0.105578
67.7		0.105578
67.8		0.105578
67.9		0.105578
68		0.105578
68.1		0.108518
68.2		0.108518
68.3		0.108518
68.4		0.108518
68.5		0.108518
68.6		0.108518
68.7		0.108518
68.8		0.108518
68.9		0.108518
69		0.108518
69.1		0.110493
69.2		0.110493
69.3		0.110493
69.4		0.110493
69.5		0.110493
69.6		0.110493
69.7		0.110493
69.8		0.110493
69.9		0.110493
70		0.110493
70.1		0.113801
70.2		0.113801
70.3		0.113801
70.4		0.113801
70.5		0.113801
70.6		0.113801
70.7		0.113801
70.8		0.113801
70.9		0.113801
71		0.113801
71.1		0.114353
71.2		0.114353
71.3		0.114353
71.4		0.114353
71.5		0.114353
71.6		0.114353
71.7		0.114353
71.8		0.114353
71.9		0.114353
72		0.114353
72.1		0.118947
72.2		0.118947
72.3		0.118947
72.4		0.118947
72.5		0.118947
72.6		0.118947
72.7		0.118947
72.8		0.118947
72.9		0.118947
73		0.118947
73.1		0.11959
73.2		0.11959
73.3		0.11959
73.4		0.11959
73.5		0.11959
73.6		0.11959
73.7		0.11959
73.8		0.11959
73.9		0.11959
74		0.11959
74.1		0.123725
74.2		0.123725
74.3		0.123725
74.4		0.123725
74.5		0.123725
74.6		0.123725
74.7		0.123725
74.8		0.123725
74.9		0.123725
75		0.123725
75.1		0.124506
75.2		0.124506
75.3		0.124506
75.4		0.124506
75.5		0.124506
75.6		0.124506
75.7		0.124506
75.8		0.124506
75.9		0.124506
76		0.124506
76.1		0.125517
76.2		0.125517
76.3		0.125517
76.4		0.125517
76.5		0.125517
76.6		0.125517
76.7		0.125517
76.8		0.125517
76.9		0.125517
77		0.125517
77.1		0.130571
77.2		0.130571
77.3		0.130571
77.4		0.130571
77.5		0.130571
77.6		0.130571
77.7		0.130571
77.8		0.130571
77.9		0.130571
78		0.130571
78.1		0.131903
78.2		0.131903
78.3		0.131903
78.4		0.131903
78.5		0.131903
78.6		0.131903
78.7		0.131903
78.8		0.131903
78.9		0.131903
79		0.131903
79.1		0.132546
79.2		0.132546
79.3		0.132546
79.4		0.132546
79.5		0.132546
79.6		0.132546
79.7		0.132546
79.8		0.132546
79.9		0.132546
80		0.132546
80.1		0.134384
80.2		0.134384
80.3		0.134384
80.4		0.134384
80.5		0.134384
80.6		0.134384
80.7		0.134384
80.8		0.134384
80.9		0.134384
81		0.134384
81.1		0.138013
81.2		0.138013
81.3		0.138013
81.4		0.138013
81.5		0.138013
81.6		0.138013
81.7		0.138013
81.8		0.138013
81.9		0.138013
82		0.138013
82.1		0.139621
82.2		0.139621
82.3		0.139621
82.4		0.139621
82.5		0.139621
82.6		0.139621
82.7		0.139621
82.8		0.139621
82.9		0.139621
83		0.139621
83.1		0.143389
83.2		0.143389
83.3		0.143389
83.4		0.143389
83.5		0.143389
83.6		0.143389
83.7		0.143389
83.8		0.143389
83.9		0.143389
84		0.143389
84.1		0.146008
84.2		0.146008
84.3		0.146008
84.4		0.146008
84.5		0.146008
84.6		0.146008
84.7		0.146008
84.8		0.146008
84.9		0.146008
85		0.146008
85.1		0.147432
85.2		0.147432
85.3		0.147432
85.4		0.147432
85.5		0.147432
85.6		0.147432
85.7		0.147432
85.8		0.147432
85.9		0.147432
86		0.147432
86.1		0.148305
86.2		0.148305
86.3		0.148305
86.4		0.148305
86.5		0.148305
86.6		0.148305
86.7		0.148305
86.8		0.148305
86.9		0.148305
87		0.148305
87.1		0.149407
87.2		0.149407
87.3		0.149407
87.4		0.149407
87.5		0.149407
87.6		0.149407
87.7		0.149407
87.8		0.149407
87.9		0.149407
88		0.149407
88.1		0.152899
88.2		0.152899
88.3		0.152899
88.4		0.152899
88.5		0.152899
88.6		0.152899
88.7		0.152899
88.8		0.152899
88.9		0.152899
89		0.152899
89.1		0.154002
89.2		0.154002
89.3		0.154002
89.4		0.154002
89.5		0.154002
89.6		0.154002
89.7		0.154002
89.8		0.154002
89.9		0.154002
90		0.154002
90.1		0.157218
90.2		0.157218
90.3		0.157218
90.4		0.157218
90.5		0.157218
90.6		0.157218
90.7		0.157218
90.8		0.157218
90.9		0.157218
91		0.157218
91.1		0.158182
91.2		0.158182
91.3		0.158182
91.4		0.158182
91.5		0.158182
91.6		0.158182
91.7		0.158182
91.8		0.158182
91.9		0.158182
92		0.158182
92.1		0.16195
92.2		0.16195
92.3		0.16195
92.4		0.16195
92.5		0.16195
92.6		0.16195
92.7		0.16195
92.8		0.16195
92.9		0.16195
93		0.16195
93.1		0.162961
93.2		0.162961
93.3		0.162961
93.4		0.162961
93.5		0.162961
93.6		0.162961
93.7		0.162961
93.8		0.162961
93.9		0.162961
94		0.162961
94.1		0.163604
94.2		0.163604
94.3		0.163604
94.4		0.163604
94.5		0.163604
94.6		0.163604
94.7		0.163604
94.8		0.163604
94.9		0.163604
95		0.163604
95.1		0.164706
95.2		0.164706
95.3		0.164706
95.4		0.164706
95.5		0.164706
95.6		0.164706
95.7		0.164706
95.8		0.164706
95.9		0.164706
96		0.164706
96.1		0.168152
96.2		0.168152
96.3		0.168152
96.4		0.168152
96.5		0.168152
96.6		0.168152
96.7		0.168152
96.8		0.168152
96.9		0.168152
97		0.168152
97.1		0.16976
97.2		0.16976
97.3		0.16976
97.4		0.16976
97.5		0.16976
97.6		0.16976
97.7		0.16976
97.8		0.16976
97.9		0.16976
98		0.16976
98.1		0.173252
98.2		0.173252
98.3		0.173252
98.4		0.173252
98.5		0.173252
98.6		0.173252
98.7		0.173252
98.8		0.173252
98.9		0.173252
99		0.173252
99.1		0.174814
99.2		0.174814
99.3		0.174814
99.4		0.174814
99.5		0.174814
99.6		0.174814
99.7		0.174814
99.8		0.174814
99.9		0.174814
100		0.174814
100.1		0.177479
100.2		0.177479
100.3		0.177479
100.4		0.177479
100.5		0.177479
100.6		0.177479
100.7		0.177479
100.8		0.177479
100.9		0.177479
101		0.177479
101.1		0.17927
101.2		0.17927
101.3		0.17927
101.4		0.17927
101.5		0.17927
101.6		0.17927
101.7		0.17927
101.8		0.17927
101.9		0.17927
102		0.17927
102.1		0.182027
102.2		0.182027
102.3		0.182027
102.4		0.182027
102.5		0.182027
102.6		0.182027
102.7		0.182027
102.8		0.182027
102.9		0.182027
103		0.182027
103.1		0.1846
103.2		0.1846
103.3		0.1846
103.4		0.1846
103.5		0.1846
103.6		0.1846
103.7		0.1846
103.8		0.1846
103.9		0.1846
104		0.1846
104.1		0.185105
104.2		0.185105
104.3		0.185105
104.4		0.185105
104.5		0.185105
104.6		0.185105
104.7		0.185105
104.8		0.185105
104.9		0.185105
105		0.185105
105.1		0.188459
105.2		0.188459
105.3		0.188459
105.4		0.188459
105.5		0.188459
105.6		0.188459
105.7		0.188459
105.8		0.188459
105.9		0.188459
106		0.188459
106.1		0.190527
106.2		0.190527
106.3		0.190527
106.4		0.190527
106.5		0.190527
106.6		0.190527
106.7		0.190527
106.8		0.190527
106.9		0.190527
107		0.190527
107.1		0.192318
107.2		0.192318
107.3		0.192318
107.4		0.192318
107.5		0.192318
107.6		0.192318
107.7		0.192318
107.8		0.192318
107.9		0.192318
108		0.192318
108.1		0.193237
108.2		0.193237
108.3		0.193237
108.4		0.193237
108.5		0.193237
108.6		0.193237
108.7		0.193237
108.8		0.193237
108.9		0.193237
109		0.193237
109.1		0.196959
109.2		0.196959
109.3		0.196959
109.4		0.196959
109.5		0.196959
109.6		0.196959
109.7		0.196959
109.8		0.196959
109.9		0.196959
110		0.196959
110.1		0.19921
110.2		0.19921
110.3		0.19921
110.4		0.19921
110.5		0.19921
110.6		0.19921
110.7		0.19921
110.8		0.19921
110.9		0.19921
111		0.19921
111.1		0.199439
111.2		0.199439
111.3		0.199439
111.4		0.199439
111.5		0.199439
111.6		0.199439
111.7		0.199439
111.8		0.199439
111.9		0.199439
112		0.199439
112.1		0.201139
112.2		0.201139
112.3		0.201139
112.4		0.201139
112.5		0.201139
112.6		0.201139
112.7		0.201139
112.8		0.201139
112.9		0.201139
113		0.201139
113.1		0.201737
113.2		0.201737
113.3		0.201737
113.4		0.201737
113.5		0.201737
113.6		0.201737
113.7		0.201737
113.8		0.201737
113.9		0.201737
114		0.201737
114.1		0.208582
114.2		0.208582
114.3		0.208582
114.4		0.208582
114.5		0.208582
114.6		0.208582
114.7		0.208582
114.8		0.208582
114.9		0.208582
115		0.208582
115.1		0.209593
115.2		0.209593
115.3		0.209593
115.4		0.209593
115.5		0.209593
115.6		0.209593
115.7		0.209593
115.8		0.209593
115.9		0.209593
116		0.209593
116.1		0.210098
116.2		0.210098
116.3		0.210098
116.4		0.210098
116.5		0.210098
116.6		0.210098
116.7		0.210098
116.8		0.210098
116.9		0.210098
117		0.210098
117.1		0.21189
117.2		0.21189
117.3		0.21189
117.4		0.21189
117.5		0.21189
117.6		0.21189
117.7		0.21189
117.8		0.21189
117.9		0.21189
118		0.21189
118.1		0.214049
118.2		0.214049
118.3		0.214049
118.4		0.214049
118.5		0.214049
118.6		0.214049
118.7		0.214049
118.8		0.214049
118.9		0.214049
119		0.214049
119.1		0.217311
119.2		0.217311
119.3		0.217311
119.4		0.217311
119.5		0.217311
119.6		0.217311
119.7		0.217311
119.8		0.217311
119.9		0.217311
120		0.217311
120.1		0.218184
120.2		0.218184
120.3		0.218184
120.4		0.218184
120.5		0.218184
120.6		0.218184
120.7		0.218184
120.8		0.218184
120.9		0.218184
121		0.218184
121.1		0.222871
121.2		0.222871
121.3		0.222871
121.4		0.222871
121.5		0.222871
121.6		0.222871
121.7		0.222871
121.8		0.222871
121.9		0.222871
122		0.222871
122.1		0.224111
122.2		0.224111
122.3		0.224111
122.4		0.224111
122.5		0.224111
122.6		0.224111
122.7		0.224111
122.8		0.224111
122.9		0.224111
123		0.224111
123.1		0.226362
123.2		0.226362
123.3		0.226362
123.4		0.226362
123.5		0.226362
123.6		0.226362
123.7		0.226362
123.8		0.226362
123.9		0.226362
124		0.226362
124.1		0.226959
124.2		0.226959
124.3		0.226959
124.4		0.226959
124.5		0.226959
124.6		0.226959
124.7		0.226959
124.8		0.226959
124.9		0.226959
125		0.226959
125.1		0.227924
125.2		0.227924
125.3		0.227924
125.4		0.227924
125.5		0.227924
125.6		0.227924
125.7		0.227924
125.8		0.227924
125.9		0.227924
126		0.227924
126.1		0.23284
126.2		0.23284
126.3		0.23284
126.4		0.23284
126.5		0.23284
126.6		0.23284
126.7		0.23284
126.8		0.23284
126.9		0.23284
127		0.23284
127.1		0.233116
127.2		0.233116
127.3		0.233116
127.4		0.233116
127.5		0.233116
127.6		0.233116
127.7		0.233116
127.8		0.233116
127.9		0.233116
128		0.233116
128.1		0.233713
128.2		0.233713
128.3		0.233713
128.4		0.233713
128.5		0.233713
128.6		0.233713
128.7		0.233713
128.8		0.233713
128.9		0.233713
129		0.233713
129.1		0.236332
129.2		0.236332
129.3		0.236332
129.4		0.236332
129.5		0.236332
129.6		0.236332
129.7		0.236332
129.8		0.236332
129.9		0.236332
130		0.236332
130.1		0.239134
130.2		0.239134
130.3		0.239134
130.4		0.239134
130.5		0.239134
130.6		0.239134
130.7		0.239134
130.8		0.239134
130.9		0.239134
131		0.239134
131.1		0.242305
131.2		0.242305
131.3		0.242305
131.4		0.242305
131.5		0.242305
131.6		0.242305
131.7		0.242305
131.8		0.242305
131.9		0.242305
132		0.242305
132.1		0.24281
132.2		0.24281
132.3		0.24281
132.4		0.24281
132.5		0.24281
132.6		0.24281
132.7		0.24281
132.8		0.24281
132.9		0.24281
133		0.24281
133.1		0.243913
133.2		0.243913
133.3		0.243913
133.4		0.243913
133.5		0.243913
133.6		0.243913
133.7		0.243913
133.8		0.243913
133.9		0.243913
134		0.243913
134.1		0.248001
134.2		0.248001
134.3		0.248001
134.4		0.248001
134.5		0.248001
134.6		0.248001
134.7		0.248001
134.8		0.248001
134.9		0.248001
135		0.248001
135.1		0.250023
135.2		0.250023
135.3		0.250023
135.4		0.250023
135.5		0.250023
135.6		0.250023
135.7		0.250023
135.8		0.250023
135.9		0.250023
136		0.250023
136.1		0.250299
136.2		0.250299
136.3		0.250299
136.4		0.250299
136.5		0.250299
136.6		0.250299
136.7		0.250299
136.8		0.250299
136.9		0.250299
137		0.250299
137.1		0.25232
137.2		0.25232
137.3		0.25232
137.4		0.25232
137.5		0.25232
137.6		0.25232
137.7		0.25232
137.8		0.25232
137.9		0.25232
138		0.25232
138.1		0.256409
138.2		0.256409
138.3		0.256409
138.4		0.256409
138.5		0.256409
138.6		0.256409
138.7		0.256409
138.8		0.256409
138.9		0.256409
139		0.256409
139.1		0.258798
139.2		0.258798
139.3		0.258798
139.4		0.258798
139.5		0.258798
139.6		0.258798
139.7		0.258798
139.8		0.258798
139.9		0.258798
140		0.258798
140.1		0.259074
140.2		0.259074
140.3		0.259074
140.4		0.259074
140.5		0.259074
140.6		0.259074
140.7		0.259074
140.8		0.259074
140.9		0.259074
141		0.259074
141.1		0.26082
141.2		0.26082
141.3		0.26082
141.4		0.26082
141.5		0.26082
141.6		0.26082
141.7		0.26082
141.8		0.26082
141.9		0.26082
142		0.26082
142.1		0.261922
142.2		0.261922
142.3		0.261922
142.4		0.261922
142.5		0.261922
142.6		0.261922
142.7		0.261922
142.8		0.261922
142.9		0.261922
143		0.261922
143.1		0.266011
143.2		0.266011
143.3		0.266011
143.4		0.266011
143.5		0.266011
143.6		0.266011
143.7		0.266011
143.8		0.266011
143.9		0.266011
144		0.266011
144.1		0.268814
144.2		0.268814
144.3		0.268814
144.4		0.268814
144.5		0.268814
144.6		0.268814
144.7		0.268814
144.8		0.268814
144.9		0.268814
145		0.268814
145.1		0.27033
145.2		0.27033
145.3		0.27033
145.4		0.27033
145.5		0.27033
145.6		0.27033
145.7		0.27033
145.8		0.27033
145.9		0.27033
146		0.27033
146.1		0.271341
146.2		0.271341
146.3		0.271341
146.4		0.271341
146.5		0.271341
146.6		0.271341
146.7		0.271341
146.8		0.271341
146.9		0.271341
147		0.271341
147.1		0.271938
147.2		0.271938
147.3		0.271938
147.4		0.271938
147.5		0.271938
147.6		0.271938
147.7		0.271938
147.8		0.271938
147.9		0.271938
148		0.271938
148.1		0.278094
148.2		0.278094
148.3		0.278094
148.4		0.278094
148.5		0.278094
148.6		0.278094
148.7		0.278094
148.8		0.278094
148.9		0.278094
149		0.278094
149.1		0.278462
149.2		0.278462
149.3		0.278462
149.4		0.278462
149.5		0.278462
149.6		0.278462
149.7		0.278462
149.8		0.278462
149.9		0.278462
150		0.278462
150.1		0.281218
150.2		0.281218
150.3		0.281218
150.4		0.281218
150.5		0.281218
150.6		0.281218
150.7		0.281218
150.8		0.281218
150.9		0.281218
151		0.281218
151.1		0.281356
151.2		0.281356
151.3		0.281356
151.4		0.281356
151.5		0.281356
151.6		0.281356
151.7		0.281356
151.8		0.281356
151.9		0.281356
152		0.281356
152.1		0.284526
152.2		0.284526
152.3		0.284526
152.4		0.284526
152.5		0.284526
152.6		0.284526
152.7		0.284526
152.8		0.284526
152.9		0.284526
153		0.284526
153.1		0.287099
153.2		0.287099
153.3		0.287099
153.4		0.287099
153.5		0.287099
153.6		0.287099
153.7		0.287099
153.8		0.287099
153.9		0.287099
154		0.287099
154.1		0.28834
154.2		0.28834
154.3		0.28834
154.4		0.28834
154.5		0.28834
154.6		0.28834
154.7		0.28834
154.8		0.28834
154.9		0.28834
155		0.28834
155.1		0.292153
155.2		0.292153
155.3		0.292153
155.4		0.292153
155.5		0.292153
155.6		0.292153
155.7		0.292153
155.8		0.292153
155.9		0.292153
156		0.292153
156.1		0.293347
156.2		0.293347
156.3		0.293347
156.4		0.293347
156.5		0.293347
156.6		0.293347
156.7		0.293347
156.8		0.293347
156.9		0.293347
157		0.293347
157.1		0.294312
157.2		0.294312
157.3		0.294312
157.4		0.294312
157.5		0.294312
157.6		0.294312
157.7		0.294312
157.8		0.294312
157.9		0.294312
158		0.294312
158.1		0.297115
158.2		0.297115
158.3		0.297115
158.4		0.297115
158.5		0.297115
158.6		0.297115
158.7		0.297115
158.8		0.297115
158.9		0.297115
159		0.297115
159.1		0.297482
159.2		0.297482
159.3		0.297482
159.4		0.297482
159.5		0.297482
159.6		0.297482
159.7		0.297482
159.8		0.297482
159.9		0.297482
160		0.297482
160.1		0.301755
160.2		0.301755
160.3		0.301755
160.4		0.301755
160.5		0.301755
160.6		0.301755
160.7		0.301755
160.8		0.301755
160.9		0.301755
161		0.301755
161.1		0.302398
161.2		0.302398
161.3		0.302398
161.4		0.302398
161.5		0.302398
161.6		0.302398
161.7		0.302398
161.8		0.302398
161.9		0.302398
162		0.302398
162.1		0.305201
162.2		0.305201
162.3		0.305201
162.4		0.305201
162.5		0.305201
162.6		0.305201
162.7		0.305201
162.8		0.305201
162.9		0.305201
163		0.305201
163.1		0.309703
163.2		0.309703
163.3		0.309703
163.4		0.309703
163.5		0.309703
163.6		0.309703
163.7		0.309703
163.8		0.309703
163.9		0.309703
164		0.309703
164.1		0.310944
164.2		0.310944
164.3		0.310944
164.4		0.310944
164.5		0.310944
164.6		0.310944
164.7		0.310944
164.8		0.310944
164.9		0.310944
165		0.310944
165.1		0.313057
165.2		0.313057
165.3		0.313057
165.4		0.313057
165.5		0.313057
165.6		0.313057
165.7		0.313057
165.8		0.313057
165.9		0.313057
166		0.313057
166.1		0.313746
166.2		0.313746
166.3		0.313746
166.4		0.313746
166.5		0.313746
166.6		0.313746
166.7		0.313746
166.8		0.313746
166.9		0.313746
167		0.313746
167.1		0.316089
167.2		0.316089
167.3		0.316089
167.4		0.316089
167.5		0.316089
167.6		0.316089
167.7		0.316089
167.8		0.316089
167.9		0.316089
168		0.316089
168.1		0.317146
168.2		0.317146
168.3		0.317146
168.4		0.317146
168.5		0.317146
168.6		0.317146
168.7		0.317146
168.8		0.317146
168.9		0.317146
169		0.317146
169.1		0.319673
169.2		0.319673
169.3		0.319673
169.4		0.319673
169.5		0.319673
169.6		0.319673
169.7		0.319673
169.8		0.319673
169.9		0.319673
170		0.319673
170.1		0.322429
170.2		0.322429
170.3		0.322429
170.4		0.322429
170.5		0.322429
170.6		0.322429
170.7		0.322429
170.8		0.322429
170.9		0.322429
171		0.322429
171.1		0.323211
171.2		0.323211
171.3		0.323211
171.4		0.323211
171.5		0.323211
171.6		0.323211
171.7		0.323211
171.8		0.323211
171.9		0.323211
172		0.323211
172.1		0.324129
172.2		0.324129
172.3		0.324129
172.4		0.324129
172.5		0.324129
172.6		0.324129
172.7		0.324129
172.8		0.324129
172.9		0.324129
173		0.324129
173.1		0.325967
173.2		0.325967
173.3		0.325967
173.4		0.325967
173.5		0.325967
173.6		0.325967
173.7		0.325967
173.8		0.325967
173.9		0.325967
174		0.325967
174.1		0.328907
174.2		0.328907
174.3		0.328907
174.4		0.328907
174.5		0.328907
174.6		0.328907
174.7		0.328907
174.8		0.328907
174.9		0.328907
175		0.328907
175.1		0.33148
175.2		0.33148
175.3		0.33148
175.4		0.33148
175.5		0.33148
175.6		0.33148
175.7		0.33148
175.8		0.33148
175.9		0.33148
176		0.33148
176.1		0.33171
176.2		0.33171
176.3		0.33171
176.4		0.33171
176.5		0.33171
176.6		0.33171
176.7		0.33171
176.8		0.33171
176.9		0.33171
177		0.33171
177.1		0.331756
177.2		0.331756
177.3		0.331756
177.4		0.331756
177.5		0.331756
177.6		0.331756
177.7		0.331756
177.8		0.331756
177.9		0.331756
178		0.331756
178.1		0.335661
178.2		0.335661
178.3		0.335661
178.4		0.335661
178.5		0.335661
178.6		0.335661
178.7		0.335661
178.8		0.335661
178.9		0.335661
179		0.335661
179.1		0.338142
179.2		0.338142
179.3		0.338142
179.4		0.338142
179.5		0.338142
179.6		0.338142
179.7		0.338142
179.8		0.338142
179.9		0.338142
180		0.338142
180.1		0.33851
180.2		0.33851
180.3		0.33851
180.4		0.33851
180.5		0.33851
180.6		0.33851
180.7		0.33851
180.8		0.33851
180.9		0.33851
181		0.33851
181.1		0.340118
181.2		0.340118
181.3		0.340118
181.4		0.340118
181.5		0.340118
181.6		0.340118
181.7		0.340118
181.8		0.340118
181.9		0.340118
182		0.340118
182.1		0.344482
182.2		0.344482
182.3		0.344482
182.4		0.344482
182.5		0.344482
182.6		0.344482
182.7		0.344482
182.8		0.344482
182.9		0.344482
183		0.344482
183.1		0.346458
183.2		0.346458
183.3		0.346458
183.4		0.346458
183.5		0.346458
183.6		0.346458
183.7		0.346458
183.8		0.346458
183.9		0.346458
184		0.346458
184.1		0.346871
184.2		0.346871
184.3		0.346871
184.4		0.346871
184.5		0.346871
184.6		0.346871
184.7		0.346871
184.8		0.346871
184.9		0.346871
185		0.346871
185.1		0.34949
185.2		0.34949
185.3		0.34949
185.4		0.34949
185.5		0.34949
185.6		0.34949
185.7		0.34949
185.8		0.34949
185.9		0.34949
186		0.34949
186.1		0.351695
186.2		0.351695
186.3		0.351695
186.4		0.351695
186.5		0.351695
186.6		0.351695
186.7		0.351695
186.8		0.351695
186.9		0.351695
187		0.351695
187.1		0.353625
187.2		0.353625
187.3		0.353625
187.4		0.353625
187.5		0.353625
187.6		0.353625
187.7		0.353625
187.8		0.353625
187.9		0.353625
188		0.353625
188.1		0.355646
188.2		0.355646
188.3		0.355646
188.4		0.355646
188.5		0.355646
188.6		0.355646
188.7		0.355646
188.8		0.355646
188.9		0.355646
189		0.355646
189.1		0.357208
189.2		0.357208
189.3		0.357208
189.4		0.357208
189.5		0.357208
189.6		0.357208
189.7		0.357208
189.8		0.357208
189.9		0.357208
190		0.357208
190.1		0.359322
190.2		0.359322
190.3		0.359322
190.4		0.359322
190.5		0.359322
190.6		0.359322
190.7		0.359322
190.8		0.359322
190.9		0.359322
191		0.359322
191.1		0.360654
191.2		0.360654
191.3		0.360654
191.4		0.360654
191.5		0.360654
191.6		0.360654
191.7		0.360654
191.8		0.360654
191.9		0.360654
192		0.360654
192.1		0.362538
192.2		0.362538
192.3		0.362538
192.4		0.362538
192.5		0.362538
192.6		0.362538
192.7		0.362538
192.8		0.362538
192.9		0.362538
193		0.362538
193.1		0.365938
193.2		0.365938
193.3		0.365938
193.4		0.365938
193.5		0.365938
193.6		0.365938
193.7		0.365938
193.8		0.365938
193.9		0.365938
194		0.365938
194.1		0.368694
194.2		0.368694
194.3		0.368694
194.4		0.368694
194.5		0.368694
194.6		0.368694
194.7		0.368694
194.8		0.368694
194.9		0.368694
195		0.368694
195.1		0.369292
195.2		0.369292
195.3		0.369292
195.4		0.369292
195.5		0.369292
195.6		0.369292
195.7		0.369292
195.8		0.369292
195.9		0.369292
196		0.369292
196.1		0.372094
196.2		0.372094
196.3		0.372094
196.4		0.372094
196.5		0.372094
196.6		0.372094
196.7		0.372094
196.8		0.372094
196.9		0.372094
197		0.372094
197.1		0.372921
197.2		0.372921
197.3		0.372921
197.4		0.372921
197.5		0.372921
197.6		0.372921
197.7		0.372921
197.8		0.372921
197.9		0.372921
198		0.372921
198.1		0.376321
198.2		0.376321
198.3		0.376321
198.4		0.376321
198.5		0.376321
198.6		0.376321
198.7		0.376321
198.8		0.376321
198.9		0.376321
199		0.376321
199.1		0.378848
199.2		0.378848
199.3		0.378848
199.4		0.378848
199.5		0.378848
199.6		0.378848
199.7		0.378848
199.8		0.378848
199.9		0.378848
200		0.378848
200.1		0.382339
200.2		0.382339
200.3		0.382339
200.4		0.382339
200.5		0.382339
200.6		0.382339
200.7		0.382339
200.8		0.382339
200.9		0.382339
201		0.382339
201.1		0.383626
201.2		0.383626
201.3		0.383626
201.4		0.383626
201.5		0.383626
201.6		0.383626
201.7		0.383626
201.8		0.383626
201.9		0.383626
202		0.383626
202.1		0.383718
202.2		0.383718
202.3		0.383718
202.4		0.383718
202.5		0.383718
202.6		0.383718
202.7		0.383718
202.8		0.383718
202.9		0.383718
203		0.383718
203.1		0.38381
203.2		0.38381
203.3		0.38381
203.4		0.38381
203.5		0.38381
203.6		0.38381
203.7		0.38381
203.8		0.38381
203.9		0.38381
204		0.38381
204.1		0.390747
204.2		0.390747
204.3		0.390747
204.4		0.390747
204.5		0.390747
204.6		0.390747
204.7		0.390747
204.8		0.390747
204.9		0.390747
205		0.390747
205.1		0.392769
205.2		0.392769
205.3		0.392769
205.4		0.392769
205.5		0.392769
205.6		0.392769
205.7		0.392769
205.8		0.392769
205.9		0.392769
206		0.392769
206.1		0.394193
206.2		0.394193
206.3		0.394193
206.4		0.394193
206.5		0.394193
206.6		0.394193
206.7		0.394193
206.8		0.394193
206.9		0.394193
207		0.394193
207.1		0.394606
207.2		0.394606
207.3		0.394606
207.4		0.394606
207.5		0.394606
207.6		0.394606
207.7		0.394606
207.8		0.394606
207.9		0.394606
208		0.394606
208.1		0.399155
208.2		0.399155
208.3		0.399155
208.4		0.399155
208.5		0.399155
208.6		0.399155
208.7		0.399155
208.8		0.399155
208.9		0.399155
209		0.399155
209.1		0.401038
209.2		0.401038
209.3		0.401038
209.4		0.401038
209.5		0.401038
209.6		0.401038
209.7		0.401038
209.8		0.401038
209.9		0.401038
210		0.401038
210.1		0.401544
210.2		0.401544
210.3		0.401544
210.4		0.401544
210.5		0.401544
210.6		0.401544
210.7		0.401544
210.8		0.401544
210.9		0.401544
211		0.401544
211.1		0.403381
211.2		0.403381
211.3		0.403381
211.4		0.403381
211.5		0.403381
211.6		0.403381
211.7		0.403381
211.8		0.403381
211.9		0.403381
212		0.403381
212.1		0.409951
212.2		0.409951
212.3		0.409951
212.4		0.409951
212.5		0.409951
212.6		0.409951
212.7		0.409951
212.8		0.409951
212.9		0.409951
213		0.409951
213.1		0.410319
213.2		0.410319
213.3		0.410319
213.4		0.410319
213.5		0.410319
213.6		0.410319
213.7		0.410319
213.8		0.410319
213.9		0.410319
214		0.410319
214.1		0.411146
214.2		0.411146
214.3		0.411146
214.4		0.411146
214.5		0.411146
214.6		0.411146
214.7		0.411146
214.8		0.411146
214.9		0.411146
215		0.411146
215.1		0.411605
215.2		0.411605
215.3		0.411605
215.4		0.411605
215.5		0.411605
215.6		0.411605
215.7		0.411605
215.8		0.411605
215.9		0.411605
216		0.411605
216.1		0.417486
216.2		0.417486
216.3		0.417486
216.4		0.417486
216.5		0.417486
216.6		0.417486
216.7		0.417486
216.8		0.417486
216.9		0.417486
217		0.417486
217.1		0.417762
217.2		0.417762
217.3		0.417762
217.4		0.417762
217.5		0.417762
217.6		0.417762
217.7		0.417762
217.8		0.417762
217.9		0.417762
218		0.417762
218.1		0.419875
218.2		0.419875
218.3		0.419875
218.4		0.419875
218.5		0.419875
218.6		0.419875
218.7		0.419875
218.8		0.419875
218.9		0.419875
219		0.419875
219.1		0.420059
219.2		0.420059
219.3		0.420059
219.4		0.420059
219.5		0.420059
219.6		0.420059
219.7		0.420059
219.8		0.420059
219.9		0.420059
220		0.420059
220.1		0.423137
220.2		0.423137
220.3		0.423137
220.4		0.423137
220.5		0.423137
220.6		0.423137
220.7		0.423137
220.8		0.423137
220.9		0.423137
221		0.423137
221.1		0.426812
221.2		0.426812
221.3		0.426812
221.4		0.426812
221.5		0.426812
221.6		0.426812
221.7		0.426812
221.8		0.426812
221.9		0.426812
222		0.426812
222.1		0.426996
222.2		0.426996
222.3		0.426996
222.4		0.426996
222.5		0.426996
222.6		0.426996
222.7		0.426996
222.8		0.426996
222.9		0.426996
223		0.426996
223.1		0.428145
223.2		0.428145
223.3		0.428145
223.4		0.428145
223.5		0.428145
223.6		0.428145
223.7		0.428145
223.8		0.428145
223.9		0.428145
224		0.428145
224.1		0.432785
224.2		0.432785
224.3		0.432785
224.4		0.432785
224.5		0.432785
224.6		0.432785
224.7		0.432785
224.8		0.432785
224.9		0.432785
225		0.432785
225.1		0.433061
225.2		0.433061
225.3		0.433061
225.4		0.433061
225.5		0.433061
225.6		0.433061
225.7		0.433061
225.8		0.433061
225.9		0.433061
226		0.433061
226.1		0.434209
226.2		0.434209
226.3		0.434209
226.4		0.434209
226.5		0.434209
226.6		0.434209
226.7		0.434209
226.8		0.434209
226.9		0.434209
227		0.434209
227.1		0.437425
227.2		0.437425
227.3		0.437425
227.4		0.437425
227.5		0.437425
227.6		0.437425
227.7		0.437425
227.8		0.437425
227.9		0.437425
228		0.437425
228.1		0.438023
228.2		0.438023
228.3		0.438023
228.4		0.438023
228.5		0.438023
228.6		0.438023
228.7		0.438023
228.8		0.438023
228.9		0.438023
229		0.438023
229.1		0.441422
229.2		0.441422
229.3		0.441422
229.4		0.441422
229.5		0.441422
229.6		0.441422
229.7		0.441422
229.8		0.441422
229.9		0.441422
230		0.441422
230.1		0.442847
230.2		0.442847
230.3		0.442847
230.4		0.442847
230.5		0.442847
230.6		0.442847
230.7		0.442847
230.8		0.442847
230.9		0.442847
231		0.442847
231.1		0.444133
231.2		0.444133
231.3		0.444133
231.4		0.444133
231.5		0.444133
231.6		0.444133
231.7		0.444133
231.8		0.444133
231.9		0.444133
232		0.444133
232.1		0.44496
232.2		0.44496
232.3		0.44496
232.4		0.44496
232.5		0.44496
232.6		0.44496
232.7		0.44496
232.8		0.44496
232.9		0.44496
233		0.44496
233.1		0.448176
233.2		0.448176
233.3		0.448176
233.4		0.448176
233.5		0.448176
233.6		0.448176
233.7		0.448176
233.8		0.448176
233.9		0.448176
234		0.448176
234.1		0.450335
234.2		0.450335
234.3		0.450335
234.4		0.450335
234.5		0.450335
234.6		0.450335
234.7		0.450335
234.8		0.450335
234.9		0.450335
235		0.450335
235.1		0.451943
235.2		0.451943
235.3		0.451943
235.4		0.451943
235.5		0.451943
235.6		0.451943
235.7		0.451943
235.8		0.451943
235.9		0.451943
236		0.451943
236.1		0.452724
236.2		0.452724
236.3		0.452724
236.4		0.452724
236.5		0.452724
236.6		0.452724
236.7		0.452724
236.8		0.452724
236.9		0.452724
237		0.452724
237.1		0.454562
237.2		0.454562
237.3		0.454562
237.4		0.454562
237.5		0.454562
237.6		0.454562
237.7		0.454562
237.8		0.454562
237.9		0.454562
238		0.454562
238.1		0.460075
238.2		0.460075
238.3		0.460075
238.4		0.460075
238.5		0.460075
238.6		0.460075
238.7		0.460075
238.8		0.460075
238.9		0.460075
239		0.460075
239.1		0.46081
239.2		0.46081
239.3		0.46081
239.4		0.46081
239.5		0.46081
239.6		0.46081
239.7		0.46081
239.8		0.46081
239.9		0.46081
240		0.46081
240.1		0.461086
240.2		0.461086
240.3		0.461086
240.4		0.461086
240.5		0.461086
240.6		0.461086
240.7		0.461086
240.8		0.461086
240.9		0.461086
241		0.461086
241.1		0.462556
241.2		0.462556
241.3		0.462556
241.4		0.462556
241.5		0.462556
241.6		0.462556
241.7		0.462556
241.8		0.462556
241.9		0.462556
242		0.462556
242.1		0.468299
242.2		0.468299
242.3		0.468299
242.4		0.468299
242.5		0.468299
242.6		0.468299
242.7		0.468299
242.8		0.468299
242.9		0.468299
243		0.468299
243.1		0.468529
243.2		0.468529
243.3		0.468529
243.4		0.468529
243.5		0.468529
243.6		0.468529
243.7		0.468529
243.8		0.468529
243.9		0.468529
244		0.468529
244.1		0.471745
244.2		0.471745
244.3		0.471745
244.4		0.471745
244.5		0.471745
244.6		0.471745
244.7		0.471745
244.8		0.471745
244.9		0.471745
245		0.471745
245.1		0.472158
245.2		0.472158
245.3		0.472158
245.4		0.472158
245.5		0.472158
245.6		0.472158
245.7		0.472158
245.8		0.472158
245.9		0.472158
246		0.472158
246.1		0.474915
246.2		0.474915
246.3		0.474915
246.4		0.474915
246.5		0.474915
246.6		0.474915
246.7		0.474915
246.8		0.474915
246.9		0.474915
247		0.474915
247.1		0.475604
247.2		0.475604
247.3		0.475604
247.4		0.475604
247.5		0.475604
247.6		0.475604
247.7		0.475604
247.8		0.475604
247.9		0.475604
248		0.475604
248.1		0.47712
248.2		0.47712
248.3		0.47712
248.4		0.47712
248.5		0.47712
248.6		0.47712
248.7		0.47712
248.8		0.47712
248.9		0.47712
249		0.47712
249.1		0.478085
249.2		0.478085
249.3		0.478085
249.4		0.478085
249.5		0.478085
249.6		0.478085
249.7		0.478085
249.8		0.478085
249.9		0.478085
250		0.478085
250.1		0.484517
250.2		0.484517
250.3		0.484517
250.4		0.484517
250.5		0.484517
250.6		0.484517
250.7		0.484517
250.8		0.484517
250.9		0.484517
251		0.484517
251.1		0.48539
251.2		0.48539
251.3		0.48539
251.4		0.48539
251.5		0.48539
251.6		0.48539
251.7		0.48539
251.8		0.48539
251.9		0.48539
252		0.48539
252.1		0.487458
252.2		0.487458
252.3		0.487458
252.4		0.487458
252.5		0.487458
252.6		0.487458
252.7		0.487458
252.8		0.487458
252.9		0.487458
253		0.487458
253.1		0.487641
253.2		0.487641
253.3		0.487641
253.4		0.487641
253.5		0.487641
253.6		0.487641
253.7		0.487641
253.8		0.487641
253.9		0.487641
254		0.487641
254.1		0.492603
254.2		0.492603
254.3		0.492603
254.4		0.492603
254.5		0.492603
254.6		0.492603
254.7		0.492603
254.8		0.492603
254.9		0.492603
255		0.492603
255.1		0.496325
255.2		0.496325
255.3		0.496325
255.4		0.496325
255.5		0.496325
255.6		0.496325
255.7		0.496325
255.8		0.496325
255.9		0.496325
256		0.496325
256.1		0.497427
256.2		0.497427
256.3		0.497427
256.4		0.497427
256.5		0.497427
256.6		0.497427
256.7		0.497427
256.8		0.497427
256.9		0.497427
257		0.497427
257.1		0.497933
257.2		0.497933
257.3		0.497933
257.4		0.497933
257.5		0.497933
257.6		0.497933
257.7		0.497933
257.8		0.497933
257.9		0.497933
258		0.497933
258.1		0.500046
258.2		0.500046
258.3		0.500046
258.4		0.500046
258.5		0.500046
258.6		0.500046
258.7		0.500046
258.8		0.500046
258.9		0.500046
259		0.500046
259.1		0.503584
259.2		0.503584
259.3		0.503584
259.4		0.503584
259.5		0.503584
259.6		0.503584
259.7		0.503584
259.8		0.503584
259.9		0.503584
260		0.503584
260.1		0.505192
260.2		0.505192
260.3		0.505192
260.4		0.505192
260.5		0.505192
260.6		0.505192
260.7		0.505192
260.8		0.505192
260.9		0.505192
261		0.505192
261.1		0.505927
261.2		0.505927
261.3		0.505927
261.4		0.505927
261.5		0.505927
261.6		0.505927
261.7		0.505927
261.8		0.505927
261.9		0.505927
262		0.505927
262.1		0.506478
262.2		0.506478
262.3		0.506478
262.4		0.506478
262.5		0.506478
262.6		0.506478
262.7		0.506478
262.8		0.506478
262.9		0.506478
263		0.506478
263.1		0.509602
263.2		0.509602
263.3		0.509602
263.4		0.509602
263.5		0.509602
263.6		0.509602
263.7		0.509602
263.8		0.509602
263.9		0.509602
264		0.509602
264.1		0.515115
264.2		0.515115
264.3		0.515115
264.4		0.515115
264.5		0.515115
264.6		0.515115
264.7		0.515115
264.8		0.515115
264.9		0.515115
265		0.515115
265.1		0.515804
265.2		0.515804
265.3		0.515804
265.4		0.515804
265.5		0.515804
265.6		0.515804
265.7		0.515804
265.8		0.515804
265.9		0.515804
266		0.515804
266.1		0.516999
266.2		0.516999
266.3		0.516999
266.4		0.516999
266.5		0.516999
266.6		0.516999
266.7		0.516999
266.8		0.516999
266.9		0.516999
267		0.516999
267.1		0.517275
267.2		0.517275
267.3		0.517275
267.4		0.517275
267.5		0.517275
267.6		0.517275
267.7		0.517275
267.8		0.517275
267.9		0.517275
268		0.517275
268.1		0.521318
268.2		0.521318
268.3		0.521318
268.4		0.521318
268.5		0.521318
268.6		0.521318
268.7		0.521318
268.8		0.521318
268.9		0.521318
269		0.521318
269.1		0.521593
269.2		0.521593
269.3		0.521593
269.4		0.521593
269.5		0.521593
269.6		0.521593
269.7		0.521593
269.8		0.521593
269.9		0.521593
270		0.521593
270.1		0.524534
270.2		0.524534
270.3		0.524534
270.4		0.524534
270.5		0.524534
270.6		0.524534
270.7		0.524534
270.8		0.524534
270.9		0.524534
271		0.524534
271.1		0.527933
271.2		0.527933
271.3		0.527933
271.4		0.527933
271.5		0.527933
271.6		0.527933
271.7		0.527933
271.8		0.527933
271.9		0.527933
272		0.527933
272.1		0.531241
272.2		0.531241
272.3		0.531241
272.4		0.531241
272.5		0.531241
272.6		0.531241
272.7		0.531241
272.8		0.531241
272.9		0.531241
273		0.531241
273.1		0.532252
273.2		0.532252
273.3		0.532252
273.4		0.532252
273.5		0.532252
273.6		0.532252
273.7		0.532252
273.8		0.532252
273.9		0.532252
274		0.532252
274.1		0.532895
274.2		0.532895
274.3		0.532895
274.4		0.532895
274.5		0.532895
274.6		0.532895
274.7		0.532895
274.8		0.532895
274.9		0.532895
275		0.532895
275.1		0.533217
275.2		0.533217
275.3		0.533217
275.4		0.533217
275.5		0.533217
275.6		0.533217
275.7		0.533217
275.8		0.533217
275.9		0.533217
276		0.533217
276.1		0.537765
276.2		0.537765
276.3		0.537765
276.4		0.537765
276.5		0.537765
276.6		0.537765
276.7		0.537765
276.8		0.537765
276.9		0.537765
277		0.537765
277.1		0.54043
277.2		0.54043
277.3		0.54043
277.4		0.54043
277.5		0.54043
277.6		0.54043
277.7		0.54043
277.8		0.54043
277.9		0.54043
278		0.54043
278.1		0.542911
278.2		0.542911
278.3		0.542911
278.4		0.542911
278.5		0.542911
278.6		0.542911
278.7		0.542911
278.8		0.542911
278.9		0.542911
279		0.542911
279.1		0.545622
279.2		0.545622
279.3		0.545622
279.4		0.545622
279.5		0.545622
279.6		0.545622
279.7		0.545622
279.8		0.545622
279.9		0.545622
280		0.545622
280.1		0.547367
280.2		0.547367
280.3		0.547367
280.4		0.547367
280.5		0.547367
280.6		0.547367
280.7		0.547367
280.8		0.547367
280.9		0.547367
281		0.547367
281.1		0.547873
281.2		0.547873
281.3		0.547873
281.4		0.547873
281.5		0.547873
281.6		0.547873
281.7		0.547873
281.8		0.547873
281.9		0.547873
282		0.547873
282.1		0.548378
282.2		0.548378
282.3		0.548378
282.4		0.548378
282.5		0.548378
282.6		0.548378
282.7		0.548378
282.8		0.548378
282.9		0.548378
283		0.548378
283.1		0.55187
283.2		0.55187
283.3		0.55187
283.4		0.55187
283.5		0.55187
283.6		0.55187
283.7		0.55187
283.8		0.55187
283.9		0.55187
284		0.55187
284.1		0.556832
284.2		0.556832
284.3		0.556832
284.4		0.556832
284.5		0.556832
284.6		0.556832
284.7		0.556832
284.8		0.556832
284.9		0.556832
285		0.556832
285.1		0.558164
285.2		0.558164
285.3		0.558164
285.4		0.558164
285.5		0.558164
285.6		0.558164
285.7		0.558164
285.8		0.558164
285.9		0.558164
286		0.558164
286.1		0.558991
286.2		0.558991
286.3		0.558991
286.4		0.558991
286.5		0.558991
286.6		0.558991
286.7		0.558991
286.8		0.558991
286.9		0.558991
287		0.558991
287.1		0.564045
287.2		0.564045
287.3		0.564045
287.4		0.564045
287.5		0.564045
287.6		0.564045
287.7		0.564045
287.8		0.564045
287.9		0.564045
288		0.564045
288.1		0.566847
288.2		0.566847
288.3		0.566847
288.4		0.566847
288.5		0.566847
288.6		0.566847
288.7		0.566847
288.8		0.566847
288.9		0.566847
289		0.566847
289.1		0.567169
289.2		0.567169
289.3		0.567169
289.4		0.567169
289.5		0.567169
289.6		0.567169
289.7		0.567169
289.8		0.567169
289.9		0.567169
290		0.567169
290.1		0.567904
290.2		0.567904
290.3		0.567904
290.4		0.567904
290.5		0.567904
290.6		0.567904
290.7		0.567904
290.8		0.567904
290.9		0.567904
291		0.567904
291.1		0.575071
291.2		0.575071
291.3		0.575071
291.4		0.575071
291.5		0.575071
291.6		0.575071
291.7		0.575071
291.8		0.575071
291.9		0.575071
292		0.575071
292.1		0.576909
292.2		0.576909
292.3		0.576909
292.4		0.576909
292.5		0.576909
292.6		0.576909
292.7		0.576909
292.8		0.576909
292.9		0.576909
293		0.576909
293.1		0.576909
293.2		0.576909
293.3		0.576909
293.4		0.576909
293.5		0.576909
293.6		0.576909
293.7		0.576909
293.8		0.576909
293.9		0.576909
294		0.576909
294.1		0.576909
294.2		0.576909
294.3		0.576909
294.4		0.576909
294.5		0.576909
294.6		0.576909
294.7		0.576909
294.8		0.576909
294.9		0.576909
295		0.576909
295.1		0.577368
295.2		0.577368
295.3		0.577368
295.4		0.577368
295.5		0.577368
295.6		0.577368
295.7		0.577368
295.8		0.577368
295.9		0.577368
296		0.577368
296.1		0.579941
296.2		0.579941
296.3		0.579941
296.4		0.579941
296.5		0.579941
296.6		0.579941
296.7		0.579941
296.8		0.579941
296.9		0.579941
297		0.579941
297.1		0.581963
297.2		0.581963
297.3		0.581963
297.4		0.581963
297.5		0.581963
297.6		0.581963
297.7		0.581963
297.8		0.581963
297.9		0.581963
298		0.581963
298.1		0.584581
298.2		0.584581
298.3		0.584581
298.4		0.584581
298.5		0.584581
298.6		0.584581
298.7		0.584581
298.8		0.584581
298.9		0.584581
299		0.584581
299.1		0.586695
299.2		0.586695
299.3		0.586695
299.4		0.586695
299.5		0.586695
299.6		0.586695
299.7		0.586695
299.8		0.586695
299.9		0.586695
300		0.586695
300.1		0.588211
300.2		0.588211
300.3		0.588211
300.4		0.588211
300.5		0.588211
300.6		0.588211
300.7		0.588211
300.8		0.588211
300.9		0.588211
301		0.588211
301.1		0.588579
301.2		0.588579
301.3		0.588579
301.4		0.588579
301.5		0.588579
301.6		0.588579
301.7		0.588579
301.8		0.588579
301.9		0.588579
302		0.588579
302.1		0.588762
302.2		0.588762
302.3		0.588762
302.4		0.588762
302.5		0.588762
302.6		0.588762
302.7		0.588762
302.8		0.588762
302.9		0.588762
303		0.588762
303.1		0.591059
303.2		0.591059
303.3		0.591059
303.4		0.591059
303.5		0.591059
303.6		0.591059
303.7		0.591059
303.8		0.591059
303.9		0.591059
304		0.591059
304.1		0.595746
304.2		0.595746
304.3		0.595746
304.4		0.595746
304.5		0.595746
304.6		0.595746
304.7		0.595746
304.8		0.595746
304.9		0.595746
305		0.595746
305.1		0.595883
305.2		0.595883
305.3		0.595883
305.4		0.595883
305.5		0.595883
305.6		0.595883
305.7		0.595883
305.8		0.595883
305.9		0.595883
306		0.595883
306.1		0.596389
306.2		0.596389
306.3		0.596389
306.4		0.596389
306.5		0.596389
306.6		0.596389
306.7		0.596389
306.8		0.596389
306.9		0.596389
307		0.596389
307.1		0.599972
307.2		0.599972
307.3		0.599972
307.4		0.599972
307.5		0.599972
307.6		0.599972
307.7		0.599972
307.8		0.599972
307.9		0.599972
308		0.599972
308.1		0.603648
308.2		0.603648
308.3		0.603648
308.4		0.603648
308.5		0.603648
308.6		0.603648
308.7		0.603648
308.8		0.603648
308.9		0.603648
309		0.603648
309.1		0.605394
309.2		0.605394
309.3		0.605394
309.4		0.605394
309.5		0.605394
309.6		0.605394
309.7		0.605394
309.8		0.605394
309.9		0.605394
310		0.605394
310.1		0.606175
310.2		0.606175
310.3		0.606175
310.4		0.606175
310.5		0.606175
310.6		0.606175
310.7		0.606175
310.8		0.606175
310.9		0.606175
311		0.606175
311.1		0.607277
311.2		0.607277
311.3		0.607277
311.4		0.607277
311.5		0.607277
311.6		0.607277
311.7		0.607277
311.8		0.607277
311.9		0.607277
312		0.607277
312.1		0.612423
312.2		0.612423
312.3		0.612423
312.4		0.612423
312.5		0.612423
312.6		0.612423
312.7		0.612423
312.8		0.612423
312.9		0.612423
313		0.612423
313.1		0.612607
313.2		0.612607
313.3		0.612607
313.4		0.612607
313.5		0.612607
313.6		0.612607
313.7		0.612607
313.8		0.612607
313.9		0.612607
314		0.612607
314.1		0.612791
314.2		0.612791
314.3		0.612791
314.4		0.612791
314.5		0.612791
314.6		0.612791
314.7		0.612791
314.8		0.612791
314.9		0.612791
315		0.612791
315.1		0.614582
315.2		0.614582
315.3		0.614582
315.4		0.614582
315.5		0.614582
315.6		0.614582
315.7		0.614582
315.8		0.614582
315.9		0.614582
316		0.614582
316.1		0.619406
316.2		0.619406
316.3		0.619406
316.4		0.619406
316.5		0.619406
316.6		0.619406
316.7		0.619406
316.8		0.619406
316.9		0.619406
317		0.619406
317.1		0.620096
317.2		0.620096
317.3		0.620096
317.4		0.620096
317.5		0.620096
317.6		0.620096
317.7		0.620096
317.8		0.620096
317.9		0.620096
318		0.620096
318.1		0.62299
318.2		0.62299
318.3		0.62299
318.4		0.62299
318.5		0.62299
318.6		0.62299
318.7		0.62299
318.8		0.62299
318.9		0.62299
319		0.62299
319.1		0.623863
319.2		0.623863
319.3		0.623863
319.4		0.623863
319.5		0.623863
319.6		0.623863
319.7		0.623863
319.8		0.623863
319.9		0.623863
320		0.623863
320.1		0.628825
320.2		0.628825
320.3		0.628825
320.4		0.628825
320.5		0.628825
320.6		0.628825
320.7		0.628825
320.8		0.628825
320.9		0.628825
321		0.628825
321.1		0.630157
321.2		0.630157
321.3		0.630157
321.4		0.630157
321.5		0.630157
321.6		0.630157
321.7		0.630157
321.8		0.630157
321.9		0.630157
322		0.630157
322.1		0.631398
322.2		0.631398
322.3		0.631398
322.4		0.631398
322.5		0.631398
322.6		0.631398
322.7		0.631398
322.8		0.631398
322.9		0.631398
323		0.631398
323.1		0.631811
323.2		0.631811
323.3		0.631811
323.4		0.631811
323.5		0.631811
323.6		0.631811
323.7		0.631811
323.8		0.631811
323.9		0.631811
324		0.631811
324.1		0.635854
324.2		0.635854
324.3		0.635854
324.4		0.635854
324.5		0.635854
324.6		0.635854
324.7		0.635854
324.8		0.635854
324.9		0.635854
325		0.635854
325.1		0.637003
325.2		0.637003
325.3		0.637003
325.4		0.637003
325.5		0.637003
325.6		0.637003
325.7		0.637003
325.8		0.637003
325.9		0.637003
326		0.637003
326.1		0.638565
326.2		0.638565
326.3		0.638565
326.4		0.638565
326.5		0.638565
326.6		0.638565
326.7		0.638565
326.8		0.638565
326.9		0.638565
327		0.638565
327.1		0.638978
327.2		0.638978
327.3		0.638978
327.4		0.638978
327.5		0.638978
327.6		0.638978
327.7		0.638978
327.8		0.638978
327.9		0.638978
328		0.638978
328.1		0.644445
328.2		0.644445
328.3		0.644445
328.4		0.644445
328.5		0.644445
328.6		0.644445
328.7		0.644445
328.8		0.644445
328.9		0.644445
329		0.644445
329.1		0.647983
329.2		0.647983
329.3		0.647983
329.4		0.647983
329.5		0.647983
329.6		0.647983
329.7		0.647983
329.8		0.647983
329.9		0.647983
330		0.647983
330.1		0.648534
330.2		0.648534
330.3		0.648534
330.4		0.648534
330.5		0.648534
330.6		0.648534
330.7		0.648534
330.8		0.648534
330.9		0.648534
331		0.648534
331.1		0.649959
331.2		0.649959
331.3		0.649959
331.4		0.649959
331.5		0.649959
331.6		0.649959
331.7		0.649959
331.8		0.649959
331.9		0.649959
332		0.649959
332.1		0.652394
332.2		0.652394
332.3		0.652394
332.4		0.652394
332.5		0.652394
332.6		0.652394
332.7		0.652394
332.8		0.652394
332.9		0.652394
333		0.652394
333.1		0.655977
333.2		0.655977
333.3		0.655977
333.4		0.655977
333.5		0.655977
333.6		0.655977
333.7		0.655977
333.8		0.655977
333.9		0.655977
334		0.655977
334.1		0.657401
334.2		0.657401
334.3		0.657401
334.4		0.657401
334.5		0.657401
334.6		0.657401
334.7		0.657401
334.8		0.657401
334.9		0.657401
335		0.657401
335.1		0.659561
335.2		0.659561
335.3		0.659561
335.4		0.659561
335.5		0.659561
335.6		0.659561
335.7		0.659561
335.8		0.659561
335.9		0.659561
336		0.659561
336.1		0.661858
336.2		0.661858
336.3		0.661858
336.4		0.661858
336.5		0.661858
336.6		0.661858
336.7		0.661858
336.8		0.661858
336.9		0.661858
337		0.661858
337.1		0.662409
337.2		0.662409
337.3		0.662409
337.4		0.662409
337.5		0.662409
337.6		0.662409
337.7		0.662409
337.8		0.662409
337.9		0.662409
338		0.662409
338.1		0.664936
338.2		0.664936
338.3		0.664936
338.4		0.664936
338.5		0.664936
338.6		0.664936
338.7		0.664936
338.8		0.664936
338.9		0.664936
339		0.664936
339.1		0.667279
339.2		0.667279
339.3		0.667279
339.4		0.667279
339.5		0.667279
339.6		0.667279
339.7		0.667279
339.8		0.667279
339.9		0.667279
340		0.667279
340.1		0.668841
340.2		0.668841
340.3		0.668841
340.4		0.668841
340.5		0.668841
340.6		0.668841
340.7		0.668841
340.8		0.668841
340.9		0.668841
341		0.668841
341.1		0.671184
341.2		0.671184
341.3		0.671184
341.4		0.671184
341.5		0.671184
341.6		0.671184
341.7		0.671184
341.8		0.671184
341.9		0.671184
342		0.671184
342.1		0.673344
342.2		0.673344
342.3		0.673344
342.4		0.673344
342.5		0.673344
342.6		0.673344
342.7		0.673344
342.8		0.673344
342.9		0.673344
343		0.673344
343.1		0.6761
343.2		0.6761
343.3		0.6761
343.4		0.6761
343.5		0.6761
343.6		0.6761
343.7		0.6761
343.8		0.6761
343.9		0.6761
344		0.6761
344.1		0.678811
344.2		0.678811
344.3		0.678811
344.4		0.678811
344.5		0.678811
344.6		0.678811
344.7		0.678811
344.8		0.678811
344.9		0.678811
345		0.678811
345.1		0.682946
345.2		0.682946
345.3		0.682946
345.4		0.682946
345.5		0.682946
345.6		0.682946
345.7		0.682946
345.8		0.682946
345.9		0.682946
346		0.682946
346.1		0.683084
346.2		0.683084
346.3		0.683084
346.4		0.683084
346.5		0.683084
346.6		0.683084
346.7		0.683084
346.8		0.683084
346.9		0.683084
347		0.683084
347.1		0.68607
347.2		0.68607
347.3		0.68607
347.4		0.68607
347.5		0.68607
347.6		0.68607
347.7		0.68607
347.8		0.68607
347.9		0.68607
348		0.68607
348.1		0.689332
348.2		0.689332
348.3		0.689332
348.4		0.689332
348.5		0.689332
348.6		0.689332
348.7		0.689332
348.8		0.689332
348.9		0.689332
349		0.689332
349.1		0.690527
349.2		0.690527
349.3		0.690527
349.4		0.690527
349.5		0.690527
349.6		0.690527
349.7		0.690527
349.8		0.690527
349.9		0.690527
350		0.690527
350.1		0.693099
350.2		0.693099
350.3		0.693099
350.4		0.693099
350.5		0.693099
350.6		0.693099
350.7		0.693099
350.8		0.693099
350.9		0.693099
351		0.693099
351.1		0.695718
351.2		0.695718
351.3		0.695718
351.4		0.695718
351.5		0.695718
351.6		0.695718
351.7		0.695718
351.8		0.695718
351.9		0.695718
352		0.695718
352.1		0.696453
352.2		0.696453
352.3		0.696453
352.4		0.696453
352.5		0.696453
352.6		0.696453
352.7		0.696453
352.8		0.696453
352.9		0.696453
353		0.696453
353.1		0.697923
353.2		0.697923
353.3		0.697923
353.4		0.697923
353.5		0.697923
353.6		0.697923
353.7		0.697923
353.8		0.697923
353.9		0.697923
354		0.697923
354.1		0.697923
354.2		0.697923
354.3		0.697923
354.4		0.697923
354.5		0.697923
354.6		0.697923
354.7		0.697923
354.8		0.697923
354.9		0.697923
355		0.697923
355.1		0.698107
355.2		0.698107
355.3		0.698107
355.4		0.698107
355.5		0.698107
355.6		0.698107
355.7		0.698107
355.8		0.698107
355.9		0.698107
356		0.698107
356.1		0.701323
356.2		0.701323
356.3		0.701323
356.4		0.701323
356.5		0.701323
356.6		0.701323
356.7		0.701323
356.8		0.701323
356.9		0.701323
357		0.701323
357.1		0.704218
357.2		0.704218
357.3		0.704218
357.4		0.704218
357.5		0.704218
357.6		0.704218
357.7		0.704218
357.8		0.704218
357.9		0.704218
358		0.704218
358.1		0.705091
358.2		0.705091
358.3		0.705091
358.4		0.705091
358.5		0.705091
358.6		0.705091
358.7		0.705091
358.8		0.705091
358.9		0.705091
359		0.705091
359.1		0.705091
359.2		0.705091
359.3		0.705091
359.4		0.705091
359.5		0.705091
359.6		0.705091
359.7		0.705091
359.8		0.705091
359.9		0.705091
360		0.705091
360.1		0.705458
360.2		0.705458
360.3		0.705458
360.4		0.705458
360.5		0.705458
360.6		0.705458
360.7		0.705458
360.8		0.705458
360.9		0.705458
361		0.705458
361.1		0.711201
361.2		0.711201
361.3		0.711201
361.4		0.711201
361.5		0.711201
361.6		0.711201
361.7		0.711201
361.8		0.711201
361.9		0.711201
362		0.711201
362.1		0.71506
362.2		0.71506
362.3		0.71506
362.4		0.71506
362.5		0.71506
362.6		0.71506
362.7		0.71506
362.8		0.71506
362.9		0.71506
363		0.71506
363.1		0.715198
363.2		0.715198
363.3		0.715198
363.4		0.715198
363.5		0.715198
363.6		0.715198
363.7		0.715198
363.8		0.715198
363.9		0.715198
364		0.715198
364.1		0.716347
364.2		0.716347
364.3		0.716347
364.4		0.716347
364.5		0.716347
364.6		0.716347
364.7		0.716347
364.8		0.716347
364.9		0.716347
365		0.716347
365.1		0.717449
365.2		0.717449
365.3		0.717449
365.4		0.717449
365.5		0.717449
365.6		0.717449
365.7		0.717449
365.8		0.717449
365.9		0.717449
366		0.717449
366.1		0.722227
366.2		0.722227
366.3		0.722227
366.4		0.722227
366.5		0.722227
366.6		0.722227
366.7		0.722227
366.8		0.722227
366.9		0.722227
367		0.722227
367.1		0.724387
367.2		0.724387
367.3		0.724387
367.4		0.724387
367.5		0.724387
367.6		0.724387
367.7		0.724387
367.8		0.724387
367.9		0.724387
368		0.724387
368.1		0.725811
368.2		0.725811
368.3		0.725811
368.4		0.725811
368.5		0.725811
368.6		0.725811
368.7		0.725811
368.8		0.725811
368.9		0.725811
369		0.725811
369.1		0.726316
369.2		0.726316
369.3		0.726316
369.4		0.726316
369.5		0.726316
369.6		0.726316
369.7		0.726316
369.8		0.726316
369.9		0.726316
370		0.726316
370.1		0.730773
370.2		0.730773
370.3		0.730773
370.4		0.730773
370.5		0.730773
370.6		0.730773
370.7		0.730773
370.8		0.730773
370.9		0.730773
371		0.730773
371.1		0.731921
371.2		0.731921
371.3		0.731921
371.4		0.731921
371.5		0.731921
371.6		0.731921
371.7		0.731921
371.8		0.731921
371.9		0.731921
372		0.731921
372.1		0.732519
372.2		0.732519
372.3		0.732519
372.4		0.732519
372.5		0.732519
372.6		0.732519
372.7		0.732519
372.8		0.732519
372.9		0.732519
373		0.732519
373.1		0.734173
373.2		0.734173
373.3		0.734173
373.4		0.734173
373.5		0.734173
373.6		0.734173
373.7		0.734173
373.8		0.734173
373.9		0.734173
374		0.734173
374.1		0.737389
374.2		0.737389
374.3		0.737389
374.4		0.737389
374.5		0.737389
374.6		0.737389
374.7		0.737389
374.8		0.737389
374.9		0.737389
375		0.737389
375.1		0.739456
375.2		0.739456
375.3		0.739456
375.4		0.739456
375.5		0.739456
375.6		0.739456
375.7		0.739456
375.8		0.739456
375.9		0.739456
376		0.739456
376.1		0.741983
376.2		0.741983
376.3		0.741983
376.4		0.741983
376.5		0.741983
376.6		0.741983
376.7		0.741983
376.8		0.741983
376.9		0.741983
377		0.741983
377.1		0.742672
377.2		0.742672
377.3		0.742672
377.4		0.742672
377.5		0.742672
377.6		0.742672
377.7		0.742672
377.8		0.742672
377.9		0.742672
378		0.742672
378.1		0.744694
378.2		0.744694
378.3		0.744694
378.4		0.744694
378.5		0.744694
378.6		0.744694
378.7		0.744694
378.8		0.744694
378.9		0.744694
379		0.744694
379.1		0.746164
379.2		0.746164
379.3		0.746164
379.4		0.746164
379.5		0.746164
379.6		0.746164
379.7		0.746164
379.8		0.746164
379.9		0.746164
380		0.746164
380.1		0.751126
380.2		0.751126
380.3		0.751126
380.4		0.751126
380.5		0.751126
380.6		0.751126
380.7		0.751126
380.8		0.751126
380.9		0.751126
381		0.751126
381.1		0.751309
381.2		0.751309
381.3		0.751309
381.4		0.751309
381.5		0.751309
381.6		0.751309
381.7		0.751309
381.8		0.751309
381.9		0.751309
382		0.751309
382.1		0.751677
382.2		0.751677
382.3		0.751677
382.4		0.751677
382.5		0.751677
382.6		0.751677
382.7		0.751677
382.8		0.751677
382.9		0.751677
383		0.751677
383.1		0.751907
383.2		0.751907
383.3		0.751907
383.4		0.751907
383.5		0.751907
383.6		0.751907
383.7		0.751907
383.8		0.751907
383.9		0.751907
384		0.751907
384.1		0.757328
384.2		0.757328
384.3		0.757328
384.4		0.757328
384.5		0.757328
384.6		0.757328
384.7		0.757328
384.8		0.757328
384.9		0.757328
385		0.757328
385.1		0.759166
385.2		0.759166
385.3		0.759166
385.4		0.759166
385.5		0.759166
385.6		0.759166
385.7		0.759166
385.8		0.759166
385.9		0.759166
386		0.759166
386.1		0.760222
386.2		0.760222
386.3		0.760222
386.4		0.760222
386.5		0.760222
386.6		0.760222
386.7		0.760222
386.8		0.760222
386.9		0.760222
387		0.760222
387.1		0.761141
387.2		0.761141
387.3		0.761141
387.4		0.761141
387.5		0.761141
387.6		0.761141
387.7		0.761141
387.8		0.761141
387.9		0.761141
388		0.761141
388.1		0.764495
388.2		0.764495
388.3		0.764495
388.4		0.764495
388.5		0.764495
388.6		0.764495
388.7		0.764495
388.8		0.764495
388.9		0.764495
389		0.764495
389.1		0.765184
389.2		0.765184
389.3		0.765184
389.4		0.765184
389.5		0.765184
389.6		0.765184
389.7		0.765184
389.8		0.765184
389.9		0.765184
390		0.765184
390.1		0.765368
390.2		0.765368
390.3		0.765368
390.4		0.765368
390.5		0.765368
390.6		0.765368
390.7		0.765368
390.8		0.765368
390.9		0.765368
391		0.765368
391.1		0.76863
391.2		0.76863
391.3		0.76863
391.4		0.76863
391.5		0.76863
391.6		0.76863
391.7		0.76863
391.8		0.76863
391.9		0.76863
392		0.76863
392.1		0.771754
392.2		0.771754
392.3		0.771754
392.4		0.771754
392.5		0.771754
392.6		0.771754
392.7		0.771754
392.8		0.771754
392.9		0.771754
393		0.771754
393.1		0.772581
393.2		0.772581
393.3		0.772581
393.4		0.772581
393.5		0.772581
393.6		0.772581
393.7		0.772581
393.8		0.772581
393.9		0.772581
394		0.772581
394.1		0.775292
394.2		0.775292
394.3		0.775292
394.4		0.775292
394.5		0.775292
394.6		0.775292
394.7		0.775292
394.8		0.775292
394.9		0.775292
395		0.775292
395.1		0.775659
395.2		0.775659
395.3		0.775659
395.4		0.775659
395.5		0.775659
395.6		0.775659
395.7		0.775659
395.8		0.775659
395.9		0.775659
396		0.775659
396.1		0.779335
396.2		0.779335
396.3		0.779335
396.4		0.779335
396.5		0.779335
396.6		0.779335
396.7		0.779335
396.8		0.779335
396.9		0.779335
397		0.779335
397.1		0.781908
397.2		0.781908
397.3		0.781908
397.4		0.781908
397.5		0.781908
397.6		0.781908
397.7		0.781908
397.8		0.781908
397.9		0.781908
398		0.781908
398.1		0.783699
398.2		0.783699
398.3		0.783699
398.4		0.783699
398.5		0.783699
398.6		0.783699
398.7		0.783699
398.8		0.783699
398.9		0.783699
399		0.783699
399.1		0.784251
399.2		0.784251
399.3		0.784251
399.4		0.784251
399.5		0.784251
399.6		0.784251
399.7		0.784251
399.8		0.784251
399.9		0.784251
400		0.784251
400.1		0.786869
400.2		0.786869
400.3		0.786869
400.4		0.786869
400.5		0.786869
400.6		0.786869
400.7		0.786869
400.8		0.786869
400.9		0.786869
401		0.786869
401.1		0.788248
401.2		0.788248
401.3		0.788248
401.4		0.788248
401.5		0.788248
401.6		0.788248
401.7		0.788248
401.8		0.788248
401.9		0.788248
402		0.788248
402.1		0.790269
402.2		0.790269
402.3		0.790269
402.4		0.790269
402.5		0.790269
402.6		0.790269
402.7		0.790269
402.8		0.790269
402.9		0.790269
403		0.790269
403.1		0.791877
403.2		0.791877
403.3		0.791877
403.4		0.791877
403.5		0.791877
403.6		0.791877
403.7		0.791877
403.8		0.791877
403.9		0.791877
404		0.791877
404.1		0.79592
404.2		0.79592
404.3		0.79592
404.4		0.79592
404.5		0.79592
404.6		0.79592
404.7		0.79592
404.8		0.79592
404.9		0.79592
405		0.79592
405.1		0.797069
405.2		0.797069
405.3		0.797069
405.4		0.797069
405.5		0.797069
405.6		0.797069
405.7		0.797069
405.8		0.797069
405.9		0.797069
406		0.797069
406.1		0.797804
406.2		0.797804
406.3		0.797804
406.4		0.797804
406.5		0.797804
406.6		0.797804
406.7		0.797804
406.8		0.797804
406.9		0.797804
407		0.797804
407.1		0.798769
407.2		0.798769
407.3		0.798769
407.4		0.798769
407.5		0.798769
407.6		0.798769
407.7		0.798769
407.8		0.798769
407.9		0.798769
408		0.798769
408.1		0.801204
408.2		0.801204
408.3		0.801204
408.4		0.801204
408.5		0.801204
408.6		0.801204
408.7		0.801204
408.8		0.801204
408.9		0.801204
409		0.801204
409.1		0.804695
409.2		0.804695
409.3		0.804695
409.4		0.804695
409.5		0.804695
409.6		0.804695
409.7		0.804695
409.8		0.804695
409.9		0.804695
410		0.804695
410.1		0.805982
410.2		0.805982
410.3		0.805982
410.4		0.805982
410.5		0.805982
410.6		0.805982
410.7		0.805982
410.8		0.805982
410.9		0.805982
411		0.805982
411.1		0.808968
411.2		0.808968
411.3		0.808968
411.4		0.808968
411.5		0.808968
411.6		0.808968
411.7		0.808968
411.8		0.808968
411.9		0.808968
412		0.808968
412.1		0.809106
412.2		0.809106
412.3		0.809106
412.4		0.809106
412.5		0.809106
412.6		0.809106
412.7		0.809106
412.8		0.809106
412.9		0.809106
413		0.809106
413.1		0.812046
413.2		0.812046
413.3		0.812046
413.4		0.812046
413.5		0.812046
413.6		0.812046
413.7		0.812046
413.8		0.812046
413.9		0.812046
414		0.812046
414.1		0.812781
414.2		0.812781
414.3		0.812781
414.4		0.812781
414.5		0.812781
414.6		0.812781
414.7		0.812781
414.8		0.812781
414.9		0.812781
415		0.812781
415.1		0.813425
415.2		0.813425
415.3		0.813425
415.4		0.813425
415.5		0.813425
415.6		0.813425
415.7		0.813425
415.8		0.813425
415.9		0.813425
416		0.813425
416.1		0.817192
416.2		0.817192
416.3		0.817192
416.4		0.817192
416.5		0.817192
416.6		0.817192
416.7		0.817192
416.8		0.817192
416.9		0.817192
417		0.817192
417.1		0.819443
417.2		0.819443
417.3		0.819443
417.4		0.819443
417.5		0.819443
417.6		0.819443
417.7		0.819443
417.8		0.819443
417.9		0.819443
418		0.819443
418.1		0.822843
418.2		0.822843
418.3		0.822843
418.4		0.822843
418.5		0.822843
418.6		0.822843
418.7		0.822843
418.8		0.822843
418.9		0.822843
419		0.822843
419.1		0.825048
419.2		0.825048
419.3		0.825048
419.4		0.825048
419.5		0.825048
419.6		0.825048
419.7		0.825048
419.8		0.825048
419.9		0.825048
420		0.825048
420.1		0.825783
420.2		0.825783
420.3		0.825783
420.4		0.825783
420.5		0.825783
420.6		0.825783
420.7		0.825783
420.8		0.825783
420.9		0.825783
421		0.825783
421.1		0.826702
421.2		0.826702
421.3		0.826702
421.4		0.826702
421.5		0.826702
421.6		0.826702
421.7		0.826702
421.8		0.826702
421.9		0.826702
422		0.826702
422.1		0.829321
422.2		0.829321
422.3		0.829321
422.4		0.829321
422.5		0.829321
422.6		0.829321
422.7		0.829321
422.8		0.829321
422.9		0.829321
423		0.829321
423.1		0.830699
423.2		0.830699
423.3		0.830699
423.4		0.830699
423.5		0.830699
423.6		0.830699
423.7		0.830699
423.8		0.830699
423.9		0.830699
424		0.830699
424.1		0.835845
424.2		0.835845
424.3		0.835845
424.4		0.835845
424.5		0.835845
424.6		0.835845
424.7		0.835845
424.8		0.835845
424.9		0.835845
425		0.835845
425.1		0.836626
425.2		0.836626
425.3		0.836626
425.4		0.836626
425.5		0.836626
425.6		0.836626
425.7		0.836626
425.8		0.836626
425.9		0.836626
426		0.836626
426.1		0.839291
426.2		0.839291
426.3		0.839291
426.4		0.839291
426.5		0.839291
426.6		0.839291
426.7		0.839291
426.8		0.839291
426.9		0.839291
427		0.839291
427.1		0.839383
427.2		0.839383
427.3		0.839383
427.4		0.839383
427.5		0.839383
427.6		0.839383
427.7		0.839383
427.8		0.839383
427.9		0.839383
428		0.839383
428.1		0.840761
428.2		0.840761
428.3		0.840761
428.4		0.840761
428.5		0.840761
428.6		0.840761
428.7		0.840761
428.8		0.840761
428.9		0.840761
429		0.840761
429.1		0.840853
429.2		0.840853
429.3		0.840853
429.4		0.840853
429.5		0.840853
429.6		0.840853
429.7		0.840853
429.8		0.840853
429.9		0.840853
430		0.840853
430.1		0.847514
430.2		0.847514
430.3		0.847514
430.4		0.847514
430.5		0.847514
430.6		0.847514
430.7		0.847514
430.8		0.847514
430.9		0.847514
431		0.847514
431.1		0.848663
431.2		0.848663
431.3		0.848663
431.4		0.848663
431.5		0.848663
431.6		0.848663
431.7		0.848663
431.8		0.848663
431.9		0.848663
432		0.848663
432.1		0.848847
432.2		0.848847
432.3		0.848847
432.4		0.848847
432.5		0.848847
432.6		0.848847
432.7		0.848847
432.8		0.848847
432.9		0.848847
433		0.848847
433.1		0.849122
433.2		0.849122
433.3		0.849122
433.4		0.849122
433.5		0.849122
433.6		0.849122
433.7		0.849122
433.8		0.849122
433.9		0.849122
434		0.849122
434.1		0.855876
434.2		0.855876
434.3		0.855876
434.4		0.855876
434.5		0.855876
434.6		0.855876
434.7		0.855876
434.8		0.855876
434.9		0.855876
435		0.855876
435.1		0.856244
435.2		0.856244
435.3		0.856244
435.4		0.856244
435.5		0.856244
435.6		0.856244
435.7		0.856244
435.8		0.856244
435.9		0.856244
436		0.856244
436.1		0.85753
436.2		0.85753
436.3		0.85753
436.4		0.85753
436.5		0.85753
436.6		0.85753
436.7		0.85753
436.8		0.85753
436.9		0.85753
437		0.85753
437.1		0.860792
437.2		0.860792
437.3		0.860792
437.4		0.860792
437.5		0.860792
437.6		0.860792
437.7		0.860792
437.8		0.860792
437.9		0.860792
438		0.860792
438.1		0.861022
438.2		0.861022
438.3		0.861022
438.4		0.861022
438.5		0.861022
438.6		0.861022
438.7		0.861022
438.8		0.861022
438.9		0.861022
439		0.861022
439.1		0.864192
439.2		0.864192
439.3		0.864192
439.4		0.864192
439.5		0.864192
439.6		0.864192
439.7		0.864192
439.8		0.864192
439.9		0.864192
440		0.864192
440.1		0.865065
440.2		0.865065
440.3		0.865065
440.4		0.865065
440.5		0.865065
440.6		0.865065
440.7		0.865065
440.8		0.865065
440.9		0.865065
441		0.865065
441.1		0.866719
441.2		0.866719
441.3		0.866719
441.4		0.866719
441.5		0.866719
441.6		0.866719
441.7		0.866719
441.8		0.866719
441.9		0.866719
442		0.866719
442.1		0.873151
442.2		0.873151
442.3		0.873151
442.4		0.873151
442.5		0.873151
442.6		0.873151
442.7		0.873151
442.8		0.873151
442.9		0.873151
443		0.873151
443.1		0.873243
443.2		0.873243
443.3		0.873243
443.4		0.873243
443.5		0.873243
443.6		0.873243
443.7		0.873243
443.8		0.873243
443.9		0.873243
444		0.873243
444.1		0.874207
444.2		0.874207
444.3		0.874207
444.4		0.874207
444.5		0.874207
444.6		0.874207
444.7		0.874207
444.8		0.874207
444.9		0.874207
445		0.874207
445.1		0.875264
445.2		0.875264
445.3		0.875264
445.4		0.875264
445.5		0.875264
445.6		0.875264
445.7		0.875264
445.8		0.875264
445.9		0.875264
446		0.875264
446.1		0.876872
446.2		0.876872
446.3		0.876872
446.4		0.876872
446.5		0.876872
446.6		0.876872
446.7		0.876872
446.8		0.876872
446.9		0.876872
447		0.876872
447.1		0.881283
447.2		0.881283
447.3		0.881283
447.4		0.881283
447.5		0.881283
447.6		0.881283
447.7		0.881283
447.8		0.881283
447.9		0.881283
448		0.881283
448.1		0.881742
448.2		0.881742
448.3		0.881742
448.4		0.881742
448.5		0.881742
448.6		0.881742
448.7		0.881742
448.8		0.881742
448.9		0.881742
449		0.881742
449.1		0.885647
449.2		0.885647
449.3		0.885647
449.4		0.885647
449.5		0.885647
449.6		0.885647
449.7		0.885647
449.8		0.885647
449.9		0.885647
450		0.885647
450.1		0.886245
450.2		0.886245
450.3		0.886245
450.4		0.886245
450.5		0.886245
450.6		0.886245
450.7		0.886245
450.8		0.886245
450.9		0.886245
451		0.886245
451.1		0.88822
451.2		0.88822
451.3		0.88822
451.4		0.88822
451.5		0.88822
451.6		0.88822
451.7		0.88822
451.8		0.88822
451.9		0.88822
452		0.88822
452.1		0.890655
452.2		0.890655
452.3		0.890655
452.4		0.890655
452.5		0.890655
452.6		0.890655
452.7		0.890655
452.8		0.890655
452.9		0.890655
453		0.890655
453.1		0.891896
453.2		0.891896
453.3		0.891896
453.4		0.891896
453.5		0.891896
453.6		0.891896
453.7		0.891896
453.8		0.891896
453.9		0.891896
454		0.891896
454.1		0.892539
454.2		0.892539
454.3		0.892539
454.4		0.892539
454.5		0.892539
454.6		0.892539
454.7		0.892539
454.8		0.892539
454.9		0.892539
455		0.892539
455.1		0.894606
455.2		0.894606
455.3		0.894606
455.4		0.894606
455.5		0.894606
455.6		0.894606
455.7		0.894606
455.8		0.894606
455.9		0.894606
456		0.894606
456.1		0.899476
456.2		0.899476
456.3		0.899476
456.4		0.899476
456.5		0.899476
456.6		0.899476
456.7		0.899476
456.8		0.899476
456.9		0.899476
457		0.899476
457.1		0.900763
457.2		0.900763
457.3		0.900763
457.4		0.900763
457.5		0.900763
457.6		0.900763
457.7		0.900763
457.8		0.900763
457.9		0.900763
458		0.900763
458.1		0.902279
458.2		0.902279
458.3		0.902279
458.4		0.902279
458.5		0.902279
458.6		0.902279
458.7		0.902279
458.8		0.902279
458.9		0.902279
459		0.902279
459.1		0.902646
459.2		0.902646
459.3		0.902646
459.4		0.902646
459.5		0.902646
459.6		0.902646
459.7		0.902646
459.8		0.902646
459.9		0.902646
460		0.902646
460.1		0.907378
460.2		0.907378
460.3		0.907378
460.4		0.907378
460.5		0.907378
460.6		0.907378
460.7		0.907378
460.8		0.907378
460.9		0.907378
461		0.907378
461.1		0.910686
461.2		0.910686
461.3		0.910686
461.4		0.910686
461.5		0.910686
461.6		0.910686
461.7		0.910686
461.8		0.910686
461.9		0.910686
462		0.910686
462.1		0.911054
462.2		0.911054
462.3		0.911054
462.4		0.911054
462.5		0.911054
462.6		0.911054
462.7		0.911054
462.8		0.911054
462.9		0.911054
463		0.911054
463.1		0.913856
463.2		0.913856
463.3		0.913856
463.4		0.913856
463.5		0.913856
463.6		0.913856
463.7		0.913856
463.8		0.913856
463.9		0.913856
464		0.913856
464.1		0.91597
464.2		0.91597
464.3		0.91597
464.4		0.91597
464.5		0.91597
464.6		0.91597
464.7		0.91597
464.8		0.91597
464.9		0.91597
465		0.91597
465.1		0.917991
465.2		0.917991
465.3		0.917991
465.4		0.917991
465.5		0.917991
465.6		0.917991
465.7		0.917991
465.8		0.917991
465.9		0.917991
466		0.917991
466.1		0.918681
466.2		0.918681
466.3		0.918681
466.4		0.918681
466.5		0.918681
466.6		0.918681
466.7		0.918681
466.8		0.918681
466.9		0.918681
467		0.918681
467.1		0.919967
467.2		0.919967
467.3		0.919967
467.4		0.919967
467.5		0.919967
467.6		0.919967
467.7		0.919967
467.8		0.919967
467.9		0.919967
468		0.919967
468.1		0.920151
468.2		0.920151
468.3		0.920151
468.4		0.920151
468.5		0.920151
468.6		0.920151
468.7		0.920151
468.8		0.920151
468.9		0.920151
469		0.920151
469.1		0.925388
469.2		0.925388
469.3		0.925388
469.4		0.925388
469.5		0.925388
469.6		0.925388
469.7		0.925388
469.8		0.925388
469.9		0.925388
470		0.925388
470.1		0.926123
470.2		0.926123
470.3		0.926123
470.4		0.926123
470.5		0.926123
470.6		0.926123
470.7		0.926123
470.8		0.926123
470.9		0.926123
471		0.926123
471.1		0.926996
471.2		0.926996
471.3		0.926996
471.4		0.926996
471.5		0.926996
471.6		0.926996
471.7		0.926996
471.8		0.926996
471.9		0.926996
472		0.926996
472.1		0.928788
472.2		0.928788
472.3		0.928788
472.4		0.928788
472.5		0.928788
472.6		0.928788
472.7		0.928788
472.8		0.928788
472.9		0.928788
473		0.928788
473.1		0.929385
473.2		0.929385
473.3		0.929385
473.4		0.929385
473.5		0.929385
473.6		0.929385
473.7		0.929385
473.8		0.929385
473.9		0.929385
474		0.929385
474.1		0.933245
474.2		0.933245
474.3		0.933245
474.4		0.933245
474.5		0.933245
474.6		0.933245
474.7		0.933245
474.8		0.933245
474.9		0.933245
475		0.933245
475.1		0.934898
475.2		0.934898
475.3		0.934898
475.4		0.934898
475.5		0.934898
475.6		0.934898
475.7		0.934898
475.8		0.934898
475.9		0.934898
476		0.934898
476.1		0.935496
476.2		0.935496
476.3		0.935496
476.4		0.935496
476.5		0.935496
476.6		0.935496
476.7		0.935496
476.8		0.935496
476.9		0.935496
477		0.935496
477.1		0.938023
477.2		0.938023
477.3		0.938023
477.4		0.938023
477.5		0.938023
477.6		0.938023
477.7		0.938023
477.8		0.938023
477.9		0.938023
478		0.938023
478.1		0.940733
478.2		0.940733
478.3		0.940733
478.4		0.940733
478.5		0.940733
478.6		0.940733
478.7		0.940733
478.8		0.940733
478.9		0.940733
479		0.940733
479.1		0.942939
479.2		0.942939
479.3		0.942939
479.4		0.942939
479.5		0.942939
479.6		0.942939
479.7		0.942939
479.8		0.942939
479.9		0.942939
480		0.942939
480.1		0.943811
480.2		0.943811
480.3		0.943811
480.4		0.943811
480.5		0.943811
480.6		0.943811
480.7		0.943811
480.8		0.943811
480.9		0.943811
481		0.943811
481.1		0.945465
481.2		0.945465
481.3		0.945465
481.4		0.945465
481.5		0.945465
481.6		0.945465
481.7		0.945465
481.8		0.945465
481.9		0.945465
482		0.945465
482.1		0.947854
482.2		0.947854
482.3		0.947854
482.4		0.947854
482.5		0.947854
482.6		0.947854
482.7		0.947854
482.8		0.947854
482.9		0.947854
483		0.947854
483.1		0.949692
483.2		0.949692
483.3		0.949692
483.4		0.949692
483.5		0.949692
483.6		0.949692
483.7		0.949692
483.8		0.949692
483.9		0.949692
484		0.949692
484.1		0.949968
484.2		0.949968
484.3		0.949968
484.4		0.949968
484.5		0.949968
484.6		0.949968
484.7		0.949968
484.8		0.949968
484.9		0.949968
485		0.949968
485.1		0.955665
485.2		0.955665
485.3		0.955665
485.4		0.955665
485.5		0.955665
485.6		0.955665
485.7		0.955665
485.8		0.955665
485.9		0.955665
486		0.955665
486.1		0.958192
486.2		0.958192
486.3		0.958192
486.4		0.958192
486.5		0.958192
486.6		0.958192
486.7		0.958192
486.8		0.958192
486.9		0.958192
487		0.958192
487.1		0.960535
487.2		0.960535
487.3		0.960535
487.4		0.960535
487.5		0.960535
487.6		0.960535
487.7		0.960535
487.8		0.960535
487.9		0.960535
488		0.960535
488.1		0.960856
488.2		0.960856
488.3		0.960856
488.4		0.960856
488.5		0.960856
488.6		0.960856
488.7		0.960856
488.8		0.960856
488.9		0.960856
489		0.960856
489.1		0.96104
489.2		0.96104
489.3		0.96104
489.4		0.96104
489.5		0.96104
489.6		0.96104
489.7		0.96104
489.8		0.96104
489.9		0.96104
490		0.96104
490.1		0.965175
490.2		0.965175
490.3		0.965175
490.4		0.965175
490.5		0.965175
490.6		0.965175
490.7		0.965175
490.8		0.965175
490.9		0.965175
491		0.965175
491.1		0.966553
491.2		0.966553
491.3		0.966553
491.4		0.966553
491.5		0.966553
491.6		0.966553
491.7		0.966553
491.8		0.966553
491.9		0.966553
492		0.966553
492.1		0.968437
492.2		0.968437
492.3		0.968437
492.4		0.968437
492.5		0.968437
492.6		0.968437
492.7		0.968437
492.8		0.968437
492.9		0.968437
493		0.968437
493.1		0.969126
493.2		0.969126
493.3		0.969126
493.4		0.969126
493.5		0.969126
493.6		0.969126
493.7		0.969126
493.8		0.969126
493.9		0.969126
494		0.969126
494.1		0.973307
494.2		0.973307
494.3		0.973307
494.4		0.973307
494.5		0.973307
494.6		0.973307
494.7		0.973307
494.8		0.973307
494.9		0.973307
495		0.973307
495.1		0.974456
495.2		0.974456
495.3		0.974456
495.4		0.974456
495.5		0.974456
495.6		0.974456
495.7		0.974456
495.8		0.974456
495.9		0.974456
496		0.974456
496.1		0.975283
496.2		0.975283
496.3		0.975283
496.4		0.975283
496.5		0.975283
496.6		0.975283
496.7		0.975283
496.8		0.975283
496.9		0.975283
497		0.975283
497.1		0.976155
497.2		0.976155
497.3		0.976155
497.4		0.976155
497.5		0.976155
497.6		0.976155
497.7		0.976155
497.8		0.976155
497.9		0.976155
498		0.976155
498.1		0.979647
498.2		0.979647
498.3		0.979647
498.4		0.979647
498.5		0.979647
498.6		0.979647
498.7		0.979647
498.8		0.979647
498.9		0.979647
499		0.979647
499.1		0.980796
499.2		0.980796
499.3		0.980796
499.4		0.980796
499.5		0.980796
499.6		0.980796
499.7		0.980796
499.8		0.980796
499.9		0.980796
500		0.980796
500.1		0.982174
500.2		0.982174
500.3		0.982174
500.4		0.982174
500.5		0.982174
500.6		0.982174
500.7		0.982174
500.8		0.982174
500.9		0.982174
501		0.982174
501.1		0.98539
501.2		0.98539
501.3		0.98539
501.4		0.98539
501.5		0.98539
501.6		0.98539
501.7		0.98539
501.8		0.98539
501.9		0.98539
502		0.98539
502.1		0.986539
502.2		0.986539
502.3		0.986539
502.4		0.986539
502.5		0.986539
502.6		0.986539
502.7		0.986539
502.8		0.986539
502.9		0.986539
503		0.986539
503.1		0.988514
503.2		0.988514
503.3		0.988514
503.4		0.988514
503.5		0.988514
503.6		0.988514
503.7		0.988514
503.8		0.988514
503.9		0.988514
504		0.988514
504.1		0.990765
504.2		0.990765
504.3		0.990765
504.4		0.990765
504.5		0.990765
504.6		0.990765
504.7		0.990765
504.8		0.990765
504.9		0.990765
505		0.990765
505.1		0.992511
505.2		0.992511
505.3		0.992511
505.4		0.992511
505.5		0.992511
505.6		0.992511
505.7		0.992511
505.8		0.992511
505.9		0.992511
506		0.992511
506.1		0.994762
506.2		0.994762
506.3		0.994762
506.4		0.994762
506.5		0.994762
506.6		0.994762
506.7		0.994762
506.8		0.994762
506.9		0.994762
507		0.994762
507.1		0.996692
507.2		0.996692
507.3		0.996692
507.4		0.996692
507.5		0.996692
507.6		0.996692
507.7		0.996692
507.8		0.996692
507.9		0.996692
508		0.996692
508.1		0.999908
508.2		0.999908
508.3		0.999908
508.4		0.999908
508.5		0.999908
508.6		0.999908
508.7		0.999908
508.8		0.999908
508.9		0.999908
509		0.999908
509.1		1
509.2		1
509.3		1
509.4		1
509.5		1
509.6		1
509.7		1
509.8		1
509.9		1
510		1
510.1		1
510.2		1
510.3		1
510.4		1
510.5		1
510.6		1
510.7		1
510.8		1
510.9		1
511		1
511.1		1
511.2		1
511.3		1
511.4		1
511.5		1
511.6		1
511.7		1
511.8		1
511.9		1
512		1
512.1		1
512.2		1
512.3		1
512.4		1
512.5		1
512.6		1
512.7		1
512.8		1
512.9		1
513		1
513.1		1
513.2		1
513.3		1
513.4		1
513.5		1
513.6		1
513.7		1
513.8		1
513.9		1
514		1
514.1		1
514.2		1
514.3		1
514.4		1
514.5		1
514.6		1
514.7		1
514.8		1
514.9		1
515		1
515.1		1
515.2		1
515.3		1
515.4		1
515.5		1
515.6		1
515.7		1
515.8		1
515.9		1
516		1
516.1		1
516.2		1
516.3		1
516.4		1
516.5		1
516.6		1
516.7		1
516.8		1
516.9		1
517		1
517.1		1
517.2		1
517.3		1
517.4		1
517.5		1
517.6		1
517.7		1
517.8		1
517.9		1
518		1
518.1		1
518.2		1
518.3		1
518.4		1
518.5		1
518.6		1
518.7		1
518.8		1
518.9		1
519		1
519.1		1
519.2		1
519.3		1
519.4		1
519.5		1
519.6		1
519.7		1
519.8		1
519.9		1
520		1
520.1		1
520.2		1
520.3		1
520.4		1
520.5		1
520.6		1
520.7		1
520.8		1
520.9		1
521		1
521.1		1
521.2		1
521.3		1
521.4		1
521.5		1
521.6		1
521.7		1
521.8		1
521.9		1
522		1
522.1		1
522.2		1
522.3		1
522.4		1
522.5		1
522.6		1
522.7		1
522.8		1
522.9		1
523		1
523.1		1
523.2		1
523.3		1
523.4		1
523.5		1
523.6		1
523.7		1
523.8		1
523.9		1
524		1
524.1		1
524.2		1
524.3		1
524.4		1
524.5		1
524.6		1
524.7		1
524.8		1
524.9		1
525		1
525.1		1
525.2		1
525.3		1
525.4		1
525.5		1
525.6		1
525.7		1
525.8		1
525.9		1
526		1
526.1		1
526.2		1
526.3		1
526.4		1
526.5		1
526.6		1
526.7		1
526.8		1
526.9		1
527		1
527.1		1
527.2		1
527.3		1
527.4		1
527.5		1
527.6		1
527.7		1
527.8		1
527.9		1
528		1
528.1		1
528.2		1
528.3		1
528.4		1
528.5		1
528.6		1
528.7		1
528.8		1
528.9		1
529		1
529.1		1
529.2		1
529.3		1
529.4		1
529.5		1
529.6		1
529.7		1
529.8		1
529.9		1
530		1
530.1		1
530.2		1
530.3		1
530.4		1
530.5		1
530.6		1
530.7		1
530.8		1
530.9		1
531		1
531.1		1
531.2		1
531.3		1
531.4		1
531.5		1
531.6		1
531.7		1
531.8		1
531.9		1
532		1
532.1		1
532.2		1
532.3		1
532.4		1
532.5		1
532.6		1
532.7		1
532.8		1
532.9		1
533		1
533.1		1
533.2		1
533.3		1
533.4		1
533.5		1
533.6		1
533.7		1
533.8		1
533.9		1
534		1
534.1		1
534.2		1
534.3		1
534.4		1
534.5		1
534.6		1
534.7		1
534.8		1
534.9		1
535		1
535.1		1
535.2		1
535.3		1
535.4		1
535.5		1
535.6		1
535.7		1
535.8		1
535.9		1
536		1
536.1		1
536.2		1
536.3		1
536.4		1
536.5		1
536.6		1
536.7		1
536.8		1
536.9		1
537		1
537.1		1
537.2		1
537.3		1
537.4		1
537.5		1
537.6		1
537.7		1
537.8		1
537.9		1
538		1
538.1		1
538.2		1
538.3		1
538.4		1
538.5		1
538.6		1
538.7		1
538.8		1
538.9		1
539		1
539.1		1
539.2		1
539.3		1
539.4		1
539.5		1
539.6		1
539.7		1
539.8		1
539.9		1
540		1
540.1		1
540.2		1
540.3		1
540.4		1
540.5		1
540.6		1
540.7		1
540.8		1
540.9		1
541		1
541.1		1
541.2		1
541.3		1
541.4		1
541.5		1
541.6		1
541.7		1
541.8		1
541.9		1
542		1
542.1		1
542.2		1
542.3		1
542.4		1
542.5		1
542.6		1
542.7		1
542.8		1
542.9		1
543		1
543.1		1
543.2		1
543.3		1
543.4		1
543.5		1
543.6		1
543.7		1
543.8		1
543.9		1
544		1
544.1		1
544.2		1
544.3		1
544.4		1
544.5		1
544.6		1
544.7		1
544.8		1
544.9		1
545		1
545.1		1
545.2		1
545.3		1
545.4		1
545.5		1
545.6		1
545.7		1
545.8		1
545.9		1
546		1
546.1		1
546.2		1
546.3		1
546.4		1
546.5		1
546.6		1
546.7		1
546.8		1
546.9		1
547		1
547.1		1
547.2		1
547.3		1
547.4		1
547.5		1
547.6		1
547.7		1
547.8		1
547.9		1
548		1
548.1		1
548.2		1
548.3		1
548.4		1
548.5		1
548.6		1
548.7		1
548.8		1
548.9		1
549		1
549.1		1
549.2		1
549.3		1
549.4		1
549.5		1
549.6		1
549.7		1
549.8		1
549.9		1
550		1
550.1		1
550.2		1
550.3		1
550.4		1
550.5		1
550.6		1
550.7		1
550.8		1
550.9		1
551		1
551.1		1
551.2		1
551.3		1
551.4		1
551.5		1
551.6		1
551.7		1
551.8		1
551.9		1
552		1
552.1		1
552.2		1
552.3		1
552.4		1
552.5		1
552.6		1
552.7		1
552.8		1
552.9		1
553		1
553.1		1
553.2		1
553.3		1
553.4		1
553.5		1
553.6		1
553.7		1
553.8		1
553.9		1
554		1
554.1		1
554.2		1
554.3		1
554.4		1
554.5		1
554.6		1
554.7		1
554.8		1
554.9		1
555		1
555.1		1
555.2		1
555.3		1
555.4		1
555.5		1
555.6		1
555.7		1
555.8		1
555.9		1
556		1
556.1		1
556.2		1
556.3		1
556.4		1
556.5		1
556.6		1
556.7		1
556.8		1
556.9		1
557		1
557.1		1
557.2		1
557.3		1
557.4		1
557.5		1
557.6		1
557.7		1
557.8		1
557.9		1
558		1
558.1		1
558.2		1
558.3		1
558.4		1
558.5		1
558.6		1
558.7		1
558.8		1
558.9		1
559		1
559.1		1
559.2		1
559.3		1
559.4		1
559.5		1
559.6		1
559.7		1
559.8		1
559.9		1
560		1
560.1		1
560.2		1
560.3		1
560.4		1
560.5		1
560.6		1
560.7		1
560.8		1
560.9		1
561		1
561.1		1
561.2		1
561.3		1
561.4		1
561.5		1
561.6		1
561.7		1
561.8		1
561.9		1
562		1
562.1		1
562.2		1
562.3		1
562.4		1
562.5		1
562.6		1
562.7		1
562.8		1
562.9		1
563		1
563.1		1
563.2		1
563.3		1
563.4		1
563.5		1
563.6		1
563.7		1
563.8		1
563.9		1
564		1
564.1		1
564.2		1
564.3		1
564.4		1
564.5		1
564.6		1
564.7		1
564.8		1
564.9		1
565		1
565.1		1
565.2		1
565.3		1
565.4		1
565.5		1
565.6		1
565.7		1
565.8		1
565.9		1
566		1
566.1		1
566.2		1
566.3		1
566.4		1
566.5		1
566.6		1
566.7		1
566.8		1
566.9		1
567		1
567.1		1
567.2		1
567.3		1
567.4		1
567.5		1
567.6		1
567.7		1
567.8		1
567.9		1
568		1
568.1		1
568.2		1
568.3		1
568.4		1
568.5		1
568.6		1
568.7		1
568.8		1
568.9		1
569		1
569.1		1
569.2		1
569.3		1
569.4		1
569.5		1
569.6		1
569.7		1
569.8		1
569.9		1
570		1
570.1		1
570.2		1
570.3		1
570.4		1
570.5		1
570.6		1
570.7		1
570.8		1
570.9		1
571		1
571.1		1
571.2		1
571.3		1
571.4		1
571.5		1
571.6		1
571.7		1
571.8		1
571.9		1
572		1
572.1		1
572.2		1
572.3		1
572.4		1
572.5		1
572.6		1
572.7		1
572.8		1
572.9		1
573		1
573.1		1
573.2		1
573.3		1
573.4		1
573.5		1
573.6		1
573.7		1
573.8		1
573.9		1
574		1
574.1		1
574.2		1
574.3		1
574.4		1
574.5		1
574.6		1
574.7		1
574.8		1
574.9		1
575		1
575.1		1
575.2		1
575.3		1
575.4		1
575.5		1
575.6		1
575.7		1
575.8		1
575.9		1
576		1
576.1		1
576.2		1
576.3		1
576.4		1
576.5		1
576.6		1
576.7		1
576.8		1
576.9		1
577		1
577.1		1
577.2		1
577.3		1
577.4		1
577.5		1
577.6		1
577.7		1
577.8		1
577.9		1
578		1
578.1		1
578.2		1
578.3		1
578.4		1
578.5		1
578.6		1
578.7		1
578.8		1
578.9		1
579		1
579.1		1
579.2		1
579.3		1
579.4		1
579.5		1
579.6		1
579.7		1
579.8		1
579.9		1
580		1
580.1		1
580.2		1
580.3		1
580.4		1
580.5		1
580.6		1
580.7		1
580.8		1
580.9		1
581		1
581.1		1
581.2		1
581.3		1
581.4		1
581.5		1
581.6		1
581.7		1
581.8		1
581.9		1
582		1
582.1		1
582.2		1
582.3		1
582.4		1
582.5		1
582.6		1
582.7		1
582.8		1
582.9		1
583		1
583.1		1
583.2		1
583.3		1
583.4		1
583.5		1
583.6		1
583.7		1
583.8		1
583.9		1
584		1
584.1		1
584.2		1
584.3		1
584.4		1
584.5		1
584.6		1
584.7		1
584.8		1
584.9		1
585		1
585.1		1
585.2		1
585.3		1
585.4		1
585.5		1
585.6		1
585.7		1
585.8		1
585.9		1
586		1
586.1		1
586.2		1
586.3		1
586.4		1
586.5		1
586.6		1
586.7		1
586.8		1
586.9		1
587		1
587.1		1
587.2		1
587.3		1
587.4		1
587.5		1
587.6		1
587.7		1
587.8		1
587.9		1
588		1
588.1		1
588.2		1
588.3		1
588.4		1
588.5		1
588.6		1
588.7		1
588.8		1
588.9		1
589		1
589.1		1
589.2		1
589.3		1
589.4		1
589.5		1
589.6		1
589.7		1
589.8		1
589.9		1
590		1
590.1		1
590.2		1
590.3		1
590.4		1
590.5		1
590.6		1
590.7		1
590.8		1
590.9		1
591		1
591.1		1
591.2		1
591.3		1
591.4		1
591.5		1
591.6		1
591.7		1
591.8		1
591.9		1
592		1
592.1		1
592.2		1
592.3		1
592.4		1
592.5		1
592.6		1
592.7		1
592.8		1
592.9		1
593		1
593.1		1
593.2		1
593.3		1
593.4		1
593.5		1
593.6		1
593.7		1
593.8		1
593.9		1
594		1
594.1		1
594.2		1
594.3		1
594.4		1
594.5		1
594.6		1
594.7		1
594.8		1
594.9		1
595		1
595.1		1
595.2		1
595.3		1
595.4		1
595.5		1
595.6		1
595.7		1
595.8		1
595.9		1
596		1
596.1		1
596.2		1
596.3		1
596.4		1
596.5		1
596.6		1
596.7		1
596.8		1
596.9		1
597		1
597.1		1
597.2		1
597.3		1
597.4		1
597.5		1
597.6		1
597.7		1
597.8		1
597.9		1
598		1
598.1		1
598.2		1
598.3		1
598.4		1
598.5		1
598.6		1
598.7		1
598.8		1
598.9		1
599		1
599.1		1
599.2		1
599.3		1
599.4		1
599.5		1
599.6		1
599.7		1
599.8		1
599.9		1
600		1
