# Calibration file of tamex_id 1 @ channel 20
# fine_T bin		 Calibration value
0.1		0
0.2		0
0.3		0
0.4		0
0.5		0
0.6		0
0.7		0
0.8		0
0.9		0
1		0
1.1		0
1.2		0
1.3		0
1.4		0
1.5		0
1.6		0
1.7		0
1.8		0
1.9		0
2		0
2.1		0
2.2		0
2.3		0
2.4		0
2.5		0
2.6		0
2.7		0
2.8		0
2.9		0
3		0
3.1		0
3.2		0
3.3		0
3.4		0
3.5		0
3.6		0
3.7		0
3.8		0
3.9		0
4		0
4.1		0
4.2		0
4.3		0
4.4		0
4.5		0
4.6		0
4.7		0
4.8		0
4.9		0
5		0
5.1		0
5.2		0
5.3		0
5.4		0
5.5		0
5.6		0
5.7		0
5.8		0
5.9		0
6		0
6.1		0
6.2		0
6.3		0
6.4		0
6.5		0
6.6		0
6.7		0
6.8		0
6.9		0
7		0
7.1		0
7.2		0
7.3		0
7.4		0
7.5		0
7.6		0
7.7		0
7.8		0
7.9		0
8		0
8.1		0
8.2		0
8.3		0
8.4		0
8.5		0
8.6		0
8.7		0
8.8		0
8.9		0
9		0
9.1		0
9.2		0
9.3		0
9.4		0
9.5		0
9.6		0
9.7		0
9.8		0
9.9		0
10		0
10.1		0
10.2		0
10.3		0
10.4		0
10.5		0
10.6		0
10.7		0
10.8		0
10.9		0
11		0
11.1		0
11.2		0
11.3		0
11.4		0
11.5		0
11.6		0
11.7		0
11.8		0
11.9		0
12		0
12.1		0
12.2		0
12.3		0
12.4		0
12.5		0
12.6		0
12.7		0
12.8		0
12.9		0
13		0
13.1		0
13.2		0
13.3		0
13.4		0
13.5		0
13.6		0
13.7		0
13.8		0
13.9		0
14		0
14.1		0
14.2		0
14.3		0
14.4		0
14.5		0
14.6		0
14.7		0
14.8		0
14.9		0
15		0
15.1		0
15.2		0
15.3		0
15.4		0
15.5		0
15.6		0
15.7		0
15.8		0
15.9		0
16		0
16.1		0.00574633
16.2		0.00574633
16.3		0.00574633
16.4		0.00574633
16.5		0.00574633
16.6		0.00574633
16.7		0.00574633
16.8		0.00574633
16.9		0.00574633
17		0.00574633
17.1		0.00758516
17.2		0.00758516
17.3		0.00758516
17.4		0.00758516
17.5		0.00758516
17.6		0.00758516
17.7		0.00758516
17.8		0.00758516
17.9		0.00758516
18		0.00758516
18.1		0.00882637
18.2		0.00882637
18.3		0.00882637
18.4		0.00882637
18.5		0.00882637
18.6		0.00882637
18.7		0.00882637
18.8		0.00882637
18.9		0.00882637
19		0.00882637
19.1		0.010895
19.2		0.010895
19.3		0.010895
19.4		0.010895
19.5		0.010895
19.6		0.010895
19.7		0.010895
19.8		0.010895
19.9		0.010895
20		0.010895
20.1		0.0148026
20.2		0.0148026
20.3		0.0148026
20.4		0.0148026
20.5		0.0148026
20.6		0.0148026
20.7		0.0148026
20.8		0.0148026
20.9		0.0148026
21		0.0148026
21.1		0.0176527
21.2		0.0176527
21.3		0.0176527
21.4		0.0176527
21.5		0.0176527
21.6		0.0176527
21.7		0.0176527
21.8		0.0176527
21.9		0.0176527
22		0.0176527
22.1		0.0183883
22.2		0.0183883
22.3		0.0183883
22.4		0.0183883
22.5		0.0183883
22.6		0.0183883
22.7		0.0183883
22.8		0.0183883
22.9		0.0183883
23		0.0183883
23.1		0.0204569
23.2		0.0204569
23.3		0.0204569
23.4		0.0204569
23.5		0.0204569
23.6		0.0204569
23.7		0.0204569
23.8		0.0204569
23.9		0.0204569
24		0.0204569
24.1		0.0243645
24.2		0.0243645
24.3		0.0243645
24.4		0.0243645
24.5		0.0243645
24.6		0.0243645
24.7		0.0243645
24.8		0.0243645
24.9		0.0243645
25		0.0243645
25.1		0.0251919
25.2		0.0251919
25.3		0.0251919
25.4		0.0251919
25.5		0.0251919
25.6		0.0251919
25.7		0.0251919
25.8		0.0251919
25.9		0.0251919
26		0.0251919
26.1		0.0254678
26.2		0.0254678
26.3		0.0254678
26.4		0.0254678
26.5		0.0254678
26.6		0.0254678
26.7		0.0254678
26.8		0.0254678
26.9		0.0254678
27		0.0254678
27.1		0.0285018
27.2		0.0285018
27.3		0.0285018
27.4		0.0285018
27.5		0.0285018
27.6		0.0285018
27.7		0.0285018
27.8		0.0285018
27.9		0.0285018
28		0.0285018
28.1		0.0307084
28.2		0.0307084
28.3		0.0307084
28.4		0.0307084
28.5		0.0307084
28.6		0.0307084
28.7		0.0307084
28.8		0.0307084
28.9		0.0307084
29		0.0307084
29.1		0.0330529
29.2		0.0330529
29.3		0.0330529
29.4		0.0330529
29.5		0.0330529
29.6		0.0330529
29.7		0.0330529
29.8		0.0330529
29.9		0.0330529
30		0.0330529
30.1		0.0334207
30.2		0.0334207
30.3		0.0334207
30.4		0.0334207
30.5		0.0334207
30.6		0.0334207
30.7		0.0334207
30.8		0.0334207
30.9		0.0334207
31		0.0334207
31.1		0.0369604
31.2		0.0369604
31.3		0.0369604
31.4		0.0369604
31.5		0.0369604
31.6		0.0369604
31.7		0.0369604
31.8		0.0369604
31.9		0.0369604
32		0.0369604
32.1		0.0372362
32.2		0.0372362
32.3		0.0372362
32.4		0.0372362
32.5		0.0372362
32.6		0.0372362
32.7		0.0372362
32.8		0.0372362
32.9		0.0372362
33		0.0372362
33.1		0.0395348
33.2		0.0395348
33.3		0.0395348
33.4		0.0395348
33.5		0.0395348
33.6		0.0395348
33.7		0.0395348
33.8		0.0395348
33.9		0.0395348
34		0.0395348
34.1		0.040776
34.2		0.040776
34.3		0.040776
34.4		0.040776
34.5		0.040776
34.6		0.040776
34.7		0.040776
34.8		0.040776
34.9		0.040776
35		0.040776
35.1		0.0439939
35.2		0.0439939
35.3		0.0439939
35.4		0.0439939
35.5		0.0439939
35.6		0.0439939
35.7		0.0439939
35.8		0.0439939
35.9		0.0439939
36		0.0439939
36.1		0.0461546
36.2		0.0461546
36.3		0.0461546
36.4		0.0461546
36.5		0.0461546
36.6		0.0461546
36.7		0.0461546
36.8		0.0461546
36.9		0.0461546
37		0.0461546
37.1		0.0465223
37.2		0.0465223
37.3		0.0465223
37.4		0.0465223
37.5		0.0465223
37.6		0.0465223
37.7		0.0465223
37.8		0.0465223
37.9		0.0465223
38		0.0465223
38.1		0.0471659
38.2		0.0471659
38.3		0.0471659
38.4		0.0471659
38.5		0.0471659
38.6		0.0471659
38.7		0.0471659
38.8		0.0471659
38.9		0.0471659
39		0.0471659
39.1		0.0514872
39.2		0.0514872
39.3		0.0514872
39.4		0.0514872
39.5		0.0514872
39.6		0.0514872
39.7		0.0514872
39.8		0.0514872
39.9		0.0514872
40		0.0514872
40.1		0.0543833
40.2		0.0543833
40.3		0.0543833
40.4		0.0543833
40.5		0.0543833
40.6		0.0543833
40.7		0.0543833
40.8		0.0543833
40.9		0.0543833
41		0.0543833
41.1		0.0554406
41.2		0.0554406
41.3		0.0554406
41.4		0.0554406
41.5		0.0554406
41.6		0.0554406
41.7		0.0554406
41.8		0.0554406
41.9		0.0554406
42		0.0554406
42.1		0.0573714
42.2		0.0573714
42.3		0.0573714
42.4		0.0573714
42.5		0.0573714
42.6		0.0573714
42.7		0.0573714
42.8		0.0573714
42.9		0.0573714
43		0.0573714
43.1		0.0586126
43.2		0.0586126
43.3		0.0586126
43.4		0.0586126
43.5		0.0586126
43.6		0.0586126
43.7		0.0586126
43.8		0.0586126
43.9		0.0586126
44		0.0586126
44.1		0.0596699
44.2		0.0596699
44.3		0.0596699
44.4		0.0596699
44.5		0.0596699
44.6		0.0596699
44.7		0.0596699
44.8		0.0596699
44.9		0.0596699
45		0.0596699
45.1		0.0606353
45.2		0.0606353
45.3		0.0606353
45.4		0.0606353
45.5		0.0606353
45.6		0.0606353
45.7		0.0606353
45.8		0.0606353
45.9		0.0606353
46		0.0606353
46.1		0.0661518
46.2		0.0661518
46.3		0.0661518
46.4		0.0661518
46.5		0.0661518
46.6		0.0661518
46.7		0.0661518
46.8		0.0661518
46.9		0.0661518
47		0.0661518
47.1		0.0667954
47.2		0.0667954
47.3		0.0667954
47.4		0.0667954
47.5		0.0667954
47.6		0.0667954
47.7		0.0667954
47.8		0.0667954
47.9		0.0667954
48		0.0667954
48.1		0.0688181
48.2		0.0688181
48.3		0.0688181
48.4		0.0688181
48.5		0.0688181
48.6		0.0688181
48.7		0.0688181
48.8		0.0688181
48.9		0.0688181
49		0.0688181
49.1		0.0698294
49.2		0.0698294
49.3		0.0698294
49.4		0.0698294
49.5		0.0698294
49.6		0.0698294
49.7		0.0698294
49.8		0.0698294
49.9		0.0698294
50		0.0698294
50.1		0.0741507
50.2		0.0741507
50.3		0.0741507
50.4		0.0741507
50.5		0.0741507
50.6		0.0741507
50.7		0.0741507
50.8		0.0741507
50.9		0.0741507
51		0.0741507
51.1		0.0747023
51.2		0.0747023
51.3		0.0747023
51.4		0.0747023
51.5		0.0747023
51.6		0.0747023
51.7		0.0747023
51.8		0.0747023
51.9		0.0747023
52		0.0747023
52.1		0.0788397
52.2		0.0788397
52.3		0.0788397
52.4		0.0788397
52.5		0.0788397
52.6		0.0788397
52.7		0.0788397
52.8		0.0788397
52.9		0.0788397
53		0.0788397
53.1		0.0809544
53.2		0.0809544
53.3		0.0809544
53.4		0.0809544
53.5		0.0809544
53.6		0.0809544
53.7		0.0809544
53.8		0.0809544
53.9		0.0809544
54		0.0809544
54.1		0.0812302
54.2		0.0812302
54.3		0.0812302
54.4		0.0812302
54.5		0.0812302
54.6		0.0812302
54.7		0.0812302
54.8		0.0812302
54.9		0.0812302
55		0.0812302
55.1		0.0838505
55.2		0.0838505
55.3		0.0838505
55.4		0.0838505
55.5		0.0838505
55.6		0.0838505
55.7		0.0838505
55.8		0.0838505
55.9		0.0838505
56		0.0838505
56.1		0.0848159
56.2		0.0848159
56.3		0.0848159
56.4		0.0848159
56.5		0.0848159
56.6		0.0848159
56.7		0.0848159
56.8		0.0848159
56.9		0.0848159
57		0.0848159
57.1		0.0860111
57.2		0.0860111
57.3		0.0860111
57.4		0.0860111
57.5		0.0860111
57.6		0.0860111
57.7		0.0860111
57.8		0.0860111
57.9		0.0860111
58		0.0860111
58.1		0.092539
58.2		0.092539
58.3		0.092539
58.4		0.092539
58.5		0.092539
58.6		0.092539
58.7		0.092539
58.8		0.092539
58.9		0.092539
59		0.092539
59.1		0.0928148
59.2		0.0928148
59.3		0.0928148
59.4		0.0928148
59.5		0.0928148
59.6		0.0928148
59.7		0.0928148
59.8		0.0928148
59.9		0.0928148
60		0.0928148
60.1		0.0959868
60.2		0.0959868
60.3		0.0959868
60.4		0.0959868
60.5		0.0959868
60.6		0.0959868
60.7		0.0959868
60.8		0.0959868
60.9		0.0959868
61		0.0959868
61.1		0.0969981
61.2		0.0969981
61.3		0.0969981
61.4		0.0969981
61.5		0.0969981
61.6		0.0969981
61.7		0.0969981
61.8		0.0969981
61.9		0.0969981
62		0.0969981
62.1		0.0999402
62.2		0.0999402
62.3		0.0999402
62.4		0.0999402
62.5		0.0999402
62.6		0.0999402
62.7		0.0999402
62.8		0.0999402
62.9		0.0999402
63		0.0999402
63.1		0.100446
63.2		0.100446
63.3		0.100446
63.4		0.100446
63.5		0.100446
63.6		0.100446
63.7		0.100446
63.8		0.100446
63.9		0.100446
64		0.100446
64.1		0.105319
64.2		0.105319
64.3		0.105319
64.4		0.105319
64.5		0.105319
64.6		0.105319
64.7		0.105319
64.8		0.105319
64.9		0.105319
65		0.105319
65.1		0.105319
65.2		0.105319
65.3		0.105319
65.4		0.105319
65.5		0.105319
65.6		0.105319
65.7		0.105319
65.8		0.105319
65.9		0.105319
66		0.105319
66.1		0.108996
66.2		0.108996
66.3		0.108996
66.4		0.108996
66.5		0.108996
66.6		0.108996
66.7		0.108996
66.8		0.108996
66.9		0.108996
67		0.108996
67.1		0.110881
67.2		0.110881
67.3		0.110881
67.4		0.110881
67.5		0.110881
67.6		0.110881
67.7		0.110881
67.8		0.110881
67.9		0.110881
68		0.110881
68.1		0.111065
68.2		0.111065
68.3		0.111065
68.4		0.111065
68.5		0.111065
68.6		0.111065
68.7		0.111065
68.8		0.111065
68.9		0.111065
69		0.111065
69.1		0.111755
69.2		0.111755
69.3		0.111755
69.4		0.111755
69.5		0.111755
69.6		0.111755
69.7		0.111755
69.8		0.111755
69.9		0.111755
70		0.111755
70.1		0.115938
70.2		0.115938
70.3		0.115938
70.4		0.115938
70.5		0.115938
70.6		0.115938
70.7		0.115938
70.8		0.115938
70.9		0.115938
71		0.115938
71.1		0.117133
71.2		0.117133
71.3		0.117133
71.4		0.117133
71.5		0.117133
71.6		0.117133
71.7		0.117133
71.8		0.117133
71.9		0.117133
72		0.117133
72.1		0.121822
72.2		0.121822
72.3		0.121822
72.4		0.121822
72.5		0.121822
72.6		0.121822
72.7		0.121822
72.8		0.121822
72.9		0.121822
73		0.121822
73.1		0.12242
73.2		0.12242
73.3		0.12242
73.4		0.12242
73.5		0.12242
73.6		0.12242
73.7		0.12242
73.8		0.12242
73.9		0.12242
74		0.12242
74.1		0.122466
74.2		0.122466
74.3		0.122466
74.4		0.122466
74.5		0.122466
74.6		0.122466
74.7		0.122466
74.8		0.122466
74.9		0.122466
75		0.122466
75.1		0.125178
75.2		0.125178
75.3		0.125178
75.4		0.125178
75.5		0.125178
75.6		0.125178
75.7		0.125178
75.8		0.125178
75.9		0.125178
76		0.125178
76.1		0.127017
76.2		0.127017
76.3		0.127017
76.4		0.127017
76.5		0.127017
76.6		0.127017
76.7		0.127017
76.8		0.127017
76.9		0.127017
77		0.127017
77.1		0.127477
77.2		0.127477
77.3		0.127477
77.4		0.127477
77.5		0.127477
77.6		0.127477
77.7		0.127477
77.8		0.127477
77.9		0.127477
78		0.127477
78.1		0.130465
78.2		0.130465
78.3		0.130465
78.4		0.130465
78.5		0.130465
78.6		0.130465
78.7		0.130465
78.8		0.130465
78.9		0.130465
79		0.130465
79.1		0.133637
79.2		0.133637
79.3		0.133637
79.4		0.133637
79.5		0.133637
79.6		0.133637
79.7		0.133637
79.8		0.133637
79.9		0.133637
80		0.133637
80.1		0.135568
80.2		0.135568
80.3		0.135568
80.4		0.135568
80.5		0.135568
80.6		0.135568
80.7		0.135568
80.8		0.135568
80.9		0.135568
81		0.135568
81.1		0.136809
81.2		0.136809
81.3		0.136809
81.4		0.136809
81.5		0.136809
81.6		0.136809
81.7		0.136809
81.8		0.136809
81.9		0.136809
82		0.136809
82.1		0.13805
82.2		0.13805
82.3		0.13805
82.4		0.13805
82.5		0.13805
82.6		0.13805
82.7		0.13805
82.8		0.13805
82.9		0.13805
83		0.13805
83.1		0.13828
83.2		0.13828
83.3		0.13828
83.4		0.13828
83.5		0.13828
83.6		0.13828
83.7		0.13828
83.8		0.13828
83.9		0.13828
84		0.13828
84.1		0.146325
84.2		0.146325
84.3		0.146325
84.4		0.146325
84.5		0.146325
84.6		0.146325
84.7		0.146325
84.8		0.146325
84.9		0.146325
85		0.146325
85.1		0.146646
85.2		0.146646
85.3		0.146646
85.4		0.146646
85.5		0.146646
85.6		0.146646
85.7		0.146646
85.8		0.146646
85.9		0.146646
86		0.146646
86.1		0.148715
86.2		0.148715
86.3		0.148715
86.4		0.148715
86.5		0.148715
86.6		0.148715
86.7		0.148715
86.8		0.148715
86.9		0.148715
87		0.148715
87.1		0.150186
87.2		0.150186
87.3		0.150186
87.4		0.150186
87.5		0.150186
87.6		0.150186
87.7		0.150186
87.8		0.150186
87.9		0.150186
88		0.150186
88.1		0.152715
88.2		0.152715
88.3		0.152715
88.4		0.152715
88.5		0.152715
88.6		0.152715
88.7		0.152715
88.8		0.152715
88.9		0.152715
89		0.152715
89.1		0.155749
89.2		0.155749
89.3		0.155749
89.4		0.155749
89.5		0.155749
89.6		0.155749
89.7		0.155749
89.8		0.155749
89.9		0.155749
90		0.155749
90.1		0.156668
90.2		0.156668
90.3		0.156668
90.4		0.156668
90.5		0.156668
90.6		0.156668
90.7		0.156668
90.8		0.156668
90.9		0.156668
91		0.156668
91.1		0.160116
91.2		0.160116
91.3		0.160116
91.4		0.160116
91.5		0.160116
91.6		0.160116
91.7		0.160116
91.8		0.160116
91.9		0.160116
92		0.160116
92.1		0.162782
92.2		0.162782
92.3		0.162782
92.4		0.162782
92.5		0.162782
92.6		0.162782
92.7		0.162782
92.8		0.162782
92.9		0.162782
93		0.162782
93.1		0.16292
93.2		0.16292
93.3		0.16292
93.4		0.16292
93.5		0.16292
93.6		0.16292
93.7		0.16292
93.8		0.16292
93.9		0.16292
94		0.16292
94.1		0.163196
94.2		0.163196
94.3		0.163196
94.4		0.163196
94.5		0.163196
94.6		0.163196
94.7		0.163196
94.8		0.163196
94.9		0.163196
95		0.163196
95.1		0.167103
95.2		0.167103
95.3		0.167103
95.4		0.167103
95.5		0.167103
95.6		0.167103
95.7		0.167103
95.8		0.167103
95.9		0.167103
96		0.167103
96.1		0.167241
96.2		0.167241
96.3		0.167241
96.4		0.167241
96.5		0.167241
96.6		0.167241
96.7		0.167241
96.8		0.167241
96.9		0.167241
97		0.167241
97.1		0.172712
97.2		0.172712
97.3		0.172712
97.4		0.172712
97.5		0.172712
97.6		0.172712
97.7		0.172712
97.8		0.172712
97.9		0.172712
98		0.172712
98.1		0.173126
98.2		0.173126
98.3		0.173126
98.4		0.173126
98.5		0.173126
98.6		0.173126
98.7		0.173126
98.8		0.173126
98.9		0.173126
99		0.173126
99.1		0.173401
99.2		0.173401
99.3		0.173401
99.4		0.173401
99.5		0.173401
99.6		0.173401
99.7		0.173401
99.8		0.173401
99.9		0.173401
100		0.173401
100.1		0.175102
100.2		0.175102
100.3		0.175102
100.4		0.175102
100.5		0.175102
100.6		0.175102
100.7		0.175102
100.8		0.175102
100.9		0.175102
101		0.175102
101.1		0.177631
101.2		0.177631
101.3		0.177631
101.4		0.177631
101.5		0.177631
101.6		0.177631
101.7		0.177631
101.8		0.177631
101.9		0.177631
102		0.177631
102.1		0.180021
102.2		0.180021
102.3		0.180021
102.4		0.180021
102.5		0.180021
102.6		0.180021
102.7		0.180021
102.8		0.180021
102.9		0.180021
103		0.180021
103.1		0.182825
103.2		0.182825
103.3		0.182825
103.4		0.182825
103.5		0.182825
103.6		0.182825
103.7		0.182825
103.8		0.182825
103.9		0.182825
104		0.182825
104.1		0.184067
104.2		0.184067
104.3		0.184067
104.4		0.184067
104.5		0.184067
104.6		0.184067
104.7		0.184067
104.8		0.184067
104.9		0.184067
105		0.184067
105.1		0.184848
105.2		0.184848
105.3		0.184848
105.4		0.184848
105.5		0.184848
105.6		0.184848
105.7		0.184848
105.8		0.184848
105.9		0.184848
106		0.184848
106.1		0.187285
106.2		0.187285
106.3		0.187285
106.4		0.187285
106.5		0.187285
106.6		0.187285
106.7		0.187285
106.8		0.187285
106.9		0.187285
107		0.187285
107.1		0.189353
107.2		0.189353
107.3		0.189353
107.4		0.189353
107.5		0.189353
107.6		0.189353
107.7		0.189353
107.8		0.189353
107.9		0.189353
108		0.189353
108.1		0.192525
108.2		0.192525
108.3		0.192525
108.4		0.192525
108.5		0.192525
108.6		0.192525
108.7		0.192525
108.8		0.192525
108.9		0.192525
109		0.192525
109.1		0.19372
109.2		0.19372
109.3		0.19372
109.4		0.19372
109.5		0.19372
109.6		0.19372
109.7		0.19372
109.8		0.19372
109.9		0.19372
110		0.19372
110.1		0.196754
110.2		0.196754
110.3		0.196754
110.4		0.196754
110.5		0.196754
110.6		0.196754
110.7		0.196754
110.8		0.196754
110.9		0.196754
111		0.196754
111.1		0.199743
111.2		0.199743
111.3		0.199743
111.4		0.199743
111.5		0.199743
111.6		0.199743
111.7		0.199743
111.8		0.199743
111.9		0.199743
112		0.199743
112.1		0.200294
112.2		0.200294
112.3		0.200294
112.4		0.200294
112.5		0.200294
112.6		0.200294
112.7		0.200294
112.8		0.200294
112.9		0.200294
113		0.200294
113.1		0.20034
113.2		0.20034
113.3		0.20034
113.4		0.20034
113.5		0.20034
113.6		0.20034
113.7		0.20034
113.8		0.20034
113.9		0.20034
114		0.20034
114.1		0.204983
114.2		0.204983
114.3		0.204983
114.4		0.204983
114.5		0.204983
114.6		0.204983
114.7		0.204983
114.8		0.204983
114.9		0.204983
115		0.204983
115.1		0.207328
115.2		0.207328
115.3		0.207328
115.4		0.207328
115.5		0.207328
115.6		0.207328
115.7		0.207328
115.8		0.207328
115.9		0.207328
116		0.207328
116.1		0.209304
116.2		0.209304
116.3		0.209304
116.4		0.209304
116.5		0.209304
116.6		0.209304
116.7		0.209304
116.8		0.209304
116.9		0.209304
117		0.209304
117.1		0.209672
117.2		0.209672
117.3		0.209672
117.4		0.209672
117.5		0.209672
117.6		0.209672
117.7		0.209672
117.8		0.209672
117.9		0.209672
118		0.209672
118.1		0.211189
118.2		0.211189
118.3		0.211189
118.4		0.211189
118.5		0.211189
118.6		0.211189
118.7		0.211189
118.8		0.211189
118.9		0.211189
119		0.211189
119.1		0.213534
119.2		0.213534
119.3		0.213534
119.4		0.213534
119.5		0.213534
119.6		0.213534
119.7		0.213534
119.8		0.213534
119.9		0.213534
120		0.213534
120.1		0.218407
120.2		0.218407
120.3		0.218407
120.4		0.218407
120.5		0.218407
120.6		0.218407
120.7		0.218407
120.8		0.218407
120.9		0.218407
121		0.218407
121.1		0.218682
121.2		0.218682
121.3		0.218682
121.4		0.218682
121.5		0.218682
121.6		0.218682
121.7		0.218682
121.8		0.218682
121.9		0.218682
122		0.218682
122.1		0.219326
122.2		0.219326
122.3		0.219326
122.4		0.219326
122.5		0.219326
122.6		0.219326
122.7		0.219326
122.8		0.219326
122.9		0.219326
123		0.219326
123.1		0.221946
123.2		0.221946
123.3		0.221946
123.4		0.221946
123.5		0.221946
123.6		0.221946
123.7		0.221946
123.8		0.221946
123.9		0.221946
124		0.221946
124.1		0.222452
124.2		0.222452
124.3		0.222452
124.4		0.222452
124.5		0.222452
124.6		0.222452
124.7		0.222452
124.8		0.222452
124.9		0.222452
125		0.222452
125.1		0.22521
125.2		0.22521
125.3		0.22521
125.4		0.22521
125.5		0.22521
125.6		0.22521
125.7		0.22521
125.8		0.22521
125.9		0.22521
126		0.22521
126.1		0.227141
126.2		0.227141
126.3		0.227141
126.4		0.227141
126.5		0.227141
126.6		0.227141
126.7		0.227141
126.8		0.227141
126.9		0.227141
127		0.227141
127.1		0.230497
127.2		0.230497
127.3		0.230497
127.4		0.230497
127.5		0.230497
127.6		0.230497
127.7		0.230497
127.8		0.230497
127.9		0.230497
128		0.230497
128.1		0.230727
128.2		0.230727
128.3		0.230727
128.4		0.230727
128.5		0.230727
128.6		0.230727
128.7		0.230727
128.8		0.230727
128.9		0.230727
129		0.230727
129.1		0.233807
129.2		0.233807
129.3		0.233807
129.4		0.233807
129.5		0.233807
129.6		0.233807
129.7		0.233807
129.8		0.233807
129.9		0.233807
130		0.233807
130.1		0.235002
130.2		0.235002
130.3		0.235002
130.4		0.235002
130.5		0.235002
130.6		0.235002
130.7		0.235002
130.8		0.235002
130.9		0.235002
131		0.235002
131.1		0.236657
131.2		0.236657
131.3		0.236657
131.4		0.236657
131.5		0.236657
131.6		0.236657
131.7		0.236657
131.8		0.236657
131.9		0.236657
132		0.236657
132.1		0.239737
132.2		0.239737
132.3		0.239737
132.4		0.239737
132.5		0.239737
132.6		0.239737
132.7		0.239737
132.8		0.239737
132.9		0.239737
133		0.239737
133.1		0.242495
133.2		0.242495
133.3		0.242495
133.4		0.242495
133.5		0.242495
133.6		0.242495
133.7		0.242495
133.8		0.242495
133.9		0.242495
134		0.242495
134.1		0.242771
134.2		0.242771
134.3		0.242771
134.4		0.242771
134.5		0.242771
134.6		0.242771
134.7		0.242771
134.8		0.242771
134.9		0.242771
135		0.242771
135.1		0.244426
135.2		0.244426
135.3		0.244426
135.4		0.244426
135.5		0.244426
135.6		0.244426
135.7		0.244426
135.8		0.244426
135.9		0.244426
136		0.244426
136.1		0.248196
136.2		0.248196
136.3		0.248196
136.4		0.248196
136.5		0.248196
136.6		0.248196
136.7		0.248196
136.8		0.248196
136.9		0.248196
137		0.248196
137.1		0.249345
137.2		0.249345
137.3		0.249345
137.4		0.249345
137.5		0.249345
137.6		0.249345
137.7		0.249345
137.8		0.249345
137.9		0.249345
138		0.249345
138.1		0.249621
138.2		0.249621
138.3		0.249621
138.4		0.249621
138.5		0.249621
138.6		0.249621
138.7		0.249621
138.8		0.249621
138.9		0.249621
139		0.249621
139.1		0.252655
139.2		0.252655
139.3		0.252655
139.4		0.252655
139.5		0.252655
139.6		0.252655
139.7		0.252655
139.8		0.252655
139.9		0.252655
140		0.252655
140.1		0.254218
140.2		0.254218
140.3		0.254218
140.4		0.254218
140.5		0.254218
140.6		0.254218
140.7		0.254218
140.8		0.254218
140.9		0.254218
141		0.254218
141.1		0.254678
141.2		0.254678
141.3		0.254678
141.4		0.254678
141.5		0.254678
141.6		0.254678
141.7		0.254678
141.8		0.254678
141.9		0.254678
142		0.254678
142.1		0.259642
142.2		0.259642
142.3		0.259642
142.4		0.259642
142.5		0.259642
142.6		0.259642
142.7		0.259642
142.8		0.259642
142.9		0.259642
143		0.259642
143.1		0.259964
143.2		0.259964
143.3		0.259964
143.4		0.259964
143.5		0.259964
143.6		0.259964
143.7		0.259964
143.8		0.259964
143.9		0.259964
144		0.259964
144.1		0.262493
144.2		0.262493
144.3		0.262493
144.4		0.262493
144.5		0.262493
144.6		0.262493
144.7		0.262493
144.8		0.262493
144.9		0.262493
145		0.262493
145.1		0.263918
145.2		0.263918
145.3		0.263918
145.4		0.263918
145.5		0.263918
145.6		0.263918
145.7		0.263918
145.8		0.263918
145.9		0.263918
146		0.263918
146.1		0.266446
146.2		0.266446
146.3		0.266446
146.4		0.266446
146.5		0.266446
146.6		0.266446
146.7		0.266446
146.8		0.266446
146.9		0.266446
147		0.266446
147.1		0.266584
147.2		0.266584
147.3		0.266584
147.4		0.266584
147.5		0.266584
147.6		0.266584
147.7		0.266584
147.8		0.266584
147.9		0.266584
148		0.266584
148.1		0.270997
148.2		0.270997
148.3		0.270997
148.4		0.270997
148.5		0.270997
148.6		0.270997
148.7		0.270997
148.8		0.270997
148.9		0.270997
149		0.270997
149.1		0.271871
149.2		0.271871
149.3		0.271871
149.4		0.271871
149.5		0.271871
149.6		0.271871
149.7		0.271871
149.8		0.271871
149.9		0.271871
150		0.271871
150.1		0.273617
150.2		0.273617
150.3		0.273617
150.4		0.273617
150.5		0.273617
150.6		0.273617
150.7		0.273617
150.8		0.273617
150.9		0.273617
151		0.273617
151.1		0.277019
151.2		0.277019
151.3		0.277019
151.4		0.277019
151.5		0.277019
151.6		0.277019
151.7		0.277019
151.8		0.277019
151.9		0.277019
152		0.277019
152.1		0.278169
152.2		0.278169
152.3		0.278169
152.4		0.278169
152.5		0.278169
152.6		0.278169
152.7		0.278169
152.8		0.278169
152.9		0.278169
153		0.278169
153.1		0.281065
153.2		0.281065
153.3		0.281065
153.4		0.281065
153.5		0.281065
153.6		0.281065
153.7		0.281065
153.8		0.281065
153.9		0.281065
154		0.281065
154.1		0.284375
154.2		0.284375
154.3		0.284375
154.4		0.284375
154.5		0.284375
154.6		0.284375
154.7		0.284375
154.8		0.284375
154.9		0.284375
155		0.284375
155.1		0.284696
155.2		0.284696
155.3		0.284696
155.4		0.284696
155.5		0.284696
155.6		0.284696
155.7		0.284696
155.8		0.284696
155.9		0.284696
156		0.284696
156.1		0.289845
156.2		0.289845
156.3		0.289845
156.4		0.289845
156.5		0.289845
156.6		0.289845
156.7		0.289845
156.8		0.289845
156.9		0.289845
157		0.289845
157.1		0.290305
157.2		0.290305
157.3		0.290305
157.4		0.290305
157.5		0.290305
157.6		0.290305
157.7		0.290305
157.8		0.290305
157.9		0.290305
158		0.290305
158.1		0.291086
158.2		0.291086
158.3		0.291086
158.4		0.291086
158.5		0.291086
158.6		0.291086
158.7		0.291086
158.8		0.291086
158.9		0.291086
159		0.291086
159.1		0.292925
159.2		0.292925
159.3		0.292925
159.4		0.292925
159.5		0.292925
159.6		0.292925
159.7		0.292925
159.8		0.292925
159.9		0.292925
160		0.292925
160.1		0.293569
160.2		0.293569
160.3		0.293569
160.4		0.293569
160.5		0.293569
160.6		0.293569
160.7		0.293569
160.8		0.293569
160.9		0.293569
161		0.293569
161.1		0.294258
161.2		0.294258
161.3		0.294258
161.4		0.294258
161.5		0.294258
161.6		0.294258
161.7		0.294258
161.8		0.294258
161.9		0.294258
162		0.294258
162.1		0.298855
162.2		0.298855
162.3		0.298855
162.4		0.298855
162.5		0.298855
162.6		0.298855
162.7		0.298855
162.8		0.298855
162.9		0.298855
163		0.298855
163.1		0.299223
163.2		0.299223
163.3		0.299223
163.4		0.299223
163.5		0.299223
163.6		0.299223
163.7		0.299223
163.8		0.299223
163.9		0.299223
164		0.299223
164.1		0.302395
164.2		0.302395
164.3		0.302395
164.4		0.302395
164.5		0.302395
164.6		0.302395
164.7		0.302395
164.8		0.302395
164.9		0.302395
165		0.302395
165.1		0.306624
165.2		0.306624
165.3		0.306624
165.4		0.306624
165.5		0.306624
165.6		0.306624
165.7		0.306624
165.8		0.306624
165.9		0.306624
166		0.306624
166.1		0.307268
166.2		0.307268
166.3		0.307268
166.4		0.307268
166.5		0.307268
166.6		0.307268
166.7		0.307268
166.8		0.307268
166.9		0.307268
167		0.307268
167.1		0.307636
167.2		0.307636
167.3		0.307636
167.4		0.307636
167.5		0.307636
167.6		0.307636
167.7		0.307636
167.8		0.307636
167.9		0.307636
168		0.307636
168.1		0.309612
168.2		0.309612
168.3		0.309612
168.4		0.309612
168.5		0.309612
168.6		0.309612
168.7		0.309612
168.8		0.309612
168.9		0.309612
169		0.309612
169.1		0.313244
169.2		0.313244
169.3		0.313244
169.4		0.313244
169.5		0.313244
169.6		0.313244
169.7		0.313244
169.8		0.313244
169.9		0.313244
170		0.313244
170.1		0.315267
170.2		0.315267
170.3		0.315267
170.4		0.315267
170.5		0.315267
170.6		0.315267
170.7		0.315267
170.8		0.315267
170.9		0.315267
171		0.315267
171.1		0.315727
171.2		0.315727
171.3		0.315727
171.4		0.315727
171.5		0.315727
171.6		0.315727
171.7		0.315727
171.8		0.315727
171.9		0.315727
172		0.315727
172.1		0.316784
172.2		0.316784
172.3		0.316784
172.4		0.316784
172.5		0.316784
172.6		0.316784
172.7		0.316784
172.8		0.316784
172.9		0.316784
173		0.316784
173.1		0.317152
173.2		0.317152
173.3		0.317152
173.4		0.317152
173.5		0.317152
173.6		0.317152
173.7		0.317152
173.8		0.317152
173.9		0.317152
174		0.317152
174.1		0.320737
174.2		0.320737
174.3		0.320737
174.4		0.320737
174.5		0.320737
174.6		0.320737
174.7		0.320737
174.8		0.320737
174.9		0.320737
175		0.320737
175.1		0.323128
175.2		0.323128
175.3		0.323128
175.4		0.323128
175.5		0.323128
175.6		0.323128
175.7		0.323128
175.8		0.323128
175.9		0.323128
176		0.323128
176.1		0.327633
176.2		0.327633
176.3		0.327633
176.4		0.327633
176.5		0.327633
176.6		0.327633
176.7		0.327633
176.8		0.327633
176.9		0.327633
177		0.327633
177.1		0.327909
177.2		0.327909
177.3		0.327909
177.4		0.327909
177.5		0.327909
177.6		0.327909
177.7		0.327909
177.8		0.327909
177.9		0.327909
178		0.327909
178.1		0.328874
178.2		0.328874
178.3		0.328874
178.4		0.328874
178.5		0.328874
178.6		0.328874
178.7		0.328874
178.8		0.328874
178.9		0.328874
179		0.328874
179.1		0.329656
179.2		0.329656
179.3		0.329656
179.4		0.329656
179.5		0.329656
179.6		0.329656
179.7		0.329656
179.8		0.329656
179.9		0.329656
180		0.329656
180.1		0.330391
180.2		0.330391
180.3		0.330391
180.4		0.330391
180.5		0.330391
180.6		0.330391
180.7		0.330391
180.8		0.330391
180.9		0.330391
181		0.330391
181.1		0.334069
181.2		0.334069
181.3		0.334069
181.4		0.334069
181.5		0.334069
181.6		0.334069
181.7		0.334069
181.8		0.334069
181.9		0.334069
182		0.334069
182.1		0.336965
182.2		0.336965
182.3		0.336965
182.4		0.336965
182.5		0.336965
182.6		0.336965
182.7		0.336965
182.8		0.336965
182.9		0.336965
183		0.336965
183.1		0.337287
183.2		0.337287
183.3		0.337287
183.4		0.337287
183.5		0.337287
183.6		0.337287
183.7		0.337287
183.8		0.337287
183.9		0.337287
184		0.337287
184.1		0.337609
184.2		0.337609
184.3		0.337609
184.4		0.337609
184.5		0.337609
184.6		0.337609
184.7		0.337609
184.8		0.337609
184.9		0.337609
185		0.337609
185.1		0.340918
185.2		0.340918
185.3		0.340918
185.4		0.340918
185.5		0.340918
185.6		0.340918
185.7		0.340918
185.8		0.340918
185.9		0.340918
186		0.340918
186.1		0.341332
186.2		0.341332
186.3		0.341332
186.4		0.341332
186.5		0.341332
186.6		0.341332
186.7		0.341332
186.8		0.341332
186.9		0.341332
187		0.341332
187.1		0.347492
187.2		0.347492
187.3		0.347492
187.4		0.347492
187.5		0.347492
187.6		0.347492
187.7		0.347492
187.8		0.347492
187.9		0.347492
188		0.347492
188.1		0.34832
188.2		0.34832
188.3		0.34832
188.4		0.34832
188.5		0.34832
188.6		0.34832
188.7		0.34832
188.8		0.34832
188.9		0.34832
189		0.34832
189.1		0.34855
189.2		0.34855
189.3		0.34855
189.4		0.34855
189.5		0.34855
189.6		0.34855
189.7		0.34855
189.8		0.34855
189.9		0.34855
190		0.34855
190.1		0.35117
190.2		0.35117
190.3		0.35117
190.4		0.35117
190.5		0.35117
190.6		0.35117
190.7		0.35117
190.8		0.35117
190.9		0.35117
191		0.35117
191.1		0.353652
191.2		0.353652
191.3		0.353652
191.4		0.353652
191.5		0.353652
191.6		0.353652
191.7		0.353652
191.8		0.353652
191.9		0.353652
192		0.353652
192.1		0.356135
192.2		0.356135
192.3		0.356135
192.4		0.356135
192.5		0.356135
192.6		0.356135
192.7		0.356135
192.8		0.356135
192.9		0.356135
193		0.356135
193.1		0.358433
193.2		0.358433
193.3		0.358433
193.4		0.358433
193.5		0.358433
193.6		0.358433
193.7		0.358433
193.8		0.358433
193.9		0.358433
194		0.358433
194.1		0.358985
194.2		0.358985
194.3		0.358985
194.4		0.358985
194.5		0.358985
194.6		0.358985
194.7		0.358985
194.8		0.358985
194.9		0.358985
195		0.358985
195.1		0.362065
195.2		0.362065
195.3		0.362065
195.4		0.362065
195.5		0.362065
195.6		0.362065
195.7		0.362065
195.8		0.362065
195.9		0.362065
196		0.362065
196.1		0.363398
196.2		0.363398
196.3		0.363398
196.4		0.363398
196.5		0.363398
196.6		0.363398
196.7		0.363398
196.8		0.363398
196.9		0.363398
197		0.363398
197.1		0.365099
197.2		0.365099
197.3		0.365099
197.4		0.365099
197.5		0.365099
197.6		0.365099
197.7		0.365099
197.8		0.365099
197.9		0.365099
198		0.365099
198.1		0.366294
198.2		0.366294
198.3		0.366294
198.4		0.366294
198.5		0.366294
198.6		0.366294
198.7		0.366294
198.8		0.366294
198.9		0.366294
199		0.366294
199.1		0.367581
199.2		0.367581
199.3		0.367581
199.4		0.367581
199.5		0.367581
199.6		0.367581
199.7		0.367581
199.8		0.367581
199.9		0.367581
200		0.367581
200.1		0.369512
200.2		0.369512
200.3		0.369512
200.4		0.369512
200.5		0.369512
200.6		0.369512
200.7		0.369512
200.8		0.369512
200.9		0.369512
201		0.369512
201.1		0.372684
201.2		0.372684
201.3		0.372684
201.4		0.372684
201.5		0.372684
201.6		0.372684
201.7		0.372684
201.8		0.372684
201.9		0.372684
202		0.372684
202.1		0.374983
202.2		0.374983
202.3		0.374983
202.4		0.374983
202.5		0.374983
202.6		0.374983
202.7		0.374983
202.8		0.374983
202.9		0.374983
203		0.374983
203.1		0.37558
203.2		0.37558
203.3		0.37558
203.4		0.37558
203.5		0.37558
203.6		0.37558
203.7		0.37558
203.8		0.37558
203.9		0.37558
204		0.37558
204.1		0.378844
204.2		0.378844
204.3		0.378844
204.4		0.378844
204.5		0.378844
204.6		0.378844
204.7		0.378844
204.8		0.378844
204.9		0.378844
205		0.378844
205.1		0.381051
205.2		0.381051
205.3		0.381051
205.4		0.381051
205.5		0.381051
205.6		0.381051
205.7		0.381051
205.8		0.381051
205.9		0.381051
206		0.381051
206.1		0.382108
206.2		0.382108
206.3		0.382108
206.4		0.382108
206.5		0.382108
206.6		0.382108
206.7		0.382108
206.8		0.382108
206.9		0.382108
207		0.382108
207.1		0.385234
207.2		0.385234
207.3		0.385234
207.4		0.385234
207.5		0.385234
207.6		0.385234
207.7		0.385234
207.8		0.385234
207.9		0.385234
208		0.385234
208.1		0.387717
208.2		0.387717
208.3		0.387717
208.4		0.387717
208.5		0.387717
208.6		0.387717
208.7		0.387717
208.8		0.387717
208.9		0.387717
209		0.387717
209.1		0.389142
209.2		0.389142
209.3		0.389142
209.4		0.389142
209.5		0.389142
209.6		0.389142
209.7		0.389142
209.8		0.389142
209.9		0.389142
210		0.389142
210.1		0.389326
210.2		0.389326
210.3		0.389326
210.4		0.389326
210.5		0.389326
210.6		0.389326
210.7		0.389326
210.8		0.389326
210.9		0.389326
211		0.389326
211.1		0.389923
211.2		0.389923
211.3		0.389923
211.4		0.389923
211.5		0.389923
211.6		0.389923
211.7		0.389923
211.8		0.389923
211.9		0.389923
212		0.389923
212.1		0.391992
212.2		0.391992
212.3		0.391992
212.4		0.391992
212.5		0.391992
212.6		0.391992
212.7		0.391992
212.8		0.391992
212.9		0.391992
213		0.391992
213.1		0.396313
213.2		0.396313
213.3		0.396313
213.4		0.396313
213.5		0.396313
213.6		0.396313
213.7		0.396313
213.8		0.396313
213.9		0.396313
214		0.396313
214.1		0.398612
214.2		0.398612
214.3		0.398612
214.4		0.398612
214.5		0.398612
214.6		0.398612
214.7		0.398612
214.8		0.398612
214.9		0.398612
215		0.398612
215.1		0.399899
215.2		0.399899
215.3		0.399899
215.4		0.399899
215.5		0.399899
215.6		0.399899
215.7		0.399899
215.8		0.399899
215.9		0.399899
216		0.399899
216.1		0.401646
216.2		0.401646
216.3		0.401646
216.4		0.401646
216.5		0.401646
216.6		0.401646
216.7		0.401646
216.8		0.401646
216.9		0.401646
217		0.401646
217.1		0.402105
217.2		0.402105
217.3		0.402105
217.4		0.402105
217.5		0.402105
217.6		0.402105
217.7		0.402105
217.8		0.402105
217.9		0.402105
218		0.402105
218.1		0.404036
218.2		0.404036
218.3		0.404036
218.4		0.404036
218.5		0.404036
218.6		0.404036
218.7		0.404036
218.8		0.404036
218.9		0.404036
219		0.404036
219.1		0.408174
219.2		0.408174
219.3		0.408174
219.4		0.408174
219.5		0.408174
219.6		0.408174
219.7		0.408174
219.8		0.408174
219.9		0.408174
220		0.408174
220.1		0.409323
220.2		0.409323
220.3		0.409323
220.4		0.409323
220.5		0.409323
220.6		0.409323
220.7		0.409323
220.8		0.409323
220.9		0.409323
221		0.409323
221.1		0.410564
221.2		0.410564
221.3		0.410564
221.4		0.410564
221.5		0.410564
221.6		0.410564
221.7		0.410564
221.8		0.410564
221.9		0.410564
222		0.410564
222.1		0.412403
222.2		0.412403
222.3		0.412403
222.4		0.412403
222.5		0.412403
222.6		0.412403
222.7		0.412403
222.8		0.412403
222.9		0.412403
223		0.412403
223.1		0.413092
223.2		0.413092
223.3		0.413092
223.4		0.413092
223.5		0.413092
223.6		0.413092
223.7		0.413092
223.8		0.413092
223.9		0.413092
224		0.413092
224.1		0.414472
224.2		0.414472
224.3		0.414472
224.4		0.414472
224.5		0.414472
224.6		0.414472
224.7		0.414472
224.8		0.414472
224.9		0.414472
225		0.414472
225.1		0.41654
225.2		0.41654
225.3		0.41654
225.4		0.41654
225.5		0.41654
225.6		0.41654
225.7		0.41654
225.8		0.41654
225.9		0.41654
226		0.41654
226.1		0.422241
226.2		0.422241
226.3		0.422241
226.4		0.422241
226.5		0.422241
226.6		0.422241
226.7		0.422241
226.8		0.422241
226.9		0.422241
227		0.422241
227.1		0.422608
227.2		0.422608
227.3		0.422608
227.4		0.422608
227.5		0.422608
227.6		0.422608
227.7		0.422608
227.8		0.422608
227.9		0.422608
228		0.422608
228.1		0.423896
228.2		0.423896
228.3		0.423896
228.4		0.423896
228.5		0.423896
228.6		0.423896
228.7		0.423896
228.8		0.423896
228.9		0.423896
229		0.423896
229.1		0.424263
229.2		0.424263
229.3		0.424263
229.4		0.424263
229.5		0.424263
229.6		0.424263
229.7		0.424263
229.8		0.424263
229.9		0.424263
230		0.424263
230.1		0.429274
230.2		0.429274
230.3		0.429274
230.4		0.429274
230.5		0.429274
230.6		0.429274
230.7		0.429274
230.8		0.429274
230.9		0.429274
231		0.429274
231.1		0.431159
231.2		0.431159
231.3		0.431159
231.4		0.431159
231.5		0.431159
231.6		0.431159
231.7		0.431159
231.8		0.431159
231.9		0.431159
232		0.431159
232.1		0.43309
232.2		0.43309
232.3		0.43309
232.4		0.43309
232.5		0.43309
232.6		0.43309
232.7		0.43309
232.8		0.43309
232.9		0.43309
233		0.43309
233.1		0.43525
233.2		0.43525
233.3		0.43525
233.4		0.43525
233.5		0.43525
233.6		0.43525
233.7		0.43525
233.8		0.43525
233.9		0.43525
234		0.43525
234.1		0.435618
234.2		0.435618
234.3		0.435618
234.4		0.435618
234.5		0.435618
234.6		0.435618
234.7		0.435618
234.8		0.435618
234.9		0.435618
235		0.435618
235.1		0.438468
235.2		0.438468
235.3		0.438468
235.4		0.438468
235.5		0.438468
235.6		0.438468
235.7		0.438468
235.8		0.438468
235.9		0.438468
236		0.438468
236.1		0.439526
236.2		0.439526
236.3		0.439526
236.4		0.439526
236.5		0.439526
236.6		0.439526
236.7		0.439526
236.8		0.439526
236.9		0.439526
237		0.439526
237.1		0.443019
237.2		0.443019
237.3		0.443019
237.4		0.443019
237.5		0.443019
237.6		0.443019
237.7		0.443019
237.8		0.443019
237.9		0.443019
238		0.443019
238.1		0.44587
238.2		0.44587
238.3		0.44587
238.4		0.44587
238.5		0.44587
238.6		0.44587
238.7		0.44587
238.8		0.44587
238.9		0.44587
239		0.44587
239.1		0.445961
239.2		0.445961
239.3		0.445961
239.4		0.445961
239.5		0.445961
239.6		0.445961
239.7		0.445961
239.8		0.445961
239.9		0.445961
240		0.445961
240.1		0.450926
240.2		0.450926
240.3		0.450926
240.4		0.450926
240.5		0.450926
240.6		0.450926
240.7		0.450926
240.8		0.450926
240.9		0.450926
241		0.450926
241.1		0.451662
241.2		0.451662
241.3		0.451662
241.4		0.451662
241.5		0.451662
241.6		0.451662
241.7		0.451662
241.8		0.451662
241.9		0.451662
242		0.451662
242.1		0.454052
242.2		0.454052
242.3		0.454052
242.4		0.454052
242.5		0.454052
242.6		0.454052
242.7		0.454052
242.8		0.454052
242.9		0.454052
243		0.454052
243.1		0.456121
243.2		0.456121
243.3		0.456121
243.4		0.456121
243.5		0.456121
243.6		0.456121
243.7		0.456121
243.8		0.456121
243.9		0.456121
244		0.456121
244.1		0.458787
244.2		0.458787
244.3		0.458787
244.4		0.458787
244.5		0.458787
244.6		0.458787
244.7		0.458787
244.8		0.458787
244.9		0.458787
245		0.458787
245.1		0.459063
245.2		0.459063
245.3		0.459063
245.4		0.459063
245.5		0.459063
245.6		0.459063
245.7		0.459063
245.8		0.459063
245.9		0.459063
246		0.459063
246.1		0.461637
246.2		0.461637
246.3		0.461637
246.4		0.461637
246.5		0.461637
246.6		0.461637
246.7		0.461637
246.8		0.461637
246.9		0.461637
247		0.461637
247.1		0.464534
247.2		0.464534
247.3		0.464534
247.4		0.464534
247.5		0.464534
247.6		0.464534
247.7		0.464534
247.8		0.464534
247.9		0.464534
248		0.464534
248.1		0.465729
248.2		0.465729
248.3		0.465729
248.4		0.465729
248.5		0.465729
248.6		0.465729
248.7		0.465729
248.8		0.465729
248.9		0.465729
249		0.465729
249.1		0.467981
249.2		0.467981
249.3		0.467981
249.4		0.467981
249.5		0.467981
249.6		0.467981
249.7		0.467981
249.8		0.467981
249.9		0.467981
250		0.467981
250.1		0.469131
250.2		0.469131
250.3		0.469131
250.4		0.469131
250.5		0.469131
250.6		0.469131
250.7		0.469131
250.8		0.469131
250.9		0.469131
251		0.469131
251.1		0.471613
251.2		0.471613
251.3		0.471613
251.4		0.471613
251.5		0.471613
251.6		0.471613
251.7		0.471613
251.8		0.471613
251.9		0.471613
252		0.471613
252.1		0.475153
252.2		0.475153
252.3		0.475153
252.4		0.475153
252.5		0.475153
252.6		0.475153
252.7		0.475153
252.8		0.475153
252.9		0.475153
253		0.475153
253.1		0.475796
253.2		0.475796
253.3		0.475796
253.4		0.475796
253.5		0.475796
253.6		0.475796
253.7		0.475796
253.8		0.475796
253.9		0.475796
254		0.475796
254.1		0.479658
254.2		0.479658
254.3		0.479658
254.4		0.479658
254.5		0.479658
254.6		0.479658
254.7		0.479658
254.8		0.479658
254.9		0.479658
255		0.479658
255.1		0.481773
255.2		0.481773
255.3		0.481773
255.4		0.481773
255.5		0.481773
255.6		0.481773
255.7		0.481773
255.8		0.481773
255.9		0.481773
256		0.481773
256.1		0.48237
256.2		0.48237
256.3		0.48237
256.4		0.48237
256.5		0.48237
256.6		0.48237
256.7		0.48237
256.8		0.48237
256.9		0.48237
257		0.48237
257.1		0.483382
257.2		0.483382
257.3		0.483382
257.4		0.483382
257.5		0.483382
257.6		0.483382
257.7		0.483382
257.8		0.483382
257.9		0.483382
258		0.483382
258.1		0.484669
258.2		0.484669
258.3		0.484669
258.4		0.484669
258.5		0.484669
258.6		0.484669
258.7		0.484669
258.8		0.484669
258.9		0.484669
259		0.484669
259.1		0.489404
259.2		0.489404
259.3		0.489404
259.4		0.489404
259.5		0.489404
259.6		0.489404
259.7		0.489404
259.8		0.489404
259.9		0.489404
260		0.489404
260.1		0.490921
260.2		0.490921
260.3		0.490921
260.4		0.490921
260.5		0.490921
260.6		0.490921
260.7		0.490921
260.8		0.490921
260.9		0.490921
261		0.490921
261.1		0.491105
261.2		0.491105
261.3		0.491105
261.4		0.491105
261.5		0.491105
261.6		0.491105
261.7		0.491105
261.8		0.491105
261.9		0.491105
262		0.491105
262.1		0.492254
262.2		0.492254
262.3		0.492254
262.4		0.492254
262.5		0.492254
262.6		0.492254
262.7		0.492254
262.8		0.492254
262.9		0.492254
263		0.492254
263.1		0.495932
263.2		0.495932
263.3		0.495932
263.4		0.495932
263.5		0.495932
263.6		0.495932
263.7		0.495932
263.8		0.495932
263.9		0.495932
264		0.495932
264.1		0.498506
264.2		0.498506
264.3		0.498506
264.4		0.498506
264.5		0.498506
264.6		0.498506
264.7		0.498506
264.8		0.498506
264.9		0.498506
265		0.498506
265.1		0.502276
265.2		0.502276
265.3		0.502276
265.4		0.502276
265.5		0.502276
265.6		0.502276
265.7		0.502276
265.8		0.502276
265.9		0.502276
266		0.502276
266.1		0.504896
266.2		0.504896
266.3		0.504896
266.4		0.504896
266.5		0.504896
266.6		0.504896
266.7		0.504896
266.8		0.504896
266.9		0.504896
267		0.504896
267.1		0.505677
267.2		0.505677
267.3		0.505677
267.4		0.505677
267.5		0.505677
267.6		0.505677
267.7		0.505677
267.8		0.505677
267.9		0.505677
268		0.505677
268.1		0.505999
268.2		0.505999
268.3		0.505999
268.4		0.505999
268.5		0.505999
268.6		0.505999
268.7		0.505999
268.8		0.505999
268.9		0.505999
269		0.505999
269.1		0.508206
269.2		0.508206
269.3		0.508206
269.4		0.508206
269.5		0.508206
269.6		0.508206
269.7		0.508206
269.8		0.508206
269.9		0.508206
270		0.508206
270.1		0.511654
270.2		0.511654
270.3		0.511654
270.4		0.511654
270.5		0.511654
270.6		0.511654
270.7		0.511654
270.8		0.511654
270.9		0.511654
271		0.511654
271.1		0.512481
271.2		0.512481
271.3		0.512481
271.4		0.512481
271.5		0.512481
271.6		0.512481
271.7		0.512481
271.8		0.512481
271.9		0.512481
272		0.512481
272.1		0.514044
272.2		0.514044
272.3		0.514044
272.4		0.514044
272.5		0.514044
272.6		0.514044
272.7		0.514044
272.8		0.514044
272.9		0.514044
273		0.514044
273.1		0.514872
273.2		0.514872
273.3		0.514872
273.4		0.514872
273.5		0.514872
273.6		0.514872
273.7		0.514872
273.8		0.514872
273.9		0.514872
274		0.514872
274.1		0.519009
274.2		0.519009
274.3		0.519009
274.4		0.519009
274.5		0.519009
274.6		0.519009
274.7		0.519009
274.8		0.519009
274.9		0.519009
275		0.519009
275.1		0.519331
275.2		0.519331
275.3		0.519331
275.4		0.519331
275.5		0.519331
275.6		0.519331
275.7		0.519331
275.8		0.519331
275.9		0.519331
276		0.519331
276.1		0.521215
276.2		0.521215
276.3		0.521215
276.4		0.521215
276.5		0.521215
276.6		0.521215
276.7		0.521215
276.8		0.521215
276.9		0.521215
277		0.521215
277.1		0.522135
277.2		0.522135
277.3		0.522135
277.4		0.522135
277.5		0.522135
277.6		0.522135
277.7		0.522135
277.8		0.522135
277.9		0.522135
278		0.522135
278.1		0.526456
278.2		0.526456
278.3		0.526456
278.4		0.526456
278.5		0.526456
278.6		0.526456
278.7		0.526456
278.8		0.526456
278.9		0.526456
279		0.526456
279.1		0.531467
279.2		0.531467
279.3		0.531467
279.4		0.531467
279.5		0.531467
279.6		0.531467
279.7		0.531467
279.8		0.531467
279.9		0.531467
280		0.531467
280.1		0.531743
280.2		0.531743
280.3		0.531743
280.4		0.531743
280.5		0.531743
280.6		0.531743
280.7		0.531743
280.8		0.531743
280.9		0.531743
281		0.531743
281.1		0.531835
281.2		0.531835
281.3		0.531835
281.4		0.531835
281.5		0.531835
281.6		0.531835
281.7		0.531835
281.8		0.531835
281.9		0.531835
282		0.531835
282.1		0.537213
282.2		0.537213
282.3		0.537213
282.4		0.537213
282.5		0.537213
282.6		0.537213
282.7		0.537213
282.8		0.537213
282.9		0.537213
283		0.537213
283.1		0.537903
283.2		0.537903
283.3		0.537903
283.4		0.537903
283.5		0.537903
283.6		0.537903
283.7		0.537903
283.8		0.537903
283.9		0.537903
284		0.537903
284.1		0.542454
284.2		0.542454
284.3		0.542454
284.4		0.542454
284.5		0.542454
284.6		0.542454
284.7		0.542454
284.8		0.542454
284.9		0.542454
285		0.542454
285.1		0.544017
285.2		0.544017
285.3		0.544017
285.4		0.544017
285.5		0.544017
285.6		0.544017
285.7		0.544017
285.8		0.544017
285.9		0.544017
286		0.544017
286.1		0.54512
286.2		0.54512
286.3		0.54512
286.4		0.54512
286.5		0.54512
286.6		0.54512
286.7		0.54512
286.8		0.54512
286.9		0.54512
287		0.54512
287.1		0.546224
287.2		0.546224
287.3		0.546224
287.4		0.546224
287.5		0.546224
287.6		0.546224
287.7		0.546224
287.8		0.546224
287.9		0.546224
288		0.546224
288.1		0.549304
288.2		0.549304
288.3		0.549304
288.4		0.549304
288.5		0.549304
288.6		0.549304
288.7		0.549304
288.8		0.549304
288.9		0.549304
289		0.549304
289.1		0.553257
289.2		0.553257
289.3		0.553257
289.4		0.553257
289.5		0.553257
289.6		0.553257
289.7		0.553257
289.8		0.553257
289.9		0.553257
290		0.553257
290.1		0.553257
290.2		0.553257
290.3		0.553257
290.4		0.553257
290.5		0.553257
290.6		0.553257
290.7		0.553257
290.8		0.553257
290.9		0.553257
291		0.553257
291.1		0.553947
291.2		0.553947
291.3		0.553947
291.4		0.553947
291.5		0.553947
291.6		0.553947
291.7		0.553947
291.8		0.553947
291.9		0.553947
292		0.553947
292.1		0.553947
292.2		0.553947
292.3		0.553947
292.4		0.553947
292.5		0.553947
292.6		0.553947
292.7		0.553947
292.8		0.553947
292.9		0.553947
293		0.553947
293.1		0.554866
293.2		0.554866
293.3		0.554866
293.4		0.554866
293.5		0.554866
293.6		0.554866
293.7		0.554866
293.8		0.554866
293.9		0.554866
294		0.554866
294.1		0.556935
294.2		0.556935
294.3		0.556935
294.4		0.556935
294.5		0.556935
294.6		0.556935
294.7		0.556935
294.8		0.556935
294.9		0.556935
295		0.556935
295.1		0.559923
295.2		0.559923
295.3		0.559923
295.4		0.559923
295.5		0.559923
295.6		0.559923
295.7		0.559923
295.8		0.559923
295.9		0.559923
296		0.559923
296.1		0.562129
296.2		0.562129
296.3		0.562129
296.4		0.562129
296.5		0.562129
296.6		0.562129
296.7		0.562129
296.8		0.562129
296.9		0.562129
297		0.562129
297.1		0.563738
297.2		0.563738
297.3		0.563738
297.4		0.563738
297.5		0.563738
297.6		0.563738
297.7		0.563738
297.8		0.563738
297.9		0.563738
298		0.563738
298.1		0.565439
298.2		0.565439
298.3		0.565439
298.4		0.565439
298.5		0.565439
298.6		0.565439
298.7		0.565439
298.8		0.565439
298.9		0.565439
299		0.565439
299.1		0.56783
299.2		0.56783
299.3		0.56783
299.4		0.56783
299.5		0.56783
299.6		0.56783
299.7		0.56783
299.8		0.56783
299.9		0.56783
300		0.56783
300.1		0.568152
300.2		0.568152
300.3		0.568152
300.4		0.568152
300.5		0.568152
300.6		0.568152
300.7		0.568152
300.8		0.568152
300.9		0.568152
301		0.568152
301.1		0.570082
301.2		0.570082
301.3		0.570082
301.4		0.570082
301.5		0.570082
301.6		0.570082
301.7		0.570082
301.8		0.570082
301.9		0.570082
302		0.570082
302.1		0.570266
302.2		0.570266
302.3		0.570266
302.4		0.570266
302.5		0.570266
302.6		0.570266
302.7		0.570266
302.8		0.570266
302.9		0.570266
303		0.570266
303.1		0.574771
303.2		0.574771
303.3		0.574771
303.4		0.574771
303.5		0.574771
303.6		0.574771
303.7		0.574771
303.8		0.574771
303.9		0.574771
304		0.574771
304.1		0.576472
304.2		0.576472
304.3		0.576472
304.4		0.576472
304.5		0.576472
304.6		0.576472
304.7		0.576472
304.8		0.576472
304.9		0.576472
305		0.576472
305.1		0.577346
305.2		0.577346
305.3		0.577346
305.4		0.577346
305.5		0.577346
305.6		0.577346
305.7		0.577346
305.8		0.577346
305.9		0.577346
306		0.577346
306.1		0.579093
306.2		0.579093
306.3		0.579093
306.4		0.579093
306.5		0.579093
306.6		0.579093
306.7		0.579093
306.8		0.579093
306.9		0.579093
307		0.579093
307.1		0.584149
307.2		0.584149
307.3		0.584149
307.4		0.584149
307.5		0.584149
307.6		0.584149
307.7		0.584149
307.8		0.584149
307.9		0.584149
308		0.584149
308.1		0.584609
308.2		0.584609
308.3		0.584609
308.4		0.584609
308.5		0.584609
308.6		0.584609
308.7		0.584609
308.8		0.584609
308.9		0.584609
309		0.584609
309.1		0.587689
309.2		0.587689
309.3		0.587689
309.4		0.587689
309.5		0.587689
309.6		0.587689
309.7		0.587689
309.8		0.587689
309.9		0.587689
310		0.587689
310.1		0.587965
310.2		0.587965
310.3		0.587965
310.4		0.587965
310.5		0.587965
310.6		0.587965
310.7		0.587965
310.8		0.587965
310.9		0.587965
311		0.587965
311.1		0.590447
311.2		0.590447
311.3		0.590447
311.4		0.590447
311.5		0.590447
311.6		0.590447
311.7		0.590447
311.8		0.590447
311.9		0.590447
312		0.590447
312.1		0.593895
312.2		0.593895
312.3		0.593895
312.4		0.593895
312.5		0.593895
312.6		0.593895
312.7		0.593895
312.8		0.593895
312.9		0.593895
313		0.593895
313.1		0.595642
313.2		0.595642
313.3		0.595642
313.4		0.595642
313.5		0.595642
313.6		0.595642
313.7		0.595642
313.8		0.595642
313.9		0.595642
314		0.595642
314.1		0.59578
314.2		0.59578
314.3		0.59578
314.4		0.59578
314.5		0.59578
314.6		0.59578
314.7		0.59578
314.8		0.59578
314.9		0.59578
315		0.59578
315.1		0.597757
315.2		0.597757
315.3		0.597757
315.4		0.597757
315.5		0.597757
315.6		0.597757
315.7		0.597757
315.8		0.597757
315.9		0.597757
316		0.597757
316.1		0.598124
316.2		0.598124
316.3		0.598124
316.4		0.598124
316.5		0.598124
316.6		0.598124
316.7		0.598124
316.8		0.598124
316.9		0.598124
317		0.598124
317.1		0.598722
317.2		0.598722
317.3		0.598722
317.4		0.598722
317.5		0.598722
317.6		0.598722
317.7		0.598722
317.8		0.598722
317.9		0.598722
318		0.598722
318.1		0.602675
318.2		0.602675
318.3		0.602675
318.4		0.602675
318.5		0.602675
318.6		0.602675
318.7		0.602675
318.8		0.602675
318.9		0.602675
319		0.602675
319.1		0.605893
319.2		0.605893
319.3		0.605893
319.4		0.605893
319.5		0.605893
319.6		0.605893
319.7		0.605893
319.8		0.605893
319.9		0.605893
320		0.605893
320.1		0.606951
320.2		0.606951
320.3		0.606951
320.4		0.606951
320.5		0.606951
320.6		0.606951
320.7		0.606951
320.8		0.606951
320.9		0.606951
321		0.606951
321.1		0.607732
321.2		0.607732
321.3		0.607732
321.4		0.607732
321.5		0.607732
321.6		0.607732
321.7		0.607732
321.8		0.607732
321.9		0.607732
322		0.607732
322.1		0.608698
322.2		0.608698
322.3		0.608698
322.4		0.608698
322.5		0.608698
322.6		0.608698
322.7		0.608698
322.8		0.608698
322.9		0.608698
323		0.608698
323.1		0.612605
323.2		0.612605
323.3		0.612605
323.4		0.612605
323.5		0.612605
323.6		0.612605
323.7		0.612605
323.8		0.612605
323.9		0.612605
324		0.612605
324.1		0.614628
324.2		0.614628
324.3		0.614628
324.4		0.614628
324.5		0.614628
324.6		0.614628
324.7		0.614628
324.8		0.614628
324.9		0.614628
325		0.614628
325.1		0.616834
325.2		0.616834
325.3		0.616834
325.4		0.616834
325.5		0.616834
325.6		0.616834
325.7		0.616834
325.8		0.616834
325.9		0.616834
326		0.616834
326.1		0.619225
326.2		0.619225
326.3		0.619225
326.4		0.619225
326.5		0.619225
326.6		0.619225
326.7		0.619225
326.8		0.619225
326.9		0.619225
327		0.619225
327.1		0.620604
327.2		0.620604
327.3		0.620604
327.4		0.620604
327.5		0.620604
327.6		0.620604
327.7		0.620604
327.8		0.620604
327.9		0.620604
328		0.620604
328.1		0.621661
328.2		0.621661
328.3		0.621661
328.4		0.621661
328.5		0.621661
328.6		0.621661
328.7		0.621661
328.8		0.621661
328.9		0.621661
329		0.621661
329.1		0.624144
329.2		0.624144
329.3		0.624144
329.4		0.624144
329.5		0.624144
329.6		0.624144
329.7		0.624144
329.8		0.624144
329.9		0.624144
330		0.624144
330.1		0.625293
330.2		0.625293
330.3		0.625293
330.4		0.625293
330.5		0.625293
330.6		0.625293
330.7		0.625293
330.8		0.625293
330.9		0.625293
331		0.625293
331.1		0.628097
331.2		0.628097
331.3		0.628097
331.4		0.628097
331.5		0.628097
331.6		0.628097
331.7		0.628097
331.8		0.628097
331.9		0.628097
332		0.628097
332.1		0.631361
332.2		0.631361
332.3		0.631361
332.4		0.631361
332.5		0.631361
332.6		0.631361
332.7		0.631361
332.8		0.631361
332.9		0.631361
333		0.631361
333.1		0.632143
333.2		0.632143
333.3		0.632143
333.4		0.632143
333.5		0.632143
333.6		0.632143
333.7		0.632143
333.8		0.632143
333.9		0.632143
334		0.632143
334.1		0.632419
334.2		0.632419
334.3		0.632419
334.4		0.632419
334.5		0.632419
334.6		0.632419
334.7		0.632419
334.8		0.632419
334.9		0.632419
335		0.632419
335.1		0.635728
335.2		0.635728
335.3		0.635728
335.4		0.635728
335.5		0.635728
335.6		0.635728
335.7		0.635728
335.8		0.635728
335.9		0.635728
336		0.635728
336.1		0.637199
336.2		0.637199
336.3		0.637199
336.4		0.637199
336.5		0.637199
336.6		0.637199
336.7		0.637199
336.8		0.637199
336.9		0.637199
337		0.637199
337.1		0.639268
337.2		0.639268
337.3		0.639268
337.4		0.639268
337.5		0.639268
337.6		0.639268
337.7		0.639268
337.8		0.639268
337.9		0.639268
338		0.639268
338.1		0.641567
338.2		0.641567
338.3		0.641567
338.4		0.641567
338.5		0.641567
338.6		0.641567
338.7		0.641567
338.8		0.641567
338.9		0.641567
339		0.641567
339.1		0.641797
339.2		0.641797
339.3		0.641797
339.4		0.641797
339.5		0.641797
339.6		0.641797
339.7		0.641797
339.8		0.641797
339.9		0.641797
340		0.641797
340.1		0.646118
340.2		0.646118
340.3		0.646118
340.4		0.646118
340.5		0.646118
340.6		0.646118
340.7		0.646118
340.8		0.646118
340.9		0.646118
341		0.646118
341.1		0.646761
341.2		0.646761
341.3		0.646761
341.4		0.646761
341.5		0.646761
341.6		0.646761
341.7		0.646761
341.8		0.646761
341.9		0.646761
342		0.646761
342.1		0.647451
342.2		0.647451
342.3		0.647451
342.4		0.647451
342.5		0.647451
342.6		0.647451
342.7		0.647451
342.8		0.647451
342.9		0.647451
343		0.647451
343.1		0.651221
343.2		0.651221
343.3		0.651221
343.4		0.651221
343.5		0.651221
343.6		0.651221
343.7		0.651221
343.8		0.651221
343.9		0.651221
344		0.651221
344.1		0.652094
344.2		0.652094
344.3		0.652094
344.4		0.652094
344.5		0.652094
344.6		0.652094
344.7		0.652094
344.8		0.652094
344.9		0.652094
345		0.652094
345.1		0.655588
345.2		0.655588
345.3		0.655588
345.4		0.655588
345.5		0.655588
345.6		0.655588
345.7		0.655588
345.8		0.655588
345.9		0.655588
346		0.655588
346.1		0.655818
346.2		0.655818
346.3		0.655818
346.4		0.655818
346.5		0.655818
346.6		0.655818
346.7		0.655818
346.8		0.655818
346.9		0.655818
347		0.655818
347.1		0.662345
347.2		0.662345
347.3		0.662345
347.4		0.662345
347.5		0.662345
347.6		0.662345
347.7		0.662345
347.8		0.662345
347.9		0.662345
348		0.662345
348.1		0.662805
348.2		0.662805
348.3		0.662805
348.4		0.662805
348.5		0.662805
348.6		0.662805
348.7		0.662805
348.8		0.662805
348.9		0.662805
349		0.662805
349.1		0.665655
349.2		0.665655
349.3		0.665655
349.4		0.665655
349.5		0.665655
349.6		0.665655
349.7		0.665655
349.8		0.665655
349.9		0.665655
350		0.665655
350.1		0.667494
350.2		0.667494
350.3		0.667494
350.4		0.667494
350.5		0.667494
350.6		0.667494
350.7		0.667494
350.8		0.667494
350.9		0.667494
351		0.667494
351.1		0.669241
351.2		0.669241
351.3		0.669241
351.4		0.669241
351.5		0.669241
351.6		0.669241
351.7		0.669241
351.8		0.669241
351.9		0.669241
352		0.669241
352.1		0.670896
352.2		0.670896
352.3		0.670896
352.4		0.670896
352.5		0.670896
352.6		0.670896
352.7		0.670896
352.8		0.670896
352.9		0.670896
353		0.670896
353.1		0.671356
353.2		0.671356
353.3		0.671356
353.4		0.671356
353.5		0.671356
353.6		0.671356
353.7		0.671356
353.8		0.671356
353.9		0.671356
354		0.671356
354.1		0.673654
354.2		0.673654
354.3		0.673654
354.4		0.673654
354.5		0.673654
354.6		0.673654
354.7		0.673654
354.8		0.673654
354.9		0.673654
355		0.673654
355.1		0.673654
355.2		0.673654
355.3		0.673654
355.4		0.673654
355.5		0.673654
355.6		0.673654
355.7		0.673654
355.8		0.673654
355.9		0.673654
356		0.673654
356.1		0.675953
356.2		0.675953
356.3		0.675953
356.4		0.675953
356.5		0.675953
356.6		0.675953
356.7		0.675953
356.8		0.675953
356.9		0.675953
357		0.675953
357.1		0.677746
357.2		0.677746
357.3		0.677746
357.4		0.677746
357.5		0.677746
357.6		0.677746
357.7		0.677746
357.8		0.677746
357.9		0.677746
358		0.677746
358.1		0.677746
358.2		0.677746
358.3		0.677746
358.4		0.677746
358.5		0.677746
358.6		0.677746
358.7		0.677746
358.8		0.677746
358.9		0.677746
359		0.677746
359.1		0.680826
359.2		0.680826
359.3		0.680826
359.4		0.680826
359.5		0.680826
359.6		0.680826
359.7		0.680826
359.8		0.680826
359.9		0.680826
360		0.680826
360.1		0.682481
360.2		0.682481
360.3		0.682481
360.4		0.682481
360.5		0.682481
360.6		0.682481
360.7		0.682481
360.8		0.682481
360.9		0.682481
361		0.682481
361.1		0.683124
361.2		0.683124
361.3		0.683124
361.4		0.683124
361.5		0.683124
361.6		0.683124
361.7		0.683124
361.8		0.683124
361.9		0.683124
362		0.683124
362.1		0.683124
362.2		0.683124
362.3		0.683124
362.4		0.683124
362.5		0.683124
362.6		0.683124
362.7		0.683124
362.8		0.683124
362.9		0.683124
363		0.683124
363.1		0.688043
363.2		0.688043
363.3		0.688043
363.4		0.688043
363.5		0.688043
363.6		0.688043
363.7		0.688043
363.8		0.688043
363.9		0.688043
364		0.688043
364.1		0.688916
364.2		0.688916
364.3		0.688916
364.4		0.688916
364.5		0.688916
364.6		0.688916
364.7		0.688916
364.8		0.688916
364.9		0.688916
365		0.688916
365.1		0.690617
365.2		0.690617
365.3		0.690617
365.4		0.690617
365.5		0.690617
365.6		0.690617
365.7		0.690617
365.8		0.690617
365.9		0.690617
366		0.690617
366.1		0.693651
366.2		0.693651
366.3		0.693651
366.4		0.693651
366.5		0.693651
366.6		0.693651
366.7		0.693651
366.8		0.693651
366.9		0.693651
367		0.693651
367.1		0.693789
367.2		0.693789
367.3		0.693789
367.4		0.693789
367.5		0.693789
367.6		0.693789
367.7		0.693789
367.8		0.693789
367.9		0.693789
368		0.693789
368.1		0.694065
368.2		0.694065
368.3		0.694065
368.4		0.694065
368.5		0.694065
368.6		0.694065
368.7		0.694065
368.8		0.694065
368.9		0.694065
369		0.694065
369.1		0.698938
369.2		0.698938
369.3		0.698938
369.4		0.698938
369.5		0.698938
369.6		0.698938
369.7		0.698938
369.8		0.698938
369.9		0.698938
370		0.698938
370.1		0.7028
370.2		0.7028
370.3		0.7028
370.4		0.7028
370.5		0.7028
370.6		0.7028
370.7		0.7028
370.8		0.7028
370.9		0.7028
371		0.7028
371.1		0.704546
371.2		0.704546
371.3		0.704546
371.4		0.704546
371.5		0.704546
371.6		0.704546
371.7		0.704546
371.8		0.704546
371.9		0.704546
372		0.704546
372.1		0.705144
372.2		0.705144
372.3		0.705144
372.4		0.705144
372.5		0.705144
372.6		0.705144
372.7		0.705144
372.8		0.705144
372.9		0.705144
373		0.705144
373.1		0.70611
373.2		0.70611
373.3		0.70611
373.4		0.70611
373.5		0.70611
373.6		0.70611
373.7		0.70611
373.8		0.70611
373.9		0.70611
374		0.70611
374.1		0.710385
374.2		0.710385
374.3		0.710385
374.4		0.710385
374.5		0.710385
374.6		0.710385
374.7		0.710385
374.8		0.710385
374.9		0.710385
375		0.710385
375.1		0.710799
375.2		0.710799
375.3		0.710799
375.4		0.710799
375.5		0.710799
375.6		0.710799
375.7		0.710799
375.8		0.710799
375.9		0.710799
376		0.710799
376.1		0.714568
376.2		0.714568
376.3		0.714568
376.4		0.714568
376.5		0.714568
376.6		0.714568
376.7		0.714568
376.8		0.714568
376.9		0.714568
377		0.714568
377.1		0.71489
377.2		0.71489
377.3		0.71489
377.4		0.71489
377.5		0.71489
377.6		0.71489
377.7		0.71489
377.8		0.71489
377.9		0.71489
378		0.71489
378.1		0.717096
378.2		0.717096
378.3		0.717096
378.4		0.717096
378.5		0.717096
378.6		0.717096
378.7		0.717096
378.8		0.717096
378.9		0.717096
379		0.717096
379.1		0.717372
379.2		0.717372
379.3		0.717372
379.4		0.717372
379.5		0.717372
379.6		0.717372
379.7		0.717372
379.8		0.717372
379.9		0.717372
380		0.717372
380.1		0.721969
380.2		0.721969
380.3		0.721969
380.4		0.721969
380.5		0.721969
380.6		0.721969
380.7		0.721969
380.8		0.721969
380.9		0.721969
381		0.721969
381.1		0.722337
381.2		0.722337
381.3		0.722337
381.4		0.722337
381.5		0.722337
381.6		0.722337
381.7		0.722337
381.8		0.722337
381.9		0.722337
382		0.722337
382.1		0.729371
382.2		0.729371
382.3		0.729371
382.4		0.729371
382.5		0.729371
382.6		0.729371
382.7		0.729371
382.8		0.729371
382.9		0.729371
383		0.729371
383.1		0.729509
383.2		0.729509
383.3		0.729509
383.4		0.729509
383.5		0.729509
383.6		0.729509
383.7		0.729509
383.8		0.729509
383.9		0.729509
384		0.729509
384.1		0.729646
384.2		0.729646
384.3		0.729646
384.4		0.729646
384.5		0.729646
384.6		0.729646
384.7		0.729646
384.8		0.729646
384.9		0.729646
385		0.729646
385.1		0.72983
385.2		0.72983
385.3		0.72983
385.4		0.72983
385.5		0.72983
385.6		0.72983
385.7		0.72983
385.8		0.72983
385.9		0.72983
386		0.72983
386.1		0.733692
386.2		0.733692
386.3		0.733692
386.4		0.733692
386.5		0.733692
386.6		0.733692
386.7		0.733692
386.8		0.733692
386.9		0.733692
387		0.733692
387.1		0.73429
387.2		0.73429
387.3		0.73429
387.4		0.73429
387.5		0.73429
387.6		0.73429
387.7		0.73429
387.8		0.73429
387.9		0.73429
388		0.73429
388.1		0.737691
388.2		0.737691
388.3		0.737691
388.4		0.737691
388.5		0.737691
388.6		0.737691
388.7		0.737691
388.8		0.737691
388.9		0.737691
389		0.737691
389.1		0.740588
389.2		0.740588
389.3		0.740588
389.4		0.740588
389.5		0.740588
389.6		0.740588
389.7		0.740588
389.8		0.740588
389.9		0.740588
390		0.740588
390.1		0.741093
390.2		0.741093
390.3		0.741093
390.4		0.741093
390.5		0.741093
390.6		0.741093
390.7		0.741093
390.8		0.741093
390.9		0.741093
391		0.741093
391.1		0.741231
391.2		0.741231
391.3		0.741231
391.4		0.741231
391.5		0.741231
391.6		0.741231
391.7		0.741231
391.8		0.741231
391.9		0.741231
392		0.741231
392.1		0.742886
392.2		0.742886
392.3		0.742886
392.4		0.742886
392.5		0.742886
392.6		0.742886
392.7		0.742886
392.8		0.742886
392.9		0.742886
393		0.742886
393.1		0.745093
393.2		0.745093
393.3		0.745093
393.4		0.745093
393.5		0.745093
393.6		0.745093
393.7		0.745093
393.8		0.745093
393.9		0.745093
394		0.745093
394.1		0.750241
394.2		0.750241
394.3		0.750241
394.4		0.750241
394.5		0.750241
394.6		0.750241
394.7		0.750241
394.8		0.750241
394.9		0.750241
395		0.750241
395.1		0.751437
395.2		0.751437
395.3		0.751437
395.4		0.751437
395.5		0.751437
395.6		0.751437
395.7		0.751437
395.8		0.751437
395.9		0.751437
396		0.751437
396.1		0.75185
396.2		0.75185
396.3		0.75185
396.4		0.75185
396.5		0.75185
396.6		0.75185
396.7		0.75185
396.8		0.75185
396.9		0.75185
397		0.75185
397.1		0.752448
397.2		0.752448
397.3		0.752448
397.4		0.752448
397.5		0.752448
397.6		0.752448
397.7		0.752448
397.8		0.752448
397.9		0.752448
398		0.752448
398.1		0.756861
398.2		0.756861
398.3		0.756861
398.4		0.756861
398.5		0.756861
398.6		0.756861
398.7		0.756861
398.8		0.756861
398.9		0.756861
399		0.756861
399.1		0.759987
399.2		0.759987
399.3		0.759987
399.4		0.759987
399.5		0.759987
399.6		0.759987
399.7		0.759987
399.8		0.759987
399.9		0.759987
400		0.759987
400.1		0.760171
400.2		0.760171
400.3		0.760171
400.4		0.760171
400.5		0.760171
400.6		0.760171
400.7		0.760171
400.8		0.760171
400.9		0.760171
401		0.760171
401.1		0.761918
401.2		0.761918
401.3		0.761918
401.4		0.761918
401.5		0.761918
401.6		0.761918
401.7		0.761918
401.8		0.761918
401.9		0.761918
402		0.761918
402.1		0.763987
402.2		0.763987
402.3		0.763987
402.4		0.763987
402.5		0.763987
402.6		0.763987
402.7		0.763987
402.8		0.763987
402.9		0.763987
403		0.763987
403.1		0.764124
403.2		0.764124
403.3		0.764124
403.4		0.764124
403.5		0.764124
403.6		0.764124
403.7		0.764124
403.8		0.764124
403.9		0.764124
404		0.764124
404.1		0.766331
404.2		0.766331
404.3		0.766331
404.4		0.766331
404.5		0.766331
404.6		0.766331
404.7		0.766331
404.8		0.766331
404.9		0.766331
405		0.766331
405.1		0.770744
405.2		0.770744
405.3		0.770744
405.4		0.770744
405.5		0.770744
405.6		0.770744
405.7		0.770744
405.8		0.770744
405.9		0.770744
406		0.770744
406.1		0.771985
406.2		0.771985
406.3		0.771985
406.4		0.771985
406.5		0.771985
406.6		0.771985
406.7		0.771985
406.8		0.771985
406.9		0.771985
407		0.771985
407.1		0.772261
407.2		0.772261
407.3		0.772261
407.4		0.772261
407.5		0.772261
407.6		0.772261
407.7		0.772261
407.8		0.772261
407.9		0.772261
408		0.772261
408.1		0.776445
408.2		0.776445
408.3		0.776445
408.4		0.776445
408.5		0.776445
408.6		0.776445
408.7		0.776445
408.8		0.776445
408.9		0.776445
409		0.776445
409.1		0.778329
409.2		0.778329
409.3		0.778329
409.4		0.778329
409.5		0.778329
409.6		0.778329
409.7		0.778329
409.8		0.778329
409.9		0.778329
410		0.778329
410.1		0.781363
410.2		0.781363
410.3		0.781363
410.4		0.781363
410.5		0.781363
410.6		0.781363
410.7		0.781363
410.8		0.781363
410.9		0.781363
411		0.781363
411.1		0.78403
411.2		0.78403
411.3		0.78403
411.4		0.78403
411.5		0.78403
411.6		0.78403
411.7		0.78403
411.8		0.78403
411.9		0.78403
412		0.78403
412.1		0.785271
412.2		0.785271
412.3		0.785271
412.4		0.785271
412.5		0.785271
412.6		0.785271
412.7		0.785271
412.8		0.785271
412.9		0.785271
413		0.785271
413.1		0.786972
413.2		0.786972
413.3		0.786972
413.4		0.786972
413.5		0.786972
413.6		0.786972
413.7		0.786972
413.8		0.786972
413.9		0.786972
414		0.786972
414.1		0.789408
414.2		0.789408
414.3		0.789408
414.4		0.789408
414.5		0.789408
414.6		0.789408
414.7		0.789408
414.8		0.789408
414.9		0.789408
415		0.789408
415.1		0.791845
415.2		0.791845
415.3		0.791845
415.4		0.791845
415.5		0.791845
415.6		0.791845
415.7		0.791845
415.8		0.791845
415.9		0.791845
416		0.791845
416.1		0.793086
416.2		0.793086
416.3		0.793086
416.4		0.793086
416.5		0.793086
416.6		0.793086
416.7		0.793086
416.8		0.793086
416.9		0.793086
417		0.793086
417.1		0.794235
417.2		0.794235
417.3		0.794235
417.4		0.794235
417.5		0.794235
417.6		0.794235
417.7		0.794235
417.8		0.794235
417.9		0.794235
418		0.794235
418.1		0.794925
418.2		0.794925
418.3		0.794925
418.4		0.794925
418.5		0.794925
418.6		0.794925
418.7		0.794925
418.8		0.794925
418.9		0.794925
419		0.794925
419.1		0.796948
419.2		0.796948
419.3		0.796948
419.4		0.796948
419.5		0.796948
419.6		0.796948
419.7		0.796948
419.8		0.796948
419.9		0.796948
420		0.796948
420.1		0.800211
420.2		0.800211
420.3		0.800211
420.4		0.800211
420.5		0.800211
420.6		0.800211
420.7		0.800211
420.8		0.800211
420.9		0.800211
421		0.800211
421.1		0.803567
421.2		0.803567
421.3		0.803567
421.4		0.803567
421.5		0.803567
421.6		0.803567
421.7		0.803567
421.8		0.803567
421.9		0.803567
422		0.803567
422.1		0.805222
422.2		0.805222
422.3		0.805222
422.4		0.805222
422.5		0.805222
422.6		0.805222
422.7		0.805222
422.8		0.805222
422.9		0.805222
423		0.805222
423.1		0.806509
423.2		0.806509
423.3		0.806509
423.4		0.806509
423.5		0.806509
423.6		0.806509
423.7		0.806509
423.8		0.806509
423.9		0.806509
424		0.806509
424.1		0.806969
424.2		0.806969
424.3		0.806969
424.4		0.806969
424.5		0.806969
424.6		0.806969
424.7		0.806969
424.8		0.806969
424.9		0.806969
425		0.806969
425.1		0.809222
425.2		0.809222
425.3		0.809222
425.4		0.809222
425.5		0.809222
425.6		0.809222
425.7		0.809222
425.8		0.809222
425.9		0.809222
426		0.809222
426.1		0.813543
426.2		0.813543
426.3		0.813543
426.4		0.813543
426.5		0.813543
426.6		0.813543
426.7		0.813543
426.8		0.813543
426.9		0.813543
427		0.813543
427.1		0.81506
427.2		0.81506
427.3		0.81506
427.4		0.81506
427.5		0.81506
427.6		0.81506
427.7		0.81506
427.8		0.81506
427.9		0.81506
428		0.81506
428.1		0.816393
428.2		0.816393
428.3		0.816393
428.4		0.816393
428.5		0.816393
428.6		0.816393
428.7		0.816393
428.8		0.816393
428.9		0.816393
429		0.816393
429.1		0.816853
429.2		0.816853
429.3		0.816853
429.4		0.816853
429.5		0.816853
429.6		0.816853
429.7		0.816853
429.8		0.816853
429.9		0.816853
430		0.816853
430.1		0.819151
430.2		0.819151
430.3		0.819151
430.4		0.819151
430.5		0.819151
430.6		0.819151
430.7		0.819151
430.8		0.819151
430.9		0.819151
431		0.819151
431.1		0.822323
431.2		0.822323
431.3		0.822323
431.4		0.822323
431.5		0.822323
431.6		0.822323
431.7		0.822323
431.8		0.822323
431.9		0.822323
432		0.822323
432.1		0.826185
432.2		0.826185
432.3		0.826185
432.4		0.826185
432.5		0.826185
432.6		0.826185
432.7		0.826185
432.8		0.826185
432.9		0.826185
433		0.826185
433.1		0.82738
433.2		0.82738
433.3		0.82738
433.4		0.82738
433.5		0.82738
433.6		0.82738
433.7		0.82738
433.8		0.82738
433.9		0.82738
434		0.82738
434.1		0.827702
434.2		0.827702
434.3		0.827702
434.4		0.827702
434.5		0.827702
434.6		0.827702
434.7		0.827702
434.8		0.827702
434.9		0.827702
435		0.827702
435.1		0.829541
435.2		0.829541
435.3		0.829541
435.4		0.829541
435.5		0.829541
435.6		0.829541
435.7		0.829541
435.8		0.829541
435.9		0.829541
436		0.829541
436.1		0.833632
436.2		0.833632
436.3		0.833632
436.4		0.833632
436.5		0.833632
436.6		0.833632
436.7		0.833632
436.8		0.833632
436.9		0.833632
437		0.833632
437.1		0.833862
437.2		0.833862
437.3		0.833862
437.4		0.833862
437.5		0.833862
437.6		0.833862
437.7		0.833862
437.8		0.833862
437.9		0.833862
438		0.833862
438.1		0.838689
438.2		0.838689
438.3		0.838689
438.4		0.838689
438.5		0.838689
438.6		0.838689
438.7		0.838689
438.8		0.838689
438.9		0.838689
439		0.838689
439.1		0.839516
439.2		0.839516
439.3		0.839516
439.4		0.839516
439.5		0.839516
439.6		0.839516
439.7		0.839516
439.8		0.839516
439.9		0.839516
440		0.839516
440.1		0.840206
440.2		0.840206
440.3		0.840206
440.4		0.840206
440.5		0.840206
440.6		0.840206
440.7		0.840206
440.8		0.840206
440.9		0.840206
441		0.840206
441.1		0.84347
441.2		0.84347
441.3		0.84347
441.4		0.84347
441.5		0.84347
441.6		0.84347
441.7		0.84347
441.8		0.84347
441.9		0.84347
442		0.84347
442.1		0.84393
442.2		0.84393
442.3		0.84393
442.4		0.84393
442.5		0.84393
442.6		0.84393
442.7		0.84393
442.8		0.84393
442.9		0.84393
443		0.84393
443.1		0.845539
443.2		0.845539
443.3		0.845539
443.4		0.845539
443.5		0.845539
443.6		0.845539
443.7		0.845539
443.8		0.845539
443.9		0.845539
444		0.845539
444.1		0.850044
444.2		0.850044
444.3		0.850044
444.4		0.850044
444.5		0.850044
444.6		0.850044
444.7		0.850044
444.8		0.850044
444.9		0.850044
445		0.850044
445.1		0.851561
445.2		0.851561
445.3		0.851561
445.4		0.851561
445.5		0.851561
445.6		0.851561
445.7		0.851561
445.8		0.851561
445.9		0.851561
446		0.851561
446.1		0.852342
446.2		0.852342
446.3		0.852342
446.4		0.852342
446.5		0.852342
446.6		0.852342
446.7		0.852342
446.8		0.852342
446.9		0.852342
447		0.852342
447.1		0.856388
447.2		0.856388
447.3		0.856388
447.4		0.856388
447.5		0.856388
447.6		0.856388
447.7		0.856388
447.8		0.856388
447.9		0.856388
448		0.856388
448.1		0.857675
448.2		0.857675
448.3		0.857675
448.4		0.857675
448.5		0.857675
448.6		0.857675
448.7		0.857675
448.8		0.857675
448.9		0.857675
449		0.857675
449.1		0.85841
449.2		0.85841
449.3		0.85841
449.4		0.85841
449.5		0.85841
449.6		0.85841
449.7		0.85841
449.8		0.85841
449.9		0.85841
450		0.85841
450.1		0.859973
450.2		0.859973
450.3		0.859973
450.4		0.859973
450.5		0.859973
450.6		0.859973
450.7		0.859973
450.8		0.859973
450.9		0.859973
451		0.859973
451.1		0.863283
451.2		0.863283
451.3		0.863283
451.4		0.863283
451.5		0.863283
451.6		0.863283
451.7		0.863283
451.8		0.863283
451.9		0.863283
452		0.863283
452.1		0.863421
452.2		0.863421
452.3		0.863421
452.4		0.863421
452.5		0.863421
452.6		0.863421
452.7		0.863421
452.8		0.863421
452.9		0.863421
453		0.863421
453.1		0.866041
453.2		0.866041
453.3		0.866041
453.4		0.866041
453.5		0.866041
453.6		0.866041
453.7		0.866041
453.8		0.866041
453.9		0.866041
454		0.866041
454.1		0.867329
454.2		0.867329
454.3		0.867329
454.4		0.867329
454.5		0.867329
454.6		0.867329
454.7		0.867329
454.8		0.867329
454.9		0.867329
455		0.867329
455.1		0.868754
455.2		0.868754
455.3		0.868754
455.4		0.868754
455.5		0.868754
455.6		0.868754
455.7		0.868754
455.8		0.868754
455.9		0.868754
456		0.868754
456.1		0.869857
456.2		0.869857
456.3		0.869857
456.4		0.869857
456.5		0.869857
456.6		0.869857
456.7		0.869857
456.8		0.869857
456.9		0.869857
457		0.869857
457.1		0.872156
457.2		0.872156
457.3		0.872156
457.4		0.872156
457.5		0.872156
457.6		0.872156
457.7		0.872156
457.8		0.872156
457.9		0.872156
458		0.872156
458.1		0.872339
458.2		0.872339
458.3		0.872339
458.4		0.872339
458.5		0.872339
458.6		0.872339
458.7		0.872339
458.8		0.872339
458.9		0.872339
459		0.872339
459.1		0.874914
459.2		0.874914
459.3		0.874914
459.4		0.874914
459.5		0.874914
459.6		0.874914
459.7		0.874914
459.8		0.874914
459.9		0.874914
460		0.874914
460.1		0.879557
460.2		0.879557
460.3		0.879557
460.4		0.879557
460.5		0.879557
460.6		0.879557
460.7		0.879557
460.8		0.879557
460.9		0.879557
461		0.879557
461.1		0.879787
461.2		0.879787
461.3		0.879787
461.4		0.879787
461.5		0.879787
461.6		0.879787
461.7		0.879787
461.8		0.879787
461.9		0.879787
462		0.879787
462.1		0.881947
462.2		0.881947
462.3		0.881947
462.4		0.881947
462.5		0.881947
462.6		0.881947
462.7		0.881947
462.8		0.881947
462.9		0.881947
463		0.881947
463.1		0.882729
463.2		0.882729
463.3		0.882729
463.4		0.882729
463.5		0.882729
463.6		0.882729
463.7		0.882729
463.8		0.882729
463.9		0.882729
464		0.882729
464.1		0.886131
464.2		0.886131
464.3		0.886131
464.4		0.886131
464.5		0.886131
464.6		0.886131
464.7		0.886131
464.8		0.886131
464.9		0.886131
465		0.886131
465.1		0.88659
465.2		0.88659
465.3		0.88659
465.4		0.88659
465.5		0.88659
465.6		0.88659
465.7		0.88659
465.8		0.88659
465.9		0.88659
466		0.88659
466.1		0.890406
466.2		0.890406
466.3		0.890406
466.4		0.890406
466.5		0.890406
466.6		0.890406
466.7		0.890406
466.8		0.890406
466.9		0.890406
467		0.890406
467.1		0.890866
467.2		0.890866
467.3		0.890866
467.4		0.890866
467.5		0.890866
467.6		0.890866
467.7		0.890866
467.8		0.890866
467.9		0.890866
468		0.890866
468.1		0.893624
468.2		0.893624
468.3		0.893624
468.4		0.893624
468.5		0.893624
468.6		0.893624
468.7		0.893624
468.8		0.893624
468.9		0.893624
469		0.893624
469.1		0.89413
469.2		0.89413
469.3		0.89413
469.4		0.89413
469.5		0.89413
469.6		0.89413
469.7		0.89413
469.8		0.89413
469.9		0.89413
470		0.89413
470.1		0.897623
470.2		0.897623
470.3		0.897623
470.4		0.897623
470.5		0.897623
470.6		0.897623
470.7		0.897623
470.8		0.897623
470.9		0.897623
471		0.897623
471.1		0.898221
471.2		0.898221
471.3		0.898221
471.4		0.898221
471.5		0.898221
471.6		0.898221
471.7		0.898221
471.8		0.898221
471.9		0.898221
472		0.898221
472.1		0.902358
472.2		0.902358
472.3		0.902358
472.4		0.902358
472.5		0.902358
472.6		0.902358
472.7		0.902358
472.8		0.902358
472.9		0.902358
473		0.902358
473.1		0.903691
473.2		0.903691
473.3		0.903691
473.4		0.903691
473.5		0.903691
473.6		0.903691
473.7		0.903691
473.8		0.903691
473.9		0.903691
474		0.903691
474.1		0.904703
474.2		0.904703
474.3		0.904703
474.4		0.904703
474.5		0.904703
474.6		0.904703
474.7		0.904703
474.8		0.904703
474.9		0.904703
475		0.904703
475.1		0.906496
475.2		0.906496
475.3		0.906496
475.4		0.906496
475.5		0.906496
475.6		0.906496
475.7		0.906496
475.8		0.906496
475.9		0.906496
476		0.906496
476.1		0.910219
476.2		0.910219
476.3		0.910219
476.4		0.910219
476.5		0.910219
476.6		0.910219
476.7		0.910219
476.8		0.910219
476.9		0.910219
477		0.910219
477.1		0.911506
477.2		0.911506
477.3		0.911506
477.4		0.911506
477.5		0.911506
477.6		0.911506
477.7		0.911506
477.8		0.911506
477.9		0.911506
478		0.911506
478.1		0.912656
478.2		0.912656
478.3		0.912656
478.4		0.912656
478.5		0.912656
478.6		0.912656
478.7		0.912656
478.8		0.912656
478.9		0.912656
479		0.912656
479.1		0.915414
479.2		0.915414
479.3		0.915414
479.4		0.915414
479.5		0.915414
479.6		0.915414
479.7		0.915414
479.8		0.915414
479.9		0.915414
480		0.915414
480.1		0.915736
480.2		0.915736
480.3		0.915736
480.4		0.915736
480.5		0.915736
480.6		0.915736
480.7		0.915736
480.8		0.915736
480.9		0.915736
481		0.915736
481.1		0.919367
481.2		0.919367
481.3		0.919367
481.4		0.919367
481.5		0.919367
481.6		0.919367
481.7		0.919367
481.8		0.919367
481.9		0.919367
482		0.919367
482.1		0.920701
482.2		0.920701
482.3		0.920701
482.4		0.920701
482.5		0.920701
482.6		0.920701
482.7		0.920701
482.8		0.920701
482.9		0.920701
483		0.920701
483.1		0.923321
483.2		0.923321
483.3		0.923321
483.4		0.923321
483.5		0.923321
483.6		0.923321
483.7		0.923321
483.8		0.923321
483.9		0.923321
484		0.923321
484.1		0.924608
484.2		0.924608
484.3		0.924608
484.4		0.924608
484.5		0.924608
484.6		0.924608
484.7		0.924608
484.8		0.924608
484.9		0.924608
485		0.924608
485.1		0.925757
485.2		0.925757
485.3		0.925757
485.4		0.925757
485.5		0.925757
485.6		0.925757
485.7		0.925757
485.8		0.925757
485.9		0.925757
486		0.925757
486.1		0.929849
486.2		0.929849
486.3		0.929849
486.4		0.929849
486.5		0.929849
486.6		0.929849
486.7		0.929849
486.8		0.929849
486.9		0.929849
487		0.929849
487.1		0.930538
487.2		0.930538
487.3		0.930538
487.4		0.930538
487.5		0.930538
487.6		0.930538
487.7		0.930538
487.8		0.930538
487.9		0.930538
488		0.930538
488.1		0.93132
488.2		0.93132
488.3		0.93132
488.4		0.93132
488.5		0.93132
488.6		0.93132
488.7		0.93132
488.8		0.93132
488.9		0.93132
489		0.93132
489.1		0.935825
489.2		0.935825
489.3		0.935825
489.4		0.935825
489.5		0.935825
489.6		0.935825
489.7		0.935825
489.8		0.935825
489.9		0.935825
490		0.935825
490.1		0.93725
490.2		0.93725
490.3		0.93725
490.4		0.93725
490.5		0.93725
490.6		0.93725
490.7		0.93725
490.8		0.93725
490.9		0.93725
491		0.93725
491.1		0.938169
491.2		0.938169
491.3		0.938169
491.4		0.938169
491.5		0.938169
491.6		0.938169
491.7		0.938169
491.8		0.938169
491.9		0.938169
492		0.938169
492.1		0.941204
492.2		0.941204
492.3		0.941204
492.4		0.941204
492.5		0.941204
492.6		0.941204
492.7		0.941204
492.8		0.941204
492.9		0.941204
493		0.941204
493.1		0.941709
493.2		0.941709
493.3		0.941709
493.4		0.941709
493.5		0.941709
493.6		0.941709
493.7		0.941709
493.8		0.941709
493.9		0.941709
494		0.941709
494.1		0.944605
494.2		0.944605
494.3		0.944605
494.4		0.944605
494.5		0.944605
494.6		0.944605
494.7		0.944605
494.8		0.944605
494.9		0.944605
495		0.944605
495.1		0.947226
495.2		0.947226
495.3		0.947226
495.4		0.947226
495.5		0.947226
495.6		0.947226
495.7		0.947226
495.8		0.947226
495.9		0.947226
496		0.947226
496.1		0.947823
496.2		0.947823
496.3		0.947823
496.4		0.947823
496.5		0.947823
496.6		0.947823
496.7		0.947823
496.8		0.947823
496.9		0.947823
497		0.947823
497.1		0.949662
497.2		0.949662
497.3		0.949662
497.4		0.949662
497.5		0.949662
497.6		0.949662
497.7		0.949662
497.8		0.949662
497.9		0.949662
498		0.949662
498.1		0.951639
498.2		0.951639
498.3		0.951639
498.4		0.951639
498.5		0.951639
498.6		0.951639
498.7		0.951639
498.8		0.951639
498.9		0.951639
499		0.951639
499.1		0.954351
499.2		0.954351
499.3		0.954351
499.4		0.954351
499.5		0.954351
499.6		0.954351
499.7		0.954351
499.8		0.954351
499.9		0.954351
500		0.954351
500.1		0.955087
500.2		0.955087
500.3		0.955087
500.4		0.955087
500.5		0.955087
500.6		0.955087
500.7		0.955087
500.8		0.955087
500.9		0.955087
501		0.955087
501.1		0.959086
501.2		0.959086
501.3		0.959086
501.4		0.959086
501.5		0.959086
501.6		0.959086
501.7		0.959086
501.8		0.959086
501.9		0.959086
502		0.959086
502.1		0.960833
502.2		0.960833
502.3		0.960833
502.4		0.960833
502.5		0.960833
502.6		0.960833
502.7		0.960833
502.8		0.960833
502.9		0.960833
503		0.960833
503.1		0.962488
503.2		0.962488
503.3		0.962488
503.4		0.962488
503.5		0.962488
503.6		0.962488
503.7		0.962488
503.8		0.962488
503.9		0.962488
504		0.962488
504.1		0.962994
504.2		0.962994
504.3		0.962994
504.4		0.962994
504.5		0.962994
504.6		0.962994
504.7		0.962994
504.8		0.962994
504.9		0.962994
505		0.962994
505.1		0.966533
505.2		0.966533
505.3		0.966533
505.4		0.966533
505.5		0.966533
505.6		0.966533
505.7		0.966533
505.8		0.966533
505.9		0.966533
506		0.966533
506.1		0.970395
506.2		0.970395
506.3		0.970395
506.4		0.970395
506.5		0.970395
506.6		0.970395
506.7		0.970395
506.8		0.970395
506.9		0.970395
507		0.970395
507.1		0.971038
507.2		0.971038
507.3		0.971038
507.4		0.971038
507.5		0.971038
507.6		0.971038
507.7		0.971038
507.8		0.971038
507.9		0.971038
508		0.971038
508.1		0.973245
508.2		0.973245
508.3		0.973245
508.4		0.973245
508.5		0.973245
508.6		0.973245
508.7		0.973245
508.8		0.973245
508.9		0.973245
509		0.973245
509.1		0.974119
509.2		0.974119
509.3		0.974119
509.4		0.974119
509.5		0.974119
509.6		0.974119
509.7		0.974119
509.8		0.974119
509.9		0.974119
510		0.974119
510.1		0.978072
510.2		0.978072
510.3		0.978072
510.4		0.978072
510.5		0.978072
510.6		0.978072
510.7		0.978072
510.8		0.978072
510.9		0.978072
511		0.978072
511.1		0.980646
511.2		0.980646
511.3		0.980646
511.4		0.980646
511.5		0.980646
511.6		0.980646
511.7		0.980646
511.8		0.980646
511.9		0.980646
512		0.980646
512.1		0.981704
512.2		0.981704
512.3		0.981704
512.4		0.981704
512.5		0.981704
512.6		0.981704
512.7		0.981704
512.8		0.981704
512.9		0.981704
513		0.981704
513.1		0.982439
513.2		0.982439
513.3		0.982439
513.4		0.982439
513.5		0.982439
513.6		0.982439
513.7		0.982439
513.8		0.982439
513.9		0.982439
514		0.982439
514.1		0.983588
514.2		0.983588
514.3		0.983588
514.4		0.983588
514.5		0.983588
514.6		0.983588
514.7		0.983588
514.8		0.983588
514.9		0.983588
515		0.983588
515.1		0.989105
515.2		0.989105
515.3		0.989105
515.4		0.989105
515.5		0.989105
515.6		0.989105
515.7		0.989105
515.8		0.989105
515.9		0.989105
516		0.989105
516.1		0.989703
516.2		0.989703
516.3		0.989703
516.4		0.989703
516.5		0.989703
516.6		0.989703
516.7		0.989703
516.8		0.989703
516.9		0.989703
517		0.989703
517.1		0.993978
517.2		0.993978
517.3		0.993978
517.4		0.993978
517.5		0.993978
517.6		0.993978
517.7		0.993978
517.8		0.993978
517.9		0.993978
518		0.993978
518.1		0.994575
518.2		0.994575
518.3		0.994575
518.4		0.994575
518.5		0.994575
518.6		0.994575
518.7		0.994575
518.8		0.994575
518.9		0.994575
519		0.994575
519.1		0.995035
519.2		0.995035
519.3		0.995035
519.4		0.995035
519.5		0.995035
519.6		0.995035
519.7		0.995035
519.8		0.995035
519.9		0.995035
520		0.995035
520.1		0.996368
520.2		0.996368
520.3		0.996368
520.4		0.996368
520.5		0.996368
520.6		0.996368
520.7		0.996368
520.8		0.996368
520.9		0.996368
521		0.996368
521.1		0.999862
521.2		0.999862
521.3		0.999862
521.4		0.999862
521.5		0.999862
521.6		0.999862
521.7		0.999862
521.8		0.999862
521.9		0.999862
522		0.999862
522.1		1
522.2		1
522.3		1
522.4		1
522.5		1
522.6		1
522.7		1
522.8		1
522.9		1
523		1
523.1		1
523.2		1
523.3		1
523.4		1
523.5		1
523.6		1
523.7		1
523.8		1
523.9		1
524		1
524.1		1
524.2		1
524.3		1
524.4		1
524.5		1
524.6		1
524.7		1
524.8		1
524.9		1
525		1
525.1		1
525.2		1
525.3		1
525.4		1
525.5		1
525.6		1
525.7		1
525.8		1
525.9		1
526		1
526.1		1
526.2		1
526.3		1
526.4		1
526.5		1
526.6		1
526.7		1
526.8		1
526.9		1
527		1
527.1		1
527.2		1
527.3		1
527.4		1
527.5		1
527.6		1
527.7		1
527.8		1
527.9		1
528		1
528.1		1
528.2		1
528.3		1
528.4		1
528.5		1
528.6		1
528.7		1
528.8		1
528.9		1
529		1
529.1		1
529.2		1
529.3		1
529.4		1
529.5		1
529.6		1
529.7		1
529.8		1
529.9		1
530		1
530.1		1
530.2		1
530.3		1
530.4		1
530.5		1
530.6		1
530.7		1
530.8		1
530.9		1
531		1
531.1		1
531.2		1
531.3		1
531.4		1
531.5		1
531.6		1
531.7		1
531.8		1
531.9		1
532		1
532.1		1
532.2		1
532.3		1
532.4		1
532.5		1
532.6		1
532.7		1
532.8		1
532.9		1
533		1
533.1		1
533.2		1
533.3		1
533.4		1
533.5		1
533.6		1
533.7		1
533.8		1
533.9		1
534		1
534.1		1
534.2		1
534.3		1
534.4		1
534.5		1
534.6		1
534.7		1
534.8		1
534.9		1
535		1
535.1		1
535.2		1
535.3		1
535.4		1
535.5		1
535.6		1
535.7		1
535.8		1
535.9		1
536		1
536.1		1
536.2		1
536.3		1
536.4		1
536.5		1
536.6		1
536.7		1
536.8		1
536.9		1
537		1
537.1		1
537.2		1
537.3		1
537.4		1
537.5		1
537.6		1
537.7		1
537.8		1
537.9		1
538		1
538.1		1
538.2		1
538.3		1
538.4		1
538.5		1
538.6		1
538.7		1
538.8		1
538.9		1
539		1
539.1		1
539.2		1
539.3		1
539.4		1
539.5		1
539.6		1
539.7		1
539.8		1
539.9		1
540		1
540.1		1
540.2		1
540.3		1
540.4		1
540.5		1
540.6		1
540.7		1
540.8		1
540.9		1
541		1
541.1		1
541.2		1
541.3		1
541.4		1
541.5		1
541.6		1
541.7		1
541.8		1
541.9		1
542		1
542.1		1
542.2		1
542.3		1
542.4		1
542.5		1
542.6		1
542.7		1
542.8		1
542.9		1
543		1
543.1		1
543.2		1
543.3		1
543.4		1
543.5		1
543.6		1
543.7		1
543.8		1
543.9		1
544		1
544.1		1
544.2		1
544.3		1
544.4		1
544.5		1
544.6		1
544.7		1
544.8		1
544.9		1
545		1
545.1		1
545.2		1
545.3		1
545.4		1
545.5		1
545.6		1
545.7		1
545.8		1
545.9		1
546		1
546.1		1
546.2		1
546.3		1
546.4		1
546.5		1
546.6		1
546.7		1
546.8		1
546.9		1
547		1
547.1		1
547.2		1
547.3		1
547.4		1
547.5		1
547.6		1
547.7		1
547.8		1
547.9		1
548		1
548.1		1
548.2		1
548.3		1
548.4		1
548.5		1
548.6		1
548.7		1
548.8		1
548.9		1
549		1
549.1		1
549.2		1
549.3		1
549.4		1
549.5		1
549.6		1
549.7		1
549.8		1
549.9		1
550		1
550.1		1
550.2		1
550.3		1
550.4		1
550.5		1
550.6		1
550.7		1
550.8		1
550.9		1
551		1
551.1		1
551.2		1
551.3		1
551.4		1
551.5		1
551.6		1
551.7		1
551.8		1
551.9		1
552		1
552.1		1
552.2		1
552.3		1
552.4		1
552.5		1
552.6		1
552.7		1
552.8		1
552.9		1
553		1
553.1		1
553.2		1
553.3		1
553.4		1
553.5		1
553.6		1
553.7		1
553.8		1
553.9		1
554		1
554.1		1
554.2		1
554.3		1
554.4		1
554.5		1
554.6		1
554.7		1
554.8		1
554.9		1
555		1
555.1		1
555.2		1
555.3		1
555.4		1
555.5		1
555.6		1
555.7		1
555.8		1
555.9		1
556		1
556.1		1
556.2		1
556.3		1
556.4		1
556.5		1
556.6		1
556.7		1
556.8		1
556.9		1
557		1
557.1		1
557.2		1
557.3		1
557.4		1
557.5		1
557.6		1
557.7		1
557.8		1
557.9		1
558		1
558.1		1
558.2		1
558.3		1
558.4		1
558.5		1
558.6		1
558.7		1
558.8		1
558.9		1
559		1
559.1		1
559.2		1
559.3		1
559.4		1
559.5		1
559.6		1
559.7		1
559.8		1
559.9		1
560		1
560.1		1
560.2		1
560.3		1
560.4		1
560.5		1
560.6		1
560.7		1
560.8		1
560.9		1
561		1
561.1		1
561.2		1
561.3		1
561.4		1
561.5		1
561.6		1
561.7		1
561.8		1
561.9		1
562		1
562.1		1
562.2		1
562.3		1
562.4		1
562.5		1
562.6		1
562.7		1
562.8		1
562.9		1
563		1
563.1		1
563.2		1
563.3		1
563.4		1
563.5		1
563.6		1
563.7		1
563.8		1
563.9		1
564		1
564.1		1
564.2		1
564.3		1
564.4		1
564.5		1
564.6		1
564.7		1
564.8		1
564.9		1
565		1
565.1		1
565.2		1
565.3		1
565.4		1
565.5		1
565.6		1
565.7		1
565.8		1
565.9		1
566		1
566.1		1
566.2		1
566.3		1
566.4		1
566.5		1
566.6		1
566.7		1
566.8		1
566.9		1
567		1
567.1		1
567.2		1
567.3		1
567.4		1
567.5		1
567.6		1
567.7		1
567.8		1
567.9		1
568		1
568.1		1
568.2		1
568.3		1
568.4		1
568.5		1
568.6		1
568.7		1
568.8		1
568.9		1
569		1
569.1		1
569.2		1
569.3		1
569.4		1
569.5		1
569.6		1
569.7		1
569.8		1
569.9		1
570		1
570.1		1
570.2		1
570.3		1
570.4		1
570.5		1
570.6		1
570.7		1
570.8		1
570.9		1
571		1
571.1		1
571.2		1
571.3		1
571.4		1
571.5		1
571.6		1
571.7		1
571.8		1
571.9		1
572		1
572.1		1
572.2		1
572.3		1
572.4		1
572.5		1
572.6		1
572.7		1
572.8		1
572.9		1
573		1
573.1		1
573.2		1
573.3		1
573.4		1
573.5		1
573.6		1
573.7		1
573.8		1
573.9		1
574		1
574.1		1
574.2		1
574.3		1
574.4		1
574.5		1
574.6		1
574.7		1
574.8		1
574.9		1
575		1
575.1		1
575.2		1
575.3		1
575.4		1
575.5		1
575.6		1
575.7		1
575.8		1
575.9		1
576		1
576.1		1
576.2		1
576.3		1
576.4		1
576.5		1
576.6		1
576.7		1
576.8		1
576.9		1
577		1
577.1		1
577.2		1
577.3		1
577.4		1
577.5		1
577.6		1
577.7		1
577.8		1
577.9		1
578		1
578.1		1
578.2		1
578.3		1
578.4		1
578.5		1
578.6		1
578.7		1
578.8		1
578.9		1
579		1
579.1		1
579.2		1
579.3		1
579.4		1
579.5		1
579.6		1
579.7		1
579.8		1
579.9		1
580		1
580.1		1
580.2		1
580.3		1
580.4		1
580.5		1
580.6		1
580.7		1
580.8		1
580.9		1
581		1
581.1		1
581.2		1
581.3		1
581.4		1
581.5		1
581.6		1
581.7		1
581.8		1
581.9		1
582		1
582.1		1
582.2		1
582.3		1
582.4		1
582.5		1
582.6		1
582.7		1
582.8		1
582.9		1
583		1
583.1		1
583.2		1
583.3		1
583.4		1
583.5		1
583.6		1
583.7		1
583.8		1
583.9		1
584		1
584.1		1
584.2		1
584.3		1
584.4		1
584.5		1
584.6		1
584.7		1
584.8		1
584.9		1
585		1
585.1		1
585.2		1
585.3		1
585.4		1
585.5		1
585.6		1
585.7		1
585.8		1
585.9		1
586		1
586.1		1
586.2		1
586.3		1
586.4		1
586.5		1
586.6		1
586.7		1
586.8		1
586.9		1
587		1
587.1		1
587.2		1
587.3		1
587.4		1
587.5		1
587.6		1
587.7		1
587.8		1
587.9		1
588		1
588.1		1
588.2		1
588.3		1
588.4		1
588.5		1
588.6		1
588.7		1
588.8		1
588.9		1
589		1
589.1		1
589.2		1
589.3		1
589.4		1
589.5		1
589.6		1
589.7		1
589.8		1
589.9		1
590		1
590.1		1
590.2		1
590.3		1
590.4		1
590.5		1
590.6		1
590.7		1
590.8		1
590.9		1
591		1
591.1		1
591.2		1
591.3		1
591.4		1
591.5		1
591.6		1
591.7		1
591.8		1
591.9		1
592		1
592.1		1
592.2		1
592.3		1
592.4		1
592.5		1
592.6		1
592.7		1
592.8		1
592.9		1
593		1
593.1		1
593.2		1
593.3		1
593.4		1
593.5		1
593.6		1
593.7		1
593.8		1
593.9		1
594		1
594.1		1
594.2		1
594.3		1
594.4		1
594.5		1
594.6		1
594.7		1
594.8		1
594.9		1
595		1
595.1		1
595.2		1
595.3		1
595.4		1
595.5		1
595.6		1
595.7		1
595.8		1
595.9		1
596		1
596.1		1
596.2		1
596.3		1
596.4		1
596.5		1
596.6		1
596.7		1
596.8		1
596.9		1
597		1
597.1		1
597.2		1
597.3		1
597.4		1
597.5		1
597.6		1
597.7		1
597.8		1
597.9		1
598		1
598.1		1
598.2		1
598.3		1
598.4		1
598.5		1
598.6		1
598.7		1
598.8		1
598.9		1
599		1
599.1		1
599.2		1
599.3		1
599.4		1
599.5		1
599.6		1
599.7		1
599.8		1
599.9		1
600		1
