# Calibration file of tamex_id 2 @ channel 1
# fine_T bin		 Calibration value
0.1		0
0.2		0
0.3		0
0.4		0
0.5		0
0.6		0
0.7		0
0.8		0
0.9		0
1		0
1.1		0
1.2		0
1.3		0
1.4		0
1.5		0
1.6		0
1.7		0
1.8		0
1.9		0
2		0
2.1		0
2.2		0
2.3		0
2.4		0
2.5		0
2.6		0
2.7		0
2.8		0
2.9		0
3		0
3.1		0
3.2		0
3.3		0
3.4		0
3.5		0
3.6		0
3.7		0
3.8		0
3.9		0
4		0
4.1		0
4.2		0
4.3		0
4.4		0
4.5		0
4.6		0
4.7		0
4.8		0
4.9		0
5		0
5.1		0
5.2		0
5.3		0
5.4		0
5.5		0
5.6		0
5.7		0
5.8		0
5.9		0
6		0
6.1		0
6.2		0
6.3		0
6.4		0
6.5		0
6.6		0
6.7		0
6.8		0
6.9		0
7		0
7.1		0
7.2		0
7.3		0
7.4		0
7.5		0
7.6		0
7.7		0
7.8		0
7.9		0
8		0
8.1		0
8.2		0
8.3		0
8.4		0
8.5		0
8.6		0
8.7		0
8.8		0
8.9		0
9		0
9.1		0
9.2		0
9.3		0
9.4		0
9.5		0
9.6		0
9.7		0
9.8		0
9.9		0
10		0
10.1		0
10.2		0
10.3		0
10.4		0
10.5		0
10.6		0
10.7		0
10.8		0
10.9		0
11		0
11.1		0
11.2		0
11.3		0
11.4		0
11.5		0
11.6		0
11.7		0
11.8		0
11.9		0
12		0
12.1		0
12.2		0
12.3		0
12.4		0
12.5		0
12.6		0
12.7		0
12.8		0
12.9		0
13		0
13.1		0
13.2		0
13.3		0
13.4		0
13.5		0
13.6		0
13.7		0
13.8		0
13.9		0
14		0
14.1		0
14.2		0
14.3		0
14.4		0
14.5		0
14.6		0
14.7		0
14.8		0
14.9		0
15		0
15.1		0
15.2		0
15.3		0
15.4		0
15.5		0
15.6		0
15.7		0
15.8		0
15.9		0
16		0
16.1		0.000103961
16.2		0.000103961
16.3		0.000103961
16.4		0.000103961
16.5		0.000103961
16.6		0.000103961
16.7		0.000103961
16.8		0.000103961
16.9		0.000103961
17		0.000103961
17.1		0.00727726
17.2		0.00727726
17.3		0.00727726
17.4		0.00727726
17.5		0.00727726
17.6		0.00727726
17.7		0.00727726
17.8		0.00727726
17.9		0.00727726
18		0.00727726
18.1		0.00738122
18.2		0.00738122
18.3		0.00738122
18.4		0.00738122
18.5		0.00738122
18.6		0.00738122
18.7		0.00738122
18.8		0.00738122
18.9		0.00738122
19		0.00738122
19.1		0.00998025
19.2		0.00998025
19.3		0.00998025
19.4		0.00998025
19.5		0.00998025
19.6		0.00998025
19.7		0.00998025
19.8		0.00998025
19.9		0.00998025
20		0.00998025
20.1		0.0154902
20.2		0.0154902
20.3		0.0154902
20.4		0.0154902
20.5		0.0154902
20.6		0.0154902
20.7		0.0154902
20.8		0.0154902
20.9		0.0154902
21		0.0154902
21.1		0.0167377
21.2		0.0167377
21.3		0.0167377
21.4		0.0167377
21.5		0.0167377
21.6		0.0167377
21.7		0.0167377
21.8		0.0167377
21.9		0.0167377
22		0.0167377
22.1		0.0171536
22.2		0.0171536
22.3		0.0171536
22.4		0.0171536
22.5		0.0171536
22.6		0.0171536
22.7		0.0171536
22.8		0.0171536
22.9		0.0171536
23		0.0171536
23.1		0.0199605
23.2		0.0199605
23.3		0.0199605
23.4		0.0199605
23.5		0.0199605
23.6		0.0199605
23.7		0.0199605
23.8		0.0199605
23.9		0.0199605
24		0.0199605
24.1		0.0221437
24.2		0.0221437
24.3		0.0221437
24.4		0.0221437
24.5		0.0221437
24.6		0.0221437
24.7		0.0221437
24.8		0.0221437
24.9		0.0221437
25		0.0221437
25.1		0.0244308
25.2		0.0244308
25.3		0.0244308
25.4		0.0244308
25.5		0.0244308
25.6		0.0244308
25.7		0.0244308
25.8		0.0244308
25.9		0.0244308
26		0.0244308
26.1		0.0252625
26.2		0.0252625
26.3		0.0252625
26.4		0.0252625
26.5		0.0252625
26.6		0.0252625
26.7		0.0252625
26.8		0.0252625
26.9		0.0252625
27		0.0252625
27.1		0.0275496
27.2		0.0275496
27.3		0.0275496
27.4		0.0275496
27.5		0.0275496
27.6		0.0275496
27.7		0.0275496
27.8		0.0275496
27.9		0.0275496
28		0.0275496
28.1		0.0276536
28.2		0.0276536
28.3		0.0276536
28.4		0.0276536
28.5		0.0276536
28.6		0.0276536
28.7		0.0276536
28.8		0.0276536
28.9		0.0276536
29		0.0276536
29.1		0.0333715
29.2		0.0333715
29.3		0.0333715
29.4		0.0333715
29.5		0.0333715
29.6		0.0333715
29.7		0.0333715
29.8		0.0333715
29.9		0.0333715
30		0.0333715
30.1		0.0355546
30.2		0.0355546
30.3		0.0355546
30.4		0.0355546
30.5		0.0355546
30.6		0.0355546
30.7		0.0355546
30.8		0.0355546
30.9		0.0355546
31		0.0355546
31.1		0.0360744
31.2		0.0360744
31.3		0.0360744
31.4		0.0360744
31.5		0.0360744
31.6		0.0360744
31.7		0.0360744
31.8		0.0360744
31.9		0.0360744
32		0.0360744
32.1		0.0384655
32.2		0.0384655
32.3		0.0384655
32.4		0.0384655
32.5		0.0384655
32.6		0.0384655
32.7		0.0384655
32.8		0.0384655
32.9		0.0384655
33		0.0384655
33.1		0.0394012
33.2		0.0394012
33.3		0.0394012
33.4		0.0394012
33.5		0.0394012
33.6		0.0394012
33.7		0.0394012
33.8		0.0394012
33.9		0.0394012
34		0.0394012
34.1		0.0417923
34.2		0.0417923
34.3		0.0417923
34.4		0.0417923
34.5		0.0417923
34.6		0.0417923
34.7		0.0417923
34.8		0.0417923
34.9		0.0417923
35		0.0417923
35.1		0.0437675
35.2		0.0437675
35.3		0.0437675
35.4		0.0437675
35.5		0.0437675
35.6		0.0437675
35.7		0.0437675
35.8		0.0437675
35.9		0.0437675
36		0.0437675
36.1		0.0463666
36.2		0.0463666
36.3		0.0463666
36.4		0.0463666
36.5		0.0463666
36.6		0.0463666
36.7		0.0463666
36.8		0.0463666
36.9		0.0463666
37		0.0463666
37.1		0.0482379
37.2		0.0482379
37.3		0.0482379
37.4		0.0482379
37.5		0.0482379
37.6		0.0482379
37.7		0.0482379
37.8		0.0482379
37.9		0.0482379
38		0.0482379
38.1		0.0487577
38.2		0.0487577
38.3		0.0487577
38.4		0.0487577
38.5		0.0487577
38.6		0.0487577
38.7		0.0487577
38.8		0.0487577
38.9		0.0487577
39		0.0487577
39.1		0.0530201
39.2		0.0530201
39.3		0.0530201
39.4		0.0530201
39.5		0.0530201
39.6		0.0530201
39.7		0.0530201
39.8		0.0530201
39.9		0.0530201
40		0.0530201
40.1		0.053124
40.2		0.053124
40.3		0.053124
40.4		0.053124
40.5		0.053124
40.6		0.053124
40.7		0.053124
40.8		0.053124
40.9		0.053124
41		0.053124
41.1		0.0549953
41.2		0.0549953
41.3		0.0549953
41.4		0.0549953
41.5		0.0549953
41.6		0.0549953
41.7		0.0549953
41.8		0.0549953
41.9		0.0549953
42		0.0549953
42.1		0.0592577
42.2		0.0592577
42.3		0.0592577
42.4		0.0592577
42.5		0.0592577
42.6		0.0592577
42.7		0.0592577
42.8		0.0592577
42.9		0.0592577
43		0.0592577
43.1		0.0592577
43.2		0.0592577
43.3		0.0592577
43.4		0.0592577
43.5		0.0592577
43.6		0.0592577
43.7		0.0592577
43.8		0.0592577
43.9		0.0592577
44		0.0592577
44.1		0.0623765
44.2		0.0623765
44.3		0.0623765
44.4		0.0623765
44.5		0.0623765
44.6		0.0623765
44.7		0.0623765
44.8		0.0623765
44.9		0.0623765
45		0.0623765
45.1		0.0624805
45.2		0.0624805
45.3		0.0624805
45.4		0.0624805
45.5		0.0624805
45.6		0.0624805
45.7		0.0624805
45.8		0.0624805
45.9		0.0624805
46		0.0624805
46.1		0.069134
46.2		0.069134
46.3		0.069134
46.4		0.069134
46.5		0.069134
46.6		0.069134
46.7		0.069134
46.8		0.069134
46.9		0.069134
47		0.069134
47.1		0.0700697
47.2		0.0700697
47.3		0.0700697
47.4		0.0700697
47.5		0.0700697
47.6		0.0700697
47.7		0.0700697
47.8		0.0700697
47.9		0.0700697
48		0.0700697
48.1		0.0711093
48.2		0.0711093
48.3		0.0711093
48.4		0.0711093
48.5		0.0711093
48.6		0.0711093
48.7		0.0711093
48.8		0.0711093
48.9		0.0711093
49		0.0711093
49.1		0.071733
49.2		0.071733
49.3		0.071733
49.4		0.071733
49.5		0.071733
49.6		0.071733
49.7		0.071733
49.8		0.071733
49.9		0.071733
50		0.071733
50.1		0.0738122
50.2		0.0738122
50.3		0.0738122
50.4		0.0738122
50.5		0.0738122
50.6		0.0738122
50.7		0.0738122
50.8		0.0738122
50.9		0.0738122
51		0.0738122
51.1		0.074436
51.2		0.074436
51.3		0.074436
51.4		0.074436
51.5		0.074436
51.6		0.074436
51.7		0.074436
51.8		0.074436
51.9		0.074436
52		0.074436
52.1		0.0784905
52.2		0.0784905
52.3		0.0784905
52.4		0.0784905
52.5		0.0784905
52.6		0.0784905
52.7		0.0784905
52.8		0.0784905
52.9		0.0784905
53		0.0784905
53.1		0.0795301
53.2		0.0795301
53.3		0.0795301
53.4		0.0795301
53.5		0.0795301
53.6		0.0795301
53.7		0.0795301
53.8		0.0795301
53.9		0.0795301
54		0.0795301
54.1		0.0826489
54.2		0.0826489
54.3		0.0826489
54.4		0.0826489
54.5		0.0826489
54.6		0.0826489
54.7		0.0826489
54.8		0.0826489
54.9		0.0826489
55		0.0826489
55.1		0.0835846
55.2		0.0835846
55.3		0.0835846
55.4		0.0835846
55.5		0.0835846
55.6		0.0835846
55.7		0.0835846
55.8		0.0835846
55.9		0.0835846
56		0.0835846
56.1		0.0860796
56.2		0.0860796
56.3		0.0860796
56.4		0.0860796
56.5		0.0860796
56.6		0.0860796
56.7		0.0860796
56.8		0.0860796
56.9		0.0860796
57		0.0860796
57.1		0.0863915
57.2		0.0863915
57.3		0.0863915
57.4		0.0863915
57.5		0.0863915
57.6		0.0863915
57.7		0.0863915
57.8		0.0863915
57.9		0.0863915
58		0.0863915
58.1		0.0921094
58.2		0.0921094
58.3		0.0921094
58.4		0.0921094
58.5		0.0921094
58.6		0.0921094
58.7		0.0921094
58.8		0.0921094
58.9		0.0921094
59		0.0921094
59.1		0.093045
59.2		0.093045
59.3		0.093045
59.4		0.093045
59.5		0.093045
59.6		0.093045
59.7		0.093045
59.8		0.093045
59.9		0.093045
60		0.093045
60.1		0.0953322
60.2		0.0953322
60.3		0.0953322
60.4		0.0953322
60.5		0.0953322
60.6		0.0953322
60.7		0.0953322
60.8		0.0953322
60.9		0.0953322
61		0.0953322
61.1		0.0954361
61.2		0.0954361
61.3		0.0954361
61.4		0.0954361
61.5		0.0954361
61.6		0.0954361
61.7		0.0954361
61.8		0.0954361
61.9		0.0954361
62		0.0954361
62.1		0.100218
62.2		0.100218
62.3		0.100218
62.4		0.100218
62.5		0.100218
62.6		0.100218
62.7		0.100218
62.8		0.100218
62.9		0.100218
63		0.100218
63.1		0.10053
63.2		0.10053
63.3		0.10053
63.4		0.10053
63.5		0.10053
63.6		0.10053
63.7		0.10053
63.8		0.10053
63.9		0.10053
64		0.10053
64.1		0.101882
64.2		0.101882
64.3		0.101882
64.4		0.101882
64.5		0.101882
64.6		0.101882
64.7		0.101882
64.8		0.101882
64.9		0.101882
65		0.101882
65.1		0.105001
65.2		0.105001
65.3		0.105001
65.4		0.105001
65.5		0.105001
65.6		0.105001
65.7		0.105001
65.8		0.105001
65.9		0.105001
66		0.105001
66.1		0.107288
66.2		0.107288
66.3		0.107288
66.4		0.107288
66.5		0.107288
66.6		0.107288
66.7		0.107288
66.8		0.107288
66.9		0.107288
67		0.107288
67.1		0.108847
67.2		0.108847
67.3		0.108847
67.4		0.108847
67.5		0.108847
67.6		0.108847
67.7		0.108847
67.8		0.108847
67.9		0.108847
68		0.108847
68.1		0.111342
68.2		0.111342
68.3		0.111342
68.4		0.111342
68.5		0.111342
68.6		0.111342
68.7		0.111342
68.8		0.111342
68.9		0.111342
69		0.111342
69.1		0.111654
69.2		0.111654
69.3		0.111654
69.4		0.111654
69.5		0.111654
69.6		0.111654
69.7		0.111654
69.8		0.111654
69.9		0.111654
70		0.111654
70.1		0.113837
70.2		0.113837
70.3		0.113837
70.4		0.113837
70.5		0.113837
70.6		0.113837
70.7		0.113837
70.8		0.113837
70.9		0.113837
71		0.113837
71.1		0.116852
71.2		0.116852
71.3		0.116852
71.4		0.116852
71.5		0.116852
71.6		0.116852
71.7		0.116852
71.8		0.116852
71.9		0.116852
72		0.116852
72.1		0.1181
72.2		0.1181
72.3		0.1181
72.4		0.1181
72.5		0.1181
72.6		0.1181
72.7		0.1181
72.8		0.1181
72.9		0.1181
73		0.1181
73.1		0.120907
73.2		0.120907
73.3		0.120907
73.4		0.120907
73.5		0.120907
73.6		0.120907
73.7		0.120907
73.8		0.120907
73.9		0.120907
74		0.120907
74.1		0.121842
74.2		0.121842
74.3		0.121842
74.4		0.121842
74.5		0.121842
74.6		0.121842
74.7		0.121842
74.8		0.121842
74.9		0.121842
75		0.121842
75.1		0.121946
75.2		0.121946
75.3		0.121946
75.4		0.121946
75.5		0.121946
75.6		0.121946
75.7		0.121946
75.8		0.121946
75.9		0.121946
76		0.121946
76.1		0.124441
76.2		0.124441
76.3		0.124441
76.4		0.124441
76.5		0.124441
76.6		0.124441
76.7		0.124441
76.8		0.124441
76.9		0.124441
77		0.124441
77.1		0.127664
77.2		0.127664
77.3		0.127664
77.4		0.127664
77.5		0.127664
77.6		0.127664
77.7		0.127664
77.8		0.127664
77.9		0.127664
78		0.127664
78.1		0.129847
78.2		0.129847
78.3		0.129847
78.4		0.129847
78.5		0.129847
78.6		0.129847
78.7		0.129847
78.8		0.129847
78.9		0.129847
79		0.129847
79.1		0.130887
79.2		0.130887
79.3		0.130887
79.4		0.130887
79.5		0.130887
79.6		0.130887
79.7		0.130887
79.8		0.130887
79.9		0.130887
80		0.130887
80.1		0.133798
80.2		0.133798
80.3		0.133798
80.4		0.133798
80.5		0.133798
80.6		0.133798
80.7		0.133798
80.8		0.133798
80.9		0.133798
81		0.133798
81.1		0.136917
81.2		0.136917
81.3		0.136917
81.4		0.136917
81.5		0.136917
81.6		0.136917
81.7		0.136917
81.8		0.136917
81.9		0.136917
82		0.136917
82.1		0.138684
82.2		0.138684
82.3		0.138684
82.4		0.138684
82.5		0.138684
82.6		0.138684
82.7		0.138684
82.8		0.138684
82.9		0.138684
83		0.138684
83.1		0.138684
83.2		0.138684
83.3		0.138684
83.4		0.138684
83.5		0.138684
83.6		0.138684
83.7		0.138684
83.8		0.138684
83.9		0.138684
84		0.138684
84.1		0.141699
84.2		0.141699
84.3		0.141699
84.4		0.141699
84.5		0.141699
84.6		0.141699
84.7		0.141699
84.8		0.141699
84.9		0.141699
85		0.141699
85.1		0.144194
85.2		0.144194
85.3		0.144194
85.4		0.144194
85.5		0.144194
85.6		0.144194
85.7		0.144194
85.8		0.144194
85.9		0.144194
86		0.144194
86.1		0.145337
86.2		0.145337
86.3		0.145337
86.4		0.145337
86.5		0.145337
86.6		0.145337
86.7		0.145337
86.8		0.145337
86.9		0.145337
87		0.145337
87.1		0.145857
87.2		0.145857
87.3		0.145857
87.4		0.145857
87.5		0.145857
87.6		0.145857
87.7		0.145857
87.8		0.145857
87.9		0.145857
88		0.145857
88.1		0.149808
88.2		0.149808
88.3		0.149808
88.4		0.149808
88.5		0.149808
88.6		0.149808
88.7		0.149808
88.8		0.149808
88.9		0.149808
89		0.149808
89.1		0.150224
89.2		0.150224
89.3		0.150224
89.4		0.150224
89.5		0.150224
89.6		0.150224
89.7		0.150224
89.8		0.150224
89.9		0.150224
90		0.150224
90.1		0.153758
90.2		0.153758
90.3		0.153758
90.4		0.153758
90.5		0.153758
90.6		0.153758
90.7		0.153758
90.8		0.153758
90.9		0.153758
91		0.153758
91.1		0.154486
91.2		0.154486
91.3		0.154486
91.4		0.154486
91.5		0.154486
91.6		0.154486
91.7		0.154486
91.8		0.154486
91.9		0.154486
92		0.154486
92.1		0.156461
92.2		0.156461
92.3		0.156461
92.4		0.156461
92.5		0.156461
92.6		0.156461
92.7		0.156461
92.8		0.156461
92.9		0.156461
93		0.156461
93.1		0.158125
93.2		0.158125
93.3		0.158125
93.4		0.158125
93.5		0.158125
93.6		0.158125
93.7		0.158125
93.8		0.158125
93.9		0.158125
94		0.158125
94.1		0.158332
94.2		0.158332
94.3		0.158332
94.4		0.158332
94.5		0.158332
94.6		0.158332
94.7		0.158332
94.8		0.158332
94.9		0.158332
95		0.158332
95.1		0.161659
95.2		0.161659
95.3		0.161659
95.4		0.161659
95.5		0.161659
95.6		0.161659
95.7		0.161659
95.8		0.161659
95.9		0.161659
96		0.161659
96.1		0.161867
96.2		0.161867
96.3		0.161867
96.4		0.161867
96.5		0.161867
96.6		0.161867
96.7		0.161867
96.8		0.161867
96.9		0.161867
97		0.161867
97.1		0.165194
97.2		0.165194
97.3		0.165194
97.4		0.165194
97.5		0.165194
97.6		0.165194
97.7		0.165194
97.8		0.165194
97.9		0.165194
98		0.165194
98.1		0.166026
98.2		0.166026
98.3		0.166026
98.4		0.166026
98.5		0.166026
98.6		0.166026
98.7		0.166026
98.8		0.166026
98.9		0.166026
99		0.166026
99.1		0.17008
99.2		0.17008
99.3		0.17008
99.4		0.17008
99.5		0.17008
99.6		0.17008
99.7		0.17008
99.8		0.17008
99.9		0.17008
100		0.17008
100.1		0.170288
100.2		0.170288
100.3		0.170288
100.4		0.170288
100.5		0.170288
100.6		0.170288
100.7		0.170288
100.8		0.170288
100.9		0.170288
101		0.170288
101.1		0.171432
101.2		0.171432
101.3		0.171432
101.4		0.171432
101.5		0.171432
101.6		0.171432
101.7		0.171432
101.8		0.171432
101.9		0.171432
102		0.171432
102.1		0.174135
102.2		0.174135
102.3		0.174135
102.4		0.174135
102.5		0.174135
102.6		0.174135
102.7		0.174135
102.8		0.174135
102.9		0.174135
103		0.174135
103.1		0.176318
103.2		0.176318
103.3		0.176318
103.4		0.176318
103.5		0.176318
103.6		0.176318
103.7		0.176318
103.8		0.176318
103.9		0.176318
104		0.176318
104.1		0.179644
104.2		0.179644
104.3		0.179644
104.4		0.179644
104.5		0.179644
104.6		0.179644
104.7		0.179644
104.8		0.179644
104.9		0.179644
105		0.179644
105.1		0.1811
105.2		0.1811
105.3		0.1811
105.4		0.1811
105.5		0.1811
105.6		0.1811
105.7		0.1811
105.8		0.1811
105.9		0.1811
106		0.1811
106.1		0.182555
106.2		0.182555
106.3		0.182555
106.4		0.182555
106.5		0.182555
106.6		0.182555
106.7		0.182555
106.8		0.182555
106.9		0.182555
107		0.182555
107.1		0.187857
107.2		0.187857
107.3		0.187857
107.4		0.187857
107.5		0.187857
107.6		0.187857
107.7		0.187857
107.8		0.187857
107.9		0.187857
108		0.187857
108.1		0.188689
108.2		0.188689
108.3		0.188689
108.4		0.188689
108.5		0.188689
108.6		0.188689
108.7		0.188689
108.8		0.188689
108.9		0.188689
109		0.188689
109.1		0.191912
109.2		0.191912
109.3		0.191912
109.4		0.191912
109.5		0.191912
109.6		0.191912
109.7		0.191912
109.8		0.191912
109.9		0.191912
110		0.191912
110.1		0.195031
110.2		0.195031
110.3		0.195031
110.4		0.195031
110.5		0.195031
110.6		0.195031
110.7		0.195031
110.8		0.195031
110.9		0.195031
111		0.195031
111.1		0.195135
111.2		0.195135
111.3		0.195135
111.4		0.195135
111.5		0.195135
111.6		0.195135
111.7		0.195135
111.8		0.195135
111.9		0.195135
112		0.195135
112.1		0.19555
112.2		0.19555
112.3		0.19555
112.4		0.19555
112.5		0.19555
112.6		0.19555
112.7		0.19555
112.8		0.19555
112.9		0.19555
113		0.19555
113.1		0.19659
113.2		0.19659
113.3		0.19659
113.4		0.19659
113.5		0.19659
113.6		0.19659
113.7		0.19659
113.8		0.19659
113.9		0.19659
114		0.19659
114.1		0.201372
114.2		0.201372
114.3		0.201372
114.4		0.201372
114.5		0.201372
114.6		0.201372
114.7		0.201372
114.8		0.201372
114.9		0.201372
115		0.201372
115.1		0.201788
115.2		0.201788
115.3		0.201788
115.4		0.201788
115.5		0.201788
115.6		0.201788
115.7		0.201788
115.8		0.201788
115.9		0.201788
116		0.201788
116.1		0.204491
116.2		0.204491
116.3		0.204491
116.4		0.204491
116.5		0.204491
116.6		0.204491
116.7		0.204491
116.8		0.204491
116.9		0.204491
117		0.204491
117.1		0.204595
117.2		0.204595
117.3		0.204595
117.4		0.204595
117.5		0.204595
117.6		0.204595
117.7		0.204595
117.8		0.204595
117.9		0.204595
118		0.204595
118.1		0.208338
118.2		0.208338
118.3		0.208338
118.4		0.208338
118.5		0.208338
118.6		0.208338
118.7		0.208338
118.8		0.208338
118.9		0.208338
119		0.208338
119.1		0.211249
119.2		0.211249
119.3		0.211249
119.4		0.211249
119.5		0.211249
119.6		0.211249
119.7		0.211249
119.8		0.211249
119.9		0.211249
120		0.211249
120.1		0.211872
120.2		0.211872
120.3		0.211872
120.4		0.211872
120.5		0.211872
120.6		0.211872
120.7		0.211872
120.8		0.211872
120.9		0.211872
121		0.211872
121.1		0.212912
121.2		0.212912
121.3		0.212912
121.4		0.212912
121.5		0.212912
121.6		0.212912
121.7		0.212912
121.8		0.212912
121.9		0.212912
122		0.212912
122.1		0.215511
122.2		0.215511
122.3		0.215511
122.4		0.215511
122.5		0.215511
122.6		0.215511
122.7		0.215511
122.8		0.215511
122.9		0.215511
123		0.215511
123.1		0.21759
123.2		0.21759
123.3		0.21759
123.4		0.21759
123.5		0.21759
123.6		0.21759
123.7		0.21759
123.8		0.21759
123.9		0.21759
124		0.21759
124.1		0.219461
124.2		0.219461
124.3		0.219461
124.4		0.219461
124.5		0.219461
124.6		0.219461
124.7		0.219461
124.8		0.219461
124.9		0.219461
125		0.219461
125.1		0.222476
125.2		0.222476
125.3		0.222476
125.4		0.222476
125.5		0.222476
125.6		0.222476
125.7		0.222476
125.8		0.222476
125.9		0.222476
126		0.222476
126.1		0.225699
126.2		0.225699
126.3		0.225699
126.4		0.225699
126.5		0.225699
126.6		0.225699
126.7		0.225699
126.8		0.225699
126.9		0.225699
127		0.225699
127.1		0.226739
127.2		0.226739
127.3		0.226739
127.4		0.226739
127.5		0.226739
127.6		0.226739
127.7		0.226739
127.8		0.226739
127.9		0.226739
128		0.226739
128.1		0.227882
128.2		0.227882
128.3		0.227882
128.4		0.227882
128.5		0.227882
128.6		0.227882
128.7		0.227882
128.8		0.227882
128.9		0.227882
129		0.227882
129.1		0.231209
129.2		0.231209
129.3		0.231209
129.4		0.231209
129.5		0.231209
129.6		0.231209
129.7		0.231209
129.8		0.231209
129.9		0.231209
130		0.231209
130.1		0.233392
130.2		0.233392
130.3		0.233392
130.4		0.233392
130.5		0.233392
130.6		0.233392
130.7		0.233392
130.8		0.233392
130.9		0.233392
131		0.233392
131.1		0.234432
131.2		0.234432
131.3		0.234432
131.4		0.234432
131.5		0.234432
131.6		0.234432
131.7		0.234432
131.8		0.234432
131.9		0.234432
132		0.234432
132.1		0.235991
132.2		0.235991
132.3		0.235991
132.4		0.235991
132.5		0.235991
132.6		0.235991
132.7		0.235991
132.8		0.235991
132.9		0.235991
133		0.235991
133.1		0.237135
133.2		0.237135
133.3		0.237135
133.4		0.237135
133.5		0.237135
133.6		0.237135
133.7		0.237135
133.8		0.237135
133.9		0.237135
134		0.237135
134.1		0.240046
134.2		0.240046
134.3		0.240046
134.4		0.240046
134.5		0.240046
134.6		0.240046
134.7		0.240046
134.8		0.240046
134.9		0.240046
135		0.240046
135.1		0.243061
135.2		0.243061
135.3		0.243061
135.4		0.243061
135.5		0.243061
135.6		0.243061
135.7		0.243061
135.8		0.243061
135.9		0.243061
136		0.243061
136.1		0.247843
136.2		0.247843
136.3		0.247843
136.4		0.247843
136.5		0.247843
136.6		0.247843
136.7		0.247843
136.8		0.247843
136.9		0.247843
137		0.247843
137.1		0.248051
137.2		0.248051
137.3		0.248051
137.4		0.248051
137.5		0.248051
137.6		0.248051
137.7		0.248051
137.8		0.248051
137.9		0.248051
138		0.248051
138.1		0.249402
138.2		0.249402
138.3		0.249402
138.4		0.249402
138.5		0.249402
138.6		0.249402
138.7		0.249402
138.8		0.249402
138.9		0.249402
139		0.249402
139.1		0.250234
139.2		0.250234
139.3		0.250234
139.4		0.250234
139.5		0.250234
139.6		0.250234
139.7		0.250234
139.8		0.250234
139.9		0.250234
140		0.250234
140.1		0.253145
140.2		0.253145
140.3		0.253145
140.4		0.253145
140.5		0.253145
140.6		0.253145
140.7		0.253145
140.8		0.253145
140.9		0.253145
141		0.253145
141.1		0.253769
141.2		0.253769
141.3		0.253769
141.4		0.253769
141.5		0.253769
141.6		0.253769
141.7		0.253769
141.8		0.253769
141.9		0.253769
142		0.253769
142.1		0.255432
142.2		0.255432
142.3		0.255432
142.4		0.255432
142.5		0.255432
142.6		0.255432
142.7		0.255432
142.8		0.255432
142.9		0.255432
143		0.255432
143.1		0.258135
143.2		0.258135
143.3		0.258135
143.4		0.258135
143.5		0.258135
143.6		0.258135
143.7		0.258135
143.8		0.258135
143.9		0.258135
144		0.258135
144.1		0.261358
144.2		0.261358
144.3		0.261358
144.4		0.261358
144.5		0.261358
144.6		0.261358
144.7		0.261358
144.8		0.261358
144.9		0.261358
145		0.261358
145.1		0.263957
145.2		0.263957
145.3		0.263957
145.4		0.263957
145.5		0.263957
145.6		0.263957
145.7		0.263957
145.8		0.263957
145.9		0.263957
146		0.263957
146.1		0.264788
146.2		0.264788
146.3		0.264788
146.4		0.264788
146.5		0.264788
146.6		0.264788
146.7		0.264788
146.8		0.264788
146.9		0.264788
147		0.264788
147.1		0.265828
147.2		0.265828
147.3		0.265828
147.4		0.265828
147.5		0.265828
147.6		0.265828
147.7		0.265828
147.8		0.265828
147.9		0.265828
148		0.265828
148.1		0.271442
148.2		0.271442
148.3		0.271442
148.4		0.271442
148.5		0.271442
148.6		0.271442
148.7		0.271442
148.8		0.271442
148.9		0.271442
149		0.271442
149.1		0.27165
149.2		0.27165
149.3		0.27165
149.4		0.27165
149.5		0.27165
149.6		0.27165
149.7		0.27165
149.8		0.27165
149.9		0.27165
150		0.27165
150.1		0.272066
150.2		0.272066
150.3		0.272066
150.4		0.272066
150.5		0.272066
150.6		0.272066
150.7		0.272066
150.8		0.272066
150.9		0.272066
151		0.272066
151.1		0.276536
151.2		0.276536
151.3		0.276536
151.4		0.276536
151.5		0.276536
151.6		0.276536
151.7		0.276536
151.8		0.276536
151.9		0.276536
152		0.276536
152.1		0.278615
152.2		0.278615
152.3		0.278615
152.4		0.278615
152.5		0.278615
152.6		0.278615
152.7		0.278615
152.8		0.278615
152.9		0.278615
153		0.278615
153.1		0.279967
153.2		0.279967
153.3		0.279967
153.4		0.279967
153.5		0.279967
153.6		0.279967
153.7		0.279967
153.8		0.279967
153.9		0.279967
154		0.279967
154.1		0.281422
154.2		0.281422
154.3		0.281422
154.4		0.281422
154.5		0.281422
154.6		0.281422
154.7		0.281422
154.8		0.281422
154.9		0.281422
155		0.281422
155.1		0.28215
155.2		0.28215
155.3		0.28215
155.4		0.28215
155.5		0.28215
155.6		0.28215
155.7		0.28215
155.8		0.28215
155.9		0.28215
156		0.28215
156.1		0.286204
156.2		0.286204
156.3		0.286204
156.4		0.286204
156.5		0.286204
156.6		0.286204
156.7		0.286204
156.8		0.286204
156.9		0.286204
157		0.286204
157.1		0.28662
157.2		0.28662
157.3		0.28662
157.4		0.28662
157.5		0.28662
157.6		0.28662
157.7		0.28662
157.8		0.28662
157.9		0.28662
158		0.28662
158.1		0.286932
158.2		0.286932
158.3		0.286932
158.4		0.286932
158.5		0.286932
158.6		0.286932
158.7		0.286932
158.8		0.286932
158.9		0.286932
159		0.286932
159.1		0.289219
159.2		0.289219
159.3		0.289219
159.4		0.289219
159.5		0.289219
159.6		0.289219
159.7		0.289219
159.8		0.289219
159.9		0.289219
160		0.289219
160.1		0.295561
160.2		0.295561
160.3		0.295561
160.4		0.295561
160.5		0.295561
160.6		0.295561
160.7		0.295561
160.8		0.295561
160.9		0.295561
161		0.295561
161.1		0.296081
161.2		0.296081
161.3		0.296081
161.4		0.296081
161.5		0.296081
161.6		0.296081
161.7		0.296081
161.8		0.296081
161.9		0.296081
162		0.296081
162.1		0.297536
162.2		0.297536
162.3		0.297536
162.4		0.297536
162.5		0.297536
162.6		0.297536
162.7		0.297536
162.8		0.297536
162.9		0.297536
163		0.297536
163.1		0.298056
163.2		0.298056
163.3		0.298056
163.4		0.298056
163.5		0.298056
163.6		0.298056
163.7		0.298056
163.8		0.298056
163.9		0.298056
164		0.298056
164.1		0.302942
164.2		0.302942
164.3		0.302942
164.4		0.302942
164.5		0.302942
164.6		0.302942
164.7		0.302942
164.8		0.302942
164.9		0.302942
165		0.302942
165.1		0.306477
165.2		0.306477
165.3		0.306477
165.4		0.306477
165.5		0.306477
165.6		0.306477
165.7		0.306477
165.8		0.306477
165.9		0.306477
166		0.306477
166.1		0.307308
166.2		0.307308
166.3		0.307308
166.4		0.307308
166.5		0.307308
166.6		0.307308
166.7		0.307308
166.8		0.307308
166.9		0.307308
167		0.307308
167.1		0.30814
167.2		0.30814
167.3		0.30814
167.4		0.30814
167.5		0.30814
167.6		0.30814
167.7		0.30814
167.8		0.30814
167.9		0.30814
168		0.30814
168.1		0.310739
168.2		0.310739
168.3		0.310739
168.4		0.310739
168.5		0.310739
168.6		0.310739
168.7		0.310739
168.8		0.310739
168.9		0.310739
169		0.310739
169.1		0.312818
169.2		0.312818
169.3		0.312818
169.4		0.312818
169.5		0.312818
169.6		0.312818
169.7		0.312818
169.8		0.312818
169.9		0.312818
170		0.312818
170.1		0.314794
170.2		0.314794
170.3		0.314794
170.4		0.314794
170.5		0.314794
170.6		0.314794
170.7		0.314794
170.8		0.314794
170.9		0.314794
171		0.314794
171.1		0.316665
171.2		0.316665
171.3		0.316665
171.4		0.316665
171.5		0.316665
171.6		0.316665
171.7		0.316665
171.8		0.316665
171.9		0.316665
172		0.316665
172.1		0.319576
172.2		0.319576
172.3		0.319576
172.4		0.319576
172.5		0.319576
172.6		0.319576
172.7		0.319576
172.8		0.319576
172.9		0.319576
173		0.319576
173.1		0.320096
173.2		0.320096
173.3		0.320096
173.4		0.320096
173.5		0.320096
173.6		0.320096
173.7		0.320096
173.8		0.320096
173.9		0.320096
174		0.320096
174.1		0.321863
174.2		0.321863
174.3		0.321863
174.4		0.321863
174.5		0.321863
174.6		0.321863
174.7		0.321863
174.8		0.321863
174.9		0.321863
175		0.321863
175.1		0.32467
175.2		0.32467
175.3		0.32467
175.4		0.32467
175.5		0.32467
175.6		0.32467
175.7		0.32467
175.8		0.32467
175.9		0.32467
176		0.32467
176.1		0.325086
176.2		0.325086
176.3		0.325086
176.4		0.325086
176.5		0.325086
176.6		0.325086
176.7		0.325086
176.8		0.325086
176.9		0.325086
177		0.325086
177.1		0.326437
177.2		0.326437
177.3		0.326437
177.4		0.326437
177.5		0.326437
177.6		0.326437
177.7		0.326437
177.8		0.326437
177.9		0.326437
178		0.326437
178.1		0.329348
178.2		0.329348
178.3		0.329348
178.4		0.329348
178.5		0.329348
178.6		0.329348
178.7		0.329348
178.8		0.329348
178.9		0.329348
179		0.329348
179.1		0.331219
179.2		0.331219
179.3		0.331219
179.4		0.331219
179.5		0.331219
179.6		0.331219
179.7		0.331219
179.8		0.331219
179.9		0.331219
180		0.331219
180.1		0.333091
180.2		0.333091
180.3		0.333091
180.4		0.333091
180.5		0.333091
180.6		0.333091
180.7		0.333091
180.8		0.333091
180.9		0.333091
181		0.333091
181.1		0.334858
181.2		0.334858
181.3		0.334858
181.4		0.334858
181.5		0.334858
181.6		0.334858
181.7		0.334858
181.8		0.334858
181.9		0.334858
182		0.334858
182.1		0.338497
182.2		0.338497
182.3		0.338497
182.4		0.338497
182.5		0.338497
182.6		0.338497
182.7		0.338497
182.8		0.338497
182.9		0.338497
183		0.338497
183.1		0.339432
183.2		0.339432
183.3		0.339432
183.4		0.339432
183.5		0.339432
183.6		0.339432
183.7		0.339432
183.8		0.339432
183.9		0.339432
184		0.339432
184.1		0.33964
184.2		0.33964
184.3		0.33964
184.4		0.33964
184.5		0.33964
184.6		0.33964
184.7		0.33964
184.8		0.33964
184.9		0.33964
185		0.33964
185.1		0.340888
185.2		0.340888
185.3		0.340888
185.4		0.340888
185.5		0.340888
185.6		0.340888
185.7		0.340888
185.8		0.340888
185.9		0.340888
186		0.340888
186.1		0.346294
186.2		0.346294
186.3		0.346294
186.4		0.346294
186.5		0.346294
186.6		0.346294
186.7		0.346294
186.8		0.346294
186.9		0.346294
187		0.346294
187.1		0.348997
187.2		0.348997
187.3		0.348997
187.4		0.348997
187.5		0.348997
187.6		0.348997
187.7		0.348997
187.8		0.348997
187.9		0.348997
188		0.348997
188.1		0.348997
188.2		0.348997
188.3		0.348997
188.4		0.348997
188.5		0.348997
188.6		0.348997
188.7		0.348997
188.8		0.348997
188.9		0.348997
189		0.348997
189.1		0.350348
189.2		0.350348
189.3		0.350348
189.4		0.350348
189.5		0.350348
189.6		0.350348
189.7		0.350348
189.8		0.350348
189.9		0.350348
190		0.350348
190.1		0.35513
190.2		0.35513
190.3		0.35513
190.4		0.35513
190.5		0.35513
190.6		0.35513
190.7		0.35513
190.8		0.35513
190.9		0.35513
191		0.35513
191.1		0.356274
191.2		0.356274
191.3		0.356274
191.4		0.356274
191.5		0.356274
191.6		0.356274
191.7		0.356274
191.8		0.356274
191.9		0.356274
192		0.356274
192.1		0.357626
192.2		0.357626
192.3		0.357626
192.4		0.357626
192.5		0.357626
192.6		0.357626
192.7		0.357626
192.8		0.357626
192.9		0.357626
193		0.357626
193.1		0.360017
193.2		0.360017
193.3		0.360017
193.4		0.360017
193.5		0.360017
193.6		0.360017
193.7		0.360017
193.8		0.360017
193.9		0.360017
194		0.360017
194.1		0.363032
194.2		0.363032
194.3		0.363032
194.4		0.363032
194.5		0.363032
194.6		0.363032
194.7		0.363032
194.8		0.363032
194.9		0.363032
195		0.363032
195.1		0.364175
195.2		0.364175
195.3		0.364175
195.4		0.364175
195.5		0.364175
195.6		0.364175
195.7		0.364175
195.8		0.364175
195.9		0.364175
196		0.364175
196.1		0.365734
196.2		0.365734
196.3		0.365734
196.4		0.365734
196.5		0.365734
196.6		0.365734
196.7		0.365734
196.8		0.365734
196.9		0.365734
197		0.365734
197.1		0.365942
197.2		0.365942
197.3		0.365942
197.4		0.365942
197.5		0.365942
197.6		0.365942
197.7		0.365942
197.8		0.365942
197.9		0.365942
198		0.365942
198.1		0.368645
198.2		0.368645
198.3		0.368645
198.4		0.368645
198.5		0.368645
198.6		0.368645
198.7		0.368645
198.8		0.368645
198.9		0.368645
199		0.368645
199.1		0.373116
199.2		0.373116
199.3		0.373116
199.4		0.373116
199.5		0.373116
199.6		0.373116
199.7		0.373116
199.8		0.373116
199.9		0.373116
200		0.373116
200.1		0.374987
200.2		0.374987
200.3		0.374987
200.4		0.374987
200.5		0.374987
200.6		0.374987
200.7		0.374987
200.8		0.374987
200.9		0.374987
201		0.374987
201.1		0.37665
201.2		0.37665
201.3		0.37665
201.4		0.37665
201.5		0.37665
201.6		0.37665
201.7		0.37665
201.8		0.37665
201.9		0.37665
202		0.37665
202.1		0.376858
202.2		0.376858
202.3		0.376858
202.4		0.376858
202.5		0.376858
202.6		0.376858
202.7		0.376858
202.8		0.376858
202.9		0.376858
203		0.376858
203.1		0.379145
203.2		0.379145
203.3		0.379145
203.4		0.379145
203.5		0.379145
203.6		0.379145
203.7		0.379145
203.8		0.379145
203.9		0.379145
204		0.379145
204.1		0.381225
204.2		0.381225
204.3		0.381225
204.4		0.381225
204.5		0.381225
204.6		0.381225
204.7		0.381225
204.8		0.381225
204.9		0.381225
205		0.381225
205.1		0.383512
205.2		0.383512
205.3		0.383512
205.4		0.383512
205.5		0.383512
205.6		0.383512
205.7		0.383512
205.8		0.383512
205.9		0.383512
206		0.383512
206.1		0.386631
206.2		0.386631
206.3		0.386631
206.4		0.386631
206.5		0.386631
206.6		0.386631
206.7		0.386631
206.8		0.386631
206.9		0.386631
207		0.386631
207.1		0.386839
207.2		0.386839
207.3		0.386839
207.4		0.386839
207.5		0.386839
207.6		0.386839
207.7		0.386839
207.8		0.386839
207.9		0.386839
208		0.386839
208.1		0.390269
208.2		0.390269
208.3		0.390269
208.4		0.390269
208.5		0.390269
208.6		0.390269
208.7		0.390269
208.8		0.390269
208.9		0.390269
209		0.390269
209.1		0.392037
209.2		0.392037
209.3		0.392037
209.4		0.392037
209.5		0.392037
209.6		0.392037
209.7		0.392037
209.8		0.392037
209.9		0.392037
210		0.392037
210.1		0.394947
210.2		0.394947
210.3		0.394947
210.4		0.394947
210.5		0.394947
210.6		0.394947
210.7		0.394947
210.8		0.394947
210.9		0.394947
211		0.394947
211.1		0.395259
211.2		0.395259
211.3		0.395259
211.4		0.395259
211.5		0.395259
211.6		0.395259
211.7		0.395259
211.8		0.395259
211.9		0.395259
212		0.395259
212.1		0.399834
212.2		0.399834
212.3		0.399834
212.4		0.399834
212.5		0.399834
212.6		0.399834
212.7		0.399834
212.8		0.399834
212.9		0.399834
213		0.399834
213.1		0.402017
213.2		0.402017
213.3		0.402017
213.4		0.402017
213.5		0.402017
213.6		0.402017
213.7		0.402017
213.8		0.402017
213.9		0.402017
214		0.402017
214.1		0.402225
214.2		0.402225
214.3		0.402225
214.4		0.402225
214.5		0.402225
214.6		0.402225
214.7		0.402225
214.8		0.402225
214.9		0.402225
215		0.402225
215.1		0.404408
215.2		0.404408
215.3		0.404408
215.4		0.404408
215.5		0.404408
215.6		0.404408
215.7		0.404408
215.8		0.404408
215.9		0.404408
216		0.404408
216.1		0.408878
216.2		0.408878
216.3		0.408878
216.4		0.408878
216.5		0.408878
216.6		0.408878
216.7		0.408878
216.8		0.408878
216.9		0.408878
217		0.408878
217.1		0.410542
217.2		0.410542
217.3		0.410542
217.4		0.410542
217.5		0.410542
217.6		0.410542
217.7		0.410542
217.8		0.410542
217.9		0.410542
218		0.410542
218.1		0.410646
218.2		0.410646
218.3		0.410646
218.4		0.410646
218.5		0.410646
218.6		0.410646
218.7		0.410646
218.8		0.410646
218.9		0.410646
219		0.410646
219.1		0.411269
219.2		0.411269
219.3		0.411269
219.4		0.411269
219.5		0.411269
219.6		0.411269
219.7		0.411269
219.8		0.411269
219.9		0.411269
220		0.411269
220.1		0.417195
220.2		0.417195
220.3		0.417195
220.4		0.417195
220.5		0.417195
220.6		0.417195
220.7		0.417195
220.8		0.417195
220.9		0.417195
221		0.417195
221.1		0.418027
221.2		0.418027
221.3		0.418027
221.4		0.418027
221.5		0.418027
221.6		0.418027
221.7		0.418027
221.8		0.418027
221.9		0.418027
222		0.418027
222.1		0.419378
222.2		0.419378
222.3		0.419378
222.4		0.419378
222.5		0.419378
222.6		0.419378
222.7		0.419378
222.8		0.419378
222.9		0.419378
223		0.419378
223.1		0.42021
223.2		0.42021
223.3		0.42021
223.4		0.42021
223.5		0.42021
223.6		0.42021
223.7		0.42021
223.8		0.42021
223.9		0.42021
224		0.42021
224.1		0.425928
224.2		0.425928
224.3		0.425928
224.4		0.425928
224.5		0.425928
224.6		0.425928
224.7		0.425928
224.8		0.425928
224.9		0.425928
225		0.425928
225.1		0.427591
225.2		0.427591
225.3		0.427591
225.4		0.427591
225.5		0.427591
225.6		0.427591
225.7		0.427591
225.8		0.427591
225.9		0.427591
226		0.427591
226.1		0.427591
226.2		0.427591
226.3		0.427591
226.4		0.427591
226.5		0.427591
226.6		0.427591
226.7		0.427591
226.8		0.427591
226.9		0.427591
227		0.427591
227.1		0.428319
227.2		0.428319
227.3		0.428319
227.4		0.428319
227.5		0.428319
227.6		0.428319
227.7		0.428319
227.8		0.428319
227.9		0.428319
228		0.428319
228.1		0.43518
228.2		0.43518
228.3		0.43518
228.4		0.43518
228.5		0.43518
228.6		0.43518
228.7		0.43518
228.8		0.43518
228.9		0.43518
229		0.43518
229.1		0.435388
229.2		0.435388
229.3		0.435388
229.4		0.435388
229.5		0.435388
229.6		0.435388
229.7		0.435388
229.8		0.435388
229.9		0.435388
230		0.435388
230.1		0.437571
230.2		0.437571
230.3		0.437571
230.4		0.437571
230.5		0.437571
230.6		0.437571
230.7		0.437571
230.8		0.437571
230.9		0.437571
231		0.437571
231.1		0.438299
231.2		0.438299
231.3		0.438299
231.4		0.438299
231.5		0.438299
231.6		0.438299
231.7		0.438299
231.8		0.438299
231.9		0.438299
232		0.438299
232.1		0.440794
232.2		0.440794
232.3		0.440794
232.4		0.440794
232.5		0.440794
232.6		0.440794
232.7		0.440794
232.8		0.440794
232.9		0.440794
233		0.440794
233.1		0.445057
233.2		0.445057
233.3		0.445057
233.4		0.445057
233.5		0.445057
233.6		0.445057
233.7		0.445057
233.8		0.445057
233.9		0.445057
234		0.445057
234.1		0.445369
234.2		0.445369
234.3		0.445369
234.4		0.445369
234.5		0.445369
234.6		0.445369
234.7		0.445369
234.8		0.445369
234.9		0.445369
235		0.445369
235.1		0.445888
235.2		0.445888
235.3		0.445888
235.4		0.445888
235.5		0.445888
235.6		0.445888
235.7		0.445888
235.8		0.445888
235.9		0.445888
236		0.445888
236.1		0.448903
236.2		0.448903
236.3		0.448903
236.4		0.448903
236.5		0.448903
236.6		0.448903
236.7		0.448903
236.8		0.448903
236.9		0.448903
237		0.448903
237.1		0.452438
237.2		0.452438
237.3		0.452438
237.4		0.452438
237.5		0.452438
237.6		0.452438
237.7		0.452438
237.8		0.452438
237.9		0.452438
238		0.452438
238.1		0.455661
238.2		0.455661
238.3		0.455661
238.4		0.455661
238.5		0.455661
238.6		0.455661
238.7		0.455661
238.8		0.455661
238.9		0.455661
239		0.455661
239.1		0.456492
239.2		0.456492
239.3		0.456492
239.4		0.456492
239.5		0.456492
239.6		0.456492
239.7		0.456492
239.8		0.456492
239.9		0.456492
240		0.456492
240.1		0.457532
240.2		0.457532
240.3		0.457532
240.4		0.457532
240.5		0.457532
240.6		0.457532
240.7		0.457532
240.8		0.457532
240.9		0.457532
241		0.457532
241.1		0.459091
241.2		0.459091
241.3		0.459091
241.4		0.459091
241.5		0.459091
241.6		0.459091
241.7		0.459091
241.8		0.459091
241.9		0.459091
242		0.459091
242.1		0.460027
242.2		0.460027
242.3		0.460027
242.4		0.460027
242.5		0.460027
242.6		0.460027
242.7		0.460027
242.8		0.460027
242.9		0.460027
243		0.460027
243.1		0.464601
243.2		0.464601
243.3		0.464601
243.4		0.464601
243.5		0.464601
243.6		0.464601
243.7		0.464601
243.8		0.464601
243.9		0.464601
244		0.464601
244.1		0.464705
244.2		0.464705
244.3		0.464705
244.4		0.464705
244.5		0.464705
244.6		0.464705
244.7		0.464705
244.8		0.464705
244.9		0.464705
245		0.464705
245.1		0.465121
245.2		0.465121
245.3		0.465121
245.4		0.465121
245.5		0.465121
245.6		0.465121
245.7		0.465121
245.8		0.465121
245.9		0.465121
246		0.465121
246.1		0.46876
246.2		0.46876
246.3		0.46876
246.4		0.46876
246.5		0.46876
246.6		0.46876
246.7		0.46876
246.8		0.46876
246.9		0.46876
247		0.46876
247.1		0.471879
247.2		0.471879
247.3		0.471879
247.4		0.471879
247.5		0.471879
247.6		0.471879
247.7		0.471879
247.8		0.471879
247.9		0.471879
248		0.471879
248.1		0.472086
248.2		0.472086
248.3		0.472086
248.4		0.472086
248.5		0.472086
248.6		0.472086
248.7		0.472086
248.8		0.472086
248.9		0.472086
249		0.472086
249.1		0.475101
249.2		0.475101
249.3		0.475101
249.4		0.475101
249.5		0.475101
249.6		0.475101
249.7		0.475101
249.8		0.475101
249.9		0.475101
250		0.475101
250.1		0.476453
250.2		0.476453
250.3		0.476453
250.4		0.476453
250.5		0.476453
250.6		0.476453
250.7		0.476453
250.8		0.476453
250.9		0.476453
251		0.476453
251.1		0.479052
251.2		0.479052
251.3		0.479052
251.4		0.479052
251.5		0.479052
251.6		0.479052
251.7		0.479052
251.8		0.479052
251.9		0.479052
252		0.479052
252.1		0.480091
252.2		0.480091
252.3		0.480091
252.4		0.480091
252.5		0.480091
252.6		0.480091
252.7		0.480091
252.8		0.480091
252.9		0.480091
253		0.480091
253.1		0.481443
253.2		0.481443
253.3		0.481443
253.4		0.481443
253.5		0.481443
253.6		0.481443
253.7		0.481443
253.8		0.481443
253.9		0.481443
254		0.481443
254.1		0.487785
254.2		0.487785
254.3		0.487785
254.4		0.487785
254.5		0.487785
254.6		0.487785
254.7		0.487785
254.8		0.487785
254.9		0.487785
255		0.487785
255.1		0.489552
255.2		0.489552
255.3		0.489552
255.4		0.489552
255.5		0.489552
255.6		0.489552
255.7		0.489552
255.8		0.489552
255.9		0.489552
256		0.489552
256.1		0.48976
256.2		0.48976
256.3		0.48976
256.4		0.48976
256.5		0.48976
256.6		0.48976
256.7		0.48976
256.8		0.48976
256.9		0.48976
257		0.48976
257.1		0.490384
257.2		0.490384
257.3		0.490384
257.4		0.490384
257.5		0.490384
257.6		0.490384
257.7		0.490384
257.8		0.490384
257.9		0.490384
258		0.490384
258.1		0.495062
258.2		0.495062
258.3		0.495062
258.4		0.495062
258.5		0.495062
258.6		0.495062
258.7		0.495062
258.8		0.495062
258.9		0.495062
259		0.495062
259.1		0.496309
259.2		0.496309
259.3		0.496309
259.4		0.496309
259.5		0.496309
259.6		0.496309
259.7		0.496309
259.8		0.496309
259.9		0.496309
260		0.496309
260.1		0.496829
260.2		0.496829
260.3		0.496829
260.4		0.496829
260.5		0.496829
260.6		0.496829
260.7		0.496829
260.8		0.496829
260.9		0.496829
261		0.496829
261.1		0.498804
261.2		0.498804
261.3		0.498804
261.4		0.498804
261.5		0.498804
261.6		0.498804
261.7		0.498804
261.8		0.498804
261.9		0.498804
262		0.498804
262.1		0.502131
262.2		0.502131
262.3		0.502131
262.4		0.502131
262.5		0.502131
262.6		0.502131
262.7		0.502131
262.8		0.502131
262.9		0.502131
263		0.502131
263.1		0.505978
263.2		0.505978
263.3		0.505978
263.4		0.505978
263.5		0.505978
263.6		0.505978
263.7		0.505978
263.8		0.505978
263.9		0.505978
264		0.505978
264.1		0.506186
264.2		0.506186
264.3		0.506186
264.4		0.506186
264.5		0.506186
264.6		0.506186
264.7		0.506186
264.8		0.506186
264.9		0.506186
265		0.506186
265.1		0.507017
265.2		0.507017
265.3		0.507017
265.4		0.507017
265.5		0.507017
265.6		0.507017
265.7		0.507017
265.8		0.507017
265.9		0.507017
266		0.507017
266.1		0.510136
266.2		0.510136
266.3		0.510136
266.4		0.510136
266.5		0.510136
266.6		0.510136
266.7		0.510136
266.8		0.510136
266.9		0.510136
267		0.510136
267.1		0.512839
267.2		0.512839
267.3		0.512839
267.4		0.512839
267.5		0.512839
267.6		0.512839
267.7		0.512839
267.8		0.512839
267.9		0.512839
268		0.512839
268.1		0.517102
268.2		0.517102
268.3		0.517102
268.4		0.517102
268.5		0.517102
268.6		0.517102
268.7		0.517102
268.8		0.517102
268.9		0.517102
269		0.517102
269.1		0.517933
269.2		0.517933
269.3		0.517933
269.4		0.517933
269.5		0.517933
269.6		0.517933
269.7		0.517933
269.8		0.517933
269.9		0.517933
270		0.517933
270.1		0.518141
270.2		0.518141
270.3		0.518141
270.4		0.518141
270.5		0.518141
270.6		0.518141
270.7		0.518141
270.8		0.518141
270.9		0.518141
271		0.518141
271.1		0.520636
271.2		0.520636
271.3		0.520636
271.4		0.520636
271.5		0.520636
271.6		0.520636
271.7		0.520636
271.8		0.520636
271.9		0.520636
272		0.520636
272.1		0.523859
272.2		0.523859
272.3		0.523859
272.4		0.523859
272.5		0.523859
272.6		0.523859
272.7		0.523859
272.8		0.523859
272.9		0.523859
273		0.523859
273.1		0.525314
273.2		0.525314
273.3		0.525314
273.4		0.525314
273.5		0.525314
273.6		0.525314
273.7		0.525314
273.8		0.525314
273.9		0.525314
274		0.525314
274.1		0.528225
274.2		0.528225
274.3		0.528225
274.4		0.528225
274.5		0.528225
274.6		0.528225
274.7		0.528225
274.8		0.528225
274.9		0.528225
275		0.528225
275.1		0.528953
275.2		0.528953
275.3		0.528953
275.4		0.528953
275.5		0.528953
275.6		0.528953
275.7		0.528953
275.8		0.528953
275.9		0.528953
276		0.528953
276.1		0.532592
276.2		0.532592
276.3		0.532592
276.4		0.532592
276.5		0.532592
276.6		0.532592
276.7		0.532592
276.8		0.532592
276.9		0.532592
277		0.532592
277.1		0.534983
277.2		0.534983
277.3		0.534983
277.4		0.534983
277.5		0.534983
277.6		0.534983
277.7		0.534983
277.8		0.534983
277.9		0.534983
278		0.534983
278.1		0.535191
278.2		0.535191
278.3		0.535191
278.4		0.535191
278.5		0.535191
278.6		0.535191
278.7		0.535191
278.8		0.535191
278.9		0.535191
279		0.535191
279.1		0.53779
279.2		0.53779
279.3		0.53779
279.4		0.53779
279.5		0.53779
279.6		0.53779
279.7		0.53779
279.8		0.53779
279.9		0.53779
280		0.53779
280.1		0.541324
280.2		0.541324
280.3		0.541324
280.4		0.541324
280.5		0.541324
280.6		0.541324
280.7		0.541324
280.8		0.541324
280.9		0.541324
281		0.541324
281.1		0.54174
281.2		0.54174
281.3		0.54174
281.4		0.54174
281.5		0.54174
281.6		0.54174
281.7		0.54174
281.8		0.54174
281.9		0.54174
282		0.54174
282.1		0.541844
282.2		0.541844
282.3		0.541844
282.4		0.541844
282.5		0.541844
282.6		0.541844
282.7		0.541844
282.8		0.541844
282.9		0.541844
283		0.541844
283.1		0.544651
283.2		0.544651
283.3		0.544651
283.4		0.544651
283.5		0.544651
283.6		0.544651
283.7		0.544651
283.8		0.544651
283.9		0.544651
284		0.544651
284.1		0.549641
284.2		0.549641
284.3		0.549641
284.4		0.549641
284.5		0.549641
284.6		0.549641
284.7		0.549641
284.8		0.549641
284.9		0.549641
285		0.549641
285.1		0.549953
285.2		0.549953
285.3		0.549953
285.4		0.549953
285.5		0.549953
285.6		0.549953
285.7		0.549953
285.8		0.549953
285.9		0.549953
286		0.549953
286.1		0.551721
286.2		0.551721
286.3		0.551721
286.4		0.551721
286.5		0.551721
286.6		0.551721
286.7		0.551721
286.8		0.551721
286.9		0.551721
287		0.551721
287.1		0.556815
287.2		0.556815
287.3		0.556815
287.4		0.556815
287.5		0.556815
287.6		0.556815
287.7		0.556815
287.8		0.556815
287.9		0.556815
288		0.556815
288.1		0.558166
288.2		0.558166
288.3		0.558166
288.4		0.558166
288.5		0.558166
288.6		0.558166
288.7		0.558166
288.8		0.558166
288.9		0.558166
289		0.558166
289.1		0.558166
289.2		0.558166
289.3		0.558166
289.4		0.558166
289.5		0.558166
289.6		0.558166
289.7		0.558166
289.8		0.558166
289.9		0.558166
290		0.558166
290.1		0.560453
290.2		0.560453
290.3		0.560453
290.4		0.560453
290.5		0.560453
290.6		0.560453
290.7		0.560453
290.8		0.560453
290.9		0.560453
291		0.560453
291.1		0.566067
291.2		0.566067
291.3		0.566067
291.4		0.566067
291.5		0.566067
291.6		0.566067
291.7		0.566067
291.8		0.566067
291.9		0.566067
292		0.566067
292.1		0.566067
292.2		0.566067
292.3		0.566067
292.4		0.566067
292.5		0.566067
292.6		0.566067
292.7		0.566067
292.8		0.566067
292.9		0.566067
293		0.566067
293.1		0.567315
293.2		0.567315
293.3		0.567315
293.4		0.567315
293.5		0.567315
293.6		0.567315
293.7		0.567315
293.8		0.567315
293.9		0.567315
294		0.567315
294.1		0.568562
294.2		0.568562
294.3		0.568562
294.4		0.568562
294.5		0.568562
294.6		0.568562
294.7		0.568562
294.8		0.568562
294.9		0.568562
295		0.568562
295.1		0.56929
295.2		0.56929
295.3		0.56929
295.4		0.56929
295.5		0.56929
295.6		0.56929
295.7		0.56929
295.8		0.56929
295.9		0.56929
296		0.56929
296.1		0.573864
296.2		0.573864
296.3		0.573864
296.4		0.573864
296.5		0.573864
296.6		0.573864
296.7		0.573864
296.8		0.573864
296.9		0.573864
297		0.573864
297.1		0.576879
297.2		0.576879
297.3		0.576879
297.4		0.576879
297.5		0.576879
297.6		0.576879
297.7		0.576879
297.8		0.576879
297.9		0.576879
298		0.576879
298.1		0.576983
298.2		0.576983
298.3		0.576983
298.4		0.576983
298.5		0.576983
298.6		0.576983
298.7		0.576983
298.8		0.576983
298.9		0.576983
299		0.576983
299.1		0.582493
299.2		0.582493
299.3		0.582493
299.4		0.582493
299.5		0.582493
299.6		0.582493
299.7		0.582493
299.8		0.582493
299.9		0.582493
300		0.582493
300.1		0.587587
300.2		0.587587
300.3		0.587587
300.4		0.587587
300.5		0.587587
300.6		0.587587
300.7		0.587587
300.8		0.587587
300.9		0.587587
301		0.587587
301.1		0.59029
301.2		0.59029
301.3		0.59029
301.4		0.59029
301.5		0.59029
301.6		0.59029
301.7		0.59029
301.8		0.59029
301.9		0.59029
302		0.59029
302.1		0.591538
302.2		0.591538
302.3		0.591538
302.4		0.591538
302.5		0.591538
302.6		0.591538
302.7		0.591538
302.8		0.591538
302.9		0.591538
303		0.591538
303.1		0.59684
303.2		0.59684
303.3		0.59684
303.4		0.59684
303.5		0.59684
303.6		0.59684
303.7		0.59684
303.8		0.59684
303.9		0.59684
304		0.59684
304.1		0.598191
304.2		0.598191
304.3		0.598191
304.4		0.598191
304.5		0.598191
304.6		0.598191
304.7		0.598191
304.8		0.598191
304.9		0.598191
305		0.598191
305.1		0.600686
305.2		0.600686
305.3		0.600686
305.4		0.600686
305.5		0.600686
305.6		0.600686
305.7		0.600686
305.8		0.600686
305.9		0.600686
306		0.600686
306.1		0.602973
306.2		0.602973
306.3		0.602973
306.4		0.602973
306.5		0.602973
306.6		0.602973
306.7		0.602973
306.8		0.602973
306.9		0.602973
307		0.602973
307.1		0.603597
307.2		0.603597
307.3		0.603597
307.4		0.603597
307.5		0.603597
307.6		0.603597
307.7		0.603597
307.8		0.603597
307.9		0.603597
308		0.603597
308.1		0.604429
308.2		0.604429
308.3		0.604429
308.4		0.604429
308.5		0.604429
308.6		0.604429
308.7		0.604429
308.8		0.604429
308.9		0.604429
309		0.604429
309.1		0.608899
309.2		0.608899
309.3		0.608899
309.4		0.608899
309.5		0.608899
309.6		0.608899
309.7		0.608899
309.8		0.608899
309.9		0.608899
310		0.608899
310.1		0.610666
310.2		0.610666
310.3		0.610666
310.4		0.610666
310.5		0.610666
310.6		0.610666
310.7		0.610666
310.8		0.610666
310.9		0.610666
311		0.610666
311.1		0.612538
311.2		0.612538
311.3		0.612538
311.4		0.612538
311.5		0.612538
311.6		0.612538
311.7		0.612538
311.8		0.612538
311.9		0.612538
312		0.612538
312.1		0.612746
312.2		0.612746
312.3		0.612746
312.4		0.612746
312.5		0.612746
312.6		0.612746
312.7		0.612746
312.8		0.612746
312.9		0.612746
313		0.612746
313.1		0.613473
313.2		0.613473
313.3		0.613473
313.4		0.613473
313.5		0.613473
313.6		0.613473
313.7		0.613473
313.8		0.613473
313.9		0.613473
314		0.613473
314.1		0.618983
314.2		0.618983
314.3		0.618983
314.4		0.618983
314.5		0.618983
314.6		0.618983
314.7		0.618983
314.8		0.618983
314.9		0.618983
315		0.618983
315.1		0.619295
315.2		0.619295
315.3		0.619295
315.4		0.619295
315.5		0.619295
315.6		0.619295
315.7		0.619295
315.8		0.619295
315.9		0.619295
316		0.619295
316.1		0.619711
316.2		0.619711
316.3		0.619711
316.4		0.619711
316.5		0.619711
316.6		0.619711
316.7		0.619711
316.8		0.619711
316.9		0.619711
317		0.619711
317.1		0.621582
317.2		0.621582
317.3		0.621582
317.4		0.621582
317.5		0.621582
317.6		0.621582
317.7		0.621582
317.8		0.621582
317.9		0.621582
318		0.621582
318.1		0.626261
318.2		0.626261
318.3		0.626261
318.4		0.626261
318.5		0.626261
318.6		0.626261
318.7		0.626261
318.8		0.626261
318.9		0.626261
319		0.626261
319.1		0.627508
319.2		0.627508
319.3		0.627508
319.4		0.627508
319.5		0.627508
319.6		0.627508
319.7		0.627508
319.8		0.627508
319.9		0.627508
320		0.627508
320.1		0.630211
320.2		0.630211
320.3		0.630211
320.4		0.630211
320.5		0.630211
320.6		0.630211
320.7		0.630211
320.8		0.630211
320.9		0.630211
321		0.630211
321.1		0.632706
321.2		0.632706
321.3		0.632706
321.4		0.632706
321.5		0.632706
321.6		0.632706
321.7		0.632706
321.8		0.632706
321.9		0.632706
322		0.632706
322.1		0.636657
322.2		0.636657
322.3		0.636657
322.4		0.636657
322.5		0.636657
322.6		0.636657
322.7		0.636657
322.8		0.636657
322.9		0.636657
323		0.636657
323.1		0.637592
323.2		0.637592
323.3		0.637592
323.4		0.637592
323.5		0.637592
323.6		0.637592
323.7		0.637592
323.8		0.637592
323.9		0.637592
324		0.637592
324.1		0.638632
324.2		0.638632
324.3		0.638632
324.4		0.638632
324.5		0.638632
324.6		0.638632
324.7		0.638632
324.8		0.638632
324.9		0.638632
325		0.638632
325.1		0.63884
325.2		0.63884
325.3		0.63884
325.4		0.63884
325.5		0.63884
325.6		0.63884
325.7		0.63884
325.8		0.63884
325.9		0.63884
326		0.63884
326.1		0.642686
326.2		0.642686
326.3		0.642686
326.4		0.642686
326.5		0.642686
326.6		0.642686
326.7		0.642686
326.8		0.642686
326.9		0.642686
327		0.642686
327.1		0.645701
327.2		0.645701
327.3		0.645701
327.4		0.645701
327.5		0.645701
327.6		0.645701
327.7		0.645701
327.8		0.645701
327.9		0.645701
328		0.645701
328.1		0.646221
328.2		0.646221
328.3		0.646221
328.4		0.646221
328.5		0.646221
328.6		0.646221
328.7		0.646221
328.8		0.646221
328.9		0.646221
329		0.646221
329.1		0.648092
329.2		0.648092
329.3		0.648092
329.4		0.648092
329.5		0.648092
329.6		0.648092
329.7		0.648092
329.8		0.648092
329.9		0.648092
330		0.648092
330.1		0.64934
330.2		0.64934
330.3		0.64934
330.4		0.64934
330.5		0.64934
330.6		0.64934
330.7		0.64934
330.8		0.64934
330.9		0.64934
331		0.64934
331.1		0.652667
331.2		0.652667
331.3		0.652667
331.4		0.652667
331.5		0.652667
331.6		0.652667
331.7		0.652667
331.8		0.652667
331.9		0.652667
332		0.652667
332.1		0.654538
332.2		0.654538
332.3		0.654538
332.4		0.654538
332.5		0.654538
332.6		0.654538
332.7		0.654538
332.8		0.654538
332.9		0.654538
333		0.654538
333.1		0.654954
333.2		0.654954
333.3		0.654954
333.4		0.654954
333.5		0.654954
333.6		0.654954
333.7		0.654954
333.8		0.654954
333.9		0.654954
334		0.654954
334.1		0.6588
334.2		0.6588
334.3		0.6588
334.4		0.6588
334.5		0.6588
334.6		0.6588
334.7		0.6588
334.8		0.6588
334.9		0.6588
335		0.6588
335.1		0.66036
335.2		0.66036
335.3		0.66036
335.4		0.66036
335.5		0.66036
335.6		0.66036
335.7		0.66036
335.8		0.66036
335.9		0.66036
336		0.66036
336.1		0.664414
336.2		0.664414
336.3		0.664414
336.4		0.664414
336.5		0.664414
336.6		0.664414
336.7		0.664414
336.8		0.664414
336.9		0.664414
337		0.664414
337.1		0.667533
337.2		0.667533
337.3		0.667533
337.4		0.667533
337.5		0.667533
337.6		0.667533
337.7		0.667533
337.8		0.667533
337.9		0.667533
338		0.667533
338.1		0.67034
338.2		0.67034
338.3		0.67034
338.4		0.67034
338.5		0.67034
338.6		0.67034
338.7		0.67034
338.8		0.67034
338.9		0.67034
339		0.67034
339.1		0.674706
339.2		0.674706
339.3		0.674706
339.4		0.674706
339.5		0.674706
339.6		0.674706
339.7		0.674706
339.8		0.674706
339.9		0.674706
340		0.674706
340.1		0.67637
340.2		0.67637
340.3		0.67637
340.4		0.67637
340.5		0.67637
340.6		0.67637
340.7		0.67637
340.8		0.67637
340.9		0.67637
341		0.67637
341.1		0.678033
341.2		0.678033
341.3		0.678033
341.4		0.678033
341.5		0.678033
341.6		0.678033
341.7		0.678033
341.8		0.678033
341.9		0.678033
342		0.678033
342.1		0.678345
342.2		0.678345
342.3		0.678345
342.4		0.678345
342.5		0.678345
342.6		0.678345
342.7		0.678345
342.8		0.678345
342.9		0.678345
343		0.678345
343.1		0.680424
343.2		0.680424
343.3		0.680424
343.4		0.680424
343.5		0.680424
343.6		0.680424
343.7		0.680424
343.8		0.680424
343.9		0.680424
344		0.680424
344.1		0.682503
344.2		0.682503
344.3		0.682503
344.4		0.682503
344.5		0.682503
344.6		0.682503
344.7		0.682503
344.8		0.682503
344.9		0.682503
345		0.682503
345.1		0.68583
345.2		0.68583
345.3		0.68583
345.4		0.68583
345.5		0.68583
345.6		0.68583
345.7		0.68583
345.8		0.68583
345.9		0.68583
346		0.68583
346.1		0.68583
346.2		0.68583
346.3		0.68583
346.4		0.68583
346.5		0.68583
346.6		0.68583
346.7		0.68583
346.8		0.68583
346.9		0.68583
347		0.68583
347.1		0.688117
347.2		0.688117
347.3		0.688117
347.4		0.688117
347.5		0.688117
347.6		0.688117
347.7		0.688117
347.8		0.688117
347.9		0.688117
348		0.688117
348.1		0.688117
348.2		0.688117
348.3		0.688117
348.4		0.688117
348.5		0.688117
348.6		0.688117
348.7		0.688117
348.8		0.688117
348.9		0.688117
349		0.688117
349.1		0.689261
349.2		0.689261
349.3		0.689261
349.4		0.689261
349.5		0.689261
349.6		0.689261
349.7		0.689261
349.8		0.689261
349.9		0.689261
350		0.689261
350.1		0.693419
350.2		0.693419
350.3		0.693419
350.4		0.693419
350.5		0.693419
350.6		0.693419
350.7		0.693419
350.8		0.693419
350.9		0.693419
351		0.693419
351.1		0.695498
351.2		0.695498
351.3		0.695498
351.4		0.695498
351.5		0.695498
351.6		0.695498
351.7		0.695498
351.8		0.695498
351.9		0.695498
352		0.695498
352.1		0.697266
352.2		0.697266
352.3		0.697266
352.4		0.697266
352.5		0.697266
352.6		0.697266
352.7		0.697266
352.8		0.697266
352.9		0.697266
353		0.697266
353.1		0.704335
353.2		0.704335
353.3		0.704335
353.4		0.704335
353.5		0.704335
353.6		0.704335
353.7		0.704335
353.8		0.704335
353.9		0.704335
354		0.704335
354.1		0.704439
354.2		0.704439
354.3		0.704439
354.4		0.704439
354.5		0.704439
354.6		0.704439
354.7		0.704439
354.8		0.704439
354.9		0.704439
355		0.704439
355.1		0.710157
355.2		0.710157
355.3		0.710157
355.4		0.710157
355.5		0.710157
355.6		0.710157
355.7		0.710157
355.8		0.710157
355.9		0.710157
356		0.710157
356.1		0.71182
356.2		0.71182
356.3		0.71182
356.4		0.71182
356.5		0.71182
356.6		0.71182
356.7		0.71182
356.8		0.71182
356.9		0.71182
357		0.71182
357.1		0.715043
357.2		0.715043
357.3		0.715043
357.4		0.715043
357.5		0.715043
357.6		0.715043
357.7		0.715043
357.8		0.715043
357.9		0.715043
358		0.715043
358.1		0.717954
358.2		0.717954
358.3		0.717954
358.4		0.717954
358.5		0.717954
358.6		0.717954
358.7		0.717954
358.8		0.717954
358.9		0.717954
359		0.717954
359.1		0.71941
359.2		0.71941
359.3		0.71941
359.4		0.71941
359.5		0.71941
359.6		0.71941
359.7		0.71941
359.8		0.71941
359.9		0.71941
360		0.71941
360.1		0.720241
360.2		0.720241
360.3		0.720241
360.4		0.720241
360.5		0.720241
360.6		0.720241
360.7		0.720241
360.8		0.720241
360.9		0.720241
361		0.720241
361.1		0.720241
361.2		0.720241
361.3		0.720241
361.4		0.720241
361.5		0.720241
361.6		0.720241
361.7		0.720241
361.8		0.720241
361.9		0.720241
362		0.720241
362.1		0.725855
362.2		0.725855
362.3		0.725855
362.4		0.725855
362.5		0.725855
362.6		0.725855
362.7		0.725855
362.8		0.725855
362.9		0.725855
363		0.725855
363.1		0.727311
363.2		0.727311
363.3		0.727311
363.4		0.727311
363.5		0.727311
363.6		0.727311
363.7		0.727311
363.8		0.727311
363.9		0.727311
364		0.727311
364.1		0.729806
364.2		0.729806
364.3		0.729806
364.4		0.729806
364.5		0.729806
364.6		0.729806
364.7		0.729806
364.8		0.729806
364.9		0.729806
365		0.729806
365.1		0.730325
365.2		0.730325
365.3		0.730325
365.4		0.730325
365.5		0.730325
365.6		0.730325
365.7		0.730325
365.8		0.730325
365.9		0.730325
366		0.730325
366.1		0.733548
366.2		0.733548
366.3		0.733548
366.4		0.733548
366.5		0.733548
366.6		0.733548
366.7		0.733548
366.8		0.733548
366.9		0.733548
367		0.733548
367.1		0.736771
367.2		0.736771
367.3		0.736771
367.4		0.736771
367.5		0.736771
367.6		0.736771
367.7		0.736771
367.8		0.736771
367.9		0.736771
368		0.736771
368.1		0.737603
368.2		0.737603
368.3		0.737603
368.4		0.737603
368.5		0.737603
368.6		0.737603
368.7		0.737603
368.8		0.737603
368.9		0.737603
369		0.737603
369.1		0.737811
369.2		0.737811
369.3		0.737811
369.4		0.737811
369.5		0.737811
369.6		0.737811
369.7		0.737811
369.8		0.737811
369.9		0.737811
370		0.737811
370.1		0.742905
370.2		0.742905
370.3		0.742905
370.4		0.742905
370.5		0.742905
370.6		0.742905
370.7		0.742905
370.8		0.742905
370.9		0.742905
371		0.742905
371.1		0.745296
371.2		0.745296
371.3		0.745296
371.4		0.745296
371.5		0.745296
371.6		0.745296
371.7		0.745296
371.8		0.745296
371.9		0.745296
372		0.745296
372.1		0.745816
372.2		0.745816
372.3		0.745816
372.4		0.745816
372.5		0.745816
372.6		0.745816
372.7		0.745816
372.8		0.745816
372.9		0.745816
373		0.745816
373.1		0.749142
373.2		0.749142
373.3		0.749142
373.4		0.749142
373.5		0.749142
373.6		0.749142
373.7		0.749142
373.8		0.749142
373.9		0.749142
374		0.749142
374.1		0.751637
374.2		0.751637
374.3		0.751637
374.4		0.751637
374.5		0.751637
374.6		0.751637
374.7		0.751637
374.8		0.751637
374.9		0.751637
375		0.751637
375.1		0.752365
375.2		0.752365
375.3		0.752365
375.4		0.752365
375.5		0.752365
375.6		0.752365
375.7		0.752365
375.8		0.752365
375.9		0.752365
376		0.752365
376.1		0.753925
376.2		0.753925
376.3		0.753925
376.4		0.753925
376.5		0.753925
376.6		0.753925
376.7		0.753925
376.8		0.753925
376.9		0.753925
377		0.753925
377.1		0.755692
377.2		0.755692
377.3		0.755692
377.4		0.755692
377.5		0.755692
377.6		0.755692
377.7		0.755692
377.8		0.755692
377.9		0.755692
378		0.755692
378.1		0.756731
378.2		0.756731
378.3		0.756731
378.4		0.756731
378.5		0.756731
378.6		0.756731
378.7		0.756731
378.8		0.756731
378.9		0.756731
379		0.756731
379.1		0.758915
379.2		0.758915
379.3		0.758915
379.4		0.758915
379.5		0.758915
379.6		0.758915
379.7		0.758915
379.8		0.758915
379.9		0.758915
380		0.758915
380.1		0.762449
380.2		0.762449
380.3		0.762449
380.4		0.762449
380.5		0.762449
380.6		0.762449
380.7		0.762449
380.8		0.762449
380.9		0.762449
381		0.762449
381.1		0.764113
381.2		0.764113
381.3		0.764113
381.4		0.764113
381.5		0.764113
381.6		0.764113
381.7		0.764113
381.8		0.764113
381.9		0.764113
382		0.764113
382.1		0.764632
382.2		0.764632
382.3		0.764632
382.4		0.764632
382.5		0.764632
382.6		0.764632
382.7		0.764632
382.8		0.764632
382.9		0.764632
383		0.764632
383.1		0.766712
383.2		0.766712
383.3		0.766712
383.4		0.766712
383.5		0.766712
383.6		0.766712
383.7		0.766712
383.8		0.766712
383.9		0.766712
384		0.766712
384.1		0.772637
384.2		0.772637
384.3		0.772637
384.4		0.772637
384.5		0.772637
384.6		0.772637
384.7		0.772637
384.8		0.772637
384.9		0.772637
385		0.772637
385.1		0.773677
385.2		0.773677
385.3		0.773677
385.4		0.773677
385.5		0.773677
385.6		0.773677
385.7		0.773677
385.8		0.773677
385.9		0.773677
386		0.773677
386.1		0.77534
386.2		0.77534
386.3		0.77534
386.4		0.77534
386.5		0.77534
386.6		0.77534
386.7		0.77534
386.8		0.77534
386.9		0.77534
387		0.77534
387.1		0.77638
387.2		0.77638
387.3		0.77638
387.4		0.77638
387.5		0.77638
387.6		0.77638
387.7		0.77638
387.8		0.77638
387.9		0.77638
388		0.77638
388.1		0.780642
388.2		0.780642
388.3		0.780642
388.4		0.780642
388.5		0.780642
388.6		0.780642
388.7		0.780642
388.8		0.780642
388.9		0.780642
389		0.780642
389.1		0.781058
389.2		0.781058
389.3		0.781058
389.4		0.781058
389.5		0.781058
389.6		0.781058
389.7		0.781058
389.8		0.781058
389.9		0.781058
390		0.781058
390.1		0.783345
390.2		0.783345
390.3		0.783345
390.4		0.783345
390.5		0.783345
390.6		0.783345
390.7		0.783345
390.8		0.783345
390.9		0.783345
391		0.783345
391.1		0.784489
391.2		0.784489
391.3		0.784489
391.4		0.784489
391.5		0.784489
391.6		0.784489
391.7		0.784489
391.8		0.784489
391.9		0.784489
392		0.784489
392.1		0.789791
392.2		0.789791
392.3		0.789791
392.4		0.789791
392.5		0.789791
392.6		0.789791
392.7		0.789791
392.8		0.789791
392.9		0.789791
393		0.789791
393.1		0.789999
393.2		0.789999
393.3		0.789999
393.4		0.789999
393.5		0.789999
393.6		0.789999
393.7		0.789999
393.8		0.789999
393.9		0.789999
394		0.789999
394.1		0.790311
394.2		0.790311
394.3		0.790311
394.4		0.790311
394.5		0.790311
394.6		0.790311
394.7		0.790311
394.8		0.790311
394.9		0.790311
395		0.790311
395.1		0.79135
395.2		0.79135
395.3		0.79135
395.4		0.79135
395.5		0.79135
395.6		0.79135
395.7		0.79135
395.8		0.79135
395.9		0.79135
396		0.79135
396.1		0.799148
396.2		0.799148
396.3		0.799148
396.4		0.799148
396.5		0.799148
396.6		0.799148
396.7		0.799148
396.8		0.799148
396.9		0.799148
397		0.799148
397.1		0.799563
397.2		0.799563
397.3		0.799563
397.4		0.799563
397.5		0.799563
397.6		0.799563
397.7		0.799563
397.8		0.799563
397.9		0.799563
398		0.799563
398.1		0.80237
398.2		0.80237
398.3		0.80237
398.4		0.80237
398.5		0.80237
398.6		0.80237
398.7		0.80237
398.8		0.80237
398.9		0.80237
399		0.80237
399.1		0.803722
399.2		0.803722
399.3		0.803722
399.4		0.803722
399.5		0.803722
399.6		0.803722
399.7		0.803722
399.8		0.803722
399.9		0.803722
400		0.803722
400.1		0.805073
400.2		0.805073
400.3		0.805073
400.4		0.805073
400.5		0.805073
400.6		0.805073
400.7		0.805073
400.8		0.805073
400.9		0.805073
401		0.805073
401.1		0.80892
401.2		0.80892
401.3		0.80892
401.4		0.80892
401.5		0.80892
401.6		0.80892
401.7		0.80892
401.8		0.80892
401.9		0.80892
402		0.80892
402.1		0.80944
402.2		0.80944
402.3		0.80944
402.4		0.80944
402.5		0.80944
402.6		0.80944
402.7		0.80944
402.8		0.80944
402.9		0.80944
403		0.80944
403.1		0.812247
403.2		0.812247
403.3		0.812247
403.4		0.812247
403.5		0.812247
403.6		0.812247
403.7		0.812247
403.8		0.812247
403.9		0.812247
404		0.812247
404.1		0.81443
404.2		0.81443
404.3		0.81443
404.4		0.81443
404.5		0.81443
404.6		0.81443
404.7		0.81443
404.8		0.81443
404.9		0.81443
405		0.81443
405.1		0.815573
405.2		0.815573
405.3		0.815573
405.4		0.815573
405.5		0.815573
405.6		0.815573
405.7		0.815573
405.8		0.815573
405.9		0.815573
406		0.815573
406.1		0.819212
406.2		0.819212
406.3		0.819212
406.4		0.819212
406.5		0.819212
406.6		0.819212
406.7		0.819212
406.8		0.819212
406.9		0.819212
407		0.819212
407.1		0.820875
407.2		0.820875
407.3		0.820875
407.4		0.820875
407.5		0.820875
407.6		0.820875
407.7		0.820875
407.8		0.820875
407.9		0.820875
408		0.820875
408.1		0.82337
408.2		0.82337
408.3		0.82337
408.4		0.82337
408.5		0.82337
408.6		0.82337
408.7		0.82337
408.8		0.82337
408.9		0.82337
409		0.82337
409.1		0.825138
409.2		0.825138
409.3		0.825138
409.4		0.825138
409.5		0.825138
409.6		0.825138
409.7		0.825138
409.8		0.825138
409.9		0.825138
410		0.825138
410.1		0.825969
410.2		0.825969
410.3		0.825969
410.4		0.825969
410.5		0.825969
410.6		0.825969
410.7		0.825969
410.8		0.825969
410.9		0.825969
411		0.825969
411.1		0.828464
411.2		0.828464
411.3		0.828464
411.4		0.828464
411.5		0.828464
411.6		0.828464
411.7		0.828464
411.8		0.828464
411.9		0.828464
412		0.828464
412.1		0.828568
412.2		0.828568
412.3		0.828568
412.4		0.828568
412.5		0.828568
412.6		0.828568
412.7		0.828568
412.8		0.828568
412.9		0.828568
413		0.828568
413.1		0.831375
413.2		0.831375
413.3		0.831375
413.4		0.831375
413.5		0.831375
413.6		0.831375
413.7		0.831375
413.8		0.831375
413.9		0.831375
414		0.831375
414.1		0.831687
414.2		0.831687
414.3		0.831687
414.4		0.831687
414.5		0.831687
414.6		0.831687
414.7		0.831687
414.8		0.831687
414.9		0.831687
415		0.831687
415.1		0.835326
415.2		0.835326
415.3		0.835326
415.4		0.835326
415.5		0.835326
415.6		0.835326
415.7		0.835326
415.8		0.835326
415.9		0.835326
416		0.835326
416.1		0.836054
416.2		0.836054
416.3		0.836054
416.4		0.836054
416.5		0.836054
416.6		0.836054
416.7		0.836054
416.8		0.836054
416.9		0.836054
417		0.836054
417.1		0.837509
417.2		0.837509
417.3		0.837509
417.4		0.837509
417.5		0.837509
417.6		0.837509
417.7		0.837509
417.8		0.837509
417.9		0.837509
418		0.837509
418.1		0.844059
418.2		0.844059
418.3		0.844059
418.4		0.844059
418.5		0.844059
418.6		0.844059
418.7		0.844059
418.8		0.844059
418.9		0.844059
419		0.844059
419.1		0.84489
419.2		0.84489
419.3		0.84489
419.4		0.84489
419.5		0.84489
419.6		0.84489
419.7		0.84489
419.8		0.84489
419.9		0.84489
420		0.84489
420.1		0.845098
420.2		0.845098
420.3		0.845098
420.4		0.845098
420.5		0.845098
420.6		0.845098
420.7		0.845098
420.8		0.845098
420.9		0.845098
421		0.845098
421.1		0.846866
421.2		0.846866
421.3		0.846866
421.4		0.846866
421.5		0.846866
421.6		0.846866
421.7		0.846866
421.8		0.846866
421.9		0.846866
422		0.846866
422.1		0.850296
422.2		0.850296
422.3		0.850296
422.4		0.850296
422.5		0.850296
422.6		0.850296
422.7		0.850296
422.8		0.850296
422.9		0.850296
423		0.850296
423.1		0.850712
423.2		0.850712
423.3		0.850712
423.4		0.850712
423.5		0.850712
423.6		0.850712
423.7		0.850712
423.8		0.850712
423.9		0.850712
424		0.850712
424.1		0.852583
424.2		0.852583
424.3		0.852583
424.4		0.852583
424.5		0.852583
424.6		0.852583
424.7		0.852583
424.8		0.852583
424.9		0.852583
425		0.852583
425.1		0.854767
425.2		0.854767
425.3		0.854767
425.4		0.854767
425.5		0.854767
425.6		0.854767
425.7		0.854767
425.8		0.854767
425.9		0.854767
426		0.854767
426.1		0.857366
426.2		0.857366
426.3		0.857366
426.4		0.857366
426.5		0.857366
426.6		0.857366
426.7		0.857366
426.8		0.857366
426.9		0.857366
427		0.857366
427.1		0.857781
427.2		0.857781
427.3		0.857781
427.4		0.857781
427.5		0.857781
427.6		0.857781
427.7		0.857781
427.8		0.857781
427.9		0.857781
428		0.857781
428.1		0.860069
428.2		0.860069
428.3		0.860069
428.4		0.860069
428.5		0.860069
428.6		0.860069
428.7		0.860069
428.8		0.860069
428.9		0.860069
429		0.860069
429.1		0.861004
429.2		0.861004
429.3		0.861004
429.4		0.861004
429.5		0.861004
429.6		0.861004
429.7		0.861004
429.8		0.861004
429.9		0.861004
430		0.861004
430.1		0.863603
430.2		0.863603
430.3		0.863603
430.4		0.863603
430.5		0.863603
430.6		0.863603
430.7		0.863603
430.8		0.863603
430.9		0.863603
431		0.863603
431.1		0.865475
431.2		0.865475
431.3		0.865475
431.4		0.865475
431.5		0.865475
431.6		0.865475
431.7		0.865475
431.8		0.865475
431.9		0.865475
432		0.865475
432.1		0.867034
432.2		0.867034
432.3		0.867034
432.4		0.867034
432.5		0.867034
432.6		0.867034
432.7		0.867034
432.8		0.867034
432.9		0.867034
433		0.867034
433.1		0.868385
433.2		0.868385
433.3		0.868385
433.4		0.868385
433.5		0.868385
433.6		0.868385
433.7		0.868385
433.8		0.868385
433.9		0.868385
434		0.868385
434.1		0.872232
434.2		0.872232
434.3		0.872232
434.4		0.872232
434.5		0.872232
434.6		0.872232
434.7		0.872232
434.8		0.872232
434.9		0.872232
435		0.872232
435.1		0.873895
435.2		0.873895
435.3		0.873895
435.4		0.873895
435.5		0.873895
435.6		0.873895
435.7		0.873895
435.8		0.873895
435.9		0.873895
436		0.873895
436.1		0.874415
436.2		0.874415
436.3		0.874415
436.4		0.874415
436.5		0.874415
436.6		0.874415
436.7		0.874415
436.8		0.874415
436.9		0.874415
437		0.874415
437.1		0.877742
437.2		0.877742
437.3		0.877742
437.4		0.877742
437.5		0.877742
437.6		0.877742
437.7		0.877742
437.8		0.877742
437.9		0.877742
438		0.877742
438.1		0.87847
438.2		0.87847
438.3		0.87847
438.4		0.87847
438.5		0.87847
438.6		0.87847
438.7		0.87847
438.8		0.87847
438.9		0.87847
439		0.87847
439.1		0.880653
439.2		0.880653
439.3		0.880653
439.4		0.880653
439.5		0.880653
439.6		0.880653
439.7		0.880653
439.8		0.880653
439.9		0.880653
440		0.880653
440.1		0.884603
440.2		0.884603
440.3		0.884603
440.4		0.884603
440.5		0.884603
440.6		0.884603
440.7		0.884603
440.8		0.884603
440.9		0.884603
441		0.884603
441.1		0.885019
441.2		0.885019
441.3		0.885019
441.4		0.885019
441.5		0.885019
441.6		0.885019
441.7		0.885019
441.8		0.885019
441.9		0.885019
442		0.885019
442.1		0.888242
442.2		0.888242
442.3		0.888242
442.4		0.888242
442.5		0.888242
442.6		0.888242
442.7		0.888242
442.8		0.888242
442.9		0.888242
443		0.888242
443.1		0.889594
443.2		0.889594
443.3		0.889594
443.4		0.889594
443.5		0.889594
443.6		0.889594
443.7		0.889594
443.8		0.889594
443.9		0.889594
444		0.889594
444.1		0.893544
444.2		0.893544
444.3		0.893544
444.4		0.893544
444.5		0.893544
444.6		0.893544
444.7		0.893544
444.8		0.893544
444.9		0.893544
445		0.893544
445.1		0.895623
445.2		0.895623
445.3		0.895623
445.4		0.895623
445.5		0.895623
445.6		0.895623
445.7		0.895623
445.8		0.895623
445.9		0.895623
446		0.895623
446.1		0.896039
446.2		0.896039
446.3		0.896039
446.4		0.896039
446.5		0.896039
446.6		0.896039
446.7		0.896039
446.8		0.896039
446.9		0.896039
447		0.896039
447.1		0.89947
447.2		0.89947
447.3		0.89947
447.4		0.89947
447.5		0.89947
447.6		0.89947
447.7		0.89947
447.8		0.89947
447.9		0.89947
448		0.89947
448.1		0.901549
448.2		0.901549
448.3		0.901549
448.4		0.901549
448.5		0.901549
448.6		0.901549
448.7		0.901549
448.8		0.901549
448.9		0.901549
449		0.901549
449.1		0.904148
449.2		0.904148
449.3		0.904148
449.4		0.904148
449.5		0.904148
449.6		0.904148
449.7		0.904148
449.8		0.904148
449.9		0.904148
450		0.904148
450.1		0.9055
450.2		0.9055
450.3		0.9055
450.4		0.9055
450.5		0.9055
450.6		0.9055
450.7		0.9055
450.8		0.9055
450.9		0.9055
451		0.9055
451.1		0.906539
451.2		0.906539
451.3		0.906539
451.4		0.906539
451.5		0.906539
451.6		0.906539
451.7		0.906539
451.8		0.906539
451.9		0.906539
452		0.906539
452.1		0.909658
452.2		0.909658
452.3		0.909658
452.4		0.909658
452.5		0.909658
452.6		0.909658
452.7		0.909658
452.8		0.909658
452.9		0.909658
453		0.909658
453.1		0.909762
453.2		0.909762
453.3		0.909762
453.4		0.909762
453.5		0.909762
453.6		0.909762
453.7		0.909762
453.8		0.909762
453.9		0.909762
454		0.909762
454.1		0.911737
454.2		0.911737
454.3		0.911737
454.4		0.911737
454.5		0.911737
454.6		0.911737
454.7		0.911737
454.8		0.911737
454.9		0.911737
455		0.911737
455.1		0.911945
455.2		0.911945
455.3		0.911945
455.4		0.911945
455.5		0.911945
455.6		0.911945
455.7		0.911945
455.8		0.911945
455.9		0.911945
456		0.911945
456.1		0.918391
456.2		0.918391
456.3		0.918391
456.4		0.918391
456.5		0.918391
456.6		0.918391
456.7		0.918391
456.8		0.918391
456.9		0.918391
457		0.918391
457.1		0.91891
457.2		0.91891
457.3		0.91891
457.4		0.91891
457.5		0.91891
457.6		0.91891
457.7		0.91891
457.8		0.91891
457.9		0.91891
458		0.91891
458.1		0.919742
458.2		0.919742
458.3		0.919742
458.4		0.919742
458.5		0.919742
458.6		0.919742
458.7		0.919742
458.8		0.919742
458.9		0.919742
459		0.919742
459.1		0.91995
459.2		0.91995
459.3		0.91995
459.4		0.91995
459.5		0.91995
459.6		0.91995
459.7		0.91995
459.8		0.91995
459.9		0.91995
460		0.91995
460.1		0.924524
460.2		0.924524
460.3		0.924524
460.4		0.924524
460.5		0.924524
460.6		0.924524
460.7		0.924524
460.8		0.924524
460.9		0.924524
461		0.924524
461.1		0.925044
461.2		0.925044
461.3		0.925044
461.4		0.925044
461.5		0.925044
461.6		0.925044
461.7		0.925044
461.8		0.925044
461.9		0.925044
462		0.925044
462.1		0.927643
462.2		0.927643
462.3		0.927643
462.4		0.927643
462.5		0.927643
462.6		0.927643
462.7		0.927643
462.8		0.927643
462.9		0.927643
463		0.927643
463.1		0.929099
463.2		0.929099
463.3		0.929099
463.4		0.929099
463.5		0.929099
463.6		0.929099
463.7		0.929099
463.8		0.929099
463.9		0.929099
464		0.929099
464.1		0.932841
464.2		0.932841
464.3		0.932841
464.4		0.932841
464.5		0.932841
464.6		0.932841
464.7		0.932841
464.8		0.932841
464.9		0.932841
465		0.932841
465.1		0.934297
465.2		0.934297
465.3		0.934297
465.4		0.934297
465.5		0.934297
465.6		0.934297
465.7		0.934297
465.8		0.934297
465.9		0.934297
466		0.934297
466.1		0.935024
466.2		0.935024
466.3		0.935024
466.4		0.935024
466.5		0.935024
466.6		0.935024
466.7		0.935024
466.8		0.935024
466.9		0.935024
467		0.935024
467.1		0.935752
467.2		0.935752
467.3		0.935752
467.4		0.935752
467.5		0.935752
467.6		0.935752
467.7		0.935752
467.8		0.935752
467.9		0.935752
468		0.935752
468.1		0.939599
468.2		0.939599
468.3		0.939599
468.4		0.939599
468.5		0.939599
468.6		0.939599
468.7		0.939599
468.8		0.939599
468.9		0.939599
469		0.939599
469.1		0.942406
469.2		0.942406
469.3		0.942406
469.4		0.942406
469.5		0.942406
469.6		0.942406
469.7		0.942406
469.8		0.942406
469.9		0.942406
470		0.942406
470.1		0.942614
470.2		0.942614
470.3		0.942614
470.4		0.942614
470.5		0.942614
470.6		0.942614
470.7		0.942614
470.8		0.942614
470.9		0.942614
471		0.942614
471.1		0.944277
471.2		0.944277
471.3		0.944277
471.4		0.944277
471.5		0.944277
471.6		0.944277
471.7		0.944277
471.8		0.944277
471.9		0.944277
472		0.944277
472.1		0.946668
472.2		0.946668
472.3		0.946668
472.4		0.946668
472.5		0.946668
472.6		0.946668
472.7		0.946668
472.8		0.946668
472.9		0.946668
473		0.946668
473.1		0.94802
473.2		0.94802
473.3		0.94802
473.4		0.94802
473.5		0.94802
473.6		0.94802
473.7		0.94802
473.8		0.94802
473.9		0.94802
474		0.94802
474.1		0.948331
474.2		0.948331
474.3		0.948331
474.4		0.948331
474.5		0.948331
474.6		0.948331
474.7		0.948331
474.8		0.948331
474.9		0.948331
475		0.948331
475.1		0.951658
475.2		0.951658
475.3		0.951658
475.4		0.951658
475.5		0.951658
475.6		0.951658
475.7		0.951658
475.8		0.951658
475.9		0.951658
476		0.951658
476.1		0.953737
476.2		0.953737
476.3		0.953737
476.4		0.953737
476.5		0.953737
476.6		0.953737
476.7		0.953737
476.8		0.953737
476.9		0.953737
477		0.953737
477.1		0.955817
477.2		0.955817
477.3		0.955817
477.4		0.955817
477.5		0.955817
477.6		0.955817
477.7		0.955817
477.8		0.955817
477.9		0.955817
478		0.955817
478.1		0.956648
478.2		0.956648
478.3		0.956648
478.4		0.956648
478.5		0.956648
478.6		0.956648
478.7		0.956648
478.8		0.956648
478.9		0.956648
479		0.956648
479.1		0.956752
479.2		0.956752
479.3		0.956752
479.4		0.956752
479.5		0.956752
479.6		0.956752
479.7		0.956752
479.8		0.956752
479.9		0.956752
480		0.956752
480.1		0.958416
480.2		0.958416
480.3		0.958416
480.4		0.958416
480.5		0.958416
480.6		0.958416
480.7		0.958416
480.8		0.958416
480.9		0.958416
481		0.958416
481.1		0.963822
481.2		0.963822
481.3		0.963822
481.4		0.963822
481.5		0.963822
481.6		0.963822
481.7		0.963822
481.8		0.963822
481.9		0.963822
482		0.963822
482.1		0.964757
482.2		0.964757
482.3		0.964757
482.4		0.964757
482.5		0.964757
482.6		0.964757
482.7		0.964757
482.8		0.964757
482.9		0.964757
483		0.964757
483.1		0.966317
483.2		0.966317
483.3		0.966317
483.4		0.966317
483.5		0.966317
483.6		0.966317
483.7		0.966317
483.8		0.966317
483.9		0.966317
484		0.966317
484.1		0.968604
484.2		0.968604
484.3		0.968604
484.4		0.968604
484.5		0.968604
484.6		0.968604
484.7		0.968604
484.8		0.968604
484.9		0.968604
485		0.968604
485.1		0.969228
485.2		0.969228
485.3		0.969228
485.4		0.969228
485.5		0.969228
485.6		0.969228
485.7		0.969228
485.8		0.969228
485.9		0.969228
486		0.969228
486.1		0.972762
486.2		0.972762
486.3		0.972762
486.4		0.972762
486.5		0.972762
486.6		0.972762
486.7		0.972762
486.8		0.972762
486.9		0.972762
487		0.972762
487.1		0.973282
487.2		0.973282
487.3		0.973282
487.4		0.973282
487.5		0.973282
487.6		0.973282
487.7		0.973282
487.8		0.973282
487.9		0.973282
488		0.973282
488.1		0.975985
488.2		0.975985
488.3		0.975985
488.4		0.975985
488.5		0.975985
488.6		0.975985
488.7		0.975985
488.8		0.975985
488.9		0.975985
489		0.975985
489.1		0.977129
489.2		0.977129
489.3		0.977129
489.4		0.977129
489.5		0.977129
489.6		0.977129
489.7		0.977129
489.8		0.977129
489.9		0.977129
490		0.977129
490.1		0.981599
490.2		0.981599
490.3		0.981599
490.4		0.981599
490.5		0.981599
490.6		0.981599
490.7		0.981599
490.8		0.981599
490.9		0.981599
491		0.981599
491.1		0.981911
491.2		0.981911
491.3		0.981911
491.4		0.981911
491.5		0.981911
491.6		0.981911
491.7		0.981911
491.8		0.981911
491.9		0.981911
492		0.981911
492.1		0.982535
492.2		0.982535
492.3		0.982535
492.4		0.982535
492.5		0.982535
492.6		0.982535
492.7		0.982535
492.8		0.982535
492.9		0.982535
493		0.982535
493.1		0.982639
493.2		0.982639
493.3		0.982639
493.4		0.982639
493.5		0.982639
493.6		0.982639
493.7		0.982639
493.8		0.982639
493.9		0.982639
494		0.982639
494.1		0.987005
494.2		0.987005
494.3		0.987005
494.4		0.987005
494.5		0.987005
494.6		0.987005
494.7		0.987005
494.8		0.987005
494.9		0.987005
495		0.987005
495.1		0.990851
495.2		0.990851
495.3		0.990851
495.4		0.990851
495.5		0.990851
495.6		0.990851
495.7		0.990851
495.8		0.990851
495.9		0.990851
496		0.990851
496.1		0.991371
496.2		0.991371
496.3		0.991371
496.4		0.991371
496.5		0.991371
496.6		0.991371
496.7		0.991371
496.8		0.991371
496.9		0.991371
497		0.991371
497.1		0.992203
497.2		0.992203
497.3		0.992203
497.4		0.992203
497.5		0.992203
497.6		0.992203
497.7		0.992203
497.8		0.992203
497.9		0.992203
498		0.992203
498.1		0.996569
498.2		0.996569
498.3		0.996569
498.4		0.996569
498.5		0.996569
498.6		0.996569
498.7		0.996569
498.8		0.996569
498.9		0.996569
499		0.996569
499.1		0.998025
499.2		0.998025
499.3		0.998025
499.4		0.998025
499.5		0.998025
499.6		0.998025
499.7		0.998025
499.8		0.998025
499.9		0.998025
500		0.998025
500.1		0.998649
500.2		0.998649
500.3		0.998649
500.4		0.998649
500.5		0.998649
500.6		0.998649
500.7		0.998649
500.8		0.998649
500.9		0.998649
501		0.998649
501.1		1
501.2		1
501.3		1
501.4		1
501.5		1
501.6		1
501.7		1
501.8		1
501.9		1
502		1
502.1		1
502.2		1
502.3		1
502.4		1
502.5		1
502.6		1
502.7		1
502.8		1
502.9		1
503		1
503.1		1
503.2		1
503.3		1
503.4		1
503.5		1
503.6		1
503.7		1
503.8		1
503.9		1
504		1
504.1		1
504.2		1
504.3		1
504.4		1
504.5		1
504.6		1
504.7		1
504.8		1
504.9		1
505		1
505.1		1
505.2		1
505.3		1
505.4		1
505.5		1
505.6		1
505.7		1
505.8		1
505.9		1
506		1
506.1		1
506.2		1
506.3		1
506.4		1
506.5		1
506.6		1
506.7		1
506.8		1
506.9		1
507		1
507.1		1
507.2		1
507.3		1
507.4		1
507.5		1
507.6		1
507.7		1
507.8		1
507.9		1
508		1
508.1		1
508.2		1
508.3		1
508.4		1
508.5		1
508.6		1
508.7		1
508.8		1
508.9		1
509		1
509.1		1
509.2		1
509.3		1
509.4		1
509.5		1
509.6		1
509.7		1
509.8		1
509.9		1
510		1
510.1		1
510.2		1
510.3		1
510.4		1
510.5		1
510.6		1
510.7		1
510.8		1
510.9		1
511		1
511.1		1
511.2		1
511.3		1
511.4		1
511.5		1
511.6		1
511.7		1
511.8		1
511.9		1
512		1
512.1		1
512.2		1
512.3		1
512.4		1
512.5		1
512.6		1
512.7		1
512.8		1
512.9		1
513		1
513.1		1
513.2		1
513.3		1
513.4		1
513.5		1
513.6		1
513.7		1
513.8		1
513.9		1
514		1
514.1		1
514.2		1
514.3		1
514.4		1
514.5		1
514.6		1
514.7		1
514.8		1
514.9		1
515		1
515.1		1
515.2		1
515.3		1
515.4		1
515.5		1
515.6		1
515.7		1
515.8		1
515.9		1
516		1
516.1		1
516.2		1
516.3		1
516.4		1
516.5		1
516.6		1
516.7		1
516.8		1
516.9		1
517		1
517.1		1
517.2		1
517.3		1
517.4		1
517.5		1
517.6		1
517.7		1
517.8		1
517.9		1
518		1
518.1		1
518.2		1
518.3		1
518.4		1
518.5		1
518.6		1
518.7		1
518.8		1
518.9		1
519		1
519.1		1
519.2		1
519.3		1
519.4		1
519.5		1
519.6		1
519.7		1
519.8		1
519.9		1
520		1
520.1		1
520.2		1
520.3		1
520.4		1
520.5		1
520.6		1
520.7		1
520.8		1
520.9		1
521		1
521.1		1
521.2		1
521.3		1
521.4		1
521.5		1
521.6		1
521.7		1
521.8		1
521.9		1
522		1
522.1		1
522.2		1
522.3		1
522.4		1
522.5		1
522.6		1
522.7		1
522.8		1
522.9		1
523		1
523.1		1
523.2		1
523.3		1
523.4		1
523.5		1
523.6		1
523.7		1
523.8		1
523.9		1
524		1
524.1		1
524.2		1
524.3		1
524.4		1
524.5		1
524.6		1
524.7		1
524.8		1
524.9		1
525		1
525.1		1
525.2		1
525.3		1
525.4		1
525.5		1
525.6		1
525.7		1
525.8		1
525.9		1
526		1
526.1		1
526.2		1
526.3		1
526.4		1
526.5		1
526.6		1
526.7		1
526.8		1
526.9		1
527		1
527.1		1
527.2		1
527.3		1
527.4		1
527.5		1
527.6		1
527.7		1
527.8		1
527.9		1
528		1
528.1		1
528.2		1
528.3		1
528.4		1
528.5		1
528.6		1
528.7		1
528.8		1
528.9		1
529		1
529.1		1
529.2		1
529.3		1
529.4		1
529.5		1
529.6		1
529.7		1
529.8		1
529.9		1
530		1
530.1		1
530.2		1
530.3		1
530.4		1
530.5		1
530.6		1
530.7		1
530.8		1
530.9		1
531		1
531.1		1
531.2		1
531.3		1
531.4		1
531.5		1
531.6		1
531.7		1
531.8		1
531.9		1
532		1
532.1		1
532.2		1
532.3		1
532.4		1
532.5		1
532.6		1
532.7		1
532.8		1
532.9		1
533		1
533.1		1
533.2		1
533.3		1
533.4		1
533.5		1
533.6		1
533.7		1
533.8		1
533.9		1
534		1
534.1		1
534.2		1
534.3		1
534.4		1
534.5		1
534.6		1
534.7		1
534.8		1
534.9		1
535		1
535.1		1
535.2		1
535.3		1
535.4		1
535.5		1
535.6		1
535.7		1
535.8		1
535.9		1
536		1
536.1		1
536.2		1
536.3		1
536.4		1
536.5		1
536.6		1
536.7		1
536.8		1
536.9		1
537		1
537.1		1
537.2		1
537.3		1
537.4		1
537.5		1
537.6		1
537.7		1
537.8		1
537.9		1
538		1
538.1		1
538.2		1
538.3		1
538.4		1
538.5		1
538.6		1
538.7		1
538.8		1
538.9		1
539		1
539.1		1
539.2		1
539.3		1
539.4		1
539.5		1
539.6		1
539.7		1
539.8		1
539.9		1
540		1
540.1		1
540.2		1
540.3		1
540.4		1
540.5		1
540.6		1
540.7		1
540.8		1
540.9		1
541		1
541.1		1
541.2		1
541.3		1
541.4		1
541.5		1
541.6		1
541.7		1
541.8		1
541.9		1
542		1
542.1		1
542.2		1
542.3		1
542.4		1
542.5		1
542.6		1
542.7		1
542.8		1
542.9		1
543		1
543.1		1
543.2		1
543.3		1
543.4		1
543.5		1
543.6		1
543.7		1
543.8		1
543.9		1
544		1
544.1		1
544.2		1
544.3		1
544.4		1
544.5		1
544.6		1
544.7		1
544.8		1
544.9		1
545		1
545.1		1
545.2		1
545.3		1
545.4		1
545.5		1
545.6		1
545.7		1
545.8		1
545.9		1
546		1
546.1		1
546.2		1
546.3		1
546.4		1
546.5		1
546.6		1
546.7		1
546.8		1
546.9		1
547		1
547.1		1
547.2		1
547.3		1
547.4		1
547.5		1
547.6		1
547.7		1
547.8		1
547.9		1
548		1
548.1		1
548.2		1
548.3		1
548.4		1
548.5		1
548.6		1
548.7		1
548.8		1
548.9		1
549		1
549.1		1
549.2		1
549.3		1
549.4		1
549.5		1
549.6		1
549.7		1
549.8		1
549.9		1
550		1
550.1		1
550.2		1
550.3		1
550.4		1
550.5		1
550.6		1
550.7		1
550.8		1
550.9		1
551		1
551.1		1
551.2		1
551.3		1
551.4		1
551.5		1
551.6		1
551.7		1
551.8		1
551.9		1
552		1
552.1		1
552.2		1
552.3		1
552.4		1
552.5		1
552.6		1
552.7		1
552.8		1
552.9		1
553		1
553.1		1
553.2		1
553.3		1
553.4		1
553.5		1
553.6		1
553.7		1
553.8		1
553.9		1
554		1
554.1		1
554.2		1
554.3		1
554.4		1
554.5		1
554.6		1
554.7		1
554.8		1
554.9		1
555		1
555.1		1
555.2		1
555.3		1
555.4		1
555.5		1
555.6		1
555.7		1
555.8		1
555.9		1
556		1
556.1		1
556.2		1
556.3		1
556.4		1
556.5		1
556.6		1
556.7		1
556.8		1
556.9		1
557		1
557.1		1
557.2		1
557.3		1
557.4		1
557.5		1
557.6		1
557.7		1
557.8		1
557.9		1
558		1
558.1		1
558.2		1
558.3		1
558.4		1
558.5		1
558.6		1
558.7		1
558.8		1
558.9		1
559		1
559.1		1
559.2		1
559.3		1
559.4		1
559.5		1
559.6		1
559.7		1
559.8		1
559.9		1
560		1
560.1		1
560.2		1
560.3		1
560.4		1
560.5		1
560.6		1
560.7		1
560.8		1
560.9		1
561		1
561.1		1
561.2		1
561.3		1
561.4		1
561.5		1
561.6		1
561.7		1
561.8		1
561.9		1
562		1
562.1		1
562.2		1
562.3		1
562.4		1
562.5		1
562.6		1
562.7		1
562.8		1
562.9		1
563		1
563.1		1
563.2		1
563.3		1
563.4		1
563.5		1
563.6		1
563.7		1
563.8		1
563.9		1
564		1
564.1		1
564.2		1
564.3		1
564.4		1
564.5		1
564.6		1
564.7		1
564.8		1
564.9		1
565		1
565.1		1
565.2		1
565.3		1
565.4		1
565.5		1
565.6		1
565.7		1
565.8		1
565.9		1
566		1
566.1		1
566.2		1
566.3		1
566.4		1
566.5		1
566.6		1
566.7		1
566.8		1
566.9		1
567		1
567.1		1
567.2		1
567.3		1
567.4		1
567.5		1
567.6		1
567.7		1
567.8		1
567.9		1
568		1
568.1		1
568.2		1
568.3		1
568.4		1
568.5		1
568.6		1
568.7		1
568.8		1
568.9		1
569		1
569.1		1
569.2		1
569.3		1
569.4		1
569.5		1
569.6		1
569.7		1
569.8		1
569.9		1
570		1
570.1		1
570.2		1
570.3		1
570.4		1
570.5		1
570.6		1
570.7		1
570.8		1
570.9		1
571		1
571.1		1
571.2		1
571.3		1
571.4		1
571.5		1
571.6		1
571.7		1
571.8		1
571.9		1
572		1
572.1		1
572.2		1
572.3		1
572.4		1
572.5		1
572.6		1
572.7		1
572.8		1
572.9		1
573		1
573.1		1
573.2		1
573.3		1
573.4		1
573.5		1
573.6		1
573.7		1
573.8		1
573.9		1
574		1
574.1		1
574.2		1
574.3		1
574.4		1
574.5		1
574.6		1
574.7		1
574.8		1
574.9		1
575		1
575.1		1
575.2		1
575.3		1
575.4		1
575.5		1
575.6		1
575.7		1
575.8		1
575.9		1
576		1
576.1		1
576.2		1
576.3		1
576.4		1
576.5		1
576.6		1
576.7		1
576.8		1
576.9		1
577		1
577.1		1
577.2		1
577.3		1
577.4		1
577.5		1
577.6		1
577.7		1
577.8		1
577.9		1
578		1
578.1		1
578.2		1
578.3		1
578.4		1
578.5		1
578.6		1
578.7		1
578.8		1
578.9		1
579		1
579.1		1
579.2		1
579.3		1
579.4		1
579.5		1
579.6		1
579.7		1
579.8		1
579.9		1
580		1
580.1		1
580.2		1
580.3		1
580.4		1
580.5		1
580.6		1
580.7		1
580.8		1
580.9		1
581		1
581.1		1
581.2		1
581.3		1
581.4		1
581.5		1
581.6		1
581.7		1
581.8		1
581.9		1
582		1
582.1		1
582.2		1
582.3		1
582.4		1
582.5		1
582.6		1
582.7		1
582.8		1
582.9		1
583		1
583.1		1
583.2		1
583.3		1
583.4		1
583.5		1
583.6		1
583.7		1
583.8		1
583.9		1
584		1
584.1		1
584.2		1
584.3		1
584.4		1
584.5		1
584.6		1
584.7		1
584.8		1
584.9		1
585		1
585.1		1
585.2		1
585.3		1
585.4		1
585.5		1
585.6		1
585.7		1
585.8		1
585.9		1
586		1
586.1		1
586.2		1
586.3		1
586.4		1
586.5		1
586.6		1
586.7		1
586.8		1
586.9		1
587		1
587.1		1
587.2		1
587.3		1
587.4		1
587.5		1
587.6		1
587.7		1
587.8		1
587.9		1
588		1
588.1		1
588.2		1
588.3		1
588.4		1
588.5		1
588.6		1
588.7		1
588.8		1
588.9		1
589		1
589.1		1
589.2		1
589.3		1
589.4		1
589.5		1
589.6		1
589.7		1
589.8		1
589.9		1
590		1
590.1		1
590.2		1
590.3		1
590.4		1
590.5		1
590.6		1
590.7		1
590.8		1
590.9		1
591		1
591.1		1
591.2		1
591.3		1
591.4		1
591.5		1
591.6		1
591.7		1
591.8		1
591.9		1
592		1
592.1		1
592.2		1
592.3		1
592.4		1
592.5		1
592.6		1
592.7		1
592.8		1
592.9		1
593		1
593.1		1
593.2		1
593.3		1
593.4		1
593.5		1
593.6		1
593.7		1
593.8		1
593.9		1
594		1
594.1		1
594.2		1
594.3		1
594.4		1
594.5		1
594.6		1
594.7		1
594.8		1
594.9		1
595		1
595.1		1
595.2		1
595.3		1
595.4		1
595.5		1
595.6		1
595.7		1
595.8		1
595.9		1
596		1
596.1		1
596.2		1
596.3		1
596.4		1
596.5		1
596.6		1
596.7		1
596.8		1
596.9		1
597		1
597.1		1
597.2		1
597.3		1
597.4		1
597.5		1
597.6		1
597.7		1
597.8		1
597.9		1
598		1
598.1		1
598.2		1
598.3		1
598.4		1
598.5		1
598.6		1
598.7		1
598.8		1
598.9		1
599		1
599.1		1
599.2		1
599.3		1
599.4		1
599.5		1
599.6		1
599.7		1
599.8		1
599.9		1
600		1
