# Calibration file of tamex_id 1 @ channel 14
# fine_T bin		 Calibration value
0.1		0
0.2		0
0.3		0
0.4		0
0.5		0
0.6		0
0.7		0
0.8		0
0.9		0
1		0
1.1		0
1.2		0
1.3		0
1.4		0
1.5		0
1.6		0
1.7		0
1.8		0
1.9		0
2		0
2.1		0
2.2		0
2.3		0
2.4		0
2.5		0
2.6		0
2.7		0
2.8		0
2.9		0
3		0
3.1		0
3.2		0
3.3		0
3.4		0
3.5		0
3.6		0
3.7		0
3.8		0
3.9		0
4		0
4.1		0
4.2		0
4.3		0
4.4		0
4.5		0
4.6		0
4.7		0
4.8		0
4.9		0
5		0
5.1		0
5.2		0
5.3		0
5.4		0
5.5		0
5.6		0
5.7		0
5.8		0
5.9		0
6		0
6.1		0
6.2		0
6.3		0
6.4		0
6.5		0
6.6		0
6.7		0
6.8		0
6.9		0
7		0
7.1		0
7.2		0
7.3		0
7.4		0
7.5		0
7.6		0
7.7		0
7.8		0
7.9		0
8		0
8.1		0
8.2		0
8.3		0
8.4		0
8.5		0
8.6		0
8.7		0
8.8		0
8.9		0
9		0
9.1		0
9.2		0
9.3		0
9.4		0
9.5		0
9.6		0
9.7		0
9.8		0
9.9		0
10		0
10.1		0
10.2		0
10.3		0
10.4		0
10.5		0
10.6		0
10.7		0
10.8		0
10.9		0
11		0
11.1		0
11.2		0
11.3		0
11.4		0
11.5		0
11.6		0
11.7		0
11.8		0
11.9		0
12		0
12.1		0
12.2		0
12.3		0
12.4		0
12.5		0
12.6		0
12.7		0
12.8		0
12.9		0
13		0
13.1		0
13.2		0
13.3		0
13.4		0
13.5		0
13.6		0
13.7		0
13.8		0
13.9		0
14		0
14.1		0
14.2		0
14.3		0
14.4		0
14.5		0
14.6		0
14.7		0
14.8		0
14.9		0
15		0
15.1		0
15.2		0
15.3		0
15.4		0
15.5		0
15.6		0
15.7		0
15.8		0
15.9		0
16		0
16.1		0.00443854
16.2		0.00443854
16.3		0.00443854
16.4		0.00443854
16.5		0.00443854
16.6		0.00443854
16.7		0.00443854
16.8		0.00443854
16.9		0.00443854
17		0.00443854
17.1		0.00493633
17.2		0.00493633
17.3		0.00493633
17.4		0.00493633
17.5		0.00493633
17.6		0.00493633
17.7		0.00493633
17.8		0.00493633
17.9		0.00493633
18		0.00493633
18.1		0.0104119
18.2		0.0104119
18.3		0.0104119
18.4		0.0104119
18.5		0.0104119
18.6		0.0104119
18.7		0.0104119
18.8		0.0104119
18.9		0.0104119
19		0.0104119
19.1		0.0123616
19.2		0.0123616
19.3		0.0123616
19.4		0.0123616
19.5		0.0123616
19.6		0.0123616
19.7		0.0123616
19.8		0.0123616
19.9		0.0123616
20		0.0123616
20.1		0.0172979
20.2		0.0172979
20.3		0.0172979
20.4		0.0172979
20.5		0.0172979
20.6		0.0172979
20.7		0.0172979
20.8		0.0172979
20.9		0.0172979
21		0.0172979
21.1		0.0184179
21.2		0.0184179
21.3		0.0184179
21.4		0.0184179
21.5		0.0184179
21.6		0.0184179
21.7		0.0184179
21.8		0.0184179
21.9		0.0184179
22		0.0184179
22.1		0.020492
22.2		0.020492
22.3		0.020492
22.4		0.020492
22.5		0.020492
22.6		0.020492
22.7		0.020492
22.8		0.020492
22.9		0.020492
23		0.020492
23.1		0.0221927
23.2		0.0221927
23.3		0.0221927
23.4		0.0221927
23.5		0.0221927
23.6		0.0221927
23.7		0.0221927
23.8		0.0221927
23.9		0.0221927
24		0.0221927
24.1		0.0236446
24.2		0.0236446
24.3		0.0236446
24.4		0.0236446
24.5		0.0236446
24.6		0.0236446
24.7		0.0236446
24.8		0.0236446
24.9		0.0236446
25		0.0236446
25.1		0.0258016
25.2		0.0258016
25.3		0.0258016
25.4		0.0258016
25.5		0.0258016
25.6		0.0258016
25.7		0.0258016
25.8		0.0258016
25.9		0.0258016
26		0.0258016
26.1		0.0280416
26.2		0.0280416
26.3		0.0280416
26.4		0.0280416
26.5		0.0280416
26.6		0.0280416
26.7		0.0280416
26.8		0.0280416
26.9		0.0280416
27		0.0280416
27.1		0.0301572
27.2		0.0301572
27.3		0.0301572
27.4		0.0301572
27.5		0.0301572
27.6		0.0301572
27.7		0.0301572
27.8		0.0301572
27.9		0.0301572
28		0.0301572
28.1		0.030738
28.2		0.030738
28.3		0.030738
28.4		0.030738
28.5		0.030738
28.6		0.030738
28.7		0.030738
28.8		0.030738
28.9		0.030738
29		0.030738
29.1		0.0338906
29.2		0.0338906
29.3		0.0338906
29.4		0.0338906
29.5		0.0338906
29.6		0.0338906
29.7		0.0338906
29.8		0.0338906
29.9		0.0338906
30		0.0338906
30.1		0.035135
30.2		0.035135
30.3		0.035135
30.4		0.035135
30.5		0.035135
30.6		0.035135
30.7		0.035135
30.8		0.035135
30.9		0.035135
31		0.035135
31.1		0.036255
31.2		0.036255
31.3		0.036255
31.4		0.036255
31.5		0.036255
31.6		0.036255
31.7		0.036255
31.8		0.036255
31.9		0.036255
32		0.036255
32.1		0.0365869
32.2		0.0365869
32.3		0.0365869
32.4		0.0365869
32.5		0.0365869
32.6		0.0365869
32.7		0.0365869
32.8		0.0365869
32.9		0.0365869
33		0.0365869
33.1		0.0391173
33.2		0.0391173
33.3		0.0391173
33.4		0.0391173
33.5		0.0391173
33.6		0.0391173
33.7		0.0391173
33.8		0.0391173
33.9		0.0391173
34		0.0391173
34.1		0.0428091
34.2		0.0428091
34.3		0.0428091
34.4		0.0428091
34.5		0.0428091
34.6		0.0428091
34.7		0.0428091
34.8		0.0428091
34.9		0.0428091
35		0.0428091
35.1		0.0440121
35.2		0.0440121
35.3		0.0440121
35.4		0.0440121
35.5		0.0440121
35.6		0.0440121
35.7		0.0440121
35.8		0.0440121
35.9		0.0440121
36		0.0440121
36.1		0.0457958
36.2		0.0457958
36.3		0.0457958
36.4		0.0457958
36.5		0.0457958
36.6		0.0457958
36.7		0.0457958
36.8		0.0457958
36.9		0.0457958
37		0.0457958
37.1		0.0460447
37.2		0.0460447
37.3		0.0460447
37.4		0.0460447
37.5		0.0460447
37.6		0.0460447
37.7		0.0460447
37.8		0.0460447
37.9		0.0460447
38		0.0460447
38.1		0.0528477
38.2		0.0528477
38.3		0.0528477
38.4		0.0528477
38.5		0.0528477
38.6		0.0528477
38.7		0.0528477
38.8		0.0528477
38.9		0.0528477
39		0.0528477
39.1		0.0541751
39.2		0.0541751
39.3		0.0541751
39.4		0.0541751
39.5		0.0541751
39.6		0.0541751
39.7		0.0541751
39.8		0.0541751
39.9		0.0541751
40		0.0541751
40.1		0.0556685
40.2		0.0556685
40.3		0.0556685
40.4		0.0556685
40.5		0.0556685
40.6		0.0556685
40.7		0.0556685
40.8		0.0556685
40.9		0.0556685
41		0.0556685
41.1		0.056747
41.2		0.056747
41.3		0.056747
41.4		0.056747
41.5		0.056747
41.6		0.056747
41.7		0.056747
41.8		0.056747
41.9		0.056747
42		0.056747
42.1		0.0591115
42.2		0.0591115
42.3		0.0591115
42.4		0.0591115
42.5		0.0591115
42.6		0.0591115
42.7		0.0591115
42.8		0.0591115
42.9		0.0591115
43		0.0591115
43.1		0.0592359
43.2		0.0592359
43.3		0.0592359
43.4		0.0592359
43.5		0.0592359
43.6		0.0592359
43.7		0.0592359
43.8		0.0592359
43.9		0.0592359
44		0.0592359
44.1		0.0635915
44.2		0.0635915
44.3		0.0635915
44.4		0.0635915
44.5		0.0635915
44.6		0.0635915
44.7		0.0635915
44.8		0.0635915
44.9		0.0635915
45		0.0635915
45.1		0.0647945
45.2		0.0647945
45.3		0.0647945
45.4		0.0647945
45.5		0.0647945
45.6		0.0647945
45.7		0.0647945
45.8		0.0647945
45.9		0.0647945
46		0.0647945
46.1		0.0666197
46.2		0.0666197
46.3		0.0666197
46.4		0.0666197
46.5		0.0666197
46.6		0.0666197
46.7		0.0666197
46.8		0.0666197
46.9		0.0666197
47		0.0666197
47.1		0.068196
47.2		0.068196
47.3		0.068196
47.4		0.068196
47.5		0.068196
47.6		0.068196
47.7		0.068196
47.8		0.068196
47.9		0.068196
48		0.068196
48.1		0.07027
48.2		0.07027
48.3		0.07027
48.4		0.07027
48.5		0.07027
48.6		0.07027
48.7		0.07027
48.8		0.07027
48.9		0.07027
49		0.07027
49.1		0.0719293
49.2		0.0719293
49.3		0.0719293
49.4		0.0719293
49.5		0.0719293
49.6		0.0719293
49.7		0.0719293
49.8		0.0719293
49.9		0.0719293
50		0.0719293
50.1		0.0733812
50.2		0.0733812
50.3		0.0733812
50.4		0.0733812
50.5		0.0733812
50.6		0.0733812
50.7		0.0733812
50.8		0.0733812
50.9		0.0733812
51		0.0733812
51.1		0.0741278
51.2		0.0741278
51.3		0.0741278
51.4		0.0741278
51.5		0.0741278
51.6		0.0741278
51.7		0.0741278
51.8		0.0741278
51.9		0.0741278
52		0.0741278
52.1		0.0792301
52.2		0.0792301
52.3		0.0792301
52.4		0.0792301
52.5		0.0792301
52.6		0.0792301
52.7		0.0792301
52.8		0.0792301
52.9		0.0792301
53		0.0792301
53.1		0.0792301
53.2		0.0792301
53.3		0.0792301
53.4		0.0792301
53.5		0.0792301
53.6		0.0792301
53.7		0.0792301
53.8		0.0792301
53.9		0.0792301
54		0.0792301
54.1		0.0798523
54.2		0.0798523
54.3		0.0798523
54.4		0.0798523
54.5		0.0798523
54.6		0.0798523
54.7		0.0798523
54.8		0.0798523
54.9		0.0798523
55		0.0798523
55.1		0.0823412
55.2		0.0823412
55.3		0.0823412
55.4		0.0823412
55.5		0.0823412
55.6		0.0823412
55.7		0.0823412
55.8		0.0823412
55.9		0.0823412
56		0.0823412
56.1		0.0843324
56.2		0.0843324
56.3		0.0843324
56.4		0.0843324
56.5		0.0843324
56.6		0.0843324
56.7		0.0843324
56.8		0.0843324
56.9		0.0843324
57		0.0843324
57.1		0.0855768
57.2		0.0855768
57.3		0.0855768
57.4		0.0855768
57.5		0.0855768
57.6		0.0855768
57.7		0.0855768
57.8		0.0855768
57.9		0.0855768
58		0.0855768
58.1		0.0909694
58.2		0.0909694
58.3		0.0909694
58.4		0.0909694
58.5		0.0909694
58.6		0.0909694
58.7		0.0909694
58.8		0.0909694
58.9		0.0909694
59		0.0909694
59.1		0.0915502
59.2		0.0915502
59.3		0.0915502
59.4		0.0915502
59.5		0.0915502
59.6		0.0915502
59.7		0.0915502
59.8		0.0915502
59.9		0.0915502
60		0.0915502
60.1		0.0931265
60.2		0.0931265
60.3		0.0931265
60.4		0.0931265
60.5		0.0931265
60.6		0.0931265
60.7		0.0931265
60.8		0.0931265
60.9		0.0931265
61		0.0931265
61.1		0.0933339
61.2		0.0933339
61.3		0.0933339
61.4		0.0933339
61.5		0.0933339
61.6		0.0933339
61.7		0.0933339
61.8		0.0933339
61.9		0.0933339
62		0.0933339
62.1		0.0970672
62.2		0.0970672
62.3		0.0970672
62.4		0.0970672
62.5		0.0970672
62.6		0.0970672
62.7		0.0970672
62.8		0.0970672
62.9		0.0970672
63		0.0970672
63.1		0.0993073
63.2		0.0993073
63.3		0.0993073
63.4		0.0993073
63.5		0.0993073
63.6		0.0993073
63.7		0.0993073
63.8		0.0993073
63.9		0.0993073
64		0.0993073
64.1		0.102252
64.2		0.102252
64.3		0.102252
64.4		0.102252
64.5		0.102252
64.6		0.102252
64.7		0.102252
64.8		0.102252
64.9		0.102252
65		0.102252
65.1		0.104617
65.2		0.104617
65.3		0.104617
65.4		0.104617
65.5		0.104617
65.6		0.104617
65.7		0.104617
65.8		0.104617
65.9		0.104617
66		0.104617
66.1		0.104824
66.2		0.104824
66.3		0.104824
66.4		0.104824
66.5		0.104824
66.6		0.104824
66.7		0.104824
66.8		0.104824
66.9		0.104824
67		0.104824
67.1		0.107064
67.2		0.107064
67.3		0.107064
67.4		0.107064
67.5		0.107064
67.6		0.107064
67.7		0.107064
67.8		0.107064
67.9		0.107064
68		0.107064
68.1		0.109304
68.2		0.109304
68.3		0.109304
68.4		0.109304
68.5		0.109304
68.6		0.109304
68.7		0.109304
68.8		0.109304
68.9		0.109304
69		0.109304
69.1		0.111918
69.2		0.111918
69.3		0.111918
69.4		0.111918
69.5		0.111918
69.6		0.111918
69.7		0.111918
69.8		0.111918
69.9		0.111918
70		0.111918
70.1		0.112913
70.2		0.112913
70.3		0.112913
70.4		0.112913
70.5		0.112913
70.6		0.112913
70.7		0.112913
70.8		0.112913
70.9		0.112913
71		0.112913
71.1		0.115444
71.2		0.115444
71.3		0.115444
71.4		0.115444
71.5		0.115444
71.6		0.115444
71.7		0.115444
71.8		0.115444
71.9		0.115444
72		0.115444
72.1		0.118472
72.2		0.118472
72.3		0.118472
72.4		0.118472
72.5		0.118472
72.6		0.118472
72.7		0.118472
72.8		0.118472
72.9		0.118472
73		0.118472
73.1		0.119675
73.2		0.119675
73.3		0.119675
73.4		0.119675
73.5		0.119675
73.6		0.119675
73.7		0.119675
73.8		0.119675
73.9		0.119675
74		0.119675
74.1		0.119716
74.2		0.119716
74.3		0.119716
74.4		0.119716
74.5		0.119716
74.6		0.119716
74.7		0.119716
74.8		0.119716
74.9		0.119716
75		0.119716
75.1		0.121956
75.2		0.121956
75.3		0.121956
75.4		0.121956
75.5		0.121956
75.6		0.121956
75.7		0.121956
75.8		0.121956
75.9		0.121956
76		0.121956
76.1		0.122827
76.2		0.122827
76.3		0.122827
76.4		0.122827
76.5		0.122827
76.6		0.122827
76.7		0.122827
76.8		0.122827
76.9		0.122827
77		0.122827
77.1		0.125026
77.2		0.125026
77.3		0.125026
77.4		0.125026
77.5		0.125026
77.6		0.125026
77.7		0.125026
77.8		0.125026
77.9		0.125026
78		0.125026
78.1		0.126187
78.2		0.126187
78.3		0.126187
78.4		0.126187
78.5		0.126187
78.6		0.126187
78.7		0.126187
78.8		0.126187
78.9		0.126187
79		0.126187
79.1		0.12963
79.2		0.12963
79.3		0.12963
79.4		0.12963
79.5		0.12963
79.6		0.12963
79.7		0.12963
79.8		0.12963
79.9		0.12963
80		0.12963
80.1		0.130626
80.2		0.130626
80.3		0.130626
80.4		0.130626
80.5		0.130626
80.6		0.130626
80.7		0.130626
80.8		0.130626
80.9		0.130626
81		0.130626
81.1		0.13241
81.2		0.13241
81.3		0.13241
81.4		0.13241
81.5		0.13241
81.6		0.13241
81.7		0.13241
81.8		0.13241
81.9		0.13241
82		0.13241
82.1		0.132617
82.2		0.132617
82.3		0.132617
82.4		0.132617
82.5		0.132617
82.6		0.132617
82.7		0.132617
82.8		0.132617
82.9		0.132617
83		0.132617
83.1		0.134069
83.2		0.134069
83.3		0.134069
83.4		0.134069
83.5		0.134069
83.6		0.134069
83.7		0.134069
83.8		0.134069
83.9		0.134069
84		0.134069
84.1		0.136309
84.2		0.136309
84.3		0.136309
84.4		0.136309
84.5		0.136309
84.6		0.136309
84.7		0.136309
84.8		0.136309
84.9		0.136309
85		0.136309
85.1		0.140706
85.2		0.140706
85.3		0.140706
85.4		0.140706
85.5		0.140706
85.6		0.140706
85.7		0.140706
85.8		0.140706
85.9		0.140706
86		0.140706
86.1		0.141619
86.2		0.141619
86.3		0.141619
86.4		0.141619
86.5		0.141619
86.6		0.141619
86.7		0.141619
86.8		0.141619
86.9		0.141619
87		0.141619
87.1		0.142407
87.2		0.142407
87.3		0.142407
87.4		0.142407
87.5		0.142407
87.6		0.142407
87.7		0.142407
87.8		0.142407
87.9		0.142407
88		0.142407
88.1		0.145559
88.2		0.145559
88.3		0.145559
88.4		0.145559
88.5		0.145559
88.6		0.145559
88.7		0.145559
88.8		0.145559
88.9		0.145559
89		0.145559
89.1		0.147551
89.2		0.147551
89.3		0.147551
89.4		0.147551
89.5		0.147551
89.6		0.147551
89.7		0.147551
89.8		0.147551
89.9		0.147551
90		0.147551
90.1		0.150786
90.2		0.150786
90.3		0.150786
90.4		0.150786
90.5		0.150786
90.6		0.150786
90.7		0.150786
90.8		0.150786
90.9		0.150786
91		0.150786
91.1		0.153441
91.2		0.153441
91.3		0.153441
91.4		0.153441
91.5		0.153441
91.6		0.153441
91.7		0.153441
91.8		0.153441
91.9		0.153441
92		0.153441
92.1		0.154188
92.2		0.154188
92.3		0.154188
92.4		0.154188
92.5		0.154188
92.6		0.154188
92.7		0.154188
92.8		0.154188
92.9		0.154188
93		0.154188
93.1		0.156262
93.2		0.156262
93.3		0.156262
93.4		0.156262
93.5		0.156262
93.6		0.156262
93.7		0.156262
93.8		0.156262
93.9		0.156262
94		0.156262
94.1		0.159248
94.2		0.159248
94.3		0.159248
94.4		0.159248
94.5		0.159248
94.6		0.159248
94.7		0.159248
94.8		0.159248
94.9		0.159248
95		0.159248
95.1		0.159456
95.2		0.159456
95.3		0.159456
95.4		0.159456
95.5		0.159456
95.6		0.159456
95.7		0.159456
95.8		0.159456
95.9		0.159456
96		0.159456
96.1		0.162194
96.2		0.162194
96.3		0.162194
96.4		0.162194
96.5		0.162194
96.6		0.162194
96.7		0.162194
96.8		0.162194
96.9		0.162194
97		0.162194
97.1		0.16572
97.2		0.16572
97.3		0.16572
97.4		0.16572
97.5		0.16572
97.6		0.16572
97.7		0.16572
97.8		0.16572
97.9		0.16572
98		0.16572
98.1		0.167296
98.2		0.167296
98.3		0.167296
98.4		0.167296
98.5		0.167296
98.6		0.167296
98.7		0.167296
98.8		0.167296
98.9		0.167296
99		0.167296
99.1		0.168042
99.2		0.168042
99.3		0.168042
99.4		0.168042
99.5		0.168042
99.6		0.168042
99.7		0.168042
99.8		0.168042
99.9		0.168042
100		0.168042
100.1		0.169536
100.2		0.169536
100.3		0.169536
100.4		0.169536
100.5		0.169536
100.6		0.169536
100.7		0.169536
100.8		0.169536
100.9		0.169536
101		0.169536
101.1		0.169785
101.2		0.169785
101.3		0.169785
101.4		0.169785
101.5		0.169785
101.6		0.169785
101.7		0.169785
101.8		0.169785
101.9		0.169785
102		0.169785
102.1		0.174431
102.2		0.174431
102.3		0.174431
102.4		0.174431
102.5		0.174431
102.6		0.174431
102.7		0.174431
102.8		0.174431
102.9		0.174431
103		0.174431
103.1		0.176214
103.2		0.176214
103.3		0.176214
103.4		0.176214
103.5		0.176214
103.6		0.176214
103.7		0.176214
103.8		0.176214
103.9		0.176214
104		0.176214
104.1		0.177791
104.2		0.177791
104.3		0.177791
104.4		0.177791
104.5		0.177791
104.6		0.177791
104.7		0.177791
104.8		0.177791
104.9		0.177791
105		0.177791
105.1		0.178537
105.2		0.178537
105.3		0.178537
105.4		0.178537
105.5		0.178537
105.6		0.178537
105.7		0.178537
105.8		0.178537
105.9		0.178537
106		0.178537
106.1		0.181856
106.2		0.181856
106.3		0.181856
106.4		0.181856
106.5		0.181856
106.6		0.181856
106.7		0.181856
106.8		0.181856
106.9		0.181856
107		0.181856
107.1		0.182063
107.2		0.182063
107.3		0.182063
107.4		0.182063
107.5		0.182063
107.6		0.182063
107.7		0.182063
107.8		0.182063
107.9		0.182063
108		0.182063
108.1		0.183723
108.2		0.183723
108.3		0.183723
108.4		0.183723
108.5		0.183723
108.6		0.183723
108.7		0.183723
108.8		0.183723
108.9		0.183723
109		0.183723
109.1		0.18646
109.2		0.18646
109.3		0.18646
109.4		0.18646
109.5		0.18646
109.6		0.18646
109.7		0.18646
109.8		0.18646
109.9		0.18646
110		0.18646
110.1		0.18646
110.2		0.18646
110.3		0.18646
110.4		0.18646
110.5		0.18646
110.6		0.18646
110.7		0.18646
110.8		0.18646
110.9		0.18646
111		0.18646
111.1		0.190443
111.2		0.190443
111.3		0.190443
111.4		0.190443
111.5		0.190443
111.6		0.190443
111.7		0.190443
111.8		0.190443
111.9		0.190443
112		0.190443
112.1		0.191687
112.2		0.191687
112.3		0.191687
112.4		0.191687
112.5		0.191687
112.6		0.191687
112.7		0.191687
112.8		0.191687
112.9		0.191687
113		0.191687
113.1		0.192019
113.2		0.192019
113.3		0.192019
113.4		0.192019
113.5		0.192019
113.6		0.192019
113.7		0.192019
113.8		0.192019
113.9		0.192019
114		0.192019
114.1		0.19542
114.2		0.19542
114.3		0.19542
114.4		0.19542
114.5		0.19542
114.6		0.19542
114.7		0.19542
114.8		0.19542
114.9		0.19542
115		0.19542
115.1		0.195835
115.2		0.195835
115.3		0.195835
115.4		0.195835
115.5		0.195835
115.6		0.195835
115.7		0.195835
115.8		0.195835
115.9		0.195835
116		0.195835
116.1		0.196084
116.2		0.196084
116.3		0.196084
116.4		0.196084
116.5		0.196084
116.6		0.196084
116.7		0.196084
116.8		0.196084
116.9		0.196084
117		0.196084
117.1		0.202721
117.2		0.202721
117.3		0.202721
117.4		0.202721
117.5		0.202721
117.6		0.202721
117.7		0.202721
117.8		0.202721
117.9		0.202721
118		0.202721
118.1		0.202929
118.2		0.202929
118.3		0.202929
118.4		0.202929
118.5		0.202929
118.6		0.202929
118.7		0.202929
118.8		0.202929
118.9		0.202929
119		0.202929
119.1		0.205583
119.2		0.205583
119.3		0.205583
119.4		0.205583
119.5		0.205583
119.6		0.205583
119.7		0.205583
119.8		0.205583
119.9		0.205583
120		0.205583
120.1		0.208529
120.2		0.208529
120.3		0.208529
120.4		0.208529
120.5		0.208529
120.6		0.208529
120.7		0.208529
120.8		0.208529
120.9		0.208529
121		0.208529
121.1		0.209109
121.2		0.209109
121.3		0.209109
121.4		0.209109
121.5		0.209109
121.6		0.209109
121.7		0.209109
121.8		0.209109
121.9		0.209109
122		0.209109
122.1		0.210769
122.2		0.210769
122.3		0.210769
122.4		0.210769
122.5		0.210769
122.6		0.210769
122.7		0.210769
122.8		0.210769
122.9		0.210769
123		0.210769
123.1		0.212967
123.2		0.212967
123.3		0.212967
123.4		0.212967
123.5		0.212967
123.6		0.212967
123.7		0.212967
123.8		0.212967
123.9		0.212967
124		0.212967
124.1		0.217489
124.2		0.217489
124.3		0.217489
124.4		0.217489
124.5		0.217489
124.6		0.217489
124.7		0.217489
124.8		0.217489
124.9		0.217489
125		0.217489
125.1		0.21836
125.2		0.21836
125.3		0.21836
125.4		0.21836
125.5		0.21836
125.6		0.21836
125.7		0.21836
125.8		0.21836
125.9		0.21836
126		0.21836
126.1		0.220185
126.2		0.220185
126.3		0.220185
126.4		0.220185
126.5		0.220185
126.6		0.220185
126.7		0.220185
126.8		0.220185
126.9		0.220185
127		0.220185
127.1		0.221595
127.2		0.221595
127.3		0.221595
127.4		0.221595
127.5		0.221595
127.6		0.221595
127.7		0.221595
127.8		0.221595
127.9		0.221595
128		0.221595
128.1		0.224292
128.2		0.224292
128.3		0.224292
128.4		0.224292
128.5		0.224292
128.6		0.224292
128.7		0.224292
128.8		0.224292
128.9		0.224292
129		0.224292
129.1		0.224541
129.2		0.224541
129.3		0.224541
129.4		0.224541
129.5		0.224541
129.6		0.224541
129.7		0.224541
129.8		0.224541
129.9		0.224541
130		0.224541
130.1		0.229892
130.2		0.229892
130.3		0.229892
130.4		0.229892
130.5		0.229892
130.6		0.229892
130.7		0.229892
130.8		0.229892
130.9		0.229892
131		0.229892
131.1		0.23068
131.2		0.23068
131.3		0.23068
131.4		0.23068
131.5		0.23068
131.6		0.23068
131.7		0.23068
131.8		0.23068
131.9		0.23068
132		0.23068
132.1		0.230887
132.2		0.230887
132.3		0.230887
132.4		0.230887
132.5		0.230887
132.6		0.230887
132.7		0.230887
132.8		0.230887
132.9		0.230887
133		0.230887
133.1		0.233086
133.2		0.233086
133.3		0.233086
133.4		0.233086
133.5		0.233086
133.6		0.233086
133.7		0.233086
133.8		0.233086
133.9		0.233086
134		0.233086
134.1		0.234787
134.2		0.234787
134.3		0.234787
134.4		0.234787
134.5		0.234787
134.6		0.234787
134.7		0.234787
134.8		0.234787
134.9		0.234787
135		0.234787
135.1		0.234994
135.2		0.234994
135.3		0.234994
135.4		0.234994
135.5		0.234994
135.6		0.234994
135.7		0.234994
135.8		0.234994
135.9		0.234994
136		0.234994
136.1		0.24159
136.2		0.24159
136.3		0.24159
136.4		0.24159
136.5		0.24159
136.6		0.24159
136.7		0.24159
136.8		0.24159
136.9		0.24159
137		0.24159
137.1		0.242378
137.2		0.242378
137.3		0.242378
137.4		0.242378
137.5		0.242378
137.6		0.242378
137.7		0.242378
137.8		0.242378
137.9		0.242378
138		0.242378
138.1		0.244659
138.2		0.244659
138.3		0.244659
138.4		0.244659
138.5		0.244659
138.6		0.244659
138.7		0.244659
138.8		0.244659
138.9		0.244659
139		0.244659
139.1		0.24607
139.2		0.24607
139.3		0.24607
139.4		0.24607
139.5		0.24607
139.6		0.24607
139.7		0.24607
139.8		0.24607
139.9		0.24607
140		0.24607
140.1		0.246236
140.2		0.246236
140.3		0.246236
140.4		0.246236
140.5		0.246236
140.6		0.246236
140.7		0.246236
140.8		0.246236
140.9		0.246236
141		0.246236
141.1		0.250591
141.2		0.250591
141.3		0.250591
141.4		0.250591
141.5		0.250591
141.6		0.250591
141.7		0.250591
141.8		0.250591
141.9		0.250591
142		0.250591
142.1		0.251836
142.2		0.251836
142.3		0.251836
142.4		0.251836
142.5		0.251836
142.6		0.251836
142.7		0.251836
142.8		0.251836
142.9		0.251836
143		0.251836
143.1		0.253121
143.2		0.253121
143.3		0.253121
143.4		0.253121
143.5		0.253121
143.6		0.253121
143.7		0.253121
143.8		0.253121
143.9		0.253121
144		0.253121
144.1		0.254698
144.2		0.254698
144.3		0.254698
144.4		0.254698
144.5		0.254698
144.6		0.254698
144.7		0.254698
144.8		0.254698
144.9		0.254698
145		0.254698
145.1		0.254698
145.2		0.254698
145.3		0.254698
145.4		0.254698
145.5		0.254698
145.6		0.254698
145.7		0.254698
145.8		0.254698
145.9		0.254698
146		0.254698
146.1		0.255901
146.2		0.255901
146.3		0.255901
146.4		0.255901
146.5		0.255901
146.6		0.255901
146.7		0.255901
146.8		0.255901
146.9		0.255901
147		0.255901
147.1		0.261045
147.2		0.261045
147.3		0.261045
147.4		0.261045
147.5		0.261045
147.6		0.261045
147.7		0.261045
147.8		0.261045
147.9		0.261045
148		0.261045
148.1		0.261957
148.2		0.261957
148.3		0.261957
148.4		0.261957
148.5		0.261957
148.6		0.261957
148.7		0.261957
148.8		0.261957
148.9		0.261957
149		0.261957
149.1		0.262289
149.2		0.262289
149.3		0.262289
149.4		0.262289
149.5		0.262289
149.6		0.262289
149.7		0.262289
149.8		0.262289
149.9		0.262289
150		0.262289
150.1		0.265193
150.2		0.265193
150.3		0.265193
150.4		0.265193
150.5		0.265193
150.6		0.265193
150.7		0.265193
150.8		0.265193
150.9		0.265193
151		0.265193
151.1		0.267682
151.2		0.267682
151.3		0.267682
151.4		0.267682
151.5		0.267682
151.6		0.267682
151.7		0.267682
151.8		0.267682
151.9		0.267682
152		0.267682
152.1		0.268843
152.2		0.268843
152.3		0.268843
152.4		0.268843
152.5		0.268843
152.6		0.268843
152.7		0.268843
152.8		0.268843
152.9		0.268843
153		0.268843
153.1		0.274153
153.2		0.274153
153.3		0.274153
153.4		0.274153
153.5		0.274153
153.6		0.274153
153.7		0.274153
153.8		0.274153
153.9		0.274153
154		0.274153
154.1		0.275314
154.2		0.275314
154.3		0.275314
154.4		0.275314
154.5		0.275314
154.6		0.275314
154.7		0.275314
154.8		0.275314
154.9		0.275314
155		0.275314
155.1		0.278425
155.2		0.278425
155.3		0.278425
155.4		0.278425
155.5		0.278425
155.6		0.278425
155.7		0.278425
155.8		0.278425
155.9		0.278425
156		0.278425
156.1		0.279338
156.2		0.279338
156.3		0.279338
156.4		0.279338
156.5		0.279338
156.6		0.279338
156.7		0.279338
156.8		0.279338
156.9		0.279338
157		0.279338
157.1		0.279504
157.2		0.279504
157.3		0.279504
157.4		0.279504
157.5		0.279504
157.6		0.279504
157.7		0.279504
157.8		0.279504
157.9		0.279504
158		0.279504
158.1		0.283528
158.2		0.283528
158.3		0.283528
158.4		0.283528
158.5		0.283528
158.6		0.283528
158.7		0.283528
158.8		0.283528
158.9		0.283528
159		0.283528
159.1		0.284938
159.2		0.284938
159.3		0.284938
159.4		0.284938
159.5		0.284938
159.6		0.284938
159.7		0.284938
159.8		0.284938
159.9		0.284938
160		0.284938
160.1		0.28639
160.2		0.28639
160.3		0.28639
160.4		0.28639
160.5		0.28639
160.6		0.28639
160.7		0.28639
160.8		0.28639
160.9		0.28639
161		0.28639
161.1		0.287137
161.2		0.287137
161.3		0.287137
161.4		0.287137
161.5		0.287137
161.6		0.287137
161.7		0.287137
161.8		0.287137
161.9		0.287137
162		0.287137
162.1		0.290331
162.2		0.290331
162.3		0.290331
162.4		0.290331
162.5		0.290331
162.6		0.290331
162.7		0.290331
162.8		0.290331
162.9		0.290331
163		0.290331
163.1		0.293442
163.2		0.293442
163.3		0.293442
163.4		0.293442
163.5		0.293442
163.6		0.293442
163.7		0.293442
163.8		0.293442
163.9		0.293442
164		0.293442
164.1		0.295765
164.2		0.295765
164.3		0.295765
164.4		0.295765
164.5		0.295765
164.6		0.295765
164.7		0.295765
164.8		0.295765
164.9		0.295765
165		0.295765
165.1		0.296262
165.2		0.296262
165.3		0.296262
165.4		0.296262
165.5		0.296262
165.6		0.296262
165.7		0.296262
165.8		0.296262
165.9		0.296262
166		0.296262
166.1		0.296926
166.2		0.296926
166.3		0.296926
166.4		0.296926
166.5		0.296926
166.6		0.296926
166.7		0.296926
166.8		0.296926
166.9		0.296926
167		0.296926
167.1		0.300991
167.2		0.300991
167.3		0.300991
167.4		0.300991
167.5		0.300991
167.6		0.300991
167.7		0.300991
167.8		0.300991
167.9		0.300991
168		0.300991
168.1		0.301365
168.2		0.301365
168.3		0.301365
168.4		0.301365
168.5		0.301365
168.6		0.301365
168.7		0.301365
168.8		0.301365
168.9		0.301365
169		0.301365
169.1		0.306218
169.2		0.306218
169.3		0.306218
169.4		0.306218
169.5		0.306218
169.6		0.306218
169.7		0.306218
169.8		0.306218
169.9		0.306218
170		0.306218
170.1		0.306218
170.2		0.306218
170.3		0.306218
170.4		0.306218
170.5		0.306218
170.6		0.306218
170.7		0.306218
170.8		0.306218
170.9		0.306218
171		0.306218
171.1		0.306301
171.2		0.306301
171.3		0.306301
171.4		0.306301
171.5		0.306301
171.6		0.306301
171.7		0.306301
171.8		0.306301
171.9		0.306301
172		0.306301
172.1		0.307214
172.2		0.307214
172.3		0.307214
172.4		0.307214
172.5		0.307214
172.6		0.307214
172.7		0.307214
172.8		0.307214
172.9		0.307214
173		0.307214
173.1		0.311196
173.2		0.311196
173.3		0.311196
173.4		0.311196
173.5		0.311196
173.6		0.311196
173.7		0.311196
173.8		0.311196
173.9		0.311196
174		0.311196
174.1		0.312648
174.2		0.312648
174.3		0.312648
174.4		0.312648
174.5		0.312648
174.6		0.312648
174.7		0.312648
174.8		0.312648
174.9		0.312648
175		0.312648
175.1		0.316215
175.2		0.316215
175.3		0.316215
175.4		0.316215
175.5		0.316215
175.6		0.316215
175.7		0.316215
175.8		0.316215
175.9		0.316215
176		0.316215
176.1		0.318621
176.2		0.318621
176.3		0.318621
176.4		0.318621
176.5		0.318621
176.6		0.318621
176.7		0.318621
176.8		0.318621
176.9		0.318621
177		0.318621
177.1		0.319368
177.2		0.319368
177.3		0.319368
177.4		0.319368
177.5		0.319368
177.6		0.319368
177.7		0.319368
177.8		0.319368
177.9		0.319368
178		0.319368
178.1		0.321525
178.2		0.321525
178.3		0.321525
178.4		0.321525
178.5		0.321525
178.6		0.321525
178.7		0.321525
178.8		0.321525
178.9		0.321525
179		0.321525
179.1		0.322396
179.2		0.322396
179.3		0.322396
179.4		0.322396
179.5		0.322396
179.6		0.322396
179.7		0.322396
179.8		0.322396
179.9		0.322396
180		0.322396
180.1		0.326088
180.2		0.326088
180.3		0.326088
180.4		0.326088
180.5		0.326088
180.6		0.326088
180.7		0.326088
180.8		0.326088
180.9		0.326088
181		0.326088
181.1		0.327291
181.2		0.327291
181.3		0.327291
181.4		0.327291
181.5		0.327291
181.6		0.327291
181.7		0.327291
181.8		0.327291
181.9		0.327291
182		0.327291
182.1		0.330319
182.2		0.330319
182.3		0.330319
182.4		0.330319
182.5		0.330319
182.6		0.330319
182.7		0.330319
182.8		0.330319
182.9		0.330319
183		0.330319
183.1		0.331149
183.2		0.331149
183.3		0.331149
183.4		0.331149
183.5		0.331149
183.6		0.331149
183.7		0.331149
183.8		0.331149
183.9		0.331149
184		0.331149
184.1		0.332476
184.2		0.332476
184.3		0.332476
184.4		0.332476
184.5		0.332476
184.6		0.332476
184.7		0.332476
184.8		0.332476
184.9		0.332476
185		0.332476
185.1		0.332891
185.2		0.332891
185.3		0.332891
185.4		0.332891
185.5		0.332891
185.6		0.332891
185.7		0.332891
185.8		0.332891
185.9		0.332891
186		0.332891
186.1		0.336209
186.2		0.336209
186.3		0.336209
186.4		0.336209
186.5		0.336209
186.6		0.336209
186.7		0.336209
186.8		0.336209
186.9		0.336209
187		0.336209
187.1		0.336956
187.2		0.336956
187.3		0.336956
187.4		0.336956
187.5		0.336956
187.6		0.336956
187.7		0.336956
187.8		0.336956
187.9		0.336956
188		0.336956
188.1		0.339155
188.2		0.339155
188.3		0.339155
188.4		0.339155
188.5		0.339155
188.6		0.339155
188.7		0.339155
188.8		0.339155
188.9		0.339155
189		0.339155
189.1		0.342888
189.2		0.342888
189.3		0.342888
189.4		0.342888
189.5		0.342888
189.6		0.342888
189.7		0.342888
189.8		0.342888
189.9		0.342888
190		0.342888
190.1		0.34322
190.2		0.34322
190.3		0.34322
190.4		0.34322
190.5		0.34322
190.6		0.34322
190.7		0.34322
190.8		0.34322
190.9		0.34322
191		0.34322
191.1		0.343925
191.2		0.343925
191.3		0.343925
191.4		0.343925
191.5		0.343925
191.6		0.343925
191.7		0.343925
191.8		0.343925
191.9		0.343925
192		0.343925
192.1		0.34882
192.2		0.34882
192.3		0.34882
192.4		0.34882
192.5		0.34882
192.6		0.34882
192.7		0.34882
192.8		0.34882
192.9		0.34882
193		0.34882
193.1		0.349069
193.2		0.349069
193.3		0.349069
193.4		0.349069
193.5		0.349069
193.6		0.349069
193.7		0.349069
193.8		0.349069
193.9		0.349069
194		0.349069
194.1		0.349691
194.2		0.349691
194.3		0.349691
194.4		0.349691
194.5		0.349691
194.6		0.349691
194.7		0.349691
194.8		0.349691
194.9		0.349691
195		0.349691
195.1		0.354378
195.2		0.354378
195.3		0.354378
195.4		0.354378
195.5		0.354378
195.6		0.354378
195.7		0.354378
195.8		0.354378
195.9		0.354378
196		0.354378
196.1		0.355623
196.2		0.355623
196.3		0.355623
196.4		0.355623
196.5		0.355623
196.6		0.355623
196.7		0.355623
196.8		0.355623
196.9		0.355623
197		0.355623
197.1		0.35807
197.2		0.35807
197.3		0.35807
197.4		0.35807
197.5		0.35807
197.6		0.35807
197.7		0.35807
197.8		0.35807
197.9		0.35807
198		0.35807
198.1		0.359232
198.2		0.359232
198.3		0.359232
198.4		0.359232
198.5		0.359232
198.6		0.359232
198.7		0.359232
198.8		0.359232
198.9		0.359232
199		0.359232
199.1		0.359315
199.2		0.359315
199.3		0.359315
199.4		0.359315
199.5		0.359315
199.6		0.359315
199.7		0.359315
199.8		0.359315
199.9		0.359315
200		0.359315
200.1		0.360891
200.2		0.360891
200.3		0.360891
200.4		0.360891
200.5		0.360891
200.6		0.360891
200.7		0.360891
200.8		0.360891
200.9		0.360891
201		0.360891
201.1		0.365786
201.2		0.365786
201.3		0.365786
201.4		0.365786
201.5		0.365786
201.6		0.365786
201.7		0.365786
201.8		0.365786
201.9		0.365786
202		0.365786
202.1		0.369104
202.2		0.369104
202.3		0.369104
202.4		0.369104
202.5		0.369104
202.6		0.369104
202.7		0.369104
202.8		0.369104
202.9		0.369104
203		0.369104
203.1		0.3701
203.2		0.3701
203.3		0.3701
203.4		0.3701
203.5		0.3701
203.6		0.3701
203.7		0.3701
203.8		0.3701
203.9		0.3701
204		0.3701
204.1		0.371842
204.2		0.371842
204.3		0.371842
204.4		0.371842
204.5		0.371842
204.6		0.371842
204.7		0.371842
204.8		0.371842
204.9		0.371842
205		0.371842
205.1		0.372464
205.2		0.372464
205.3		0.372464
205.4		0.372464
205.5		0.372464
205.6		0.372464
205.7		0.372464
205.8		0.372464
205.9		0.372464
206		0.372464
206.1		0.37599
206.2		0.37599
206.3		0.37599
206.4		0.37599
206.5		0.37599
206.6		0.37599
206.7		0.37599
206.8		0.37599
206.9		0.37599
207		0.37599
207.1		0.377733
207.2		0.377733
207.3		0.377733
207.4		0.377733
207.5		0.377733
207.6		0.377733
207.7		0.377733
207.8		0.377733
207.9		0.377733
208		0.377733
208.1		0.379267
208.2		0.379267
208.3		0.379267
208.4		0.379267
208.5		0.379267
208.6		0.379267
208.7		0.379267
208.8		0.379267
208.9		0.379267
209		0.379267
209.1		0.381922
209.2		0.381922
209.3		0.381922
209.4		0.381922
209.5		0.381922
209.6		0.381922
209.7		0.381922
209.8		0.381922
209.9		0.381922
210		0.381922
210.1		0.383416
210.2		0.383416
210.3		0.383416
210.4		0.383416
210.5		0.383416
210.6		0.383416
210.7		0.383416
210.8		0.383416
210.9		0.383416
211		0.383416
211.1		0.384785
211.2		0.384785
211.3		0.384785
211.4		0.384785
211.5		0.384785
211.6		0.384785
211.7		0.384785
211.8		0.384785
211.9		0.384785
212		0.384785
212.1		0.386942
212.2		0.386942
212.3		0.386942
212.4		0.386942
212.5		0.386942
212.6		0.386942
212.7		0.386942
212.8		0.386942
212.9		0.386942
213		0.386942
213.1		0.387481
213.2		0.387481
213.3		0.387481
213.4		0.387481
213.5		0.387481
213.6		0.387481
213.7		0.387481
213.8		0.387481
213.9		0.387481
214		0.387481
214.1		0.393413
214.2		0.393413
214.3		0.393413
214.4		0.393413
214.5		0.393413
214.6		0.393413
214.7		0.393413
214.8		0.393413
214.9		0.393413
215		0.393413
215.1		0.394159
215.2		0.394159
215.3		0.394159
215.4		0.394159
215.5		0.394159
215.6		0.394159
215.7		0.394159
215.8		0.394159
215.9		0.394159
216		0.394159
216.1		0.395736
216.2		0.395736
216.3		0.395736
216.4		0.395736
216.5		0.395736
216.6		0.395736
216.7		0.395736
216.8		0.395736
216.9		0.395736
217		0.395736
217.1		0.396399
217.2		0.396399
217.3		0.396399
217.4		0.396399
217.5		0.396399
217.6		0.396399
217.7		0.396399
217.8		0.396399
217.9		0.396399
218		0.396399
218.1		0.397893
218.2		0.397893
218.3		0.397893
218.4		0.397893
218.5		0.397893
218.6		0.397893
218.7		0.397893
218.8		0.397893
218.9		0.397893
219		0.397893
219.1		0.399925
219.2		0.399925
219.3		0.399925
219.4		0.399925
219.5		0.399925
219.6		0.399925
219.7		0.399925
219.8		0.399925
219.9		0.399925
220		0.399925
220.1		0.402995
220.2		0.402995
220.3		0.402995
220.4		0.402995
220.5		0.402995
220.6		0.402995
220.7		0.402995
220.8		0.402995
220.9		0.402995
221		0.402995
221.1		0.405276
221.2		0.405276
221.3		0.405276
221.4		0.405276
221.5		0.405276
221.6		0.405276
221.7		0.405276
221.8		0.405276
221.9		0.405276
222		0.405276
222.1		0.406396
222.2		0.406396
222.3		0.406396
222.4		0.406396
222.5		0.406396
222.6		0.406396
222.7		0.406396
222.8		0.406396
222.9		0.406396
223		0.406396
223.1		0.407724
223.2		0.407724
223.3		0.407724
223.4		0.407724
223.5		0.407724
223.6		0.407724
223.7		0.407724
223.8		0.407724
223.9		0.407724
224		0.407724
224.1		0.409093
224.2		0.409093
224.3		0.409093
224.4		0.409093
224.5		0.409093
224.6		0.409093
224.7		0.409093
224.8		0.409093
224.9		0.409093
225		0.409093
225.1		0.410171
225.2		0.410171
225.3		0.410171
225.4		0.410171
225.5		0.410171
225.6		0.410171
225.7		0.410171
225.8		0.410171
225.9		0.410171
226		0.410171
226.1		0.416145
226.2		0.416145
226.3		0.416145
226.4		0.416145
226.5		0.416145
226.6		0.416145
226.7		0.416145
226.8		0.416145
226.9		0.416145
227		0.416145
227.1		0.416642
227.2		0.416642
227.3		0.416642
227.4		0.416642
227.5		0.416642
227.6		0.416642
227.7		0.416642
227.8		0.416642
227.9		0.416642
228		0.416642
228.1		0.420293
228.2		0.420293
228.3		0.420293
228.4		0.420293
228.5		0.420293
228.6		0.420293
228.7		0.420293
228.8		0.420293
228.9		0.420293
229		0.420293
229.1		0.420708
229.2		0.420708
229.3		0.420708
229.4		0.420708
229.5		0.420708
229.6		0.420708
229.7		0.420708
229.8		0.420708
229.9		0.420708
230		0.420708
230.1		0.422367
230.2		0.422367
230.3		0.422367
230.4		0.422367
230.5		0.422367
230.6		0.422367
230.7		0.422367
230.8		0.422367
230.9		0.422367
231		0.422367
231.1		0.426349
231.2		0.426349
231.3		0.426349
231.4		0.426349
231.5		0.426349
231.6		0.426349
231.7		0.426349
231.8		0.426349
231.9		0.426349
232		0.426349
232.1		0.426805
232.2		0.426805
232.3		0.426805
232.4		0.426805
232.5		0.426805
232.6		0.426805
232.7		0.426805
232.8		0.426805
232.9		0.426805
233		0.426805
233.1		0.427096
233.2		0.427096
233.3		0.427096
233.4		0.427096
233.5		0.427096
233.6		0.427096
233.7		0.427096
233.8		0.427096
233.9		0.427096
234		0.427096
234.1		0.431327
234.2		0.431327
234.3		0.431327
234.4		0.431327
234.5		0.431327
234.6		0.431327
234.7		0.431327
234.8		0.431327
234.9		0.431327
235		0.431327
235.1		0.434687
235.2		0.434687
235.3		0.434687
235.4		0.434687
235.5		0.434687
235.6		0.434687
235.7		0.434687
235.8		0.434687
235.9		0.434687
236		0.434687
236.1		0.435475
236.2		0.435475
236.3		0.435475
236.4		0.435475
236.5		0.435475
236.6		0.435475
236.7		0.435475
236.8		0.435475
236.9		0.435475
237		0.435475
237.1		0.435931
237.2		0.435931
237.3		0.435931
237.4		0.435931
237.5		0.435931
237.6		0.435931
237.7		0.435931
237.8		0.435931
237.9		0.435931
238		0.435931
238.1		0.437591
238.2		0.437591
238.3		0.437591
238.4		0.437591
238.5		0.437591
238.6		0.437591
238.7		0.437591
238.8		0.437591
238.9		0.437591
239		0.437591
239.1		0.438337
239.2		0.438337
239.3		0.438337
239.4		0.438337
239.5		0.438337
239.6		0.438337
239.7		0.438337
239.8		0.438337
239.9		0.438337
240		0.438337
240.1		0.445514
240.2		0.445514
240.3		0.445514
240.4		0.445514
240.5		0.445514
240.6		0.445514
240.7		0.445514
240.8		0.445514
240.9		0.445514
241		0.445514
241.1		0.446012
241.2		0.446012
241.3		0.446012
241.4		0.446012
241.5		0.446012
241.6		0.446012
241.7		0.446012
241.8		0.446012
241.9		0.446012
242		0.446012
242.1		0.446385
242.2		0.446385
242.3		0.446385
242.4		0.446385
242.5		0.446385
242.6		0.446385
242.7		0.446385
242.8		0.446385
242.9		0.446385
243		0.446385
243.1		0.448252
243.2		0.448252
243.3		0.448252
243.4		0.448252
243.5		0.448252
243.6		0.448252
243.7		0.448252
243.8		0.448252
243.9		0.448252
244		0.448252
244.1		0.448625
244.2		0.448625
244.3		0.448625
244.4		0.448625
244.5		0.448625
244.6		0.448625
244.7		0.448625
244.8		0.448625
244.9		0.448625
245		0.448625
245.1		0.453271
245.2		0.453271
245.3		0.453271
245.4		0.453271
245.5		0.453271
245.6		0.453271
245.7		0.453271
245.8		0.453271
245.9		0.453271
246		0.453271
246.1		0.453769
246.2		0.453769
246.3		0.453769
246.4		0.453769
246.5		0.453769
246.6		0.453769
246.7		0.453769
246.8		0.453769
246.9		0.453769
247		0.453769
247.1		0.458083
247.2		0.458083
247.3		0.458083
247.4		0.458083
247.5		0.458083
247.6		0.458083
247.7		0.458083
247.8		0.458083
247.9		0.458083
248		0.458083
248.1		0.458332
248.2		0.458332
248.3		0.458332
248.4		0.458332
248.5		0.458332
248.6		0.458332
248.7		0.458332
248.8		0.458332
248.9		0.458332
249		0.458332
249.1		0.459327
249.2		0.459327
249.3		0.459327
249.4		0.459327
249.5		0.459327
249.6		0.459327
249.7		0.459327
249.8		0.459327
249.9		0.459327
250		0.459327
250.1		0.459659
250.2		0.459659
250.3		0.459659
250.4		0.459659
250.5		0.459659
250.6		0.459659
250.7		0.459659
250.8		0.459659
250.9		0.459659
251		0.459659
251.1		0.463641
251.2		0.463641
251.3		0.463641
251.4		0.463641
251.5		0.463641
251.6		0.463641
251.7		0.463641
251.8		0.463641
251.9		0.463641
252		0.463641
252.1		0.463849
252.2		0.463849
252.3		0.463849
252.4		0.463849
252.5		0.463849
252.6		0.463849
252.7		0.463849
252.8		0.463849
252.9		0.463849
253		0.463849
253.1		0.469117
253.2		0.469117
253.3		0.469117
253.4		0.469117
253.5		0.469117
253.6		0.469117
253.7		0.469117
253.8		0.469117
253.9		0.469117
254		0.469117
254.1		0.469241
254.2		0.469241
254.3		0.469241
254.4		0.469241
254.5		0.469241
254.6		0.469241
254.7		0.469241
254.8		0.469241
254.9		0.469241
255		0.469241
255.1		0.470901
255.2		0.470901
255.3		0.470901
255.4		0.470901
255.5		0.470901
255.6		0.470901
255.7		0.470901
255.8		0.470901
255.9		0.470901
256		0.470901
256.1		0.471523
256.2		0.471523
256.3		0.471523
256.4		0.471523
256.5		0.471523
256.6		0.471523
256.7		0.471523
256.8		0.471523
256.9		0.471523
257		0.471523
257.1		0.473763
257.2		0.473763
257.3		0.473763
257.4		0.473763
257.5		0.473763
257.6		0.473763
257.7		0.473763
257.8		0.473763
257.9		0.473763
258		0.473763
258.1		0.476667
258.2		0.476667
258.3		0.476667
258.4		0.476667
258.5		0.476667
258.6		0.476667
258.7		0.476667
258.8		0.476667
258.9		0.476667
259		0.476667
259.1		0.482059
259.2		0.482059
259.3		0.482059
259.4		0.482059
259.5		0.482059
259.6		0.482059
259.7		0.482059
259.8		0.482059
259.9		0.482059
260		0.482059
260.1		0.48235
260.2		0.48235
260.3		0.48235
260.4		0.48235
260.5		0.48235
260.6		0.48235
260.7		0.48235
260.8		0.48235
260.9		0.48235
261		0.48235
261.1		0.484507
261.2		0.484507
261.3		0.484507
261.4		0.484507
261.5		0.484507
261.6		0.484507
261.7		0.484507
261.8		0.484507
261.9		0.484507
262		0.484507
262.1		0.484921
262.2		0.484921
262.3		0.484921
262.4		0.484921
262.5		0.484921
262.6		0.484921
262.7		0.484921
262.8		0.484921
262.9		0.484921
263		0.484921
263.1		0.487867
263.2		0.487867
263.3		0.487867
263.4		0.487867
263.5		0.487867
263.6		0.487867
263.7		0.487867
263.8		0.487867
263.9		0.487867
264		0.487867
264.1		0.489484
264.2		0.489484
264.3		0.489484
264.4		0.489484
264.5		0.489484
264.6		0.489484
264.7		0.489484
264.8		0.489484
264.9		0.489484
265		0.489484
265.1		0.492056
265.2		0.492056
265.3		0.492056
265.4		0.492056
265.5		0.492056
265.6		0.492056
265.7		0.492056
265.8		0.492056
265.9		0.492056
266		0.492056
266.1		0.493508
266.2		0.493508
266.3		0.493508
266.4		0.493508
266.5		0.493508
266.6		0.493508
266.7		0.493508
266.8		0.493508
266.9		0.493508
267		0.493508
267.1		0.49803
267.2		0.49803
267.3		0.49803
267.4		0.49803
267.5		0.49803
267.6		0.49803
267.7		0.49803
267.8		0.49803
267.9		0.49803
268		0.49803
268.1		0.498279
268.2		0.498279
268.3		0.498279
268.4		0.498279
268.5		0.498279
268.6		0.498279
268.7		0.498279
268.8		0.498279
268.9		0.498279
269		0.498279
269.1		0.498984
269.2		0.498984
269.3		0.498984
269.4		0.498984
269.5		0.498984
269.6		0.498984
269.7		0.498984
269.8		0.498984
269.9		0.498984
270		0.498984
270.1		0.502344
270.2		0.502344
270.3		0.502344
270.4		0.502344
270.5		0.502344
270.6		0.502344
270.7		0.502344
270.8		0.502344
270.9		0.502344
271		0.502344
271.1		0.503505
271.2		0.503505
271.3		0.503505
271.4		0.503505
271.5		0.503505
271.6		0.503505
271.7		0.503505
271.8		0.503505
271.9		0.503505
272		0.503505
272.1		0.50363
272.2		0.50363
272.3		0.50363
272.4		0.50363
272.5		0.50363
272.6		0.50363
272.7		0.50363
272.8		0.50363
272.9		0.50363
273		0.50363
273.1		0.507073
273.2		0.507073
273.3		0.507073
273.4		0.507073
273.5		0.507073
273.6		0.507073
273.7		0.507073
273.8		0.507073
273.9		0.507073
274		0.507073
274.1		0.508068
274.2		0.508068
274.3		0.508068
274.4		0.508068
274.5		0.508068
274.6		0.508068
274.7		0.508068
274.8		0.508068
274.9		0.508068
275		0.508068
275.1		0.510142
275.2		0.510142
275.3		0.510142
275.4		0.510142
275.5		0.510142
275.6		0.510142
275.7		0.510142
275.8		0.510142
275.9		0.510142
276		0.510142
276.1		0.513544
276.2		0.513544
276.3		0.513544
276.4		0.513544
276.5		0.513544
276.6		0.513544
276.7		0.513544
276.8		0.513544
276.9		0.513544
277		0.513544
277.1		0.513793
277.2		0.513793
277.3		0.513793
277.4		0.513793
277.5		0.513793
277.6		0.513793
277.7		0.513793
277.8		0.513793
277.9		0.513793
278		0.513793
278.1		0.513917
278.2		0.513917
278.3		0.513917
278.4		0.513917
278.5		0.513917
278.6		0.513917
278.7		0.513917
278.8		0.513917
278.9		0.513917
279		0.513917
279.1		0.517816
279.2		0.517816
279.3		0.517816
279.4		0.517816
279.5		0.517816
279.6		0.517816
279.7		0.517816
279.8		0.517816
279.9		0.517816
280		0.517816
280.1		0.52184
280.2		0.52184
280.3		0.52184
280.4		0.52184
280.5		0.52184
280.6		0.52184
280.7		0.52184
280.8		0.52184
280.9		0.52184
281		0.52184
281.1		0.524453
281.2		0.524453
281.3		0.524453
281.4		0.524453
281.5		0.524453
281.6		0.524453
281.7		0.524453
281.8		0.524453
281.9		0.524453
282		0.524453
282.1		0.525864
282.2		0.525864
282.3		0.525864
282.4		0.525864
282.5		0.525864
282.6		0.525864
282.7		0.525864
282.8		0.525864
282.9		0.525864
283		0.525864
283.1		0.530634
283.2		0.530634
283.3		0.530634
283.4		0.530634
283.5		0.530634
283.6		0.530634
283.7		0.530634
283.8		0.530634
283.9		0.530634
284		0.530634
284.1		0.534492
284.2		0.534492
284.3		0.534492
284.4		0.534492
284.5		0.534492
284.6		0.534492
284.7		0.534492
284.8		0.534492
284.9		0.534492
285		0.534492
285.1		0.537354
285.2		0.537354
285.3		0.537354
285.4		0.537354
285.5		0.537354
285.6		0.537354
285.7		0.537354
285.8		0.537354
285.9		0.537354
286		0.537354
286.1		0.538101
286.2		0.538101
286.3		0.538101
286.4		0.538101
286.5		0.538101
286.6		0.538101
286.7		0.538101
286.8		0.538101
286.9		0.538101
287		0.538101
287.1		0.53835
287.2		0.53835
287.3		0.53835
287.4		0.53835
287.5		0.53835
287.6		0.53835
287.7		0.53835
287.8		0.53835
287.9		0.53835
288		0.53835
288.1		0.541461
288.2		0.541461
288.3		0.541461
288.4		0.541461
288.5		0.541461
288.6		0.541461
288.7		0.541461
288.8		0.541461
288.9		0.541461
289		0.541461
289.1		0.545319
289.2		0.545319
289.3		0.545319
289.4		0.545319
289.5		0.545319
289.6		0.545319
289.7		0.545319
289.8		0.545319
289.9		0.545319
290		0.545319
290.1		0.545319
290.2		0.545319
290.3		0.545319
290.4		0.545319
290.5		0.545319
290.6		0.545319
290.7		0.545319
290.8		0.545319
290.9		0.545319
291		0.545319
291.1		0.550255
291.2		0.550255
291.3		0.550255
291.4		0.550255
291.5		0.550255
291.6		0.550255
291.7		0.550255
291.8		0.550255
291.9		0.550255
292		0.550255
292.1		0.55096
292.2		0.55096
292.3		0.55096
292.4		0.55096
292.5		0.55096
292.6		0.55096
292.7		0.55096
292.8		0.55096
292.9		0.55096
293		0.55096
293.1		0.551417
293.2		0.551417
293.3		0.551417
293.4		0.551417
293.5		0.551417
293.6		0.551417
293.7		0.551417
293.8		0.551417
293.9		0.551417
294		0.551417
294.1		0.555814
294.2		0.555814
294.3		0.555814
294.4		0.555814
294.5		0.555814
294.6		0.555814
294.7		0.555814
294.8		0.555814
294.9		0.555814
295		0.555814
295.1		0.55768
295.2		0.55768
295.3		0.55768
295.4		0.55768
295.5		0.55768
295.6		0.55768
295.7		0.55768
295.8		0.55768
295.9		0.55768
296		0.55768
296.1		0.561123
296.2		0.561123
296.3		0.561123
296.4		0.561123
296.5		0.561123
296.6		0.561123
296.7		0.561123
296.8		0.561123
296.9		0.561123
297		0.561123
297.1		0.563654
297.2		0.563654
297.3		0.563654
297.4		0.563654
297.5		0.563654
297.6		0.563654
297.7		0.563654
297.8		0.563654
297.9		0.563654
298		0.563654
298.1		0.56635
298.2		0.56635
298.3		0.56635
298.4		0.56635
298.5		0.56635
298.6		0.56635
298.7		0.56635
298.8		0.56635
298.9		0.56635
299		0.56635
299.1		0.567138
299.2		0.567138
299.3		0.567138
299.4		0.567138
299.5		0.567138
299.6		0.567138
299.7		0.567138
299.8		0.567138
299.9		0.567138
300		0.567138
300.1		0.573485
300.2		0.573485
300.3		0.573485
300.4		0.573485
300.5		0.573485
300.6		0.573485
300.7		0.573485
300.8		0.573485
300.9		0.573485
301		0.573485
301.1		0.575766
301.2		0.575766
301.3		0.575766
301.4		0.575766
301.5		0.575766
301.6		0.575766
301.7		0.575766
301.8		0.575766
301.9		0.575766
302		0.575766
302.1		0.576223
302.2		0.576223
302.3		0.576223
302.4		0.576223
302.5		0.576223
302.6		0.576223
302.7		0.576223
302.8		0.576223
302.9		0.576223
303		0.576223
303.1		0.578753
303.2		0.578753
303.3		0.578753
303.4		0.578753
303.5		0.578753
303.6		0.578753
303.7		0.578753
303.8		0.578753
303.9		0.578753
304		0.578753
304.1		0.579043
304.2		0.579043
304.3		0.579043
304.4		0.579043
304.5		0.579043
304.6		0.579043
304.7		0.579043
304.8		0.579043
304.9		0.579043
305		0.579043
305.1		0.581864
305.2		0.581864
305.3		0.581864
305.4		0.581864
305.5		0.581864
305.6		0.581864
305.7		0.581864
305.8		0.581864
305.9		0.581864
306		0.581864
306.1		0.582528
306.2		0.582528
306.3		0.582528
306.4		0.582528
306.5		0.582528
306.6		0.582528
306.7		0.582528
306.8		0.582528
306.9		0.582528
307		0.582528
307.1		0.587672
307.2		0.587672
307.3		0.587672
307.4		0.587672
307.5		0.587672
307.6		0.587672
307.7		0.587672
307.8		0.587672
307.9		0.587672
308		0.587672
308.1		0.588045
308.2		0.588045
308.3		0.588045
308.4		0.588045
308.5		0.588045
308.6		0.588045
308.7		0.588045
308.8		0.588045
308.9		0.588045
309		0.588045
309.1		0.588875
309.2		0.588875
309.3		0.588875
309.4		0.588875
309.5		0.588875
309.6		0.588875
309.7		0.588875
309.8		0.588875
309.9		0.588875
310		0.588875
310.1		0.591156
310.2		0.591156
310.3		0.591156
310.4		0.591156
310.5		0.591156
310.6		0.591156
310.7		0.591156
310.8		0.591156
310.9		0.591156
311		0.591156
311.1		0.593272
311.2		0.593272
311.3		0.593272
311.4		0.593272
311.5		0.593272
311.6		0.593272
311.7		0.593272
311.8		0.593272
311.9		0.593272
312		0.593272
312.1		0.596175
312.2		0.596175
312.3		0.596175
312.4		0.596175
312.5		0.596175
312.6		0.596175
312.7		0.596175
312.8		0.596175
312.9		0.596175
313		0.596175
313.1		0.599826
313.2		0.599826
313.3		0.599826
313.4		0.599826
313.5		0.599826
313.6		0.599826
313.7		0.599826
313.8		0.599826
313.9		0.599826
314		0.599826
314.1		0.601983
314.2		0.601983
314.3		0.601983
314.4		0.601983
314.5		0.601983
314.6		0.601983
314.7		0.601983
314.8		0.601983
314.9		0.601983
315		0.601983
315.1		0.602315
315.2		0.602315
315.3		0.602315
315.4		0.602315
315.5		0.602315
315.6		0.602315
315.7		0.602315
315.8		0.602315
315.9		0.602315
316		0.602315
316.1		0.603227
316.2		0.603227
316.3		0.603227
316.4		0.603227
316.5		0.603227
316.6		0.603227
316.7		0.603227
316.8		0.603227
316.9		0.603227
317		0.603227
317.1		0.606172
317.2		0.606172
317.3		0.606172
317.4		0.606172
317.5		0.606172
317.6		0.606172
317.7		0.606172
317.8		0.606172
317.9		0.606172
318		0.606172
318.1		0.607749
318.2		0.607749
318.3		0.607749
318.4		0.607749
318.5		0.607749
318.6		0.607749
318.7		0.607749
318.8		0.607749
318.9		0.607749
319		0.607749
319.1		0.609989
319.2		0.609989
319.3		0.609989
319.4		0.609989
319.5		0.609989
319.6		0.609989
319.7		0.609989
319.8		0.609989
319.9		0.609989
320		0.609989
320.1		0.612104
320.2		0.612104
320.3		0.612104
320.4		0.612104
320.5		0.612104
320.6		0.612104
320.7		0.612104
320.8		0.612104
320.9		0.612104
321		0.612104
321.1		0.612478
321.2		0.612478
321.3		0.612478
321.4		0.612478
321.5		0.612478
321.6		0.612478
321.7		0.612478
321.8		0.612478
321.9		0.612478
322		0.612478
322.1		0.614635
322.2		0.614635
322.3		0.614635
322.4		0.614635
322.5		0.614635
322.6		0.614635
322.7		0.614635
322.8		0.614635
322.9		0.614635
323		0.614635
323.1		0.61787
323.2		0.61787
323.3		0.61787
323.4		0.61787
323.5		0.61787
323.6		0.61787
323.7		0.61787
323.8		0.61787
323.9		0.61787
324		0.61787
324.1		0.618741
324.2		0.618741
324.3		0.618741
324.4		0.618741
324.5		0.618741
324.6		0.618741
324.7		0.618741
324.8		0.618741
324.9		0.618741
325		0.618741
325.1		0.620027
325.2		0.620027
325.3		0.620027
325.4		0.620027
325.5		0.620027
325.6		0.620027
325.7		0.620027
325.8		0.620027
325.9		0.620027
326		0.620027
326.1		0.621313
326.2		0.621313
326.3		0.621313
326.4		0.621313
326.5		0.621313
326.6		0.621313
326.7		0.621313
326.8		0.621313
326.9		0.621313
327		0.621313
327.1		0.624341
327.2		0.624341
327.3		0.624341
327.4		0.624341
327.5		0.624341
327.6		0.624341
327.7		0.624341
327.8		0.624341
327.9		0.624341
328		0.624341
328.1		0.626499
328.2		0.626499
328.3		0.626499
328.4		0.626499
328.5		0.626499
328.6		0.626499
328.7		0.626499
328.8		0.626499
328.9		0.626499
329		0.626499
329.1		0.629402
329.2		0.629402
329.3		0.629402
329.4		0.629402
329.5		0.629402
329.6		0.629402
329.7		0.629402
329.8		0.629402
329.9		0.629402
330		0.629402
330.1		0.632389
330.2		0.632389
330.3		0.632389
330.4		0.632389
330.5		0.632389
330.6		0.632389
330.7		0.632389
330.8		0.632389
330.9		0.632389
331		0.632389
331.1		0.632762
331.2		0.632762
331.3		0.632762
331.4		0.632762
331.5		0.632762
331.6		0.632762
331.7		0.632762
331.8		0.632762
331.9		0.632762
332		0.632762
332.1		0.632928
332.2		0.632928
332.3		0.632928
332.4		0.632928
332.5		0.632928
332.6		0.632928
332.7		0.632928
332.8		0.632928
332.9		0.632928
333		0.632928
333.1		0.636993
333.2		0.636993
333.3		0.636993
333.4		0.636993
333.5		0.636993
333.6		0.636993
333.7		0.636993
333.8		0.636993
333.9		0.636993
334		0.636993
334.1		0.638445
334.2		0.638445
334.3		0.638445
334.4		0.638445
334.5		0.638445
334.6		0.638445
334.7		0.638445
334.8		0.638445
334.9		0.638445
335		0.638445
335.1		0.638943
335.2		0.638943
335.3		0.638943
335.4		0.638943
335.5		0.638943
335.6		0.638943
335.7		0.638943
335.8		0.638943
335.9		0.638943
336		0.638943
336.1		0.641266
336.2		0.641266
336.3		0.641266
336.4		0.641266
336.5		0.641266
336.6		0.641266
336.7		0.641266
336.8		0.641266
336.9		0.641266
337		0.641266
337.1		0.642718
337.2		0.642718
337.3		0.642718
337.4		0.642718
337.5		0.642718
337.6		0.642718
337.7		0.642718
337.8		0.642718
337.9		0.642718
338		0.642718
338.1		0.643921
338.2		0.643921
338.3		0.643921
338.4		0.643921
338.5		0.643921
338.6		0.643921
338.7		0.643921
338.8		0.643921
338.9		0.643921
339		0.643921
339.1		0.647405
339.2		0.647405
339.3		0.647405
339.4		0.647405
339.5		0.647405
339.6		0.647405
339.7		0.647405
339.8		0.647405
339.9		0.647405
340		0.647405
340.1		0.649272
340.2		0.649272
340.3		0.649272
340.4		0.649272
340.5		0.649272
340.6		0.649272
340.7		0.649272
340.8		0.649272
340.9		0.649272
341		0.649272
341.1		0.652508
341.2		0.652508
341.3		0.652508
341.4		0.652508
341.5		0.652508
341.6		0.652508
341.7		0.652508
341.8		0.652508
341.9		0.652508
342		0.652508
342.1		0.652798
342.2		0.652798
342.3		0.652798
342.4		0.652798
342.5		0.652798
342.6		0.652798
342.7		0.652798
342.8		0.652798
342.9		0.652798
343		0.652798
343.1		0.657485
343.2		0.657485
343.3		0.657485
343.4		0.657485
343.5		0.657485
343.6		0.657485
343.7		0.657485
343.8		0.657485
343.9		0.657485
344		0.657485
344.1		0.663915
344.2		0.663915
344.3		0.663915
344.4		0.663915
344.5		0.663915
344.6		0.663915
344.7		0.663915
344.8		0.663915
344.9		0.663915
345		0.663915
345.1		0.664247
345.2		0.664247
345.3		0.664247
345.4		0.664247
345.5		0.664247
345.6		0.664247
345.7		0.664247
345.8		0.664247
345.9		0.664247
346		0.664247
346.1		0.664579
346.2		0.664579
346.3		0.664579
346.4		0.664579
346.5		0.664579
346.6		0.664579
346.7		0.664579
346.8		0.664579
346.9		0.664579
347		0.664579
347.1		0.664952
347.2		0.664952
347.3		0.664952
347.4		0.664952
347.5		0.664952
347.6		0.664952
347.7		0.664952
347.8		0.664952
347.9		0.664952
348		0.664952
348.1		0.668768
348.2		0.668768
348.3		0.668768
348.4		0.668768
348.5		0.668768
348.6		0.668768
348.7		0.668768
348.8		0.668768
348.9		0.668768
349		0.668768
349.1		0.673995
349.2		0.673995
349.3		0.673995
349.4		0.673995
349.5		0.673995
349.6		0.673995
349.7		0.673995
349.8		0.673995
349.9		0.673995
350		0.673995
350.1		0.673995
350.2		0.673995
350.3		0.673995
350.4		0.673995
350.5		0.673995
350.6		0.673995
350.7		0.673995
350.8		0.673995
350.9		0.673995
351		0.673995
351.1		0.674285
351.2		0.674285
351.3		0.674285
351.4		0.674285
351.5		0.674285
351.6		0.674285
351.7		0.674285
351.8		0.674285
351.9		0.674285
352		0.674285
352.1		0.675405
352.2		0.675405
352.3		0.675405
352.4		0.675405
352.5		0.675405
352.6		0.675405
352.7		0.675405
352.8		0.675405
352.9		0.675405
353		0.675405
353.1		0.676028
353.2		0.676028
353.3		0.676028
353.4		0.676028
353.5		0.676028
353.6		0.676028
353.7		0.676028
353.8		0.676028
353.9		0.676028
354		0.676028
354.1		0.678807
354.2		0.678807
354.3		0.678807
354.4		0.678807
354.5		0.678807
354.6		0.678807
354.7		0.678807
354.8		0.678807
354.9		0.678807
355		0.678807
355.1		0.68084
355.2		0.68084
355.3		0.68084
355.4		0.68084
355.5		0.68084
355.6		0.68084
355.7		0.68084
355.8		0.68084
355.9		0.68084
356		0.68084
356.1		0.683328
356.2		0.683328
356.3		0.683328
356.4		0.683328
356.5		0.683328
356.6		0.683328
356.7		0.683328
356.8		0.683328
356.9		0.683328
357		0.683328
357.1		0.684449
357.2		0.684449
357.3		0.684449
357.4		0.684449
357.5		0.684449
357.6		0.684449
357.7		0.684449
357.8		0.684449
357.9		0.684449
358		0.684449
358.1		0.688265
358.2		0.688265
358.3		0.688265
358.4		0.688265
358.5		0.688265
358.6		0.688265
358.7		0.688265
358.8		0.688265
358.9		0.688265
359		0.688265
359.1		0.692786
359.2		0.692786
359.3		0.692786
359.4		0.692786
359.5		0.692786
359.6		0.692786
359.7		0.692786
359.8		0.692786
359.9		0.692786
360		0.692786
360.1		0.695068
360.2		0.695068
360.3		0.695068
360.4		0.695068
360.5		0.695068
360.6		0.695068
360.7		0.695068
360.8		0.695068
360.9		0.695068
361		0.695068
361.1		0.695234
361.2		0.695234
361.3		0.695234
361.4		0.695234
361.5		0.695234
361.6		0.695234
361.7		0.695234
361.8		0.695234
361.9		0.695234
362		0.695234
362.1		0.699009
362.2		0.699009
362.3		0.699009
362.4		0.699009
362.5		0.699009
362.6		0.699009
362.7		0.699009
362.8		0.699009
362.9		0.699009
363		0.699009
363.1		0.69988
363.2		0.69988
363.3		0.69988
363.4		0.69988
363.5		0.69988
363.6		0.69988
363.7		0.69988
363.8		0.69988
363.9		0.69988
364		0.69988
364.1		0.706019
364.2		0.706019
364.3		0.706019
364.4		0.706019
364.5		0.706019
364.6		0.706019
364.7		0.706019
364.8		0.706019
364.9		0.706019
365		0.706019
365.1		0.706683
365.2		0.706683
365.3		0.706683
365.4		0.706683
365.5		0.706683
365.6		0.706683
365.7		0.706683
365.8		0.706683
365.9		0.706683
366		0.706683
366.1		0.707056
366.2		0.707056
366.3		0.707056
366.4		0.707056
366.5		0.707056
366.6		0.707056
366.7		0.707056
366.8		0.707056
366.9		0.707056
367		0.707056
367.1		0.707761
367.2		0.707761
367.3		0.707761
367.4		0.707761
367.5		0.707761
367.6		0.707761
367.7		0.707761
367.8		0.707761
367.9		0.707761
368		0.707761
368.1		0.709172
368.2		0.709172
368.3		0.709172
368.4		0.709172
368.5		0.709172
368.6		0.709172
368.7		0.709172
368.8		0.709172
368.9		0.709172
369		0.709172
369.1		0.710665
369.2		0.710665
369.3		0.710665
369.4		0.710665
369.5		0.710665
369.6		0.710665
369.7		0.710665
369.8		0.710665
369.9		0.710665
370		0.710665
370.1		0.716763
370.2		0.716763
370.3		0.716763
370.4		0.716763
370.5		0.716763
370.6		0.716763
370.7		0.716763
370.8		0.716763
370.9		0.716763
371		0.716763
371.1		0.717966
371.2		0.717966
371.3		0.717966
371.4		0.717966
371.5		0.717966
371.6		0.717966
371.7		0.717966
371.8		0.717966
371.9		0.717966
372		0.717966
372.1		0.719749
372.2		0.719749
372.3		0.719749
372.4		0.719749
372.5		0.719749
372.6		0.719749
372.7		0.719749
372.8		0.719749
372.9		0.719749
373		0.719749
373.1		0.720496
373.2		0.720496
373.3		0.720496
373.4		0.720496
373.5		0.720496
373.6		0.720496
373.7		0.720496
373.8		0.720496
373.9		0.720496
374		0.720496
374.1		0.724105
374.2		0.724105
374.3		0.724105
374.4		0.724105
374.5		0.724105
374.6		0.724105
374.7		0.724105
374.8		0.724105
374.9		0.724105
375		0.724105
375.1		0.72481
375.2		0.72481
375.3		0.72481
375.4		0.72481
375.5		0.72481
375.6		0.72481
375.7		0.72481
375.8		0.72481
375.9		0.72481
376		0.72481
376.1		0.72817
376.2		0.72817
376.3		0.72817
376.4		0.72817
376.5		0.72817
376.6		0.72817
376.7		0.72817
376.8		0.72817
376.9		0.72817
377		0.72817
377.1		0.730867
377.2		0.730867
377.3		0.730867
377.4		0.730867
377.5		0.730867
377.6		0.730867
377.7		0.730867
377.8		0.730867
377.9		0.730867
378		0.730867
378.1		0.732484
378.2		0.732484
378.3		0.732484
378.4		0.732484
378.5		0.732484
378.6		0.732484
378.7		0.732484
378.8		0.732484
378.9		0.732484
379		0.732484
379.1		0.735761
379.2		0.735761
379.3		0.735761
379.4		0.735761
379.5		0.735761
379.6		0.735761
379.7		0.735761
379.8		0.735761
379.9		0.735761
380		0.735761
380.1		0.736052
380.2		0.736052
380.3		0.736052
380.4		0.736052
380.5		0.736052
380.6		0.736052
380.7		0.736052
380.8		0.736052
380.9		0.736052
381		0.736052
381.1		0.738167
381.2		0.738167
381.3		0.738167
381.4		0.738167
381.5		0.738167
381.6		0.738167
381.7		0.738167
381.8		0.738167
381.9		0.738167
382		0.738167
382.1		0.739951
382.2		0.739951
382.3		0.739951
382.4		0.739951
382.5		0.739951
382.6		0.739951
382.7		0.739951
382.8		0.739951
382.9		0.739951
383		0.739951
383.1		0.743436
383.2		0.743436
383.3		0.743436
383.4		0.743436
383.5		0.743436
383.6		0.743436
383.7		0.743436
383.8		0.743436
383.9		0.743436
384		0.743436
384.1		0.746961
384.2		0.746961
384.3		0.746961
384.4		0.746961
384.5		0.746961
384.6		0.746961
384.7		0.746961
384.8		0.746961
384.9		0.746961
385		0.746961
385.1		0.747252
385.2		0.747252
385.3		0.747252
385.4		0.747252
385.5		0.747252
385.6		0.747252
385.7		0.747252
385.8		0.747252
385.9		0.747252
386		0.747252
386.1		0.747335
386.2		0.747335
386.3		0.747335
386.4		0.747335
386.5		0.747335
386.6		0.747335
386.7		0.747335
386.8		0.747335
386.9		0.747335
387		0.747335
387.1		0.747999
387.2		0.747999
387.3		0.747999
387.4		0.747999
387.5		0.747999
387.6		0.747999
387.7		0.747999
387.8		0.747999
387.9		0.747999
388		0.747999
388.1		0.751732
388.2		0.751732
388.3		0.751732
388.4		0.751732
388.5		0.751732
388.6		0.751732
388.7		0.751732
388.8		0.751732
388.9		0.751732
389		0.751732
389.1		0.75476
389.2		0.75476
389.3		0.75476
389.4		0.75476
389.5		0.75476
389.6		0.75476
389.7		0.75476
389.8		0.75476
389.9		0.75476
390		0.75476
390.1		0.75505
390.2		0.75505
390.3		0.75505
390.4		0.75505
390.5		0.75505
390.6		0.75505
390.7		0.75505
390.8		0.75505
390.9		0.75505
391		0.75505
391.1		0.755714
391.2		0.755714
391.3		0.755714
391.4		0.755714
391.5		0.755714
391.6		0.755714
391.7		0.755714
391.8		0.755714
391.9		0.755714
392		0.755714
392.1		0.762185
392.2		0.762185
392.3		0.762185
392.4		0.762185
392.5		0.762185
392.6		0.762185
392.7		0.762185
392.8		0.762185
392.9		0.762185
393		0.762185
393.1		0.762807
393.2		0.762807
393.3		0.762807
393.4		0.762807
393.5		0.762807
393.6		0.762807
393.7		0.762807
393.8		0.762807
393.9		0.762807
394		0.762807
394.1		0.763803
394.2		0.763803
394.3		0.763803
394.4		0.763803
394.5		0.763803
394.6		0.763803
394.7		0.763803
394.8		0.763803
394.9		0.763803
395		0.763803
395.1		0.767993
395.2		0.767993
395.3		0.767993
395.4		0.767993
395.5		0.767993
395.6		0.767993
395.7		0.767993
395.8		0.767993
395.9		0.767993
396		0.767993
396.1		0.768739
396.2		0.768739
396.3		0.768739
396.4		0.768739
396.5		0.768739
396.6		0.768739
396.7		0.768739
396.8		0.768739
396.9		0.768739
397		0.768739
397.1		0.772224
397.2		0.772224
397.3		0.772224
397.4		0.772224
397.5		0.772224
397.6		0.772224
397.7		0.772224
397.8		0.772224
397.9		0.772224
398		0.772224
398.1		0.773012
398.2		0.773012
398.3		0.773012
398.4		0.773012
398.5		0.773012
398.6		0.773012
398.7		0.773012
398.8		0.773012
398.9		0.773012
399		0.773012
399.1		0.773344
399.2		0.773344
399.3		0.773344
399.4		0.773344
399.5		0.773344
399.6		0.773344
399.7		0.773344
399.8		0.773344
399.9		0.773344
400		0.773344
400.1		0.774298
400.2		0.774298
400.3		0.774298
400.4		0.774298
400.5		0.774298
400.6		0.774298
400.7		0.774298
400.8		0.774298
400.9		0.774298
401		0.774298
401.1		0.778446
401.2		0.778446
401.3		0.778446
401.4		0.778446
401.5		0.778446
401.6		0.778446
401.7		0.778446
401.8		0.778446
401.9		0.778446
402		0.778446
402.1		0.781848
402.2		0.781848
402.3		0.781848
402.4		0.781848
402.5		0.781848
402.6		0.781848
402.7		0.781848
402.8		0.781848
402.9		0.781848
403		0.781848
403.1		0.78247
403.2		0.78247
403.3		0.78247
403.4		0.78247
403.5		0.78247
403.6		0.78247
403.7		0.78247
403.8		0.78247
403.9		0.78247
404		0.78247
404.1		0.783714
404.2		0.783714
404.3		0.783714
404.4		0.783714
404.5		0.783714
404.6		0.783714
404.7		0.783714
404.8		0.783714
404.9		0.783714
405		0.783714
405.1		0.785042
405.2		0.785042
405.3		0.785042
405.4		0.785042
405.5		0.785042
405.6		0.785042
405.7		0.785042
405.8		0.785042
405.9		0.785042
406		0.785042
406.1		0.785664
406.2		0.785664
406.3		0.785664
406.4		0.785664
406.5		0.785664
406.6		0.785664
406.7		0.785664
406.8		0.785664
406.9		0.785664
407		0.785664
407.1		0.790891
407.2		0.790891
407.3		0.790891
407.4		0.790891
407.5		0.790891
407.6		0.790891
407.7		0.790891
407.8		0.790891
407.9		0.790891
408		0.790891
408.1		0.792094
408.2		0.792094
408.3		0.792094
408.4		0.792094
408.5		0.792094
408.6		0.792094
408.7		0.792094
408.8		0.792094
408.9		0.792094
409		0.792094
409.1		0.792301
409.2		0.792301
409.3		0.792301
409.4		0.792301
409.5		0.792301
409.6		0.792301
409.7		0.792301
409.8		0.792301
409.9		0.792301
410		0.792301
410.1		0.797071
410.2		0.797071
410.3		0.797071
410.4		0.797071
410.5		0.797071
410.6		0.797071
410.7		0.797071
410.8		0.797071
410.9		0.797071
411		0.797071
411.1		0.797445
411.2		0.797445
411.3		0.797445
411.4		0.797445
411.5		0.797445
411.6		0.797445
411.7		0.797445
411.8		0.797445
411.9		0.797445
412		0.797445
412.1		0.798191
412.2		0.798191
412.3		0.798191
412.4		0.798191
412.5		0.798191
412.6		0.798191
412.7		0.798191
412.8		0.798191
412.9		0.798191
413		0.798191
413.1		0.79927
413.2		0.79927
413.3		0.79927
413.4		0.79927
413.5		0.79927
413.6		0.79927
413.7		0.79927
413.8		0.79927
413.9		0.79927
414		0.79927
414.1		0.803045
414.2		0.803045
414.3		0.803045
414.4		0.803045
414.5		0.803045
414.6		0.803045
414.7		0.803045
414.8		0.803045
414.9		0.803045
415		0.803045
415.1		0.804372
415.2		0.804372
415.3		0.804372
415.4		0.804372
415.5		0.804372
415.6		0.804372
415.7		0.804372
415.8		0.804372
415.9		0.804372
416		0.804372
416.1		0.806695
416.2		0.806695
416.3		0.806695
416.4		0.806695
416.5		0.806695
416.6		0.806695
416.7		0.806695
416.8		0.806695
416.9		0.806695
417		0.806695
417.1		0.808271
417.2		0.808271
417.3		0.808271
417.4		0.808271
417.5		0.808271
417.6		0.808271
417.7		0.808271
417.8		0.808271
417.9		0.808271
418		0.808271
418.1		0.81018
418.2		0.81018
418.3		0.81018
418.4		0.81018
418.5		0.81018
418.6		0.81018
418.7		0.81018
418.8		0.81018
418.9		0.81018
419		0.81018
419.1		0.81159
419.2		0.81159
419.3		0.81159
419.4		0.81159
419.5		0.81159
419.6		0.81159
419.7		0.81159
419.8		0.81159
419.9		0.81159
420		0.81159
420.1		0.814494
420.2		0.814494
420.3		0.814494
420.4		0.814494
420.5		0.814494
420.6		0.814494
420.7		0.814494
420.8		0.814494
420.9		0.814494
421		0.814494
421.1		0.818227
421.2		0.818227
421.3		0.818227
421.4		0.818227
421.5		0.818227
421.6		0.818227
421.7		0.818227
421.8		0.818227
421.9		0.818227
422		0.818227
422.1		0.819637
422.2		0.819637
422.3		0.819637
422.4		0.819637
422.5		0.819637
422.6		0.819637
422.7		0.819637
422.8		0.819637
422.9		0.819637
423		0.819637
423.1		0.820467
423.2		0.820467
423.3		0.820467
423.4		0.820467
423.5		0.820467
423.6		0.820467
423.7		0.820467
423.8		0.820467
423.9		0.820467
424		0.820467
424.1		0.825445
424.2		0.825445
424.3		0.825445
424.4		0.825445
424.5		0.825445
424.6		0.825445
424.7		0.825445
424.8		0.825445
424.9		0.825445
425		0.825445
425.1		0.825652
425.2		0.825652
425.3		0.825652
425.4		0.825652
425.5		0.825652
425.6		0.825652
425.7		0.825652
425.8		0.825652
425.9		0.825652
426		0.825652
426.1		0.828058
426.2		0.828058
426.3		0.828058
426.4		0.828058
426.5		0.828058
426.6		0.828058
426.7		0.828058
426.8		0.828058
426.9		0.828058
427		0.828058
427.1		0.829676
427.2		0.829676
427.3		0.829676
427.4		0.829676
427.5		0.829676
427.6		0.829676
427.7		0.829676
427.8		0.829676
427.9		0.829676
428		0.829676
428.1		0.830132
428.2		0.830132
428.3		0.830132
428.4		0.830132
428.5		0.830132
428.6		0.830132
428.7		0.830132
428.8		0.830132
428.9		0.830132
429		0.830132
429.1		0.832704
429.2		0.832704
429.3		0.832704
429.4		0.832704
429.5		0.832704
429.6		0.832704
429.7		0.832704
429.8		0.832704
429.9		0.832704
430		0.832704
430.1		0.835193
430.2		0.835193
430.3		0.835193
430.4		0.835193
430.5		0.835193
430.6		0.835193
430.7		0.835193
430.8		0.835193
430.9		0.835193
431		0.835193
431.1		0.837599
431.2		0.837599
431.3		0.837599
431.4		0.837599
431.5		0.837599
431.6		0.837599
431.7		0.837599
431.8		0.837599
431.9		0.837599
432		0.837599
432.1		0.838346
432.2		0.838346
432.3		0.838346
432.4		0.838346
432.5		0.838346
432.6		0.838346
432.7		0.838346
432.8		0.838346
432.9		0.838346
433		0.838346
433.1		0.838553
433.2		0.838553
433.3		0.838553
433.4		0.838553
433.5		0.838553
433.6		0.838553
433.7		0.838553
433.8		0.838553
433.9		0.838553
434		0.838553
434.1		0.840088
434.2		0.840088
434.3		0.840088
434.4		0.840088
434.5		0.840088
434.6		0.840088
434.7		0.840088
434.8		0.840088
434.9		0.840088
435		0.840088
435.1		0.842328
435.2		0.842328
435.3		0.842328
435.4		0.842328
435.5		0.842328
435.6		0.842328
435.7		0.842328
435.8		0.842328
435.9		0.842328
436		0.842328
436.1		0.849048
436.2		0.849048
436.3		0.849048
436.4		0.849048
436.5		0.849048
436.6		0.849048
436.7		0.849048
436.8		0.849048
436.9		0.849048
437		0.849048
437.1		0.849421
437.2		0.849421
437.3		0.849421
437.4		0.849421
437.5		0.849421
437.6		0.849421
437.7		0.849421
437.8		0.849421
437.9		0.849421
438		0.849421
438.1		0.8505
438.2		0.8505
438.3		0.8505
438.4		0.8505
438.5		0.8505
438.6		0.8505
438.7		0.8505
438.8		0.8505
438.9		0.8505
439		0.8505
439.1		0.85079
439.2		0.85079
439.3		0.85079
439.4		0.85079
439.5		0.85079
439.6		0.85079
439.7		0.85079
439.8		0.85079
439.9		0.85079
440		0.85079
440.1		0.856183
440.2		0.856183
440.3		0.856183
440.4		0.856183
440.5		0.856183
440.6		0.856183
440.7		0.856183
440.8		0.856183
440.9		0.856183
441		0.856183
441.1		0.856598
441.2		0.856598
441.3		0.856598
441.4		0.856598
441.5		0.856598
441.6		0.856598
441.7		0.856598
441.8		0.856598
441.9		0.856598
442		0.856598
442.1		0.860414
442.2		0.860414
442.3		0.860414
442.4		0.860414
442.5		0.860414
442.6		0.860414
442.7		0.860414
442.8		0.860414
442.9		0.860414
443		0.860414
443.1		0.861327
443.2		0.861327
443.3		0.861327
443.4		0.861327
443.5		0.861327
443.6		0.861327
443.7		0.861327
443.8		0.861327
443.9		0.861327
444		0.861327
444.1		0.861783
444.2		0.861783
444.3		0.861783
444.4		0.861783
444.5		0.861783
444.6		0.861783
444.7		0.861783
444.8		0.861783
444.9		0.861783
445		0.861783
445.1		0.864023
445.2		0.864023
445.3		0.864023
445.4		0.864023
445.5		0.864023
445.6		0.864023
445.7		0.864023
445.8		0.864023
445.9		0.864023
446		0.864023
446.1		0.865226
446.2		0.865226
446.3		0.865226
446.4		0.865226
446.5		0.865226
446.6		0.865226
446.7		0.865226
446.8		0.865226
446.9		0.865226
447		0.865226
447.1		0.865765
447.2		0.865765
447.3		0.865765
447.4		0.865765
447.5		0.865765
447.6		0.865765
447.7		0.865765
447.8		0.865765
447.9		0.865765
448		0.865765
448.1		0.871738
448.2		0.871738
448.3		0.871738
448.4		0.871738
448.5		0.871738
448.6		0.871738
448.7		0.871738
448.8		0.871738
448.9		0.871738
449		0.871738
449.1		0.873356
449.2		0.873356
449.3		0.873356
449.4		0.873356
449.5		0.873356
449.6		0.873356
449.7		0.873356
449.8		0.873356
449.9		0.873356
450		0.873356
450.1		0.87431
450.2		0.87431
450.3		0.87431
450.4		0.87431
450.5		0.87431
450.6		0.87431
450.7		0.87431
450.8		0.87431
450.9		0.87431
451		0.87431
451.1		0.87485
451.2		0.87485
451.3		0.87485
451.4		0.87485
451.5		0.87485
451.6		0.87485
451.7		0.87485
451.8		0.87485
451.9		0.87485
452		0.87485
452.1		0.875762
452.2		0.875762
452.3		0.875762
452.4		0.875762
452.5		0.875762
452.6		0.875762
452.7		0.875762
452.8		0.875762
452.9		0.875762
453		0.875762
453.1		0.88157
453.2		0.88157
453.3		0.88157
453.4		0.88157
453.5		0.88157
453.6		0.88157
453.7		0.88157
453.8		0.88157
453.9		0.88157
454		0.88157
454.1		0.881943
454.2		0.881943
454.3		0.881943
454.4		0.881943
454.5		0.881943
454.6		0.881943
454.7		0.881943
454.8		0.881943
454.9		0.881943
455		0.881943
455.1		0.883229
455.2		0.883229
455.3		0.883229
455.4		0.883229
455.5		0.883229
455.6		0.883229
455.7		0.883229
455.8		0.883229
455.9		0.883229
456		0.883229
456.1		0.885137
456.2		0.885137
456.3		0.885137
456.4		0.885137
456.5		0.885137
456.6		0.885137
456.7		0.885137
456.8		0.885137
456.9		0.885137
457		0.885137
457.1		0.888041
457.2		0.888041
457.3		0.888041
457.4		0.888041
457.5		0.888041
457.6		0.888041
457.7		0.888041
457.8		0.888041
457.9		0.888041
458		0.888041
458.1		0.889285
458.2		0.889285
458.3		0.889285
458.4		0.889285
458.5		0.889285
458.6		0.889285
458.7		0.889285
458.8		0.889285
458.9		0.889285
459		0.889285
459.1		0.892065
459.2		0.892065
459.3		0.892065
459.4		0.892065
459.5		0.892065
459.6		0.892065
459.7		0.892065
459.8		0.892065
459.9		0.892065
460		0.892065
460.1		0.893143
460.2		0.893143
460.3		0.893143
460.4		0.893143
460.5		0.893143
460.6		0.893143
460.7		0.893143
460.8		0.893143
460.9		0.893143
461		0.893143
461.1		0.895093
461.2		0.895093
461.3		0.895093
461.4		0.895093
461.5		0.895093
461.6		0.895093
461.7		0.895093
461.8		0.895093
461.9		0.895093
462		0.895093
462.1		0.897084
462.2		0.897084
462.3		0.897084
462.4		0.897084
462.5		0.897084
462.6		0.897084
462.7		0.897084
462.8		0.897084
462.9		0.897084
463		0.897084
463.1		0.898992
463.2		0.898992
463.3		0.898992
463.4		0.898992
463.5		0.898992
463.6		0.898992
463.7		0.898992
463.8		0.898992
463.9		0.898992
464		0.898992
464.1		0.899282
464.2		0.899282
464.3		0.899282
464.4		0.899282
464.5		0.899282
464.6		0.899282
464.7		0.899282
464.8		0.899282
464.9		0.899282
465		0.899282
465.1		0.904924
465.2		0.904924
465.3		0.904924
465.4		0.904924
465.5		0.904924
465.6		0.904924
465.7		0.904924
465.8		0.904924
465.9		0.904924
466		0.904924
466.1		0.906085
466.2		0.906085
466.3		0.906085
466.4		0.906085
466.5		0.906085
466.6		0.906085
466.7		0.906085
466.8		0.906085
466.9		0.906085
467		0.906085
467.1		0.906376
467.2		0.906376
467.3		0.906376
467.4		0.906376
467.5		0.906376
467.6		0.906376
467.7		0.906376
467.8		0.906376
467.9		0.906376
468		0.906376
468.1		0.908906
468.2		0.908906
468.3		0.908906
468.4		0.908906
468.5		0.908906
468.6		0.908906
468.7		0.908906
468.8		0.908906
468.9		0.908906
469		0.908906
469.1		0.911063
469.2		0.911063
469.3		0.911063
469.4		0.911063
469.5		0.911063
469.6		0.911063
469.7		0.911063
469.8		0.911063
469.9		0.911063
470		0.911063
470.1		0.913759
470.2		0.913759
470.3		0.913759
470.4		0.913759
470.5		0.913759
470.6		0.913759
470.7		0.913759
470.8		0.913759
470.9		0.913759
471		0.913759
471.1		0.915543
471.2		0.915543
471.3		0.915543
471.4		0.915543
471.5		0.915543
471.6		0.915543
471.7		0.915543
471.8		0.915543
471.9		0.915543
472		0.915543
472.1		0.916539
472.2		0.916539
472.3		0.916539
472.4		0.916539
472.5		0.916539
472.6		0.916539
472.7		0.916539
472.8		0.916539
472.9		0.916539
473		0.916539
473.1		0.917576
473.2		0.917576
473.3		0.917576
473.4		0.917576
473.5		0.917576
473.6		0.917576
473.7		0.917576
473.8		0.917576
473.9		0.917576
474		0.917576
474.1		0.919733
474.2		0.919733
474.3		0.919733
474.4		0.919733
474.5		0.919733
474.6		0.919733
474.7		0.919733
474.8		0.919733
474.9		0.919733
475		0.919733
475.1		0.922885
475.2		0.922885
475.3		0.922885
475.4		0.922885
475.5		0.922885
475.6		0.922885
475.7		0.922885
475.8		0.922885
475.9		0.922885
476		0.922885
476.1		0.922927
476.2		0.922927
476.3		0.922927
476.4		0.922927
476.5		0.922927
476.6		0.922927
476.7		0.922927
476.8		0.922927
476.9		0.922927
477		0.922927
477.1		0.92442
477.2		0.92442
477.3		0.92442
477.4		0.92442
477.5		0.92442
477.6		0.92442
477.7		0.92442
477.8		0.92442
477.9		0.92442
478		0.92442
478.1		0.927656
478.2		0.927656
478.3		0.927656
478.4		0.927656
478.5		0.927656
478.6		0.927656
478.7		0.927656
478.8		0.927656
478.9		0.927656
479		0.927656
479.1		0.930186
479.2		0.930186
479.3		0.930186
479.4		0.930186
479.5		0.930186
479.6		0.930186
479.7		0.930186
479.8		0.930186
479.9		0.930186
480		0.930186
480.1		0.931306
480.2		0.931306
480.3		0.931306
480.4		0.931306
480.5		0.931306
480.6		0.931306
480.7		0.931306
480.8		0.931306
480.9		0.931306
481		0.931306
481.1		0.934168
481.2		0.934168
481.3		0.934168
481.4		0.934168
481.5		0.934168
481.6		0.934168
481.7		0.934168
481.8		0.934168
481.9		0.934168
482		0.934168
482.1		0.938151
482.2		0.938151
482.3		0.938151
482.4		0.938151
482.5		0.938151
482.6		0.938151
482.7		0.938151
482.8		0.938151
482.9		0.938151
483		0.938151
483.1		0.938275
483.2		0.938275
483.3		0.938275
483.4		0.938275
483.5		0.938275
483.6		0.938275
483.7		0.938275
483.8		0.938275
483.9		0.938275
484		0.938275
484.1		0.938731
484.2		0.938731
484.3		0.938731
484.4		0.938731
484.5		0.938731
484.6		0.938731
484.7		0.938731
484.8		0.938731
484.9		0.938731
485		0.938731
485.1		0.943087
485.2		0.943087
485.3		0.943087
485.4		0.943087
485.5		0.943087
485.6		0.943087
485.7		0.943087
485.8		0.943087
485.9		0.943087
486		0.943087
486.1		0.943668
486.2		0.943668
486.3		0.943668
486.4		0.943668
486.5		0.943668
486.6		0.943668
486.7		0.943668
486.8		0.943668
486.9		0.943668
487		0.943668
487.1		0.949268
487.2		0.949268
487.3		0.949268
487.4		0.949268
487.5		0.949268
487.6		0.949268
487.7		0.949268
487.8		0.949268
487.9		0.949268
488		0.949268
488.1		0.949475
488.2		0.949475
488.3		0.949475
488.4		0.949475
488.5		0.949475
488.6		0.949475
488.7		0.949475
488.8		0.949475
488.9		0.949475
489		0.949475
489.1		0.95072
489.2		0.95072
489.3		0.95072
489.4		0.95072
489.5		0.95072
489.6		0.95072
489.7		0.95072
489.8		0.95072
489.9		0.95072
490		0.95072
490.1		0.950844
490.2		0.950844
490.3		0.950844
490.4		0.950844
490.5		0.950844
490.6		0.950844
490.7		0.950844
490.8		0.950844
490.9		0.950844
491		0.950844
491.1		0.953748
491.2		0.953748
491.3		0.953748
491.4		0.953748
491.5		0.953748
491.6		0.953748
491.7		0.953748
491.8		0.953748
491.9		0.953748
492		0.953748
492.1		0.957772
492.2		0.957772
492.3		0.957772
492.4		0.957772
492.5		0.957772
492.6		0.957772
492.7		0.957772
492.8		0.957772
492.9		0.957772
493		0.957772
493.1		0.959638
493.2		0.959638
493.3		0.959638
493.4		0.959638
493.5		0.959638
493.6		0.959638
493.7		0.959638
493.8		0.959638
493.9		0.959638
494		0.959638
494.1		0.960219
494.2		0.960219
494.3		0.960219
494.4		0.960219
494.5		0.960219
494.6		0.960219
494.7		0.960219
494.8		0.960219
494.9		0.960219
495		0.960219
495.1		0.960966
495.2		0.960966
495.3		0.960966
495.4		0.960966
495.5		0.960966
495.6		0.960966
495.7		0.960966
495.8		0.960966
495.9		0.960966
496		0.960966
496.1		0.963413
496.2		0.963413
496.3		0.963413
496.4		0.963413
496.5		0.963413
496.6		0.963413
496.7		0.963413
496.8		0.963413
496.9		0.963413
497		0.963413
497.1		0.964367
497.2		0.964367
497.3		0.964367
497.4		0.964367
497.5		0.964367
497.6		0.964367
497.7		0.964367
497.8		0.964367
497.9		0.964367
498		0.964367
498.1		0.966151
498.2		0.966151
498.3		0.966151
498.4		0.966151
498.5		0.966151
498.6		0.966151
498.7		0.966151
498.8		0.966151
498.9		0.966151
499		0.966151
499.1		0.971917
499.2		0.971917
499.3		0.971917
499.4		0.971917
499.5		0.971917
499.6		0.971917
499.7		0.971917
499.8		0.971917
499.9		0.971917
500		0.971917
500.1		0.971917
500.2		0.971917
500.3		0.971917
500.4		0.971917
500.5		0.971917
500.6		0.971917
500.7		0.971917
500.8		0.971917
500.9		0.971917
501		0.971917
501.1		0.974655
501.2		0.974655
501.3		0.974655
501.4		0.974655
501.5		0.974655
501.6		0.974655
501.7		0.974655
501.8		0.974655
501.9		0.974655
502		0.974655
502.1		0.974904
502.2		0.974904
502.3		0.974904
502.4		0.974904
502.5		0.974904
502.6		0.974904
502.7		0.974904
502.8		0.974904
502.9		0.974904
503		0.974904
503.1		0.975318
503.2		0.975318
503.3		0.975318
503.4		0.975318
503.5		0.975318
503.6		0.975318
503.7		0.975318
503.8		0.975318
503.9		0.975318
504		0.975318
504.1		0.978927
504.2		0.978927
504.3		0.978927
504.4		0.978927
504.5		0.978927
504.6		0.978927
504.7		0.978927
504.8		0.978927
504.9		0.978927
505		0.978927
505.1		0.98208
505.2		0.98208
505.3		0.98208
505.4		0.98208
505.5		0.98208
505.6		0.98208
505.7		0.98208
505.8		0.98208
505.9		0.98208
506		0.98208
506.1		0.983034
506.2		0.983034
506.3		0.983034
506.4		0.983034
506.5		0.983034
506.6		0.983034
506.7		0.983034
506.8		0.983034
506.9		0.983034
507		0.983034
507.1		0.985689
507.2		0.985689
507.3		0.985689
507.4		0.985689
507.5		0.985689
507.6		0.985689
507.7		0.985689
507.8		0.985689
507.9		0.985689
508		0.985689
508.1		0.987929
508.2		0.987929
508.3		0.987929
508.4		0.987929
508.5		0.987929
508.6		0.987929
508.7		0.987929
508.8		0.987929
508.9		0.987929
509		0.987929
509.1		0.989422
509.2		0.989422
509.3		0.989422
509.4		0.989422
509.5		0.989422
509.6		0.989422
509.7		0.989422
509.8		0.989422
509.9		0.989422
510		0.989422
510.1		0.990501
510.2		0.990501
510.3		0.990501
510.4		0.990501
510.5		0.990501
510.6		0.990501
510.7		0.990501
510.8		0.990501
510.9		0.990501
511		0.990501
511.1		0.993736
511.2		0.993736
511.3		0.993736
511.4		0.993736
511.5		0.993736
511.6		0.993736
511.7		0.993736
511.8		0.993736
511.9		0.993736
512		0.993736
512.1		0.994441
512.2		0.994441
512.3		0.994441
512.4		0.994441
512.5		0.994441
512.6		0.994441
512.7		0.994441
512.8		0.994441
512.9		0.994441
513		0.994441
513.1		0.997926
513.2		0.997926
513.3		0.997926
513.4		0.997926
513.5		0.997926
513.6		0.997926
513.7		0.997926
513.8		0.997926
513.9		0.997926
514		0.997926
514.1		0.998548
514.2		0.998548
514.3		0.998548
514.4		0.998548
514.5		0.998548
514.6		0.998548
514.7		0.998548
514.8		0.998548
514.9		0.998548
515		0.998548
515.1		0.999959
515.2		0.999959
515.3		0.999959
515.4		0.999959
515.5		0.999959
515.6		0.999959
515.7		0.999959
515.8		0.999959
515.9		0.999959
516		0.999959
516.1		1
516.2		1
516.3		1
516.4		1
516.5		1
516.6		1
516.7		1
516.8		1
516.9		1
517		1
517.1		1
517.2		1
517.3		1
517.4		1
517.5		1
517.6		1
517.7		1
517.8		1
517.9		1
518		1
518.1		1
518.2		1
518.3		1
518.4		1
518.5		1
518.6		1
518.7		1
518.8		1
518.9		1
519		1
519.1		1
519.2		1
519.3		1
519.4		1
519.5		1
519.6		1
519.7		1
519.8		1
519.9		1
520		1
520.1		1
520.2		1
520.3		1
520.4		1
520.5		1
520.6		1
520.7		1
520.8		1
520.9		1
521		1
521.1		1
521.2		1
521.3		1
521.4		1
521.5		1
521.6		1
521.7		1
521.8		1
521.9		1
522		1
522.1		1
522.2		1
522.3		1
522.4		1
522.5		1
522.6		1
522.7		1
522.8		1
522.9		1
523		1
523.1		1
523.2		1
523.3		1
523.4		1
523.5		1
523.6		1
523.7		1
523.8		1
523.9		1
524		1
524.1		1
524.2		1
524.3		1
524.4		1
524.5		1
524.6		1
524.7		1
524.8		1
524.9		1
525		1
525.1		1
525.2		1
525.3		1
525.4		1
525.5		1
525.6		1
525.7		1
525.8		1
525.9		1
526		1
526.1		1
526.2		1
526.3		1
526.4		1
526.5		1
526.6		1
526.7		1
526.8		1
526.9		1
527		1
527.1		1
527.2		1
527.3		1
527.4		1
527.5		1
527.6		1
527.7		1
527.8		1
527.9		1
528		1
528.1		1
528.2		1
528.3		1
528.4		1
528.5		1
528.6		1
528.7		1
528.8		1
528.9		1
529		1
529.1		1
529.2		1
529.3		1
529.4		1
529.5		1
529.6		1
529.7		1
529.8		1
529.9		1
530		1
530.1		1
530.2		1
530.3		1
530.4		1
530.5		1
530.6		1
530.7		1
530.8		1
530.9		1
531		1
531.1		1
531.2		1
531.3		1
531.4		1
531.5		1
531.6		1
531.7		1
531.8		1
531.9		1
532		1
532.1		1
532.2		1
532.3		1
532.4		1
532.5		1
532.6		1
532.7		1
532.8		1
532.9		1
533		1
533.1		1
533.2		1
533.3		1
533.4		1
533.5		1
533.6		1
533.7		1
533.8		1
533.9		1
534		1
534.1		1
534.2		1
534.3		1
534.4		1
534.5		1
534.6		1
534.7		1
534.8		1
534.9		1
535		1
535.1		1
535.2		1
535.3		1
535.4		1
535.5		1
535.6		1
535.7		1
535.8		1
535.9		1
536		1
536.1		1
536.2		1
536.3		1
536.4		1
536.5		1
536.6		1
536.7		1
536.8		1
536.9		1
537		1
537.1		1
537.2		1
537.3		1
537.4		1
537.5		1
537.6		1
537.7		1
537.8		1
537.9		1
538		1
538.1		1
538.2		1
538.3		1
538.4		1
538.5		1
538.6		1
538.7		1
538.8		1
538.9		1
539		1
539.1		1
539.2		1
539.3		1
539.4		1
539.5		1
539.6		1
539.7		1
539.8		1
539.9		1
540		1
540.1		1
540.2		1
540.3		1
540.4		1
540.5		1
540.6		1
540.7		1
540.8		1
540.9		1
541		1
541.1		1
541.2		1
541.3		1
541.4		1
541.5		1
541.6		1
541.7		1
541.8		1
541.9		1
542		1
542.1		1
542.2		1
542.3		1
542.4		1
542.5		1
542.6		1
542.7		1
542.8		1
542.9		1
543		1
543.1		1
543.2		1
543.3		1
543.4		1
543.5		1
543.6		1
543.7		1
543.8		1
543.9		1
544		1
544.1		1
544.2		1
544.3		1
544.4		1
544.5		1
544.6		1
544.7		1
544.8		1
544.9		1
545		1
545.1		1
545.2		1
545.3		1
545.4		1
545.5		1
545.6		1
545.7		1
545.8		1
545.9		1
546		1
546.1		1
546.2		1
546.3		1
546.4		1
546.5		1
546.6		1
546.7		1
546.8		1
546.9		1
547		1
547.1		1
547.2		1
547.3		1
547.4		1
547.5		1
547.6		1
547.7		1
547.8		1
547.9		1
548		1
548.1		1
548.2		1
548.3		1
548.4		1
548.5		1
548.6		1
548.7		1
548.8		1
548.9		1
549		1
549.1		1
549.2		1
549.3		1
549.4		1
549.5		1
549.6		1
549.7		1
549.8		1
549.9		1
550		1
550.1		1
550.2		1
550.3		1
550.4		1
550.5		1
550.6		1
550.7		1
550.8		1
550.9		1
551		1
551.1		1
551.2		1
551.3		1
551.4		1
551.5		1
551.6		1
551.7		1
551.8		1
551.9		1
552		1
552.1		1
552.2		1
552.3		1
552.4		1
552.5		1
552.6		1
552.7		1
552.8		1
552.9		1
553		1
553.1		1
553.2		1
553.3		1
553.4		1
553.5		1
553.6		1
553.7		1
553.8		1
553.9		1
554		1
554.1		1
554.2		1
554.3		1
554.4		1
554.5		1
554.6		1
554.7		1
554.8		1
554.9		1
555		1
555.1		1
555.2		1
555.3		1
555.4		1
555.5		1
555.6		1
555.7		1
555.8		1
555.9		1
556		1
556.1		1
556.2		1
556.3		1
556.4		1
556.5		1
556.6		1
556.7		1
556.8		1
556.9		1
557		1
557.1		1
557.2		1
557.3		1
557.4		1
557.5		1
557.6		1
557.7		1
557.8		1
557.9		1
558		1
558.1		1
558.2		1
558.3		1
558.4		1
558.5		1
558.6		1
558.7		1
558.8		1
558.9		1
559		1
559.1		1
559.2		1
559.3		1
559.4		1
559.5		1
559.6		1
559.7		1
559.8		1
559.9		1
560		1
560.1		1
560.2		1
560.3		1
560.4		1
560.5		1
560.6		1
560.7		1
560.8		1
560.9		1
561		1
561.1		1
561.2		1
561.3		1
561.4		1
561.5		1
561.6		1
561.7		1
561.8		1
561.9		1
562		1
562.1		1
562.2		1
562.3		1
562.4		1
562.5		1
562.6		1
562.7		1
562.8		1
562.9		1
563		1
563.1		1
563.2		1
563.3		1
563.4		1
563.5		1
563.6		1
563.7		1
563.8		1
563.9		1
564		1
564.1		1
564.2		1
564.3		1
564.4		1
564.5		1
564.6		1
564.7		1
564.8		1
564.9		1
565		1
565.1		1
565.2		1
565.3		1
565.4		1
565.5		1
565.6		1
565.7		1
565.8		1
565.9		1
566		1
566.1		1
566.2		1
566.3		1
566.4		1
566.5		1
566.6		1
566.7		1
566.8		1
566.9		1
567		1
567.1		1
567.2		1
567.3		1
567.4		1
567.5		1
567.6		1
567.7		1
567.8		1
567.9		1
568		1
568.1		1
568.2		1
568.3		1
568.4		1
568.5		1
568.6		1
568.7		1
568.8		1
568.9		1
569		1
569.1		1
569.2		1
569.3		1
569.4		1
569.5		1
569.6		1
569.7		1
569.8		1
569.9		1
570		1
570.1		1
570.2		1
570.3		1
570.4		1
570.5		1
570.6		1
570.7		1
570.8		1
570.9		1
571		1
571.1		1
571.2		1
571.3		1
571.4		1
571.5		1
571.6		1
571.7		1
571.8		1
571.9		1
572		1
572.1		1
572.2		1
572.3		1
572.4		1
572.5		1
572.6		1
572.7		1
572.8		1
572.9		1
573		1
573.1		1
573.2		1
573.3		1
573.4		1
573.5		1
573.6		1
573.7		1
573.8		1
573.9		1
574		1
574.1		1
574.2		1
574.3		1
574.4		1
574.5		1
574.6		1
574.7		1
574.8		1
574.9		1
575		1
575.1		1
575.2		1
575.3		1
575.4		1
575.5		1
575.6		1
575.7		1
575.8		1
575.9		1
576		1
576.1		1
576.2		1
576.3		1
576.4		1
576.5		1
576.6		1
576.7		1
576.8		1
576.9		1
577		1
577.1		1
577.2		1
577.3		1
577.4		1
577.5		1
577.6		1
577.7		1
577.8		1
577.9		1
578		1
578.1		1
578.2		1
578.3		1
578.4		1
578.5		1
578.6		1
578.7		1
578.8		1
578.9		1
579		1
579.1		1
579.2		1
579.3		1
579.4		1
579.5		1
579.6		1
579.7		1
579.8		1
579.9		1
580		1
580.1		1
580.2		1
580.3		1
580.4		1
580.5		1
580.6		1
580.7		1
580.8		1
580.9		1
581		1
581.1		1
581.2		1
581.3		1
581.4		1
581.5		1
581.6		1
581.7		1
581.8		1
581.9		1
582		1
582.1		1
582.2		1
582.3		1
582.4		1
582.5		1
582.6		1
582.7		1
582.8		1
582.9		1
583		1
583.1		1
583.2		1
583.3		1
583.4		1
583.5		1
583.6		1
583.7		1
583.8		1
583.9		1
584		1
584.1		1
584.2		1
584.3		1
584.4		1
584.5		1
584.6		1
584.7		1
584.8		1
584.9		1
585		1
585.1		1
585.2		1
585.3		1
585.4		1
585.5		1
585.6		1
585.7		1
585.8		1
585.9		1
586		1
586.1		1
586.2		1
586.3		1
586.4		1
586.5		1
586.6		1
586.7		1
586.8		1
586.9		1
587		1
587.1		1
587.2		1
587.3		1
587.4		1
587.5		1
587.6		1
587.7		1
587.8		1
587.9		1
588		1
588.1		1
588.2		1
588.3		1
588.4		1
588.5		1
588.6		1
588.7		1
588.8		1
588.9		1
589		1
589.1		1
589.2		1
589.3		1
589.4		1
589.5		1
589.6		1
589.7		1
589.8		1
589.9		1
590		1
590.1		1
590.2		1
590.3		1
590.4		1
590.5		1
590.6		1
590.7		1
590.8		1
590.9		1
591		1
591.1		1
591.2		1
591.3		1
591.4		1
591.5		1
591.6		1
591.7		1
591.8		1
591.9		1
592		1
592.1		1
592.2		1
592.3		1
592.4		1
592.5		1
592.6		1
592.7		1
592.8		1
592.9		1
593		1
593.1		1
593.2		1
593.3		1
593.4		1
593.5		1
593.6		1
593.7		1
593.8		1
593.9		1
594		1
594.1		1
594.2		1
594.3		1
594.4		1
594.5		1
594.6		1
594.7		1
594.8		1
594.9		1
595		1
595.1		1
595.2		1
595.3		1
595.4		1
595.5		1
595.6		1
595.7		1
595.8		1
595.9		1
596		1
596.1		1
596.2		1
596.3		1
596.4		1
596.5		1
596.6		1
596.7		1
596.8		1
596.9		1
597		1
597.1		1
597.2		1
597.3		1
597.4		1
597.5		1
597.6		1
597.7		1
597.8		1
597.9		1
598		1
598.1		1
598.2		1
598.3		1
598.4		1
598.5		1
598.6		1
598.7		1
598.8		1
598.9		1
599		1
599.1		1
599.2		1
599.3		1
599.4		1
599.5		1
599.6		1
599.7		1
599.8		1
599.9		1
600		1
