# Calibration file of tamex_id 0 @ channel 1
# fine_T bin		 Calibration value
0.1		0
0.2		0
0.3		0
0.4		0
0.5		0
0.6		0
0.7		0
0.8		0
0.9		0
1		0
1.1		0
1.2		0
1.3		0
1.4		0
1.5		0
1.6		0
1.7		0
1.8		0
1.9		0
2		0
2.1		0
2.2		0
2.3		0
2.4		0
2.5		0
2.6		0
2.7		0
2.8		0
2.9		0
3		0
3.1		0
3.2		0
3.3		0
3.4		0
3.5		0
3.6		0
3.7		0
3.8		0
3.9		0
4		0
4.1		0
4.2		0
4.3		0
4.4		0
4.5		0
4.6		0
4.7		0
4.8		0
4.9		0
5		0
5.1		0
5.2		0
5.3		0
5.4		0
5.5		0
5.6		0
5.7		0
5.8		0
5.9		0
6		0
6.1		0
6.2		0
6.3		0
6.4		0
6.5		0
6.6		0
6.7		0
6.8		0
6.9		0
7		0
7.1		0
7.2		0
7.3		0
7.4		0
7.5		0
7.6		0
7.7		0
7.8		0
7.9		0
8		0
8.1		0
8.2		0
8.3		0
8.4		0
8.5		0
8.6		0
8.7		0
8.8		0
8.9		0
9		0
9.1		0
9.2		0
9.3		0
9.4		0
9.5		0
9.6		0
9.7		0
9.8		0
9.9		0
10		0
10.1		0
10.2		0
10.3		0
10.4		0
10.5		0
10.6		0
10.7		0
10.8		0
10.9		0
11		0
11.1		0
11.2		0
11.3		0
11.4		0
11.5		0
11.6		0
11.7		0
11.8		0
11.9		0
12		0
12.1		0
12.2		0
12.3		0
12.4		0
12.5		0
12.6		0
12.7		0
12.8		0
12.9		0
13		0
13.1		0
13.2		0
13.3		0
13.4		0
13.5		0
13.6		0
13.7		0
13.8		0
13.9		0
14		0
14.1		0
14.2		0
14.3		0
14.4		0
14.5		0
14.6		0
14.7		0
14.8		0
14.9		0
15		0
15.1		0
15.2		0
15.3		0
15.4		0
15.5		0
15.6		0
15.7		0
15.8		0
15.9		0
16		0
16.1		0.00532606
16.2		0.00532606
16.3		0.00532606
16.4		0.00532606
16.5		0.00532606
16.6		0.00532606
16.7		0.00532606
16.8		0.00532606
16.9		0.00532606
17		0.00532606
17.1		0.00961289
17.2		0.00961289
17.3		0.00961289
17.4		0.00961289
17.5		0.00961289
17.6		0.00961289
17.7		0.00961289
17.8		0.00961289
17.9		0.00961289
18		0.00961289
18.1		0.0110418
18.2		0.0110418
18.3		0.0110418
18.4		0.0110418
18.5		0.0110418
18.6		0.0110418
18.7		0.0110418
18.8		0.0110418
18.9		0.0110418
19		0.0110418
19.1		0.0113016
19.2		0.0113016
19.3		0.0113016
19.4		0.0113016
19.5		0.0113016
19.6		0.0113016
19.7		0.0113016
19.8		0.0113016
19.9		0.0113016
20		0.0113016
20.1		0.0200052
20.2		0.0200052
20.3		0.0200052
20.4		0.0200052
20.5		0.0200052
20.6		0.0200052
20.7		0.0200052
20.8		0.0200052
20.9		0.0200052
21		0.0200052
21.1		0.0205248
21.2		0.0205248
21.3		0.0205248
21.4		0.0205248
21.5		0.0205248
21.6		0.0205248
21.7		0.0205248
21.8		0.0205248
21.9		0.0205248
22		0.0205248
22.1		0.0227332
22.2		0.0227332
22.3		0.0227332
22.4		0.0227332
22.5		0.0227332
22.6		0.0227332
22.7		0.0227332
22.8		0.0227332
22.9		0.0227332
23		0.0227332
23.1		0.0239023
23.2		0.0239023
23.3		0.0239023
23.4		0.0239023
23.5		0.0239023
23.6		0.0239023
23.7		0.0239023
23.8		0.0239023
23.9		0.0239023
24		0.0239023
24.1		0.0244219
24.2		0.0244219
24.3		0.0244219
24.4		0.0244219
24.5		0.0244219
24.6		0.0244219
24.7		0.0244219
24.8		0.0244219
24.9		0.0244219
25		0.0244219
25.1		0.0294882
25.2		0.0294882
25.3		0.0294882
25.4		0.0294882
25.5		0.0294882
25.6		0.0294882
25.7		0.0294882
25.8		0.0294882
25.9		0.0294882
26		0.0294882
26.1		0.0303975
26.2		0.0303975
26.3		0.0303975
26.4		0.0303975
26.5		0.0303975
26.6		0.0303975
26.7		0.0303975
26.8		0.0303975
26.9		0.0303975
27		0.0303975
27.1		0.0320863
27.2		0.0320863
27.3		0.0320863
27.4		0.0320863
27.5		0.0320863
27.6		0.0320863
27.7		0.0320863
27.8		0.0320863
27.9		0.0320863
28		0.0320863
28.1		0.0353339
28.2		0.0353339
28.3		0.0353339
28.4		0.0353339
28.5		0.0353339
28.6		0.0353339
28.7		0.0353339
28.8		0.0353339
28.9		0.0353339
29		0.0353339
29.1		0.0353339
29.2		0.0353339
29.3		0.0353339
29.4		0.0353339
29.5		0.0353339
29.6		0.0353339
29.7		0.0353339
29.8		0.0353339
29.9		0.0353339
30		0.0353339
30.1		0.0385814
30.2		0.0385814
30.3		0.0385814
30.4		0.0385814
30.5		0.0385814
30.6		0.0385814
30.7		0.0385814
30.8		0.0385814
30.9		0.0385814
31		0.0385814
31.1		0.0391011
31.2		0.0391011
31.3		0.0391011
31.4		0.0391011
31.5		0.0391011
31.6		0.0391011
31.7		0.0391011
31.8		0.0391011
31.9		0.0391011
32		0.0391011
32.1		0.0452065
32.2		0.0452065
32.3		0.0452065
32.4		0.0452065
32.5		0.0452065
32.6		0.0452065
32.7		0.0452065
32.8		0.0452065
32.9		0.0452065
33		0.0452065
33.1		0.0454664
33.2		0.0454664
33.3		0.0454664
33.4		0.0454664
33.5		0.0454664
33.6		0.0454664
33.7		0.0454664
33.8		0.0454664
33.9		0.0454664
34		0.0454664
34.1		0.0483242
34.2		0.0483242
34.3		0.0483242
34.4		0.0483242
34.5		0.0483242
34.6		0.0483242
34.7		0.0483242
34.8		0.0483242
34.9		0.0483242
35		0.0483242
35.1		0.0518316
35.2		0.0518316
35.3		0.0518316
35.4		0.0518316
35.5		0.0518316
35.6		0.0518316
35.7		0.0518316
35.8		0.0518316
35.9		0.0518316
36		0.0518316
36.1		0.0524812
36.2		0.0524812
36.3		0.0524812
36.4		0.0524812
36.5		0.0524812
36.6		0.0524812
36.7		0.0524812
36.8		0.0524812
36.9		0.0524812
37		0.0524812
37.1		0.0546895
37.2		0.0546895
37.3		0.0546895
37.4		0.0546895
37.5		0.0546895
37.6		0.0546895
37.7		0.0546895
37.8		0.0546895
37.9		0.0546895
38		0.0546895
38.1		0.0559886
38.2		0.0559886
38.3		0.0559886
38.4		0.0559886
38.5		0.0559886
38.6		0.0559886
38.7		0.0559886
38.8		0.0559886
38.9		0.0559886
39		0.0559886
39.1		0.0597558
39.2		0.0597558
39.3		0.0597558
39.4		0.0597558
39.5		0.0597558
39.6		0.0597558
39.7		0.0597558
39.8		0.0597558
39.9		0.0597558
40		0.0597558
40.1		0.0606651
40.2		0.0606651
40.3		0.0606651
40.4		0.0606651
40.5		0.0606651
40.6		0.0606651
40.7		0.0606651
40.8		0.0606651
40.9		0.0606651
41		0.0606651
41.1		0.060795
41.2		0.060795
41.3		0.060795
41.4		0.060795
41.5		0.060795
41.6		0.060795
41.7		0.060795
41.8		0.060795
41.9		0.060795
42		0.060795
42.1		0.0643024
42.2		0.0643024
42.3		0.0643024
42.4		0.0643024
42.5		0.0643024
42.6		0.0643024
42.7		0.0643024
42.8		0.0643024
42.9		0.0643024
43		0.0643024
43.1		0.0670304
43.2		0.0670304
43.3		0.0670304
43.4		0.0670304
43.5		0.0670304
43.6		0.0670304
43.7		0.0670304
43.8		0.0670304
43.9		0.0670304
44		0.0670304
44.1		0.06755
44.2		0.06755
44.3		0.06755
44.4		0.06755
44.5		0.06755
44.6		0.06755
44.7		0.06755
44.8		0.06755
44.9		0.06755
45		0.06755
45.1		0.06755
45.2		0.06755
45.3		0.06755
45.4		0.06755
45.5		0.06755
45.6		0.06755
45.7		0.06755
45.8		0.06755
45.9		0.06755
46		0.06755
46.1		0.0691089
46.2		0.0691089
46.3		0.0691089
46.4		0.0691089
46.5		0.0691089
46.6		0.0691089
46.7		0.0691089
46.8		0.0691089
46.9		0.0691089
47		0.0691089
47.1		0.0731359
47.2		0.0731359
47.3		0.0731359
47.4		0.0731359
47.5		0.0731359
47.6		0.0731359
47.7		0.0731359
47.8		0.0731359
47.9		0.0731359
48		0.0731359
48.1		0.0749545
48.2		0.0749545
48.3		0.0749545
48.4		0.0749545
48.5		0.0749545
48.6		0.0749545
48.7		0.0749545
48.8		0.0749545
48.9		0.0749545
49		0.0749545
49.1		0.077033
49.2		0.077033
49.3		0.077033
49.4		0.077033
49.5		0.077033
49.6		0.077033
49.7		0.077033
49.8		0.077033
49.9		0.077033
50		0.077033
50.1		0.0804105
50.2		0.0804105
50.3		0.0804105
50.4		0.0804105
50.5		0.0804105
50.6		0.0804105
50.7		0.0804105
50.8		0.0804105
50.9		0.0804105
51		0.0804105
51.1		0.0808002
51.2		0.0808002
51.3		0.0808002
51.4		0.0808002
51.5		0.0808002
51.6		0.0808002
51.7		0.0808002
51.8		0.0808002
51.9		0.0808002
52		0.0808002
52.1		0.0833983
52.2		0.0833983
52.3		0.0833983
52.4		0.0833983
52.5		0.0833983
52.6		0.0833983
52.7		0.0833983
52.8		0.0833983
52.9		0.0833983
53		0.0833983
53.1		0.0859964
53.2		0.0859964
53.3		0.0859964
53.4		0.0859964
53.5		0.0859964
53.6		0.0859964
53.7		0.0859964
53.8		0.0859964
53.9		0.0859964
54		0.0859964
54.1		0.0926215
54.2		0.0926215
54.3		0.0926215
54.4		0.0926215
54.5		0.0926215
54.6		0.0926215
54.7		0.0926215
54.8		0.0926215
54.9		0.0926215
55		0.0926215
55.1		0.0928813
55.2		0.0928813
55.3		0.0928813
55.4		0.0928813
55.5		0.0928813
55.6		0.0928813
55.7		0.0928813
55.8		0.0928813
55.9		0.0928813
56		0.0928813
56.1		0.0934009
56.2		0.0934009
56.3		0.0934009
56.4		0.0934009
56.5		0.0934009
56.6		0.0934009
56.7		0.0934009
56.8		0.0934009
56.9		0.0934009
57		0.0934009
57.1		0.095999
57.2		0.095999
57.3		0.095999
57.4		0.095999
57.5		0.095999
57.6		0.095999
57.7		0.095999
57.8		0.095999
57.9		0.095999
58		0.095999
58.1		0.102624
58.2		0.102624
58.3		0.102624
58.4		0.102624
58.5		0.102624
58.6		0.102624
58.7		0.102624
58.8		0.102624
58.9		0.102624
59		0.102624
59.1		0.102624
59.2		0.102624
59.3		0.102624
59.4		0.102624
59.5		0.102624
59.6		0.102624
59.7		0.102624
59.8		0.102624
59.9		0.102624
60		0.102624
60.1		0.102884
60.2		0.102884
60.3		0.102884
60.4		0.102884
60.5		0.102884
60.6		0.102884
60.7		0.102884
60.8		0.102884
60.9		0.102884
61		0.102884
61.1		0.103014
61.2		0.103014
61.3		0.103014
61.4		0.103014
61.5		0.103014
61.6		0.103014
61.7		0.103014
61.8		0.103014
61.9		0.103014
62		0.103014
62.1		0.1086
62.2		0.1086
62.3		0.1086
62.4		0.1086
62.5		0.1086
62.6		0.1086
62.7		0.1086
62.8		0.1086
62.9		0.1086
63		0.1086
63.1		0.109249
63.2		0.109249
63.3		0.109249
63.4		0.109249
63.5		0.109249
63.6		0.109249
63.7		0.109249
63.8		0.109249
63.9		0.109249
64		0.109249
64.1		0.110938
64.2		0.110938
64.3		0.110938
64.4		0.110938
64.5		0.110938
64.6		0.110938
64.7		0.110938
64.8		0.110938
64.9		0.110938
65		0.110938
65.1		0.111977
65.2		0.111977
65.3		0.111977
65.4		0.111977
65.5		0.111977
65.6		0.111977
65.7		0.111977
65.8		0.111977
65.9		0.111977
66		0.111977
66.1		0.117173
66.2		0.117173
66.3		0.117173
66.4		0.117173
66.5		0.117173
66.6		0.117173
66.7		0.117173
66.8		0.117173
66.9		0.117173
67		0.117173
67.1		0.117823
67.2		0.117823
67.3		0.117823
67.4		0.117823
67.5		0.117823
67.6		0.117823
67.7		0.117823
67.8		0.117823
67.9		0.117823
68		0.117823
68.1		0.120551
68.2		0.120551
68.3		0.120551
68.4		0.120551
68.5		0.120551
68.6		0.120551
68.7		0.120551
68.8		0.120551
68.9		0.120551
69		0.120551
69.1		0.120811
69.2		0.120811
69.3		0.120811
69.4		0.120811
69.5		0.120811
69.6		0.120811
69.7		0.120811
69.8		0.120811
69.9		0.120811
70		0.120811
70.1		0.125877
70.2		0.125877
70.3		0.125877
70.4		0.125877
70.5		0.125877
70.6		0.125877
70.7		0.125877
70.8		0.125877
70.9		0.125877
71		0.125877
71.1		0.130034
71.2		0.130034
71.3		0.130034
71.4		0.130034
71.5		0.130034
71.6		0.130034
71.7		0.130034
71.8		0.130034
71.9		0.130034
72		0.130034
72.1		0.131203
72.2		0.131203
72.3		0.131203
72.4		0.131203
72.5		0.131203
72.6		0.131203
72.7		0.131203
72.8		0.131203
72.9		0.131203
73		0.131203
73.1		0.132762
73.2		0.132762
73.3		0.132762
73.4		0.132762
73.5		0.132762
73.6		0.132762
73.7		0.132762
73.8		0.132762
73.9		0.132762
74		0.132762
74.1		0.133541
74.2		0.133541
74.3		0.133541
74.4		0.133541
74.5		0.133541
74.6		0.133541
74.7		0.133541
74.8		0.133541
74.9		0.133541
75		0.133541
75.1		0.136919
75.2		0.136919
75.3		0.136919
75.4		0.136919
75.5		0.136919
75.6		0.136919
75.7		0.136919
75.8		0.136919
75.9		0.136919
76		0.136919
76.1		0.137178
76.2		0.137178
76.3		0.137178
76.4		0.137178
76.5		0.137178
76.6		0.137178
76.7		0.137178
76.8		0.137178
76.9		0.137178
77		0.137178
77.1		0.138478
77.2		0.138478
77.3		0.138478
77.4		0.138478
77.5		0.138478
77.6		0.138478
77.7		0.138478
77.8		0.138478
77.9		0.138478
78		0.138478
78.1		0.139127
78.2		0.139127
78.3		0.139127
78.4		0.139127
78.5		0.139127
78.6		0.139127
78.7		0.139127
78.8		0.139127
78.9		0.139127
79		0.139127
79.1		0.141335
79.2		0.141335
79.3		0.141335
79.4		0.141335
79.5		0.141335
79.6		0.141335
79.7		0.141335
79.8		0.141335
79.9		0.141335
80		0.141335
80.1		0.144713
80.2		0.144713
80.3		0.144713
80.4		0.144713
80.5		0.144713
80.6		0.144713
80.7		0.144713
80.8		0.144713
80.9		0.144713
81		0.144713
81.1		0.146402
81.2		0.146402
81.3		0.146402
81.4		0.146402
81.5		0.146402
81.6		0.146402
81.7		0.146402
81.8		0.146402
81.9		0.146402
82		0.146402
82.1		0.146402
82.2		0.146402
82.3		0.146402
82.4		0.146402
82.5		0.146402
82.6		0.146402
82.7		0.146402
82.8		0.146402
82.9		0.146402
83		0.146402
83.1		0.146661
83.2		0.146661
83.3		0.146661
83.4		0.146661
83.5		0.146661
83.6		0.146661
83.7		0.146661
83.8		0.146661
83.9		0.146661
84		0.146661
84.1		0.154975
84.2		0.154975
84.3		0.154975
84.4		0.154975
84.5		0.154975
84.6		0.154975
84.7		0.154975
84.8		0.154975
84.9		0.154975
85		0.154975
85.1		0.155755
85.2		0.155755
85.3		0.155755
85.4		0.155755
85.5		0.155755
85.6		0.155755
85.7		0.155755
85.8		0.155755
85.9		0.155755
86		0.155755
86.1		0.157184
86.2		0.157184
86.3		0.157184
86.4		0.157184
86.5		0.157184
86.6		0.157184
86.7		0.157184
86.8		0.157184
86.9		0.157184
87		0.157184
87.1		0.158223
87.2		0.158223
87.3		0.158223
87.4		0.158223
87.5		0.158223
87.6		0.158223
87.7		0.158223
87.8		0.158223
87.9		0.158223
88		0.158223
88.1		0.161341
88.2		0.161341
88.3		0.161341
88.4		0.161341
88.5		0.161341
88.6		0.161341
88.7		0.161341
88.8		0.161341
88.9		0.161341
89		0.161341
89.1		0.163549
89.2		0.163549
89.3		0.163549
89.4		0.163549
89.5		0.163549
89.6		0.163549
89.7		0.163549
89.8		0.163549
89.9		0.163549
90		0.163549
90.1		0.166017
90.2		0.166017
90.3		0.166017
90.4		0.166017
90.5		0.166017
90.6		0.166017
90.7		0.166017
90.8		0.166017
90.9		0.166017
91		0.166017
91.1		0.166926
91.2		0.166926
91.3		0.166926
91.4		0.166926
91.5		0.166926
91.6		0.166926
91.7		0.166926
91.8		0.166926
91.9		0.166926
92		0.166926
92.1		0.170824
92.2		0.170824
92.3		0.170824
92.4		0.170824
92.5		0.170824
92.6		0.170824
92.7		0.170824
92.8		0.170824
92.9		0.170824
93		0.170824
93.1		0.171603
93.2		0.171603
93.3		0.171603
93.4		0.171603
93.5		0.171603
93.6		0.171603
93.7		0.171603
93.8		0.171603
93.9		0.171603
94		0.171603
94.1		0.171733
94.2		0.171733
94.3		0.171733
94.4		0.171733
94.5		0.171733
94.6		0.171733
94.7		0.171733
94.8		0.171733
94.9		0.171733
95		0.171733
95.1		0.172642
95.2		0.172642
95.3		0.172642
95.4		0.172642
95.5		0.172642
95.6		0.172642
95.7		0.172642
95.8		0.172642
95.9		0.172642
96		0.172642
96.1		0.176669
96.2		0.176669
96.3		0.176669
96.4		0.176669
96.5		0.176669
96.6		0.176669
96.7		0.176669
96.8		0.176669
96.9		0.176669
97		0.176669
97.1		0.178098
97.2		0.178098
97.3		0.178098
97.4		0.178098
97.5		0.178098
97.6		0.178098
97.7		0.178098
97.8		0.178098
97.9		0.178098
98		0.178098
98.1		0.179397
98.2		0.179397
98.3		0.179397
98.4		0.179397
98.5		0.179397
98.6		0.179397
98.7		0.179397
98.8		0.179397
98.9		0.179397
99		0.179397
99.1		0.180696
99.2		0.180696
99.3		0.180696
99.4		0.180696
99.5		0.180696
99.6		0.180696
99.7		0.180696
99.8		0.180696
99.9		0.180696
100		0.180696
100.1		0.185373
100.2		0.185373
100.3		0.185373
100.4		0.185373
100.5		0.185373
100.6		0.185373
100.7		0.185373
100.8		0.185373
100.9		0.185373
101		0.185373
101.1		0.185763
101.2		0.185763
101.3		0.185763
101.4		0.185763
101.5		0.185763
101.6		0.185763
101.7		0.185763
101.8		0.185763
101.9		0.185763
102		0.185763
102.1		0.186672
102.2		0.186672
102.3		0.186672
102.4		0.186672
102.5		0.186672
102.6		0.186672
102.7		0.186672
102.8		0.186672
102.9		0.186672
103		0.186672
103.1		0.18927
103.2		0.18927
103.3		0.18927
103.4		0.18927
103.5		0.18927
103.6		0.18927
103.7		0.18927
103.8		0.18927
103.9		0.18927
104		0.18927
104.1		0.192388
104.2		0.192388
104.3		0.192388
104.4		0.192388
104.5		0.192388
104.6		0.192388
104.7		0.192388
104.8		0.192388
104.9		0.192388
105		0.192388
105.1		0.193037
105.2		0.193037
105.3		0.193037
105.4		0.193037
105.5		0.193037
105.6		0.193037
105.7		0.193037
105.8		0.193037
105.9		0.193037
106		0.193037
106.1		0.194596
106.2		0.194596
106.3		0.194596
106.4		0.194596
106.5		0.194596
106.6		0.194596
106.7		0.194596
106.8		0.194596
106.9		0.194596
107		0.194596
107.1		0.197584
107.2		0.197584
107.3		0.197584
107.4		0.197584
107.5		0.197584
107.6		0.197584
107.7		0.197584
107.8		0.197584
107.9		0.197584
108		0.197584
108.1		0.199922
108.2		0.199922
108.3		0.199922
108.4		0.199922
108.5		0.199922
108.6		0.199922
108.7		0.199922
108.8		0.199922
108.9		0.199922
109		0.199922
109.1		0.202001
109.2		0.202001
109.3		0.202001
109.4		0.202001
109.5		0.202001
109.6		0.202001
109.7		0.202001
109.8		0.202001
109.9		0.202001
110		0.202001
110.1		0.205118
110.2		0.205118
110.3		0.205118
110.4		0.205118
110.5		0.205118
110.6		0.205118
110.7		0.205118
110.8		0.205118
110.9		0.205118
111		0.205118
111.1		0.205118
111.2		0.205118
111.3		0.205118
111.4		0.205118
111.5		0.205118
111.6		0.205118
111.7		0.205118
111.8		0.205118
111.9		0.205118
112		0.205118
112.1		0.206547
112.2		0.206547
112.3		0.206547
112.4		0.206547
112.5		0.206547
112.6		0.206547
112.7		0.206547
112.8		0.206547
112.9		0.206547
113		0.206547
113.1		0.208236
113.2		0.208236
113.3		0.208236
113.4		0.208236
113.5		0.208236
113.6		0.208236
113.7		0.208236
113.8		0.208236
113.9		0.208236
114		0.208236
114.1		0.213692
114.2		0.213692
114.3		0.213692
114.4		0.213692
114.5		0.213692
114.6		0.213692
114.7		0.213692
114.8		0.213692
114.9		0.213692
115		0.213692
115.1		0.21577
115.2		0.21577
115.3		0.21577
115.4		0.21577
115.5		0.21577
115.6		0.21577
115.7		0.21577
115.8		0.21577
115.9		0.21577
116		0.21577
116.1		0.21629
116.2		0.21629
116.3		0.21629
116.4		0.21629
116.5		0.21629
116.6		0.21629
116.7		0.21629
116.8		0.21629
116.9		0.21629
117		0.21629
117.1		0.217979
117.2		0.217979
117.3		0.217979
117.4		0.217979
117.5		0.217979
117.6		0.217979
117.7		0.217979
117.8		0.217979
117.9		0.217979
118		0.217979
118.1		0.217979
118.2		0.217979
118.3		0.217979
118.4		0.217979
118.5		0.217979
118.6		0.217979
118.7		0.217979
118.8		0.217979
118.9		0.217979
119		0.217979
119.1		0.221746
119.2		0.221746
119.3		0.221746
119.4		0.221746
119.5		0.221746
119.6		0.221746
119.7		0.221746
119.8		0.221746
119.9		0.221746
120		0.221746
120.1		0.224994
120.2		0.224994
120.3		0.224994
120.4		0.224994
120.5		0.224994
120.6		0.224994
120.7		0.224994
120.8		0.224994
120.9		0.224994
121		0.224994
121.1		0.226552
121.2		0.226552
121.3		0.226552
121.4		0.226552
121.5		0.226552
121.6		0.226552
121.7		0.226552
121.8		0.226552
121.9		0.226552
122		0.226552
122.1		0.231359
122.2		0.231359
122.3		0.231359
122.4		0.231359
122.5		0.231359
122.6		0.231359
122.7		0.231359
122.8		0.231359
122.9		0.231359
123		0.231359
123.1		0.231749
123.2		0.231749
123.3		0.231749
123.4		0.231749
123.5		0.231749
123.6		0.231749
123.7		0.231749
123.8		0.231749
123.9		0.231749
124		0.231749
124.1		0.234217
124.2		0.234217
124.3		0.234217
124.4		0.234217
124.5		0.234217
124.6		0.234217
124.7		0.234217
124.8		0.234217
124.9		0.234217
125		0.234217
125.1		0.234866
125.2		0.234866
125.3		0.234866
125.4		0.234866
125.5		0.234866
125.6		0.234866
125.7		0.234866
125.8		0.234866
125.9		0.234866
126		0.234866
126.1		0.241231
126.2		0.241231
126.3		0.241231
126.4		0.241231
126.5		0.241231
126.6		0.241231
126.7		0.241231
126.8		0.241231
126.9		0.241231
127		0.241231
127.1		0.241491
127.2		0.241491
127.3		0.241491
127.4		0.241491
127.5		0.241491
127.6		0.241491
127.7		0.241491
127.8		0.241491
127.9		0.241491
128		0.241491
128.1		0.24266
128.2		0.24266
128.3		0.24266
128.4		0.24266
128.5		0.24266
128.6		0.24266
128.7		0.24266
128.8		0.24266
128.9		0.24266
129		0.24266
129.1		0.245908
129.2		0.245908
129.3		0.245908
129.4		0.245908
129.5		0.245908
129.6		0.245908
129.7		0.245908
129.8		0.245908
129.9		0.245908
130		0.245908
130.1		0.247597
130.2		0.247597
130.3		0.247597
130.4		0.247597
130.5		0.247597
130.6		0.247597
130.7		0.247597
130.8		0.247597
130.9		0.247597
131		0.247597
131.1		0.248636
131.2		0.248636
131.3		0.248636
131.4		0.248636
131.5		0.248636
131.6		0.248636
131.7		0.248636
131.8		0.248636
131.9		0.248636
132		0.248636
132.1		0.251624
132.2		0.251624
132.3		0.251624
132.4		0.251624
132.5		0.251624
132.6		0.251624
132.7		0.251624
132.8		0.251624
132.9		0.251624
133		0.251624
133.1		0.252014
133.2		0.252014
133.3		0.252014
133.4		0.252014
133.5		0.252014
133.6		0.252014
133.7		0.252014
133.8		0.252014
133.9		0.252014
134		0.252014
134.1		0.254612
134.2		0.254612
134.3		0.254612
134.4		0.254612
134.5		0.254612
134.6		0.254612
134.7		0.254612
134.8		0.254612
134.9		0.254612
135		0.254612
135.1		0.25708
135.2		0.25708
135.3		0.25708
135.4		0.25708
135.5		0.25708
135.6		0.25708
135.7		0.25708
135.8		0.25708
135.9		0.25708
136		0.25708
136.1		0.259548
136.2		0.259548
136.3		0.259548
136.4		0.259548
136.5		0.259548
136.6		0.259548
136.7		0.259548
136.8		0.259548
136.9		0.259548
137		0.259548
137.1		0.259678
137.2		0.259678
137.3		0.259678
137.4		0.259678
137.5		0.259678
137.6		0.259678
137.7		0.259678
137.8		0.259678
137.9		0.259678
138		0.259678
138.1		0.262536
138.2		0.262536
138.3		0.262536
138.4		0.262536
138.5		0.262536
138.6		0.262536
138.7		0.262536
138.8		0.262536
138.9		0.262536
139		0.262536
139.1		0.263835
139.2		0.263835
139.3		0.263835
139.4		0.263835
139.5		0.263835
139.6		0.263835
139.7		0.263835
139.8		0.263835
139.9		0.263835
140		0.263835
140.1		0.264095
140.2		0.264095
140.3		0.264095
140.4		0.264095
140.5		0.264095
140.6		0.264095
140.7		0.264095
140.8		0.264095
140.9		0.264095
141		0.264095
141.1		0.265653
141.2		0.265653
141.3		0.265653
141.4		0.265653
141.5		0.265653
141.6		0.265653
141.7		0.265653
141.8		0.265653
141.9		0.265653
142		0.265653
142.1		0.268251
142.2		0.268251
142.3		0.268251
142.4		0.268251
142.5		0.268251
142.6		0.268251
142.7		0.268251
142.8		0.268251
142.9		0.268251
143		0.268251
143.1		0.273448
143.2		0.273448
143.3		0.273448
143.4		0.273448
143.5		0.273448
143.6		0.273448
143.7		0.273448
143.8		0.273448
143.9		0.273448
144		0.273448
144.1		0.274747
144.2		0.274747
144.3		0.274747
144.4		0.274747
144.5		0.274747
144.6		0.274747
144.7		0.274747
144.8		0.274747
144.9		0.274747
145		0.274747
145.1		0.275396
145.2		0.275396
145.3		0.275396
145.4		0.275396
145.5		0.275396
145.6		0.275396
145.7		0.275396
145.8		0.275396
145.9		0.275396
146		0.275396
146.1		0.276565
146.2		0.276565
146.3		0.276565
146.4		0.276565
146.5		0.276565
146.6		0.276565
146.7		0.276565
146.8		0.276565
146.9		0.276565
147		0.276565
147.1		0.277734
147.2		0.277734
147.3		0.277734
147.4		0.277734
147.5		0.277734
147.6		0.277734
147.7		0.277734
147.8		0.277734
147.9		0.277734
148		0.277734
148.1		0.286178
148.2		0.286178
148.3		0.286178
148.4		0.286178
148.5		0.286178
148.6		0.286178
148.7		0.286178
148.8		0.286178
148.9		0.286178
149		0.286178
149.1		0.287217
149.2		0.287217
149.3		0.287217
149.4		0.287217
149.5		0.287217
149.6		0.287217
149.7		0.287217
149.8		0.287217
149.9		0.287217
150		0.287217
150.1		0.287217
150.2		0.287217
150.3		0.287217
150.4		0.287217
150.5		0.287217
150.6		0.287217
150.7		0.287217
150.8		0.287217
150.9		0.287217
151		0.287217
151.1		0.289816
151.2		0.289816
151.3		0.289816
151.4		0.289816
151.5		0.289816
151.6		0.289816
151.7		0.289816
151.8		0.289816
151.9		0.289816
152		0.289816
152.1		0.292673
152.2		0.292673
152.3		0.292673
152.4		0.292673
152.5		0.292673
152.6		0.292673
152.7		0.292673
152.8		0.292673
152.9		0.292673
153		0.292673
153.1		0.296051
153.2		0.296051
153.3		0.296051
153.4		0.296051
153.5		0.296051
153.6		0.296051
153.7		0.296051
153.8		0.296051
153.9		0.296051
154		0.296051
154.1		0.299948
154.2		0.299948
154.3		0.299948
154.4		0.299948
154.5		0.299948
154.6		0.299948
154.7		0.299948
154.8		0.299948
154.9		0.299948
155		0.299948
155.1		0.301507
155.2		0.301507
155.3		0.301507
155.4		0.301507
155.5		0.301507
155.6		0.301507
155.7		0.301507
155.8		0.301507
155.9		0.301507
156		0.301507
156.1		0.303326
156.2		0.303326
156.3		0.303326
156.4		0.303326
156.5		0.303326
156.6		0.303326
156.7		0.303326
156.8		0.303326
156.9		0.303326
157		0.303326
157.1		0.303975
157.2		0.303975
157.3		0.303975
157.4		0.303975
157.5		0.303975
157.6		0.303975
157.7		0.303975
157.8		0.303975
157.9		0.303975
158		0.303975
158.1		0.305274
158.2		0.305274
158.3		0.305274
158.4		0.305274
158.5		0.305274
158.6		0.305274
158.7		0.305274
158.8		0.305274
158.9		0.305274
159		0.305274
159.1		0.305664
159.2		0.305664
159.3		0.305664
159.4		0.305664
159.5		0.305664
159.6		0.305664
159.7		0.305664
159.8		0.305664
159.9		0.305664
160		0.305664
160.1		0.311509
160.2		0.311509
160.3		0.311509
160.4		0.311509
160.5		0.311509
160.6		0.311509
160.7		0.311509
160.8		0.311509
160.9		0.311509
161		0.311509
161.1		0.315796
161.2		0.315796
161.3		0.315796
161.4		0.315796
161.5		0.315796
161.6		0.315796
161.7		0.315796
161.8		0.315796
161.9		0.315796
162		0.315796
162.1		0.315926
162.2		0.315926
162.3		0.315926
162.4		0.315926
162.5		0.315926
162.6		0.315926
162.7		0.315926
162.8		0.315926
162.9		0.315926
163		0.315926
163.1		0.316186
163.2		0.316186
163.3		0.316186
163.4		0.316186
163.5		0.316186
163.6		0.316186
163.7		0.316186
163.8		0.316186
163.9		0.316186
164		0.316186
164.1		0.319953
164.2		0.319953
164.3		0.319953
164.4		0.319953
164.5		0.319953
164.6		0.319953
164.7		0.319953
164.8		0.319953
164.9		0.319953
165		0.319953
165.1		0.320473
165.2		0.320473
165.3		0.320473
165.4		0.320473
165.5		0.320473
165.6		0.320473
165.7		0.320473
165.8		0.320473
165.9		0.320473
166		0.320473
166.1		0.321772
166.2		0.321772
166.3		0.321772
166.4		0.321772
166.5		0.321772
166.6		0.321772
166.7		0.321772
166.8		0.321772
166.9		0.321772
167		0.321772
167.1		0.326838
167.2		0.326838
167.3		0.326838
167.4		0.326838
167.5		0.326838
167.6		0.326838
167.7		0.326838
167.8		0.326838
167.9		0.326838
168		0.326838
168.1		0.328527
168.2		0.328527
168.3		0.328527
168.4		0.328527
168.5		0.328527
168.6		0.328527
168.7		0.328527
168.8		0.328527
168.9		0.328527
169		0.328527
169.1		0.332684
169.2		0.332684
169.3		0.332684
169.4		0.332684
169.5		0.332684
169.6		0.332684
169.7		0.332684
169.8		0.332684
169.9		0.332684
170		0.332684
170.1		0.333203
170.2		0.333203
170.3		0.333203
170.4		0.333203
170.5		0.333203
170.6		0.333203
170.7		0.333203
170.8		0.333203
170.9		0.333203
171		0.333203
171.1		0.335282
171.2		0.335282
171.3		0.335282
171.4		0.335282
171.5		0.335282
171.6		0.335282
171.7		0.335282
171.8		0.335282
171.9		0.335282
172		0.335282
172.1		0.33775
172.2		0.33775
172.3		0.33775
172.4		0.33775
172.5		0.33775
172.6		0.33775
172.7		0.33775
172.8		0.33775
172.9		0.33775
173		0.33775
173.1		0.339049
173.2		0.339049
173.3		0.339049
173.4		0.339049
173.5		0.339049
173.6		0.339049
173.7		0.339049
173.8		0.339049
173.9		0.339049
174		0.339049
174.1		0.340868
174.2		0.340868
174.3		0.340868
174.4		0.340868
174.5		0.340868
174.6		0.340868
174.7		0.340868
174.8		0.340868
174.9		0.340868
175		0.340868
175.1		0.341907
175.2		0.341907
175.3		0.341907
175.4		0.341907
175.5		0.341907
175.6		0.341907
175.7		0.341907
175.8		0.341907
175.9		0.341907
176		0.341907
176.1		0.343206
176.2		0.343206
176.3		0.343206
176.4		0.343206
176.5		0.343206
176.6		0.343206
176.7		0.343206
176.8		0.343206
176.9		0.343206
177		0.343206
177.1		0.344765
177.2		0.344765
177.3		0.344765
177.4		0.344765
177.5		0.344765
177.6		0.344765
177.7		0.344765
177.8		0.344765
177.9		0.344765
178		0.344765
178.1		0.345414
178.2		0.345414
178.3		0.345414
178.4		0.345414
178.5		0.345414
178.6		0.345414
178.7		0.345414
178.8		0.345414
178.9		0.345414
179		0.345414
179.1		0.349831
179.2		0.349831
179.3		0.349831
179.4		0.349831
179.5		0.349831
179.6		0.349831
179.7		0.349831
179.8		0.349831
179.9		0.349831
180		0.349831
180.1		0.35139
180.2		0.35139
180.3		0.35139
180.4		0.35139
180.5		0.35139
180.6		0.35139
180.7		0.35139
180.8		0.35139
180.9		0.35139
181		0.35139
181.1		0.353079
181.2		0.353079
181.3		0.353079
181.4		0.353079
181.5		0.353079
181.6		0.353079
181.7		0.353079
181.8		0.353079
181.9		0.353079
182		0.353079
182.1		0.356067
182.2		0.356067
182.3		0.356067
182.4		0.356067
182.5		0.356067
182.6		0.356067
182.7		0.356067
182.8		0.356067
182.9		0.356067
183		0.356067
183.1		0.357885
183.2		0.357885
183.3		0.357885
183.4		0.357885
183.5		0.357885
183.6		0.357885
183.7		0.357885
183.8		0.357885
183.9		0.357885
184		0.357885
184.1		0.358145
184.2		0.358145
184.3		0.358145
184.4		0.358145
184.5		0.358145
184.6		0.358145
184.7		0.358145
184.8		0.358145
184.9		0.358145
185		0.358145
185.1		0.361003
185.2		0.361003
185.3		0.361003
185.4		0.361003
185.5		0.361003
185.6		0.361003
185.7		0.361003
185.8		0.361003
185.9		0.361003
186		0.361003
186.1		0.363861
186.2		0.363861
186.3		0.363861
186.4		0.363861
186.5		0.363861
186.6		0.363861
186.7		0.363861
186.8		0.363861
186.9		0.363861
187		0.363861
187.1		0.368407
187.2		0.368407
187.3		0.368407
187.4		0.368407
187.5		0.368407
187.6		0.368407
187.7		0.368407
187.8		0.368407
187.9		0.368407
188		0.368407
188.1		0.368537
188.2		0.368537
188.3		0.368537
188.4		0.368537
188.5		0.368537
188.6		0.368537
188.7		0.368537
188.8		0.368537
188.9		0.368537
189		0.368537
189.1		0.369057
189.2		0.369057
189.3		0.369057
189.4		0.369057
189.5		0.369057
189.6		0.369057
189.7		0.369057
189.8		0.369057
189.9		0.369057
190		0.369057
190.1		0.374383
190.2		0.374383
190.3		0.374383
190.4		0.374383
190.5		0.374383
190.6		0.374383
190.7		0.374383
190.8		0.374383
190.9		0.374383
191		0.374383
191.1		0.374513
191.2		0.374513
191.3		0.374513
191.4		0.374513
191.5		0.374513
191.6		0.374513
191.7		0.374513
191.8		0.374513
191.9		0.374513
192		0.374513
192.1		0.377241
192.2		0.377241
192.3		0.377241
192.4		0.377241
192.5		0.377241
192.6		0.377241
192.7		0.377241
192.8		0.377241
192.9		0.377241
193		0.377241
193.1		0.381658
193.2		0.381658
193.3		0.381658
193.4		0.381658
193.5		0.381658
193.6		0.381658
193.7		0.381658
193.8		0.381658
193.9		0.381658
194		0.381658
194.1		0.382567
194.2		0.382567
194.3		0.382567
194.4		0.382567
194.5		0.382567
194.6		0.382567
194.7		0.382567
194.8		0.382567
194.9		0.382567
195		0.382567
195.1		0.384256
195.2		0.384256
195.3		0.384256
195.4		0.384256
195.5		0.384256
195.6		0.384256
195.7		0.384256
195.8		0.384256
195.9		0.384256
196		0.384256
196.1		0.386464
196.2		0.386464
196.3		0.386464
196.4		0.386464
196.5		0.386464
196.6		0.386464
196.7		0.386464
196.8		0.386464
196.9		0.386464
197		0.386464
197.1		0.386984
197.2		0.386984
197.3		0.386984
197.4		0.386984
197.5		0.386984
197.6		0.386984
197.7		0.386984
197.8		0.386984
197.9		0.386984
198		0.386984
198.1		0.387373
198.2		0.387373
198.3		0.387373
198.4		0.387373
198.5		0.387373
198.6		0.387373
198.7		0.387373
198.8		0.387373
198.9		0.387373
199		0.387373
199.1		0.392829
199.2		0.392829
199.3		0.392829
199.4		0.392829
199.5		0.392829
199.6		0.392829
199.7		0.392829
199.8		0.392829
199.9		0.392829
200		0.392829
200.1		0.393998
200.2		0.393998
200.3		0.393998
200.4		0.393998
200.5		0.393998
200.6		0.393998
200.7		0.393998
200.8		0.393998
200.9		0.393998
201		0.393998
201.1		0.395817
201.2		0.395817
201.3		0.395817
201.4		0.395817
201.5		0.395817
201.6		0.395817
201.7		0.395817
201.8		0.395817
201.9		0.395817
202		0.395817
202.1		0.398675
202.2		0.398675
202.3		0.398675
202.4		0.398675
202.5		0.398675
202.6		0.398675
202.7		0.398675
202.8		0.398675
202.9		0.398675
203		0.398675
203.1		0.399844
203.2		0.399844
203.3		0.399844
203.4		0.399844
203.5		0.399844
203.6		0.399844
203.7		0.399844
203.8		0.399844
203.9		0.399844
204		0.399844
204.1		0.404521
204.2		0.404521
204.3		0.404521
204.4		0.404521
204.5		0.404521
204.6		0.404521
204.7		0.404521
204.8		0.404521
204.9		0.404521
205		0.404521
205.1		0.406599
205.2		0.406599
205.3		0.406599
205.4		0.406599
205.5		0.406599
205.6		0.406599
205.7		0.406599
205.8		0.406599
205.9		0.406599
206		0.406599
206.1		0.408028
206.2		0.408028
206.3		0.408028
206.4		0.408028
206.5		0.408028
206.6		0.408028
206.7		0.408028
206.8		0.408028
206.9		0.408028
207		0.408028
207.1		0.408418
207.2		0.408418
207.3		0.408418
207.4		0.408418
207.5		0.408418
207.6		0.408418
207.7		0.408418
207.8		0.408418
207.9		0.408418
208		0.408418
208.1		0.413094
208.2		0.413094
208.3		0.413094
208.4		0.413094
208.5		0.413094
208.6		0.413094
208.7		0.413094
208.8		0.413094
208.9		0.413094
209		0.413094
209.1		0.414783
209.2		0.414783
209.3		0.414783
209.4		0.414783
209.5		0.414783
209.6		0.414783
209.7		0.414783
209.8		0.414783
209.9		0.414783
210		0.414783
210.1		0.415173
210.2		0.415173
210.3		0.415173
210.4		0.415173
210.5		0.415173
210.6		0.415173
210.7		0.415173
210.8		0.415173
210.9		0.415173
211		0.415173
211.1		0.417771
211.2		0.417771
211.3		0.417771
211.4		0.417771
211.5		0.417771
211.6		0.417771
211.7		0.417771
211.8		0.417771
211.9		0.417771
212		0.417771
212.1		0.421538
212.2		0.421538
212.3		0.421538
212.4		0.421538
212.5		0.421538
212.6		0.421538
212.7		0.421538
212.8		0.421538
212.9		0.421538
213		0.421538
213.1		0.422837
213.2		0.422837
213.3		0.422837
213.4		0.422837
213.5		0.422837
213.6		0.422837
213.7		0.422837
213.8		0.422837
213.9		0.422837
214		0.422837
214.1		0.423357
214.2		0.423357
214.3		0.423357
214.4		0.423357
214.5		0.423357
214.6		0.423357
214.7		0.423357
214.8		0.423357
214.9		0.423357
215		0.423357
215.1		0.424526
215.2		0.424526
215.3		0.424526
215.4		0.424526
215.5		0.424526
215.6		0.424526
215.7		0.424526
215.8		0.424526
215.9		0.424526
216		0.424526
216.1		0.4318
216.2		0.4318
216.3		0.4318
216.4		0.4318
216.5		0.4318
216.6		0.4318
216.7		0.4318
216.8		0.4318
216.9		0.4318
217		0.4318
217.1		0.433879
217.2		0.433879
217.3		0.433879
217.4		0.433879
217.5		0.433879
217.6		0.433879
217.7		0.433879
217.8		0.433879
217.9		0.433879
218		0.433879
218.1		0.435827
218.2		0.435827
218.3		0.435827
218.4		0.435827
218.5		0.435827
218.6		0.435827
218.7		0.435827
218.8		0.435827
218.9		0.435827
219		0.435827
219.1		0.436477
219.2		0.436477
219.3		0.436477
219.4		0.436477
219.5		0.436477
219.6		0.436477
219.7		0.436477
219.8		0.436477
219.9		0.436477
220		0.436477
220.1		0.440244
220.2		0.440244
220.3		0.440244
220.4		0.440244
220.5		0.440244
220.6		0.440244
220.7		0.440244
220.8		0.440244
220.9		0.440244
221		0.440244
221.1		0.442323
221.2		0.442323
221.3		0.442323
221.4		0.442323
221.5		0.442323
221.6		0.442323
221.7		0.442323
221.8		0.442323
221.9		0.442323
222		0.442323
222.1		0.442842
222.2		0.442842
222.3		0.442842
222.4		0.442842
222.5		0.442842
222.6		0.442842
222.7		0.442842
222.8		0.442842
222.9		0.442842
223		0.442842
223.1		0.444401
223.2		0.444401
223.3		0.444401
223.4		0.444401
223.5		0.444401
223.6		0.444401
223.7		0.444401
223.8		0.444401
223.9		0.444401
224		0.444401
224.1		0.44661
224.2		0.44661
224.3		0.44661
224.4		0.44661
224.5		0.44661
224.6		0.44661
224.7		0.44661
224.8		0.44661
224.9		0.44661
225		0.44661
225.1		0.447389
225.2		0.447389
225.3		0.447389
225.4		0.447389
225.5		0.447389
225.6		0.447389
225.7		0.447389
225.8		0.447389
225.9		0.447389
226		0.447389
226.1		0.447519
226.2		0.447519
226.3		0.447519
226.4		0.447519
226.5		0.447519
226.6		0.447519
226.7		0.447519
226.8		0.447519
226.9		0.447519
227		0.447519
227.1		0.450247
227.2		0.450247
227.3		0.450247
227.4		0.450247
227.5		0.450247
227.6		0.450247
227.7		0.450247
227.8		0.450247
227.9		0.450247
228		0.450247
228.1		0.454274
228.2		0.454274
228.3		0.454274
228.4		0.454274
228.5		0.454274
228.6		0.454274
228.7		0.454274
228.8		0.454274
228.9		0.454274
229		0.454274
229.1		0.455053
229.2		0.455053
229.3		0.455053
229.4		0.455053
229.5		0.455053
229.6		0.455053
229.7		0.455053
229.8		0.455053
229.9		0.455053
230		0.455053
230.1		0.456352
230.2		0.456352
230.3		0.456352
230.4		0.456352
230.5		0.456352
230.6		0.456352
230.7		0.456352
230.8		0.456352
230.9		0.456352
231		0.456352
231.1		0.45934
231.2		0.45934
231.3		0.45934
231.4		0.45934
231.5		0.45934
231.6		0.45934
231.7		0.45934
231.8		0.45934
231.9		0.45934
232		0.45934
232.1		0.460509
232.2		0.460509
232.3		0.460509
232.4		0.460509
232.5		0.460509
232.6		0.460509
232.7		0.460509
232.8		0.460509
232.9		0.460509
233		0.460509
233.1		0.463757
233.2		0.463757
233.3		0.463757
233.4		0.463757
233.5		0.463757
233.6		0.463757
233.7		0.463757
233.8		0.463757
233.9		0.463757
234		0.463757
234.1		0.464276
234.2		0.464276
234.3		0.464276
234.4		0.464276
234.5		0.464276
234.6		0.464276
234.7		0.464276
234.8		0.464276
234.9		0.464276
235		0.464276
235.1		0.464406
235.2		0.464406
235.3		0.464406
235.4		0.464406
235.5		0.464406
235.6		0.464406
235.7		0.464406
235.8		0.464406
235.9		0.464406
236		0.464406
236.1		0.466225
236.2		0.466225
236.3		0.466225
236.4		0.466225
236.5		0.466225
236.6		0.466225
236.7		0.466225
236.8		0.466225
236.9		0.466225
237		0.466225
237.1		0.469213
237.2		0.469213
237.3		0.469213
237.4		0.469213
237.5		0.469213
237.6		0.469213
237.7		0.469213
237.8		0.469213
237.9		0.469213
238		0.469213
238.1		0.47298
238.2		0.47298
238.3		0.47298
238.4		0.47298
238.5		0.47298
238.6		0.47298
238.7		0.47298
238.8		0.47298
238.9		0.47298
239		0.47298
239.1		0.475188
239.2		0.475188
239.3		0.475188
239.4		0.475188
239.5		0.475188
239.6		0.475188
239.7		0.475188
239.8		0.475188
239.9		0.475188
240		0.475188
240.1		0.475708
240.2		0.475708
240.3		0.475708
240.4		0.475708
240.5		0.475708
240.6		0.475708
240.7		0.475708
240.8		0.475708
240.9		0.475708
241		0.475708
241.1		0.477916
241.2		0.477916
241.3		0.477916
241.4		0.477916
241.5		0.477916
241.6		0.477916
241.7		0.477916
241.8		0.477916
241.9		0.477916
242		0.477916
242.1		0.481294
242.2		0.481294
242.3		0.481294
242.4		0.481294
242.5		0.481294
242.6		0.481294
242.7		0.481294
242.8		0.481294
242.9		0.481294
243		0.481294
243.1		0.485581
243.2		0.485581
243.3		0.485581
243.4		0.485581
243.5		0.485581
243.6		0.485581
243.7		0.485581
243.8		0.485581
243.9		0.485581
244		0.485581
244.1		0.48584
244.2		0.48584
244.3		0.48584
244.4		0.48584
244.5		0.48584
244.6		0.48584
244.7		0.48584
244.8		0.48584
244.9		0.48584
245		0.48584
245.1		0.4861
245.2		0.4861
245.3		0.4861
245.4		0.4861
245.5		0.4861
245.6		0.4861
245.7		0.4861
245.8		0.4861
245.9		0.4861
246		0.4861
246.1		0.489218
246.2		0.489218
246.3		0.489218
246.4		0.489218
246.5		0.489218
246.6		0.489218
246.7		0.489218
246.8		0.489218
246.9		0.489218
247		0.489218
247.1		0.491556
247.2		0.491556
247.3		0.491556
247.4		0.491556
247.5		0.491556
247.6		0.491556
247.7		0.491556
247.8		0.491556
247.9		0.491556
248		0.491556
248.1		0.492466
248.2		0.492466
248.3		0.492466
248.4		0.492466
248.5		0.492466
248.6		0.492466
248.7		0.492466
248.8		0.492466
248.9		0.492466
249		0.492466
249.1		0.494544
249.2		0.494544
249.3		0.494544
249.4		0.494544
249.5		0.494544
249.6		0.494544
249.7		0.494544
249.8		0.494544
249.9		0.494544
250		0.494544
250.1		0.498571
250.2		0.498571
250.3		0.498571
250.4		0.498571
250.5		0.498571
250.6		0.498571
250.7		0.498571
250.8		0.498571
250.9		0.498571
251		0.498571
251.1		0.501429
251.2		0.501429
251.3		0.501429
251.4		0.501429
251.5		0.501429
251.6		0.501429
251.7		0.501429
251.8		0.501429
251.9		0.501429
252		0.501429
252.1		0.501559
252.2		0.501559
252.3		0.501559
252.4		0.501559
252.5		0.501559
252.6		0.501559
252.7		0.501559
252.8		0.501559
252.9		0.501559
253		0.501559
253.1		0.501689
253.2		0.501689
253.3		0.501689
253.4		0.501689
253.5		0.501689
253.6		0.501689
253.7		0.501689
253.8		0.501689
253.9		0.501689
254		0.501689
254.1		0.508963
254.2		0.508963
254.3		0.508963
254.4		0.508963
254.5		0.508963
254.6		0.508963
254.7		0.508963
254.8		0.508963
254.9		0.508963
255		0.508963
255.1		0.510133
255.2		0.510133
255.3		0.510133
255.4		0.510133
255.5		0.510133
255.6		0.510133
255.7		0.510133
255.8		0.510133
255.9		0.510133
256		0.510133
256.1		0.511561
256.2		0.511561
256.3		0.511561
256.4		0.511561
256.5		0.511561
256.6		0.511561
256.7		0.511561
256.8		0.511561
256.9		0.511561
257		0.511561
257.1		0.514679
257.2		0.514679
257.3		0.514679
257.4		0.514679
257.5		0.514679
257.6		0.514679
257.7		0.514679
257.8		0.514679
257.9		0.514679
258		0.514679
258.1		0.517017
258.2		0.517017
258.3		0.517017
258.4		0.517017
258.5		0.517017
258.6		0.517017
258.7		0.517017
258.8		0.517017
258.9		0.517017
259		0.517017
259.1		0.517667
259.2		0.517667
259.3		0.517667
259.4		0.517667
259.5		0.517667
259.6		0.517667
259.7		0.517667
259.8		0.517667
259.9		0.517667
260		0.517667
260.1		0.519745
260.2		0.519745
260.3		0.519745
260.4		0.519745
260.5		0.519745
260.6		0.519745
260.7		0.519745
260.8		0.519745
260.9		0.519745
261		0.519745
261.1		0.521304
261.2		0.521304
261.3		0.521304
261.4		0.521304
261.5		0.521304
261.6		0.521304
261.7		0.521304
261.8		0.521304
261.9		0.521304
262		0.521304
262.1		0.522733
262.2		0.522733
262.3		0.522733
262.4		0.522733
262.5		0.522733
262.6		0.522733
262.7		0.522733
262.8		0.522733
262.9		0.522733
263		0.522733
263.1		0.52702
263.2		0.52702
263.3		0.52702
263.4		0.52702
263.5		0.52702
263.6		0.52702
263.7		0.52702
263.8		0.52702
263.9		0.52702
264		0.52702
264.1		0.52741
264.2		0.52741
264.3		0.52741
264.4		0.52741
264.5		0.52741
264.6		0.52741
264.7		0.52741
264.8		0.52741
264.9		0.52741
265		0.52741
265.1		0.528189
265.2		0.528189
265.3		0.528189
265.4		0.528189
265.5		0.528189
265.6		0.528189
265.7		0.528189
265.8		0.528189
265.9		0.528189
266		0.528189
266.1		0.529228
266.2		0.529228
266.3		0.529228
266.4		0.529228
266.5		0.529228
266.6		0.529228
266.7		0.529228
266.8		0.529228
266.9		0.529228
267		0.529228
267.1		0.533255
267.2		0.533255
267.3		0.533255
267.4		0.533255
267.5		0.533255
267.6		0.533255
267.7		0.533255
267.8		0.533255
267.9		0.533255
268		0.533255
268.1		0.534684
268.2		0.534684
268.3		0.534684
268.4		0.534684
268.5		0.534684
268.6		0.534684
268.7		0.534684
268.8		0.534684
268.9		0.534684
269		0.534684
269.1		0.535464
269.2		0.535464
269.3		0.535464
269.4		0.535464
269.5		0.535464
269.6		0.535464
269.7		0.535464
269.8		0.535464
269.9		0.535464
270		0.535464
270.1		0.537932
270.2		0.537932
270.3		0.537932
270.4		0.537932
270.5		0.537932
270.6		0.537932
270.7		0.537932
270.8		0.537932
270.9		0.537932
271		0.537932
271.1		0.538192
271.2		0.538192
271.3		0.538192
271.4		0.538192
271.5		0.538192
271.6		0.538192
271.7		0.538192
271.8		0.538192
271.9		0.538192
272		0.538192
272.1		0.542608
272.2		0.542608
272.3		0.542608
272.4		0.542608
272.5		0.542608
272.6		0.542608
272.7		0.542608
272.8		0.542608
272.9		0.542608
273		0.542608
273.1		0.543388
273.2		0.543388
273.3		0.543388
273.4		0.543388
273.5		0.543388
273.6		0.543388
273.7		0.543388
273.8		0.543388
273.9		0.543388
274		0.543388
274.1		0.544167
274.2		0.544167
274.3		0.544167
274.4		0.544167
274.5		0.544167
274.6		0.544167
274.7		0.544167
274.8		0.544167
274.9		0.544167
275		0.544167
275.1		0.546376
275.2		0.546376
275.3		0.546376
275.4		0.546376
275.5		0.546376
275.6		0.546376
275.7		0.546376
275.8		0.546376
275.9		0.546376
276		0.546376
276.1		0.55391
276.2		0.55391
276.3		0.55391
276.4		0.55391
276.5		0.55391
276.6		0.55391
276.7		0.55391
276.8		0.55391
276.9		0.55391
277		0.55391
277.1		0.55469
277.2		0.55469
277.3		0.55469
277.4		0.55469
277.5		0.55469
277.6		0.55469
277.7		0.55469
277.8		0.55469
277.9		0.55469
278		0.55469
278.1		0.555729
278.2		0.555729
278.3		0.555729
278.4		0.555729
278.5		0.555729
278.6		0.555729
278.7		0.555729
278.8		0.555729
278.9		0.555729
279		0.555729
279.1		0.556508
279.2		0.556508
279.3		0.556508
279.4		0.556508
279.5		0.556508
279.6		0.556508
279.7		0.556508
279.8		0.556508
279.9		0.556508
280		0.556508
280.1		0.562094
280.2		0.562094
280.3		0.562094
280.4		0.562094
280.5		0.562094
280.6		0.562094
280.7		0.562094
280.8		0.562094
280.9		0.562094
281		0.562094
281.1		0.562354
281.2		0.562354
281.3		0.562354
281.4		0.562354
281.5		0.562354
281.6		0.562354
281.7		0.562354
281.8		0.562354
281.9		0.562354
282		0.562354
282.1		0.562614
282.2		0.562614
282.3		0.562614
282.4		0.562614
282.5		0.562614
282.6		0.562614
282.7		0.562614
282.8		0.562614
282.9		0.562614
283		0.562614
283.1		0.566121
283.2		0.566121
283.3		0.566121
283.4		0.566121
283.5		0.566121
283.6		0.566121
283.7		0.566121
283.8		0.566121
283.9		0.566121
284		0.566121
284.1		0.568719
284.2		0.568719
284.3		0.568719
284.4		0.568719
284.5		0.568719
284.6		0.568719
284.7		0.568719
284.8		0.568719
284.9		0.568719
285		0.568719
285.1		0.570538
285.2		0.570538
285.3		0.570538
285.4		0.570538
285.5		0.570538
285.6		0.570538
285.7		0.570538
285.8		0.570538
285.9		0.570538
286		0.570538
286.1		0.571057
286.2		0.571057
286.3		0.571057
286.4		0.571057
286.5		0.571057
286.6		0.571057
286.7		0.571057
286.8		0.571057
286.9		0.571057
287		0.571057
287.1		0.577423
287.2		0.577423
287.3		0.577423
287.4		0.577423
287.5		0.577423
287.6		0.577423
287.7		0.577423
287.8		0.577423
287.9		0.577423
288		0.577423
288.1		0.579891
288.2		0.579891
288.3		0.579891
288.4		0.579891
288.5		0.579891
288.6		0.579891
288.7		0.579891
288.8		0.579891
288.9		0.579891
289		0.579891
289.1		0.58145
289.2		0.58145
289.3		0.58145
289.4		0.58145
289.5		0.58145
289.6		0.58145
289.7		0.58145
289.8		0.58145
289.9		0.58145
290		0.58145
290.1		0.582489
290.2		0.582489
290.3		0.582489
290.4		0.582489
290.5		0.582489
290.6		0.582489
290.7		0.582489
290.8		0.582489
290.9		0.582489
291		0.582489
291.1		0.589634
291.2		0.589634
291.3		0.589634
291.4		0.589634
291.5		0.589634
291.6		0.589634
291.7		0.589634
291.8		0.589634
291.9		0.589634
292		0.589634
292.1		0.589634
292.2		0.589634
292.3		0.589634
292.4		0.589634
292.5		0.589634
292.6		0.589634
292.7		0.589634
292.8		0.589634
292.9		0.589634
293		0.589634
293.1		0.590153
293.2		0.590153
293.3		0.590153
293.4		0.590153
293.5		0.590153
293.6		0.590153
293.7		0.590153
293.8		0.590153
293.9		0.590153
294		0.590153
294.1		0.591452
294.2		0.591452
294.3		0.591452
294.4		0.591452
294.5		0.591452
294.6		0.591452
294.7		0.591452
294.8		0.591452
294.9		0.591452
295		0.591452
295.1		0.591582
295.2		0.591582
295.3		0.591582
295.4		0.591582
295.5		0.591582
295.6		0.591582
295.7		0.591582
295.8		0.591582
295.9		0.591582
296		0.591582
296.1		0.597168
296.2		0.597168
296.3		0.597168
296.4		0.597168
296.5		0.597168
296.6		0.597168
296.7		0.597168
296.8		0.597168
296.9		0.597168
297		0.597168
297.1		0.600026
297.2		0.600026
297.3		0.600026
297.4		0.600026
297.5		0.600026
297.6		0.600026
297.7		0.600026
297.8		0.600026
297.9		0.600026
298		0.600026
298.1		0.601195
298.2		0.601195
298.3		0.601195
298.4		0.601195
298.5		0.601195
298.6		0.601195
298.7		0.601195
298.8		0.601195
298.9		0.601195
299		0.601195
299.1		0.606391
299.2		0.606391
299.3		0.606391
299.4		0.606391
299.5		0.606391
299.6		0.606391
299.7		0.606391
299.8		0.606391
299.9		0.606391
300		0.606391
300.1		0.60847
300.2		0.60847
300.3		0.60847
300.4		0.60847
300.5		0.60847
300.6		0.60847
300.7		0.60847
300.8		0.60847
300.9		0.60847
301		0.60847
301.1		0.610678
301.2		0.610678
301.3		0.610678
301.4		0.610678
301.5		0.610678
301.6		0.610678
301.7		0.610678
301.8		0.610678
301.9		0.610678
302		0.610678
302.1		0.614835
302.2		0.614835
302.3		0.614835
302.4		0.614835
302.5		0.614835
302.6		0.614835
302.7		0.614835
302.8		0.614835
302.9		0.614835
303		0.614835
303.1		0.616654
303.2		0.616654
303.3		0.616654
303.4		0.616654
303.5		0.616654
303.6		0.616654
303.7		0.616654
303.8		0.616654
303.9		0.616654
304		0.616654
304.1		0.619901
304.2		0.619901
304.3		0.619901
304.4		0.619901
304.5		0.619901
304.6		0.619901
304.7		0.619901
304.8		0.619901
304.9		0.619901
305		0.619901
305.1		0.623279
305.2		0.623279
305.3		0.623279
305.4		0.623279
305.5		0.623279
305.6		0.623279
305.7		0.623279
305.8		0.623279
305.9		0.623279
306		0.623279
306.1		0.625747
306.2		0.625747
306.3		0.625747
306.4		0.625747
306.5		0.625747
306.6		0.625747
306.7		0.625747
306.8		0.625747
306.9		0.625747
307		0.625747
307.1		0.627825
307.2		0.627825
307.3		0.627825
307.4		0.627825
307.5		0.627825
307.6		0.627825
307.7		0.627825
307.8		0.627825
307.9		0.627825
308		0.627825
308.1		0.628995
308.2		0.628995
308.3		0.628995
308.4		0.628995
308.5		0.628995
308.6		0.628995
308.7		0.628995
308.8		0.628995
308.9		0.628995
309		0.628995
309.1		0.630553
309.2		0.630553
309.3		0.630553
309.4		0.630553
309.5		0.630553
309.6		0.630553
309.7		0.630553
309.8		0.630553
309.9		0.630553
310		0.630553
310.1		0.636919
310.2		0.636919
310.3		0.636919
310.4		0.636919
310.5		0.636919
310.6		0.636919
310.7		0.636919
310.8		0.636919
310.9		0.636919
311		0.636919
311.1		0.638348
311.2		0.638348
311.3		0.638348
311.4		0.638348
311.5		0.638348
311.6		0.638348
311.7		0.638348
311.8		0.638348
311.9		0.638348
312		0.638348
312.1		0.639517
312.2		0.639517
312.3		0.639517
312.4		0.639517
312.5		0.639517
312.6		0.639517
312.7		0.639517
312.8		0.639517
312.9		0.639517
313		0.639517
313.1		0.640036
313.2		0.640036
313.3		0.640036
313.4		0.640036
313.5		0.640036
313.6		0.640036
313.7		0.640036
313.8		0.640036
313.9		0.640036
314		0.640036
314.1		0.645103
314.2		0.645103
314.3		0.645103
314.4		0.645103
314.5		0.645103
314.6		0.645103
314.7		0.645103
314.8		0.645103
314.9		0.645103
315		0.645103
315.1		0.647961
315.2		0.647961
315.3		0.647961
315.4		0.647961
315.5		0.647961
315.6		0.647961
315.7		0.647961
315.8		0.647961
315.9		0.647961
316		0.647961
316.1		0.649909
316.2		0.649909
316.3		0.649909
316.4		0.649909
316.5		0.649909
316.6		0.649909
316.7		0.649909
316.8		0.649909
316.9		0.649909
317		0.649909
317.1		0.651858
317.2		0.651858
317.3		0.651858
317.4		0.651858
317.5		0.651858
317.6		0.651858
317.7		0.651858
317.8		0.651858
317.9		0.651858
318		0.651858
318.1		0.656274
318.2		0.656274
318.3		0.656274
318.4		0.656274
318.5		0.656274
318.6		0.656274
318.7		0.656274
318.8		0.656274
318.9		0.656274
319		0.656274
319.1		0.656534
319.2		0.656534
319.3		0.656534
319.4		0.656534
319.5		0.656534
319.6		0.656534
319.7		0.656534
319.8		0.656534
319.9		0.656534
320		0.656534
320.1		0.656924
320.2		0.656924
320.3		0.656924
320.4		0.656924
320.5		0.656924
320.6		0.656924
320.7		0.656924
320.8		0.656924
320.9		0.656924
321		0.656924
321.1		0.658093
321.2		0.658093
321.3		0.658093
321.4		0.658093
321.5		0.658093
321.6		0.658093
321.7		0.658093
321.8		0.658093
321.9		0.658093
322		0.658093
322.1		0.663419
322.2		0.663419
322.3		0.663419
322.4		0.663419
322.5		0.663419
322.6		0.663419
322.7		0.663419
322.8		0.663419
322.9		0.663419
323		0.663419
323.1		0.664069
323.2		0.664069
323.3		0.664069
323.4		0.664069
323.5		0.664069
323.6		0.664069
323.7		0.664069
323.8		0.664069
323.9		0.664069
324		0.664069
324.1		0.666147
324.2		0.666147
324.3		0.666147
324.4		0.666147
324.5		0.666147
324.6		0.666147
324.7		0.666147
324.8		0.666147
324.9		0.666147
325		0.666147
325.1		0.666407
325.2		0.666407
325.3		0.666407
325.4		0.666407
325.5		0.666407
325.6		0.666407
325.7		0.666407
325.8		0.666407
325.9		0.666407
326		0.666407
326.1		0.670694
326.2		0.670694
326.3		0.670694
326.4		0.670694
326.5		0.670694
326.6		0.670694
326.7		0.670694
326.8		0.670694
326.9		0.670694
327		0.670694
327.1		0.671343
327.2		0.671343
327.3		0.671343
327.4		0.671343
327.5		0.671343
327.6		0.671343
327.7		0.671343
327.8		0.671343
327.9		0.671343
328		0.671343
328.1		0.671993
328.2		0.671993
328.3		0.671993
328.4		0.671993
328.5		0.671993
328.6		0.671993
328.7		0.671993
328.8		0.671993
328.9		0.671993
329		0.671993
329.1		0.67511
329.2		0.67511
329.3		0.67511
329.4		0.67511
329.5		0.67511
329.6		0.67511
329.7		0.67511
329.8		0.67511
329.9		0.67511
330		0.67511
330.1		0.678358
330.2		0.678358
330.3		0.678358
330.4		0.678358
330.5		0.678358
330.6		0.678358
330.7		0.678358
330.8		0.678358
330.9		0.678358
331		0.678358
331.1		0.682515
331.2		0.682515
331.3		0.682515
331.4		0.682515
331.5		0.682515
331.6		0.682515
331.7		0.682515
331.8		0.682515
331.9		0.682515
332		0.682515
332.1		0.684074
332.2		0.684074
332.3		0.684074
332.4		0.684074
332.5		0.684074
332.6		0.684074
332.7		0.684074
332.8		0.684074
332.9		0.684074
333		0.684074
333.1		0.684334
333.2		0.684334
333.3		0.684334
333.4		0.684334
333.5		0.684334
333.6		0.684334
333.7		0.684334
333.8		0.684334
333.9		0.684334
334		0.684334
334.1		0.687841
334.2		0.687841
334.3		0.687841
334.4		0.687841
334.5		0.687841
334.6		0.687841
334.7		0.687841
334.8		0.687841
334.9		0.687841
335		0.687841
335.1		0.691348
335.2		0.691348
335.3		0.691348
335.4		0.691348
335.5		0.691348
335.6		0.691348
335.7		0.691348
335.8		0.691348
335.9		0.691348
336		0.691348
336.1		0.695635
336.2		0.695635
336.3		0.695635
336.4		0.695635
336.5		0.695635
336.6		0.695635
336.7		0.695635
336.8		0.695635
336.9		0.695635
337		0.695635
337.1		0.696415
337.2		0.696415
337.3		0.696415
337.4		0.696415
337.5		0.696415
337.6		0.696415
337.7		0.696415
337.8		0.696415
337.9		0.696415
338		0.696415
338.1		0.699922
338.2		0.699922
338.3		0.699922
338.4		0.699922
338.5		0.699922
338.6		0.699922
338.7		0.699922
338.8		0.699922
338.9		0.699922
339		0.699922
339.1		0.70239
339.2		0.70239
339.3		0.70239
339.4		0.70239
339.5		0.70239
339.6		0.70239
339.7		0.70239
339.8		0.70239
339.9		0.70239
340		0.70239
340.1		0.706677
340.2		0.706677
340.3		0.706677
340.4		0.706677
340.5		0.706677
340.6		0.706677
340.7		0.706677
340.8		0.706677
340.9		0.706677
341		0.706677
341.1		0.708106
341.2		0.708106
341.3		0.708106
341.4		0.708106
341.5		0.708106
341.6		0.708106
341.7		0.708106
341.8		0.708106
341.9		0.708106
342		0.708106
342.1		0.711613
342.2		0.711613
342.3		0.711613
342.4		0.711613
342.5		0.711613
342.6		0.711613
342.7		0.711613
342.8		0.711613
342.9		0.711613
343		0.711613
343.1		0.714341
343.2		0.714341
343.3		0.714341
343.4		0.714341
343.5		0.714341
343.6		0.714341
343.7		0.714341
343.8		0.714341
343.9		0.714341
344		0.714341
344.1		0.71564
344.2		0.71564
344.3		0.71564
344.4		0.71564
344.5		0.71564
344.6		0.71564
344.7		0.71564
344.8		0.71564
344.9		0.71564
345		0.71564
345.1		0.720447
345.2		0.720447
345.3		0.720447
345.4		0.720447
345.5		0.720447
345.6		0.720447
345.7		0.720447
345.8		0.720447
345.9		0.720447
346		0.720447
346.1		0.720447
346.2		0.720447
346.3		0.720447
346.4		0.720447
346.5		0.720447
346.6		0.720447
346.7		0.720447
346.8		0.720447
346.9		0.720447
347		0.720447
347.1		0.720707
347.2		0.720707
347.3		0.720707
347.4		0.720707
347.5		0.720707
347.6		0.720707
347.7		0.720707
347.8		0.720707
347.9		0.720707
348		0.720707
348.1		0.723565
348.2		0.723565
348.3		0.723565
348.4		0.723565
348.5		0.723565
348.6		0.723565
348.7		0.723565
348.8		0.723565
348.9		0.723565
349		0.723565
349.1		0.723694
349.2		0.723694
349.3		0.723694
349.4		0.723694
349.5		0.723694
349.6		0.723694
349.7		0.723694
349.8		0.723694
349.9		0.723694
350		0.723694
350.1		0.728631
350.2		0.728631
350.3		0.728631
350.4		0.728631
350.5		0.728631
350.6		0.728631
350.7		0.728631
350.8		0.728631
350.9		0.728631
351		0.728631
351.1		0.729021
351.2		0.729021
351.3		0.729021
351.4		0.729021
351.5		0.729021
351.6		0.729021
351.7		0.729021
351.8		0.729021
351.9		0.729021
352		0.729021
352.1		0.730839
352.2		0.730839
352.3		0.730839
352.4		0.730839
352.5		0.730839
352.6		0.730839
352.7		0.730839
352.8		0.730839
352.9		0.730839
353		0.730839
353.1		0.734996
353.2		0.734996
353.3		0.734996
353.4		0.734996
353.5		0.734996
353.6		0.734996
353.7		0.734996
353.8		0.734996
353.9		0.734996
354		0.734996
354.1		0.739023
354.2		0.739023
354.3		0.739023
354.4		0.739023
354.5		0.739023
354.6		0.739023
354.7		0.739023
354.8		0.739023
354.9		0.739023
355		0.739023
355.1		0.739023
355.2		0.739023
355.3		0.739023
355.4		0.739023
355.5		0.739023
355.6		0.739023
355.7		0.739023
355.8		0.739023
355.9		0.739023
356		0.739023
356.1		0.741102
356.2		0.741102
356.3		0.741102
356.4		0.741102
356.5		0.741102
356.6		0.741102
356.7		0.741102
356.8		0.741102
356.9		0.741102
357		0.741102
357.1		0.747337
357.2		0.747337
357.3		0.747337
357.4		0.747337
357.5		0.747337
357.6		0.747337
357.7		0.747337
357.8		0.747337
357.9		0.747337
358		0.747337
358.1		0.747986
358.2		0.747986
358.3		0.747986
358.4		0.747986
358.5		0.747986
358.6		0.747986
358.7		0.747986
358.8		0.747986
358.9		0.747986
359		0.747986
359.1		0.749675
359.2		0.749675
359.3		0.749675
359.4		0.749675
359.5		0.749675
359.6		0.749675
359.7		0.749675
359.8		0.749675
359.9		0.749675
360		0.749675
360.1		0.750455
360.2		0.750455
360.3		0.750455
360.4		0.750455
360.5		0.750455
360.6		0.750455
360.7		0.750455
360.8		0.750455
360.9		0.750455
361		0.750455
361.1		0.751494
361.2		0.751494
361.3		0.751494
361.4		0.751494
361.5		0.751494
361.6		0.751494
361.7		0.751494
361.8		0.751494
361.9		0.751494
362		0.751494
362.1		0.756041
362.2		0.756041
362.3		0.756041
362.4		0.756041
362.5		0.756041
362.6		0.756041
362.7		0.756041
362.8		0.756041
362.9		0.756041
363		0.756041
363.1		0.75656
363.2		0.75656
363.3		0.75656
363.4		0.75656
363.5		0.75656
363.6		0.75656
363.7		0.75656
363.8		0.75656
363.9		0.75656
364		0.75656
364.1		0.75656
364.2		0.75656
364.3		0.75656
364.4		0.75656
364.5		0.75656
364.6		0.75656
364.7		0.75656
364.8		0.75656
364.9		0.75656
365		0.75656
365.1		0.758509
365.2		0.758509
365.3		0.758509
365.4		0.758509
365.5		0.758509
365.6		0.758509
365.7		0.758509
365.8		0.758509
365.9		0.758509
366		0.758509
366.1		0.762146
366.2		0.762146
366.3		0.762146
366.4		0.762146
366.5		0.762146
366.6		0.762146
366.7		0.762146
366.8		0.762146
366.9		0.762146
367		0.762146
367.1		0.766043
367.2		0.766043
367.3		0.766043
367.4		0.766043
367.5		0.766043
367.6		0.766043
367.7		0.766043
367.8		0.766043
367.9		0.766043
368		0.766043
368.1		0.766303
368.2		0.766303
368.3		0.766303
368.4		0.766303
368.5		0.766303
368.6		0.766303
368.7		0.766303
368.8		0.766303
368.9		0.766303
369		0.766303
369.1		0.766952
369.2		0.766952
369.3		0.766952
369.4		0.766952
369.5		0.766952
369.6		0.766952
369.7		0.766952
369.8		0.766952
369.9		0.766952
370		0.766952
370.1		0.769291
370.2		0.769291
370.3		0.769291
370.4		0.769291
370.5		0.769291
370.6		0.769291
370.7		0.769291
370.8		0.769291
370.9		0.769291
371		0.769291
371.1		0.771239
371.2		0.771239
371.3		0.771239
371.4		0.771239
371.5		0.771239
371.6		0.771239
371.7		0.771239
371.8		0.771239
371.9		0.771239
372		0.771239
372.1		0.771239
372.2		0.771239
372.3		0.771239
372.4		0.771239
372.5		0.771239
372.6		0.771239
372.7		0.771239
372.8		0.771239
372.9		0.771239
373		0.771239
373.1		0.774877
373.2		0.774877
373.3		0.774877
373.4		0.774877
373.5		0.774877
373.6		0.774877
373.7		0.774877
373.8		0.774877
373.9		0.774877
374		0.774877
374.1		0.776565
374.2		0.776565
374.3		0.776565
374.4		0.776565
374.5		0.776565
374.6		0.776565
374.7		0.776565
374.8		0.776565
374.9		0.776565
375		0.776565
375.1		0.778514
375.2		0.778514
375.3		0.778514
375.4		0.778514
375.5		0.778514
375.6		0.778514
375.7		0.778514
375.8		0.778514
375.9		0.778514
376		0.778514
376.1		0.78319
376.2		0.78319
376.3		0.78319
376.4		0.78319
376.5		0.78319
376.6		0.78319
376.7		0.78319
376.8		0.78319
376.9		0.78319
377		0.78319
377.1		0.78397
377.2		0.78397
377.3		0.78397
377.4		0.78397
377.5		0.78397
377.6		0.78397
377.7		0.78397
377.8		0.78397
377.9		0.78397
378		0.78397
378.1		0.784489
378.2		0.784489
378.3		0.784489
378.4		0.784489
378.5		0.784489
378.6		0.784489
378.7		0.784489
378.8		0.784489
378.9		0.784489
379		0.784489
379.1		0.791764
379.2		0.791764
379.3		0.791764
379.4		0.791764
379.5		0.791764
379.6		0.791764
379.7		0.791764
379.8		0.791764
379.9		0.791764
380		0.791764
380.1		0.792544
380.2		0.792544
380.3		0.792544
380.4		0.792544
380.5		0.792544
380.6		0.792544
380.7		0.792544
380.8		0.792544
380.9		0.792544
381		0.792544
381.1		0.795271
381.2		0.795271
381.3		0.795271
381.4		0.795271
381.5		0.795271
381.6		0.795271
381.7		0.795271
381.8		0.795271
381.9		0.795271
382		0.795271
382.1		0.795661
382.2		0.795661
382.3		0.795661
382.4		0.795661
382.5		0.795661
382.6		0.795661
382.7		0.795661
382.8		0.795661
382.9		0.795661
383		0.795661
383.1		0.79696
383.2		0.79696
383.3		0.79696
383.4		0.79696
383.5		0.79696
383.6		0.79696
383.7		0.79696
383.8		0.79696
383.9		0.79696
384		0.79696
384.1		0.800468
384.2		0.800468
384.3		0.800468
384.4		0.800468
384.5		0.800468
384.6		0.800468
384.7		0.800468
384.8		0.800468
384.9		0.800468
385		0.800468
385.1		0.801117
385.2		0.801117
385.3		0.801117
385.4		0.801117
385.5		0.801117
385.6		0.801117
385.7		0.801117
385.8		0.801117
385.9		0.801117
386		0.801117
386.1		0.802416
386.2		0.802416
386.3		0.802416
386.4		0.802416
386.5		0.802416
386.6		0.802416
386.7		0.802416
386.8		0.802416
386.9		0.802416
387		0.802416
387.1		0.805274
387.2		0.805274
387.3		0.805274
387.4		0.805274
387.5		0.805274
387.6		0.805274
387.7		0.805274
387.8		0.805274
387.9		0.805274
388		0.805274
388.1		0.806963
388.2		0.806963
388.3		0.806963
388.4		0.806963
388.5		0.806963
388.6		0.806963
388.7		0.806963
388.8		0.806963
388.9		0.806963
389		0.806963
389.1		0.807223
389.2		0.807223
389.3		0.807223
389.4		0.807223
389.5		0.807223
389.6		0.807223
389.7		0.807223
389.8		0.807223
389.9		0.807223
390		0.807223
390.1		0.808782
390.2		0.808782
390.3		0.808782
390.4		0.808782
390.5		0.808782
390.6		0.808782
390.7		0.808782
390.8		0.808782
390.9		0.808782
391		0.808782
391.1		0.81034
391.2		0.81034
391.3		0.81034
391.4		0.81034
391.5		0.81034
391.6		0.81034
391.7		0.81034
391.8		0.81034
391.9		0.81034
392		0.81034
392.1		0.815796
392.2		0.815796
392.3		0.815796
392.4		0.815796
392.5		0.815796
392.6		0.815796
392.7		0.815796
392.8		0.815796
392.9		0.815796
393		0.815796
393.1		0.818135
393.2		0.818135
393.3		0.818135
393.4		0.818135
393.5		0.818135
393.6		0.818135
393.7		0.818135
393.8		0.818135
393.9		0.818135
394		0.818135
394.1		0.818135
394.2		0.818135
394.3		0.818135
394.4		0.818135
394.5		0.818135
394.6		0.818135
394.7		0.818135
394.8		0.818135
394.9		0.818135
395		0.818135
395.1		0.818394
395.2		0.818394
395.3		0.818394
395.4		0.818394
395.5		0.818394
395.6		0.818394
395.7		0.818394
395.8		0.818394
395.9		0.818394
396		0.818394
396.1		0.822292
396.2		0.822292
396.3		0.822292
396.4		0.822292
396.5		0.822292
396.6		0.822292
396.7		0.822292
396.8		0.822292
396.9		0.822292
397		0.822292
397.1		0.826319
397.2		0.826319
397.3		0.826319
397.4		0.826319
397.5		0.826319
397.6		0.826319
397.7		0.826319
397.8		0.826319
397.9		0.826319
398		0.826319
398.1		0.826968
398.2		0.826968
398.3		0.826968
398.4		0.826968
398.5		0.826968
398.6		0.826968
398.7		0.826968
398.8		0.826968
398.9		0.826968
399		0.826968
399.1		0.828527
399.2		0.828527
399.3		0.828527
399.4		0.828527
399.5		0.828527
399.6		0.828527
399.7		0.828527
399.8		0.828527
399.9		0.828527
400		0.828527
400.1		0.830995
400.2		0.830995
400.3		0.830995
400.4		0.830995
400.5		0.830995
400.6		0.830995
400.7		0.830995
400.8		0.830995
400.9		0.830995
401		0.830995
401.1		0.832684
401.2		0.832684
401.3		0.832684
401.4		0.832684
401.5		0.832684
401.6		0.832684
401.7		0.832684
401.8		0.832684
401.9		0.832684
402		0.832684
402.1		0.833203
402.2		0.833203
402.3		0.833203
402.4		0.833203
402.5		0.833203
402.6		0.833203
402.7		0.833203
402.8		0.833203
402.9		0.833203
403		0.833203
403.1		0.835022
403.2		0.835022
403.3		0.835022
403.4		0.835022
403.5		0.835022
403.6		0.835022
403.7		0.835022
403.8		0.835022
403.9		0.835022
404		0.835022
404.1		0.836711
404.2		0.836711
404.3		0.836711
404.4		0.836711
404.5		0.836711
404.6		0.836711
404.7		0.836711
404.8		0.836711
404.9		0.836711
405		0.836711
405.1		0.841777
405.2		0.841777
405.3		0.841777
405.4		0.841777
405.5		0.841777
405.6		0.841777
405.7		0.841777
405.8		0.841777
405.9		0.841777
406		0.841777
406.1		0.843206
406.2		0.843206
406.3		0.843206
406.4		0.843206
406.5		0.843206
406.6		0.843206
406.7		0.843206
406.8		0.843206
406.9		0.843206
407		0.843206
407.1		0.843856
407.2		0.843856
407.3		0.843856
407.4		0.843856
407.5		0.843856
407.6		0.843856
407.7		0.843856
407.8		0.843856
407.9		0.843856
408		0.843856
408.1		0.845804
408.2		0.845804
408.3		0.845804
408.4		0.845804
408.5		0.845804
408.6		0.845804
408.7		0.845804
408.8		0.845804
408.9		0.845804
409		0.845804
409.1		0.848532
409.2		0.848532
409.3		0.848532
409.4		0.848532
409.5		0.848532
409.6		0.848532
409.7		0.848532
409.8		0.848532
409.9		0.848532
410		0.848532
410.1		0.85087
410.2		0.85087
410.3		0.85087
410.4		0.85087
410.5		0.85087
410.6		0.85087
410.7		0.85087
410.8		0.85087
410.9		0.85087
411		0.85087
411.1		0.854767
411.2		0.854767
411.3		0.854767
411.4		0.854767
411.5		0.854767
411.6		0.854767
411.7		0.854767
411.8		0.854767
411.9		0.854767
412		0.854767
412.1		0.855937
412.2		0.855937
412.3		0.855937
412.4		0.855937
412.5		0.855937
412.6		0.855937
412.7		0.855937
412.8		0.855937
412.9		0.855937
413		0.855937
413.1		0.856716
413.2		0.856716
413.3		0.856716
413.4		0.856716
413.5		0.856716
413.6		0.856716
413.7		0.856716
413.8		0.856716
413.9		0.856716
414		0.856716
414.1		0.861782
414.2		0.861782
414.3		0.861782
414.4		0.861782
414.5		0.861782
414.6		0.861782
414.7		0.861782
414.8		0.861782
414.9		0.861782
415		0.861782
415.1		0.863601
415.2		0.863601
415.3		0.863601
415.4		0.863601
415.5		0.863601
415.6		0.863601
415.7		0.863601
415.8		0.863601
415.9		0.863601
416		0.863601
416.1		0.863861
416.2		0.863861
416.3		0.863861
416.4		0.863861
416.5		0.863861
416.6		0.863861
416.7		0.863861
416.8		0.863861
416.9		0.863861
417		0.863861
417.1		0.865549
417.2		0.865549
417.3		0.865549
417.4		0.865549
417.5		0.865549
417.6		0.865549
417.7		0.865549
417.8		0.865549
417.9		0.865549
418		0.865549
418.1		0.868148
418.2		0.868148
418.3		0.868148
418.4		0.868148
418.5		0.868148
418.6		0.868148
418.7		0.868148
418.8		0.868148
418.9		0.868148
419		0.868148
419.1		0.869966
419.2		0.869966
419.3		0.869966
419.4		0.869966
419.5		0.869966
419.6		0.869966
419.7		0.869966
419.8		0.869966
419.9		0.869966
420		0.869966
420.1		0.871525
420.2		0.871525
420.3		0.871525
420.4		0.871525
420.5		0.871525
420.6		0.871525
420.7		0.871525
420.8		0.871525
420.9		0.871525
421		0.871525
421.1		0.872304
421.2		0.872304
421.3		0.872304
421.4		0.872304
421.5		0.872304
421.6		0.872304
421.7		0.872304
421.8		0.872304
421.9		0.872304
422		0.872304
422.1		0.876461
422.2		0.876461
422.3		0.876461
422.4		0.876461
422.5		0.876461
422.6		0.876461
422.7		0.876461
422.8		0.876461
422.9		0.876461
423		0.876461
423.1		0.876851
423.2		0.876851
423.3		0.876851
423.4		0.876851
423.5		0.876851
423.6		0.876851
423.7		0.876851
423.8		0.876851
423.9		0.876851
424		0.876851
424.1		0.879189
424.2		0.879189
424.3		0.879189
424.4		0.879189
424.5		0.879189
424.6		0.879189
424.7		0.879189
424.8		0.879189
424.9		0.879189
425		0.879189
425.1		0.882177
425.2		0.882177
425.3		0.882177
425.4		0.882177
425.5		0.882177
425.6		0.882177
425.7		0.882177
425.8		0.882177
425.9		0.882177
426		0.882177
426.1		0.886594
426.2		0.886594
426.3		0.886594
426.4		0.886594
426.5		0.886594
426.6		0.886594
426.7		0.886594
426.8		0.886594
426.9		0.886594
427		0.886594
427.1		0.887243
427.2		0.887243
427.3		0.887243
427.4		0.887243
427.5		0.887243
427.6		0.887243
427.7		0.887243
427.8		0.887243
427.9		0.887243
428		0.887243
428.1		0.887893
428.2		0.887893
428.3		0.887893
428.4		0.887893
428.5		0.887893
428.6		0.887893
428.7		0.887893
428.8		0.887893
428.9		0.887893
429		0.887893
429.1		0.888283
429.2		0.888283
429.3		0.888283
429.4		0.888283
429.5		0.888283
429.6		0.888283
429.7		0.888283
429.8		0.888283
429.9		0.888283
430		0.888283
430.1		0.891011
430.2		0.891011
430.3		0.891011
430.4		0.891011
430.5		0.891011
430.6		0.891011
430.7		0.891011
430.8		0.891011
430.9		0.891011
431		0.891011
431.1		0.895817
431.2		0.895817
431.3		0.895817
431.4		0.895817
431.5		0.895817
431.6		0.895817
431.7		0.895817
431.8		0.895817
431.9		0.895817
432		0.895817
432.1		0.896986
432.2		0.896986
432.3		0.896986
432.4		0.896986
432.5		0.896986
432.6		0.896986
432.7		0.896986
432.8		0.896986
432.9		0.896986
433		0.896986
433.1		0.897896
433.2		0.897896
433.3		0.897896
433.4		0.897896
433.5		0.897896
433.6		0.897896
433.7		0.897896
433.8		0.897896
433.9		0.897896
434		0.897896
434.1		0.901403
434.2		0.901403
434.3		0.901403
434.4		0.901403
434.5		0.901403
434.6		0.901403
434.7		0.901403
434.8		0.901403
434.9		0.901403
435		0.901403
435.1		0.901923
435.2		0.901923
435.3		0.901923
435.4		0.901923
435.5		0.901923
435.6		0.901923
435.7		0.901923
435.8		0.901923
435.9		0.901923
436		0.901923
436.1		0.902702
436.2		0.902702
436.3		0.902702
436.4		0.902702
436.5		0.902702
436.6		0.902702
436.7		0.902702
436.8		0.902702
436.9		0.902702
437		0.902702
437.1		0.90478
437.2		0.90478
437.3		0.90478
437.4		0.90478
437.5		0.90478
437.6		0.90478
437.7		0.90478
437.8		0.90478
437.9		0.90478
438		0.90478
438.1		0.90595
438.2		0.90595
438.3		0.90595
438.4		0.90595
438.5		0.90595
438.6		0.90595
438.7		0.90595
438.8		0.90595
438.9		0.90595
439		0.90595
439.1		0.909587
439.2		0.909587
439.3		0.909587
439.4		0.909587
439.5		0.909587
439.6		0.909587
439.7		0.909587
439.8		0.909587
439.9		0.909587
440		0.909587
440.1		0.910756
440.2		0.910756
440.3		0.910756
440.4		0.910756
440.5		0.910756
440.6		0.910756
440.7		0.910756
440.8		0.910756
440.9		0.910756
441		0.910756
441.1		0.913614
441.2		0.913614
441.3		0.913614
441.4		0.913614
441.5		0.913614
441.6		0.913614
441.7		0.913614
441.8		0.913614
441.9		0.913614
442		0.913614
442.1		0.917641
442.2		0.917641
442.3		0.917641
442.4		0.917641
442.5		0.917641
442.6		0.917641
442.7		0.917641
442.8		0.917641
442.9		0.917641
443		0.917641
443.1		0.917641
443.2		0.917641
443.3		0.917641
443.4		0.917641
443.5		0.917641
443.6		0.917641
443.7		0.917641
443.8		0.917641
443.9		0.917641
444		0.917641
444.1		0.921148
444.2		0.921148
444.3		0.921148
444.4		0.921148
444.5		0.921148
444.6		0.921148
444.7		0.921148
444.8		0.921148
444.9		0.921148
445		0.921148
445.1		0.921538
445.2		0.921538
445.3		0.921538
445.4		0.921538
445.5		0.921538
445.6		0.921538
445.7		0.921538
445.8		0.921538
445.9		0.921538
446		0.921538
446.1		0.923227
446.2		0.923227
446.3		0.923227
446.4		0.923227
446.5		0.923227
446.6		0.923227
446.7		0.923227
446.8		0.923227
446.9		0.923227
447		0.923227
447.1		0.928683
447.2		0.928683
447.3		0.928683
447.4		0.928683
447.5		0.928683
447.6		0.928683
447.7		0.928683
447.8		0.928683
447.9		0.928683
448		0.928683
448.1		0.931021
448.2		0.931021
448.3		0.931021
448.4		0.931021
448.5		0.931021
448.6		0.931021
448.7		0.931021
448.8		0.931021
448.9		0.931021
449		0.931021
449.1		0.934788
449.2		0.934788
449.3		0.934788
449.4		0.934788
449.5		0.934788
449.6		0.934788
449.7		0.934788
449.8		0.934788
449.9		0.934788
450		0.934788
450.1		0.935957
450.2		0.935957
450.3		0.935957
450.4		0.935957
450.5		0.935957
450.6		0.935957
450.7		0.935957
450.8		0.935957
450.9		0.935957
451		0.935957
451.1		0.935957
451.2		0.935957
451.3		0.935957
451.4		0.935957
451.5		0.935957
451.6		0.935957
451.7		0.935957
451.8		0.935957
451.9		0.935957
452		0.935957
452.1		0.938426
452.2		0.938426
452.3		0.938426
452.4		0.938426
452.5		0.938426
452.6		0.938426
452.7		0.938426
452.8		0.938426
452.9		0.938426
453		0.938426
453.1		0.939335
453.2		0.939335
453.3		0.939335
453.4		0.939335
453.5		0.939335
453.6		0.939335
453.7		0.939335
453.8		0.939335
453.9		0.939335
454		0.939335
454.1		0.940244
454.2		0.940244
454.3		0.940244
454.4		0.940244
454.5		0.940244
454.6		0.940244
454.7		0.940244
454.8		0.940244
454.9		0.940244
455		0.940244
455.1		0.943882
455.2		0.943882
455.3		0.943882
455.4		0.943882
455.5		0.943882
455.6		0.943882
455.7		0.943882
455.8		0.943882
455.9		0.943882
456		0.943882
456.1		0.94622
456.2		0.94622
456.3		0.94622
456.4		0.94622
456.5		0.94622
456.6		0.94622
456.7		0.94622
456.8		0.94622
456.9		0.94622
457		0.94622
457.1		0.946739
457.2		0.946739
457.3		0.946739
457.4		0.946739
457.5		0.946739
457.6		0.946739
457.7		0.946739
457.8		0.946739
457.9		0.946739
458		0.946739
458.1		0.948038
458.2		0.948038
458.3		0.948038
458.4		0.948038
458.5		0.948038
458.6		0.948038
458.7		0.948038
458.8		0.948038
458.9		0.948038
459		0.948038
459.1		0.948428
459.2		0.948428
459.3		0.948428
459.4		0.948428
459.5		0.948428
459.6		0.948428
459.7		0.948428
459.8		0.948428
459.9		0.948428
460		0.948428
460.1		0.950377
460.2		0.950377
460.3		0.950377
460.4		0.950377
460.5		0.950377
460.6		0.950377
460.7		0.950377
460.8		0.950377
460.9		0.950377
461		0.950377
461.1		0.952455
461.2		0.952455
461.3		0.952455
461.4		0.952455
461.5		0.952455
461.6		0.952455
461.7		0.952455
461.8		0.952455
461.9		0.952455
462		0.952455
462.1		0.954793
462.2		0.954793
462.3		0.954793
462.4		0.954793
462.5		0.954793
462.6		0.954793
462.7		0.954793
462.8		0.954793
462.9		0.954793
463		0.954793
463.1		0.955313
463.2		0.955313
463.3		0.955313
463.4		0.955313
463.5		0.955313
463.6		0.955313
463.7		0.955313
463.8		0.955313
463.9		0.955313
464		0.955313
464.1		0.957651
464.2		0.957651
464.3		0.957651
464.4		0.957651
464.5		0.957651
464.6		0.957651
464.7		0.957651
464.8		0.957651
464.9		0.957651
465		0.957651
465.1		0.9596
465.2		0.9596
465.3		0.9596
465.4		0.9596
465.5		0.9596
465.6		0.9596
465.7		0.9596
465.8		0.9596
465.9		0.9596
466		0.9596
466.1		0.960639
466.2		0.960639
466.3		0.960639
466.4		0.960639
466.5		0.960639
466.6		0.960639
466.7		0.960639
466.8		0.960639
466.9		0.960639
467		0.960639
467.1		0.961029
467.2		0.961029
467.3		0.961029
467.4		0.961029
467.5		0.961029
467.6		0.961029
467.7		0.961029
467.8		0.961029
467.9		0.961029
468		0.961029
468.1		0.964147
468.2		0.964147
468.3		0.964147
468.4		0.964147
468.5		0.964147
468.6		0.964147
468.7		0.964147
468.8		0.964147
468.9		0.964147
469		0.964147
469.1		0.965446
469.2		0.965446
469.3		0.965446
469.4		0.965446
469.5		0.965446
469.6		0.965446
469.7		0.965446
469.8		0.965446
469.9		0.965446
470		0.965446
470.1		0.966485
470.2		0.966485
470.3		0.966485
470.4		0.966485
470.5		0.966485
470.6		0.966485
470.7		0.966485
470.8		0.966485
470.9		0.966485
471		0.966485
471.1		0.970382
471.2		0.970382
471.3		0.970382
471.4		0.970382
471.5		0.970382
471.6		0.970382
471.7		0.970382
471.8		0.970382
471.9		0.970382
472		0.970382
472.1		0.97259
472.2		0.97259
472.3		0.97259
472.4		0.97259
472.5		0.97259
472.6		0.97259
472.7		0.97259
472.8		0.97259
472.9		0.97259
473		0.97259
473.1		0.97259
473.2		0.97259
473.3		0.97259
473.4		0.97259
473.5		0.97259
473.6		0.97259
473.7		0.97259
473.8		0.97259
473.9		0.97259
474		0.97259
474.1		0.978176
474.2		0.978176
474.3		0.978176
474.4		0.978176
474.5		0.978176
474.6		0.978176
474.7		0.978176
474.8		0.978176
474.9		0.978176
475		0.978176
475.1		0.978826
475.2		0.978826
475.3		0.978826
475.4		0.978826
475.5		0.978826
475.6		0.978826
475.7		0.978826
475.8		0.978826
475.9		0.978826
476		0.978826
476.1		0.979475
476.2		0.979475
476.3		0.979475
476.4		0.979475
476.5		0.979475
476.6		0.979475
476.7		0.979475
476.8		0.979475
476.9		0.979475
477		0.979475
477.1		0.983502
477.2		0.983502
477.3		0.983502
477.4		0.983502
477.5		0.983502
477.6		0.983502
477.7		0.983502
477.8		0.983502
477.9		0.983502
478		0.983502
478.1		0.984801
478.2		0.984801
478.3		0.984801
478.4		0.984801
478.5		0.984801
478.6		0.984801
478.7		0.984801
478.8		0.984801
478.9		0.984801
479		0.984801
479.1		0.985061
479.2		0.985061
479.3		0.985061
479.4		0.985061
479.5		0.985061
479.6		0.985061
479.7		0.985061
479.8		0.985061
479.9		0.985061
480		0.985061
480.1		0.988439
480.2		0.988439
480.3		0.988439
480.4		0.988439
480.5		0.988439
480.6		0.988439
480.7		0.988439
480.8		0.988439
480.9		0.988439
481		0.988439
481.1		0.988958
481.2		0.988958
481.3		0.988958
481.4		0.988958
481.5		0.988958
481.6		0.988958
481.7		0.988958
481.8		0.988958
481.9		0.988958
482		0.988958
482.1		0.990907
482.2		0.990907
482.3		0.990907
482.4		0.990907
482.5		0.990907
482.6		0.990907
482.7		0.990907
482.8		0.990907
482.9		0.990907
483		0.990907
483.1		0.992466
483.2		0.992466
483.3		0.992466
483.4		0.992466
483.5		0.992466
483.6		0.992466
483.7		0.992466
483.8		0.992466
483.9		0.992466
484		0.992466
484.1		0.996493
484.2		0.996493
484.3		0.996493
484.4		0.996493
484.5		0.996493
484.6		0.996493
484.7		0.996493
484.8		0.996493
484.9		0.996493
485		0.996493
485.1		0.998441
485.2		0.998441
485.3		0.998441
485.4		0.998441
485.5		0.998441
485.6		0.998441
485.7		0.998441
485.8		0.998441
485.9		0.998441
486		0.998441
486.1		0.99987
486.2		0.99987
486.3		0.99987
486.4		0.99987
486.5		0.99987
486.6		0.99987
486.7		0.99987
486.8		0.99987
486.9		0.99987
487		0.99987
487.1		1
487.2		1
487.3		1
487.4		1
487.5		1
487.6		1
487.7		1
487.8		1
487.9		1
488		1
488.1		1
488.2		1
488.3		1
488.4		1
488.5		1
488.6		1
488.7		1
488.8		1
488.9		1
489		1
489.1		1
489.2		1
489.3		1
489.4		1
489.5		1
489.6		1
489.7		1
489.8		1
489.9		1
490		1
490.1		1
490.2		1
490.3		1
490.4		1
490.5		1
490.6		1
490.7		1
490.8		1
490.9		1
491		1
491.1		1
491.2		1
491.3		1
491.4		1
491.5		1
491.6		1
491.7		1
491.8		1
491.9		1
492		1
492.1		1
492.2		1
492.3		1
492.4		1
492.5		1
492.6		1
492.7		1
492.8		1
492.9		1
493		1
493.1		1
493.2		1
493.3		1
493.4		1
493.5		1
493.6		1
493.7		1
493.8		1
493.9		1
494		1
494.1		1
494.2		1
494.3		1
494.4		1
494.5		1
494.6		1
494.7		1
494.8		1
494.9		1
495		1
495.1		1
495.2		1
495.3		1
495.4		1
495.5		1
495.6		1
495.7		1
495.8		1
495.9		1
496		1
496.1		1
496.2		1
496.3		1
496.4		1
496.5		1
496.6		1
496.7		1
496.8		1
496.9		1
497		1
497.1		1
497.2		1
497.3		1
497.4		1
497.5		1
497.6		1
497.7		1
497.8		1
497.9		1
498		1
498.1		1
498.2		1
498.3		1
498.4		1
498.5		1
498.6		1
498.7		1
498.8		1
498.9		1
499		1
499.1		1
499.2		1
499.3		1
499.4		1
499.5		1
499.6		1
499.7		1
499.8		1
499.9		1
500		1
500.1		1
500.2		1
500.3		1
500.4		1
500.5		1
500.6		1
500.7		1
500.8		1
500.9		1
501		1
501.1		1
501.2		1
501.3		1
501.4		1
501.5		1
501.6		1
501.7		1
501.8		1
501.9		1
502		1
502.1		1
502.2		1
502.3		1
502.4		1
502.5		1
502.6		1
502.7		1
502.8		1
502.9		1
503		1
503.1		1
503.2		1
503.3		1
503.4		1
503.5		1
503.6		1
503.7		1
503.8		1
503.9		1
504		1
504.1		1
504.2		1
504.3		1
504.4		1
504.5		1
504.6		1
504.7		1
504.8		1
504.9		1
505		1
505.1		1
505.2		1
505.3		1
505.4		1
505.5		1
505.6		1
505.7		1
505.8		1
505.9		1
506		1
506.1		1
506.2		1
506.3		1
506.4		1
506.5		1
506.6		1
506.7		1
506.8		1
506.9		1
507		1
507.1		1
507.2		1
507.3		1
507.4		1
507.5		1
507.6		1
507.7		1
507.8		1
507.9		1
508		1
508.1		1
508.2		1
508.3		1
508.4		1
508.5		1
508.6		1
508.7		1
508.8		1
508.9		1
509		1
509.1		1
509.2		1
509.3		1
509.4		1
509.5		1
509.6		1
509.7		1
509.8		1
509.9		1
510		1
510.1		1
510.2		1
510.3		1
510.4		1
510.5		1
510.6		1
510.7		1
510.8		1
510.9		1
511		1
511.1		1
511.2		1
511.3		1
511.4		1
511.5		1
511.6		1
511.7		1
511.8		1
511.9		1
512		1
512.1		1
512.2		1
512.3		1
512.4		1
512.5		1
512.6		1
512.7		1
512.8		1
512.9		1
513		1
513.1		1
513.2		1
513.3		1
513.4		1
513.5		1
513.6		1
513.7		1
513.8		1
513.9		1
514		1
514.1		1
514.2		1
514.3		1
514.4		1
514.5		1
514.6		1
514.7		1
514.8		1
514.9		1
515		1
515.1		1
515.2		1
515.3		1
515.4		1
515.5		1
515.6		1
515.7		1
515.8		1
515.9		1
516		1
516.1		1
516.2		1
516.3		1
516.4		1
516.5		1
516.6		1
516.7		1
516.8		1
516.9		1
517		1
517.1		1
517.2		1
517.3		1
517.4		1
517.5		1
517.6		1
517.7		1
517.8		1
517.9		1
518		1
518.1		1
518.2		1
518.3		1
518.4		1
518.5		1
518.6		1
518.7		1
518.8		1
518.9		1
519		1
519.1		1
519.2		1
519.3		1
519.4		1
519.5		1
519.6		1
519.7		1
519.8		1
519.9		1
520		1
520.1		1
520.2		1
520.3		1
520.4		1
520.5		1
520.6		1
520.7		1
520.8		1
520.9		1
521		1
521.1		1
521.2		1
521.3		1
521.4		1
521.5		1
521.6		1
521.7		1
521.8		1
521.9		1
522		1
522.1		1
522.2		1
522.3		1
522.4		1
522.5		1
522.6		1
522.7		1
522.8		1
522.9		1
523		1
523.1		1
523.2		1
523.3		1
523.4		1
523.5		1
523.6		1
523.7		1
523.8		1
523.9		1
524		1
524.1		1
524.2		1
524.3		1
524.4		1
524.5		1
524.6		1
524.7		1
524.8		1
524.9		1
525		1
525.1		1
525.2		1
525.3		1
525.4		1
525.5		1
525.6		1
525.7		1
525.8		1
525.9		1
526		1
526.1		1
526.2		1
526.3		1
526.4		1
526.5		1
526.6		1
526.7		1
526.8		1
526.9		1
527		1
527.1		1
527.2		1
527.3		1
527.4		1
527.5		1
527.6		1
527.7		1
527.8		1
527.9		1
528		1
528.1		1
528.2		1
528.3		1
528.4		1
528.5		1
528.6		1
528.7		1
528.8		1
528.9		1
529		1
529.1		1
529.2		1
529.3		1
529.4		1
529.5		1
529.6		1
529.7		1
529.8		1
529.9		1
530		1
530.1		1
530.2		1
530.3		1
530.4		1
530.5		1
530.6		1
530.7		1
530.8		1
530.9		1
531		1
531.1		1
531.2		1
531.3		1
531.4		1
531.5		1
531.6		1
531.7		1
531.8		1
531.9		1
532		1
532.1		1
532.2		1
532.3		1
532.4		1
532.5		1
532.6		1
532.7		1
532.8		1
532.9		1
533		1
533.1		1
533.2		1
533.3		1
533.4		1
533.5		1
533.6		1
533.7		1
533.8		1
533.9		1
534		1
534.1		1
534.2		1
534.3		1
534.4		1
534.5		1
534.6		1
534.7		1
534.8		1
534.9		1
535		1
535.1		1
535.2		1
535.3		1
535.4		1
535.5		1
535.6		1
535.7		1
535.8		1
535.9		1
536		1
536.1		1
536.2		1
536.3		1
536.4		1
536.5		1
536.6		1
536.7		1
536.8		1
536.9		1
537		1
537.1		1
537.2		1
537.3		1
537.4		1
537.5		1
537.6		1
537.7		1
537.8		1
537.9		1
538		1
538.1		1
538.2		1
538.3		1
538.4		1
538.5		1
538.6		1
538.7		1
538.8		1
538.9		1
539		1
539.1		1
539.2		1
539.3		1
539.4		1
539.5		1
539.6		1
539.7		1
539.8		1
539.9		1
540		1
540.1		1
540.2		1
540.3		1
540.4		1
540.5		1
540.6		1
540.7		1
540.8		1
540.9		1
541		1
541.1		1
541.2		1
541.3		1
541.4		1
541.5		1
541.6		1
541.7		1
541.8		1
541.9		1
542		1
542.1		1
542.2		1
542.3		1
542.4		1
542.5		1
542.6		1
542.7		1
542.8		1
542.9		1
543		1
543.1		1
543.2		1
543.3		1
543.4		1
543.5		1
543.6		1
543.7		1
543.8		1
543.9		1
544		1
544.1		1
544.2		1
544.3		1
544.4		1
544.5		1
544.6		1
544.7		1
544.8		1
544.9		1
545		1
545.1		1
545.2		1
545.3		1
545.4		1
545.5		1
545.6		1
545.7		1
545.8		1
545.9		1
546		1
546.1		1
546.2		1
546.3		1
546.4		1
546.5		1
546.6		1
546.7		1
546.8		1
546.9		1
547		1
547.1		1
547.2		1
547.3		1
547.4		1
547.5		1
547.6		1
547.7		1
547.8		1
547.9		1
548		1
548.1		1
548.2		1
548.3		1
548.4		1
548.5		1
548.6		1
548.7		1
548.8		1
548.9		1
549		1
549.1		1
549.2		1
549.3		1
549.4		1
549.5		1
549.6		1
549.7		1
549.8		1
549.9		1
550		1
550.1		1
550.2		1
550.3		1
550.4		1
550.5		1
550.6		1
550.7		1
550.8		1
550.9		1
551		1
551.1		1
551.2		1
551.3		1
551.4		1
551.5		1
551.6		1
551.7		1
551.8		1
551.9		1
552		1
552.1		1
552.2		1
552.3		1
552.4		1
552.5		1
552.6		1
552.7		1
552.8		1
552.9		1
553		1
553.1		1
553.2		1
553.3		1
553.4		1
553.5		1
553.6		1
553.7		1
553.8		1
553.9		1
554		1
554.1		1
554.2		1
554.3		1
554.4		1
554.5		1
554.6		1
554.7		1
554.8		1
554.9		1
555		1
555.1		1
555.2		1
555.3		1
555.4		1
555.5		1
555.6		1
555.7		1
555.8		1
555.9		1
556		1
556.1		1
556.2		1
556.3		1
556.4		1
556.5		1
556.6		1
556.7		1
556.8		1
556.9		1
557		1
557.1		1
557.2		1
557.3		1
557.4		1
557.5		1
557.6		1
557.7		1
557.8		1
557.9		1
558		1
558.1		1
558.2		1
558.3		1
558.4		1
558.5		1
558.6		1
558.7		1
558.8		1
558.9		1
559		1
559.1		1
559.2		1
559.3		1
559.4		1
559.5		1
559.6		1
559.7		1
559.8		1
559.9		1
560		1
560.1		1
560.2		1
560.3		1
560.4		1
560.5		1
560.6		1
560.7		1
560.8		1
560.9		1
561		1
561.1		1
561.2		1
561.3		1
561.4		1
561.5		1
561.6		1
561.7		1
561.8		1
561.9		1
562		1
562.1		1
562.2		1
562.3		1
562.4		1
562.5		1
562.6		1
562.7		1
562.8		1
562.9		1
563		1
563.1		1
563.2		1
563.3		1
563.4		1
563.5		1
563.6		1
563.7		1
563.8		1
563.9		1
564		1
564.1		1
564.2		1
564.3		1
564.4		1
564.5		1
564.6		1
564.7		1
564.8		1
564.9		1
565		1
565.1		1
565.2		1
565.3		1
565.4		1
565.5		1
565.6		1
565.7		1
565.8		1
565.9		1
566		1
566.1		1
566.2		1
566.3		1
566.4		1
566.5		1
566.6		1
566.7		1
566.8		1
566.9		1
567		1
567.1		1
567.2		1
567.3		1
567.4		1
567.5		1
567.6		1
567.7		1
567.8		1
567.9		1
568		1
568.1		1
568.2		1
568.3		1
568.4		1
568.5		1
568.6		1
568.7		1
568.8		1
568.9		1
569		1
569.1		1
569.2		1
569.3		1
569.4		1
569.5		1
569.6		1
569.7		1
569.8		1
569.9		1
570		1
570.1		1
570.2		1
570.3		1
570.4		1
570.5		1
570.6		1
570.7		1
570.8		1
570.9		1
571		1
571.1		1
571.2		1
571.3		1
571.4		1
571.5		1
571.6		1
571.7		1
571.8		1
571.9		1
572		1
572.1		1
572.2		1
572.3		1
572.4		1
572.5		1
572.6		1
572.7		1
572.8		1
572.9		1
573		1
573.1		1
573.2		1
573.3		1
573.4		1
573.5		1
573.6		1
573.7		1
573.8		1
573.9		1
574		1
574.1		1
574.2		1
574.3		1
574.4		1
574.5		1
574.6		1
574.7		1
574.8		1
574.9		1
575		1
575.1		1
575.2		1
575.3		1
575.4		1
575.5		1
575.6		1
575.7		1
575.8		1
575.9		1
576		1
576.1		1
576.2		1
576.3		1
576.4		1
576.5		1
576.6		1
576.7		1
576.8		1
576.9		1
577		1
577.1		1
577.2		1
577.3		1
577.4		1
577.5		1
577.6		1
577.7		1
577.8		1
577.9		1
578		1
578.1		1
578.2		1
578.3		1
578.4		1
578.5		1
578.6		1
578.7		1
578.8		1
578.9		1
579		1
579.1		1
579.2		1
579.3		1
579.4		1
579.5		1
579.6		1
579.7		1
579.8		1
579.9		1
580		1
580.1		1
580.2		1
580.3		1
580.4		1
580.5		1
580.6		1
580.7		1
580.8		1
580.9		1
581		1
581.1		1
581.2		1
581.3		1
581.4		1
581.5		1
581.6		1
581.7		1
581.8		1
581.9		1
582		1
582.1		1
582.2		1
582.3		1
582.4		1
582.5		1
582.6		1
582.7		1
582.8		1
582.9		1
583		1
583.1		1
583.2		1
583.3		1
583.4		1
583.5		1
583.6		1
583.7		1
583.8		1
583.9		1
584		1
584.1		1
584.2		1
584.3		1
584.4		1
584.5		1
584.6		1
584.7		1
584.8		1
584.9		1
585		1
585.1		1
585.2		1
585.3		1
585.4		1
585.5		1
585.6		1
585.7		1
585.8		1
585.9		1
586		1
586.1		1
586.2		1
586.3		1
586.4		1
586.5		1
586.6		1
586.7		1
586.8		1
586.9		1
587		1
587.1		1
587.2		1
587.3		1
587.4		1
587.5		1
587.6		1
587.7		1
587.8		1
587.9		1
588		1
588.1		1
588.2		1
588.3		1
588.4		1
588.5		1
588.6		1
588.7		1
588.8		1
588.9		1
589		1
589.1		1
589.2		1
589.3		1
589.4		1
589.5		1
589.6		1
589.7		1
589.8		1
589.9		1
590		1
590.1		1
590.2		1
590.3		1
590.4		1
590.5		1
590.6		1
590.7		1
590.8		1
590.9		1
591		1
591.1		1
591.2		1
591.3		1
591.4		1
591.5		1
591.6		1
591.7		1
591.8		1
591.9		1
592		1
592.1		1
592.2		1
592.3		1
592.4		1
592.5		1
592.6		1
592.7		1
592.8		1
592.9		1
593		1
593.1		1
593.2		1
593.3		1
593.4		1
593.5		1
593.6		1
593.7		1
593.8		1
593.9		1
594		1
594.1		1
594.2		1
594.3		1
594.4		1
594.5		1
594.6		1
594.7		1
594.8		1
594.9		1
595		1
595.1		1
595.2		1
595.3		1
595.4		1
595.5		1
595.6		1
595.7		1
595.8		1
595.9		1
596		1
596.1		1
596.2		1
596.3		1
596.4		1
596.5		1
596.6		1
596.7		1
596.8		1
596.9		1
597		1
597.1		1
597.2		1
597.3		1
597.4		1
597.5		1
597.6		1
597.7		1
597.8		1
597.9		1
598		1
598.1		1
598.2		1
598.3		1
598.4		1
598.5		1
598.6		1
598.7		1
598.8		1
598.9		1
599		1
599.1		1
599.2		1
599.3		1
599.4		1
599.5		1
599.6		1
599.7		1
599.8		1
599.9		1
600		1
