# Calibration file of tamex_id 1 @ channel 28
# fine_T bin		 Calibration value
0.1		0
0.2		0
0.3		0
0.4		0
0.5		0
0.6		0
0.7		0
0.8		0
0.9		0
1		0
1.1		0
1.2		0
1.3		0
1.4		0
1.5		0
1.6		0
1.7		0
1.8		0
1.9		0
2		0
2.1		0
2.2		0
2.3		0
2.4		0
2.5		0
2.6		0
2.7		0
2.8		0
2.9		0
3		0
3.1		0
3.2		0
3.3		0
3.4		0
3.5		0
3.6		0
3.7		0
3.8		0
3.9		0
4		0
4.1		0
4.2		0
4.3		0
4.4		0
4.5		0
4.6		0
4.7		0
4.8		0
4.9		0
5		0
5.1		0
5.2		0
5.3		0
5.4		0
5.5		0
5.6		0
5.7		0
5.8		0
5.9		0
6		0
6.1		0
6.2		0
6.3		0
6.4		0
6.5		0
6.6		0
6.7		0
6.8		0
6.9		0
7		0
7.1		0
7.2		0
7.3		0
7.4		0
7.5		0
7.6		0
7.7		0
7.8		0
7.9		0
8		0
8.1		0
8.2		0
8.3		0
8.4		0
8.5		0
8.6		0
8.7		0
8.8		0
8.9		0
9		0
9.1		0
9.2		0
9.3		0
9.4		0
9.5		0
9.6		0
9.7		0
9.8		0
9.9		0
10		0
10.1		0
10.2		0
10.3		0
10.4		0
10.5		0
10.6		0
10.7		0
10.8		0
10.9		0
11		0
11.1		0
11.2		0
11.3		0
11.4		0
11.5		0
11.6		0
11.7		0
11.8		0
11.9		0
12		0
12.1		0
12.2		0
12.3		0
12.4		0
12.5		0
12.6		0
12.7		0
12.8		0
12.9		0
13		0
13.1		0
13.2		0
13.3		0
13.4		0
13.5		0
13.6		0
13.7		0
13.8		0
13.9		0
14		0
14.1		0
14.2		0
14.3		0
14.4		0
14.5		0
14.6		0
14.7		0
14.8		0
14.9		0
15		0
15.1		0
15.2		0
15.3		0
15.4		0
15.5		0
15.6		0
15.7		0
15.8		0
15.9		0
16		0
16.1		0.00428397
16.2		0.00428397
16.3		0.00428397
16.4		0.00428397
16.5		0.00428397
16.6		0.00428397
16.7		0.00428397
16.8		0.00428397
16.9		0.00428397
17		0.00428397
17.1		0.00701754
17.2		0.00701754
17.3		0.00701754
17.4		0.00701754
17.5		0.00701754
17.6		0.00701754
17.7		0.00701754
17.8		0.00701754
17.9		0.00701754
18		0.00701754
18.1		0.00750714
18.2		0.00750714
18.3		0.00750714
18.4		0.00750714
18.5		0.00750714
18.6		0.00750714
18.7		0.00750714
18.8		0.00750714
18.9		0.00750714
19		0.00750714
19.1		0.00901673
19.2		0.00901673
19.3		0.00901673
19.4		0.00901673
19.5		0.00901673
19.6		0.00901673
19.7		0.00901673
19.8		0.00901673
19.9		0.00901673
20		0.00901673
20.1		0.0124031
20.2		0.0124031
20.3		0.0124031
20.4		0.0124031
20.5		0.0124031
20.6		0.0124031
20.7		0.0124031
20.8		0.0124031
20.9		0.0124031
21		0.0124031
21.1		0.0174623
21.2		0.0174623
21.3		0.0174623
21.4		0.0174623
21.5		0.0174623
21.6		0.0174623
21.7		0.0174623
21.8		0.0174623
21.9		0.0174623
22		0.0174623
22.1		0.0179519
22.2		0.0179519
22.3		0.0179519
22.4		0.0179519
22.5		0.0179519
22.6		0.0179519
22.7		0.0179519
22.8		0.0179519
22.9		0.0179519
23		0.0179519
23.1		0.0181559
23.2		0.0181559
23.3		0.0181559
23.4		0.0181559
23.5		0.0181559
23.6		0.0181559
23.7		0.0181559
23.8		0.0181559
23.9		0.0181559
24		0.0181559
24.1		0.0238678
24.2		0.0238678
24.3		0.0238678
24.4		0.0238678
24.5		0.0238678
24.6		0.0238678
24.7		0.0238678
24.8		0.0238678
24.9		0.0238678
25		0.0238678
25.1		0.0241942
25.2		0.0241942
25.3		0.0241942
25.4		0.0241942
25.5		0.0241942
25.6		0.0241942
25.7		0.0241942
25.8		0.0241942
25.9		0.0241942
26		0.0241942
26.1		0.0243574
26.2		0.0243574
26.3		0.0243574
26.4		0.0243574
26.5		0.0243574
26.6		0.0243574
26.7		0.0243574
26.8		0.0243574
26.9		0.0243574
27		0.0243574
27.1		0.0275806
27.2		0.0275806
27.3		0.0275806
27.4		0.0275806
27.5		0.0275806
27.6		0.0275806
27.7		0.0275806
27.8		0.0275806
27.9		0.0275806
28		0.0275806
28.1		0.0288862
28.2		0.0288862
28.3		0.0288862
28.4		0.0288862
28.5		0.0288862
28.6		0.0288862
28.7		0.0288862
28.8		0.0288862
28.9		0.0288862
29		0.0288862
29.1		0.0299878
29.2		0.0299878
29.3		0.0299878
29.4		0.0299878
29.5		0.0299878
29.6		0.0299878
29.7		0.0299878
29.8		0.0299878
29.9		0.0299878
30		0.0299878
30.1		0.0317829
30.2		0.0317829
30.3		0.0317829
30.4		0.0317829
30.5		0.0317829
30.6		0.0317829
30.7		0.0317829
30.8		0.0317829
30.9		0.0317829
31		0.0317829
31.1		0.0332517
31.2		0.0332517
31.3		0.0332517
31.4		0.0332517
31.5		0.0332517
31.6		0.0332517
31.7		0.0332517
31.8		0.0332517
31.9		0.0332517
32		0.0332517
32.1		0.0353733
32.2		0.0353733
32.3		0.0353733
32.4		0.0353733
32.5		0.0353733
32.6		0.0353733
32.7		0.0353733
32.8		0.0353733
32.9		0.0353733
33		0.0353733
33.1		0.0354141
33.2		0.0354141
33.3		0.0354141
33.4		0.0354141
33.5		0.0354141
33.6		0.0354141
33.7		0.0354141
33.8		0.0354141
33.9		0.0354141
34		0.0354141
34.1		0.0407589
34.2		0.0407589
34.3		0.0407589
34.4		0.0407589
34.5		0.0407589
34.6		0.0407589
34.7		0.0407589
34.8		0.0407589
34.9		0.0407589
35		0.0407589
35.1		0.0414525
35.2		0.0414525
35.3		0.0414525
35.4		0.0414525
35.5		0.0414525
35.6		0.0414525
35.7		0.0414525
35.8		0.0414525
35.9		0.0414525
36		0.0414525
36.1		0.0442268
36.2		0.0442268
36.3		0.0442268
36.4		0.0442268
36.5		0.0442268
36.6		0.0442268
36.7		0.0442268
36.8		0.0442268
36.9		0.0442268
37		0.0442268
37.1		0.0448388
37.2		0.0448388
37.3		0.0448388
37.4		0.0448388
37.5		0.0448388
37.6		0.0448388
37.7		0.0448388
37.8		0.0448388
37.9		0.0448388
38		0.0448388
38.1		0.0452468
38.2		0.0452468
38.3		0.0452468
38.4		0.0452468
38.5		0.0452468
38.6		0.0452468
38.7		0.0452468
38.8		0.0452468
38.9		0.0452468
39		0.0452468
39.1		0.0506324
39.2		0.0506324
39.3		0.0506324
39.4		0.0506324
39.5		0.0506324
39.6		0.0506324
39.7		0.0506324
39.8		0.0506324
39.9		0.0506324
40		0.0506324
40.1		0.0508364
40.2		0.0508364
40.3		0.0508364
40.4		0.0508364
40.5		0.0508364
40.6		0.0508364
40.7		0.0508364
40.8		0.0508364
40.9		0.0508364
41		0.0508364
41.1		0.0534068
41.2		0.0534068
41.3		0.0534068
41.4		0.0534068
41.5		0.0534068
41.6		0.0534068
41.7		0.0534068
41.8		0.0534068
41.9		0.0534068
42		0.0534068
42.1		0.0554876
42.2		0.0554876
42.3		0.0554876
42.4		0.0554876
42.5		0.0554876
42.6		0.0554876
42.7		0.0554876
42.8		0.0554876
42.9		0.0554876
43		0.0554876
43.1		0.0568747
43.2		0.0568747
43.3		0.0568747
43.4		0.0568747
43.5		0.0568747
43.6		0.0568747
43.7		0.0568747
43.8		0.0568747
43.9		0.0568747
44		0.0568747
44.1		0.0569155
44.2		0.0569155
44.3		0.0569155
44.4		0.0569155
44.5		0.0569155
44.6		0.0569155
44.7		0.0569155
44.8		0.0569155
44.9		0.0569155
45		0.0569155
45.1		0.0596491
45.2		0.0596491
45.3		0.0596491
45.4		0.0596491
45.5		0.0596491
45.6		0.0596491
45.7		0.0596491
45.8		0.0596491
45.9		0.0596491
46		0.0596491
46.1		0.0627499
46.2		0.0627499
46.3		0.0627499
46.4		0.0627499
46.5		0.0627499
46.6		0.0627499
46.7		0.0627499
46.8		0.0627499
46.9		0.0627499
47		0.0627499
47.1		0.0630355
47.2		0.0630355
47.3		0.0630355
47.4		0.0630355
47.5		0.0630355
47.6		0.0630355
47.7		0.0630355
47.8		0.0630355
47.9		0.0630355
48		0.0630355
48.1		0.0652795
48.2		0.0652795
48.3		0.0652795
48.4		0.0652795
48.5		0.0652795
48.6		0.0652795
48.7		0.0652795
48.8		0.0652795
48.9		0.0652795
49		0.0652795
49.1		0.0653203
49.2		0.0653203
49.3		0.0653203
49.4		0.0653203
49.5		0.0653203
49.6		0.0653203
49.7		0.0653203
49.8		0.0653203
49.9		0.0653203
50		0.0653203
50.1		0.0687475
50.2		0.0687475
50.3		0.0687475
50.4		0.0687475
50.5		0.0687475
50.6		0.0687475
50.7		0.0687475
50.8		0.0687475
50.9		0.0687475
51		0.0687475
51.1		0.0713178
51.2		0.0713178
51.3		0.0713178
51.4		0.0713178
51.5		0.0713178
51.6		0.0713178
51.7		0.0713178
51.8		0.0713178
51.9		0.0713178
52		0.0713178
52.1		0.0723786
52.2		0.0723786
52.3		0.0723786
52.4		0.0723786
52.5		0.0723786
52.6		0.0723786
52.7		0.0723786
52.8		0.0723786
52.9		0.0723786
53		0.0723786
53.1		0.0753978
53.2		0.0753978
53.3		0.0753978
53.4		0.0753978
53.5		0.0753978
53.6		0.0753978
53.7		0.0753978
53.8		0.0753978
53.9		0.0753978
54		0.0753978
54.1		0.076989
54.2		0.076989
54.3		0.076989
54.4		0.076989
54.5		0.076989
54.6		0.076989
54.7		0.076989
54.8		0.076989
54.9		0.076989
55		0.076989
55.1		0.0777642
55.2		0.0777642
55.3		0.0777642
55.4		0.0777642
55.5		0.0777642
55.6		0.0777642
55.7		0.0777642
55.8		0.0777642
55.9		0.0777642
56		0.0777642
56.1		0.0798042
56.2		0.0798042
56.3		0.0798042
56.4		0.0798042
56.5		0.0798042
56.6		0.0798042
56.7		0.0798042
56.8		0.0798042
56.9		0.0798042
57		0.0798042
57.1		0.0820073
57.2		0.0820073
57.3		0.0820073
57.4		0.0820073
57.5		0.0820073
57.6		0.0820073
57.7		0.0820073
57.8		0.0820073
57.9		0.0820073
58		0.0820073
58.1		0.0864137
58.2		0.0864137
58.3		0.0864137
58.4		0.0864137
58.5		0.0864137
58.6		0.0864137
58.7		0.0864137
58.8		0.0864137
58.9		0.0864137
59		0.0864137
59.1		0.0879641
59.2		0.0879641
59.3		0.0879641
59.4		0.0879641
59.5		0.0879641
59.6		0.0879641
59.7		0.0879641
59.8		0.0879641
59.9		0.0879641
60		0.0879641
60.1		0.0889025
60.2		0.0889025
60.3		0.0889025
60.4		0.0889025
60.5		0.0889025
60.6		0.0889025
60.7		0.0889025
60.8		0.0889025
60.9		0.0889025
61		0.0889025
61.1		0.0898409
61.2		0.0898409
61.3		0.0898409
61.4		0.0898409
61.5		0.0898409
61.6		0.0898409
61.7		0.0898409
61.8		0.0898409
61.9		0.0898409
62		0.0898409
62.1		0.094492
62.2		0.094492
62.3		0.094492
62.4		0.094492
62.5		0.094492
62.6		0.094492
62.7		0.094492
62.8		0.094492
62.9		0.094492
63		0.094492
63.1		0.0959608
63.2		0.0959608
63.3		0.0959608
63.4		0.0959608
63.5		0.0959608
63.6		0.0959608
63.7		0.0959608
63.8		0.0959608
63.9		0.0959608
64		0.0959608
64.1		0.0975928
64.2		0.0975928
64.3		0.0975928
64.4		0.0975928
64.5		0.0975928
64.6		0.0975928
64.7		0.0975928
64.8		0.0975928
64.9		0.0975928
65		0.0975928
65.1		0.100326
65.2		0.100326
65.3		0.100326
65.4		0.100326
65.5		0.100326
65.6		0.100326
65.7		0.100326
65.8		0.100326
65.9		0.100326
66		0.100326
66.1		0.101673
66.2		0.101673
66.3		0.101673
66.4		0.101673
66.5		0.101673
66.6		0.101673
66.7		0.101673
66.8		0.101673
66.9		0.101673
67		0.101673
67.1		0.101754
67.2		0.101754
67.3		0.101754
67.4		0.101754
67.5		0.101754
67.6		0.101754
67.7		0.101754
67.8		0.101754
67.9		0.101754
68		0.101754
68.1		0.105018
68.2		0.105018
68.3		0.105018
68.4		0.105018
68.5		0.105018
68.6		0.105018
68.7		0.105018
68.8		0.105018
68.9		0.105018
69		0.105018
69.1		0.107793
69.2		0.107793
69.3		0.107793
69.4		0.107793
69.5		0.107793
69.6		0.107793
69.7		0.107793
69.8		0.107793
69.9		0.107793
70		0.107793
70.1		0.110526
70.2		0.110526
70.3		0.110526
70.4		0.110526
70.5		0.110526
70.6		0.110526
70.7		0.110526
70.8		0.110526
70.9		0.110526
71		0.110526
71.1		0.11171
71.2		0.11171
71.3		0.11171
71.4		0.11171
71.5		0.11171
71.6		0.11171
71.7		0.11171
71.8		0.11171
71.9		0.11171
72		0.11171
72.1		0.115177
72.2		0.115177
72.3		0.115177
72.4		0.115177
72.5		0.115177
72.6		0.115177
72.7		0.115177
72.8		0.115177
72.9		0.115177
73		0.115177
73.1		0.116483
73.2		0.116483
73.3		0.116483
73.4		0.116483
73.5		0.116483
73.6		0.116483
73.7		0.116483
73.8		0.116483
73.9		0.116483
74		0.116483
74.1		0.116932
74.2		0.116932
74.3		0.116932
74.4		0.116932
74.5		0.116932
74.6		0.116932
74.7		0.116932
74.8		0.116932
74.9		0.116932
75		0.116932
75.1		0.121297
75.2		0.121297
75.3		0.121297
75.4		0.121297
75.5		0.121297
75.6		0.121297
75.7		0.121297
75.8		0.121297
75.9		0.121297
76		0.121297
76.1		0.12142
76.2		0.12142
76.3		0.12142
76.4		0.12142
76.5		0.12142
76.6		0.12142
76.7		0.12142
76.8		0.12142
76.9		0.12142
77		0.12142
77.1		0.121746
77.2		0.121746
77.3		0.121746
77.4		0.121746
77.5		0.121746
77.6		0.121746
77.7		0.121746
77.8		0.121746
77.9		0.121746
78		0.121746
78.1		0.12501
78.2		0.12501
78.3		0.12501
78.4		0.12501
78.5		0.12501
78.6		0.12501
78.7		0.12501
78.8		0.12501
78.9		0.12501
79		0.12501
79.1		0.127621
79.2		0.127621
79.3		0.127621
79.4		0.127621
79.5		0.127621
79.6		0.127621
79.7		0.127621
79.8		0.127621
79.9		0.127621
80		0.127621
80.1		0.130845
80.2		0.130845
80.3		0.130845
80.4		0.130845
80.5		0.130845
80.6		0.130845
80.7		0.130845
80.8		0.130845
80.9		0.130845
81		0.130845
81.1		0.13264
81.2		0.13264
81.3		0.13264
81.4		0.13264
81.5		0.13264
81.6		0.13264
81.7		0.13264
81.8		0.13264
81.9		0.13264
82		0.13264
82.1		0.133986
82.2		0.133986
82.3		0.133986
82.4		0.133986
82.5		0.133986
82.6		0.133986
82.7		0.133986
82.8		0.133986
82.9		0.133986
83		0.133986
83.1		0.134353
83.2		0.134353
83.3		0.134353
83.4		0.134353
83.5		0.134353
83.6		0.134353
83.7		0.134353
83.8		0.134353
83.9		0.134353
84		0.134353
84.1		0.139412
84.2		0.139412
84.3		0.139412
84.4		0.139412
84.5		0.139412
84.6		0.139412
84.7		0.139412
84.8		0.139412
84.9		0.139412
85		0.139412
85.1		0.142432
85.2		0.142432
85.3		0.142432
85.4		0.142432
85.5		0.142432
85.6		0.142432
85.7		0.142432
85.8		0.142432
85.9		0.142432
86		0.142432
86.1		0.144227
86.2		0.144227
86.3		0.144227
86.4		0.144227
86.5		0.144227
86.6		0.144227
86.7		0.144227
86.8		0.144227
86.9		0.144227
87		0.144227
87.1		0.146104
87.2		0.146104
87.3		0.146104
87.4		0.146104
87.5		0.146104
87.6		0.146104
87.7		0.146104
87.8		0.146104
87.9		0.146104
88		0.146104
88.1		0.147654
88.2		0.147654
88.3		0.147654
88.4		0.147654
88.5		0.147654
88.6		0.147654
88.7		0.147654
88.8		0.147654
88.9		0.147654
89		0.147654
89.1		0.15153
89.2		0.15153
89.3		0.15153
89.4		0.15153
89.5		0.15153
89.6		0.15153
89.7		0.15153
89.8		0.15153
89.9		0.15153
90		0.15153
90.1		0.151816
90.2		0.151816
90.3		0.151816
90.4		0.151816
90.5		0.151816
90.6		0.151816
90.7		0.151816
90.8		0.151816
90.9		0.151816
91		0.151816
91.1		0.155447
91.2		0.155447
91.3		0.155447
91.4		0.155447
91.5		0.155447
91.6		0.155447
91.7		0.155447
91.8		0.155447
91.9		0.155447
92		0.155447
92.1		0.157364
92.2		0.157364
92.3		0.157364
92.4		0.157364
92.5		0.157364
92.6		0.157364
92.7		0.157364
92.8		0.157364
92.9		0.157364
93		0.157364
93.1		0.157936
93.2		0.157936
93.3		0.157936
93.4		0.157936
93.5		0.157936
93.6		0.157936
93.7		0.157936
93.8		0.157936
93.9		0.157936
94		0.157936
94.1		0.160098
94.2		0.160098
94.3		0.160098
94.4		0.160098
94.5		0.160098
94.6		0.160098
94.7		0.160098
94.8		0.160098
94.9		0.160098
95		0.160098
95.1		0.163362
95.2		0.163362
95.3		0.163362
95.4		0.163362
95.5		0.163362
95.6		0.163362
95.7		0.163362
95.8		0.163362
95.9		0.163362
96		0.163362
96.1		0.1643
96.2		0.1643
96.3		0.1643
96.4		0.1643
96.5		0.1643
96.6		0.1643
96.7		0.1643
96.8		0.1643
96.9		0.1643
97		0.1643
97.1		0.16736
97.2		0.16736
97.3		0.16736
97.4		0.16736
97.5		0.16736
97.6		0.16736
97.7		0.16736
97.8		0.16736
97.9		0.16736
98		0.16736
98.1		0.168992
98.2		0.168992
98.3		0.168992
98.4		0.168992
98.5		0.168992
98.6		0.168992
98.7		0.168992
98.8		0.168992
98.9		0.168992
99		0.168992
99.1		0.170624
99.2		0.170624
99.3		0.170624
99.4		0.170624
99.5		0.170624
99.6		0.170624
99.7		0.170624
99.8		0.170624
99.9		0.170624
100		0.170624
100.1		0.172215
100.2		0.172215
100.3		0.172215
100.4		0.172215
100.5		0.172215
100.6		0.172215
100.7		0.172215
100.8		0.172215
100.9		0.172215
101		0.172215
101.1		0.17246
101.2		0.17246
101.3		0.17246
101.4		0.17246
101.5		0.17246
101.6		0.17246
101.7		0.17246
101.8		0.17246
101.9		0.17246
102		0.17246
102.1		0.17858
102.2		0.17858
102.3		0.17858
102.4		0.17858
102.5		0.17858
102.6		0.17858
102.7		0.17858
102.8		0.17858
102.9		0.17858
103		0.17858
103.1		0.179355
103.2		0.179355
103.3		0.179355
103.4		0.179355
103.5		0.179355
103.6		0.179355
103.7		0.179355
103.8		0.179355
103.9		0.179355
104		0.179355
104.1		0.181722
104.2		0.181722
104.3		0.181722
104.4		0.181722
104.5		0.181722
104.6		0.181722
104.7		0.181722
104.8		0.181722
104.9		0.181722
105		0.181722
105.1		0.183231
105.2		0.183231
105.3		0.183231
105.4		0.183231
105.5		0.183231
105.6		0.183231
105.7		0.183231
105.8		0.183231
105.9		0.183231
106		0.183231
106.1		0.1847
106.2		0.1847
106.3		0.1847
106.4		0.1847
106.5		0.1847
106.6		0.1847
106.7		0.1847
106.8		0.1847
106.9		0.1847
107		0.1847
107.1		0.186006
107.2		0.186006
107.3		0.186006
107.4		0.186006
107.5		0.186006
107.6		0.186006
107.7		0.186006
107.8		0.186006
107.9		0.186006
108		0.186006
108.1		0.189841
108.2		0.189841
108.3		0.189841
108.4		0.189841
108.5		0.189841
108.6		0.189841
108.7		0.189841
108.8		0.189841
108.9		0.189841
109		0.189841
109.1		0.190004
109.2		0.190004
109.3		0.190004
109.4		0.190004
109.5		0.190004
109.6		0.190004
109.7		0.190004
109.8		0.190004
109.9		0.190004
110		0.190004
110.1		0.191146
110.2		0.191146
110.3		0.191146
110.4		0.191146
110.5		0.191146
110.6		0.191146
110.7		0.191146
110.8		0.191146
110.9		0.191146
111		0.191146
111.1		0.195104
111.2		0.195104
111.3		0.195104
111.4		0.195104
111.5		0.195104
111.6		0.195104
111.7		0.195104
111.8		0.195104
111.9		0.195104
112		0.195104
112.1		0.195267
112.2		0.195267
112.3		0.195267
112.4		0.195267
112.5		0.195267
112.6		0.195267
112.7		0.195267
112.8		0.195267
112.9		0.195267
113		0.195267
113.1		0.198654
113.2		0.198654
113.3		0.198654
113.4		0.198654
113.5		0.198654
113.6		0.198654
113.7		0.198654
113.8		0.198654
113.9		0.198654
114		0.198654
114.1		0.20204
114.2		0.20204
114.3		0.20204
114.4		0.20204
114.5		0.20204
114.6		0.20204
114.7		0.20204
114.8		0.20204
114.9		0.20204
115		0.20204
115.1		0.20408
115.2		0.20408
115.3		0.20408
115.4		0.20408
115.5		0.20408
115.6		0.20408
115.7		0.20408
115.8		0.20408
115.9		0.20408
116		0.20408
116.1		0.205916
116.2		0.205916
116.3		0.205916
116.4		0.205916
116.5		0.205916
116.6		0.205916
116.7		0.205916
116.8		0.205916
116.9		0.205916
117		0.205916
117.1		0.210404
117.2		0.210404
117.3		0.210404
117.4		0.210404
117.5		0.210404
117.6		0.210404
117.7		0.210404
117.8		0.210404
117.9		0.210404
118		0.210404
118.1		0.21224
118.2		0.21224
118.3		0.21224
118.4		0.21224
118.5		0.21224
118.6		0.21224
118.7		0.21224
118.8		0.21224
118.9		0.21224
119		0.21224
119.1		0.213627
119.2		0.213627
119.3		0.213627
119.4		0.213627
119.5		0.213627
119.6		0.213627
119.7		0.213627
119.8		0.213627
119.9		0.213627
120		0.213627
120.1		0.214565
120.2		0.214565
120.3		0.214565
120.4		0.214565
120.5		0.214565
120.6		0.214565
120.7		0.214565
120.8		0.214565
120.9		0.214565
121		0.214565
121.1		0.217952
121.2		0.217952
121.3		0.217952
121.4		0.217952
121.5		0.217952
121.6		0.217952
121.7		0.217952
121.8		0.217952
121.9		0.217952
122		0.217952
122.1		0.218931
122.2		0.218931
122.3		0.218931
122.4		0.218931
122.5		0.218931
122.6		0.218931
122.7		0.218931
122.8		0.218931
122.9		0.218931
123		0.218931
123.1		0.221828
123.2		0.221828
123.3		0.221828
123.4		0.221828
123.5		0.221828
123.6		0.221828
123.7		0.221828
123.8		0.221828
123.9		0.221828
124		0.221828
124.1		0.225337
124.2		0.225337
124.3		0.225337
124.4		0.225337
124.5		0.225337
124.6		0.225337
124.7		0.225337
124.8		0.225337
124.9		0.225337
125		0.225337
125.1		0.225745
125.2		0.225745
125.3		0.225745
125.4		0.225745
125.5		0.225745
125.6		0.225745
125.7		0.225745
125.8		0.225745
125.9		0.225745
126		0.225745
126.1		0.229457
126.2		0.229457
126.3		0.229457
126.4		0.229457
126.5		0.229457
126.6		0.229457
126.7		0.229457
126.8		0.229457
126.9		0.229457
127		0.229457
127.1		0.229784
127.2		0.229784
127.3		0.229784
127.4		0.229784
127.5		0.229784
127.6		0.229784
127.7		0.229784
127.8		0.229784
127.9		0.229784
128		0.229784
128.1		0.232966
128.2		0.232966
128.3		0.232966
128.4		0.232966
128.5		0.232966
128.6		0.232966
128.7		0.232966
128.8		0.232966
128.9		0.232966
129		0.232966
129.1		0.235047
129.2		0.235047
129.3		0.235047
129.4		0.235047
129.5		0.235047
129.6		0.235047
129.7		0.235047
129.8		0.235047
129.9		0.235047
130		0.235047
130.1		0.236883
130.2		0.236883
130.3		0.236883
130.4		0.236883
130.5		0.236883
130.6		0.236883
130.7		0.236883
130.8		0.236883
130.9		0.236883
131		0.236883
131.1		0.239412
131.2		0.239412
131.3		0.239412
131.4		0.239412
131.5		0.239412
131.6		0.239412
131.7		0.239412
131.8		0.239412
131.9		0.239412
132		0.239412
132.1		0.239494
132.2		0.239494
132.3		0.239494
132.4		0.239494
132.5		0.239494
132.6		0.239494
132.7		0.239494
132.8		0.239494
132.9		0.239494
133		0.239494
133.1		0.23978
133.2		0.23978
133.3		0.23978
133.4		0.23978
133.5		0.23978
133.6		0.23978
133.7		0.23978
133.8		0.23978
133.9		0.23978
134		0.23978
134.1		0.24182
134.2		0.24182
134.3		0.24182
134.4		0.24182
134.5		0.24182
134.6		0.24182
134.7		0.24182
134.8		0.24182
134.9		0.24182
135		0.24182
135.1		0.245573
135.2		0.245573
135.3		0.245573
135.4		0.245573
135.5		0.245573
135.6		0.245573
135.7		0.245573
135.8		0.245573
135.9		0.245573
136		0.245573
136.1		0.249164
136.2		0.249164
136.3		0.249164
136.4		0.249164
136.5		0.249164
136.6		0.249164
136.7		0.249164
136.8		0.249164
136.9		0.249164
137		0.249164
137.1		0.249286
137.2		0.249286
137.3		0.249286
137.4		0.249286
137.5		0.249286
137.6		0.249286
137.7		0.249286
137.8		0.249286
137.9		0.249286
138		0.249286
138.1		0.250224
138.2		0.250224
138.3		0.250224
138.4		0.250224
138.5		0.250224
138.6		0.250224
138.7		0.250224
138.8		0.250224
138.9		0.250224
139		0.250224
139.1		0.25051
139.2		0.25051
139.3		0.25051
139.4		0.25051
139.5		0.25051
139.6		0.25051
139.7		0.25051
139.8		0.25051
139.9		0.25051
140		0.25051
140.1		0.253815
140.2		0.253815
140.3		0.253815
140.4		0.253815
140.5		0.253815
140.6		0.253815
140.7		0.253815
140.8		0.253815
140.9		0.253815
141		0.253815
141.1		0.256752
141.2		0.256752
141.3		0.256752
141.4		0.256752
141.5		0.256752
141.6		0.256752
141.7		0.256752
141.8		0.256752
141.9		0.256752
142		0.256752
142.1		0.259323
142.2		0.259323
142.3		0.259323
142.4		0.259323
142.5		0.259323
142.6		0.259323
142.7		0.259323
142.8		0.259323
142.9		0.259323
143		0.259323
143.1		0.260384
143.2		0.260384
143.3		0.260384
143.4		0.260384
143.5		0.260384
143.6		0.260384
143.7		0.260384
143.8		0.260384
143.9		0.260384
144		0.260384
144.1		0.261812
144.2		0.261812
144.3		0.261812
144.4		0.261812
144.5		0.261812
144.6		0.261812
144.7		0.261812
144.8		0.261812
144.9		0.261812
145		0.261812
145.1		0.262301
145.2		0.262301
145.3		0.262301
145.4		0.262301
145.5		0.262301
145.6		0.262301
145.7		0.262301
145.8		0.262301
145.9		0.262301
146		0.262301
146.1		0.264015
146.2		0.264015
146.3		0.264015
146.4		0.264015
146.5		0.264015
146.6		0.264015
146.7		0.264015
146.8		0.264015
146.9		0.264015
147		0.264015
147.1		0.267972
147.2		0.267972
147.3		0.267972
147.4		0.267972
147.5		0.267972
147.6		0.267972
147.7		0.267972
147.8		0.267972
147.9		0.267972
148		0.267972
148.1		0.270461
148.2		0.270461
148.3		0.270461
148.4		0.270461
148.5		0.270461
148.6		0.270461
148.7		0.270461
148.8		0.270461
148.9		0.270461
149		0.270461
149.1		0.271399
149.2		0.271399
149.3		0.271399
149.4		0.271399
149.5		0.271399
149.6		0.271399
149.7		0.271399
149.8		0.271399
149.9		0.271399
150		0.271399
150.1		0.272787
150.2		0.272787
150.3		0.272787
150.4		0.272787
150.5		0.272787
150.6		0.272787
150.7		0.272787
150.8		0.272787
150.9		0.272787
151		0.272787
151.1		0.277887
151.2		0.277887
151.3		0.277887
151.4		0.277887
151.5		0.277887
151.6		0.277887
151.7		0.277887
151.8		0.277887
151.9		0.277887
152		0.277887
152.1		0.278254
152.2		0.278254
152.3		0.278254
152.4		0.278254
152.5		0.278254
152.6		0.278254
152.7		0.278254
152.8		0.278254
152.9		0.278254
153		0.278254
153.1		0.281477
153.2		0.281477
153.3		0.281477
153.4		0.281477
153.5		0.281477
153.6		0.281477
153.7		0.281477
153.8		0.281477
153.9		0.281477
154		0.281477
154.1		0.284047
154.2		0.284047
154.3		0.284047
154.4		0.284047
154.5		0.284047
154.6		0.284047
154.7		0.284047
154.8		0.284047
154.9		0.284047
155		0.284047
155.1		0.284578
155.2		0.284578
155.3		0.284578
155.4		0.284578
155.5		0.284578
155.6		0.284578
155.7		0.284578
155.8		0.284578
155.9		0.284578
156		0.284578
156.1		0.287801
156.2		0.287801
156.3		0.287801
156.4		0.287801
156.5		0.287801
156.6		0.287801
156.7		0.287801
156.8		0.287801
156.9		0.287801
157		0.287801
157.1		0.289555
157.2		0.289555
157.3		0.289555
157.4		0.289555
157.5		0.289555
157.6		0.289555
157.7		0.289555
157.8		0.289555
157.9		0.289555
158		0.289555
158.1		0.291881
158.2		0.291881
158.3		0.291881
158.4		0.291881
158.5		0.291881
158.6		0.291881
158.7		0.291881
158.8		0.291881
158.9		0.291881
159		0.291881
159.1		0.29388
159.2		0.29388
159.3		0.29388
159.4		0.29388
159.5		0.29388
159.6		0.29388
159.7		0.29388
159.8		0.29388
159.9		0.29388
160		0.29388
160.1		0.294206
160.2		0.294206
160.3		0.294206
160.4		0.294206
160.5		0.294206
160.6		0.294206
160.7		0.294206
160.8		0.294206
160.9		0.294206
161		0.294206
161.1		0.296083
161.2		0.296083
161.3		0.296083
161.4		0.296083
161.5		0.296083
161.6		0.296083
161.7		0.296083
161.8		0.296083
161.9		0.296083
162		0.296083
162.1		0.301877
162.2		0.301877
162.3		0.301877
162.4		0.301877
162.5		0.301877
162.6		0.301877
162.7		0.301877
162.8		0.301877
162.9		0.301877
163		0.301877
163.1		0.303019
163.2		0.303019
163.3		0.303019
163.4		0.303019
163.5		0.303019
163.6		0.303019
163.7		0.303019
163.8		0.303019
163.9		0.303019
164		0.303019
164.1		0.306365
164.2		0.306365
164.3		0.306365
164.4		0.306365
164.5		0.306365
164.6		0.306365
164.7		0.306365
164.8		0.306365
164.9		0.306365
165		0.306365
165.1		0.306814
165.2		0.306814
165.3		0.306814
165.4		0.306814
165.5		0.306814
165.6		0.306814
165.7		0.306814
165.8		0.306814
165.9		0.306814
166		0.306814
166.1		0.307344
166.2		0.307344
166.3		0.307344
166.4		0.307344
166.5		0.307344
166.6		0.307344
166.7		0.307344
166.8		0.307344
166.9		0.307344
167		0.307344
167.1		0.310812
167.2		0.310812
167.3		0.310812
167.4		0.310812
167.5		0.310812
167.6		0.310812
167.7		0.310812
167.8		0.310812
167.9		0.310812
168		0.310812
168.1		0.313709
168.2		0.313709
168.3		0.313709
168.4		0.313709
168.5		0.313709
168.6		0.313709
168.7		0.313709
168.8		0.313709
168.9		0.313709
169		0.313709
169.1		0.316034
169.2		0.316034
169.3		0.316034
169.4		0.316034
169.5		0.316034
169.6		0.316034
169.7		0.316034
169.8		0.316034
169.9		0.316034
170		0.316034
170.1		0.317462
170.2		0.317462
170.3		0.317462
170.4		0.317462
170.5		0.317462
170.6		0.317462
170.7		0.317462
170.8		0.317462
170.9		0.317462
171		0.317462
171.1		0.317707
171.2		0.317707
171.3		0.317707
171.4		0.317707
171.5		0.317707
171.6		0.317707
171.7		0.317707
171.8		0.317707
171.9		0.317707
172		0.317707
172.1		0.318523
172.2		0.318523
172.3		0.318523
172.4		0.318523
172.5		0.318523
172.6		0.318523
172.7		0.318523
172.8		0.318523
172.9		0.318523
173		0.318523
173.1		0.32142
173.2		0.32142
173.3		0.32142
173.4		0.32142
173.5		0.32142
173.6		0.32142
173.7		0.32142
173.8		0.32142
173.9		0.32142
174		0.32142
174.1		0.321787
174.2		0.321787
174.3		0.321787
174.4		0.321787
174.5		0.321787
174.6		0.321787
174.7		0.321787
174.8		0.321787
174.9		0.321787
175		0.321787
175.1		0.328356
175.2		0.328356
175.3		0.328356
175.4		0.328356
175.5		0.328356
175.6		0.328356
175.7		0.328356
175.8		0.328356
175.9		0.328356
176		0.328356
176.1		0.328927
176.2		0.328927
176.3		0.328927
176.4		0.328927
176.5		0.328927
176.6		0.328927
176.7		0.328927
176.8		0.328927
176.9		0.328927
177		0.328927
177.1		0.329294
177.2		0.329294
177.3		0.329294
177.4		0.329294
177.5		0.329294
177.6		0.329294
177.7		0.329294
177.8		0.329294
177.9		0.329294
178		0.329294
178.1		0.329947
178.2		0.329947
178.3		0.329947
178.4		0.329947
178.5		0.329947
178.6		0.329947
178.7		0.329947
178.8		0.329947
178.9		0.329947
179		0.329947
179.1		0.332028
179.2		0.332028
179.3		0.332028
179.4		0.332028
179.5		0.332028
179.6		0.332028
179.7		0.332028
179.8		0.332028
179.9		0.332028
180		0.332028
180.1		0.334802
180.2		0.334802
180.3		0.334802
180.4		0.334802
180.5		0.334802
180.6		0.334802
180.7		0.334802
180.8		0.334802
180.9		0.334802
181		0.334802
181.1		0.337984
181.2		0.337984
181.3		0.337984
181.4		0.337984
181.5		0.337984
181.6		0.337984
181.7		0.337984
181.8		0.337984
181.9		0.337984
182		0.337984
182.1		0.338188
182.2		0.338188
182.3		0.338188
182.4		0.338188
182.5		0.338188
182.6		0.338188
182.7		0.338188
182.8		0.338188
182.9		0.338188
183		0.338188
183.1		0.338596
183.2		0.338596
183.3		0.338596
183.4		0.338596
183.5		0.338596
183.6		0.338596
183.7		0.338596
183.8		0.338596
183.9		0.338596
184		0.338596
184.1		0.341208
184.2		0.341208
184.3		0.341208
184.4		0.341208
184.5		0.341208
184.6		0.341208
184.7		0.341208
184.8		0.341208
184.9		0.341208
185		0.341208
185.1		0.343819
185.2		0.343819
185.3		0.343819
185.4		0.343819
185.5		0.343819
185.6		0.343819
185.7		0.343819
185.8		0.343819
185.9		0.343819
186		0.343819
186.1		0.345165
186.2		0.345165
186.3		0.345165
186.4		0.345165
186.5		0.345165
186.6		0.345165
186.7		0.345165
186.8		0.345165
186.9		0.345165
187		0.345165
187.1		0.348756
187.2		0.348756
187.3		0.348756
187.4		0.348756
187.5		0.348756
187.6		0.348756
187.7		0.348756
187.8		0.348756
187.9		0.348756
188		0.348756
188.1		0.350388
188.2		0.350388
188.3		0.350388
188.4		0.350388
188.5		0.350388
188.6		0.350388
188.7		0.350388
188.8		0.350388
188.9		0.350388
189		0.350388
189.1		0.352101
189.2		0.352101
189.3		0.352101
189.4		0.352101
189.5		0.352101
189.6		0.352101
189.7		0.352101
189.8		0.352101
189.9		0.352101
190		0.352101
190.1		0.354345
190.2		0.354345
190.3		0.354345
190.4		0.354345
190.5		0.354345
190.6		0.354345
190.7		0.354345
190.8		0.354345
190.9		0.354345
191		0.354345
191.1		0.356059
191.2		0.356059
191.3		0.356059
191.4		0.356059
191.5		0.356059
191.6		0.356059
191.7		0.356059
191.8		0.356059
191.9		0.356059
192		0.356059
192.1		0.359731
192.2		0.359731
192.3		0.359731
192.4		0.359731
192.5		0.359731
192.6		0.359731
192.7		0.359731
192.8		0.359731
192.9		0.359731
193		0.359731
193.1		0.361159
193.2		0.361159
193.3		0.361159
193.4		0.361159
193.5		0.361159
193.6		0.361159
193.7		0.361159
193.8		0.361159
193.9		0.361159
194		0.361159
194.1		0.36222
194.2		0.36222
194.3		0.36222
194.4		0.36222
194.5		0.36222
194.6		0.36222
194.7		0.36222
194.8		0.36222
194.9		0.36222
195		0.36222
195.1		0.364259
195.2		0.364259
195.3		0.364259
195.4		0.364259
195.5		0.364259
195.6		0.364259
195.7		0.364259
195.8		0.364259
195.9		0.364259
196		0.364259
196.1		0.368176
196.2		0.368176
196.3		0.368176
196.4		0.368176
196.5		0.368176
196.6		0.368176
196.7		0.368176
196.8		0.368176
196.9		0.368176
197		0.368176
197.1		0.36887
197.2		0.36887
197.3		0.36887
197.4		0.36887
197.5		0.36887
197.6		0.36887
197.7		0.36887
197.8		0.36887
197.9		0.36887
198		0.36887
198.1		0.370869
198.2		0.370869
198.3		0.370869
198.4		0.370869
198.5		0.370869
198.6		0.370869
198.7		0.370869
198.8		0.370869
198.9		0.370869
199		0.370869
199.1		0.372175
199.2		0.372175
199.3		0.372175
199.4		0.372175
199.5		0.372175
199.6		0.372175
199.7		0.372175
199.8		0.372175
199.9		0.372175
200		0.372175
200.1		0.373725
200.2		0.373725
200.3		0.373725
200.4		0.373725
200.5		0.373725
200.6		0.373725
200.7		0.373725
200.8		0.373725
200.9		0.373725
201		0.373725
201.1		0.377968
201.2		0.377968
201.3		0.377968
201.4		0.377968
201.5		0.377968
201.6		0.377968
201.7		0.377968
201.8		0.377968
201.9		0.377968
202		0.377968
202.1		0.378499
202.2		0.378499
202.3		0.378499
202.4		0.378499
202.5		0.378499
202.6		0.378499
202.7		0.378499
202.8		0.378499
202.9		0.378499
203		0.378499
203.1		0.380212
203.2		0.380212
203.3		0.380212
203.4		0.380212
203.5		0.380212
203.6		0.380212
203.7		0.380212
203.8		0.380212
203.9		0.380212
204		0.380212
204.1		0.384007
204.2		0.384007
204.3		0.384007
204.4		0.384007
204.5		0.384007
204.6		0.384007
204.7		0.384007
204.8		0.384007
204.9		0.384007
205		0.384007
205.1		0.388209
205.2		0.388209
205.3		0.388209
205.4		0.388209
205.5		0.388209
205.6		0.388209
205.7		0.388209
205.8		0.388209
205.9		0.388209
206		0.388209
206.1		0.388372
206.2		0.388372
206.3		0.388372
206.4		0.388372
206.5		0.388372
206.6		0.388372
206.7		0.388372
206.8		0.388372
206.9		0.388372
207		0.388372
207.1		0.389882
207.2		0.389882
207.3		0.389882
207.4		0.389882
207.5		0.389882
207.6		0.389882
207.7		0.389882
207.8		0.389882
207.9		0.389882
208		0.389882
208.1		0.39233
208.2		0.39233
208.3		0.39233
208.4		0.39233
208.5		0.39233
208.6		0.39233
208.7		0.39233
208.8		0.39233
208.9		0.39233
209		0.39233
209.1		0.395063
209.2		0.395063
209.3		0.395063
209.4		0.395063
209.5		0.395063
209.6		0.395063
209.7		0.395063
209.8		0.395063
209.9		0.395063
210		0.395063
210.1		0.396491
210.2		0.396491
210.3		0.396491
210.4		0.396491
210.5		0.396491
210.6		0.396491
210.7		0.396491
210.8		0.396491
210.9		0.396491
211		0.396491
211.1		0.396614
211.2		0.396614
211.3		0.396614
211.4		0.396614
211.5		0.396614
211.6		0.396614
211.7		0.396614
211.8		0.396614
211.9		0.396614
212		0.396614
212.1		0.398939
212.2		0.398939
212.3		0.398939
212.4		0.398939
212.5		0.398939
212.6		0.398939
212.7		0.398939
212.8		0.398939
212.9		0.398939
213		0.398939
213.1		0.400571
213.2		0.400571
213.3		0.400571
213.4		0.400571
213.5		0.400571
213.6		0.400571
213.7		0.400571
213.8		0.400571
213.9		0.400571
214		0.400571
214.1		0.404121
214.2		0.404121
214.3		0.404121
214.4		0.404121
214.5		0.404121
214.6		0.404121
214.7		0.404121
214.8		0.404121
214.9		0.404121
215		0.404121
215.1		0.405998
215.2		0.405998
215.3		0.405998
215.4		0.405998
215.5		0.405998
215.6		0.405998
215.7		0.405998
215.8		0.405998
215.9		0.405998
216		0.405998
216.1		0.407262
216.2		0.407262
216.3		0.407262
216.4		0.407262
216.5		0.407262
216.6		0.407262
216.7		0.407262
216.8		0.407262
216.9		0.407262
217		0.407262
217.1		0.408119
217.2		0.408119
217.3		0.408119
217.4		0.408119
217.5		0.408119
217.6		0.408119
217.7		0.408119
217.8		0.408119
217.9		0.408119
218		0.408119
218.1		0.409425
218.2		0.409425
218.3		0.409425
218.4		0.409425
218.5		0.409425
218.6		0.409425
218.7		0.409425
218.8		0.409425
218.9		0.409425
219		0.409425
219.1		0.415014
219.2		0.415014
219.3		0.415014
219.4		0.415014
219.5		0.415014
219.6		0.415014
219.7		0.415014
219.8		0.415014
219.9		0.415014
220		0.415014
220.1		0.416483
220.2		0.416483
220.3		0.416483
220.4		0.416483
220.5		0.416483
220.6		0.416483
220.7		0.416483
220.8		0.416483
220.9		0.416483
221		0.416483
221.1		0.416687
221.2		0.416687
221.3		0.416687
221.4		0.416687
221.5		0.416687
221.6		0.416687
221.7		0.416687
221.8		0.416687
221.9		0.416687
222		0.416687
222.1		0.417054
222.2		0.417054
222.3		0.417054
222.4		0.417054
222.5		0.417054
222.6		0.417054
222.7		0.417054
222.8		0.417054
222.9		0.417054
223		0.417054
223.1		0.418441
223.2		0.418441
223.3		0.418441
223.4		0.418441
223.5		0.418441
223.6		0.418441
223.7		0.418441
223.8		0.418441
223.9		0.418441
224		0.418441
224.1		0.419135
224.2		0.419135
224.3		0.419135
224.4		0.419135
224.5		0.419135
224.6		0.419135
224.7		0.419135
224.8		0.419135
224.9		0.419135
225		0.419135
225.1		0.423378
225.2		0.423378
225.3		0.423378
225.4		0.423378
225.5		0.423378
225.6		0.423378
225.7		0.423378
225.8		0.423378
225.9		0.423378
226		0.423378
226.1		0.425581
226.2		0.425581
226.3		0.425581
226.4		0.425581
226.5		0.425581
226.6		0.425581
226.7		0.425581
226.8		0.425581
226.9		0.425581
227		0.425581
227.1		0.426234
227.2		0.426234
227.3		0.426234
227.4		0.426234
227.5		0.426234
227.6		0.426234
227.7		0.426234
227.8		0.426234
227.9		0.426234
228		0.426234
228.1		0.426683
228.2		0.426683
228.3		0.426683
228.4		0.426683
228.5		0.426683
228.6		0.426683
228.7		0.426683
228.8		0.426683
228.9		0.426683
229		0.426683
229.1		0.427377
229.2		0.427377
229.3		0.427377
229.4		0.427377
229.5		0.427377
229.6		0.427377
229.7		0.427377
229.8		0.427377
229.9		0.427377
230		0.427377
230.1		0.431334
230.2		0.431334
230.3		0.431334
230.4		0.431334
230.5		0.431334
230.6		0.431334
230.7		0.431334
230.8		0.431334
230.9		0.431334
231		0.431334
231.1		0.433211
231.2		0.433211
231.3		0.433211
231.4		0.433211
231.5		0.433211
231.6		0.433211
231.7		0.433211
231.8		0.433211
231.9		0.433211
232		0.433211
232.1		0.437332
232.2		0.437332
232.3		0.437332
232.4		0.437332
232.5		0.437332
232.6		0.437332
232.7		0.437332
232.8		0.437332
232.9		0.437332
233		0.437332
233.1		0.437944
233.2		0.437944
233.3		0.437944
233.4		0.437944
233.5		0.437944
233.6		0.437944
233.7		0.437944
233.8		0.437944
233.9		0.437944
234		0.437944
234.1		0.438025
234.2		0.438025
234.3		0.438025
234.4		0.438025
234.5		0.438025
234.6		0.438025
234.7		0.438025
234.8		0.438025
234.9		0.438025
235		0.438025
235.1		0.440677
235.2		0.440677
235.3		0.440677
235.4		0.440677
235.5		0.440677
235.6		0.440677
235.7		0.440677
235.8		0.440677
235.9		0.440677
236		0.440677
236.1		0.441289
236.2		0.441289
236.3		0.441289
236.4		0.441289
236.5		0.441289
236.6		0.441289
236.7		0.441289
236.8		0.441289
236.9		0.441289
237		0.441289
237.1		0.443982
237.2		0.443982
237.3		0.443982
237.4		0.443982
237.5		0.443982
237.6		0.443982
237.7		0.443982
237.8		0.443982
237.9		0.443982
238		0.443982
238.1		0.446593
238.2		0.446593
238.3		0.446593
238.4		0.446593
238.5		0.446593
238.6		0.446593
238.7		0.446593
238.8		0.446593
238.9		0.446593
239		0.446593
239.1		0.448429
239.2		0.448429
239.3		0.448429
239.4		0.448429
239.5		0.448429
239.6		0.448429
239.7		0.448429
239.8		0.448429
239.9		0.448429
240		0.448429
240.1		0.451612
240.2		0.451612
240.3		0.451612
240.4		0.451612
240.5		0.451612
240.6		0.451612
240.7		0.451612
240.8		0.451612
240.9		0.451612
241		0.451612
241.1		0.452264
241.2		0.452264
241.3		0.452264
241.4		0.452264
241.5		0.452264
241.6		0.452264
241.7		0.452264
241.8		0.452264
241.9		0.452264
242		0.452264
242.1		0.452468
242.2		0.452468
242.3		0.452468
242.4		0.452468
242.5		0.452468
242.6		0.452468
242.7		0.452468
242.8		0.452468
242.9		0.452468
243		0.452468
243.1		0.455977
243.2		0.455977
243.3		0.455977
243.4		0.455977
243.5		0.455977
243.6		0.455977
243.7		0.455977
243.8		0.455977
243.9		0.455977
244		0.455977
244.1		0.458466
244.2		0.458466
244.3		0.458466
244.4		0.458466
244.5		0.458466
244.6		0.458466
244.7		0.458466
244.8		0.458466
244.9		0.458466
245		0.458466
245.1		0.458752
245.2		0.458752
245.3		0.458752
245.4		0.458752
245.5		0.458752
245.6		0.458752
245.7		0.458752
245.8		0.458752
245.9		0.458752
246		0.458752
246.1		0.461281
246.2		0.461281
246.3		0.461281
246.4		0.461281
246.5		0.461281
246.6		0.461281
246.7		0.461281
246.8		0.461281
246.9		0.461281
247		0.461281
247.1		0.463484
247.2		0.463484
247.3		0.463484
247.4		0.463484
247.5		0.463484
247.6		0.463484
247.7		0.463484
247.8		0.463484
247.9		0.463484
248		0.463484
248.1		0.463688
248.2		0.463688
248.3		0.463688
248.4		0.463688
248.5		0.463688
248.6		0.463688
248.7		0.463688
248.8		0.463688
248.9		0.463688
249		0.463688
249.1		0.468503
249.2		0.468503
249.3		0.468503
249.4		0.468503
249.5		0.468503
249.6		0.468503
249.7		0.468503
249.8		0.468503
249.9		0.468503
250		0.468503
250.1		0.470053
250.2		0.470053
250.3		0.470053
250.4		0.470053
250.5		0.470053
250.6		0.470053
250.7		0.470053
250.8		0.470053
250.9		0.470053
251		0.470053
251.1		0.470706
251.2		0.470706
251.3		0.470706
251.4		0.470706
251.5		0.470706
251.6		0.470706
251.7		0.470706
251.8		0.470706
251.9		0.470706
252		0.470706
252.1		0.474419
252.2		0.474419
252.3		0.474419
252.4		0.474419
252.5		0.474419
252.6		0.474419
252.7		0.474419
252.8		0.474419
252.9		0.474419
253		0.474419
253.1		0.475765
253.2		0.475765
253.3		0.475765
253.4		0.475765
253.5		0.475765
253.6		0.475765
253.7		0.475765
253.8		0.475765
253.9		0.475765
254		0.475765
254.1		0.479519
254.2		0.479519
254.3		0.479519
254.4		0.479519
254.5		0.479519
254.6		0.479519
254.7		0.479519
254.8		0.479519
254.9		0.479519
255		0.479519
255.1		0.483272
255.2		0.483272
255.3		0.483272
255.4		0.483272
255.5		0.483272
255.6		0.483272
255.7		0.483272
255.8		0.483272
255.9		0.483272
256		0.483272
256.1		0.485761
256.2		0.485761
256.3		0.485761
256.4		0.485761
256.5		0.485761
256.6		0.485761
256.7		0.485761
256.8		0.485761
256.9		0.485761
257		0.485761
257.1		0.486006
257.2		0.486006
257.3		0.486006
257.4		0.486006
257.5		0.486006
257.6		0.486006
257.7		0.486006
257.8		0.486006
257.9		0.486006
258		0.486006
258.1		0.486536
258.2		0.486536
258.3		0.486536
258.4		0.486536
258.5		0.486536
258.6		0.486536
258.7		0.486536
258.8		0.486536
258.9		0.486536
259		0.486536
259.1		0.4898
259.2		0.4898
259.3		0.4898
259.4		0.4898
259.5		0.4898
259.6		0.4898
259.7		0.4898
259.8		0.4898
259.9		0.4898
260		0.4898
260.1		0.493186
260.2		0.493186
260.3		0.493186
260.4		0.493186
260.5		0.493186
260.6		0.493186
260.7		0.493186
260.8		0.493186
260.9		0.493186
261		0.493186
261.1		0.494247
261.2		0.494247
261.3		0.494247
261.4		0.494247
261.5		0.494247
261.6		0.494247
261.7		0.494247
261.8		0.494247
261.9		0.494247
262		0.494247
262.1		0.494329
262.2		0.494329
262.3		0.494329
262.4		0.494329
262.5		0.494329
262.6		0.494329
262.7		0.494329
262.8		0.494329
262.9		0.494329
263		0.494329
263.1		0.496328
263.2		0.496328
263.3		0.496328
263.4		0.496328
263.5		0.496328
263.6		0.496328
263.7		0.496328
263.8		0.496328
263.9		0.496328
264		0.496328
264.1		0.502652
264.2		0.502652
264.3		0.502652
264.4		0.502652
264.5		0.502652
264.6		0.502652
264.7		0.502652
264.8		0.502652
264.9		0.502652
265		0.502652
265.1		0.503835
265.2		0.503835
265.3		0.503835
265.4		0.503835
265.5		0.503835
265.6		0.503835
265.7		0.503835
265.8		0.503835
265.9		0.503835
266		0.503835
266.1		0.504937
266.2		0.504937
266.3		0.504937
266.4		0.504937
266.5		0.504937
266.6		0.504937
266.7		0.504937
266.8		0.504937
266.9		0.504937
267		0.504937
267.1		0.505712
267.2		0.505712
267.3		0.505712
267.4		0.505712
267.5		0.505712
267.6		0.505712
267.7		0.505712
267.8		0.505712
267.9		0.505712
268		0.505712
268.1		0.507058
268.2		0.507058
268.3		0.507058
268.4		0.507058
268.5		0.507058
268.6		0.507058
268.7		0.507058
268.8		0.507058
268.9		0.507058
269		0.507058
269.1		0.513015
269.2		0.513015
269.3		0.513015
269.4		0.513015
269.5		0.513015
269.6		0.513015
269.7		0.513015
269.8		0.513015
269.9		0.513015
270		0.513015
270.1		0.515177
270.2		0.515177
270.3		0.515177
270.4		0.515177
270.5		0.515177
270.6		0.515177
270.7		0.515177
270.8		0.515177
270.9		0.515177
271		0.515177
271.1		0.515953
271.2		0.515953
271.3		0.515953
271.4		0.515953
271.5		0.515953
271.6		0.515953
271.7		0.515953
271.8		0.515953
271.9		0.515953
272		0.515953
272.1		0.517136
272.2		0.517136
272.3		0.517136
272.4		0.517136
272.5		0.517136
272.6		0.517136
272.7		0.517136
272.8		0.517136
272.9		0.517136
273		0.517136
273.1		0.517707
273.2		0.517707
273.3		0.517707
273.4		0.517707
273.5		0.517707
273.6		0.517707
273.7		0.517707
273.8		0.517707
273.9		0.517707
274		0.517707
274.1		0.519257
274.2		0.519257
274.3		0.519257
274.4		0.519257
274.5		0.519257
274.6		0.519257
274.7		0.519257
274.8		0.519257
274.9		0.519257
275		0.519257
275.1		0.52244
275.2		0.52244
275.3		0.52244
275.4		0.52244
275.5		0.52244
275.6		0.52244
275.7		0.52244
275.8		0.52244
275.9		0.52244
276		0.52244
276.1		0.525826
276.2		0.525826
276.3		0.525826
276.4		0.525826
276.5		0.525826
276.6		0.525826
276.7		0.525826
276.8		0.525826
276.9		0.525826
277		0.525826
277.1		0.527703
277.2		0.527703
277.3		0.527703
277.4		0.527703
277.5		0.527703
277.6		0.527703
277.7		0.527703
277.8		0.527703
277.9		0.527703
278		0.527703
278.1		0.527703
278.2		0.527703
278.3		0.527703
278.4		0.527703
278.5		0.527703
278.6		0.527703
278.7		0.527703
278.8		0.527703
278.9		0.527703
279		0.527703
279.1		0.530845
279.2		0.530845
279.3		0.530845
279.4		0.530845
279.5		0.530845
279.6		0.530845
279.7		0.530845
279.8		0.530845
279.9		0.530845
280		0.530845
280.1		0.533089
280.2		0.533089
280.3		0.533089
280.4		0.533089
280.5		0.533089
280.6		0.533089
280.7		0.533089
280.8		0.533089
280.9		0.533089
281		0.533089
281.1		0.534802
281.2		0.534802
281.3		0.534802
281.4		0.534802
281.5		0.534802
281.6		0.534802
281.7		0.534802
281.8		0.534802
281.9		0.534802
282		0.534802
282.1		0.537699
282.2		0.537699
282.3		0.537699
282.4		0.537699
282.5		0.537699
282.6		0.537699
282.7		0.537699
282.8		0.537699
282.9		0.537699
283		0.537699
283.1		0.540718
283.2		0.540718
283.3		0.540718
283.4		0.540718
283.5		0.540718
283.6		0.540718
283.7		0.540718
283.8		0.540718
283.9		0.540718
284		0.540718
284.1		0.543084
284.2		0.543084
284.3		0.543084
284.4		0.543084
284.5		0.543084
284.6		0.543084
284.7		0.543084
284.8		0.543084
284.9		0.543084
285		0.543084
285.1		0.545532
285.2		0.545532
285.3		0.545532
285.4		0.545532
285.5		0.545532
285.6		0.545532
285.7		0.545532
285.8		0.545532
285.9		0.545532
286		0.545532
286.1		0.548307
286.2		0.548307
286.3		0.548307
286.4		0.548307
286.5		0.548307
286.6		0.548307
286.7		0.548307
286.8		0.548307
286.9		0.548307
287		0.548307
287.1		0.549204
287.2		0.549204
287.3		0.549204
287.4		0.549204
287.5		0.549204
287.6		0.549204
287.7		0.549204
287.8		0.549204
287.9		0.549204
288		0.549204
288.1		0.551571
288.2		0.551571
288.3		0.551571
288.4		0.551571
288.5		0.551571
288.6		0.551571
288.7		0.551571
288.8		0.551571
288.9		0.551571
289		0.551571
289.1		0.55561
289.2		0.55561
289.3		0.55561
289.4		0.55561
289.5		0.55561
289.6		0.55561
289.7		0.55561
289.8		0.55561
289.9		0.55561
290		0.55561
290.1		0.556997
290.2		0.556997
290.3		0.556997
290.4		0.556997
290.5		0.556997
290.6		0.556997
290.7		0.556997
290.8		0.556997
290.9		0.556997
291		0.556997
291.1		0.557283
291.2		0.557283
291.3		0.557283
291.4		0.557283
291.5		0.557283
291.6		0.557283
291.7		0.557283
291.8		0.557283
291.9		0.557283
292		0.557283
292.1		0.557324
292.2		0.557324
292.3		0.557324
292.4		0.557324
292.5		0.557324
292.6		0.557324
292.7		0.557324
292.8		0.557324
292.9		0.557324
293		0.557324
293.1		0.558303
293.2		0.558303
293.3		0.558303
293.4		0.558303
293.5		0.558303
293.6		0.558303
293.7		0.558303
293.8		0.558303
293.9		0.558303
294		0.558303
294.1		0.558303
294.2		0.558303
294.3		0.558303
294.4		0.558303
294.5		0.558303
294.6		0.558303
294.7		0.558303
294.8		0.558303
294.9		0.558303
295		0.558303
295.1		0.561567
295.2		0.561567
295.3		0.561567
295.4		0.561567
295.5		0.561567
295.6		0.561567
295.7		0.561567
295.8		0.561567
295.9		0.561567
296		0.561567
296.1		0.562668
296.2		0.562668
296.3		0.562668
296.4		0.562668
296.5		0.562668
296.6		0.562668
296.7		0.562668
296.8		0.562668
296.9		0.562668
297		0.562668
297.1		0.564423
297.2		0.564423
297.3		0.564423
297.4		0.564423
297.5		0.564423
297.6		0.564423
297.7		0.564423
297.8		0.564423
297.9		0.564423
298		0.564423
298.1		0.564708
298.2		0.564708
298.3		0.564708
298.4		0.564708
298.5		0.564708
298.6		0.564708
298.7		0.564708
298.8		0.564708
298.9		0.564708
299		0.564708
299.1		0.564953
299.2		0.564953
299.3		0.564953
299.4		0.564953
299.5		0.564953
299.6		0.564953
299.7		0.564953
299.8		0.564953
299.9		0.564953
300		0.564953
300.1		0.564953
300.2		0.564953
300.3		0.564953
300.4		0.564953
300.5		0.564953
300.6		0.564953
300.7		0.564953
300.8		0.564953
300.9		0.564953
301		0.564953
301.1		0.568911
301.2		0.568911
301.3		0.568911
301.4		0.568911
301.5		0.568911
301.6		0.568911
301.7		0.568911
301.8		0.568911
301.9		0.568911
302		0.568911
302.1		0.571155
302.2		0.571155
302.3		0.571155
302.4		0.571155
302.5		0.571155
302.6		0.571155
302.7		0.571155
302.8		0.571155
302.9		0.571155
303		0.571155
303.1		0.575357
303.2		0.575357
303.3		0.575357
303.4		0.575357
303.5		0.575357
303.6		0.575357
303.7		0.575357
303.8		0.575357
303.9		0.575357
304		0.575357
304.1		0.575683
304.2		0.575683
304.3		0.575683
304.4		0.575683
304.5		0.575683
304.6		0.575683
304.7		0.575683
304.8		0.575683
304.9		0.575683
305		0.575683
305.1		0.576907
305.2		0.576907
305.3		0.576907
305.4		0.576907
305.5		0.576907
305.6		0.576907
305.7		0.576907
305.8		0.576907
305.9		0.576907
306		0.576907
306.1		0.580253
306.2		0.580253
306.3		0.580253
306.4		0.580253
306.5		0.580253
306.6		0.580253
306.7		0.580253
306.8		0.580253
306.9		0.580253
307		0.580253
307.1		0.582823
307.2		0.582823
307.3		0.582823
307.4		0.582823
307.5		0.582823
307.6		0.582823
307.7		0.582823
307.8		0.582823
307.9		0.582823
308		0.582823
308.1		0.583476
308.2		0.583476
308.3		0.583476
308.4		0.583476
308.5		0.583476
308.6		0.583476
308.7		0.583476
308.8		0.583476
308.9		0.583476
309		0.583476
309.1		0.585598
309.2		0.585598
309.3		0.585598
309.4		0.585598
309.5		0.585598
309.6		0.585598
309.7		0.585598
309.8		0.585598
309.9		0.585598
310		0.585598
310.1		0.586128
310.2		0.586128
310.3		0.586128
310.4		0.586128
310.5		0.586128
310.6		0.586128
310.7		0.586128
310.8		0.586128
310.9		0.586128
311		0.586128
311.1		0.588862
311.2		0.588862
311.3		0.588862
311.4		0.588862
311.5		0.588862
311.6		0.588862
311.7		0.588862
311.8		0.588862
311.9		0.588862
312		0.588862
312.1		0.59233
312.2		0.59233
312.3		0.59233
312.4		0.59233
312.5		0.59233
312.6		0.59233
312.7		0.59233
312.8		0.59233
312.9		0.59233
313		0.59233
313.1		0.593309
313.2		0.593309
313.3		0.593309
313.4		0.593309
313.5		0.593309
313.6		0.593309
313.7		0.593309
313.8		0.593309
313.9		0.593309
314		0.593309
314.1		0.595186
314.2		0.595186
314.3		0.595186
314.4		0.595186
314.5		0.595186
314.6		0.595186
314.7		0.595186
314.8		0.595186
314.9		0.595186
315		0.595186
315.1		0.59543
315.2		0.59543
315.3		0.59543
315.4		0.59543
315.5		0.59543
315.6		0.59543
315.7		0.59543
315.8		0.59543
315.9		0.59543
316		0.59543
316.1		0.595512
316.2		0.595512
316.3		0.595512
316.4		0.595512
316.5		0.595512
316.6		0.595512
316.7		0.595512
316.8		0.595512
316.9		0.595512
317		0.595512
317.1		0.597797
317.2		0.597797
317.3		0.597797
317.4		0.597797
317.5		0.597797
317.6		0.597797
317.7		0.597797
317.8		0.597797
317.9		0.597797
318		0.597797
318.1		0.601061
318.2		0.601061
318.3		0.601061
318.4		0.601061
318.5		0.601061
318.6		0.601061
318.7		0.601061
318.8		0.601061
318.9		0.601061
319		0.601061
319.1		0.604529
319.2		0.604529
319.3		0.604529
319.4		0.604529
319.5		0.604529
319.6		0.604529
319.7		0.604529
319.8		0.604529
319.9		0.604529
320		0.604529
320.1		0.60612
320.2		0.60612
320.3		0.60612
320.4		0.60612
320.5		0.60612
320.6		0.60612
320.7		0.60612
320.8		0.60612
320.9		0.60612
321		0.60612
321.1		0.606324
321.2		0.606324
321.3		0.606324
321.4		0.606324
321.5		0.606324
321.6		0.606324
321.7		0.606324
321.8		0.606324
321.9		0.606324
322		0.606324
322.1		0.608731
322.2		0.608731
322.3		0.608731
322.4		0.608731
322.5		0.608731
322.6		0.608731
322.7		0.608731
322.8		0.608731
322.9		0.608731
323		0.608731
323.1		0.611832
323.2		0.611832
323.3		0.611832
323.4		0.611832
323.5		0.611832
323.6		0.611832
323.7		0.611832
323.8		0.611832
323.9		0.611832
324		0.611832
324.1		0.613586
324.2		0.613586
324.3		0.613586
324.4		0.613586
324.5		0.613586
324.6		0.613586
324.7		0.613586
324.8		0.613586
324.9		0.613586
325		0.613586
325.1		0.616932
325.2		0.616932
325.3		0.616932
325.4		0.616932
325.5		0.616932
325.6		0.616932
325.7		0.616932
325.8		0.616932
325.9		0.616932
326		0.616932
326.1		0.617707
326.2		0.617707
326.3		0.617707
326.4		0.617707
326.5		0.617707
326.6		0.617707
326.7		0.617707
326.8		0.617707
326.9		0.617707
327		0.617707
327.1		0.618482
327.2		0.618482
327.3		0.618482
327.4		0.618482
327.5		0.618482
327.6		0.618482
327.7		0.618482
327.8		0.618482
327.9		0.618482
328		0.618482
328.1		0.619665
328.2		0.619665
328.3		0.619665
328.4		0.619665
328.5		0.619665
328.6		0.619665
328.7		0.619665
328.8		0.619665
328.9		0.619665
329		0.619665
329.1		0.623093
329.2		0.623093
329.3		0.623093
329.4		0.623093
329.5		0.623093
329.6		0.623093
329.7		0.623093
329.8		0.623093
329.9		0.623093
330		0.623093
330.1		0.624153
330.2		0.624153
330.3		0.624153
330.4		0.624153
330.5		0.624153
330.6		0.624153
330.7		0.624153
330.8		0.624153
330.9		0.624153
331		0.624153
331.1		0.626887
331.2		0.626887
331.3		0.626887
331.4		0.626887
331.5		0.626887
331.6		0.626887
331.7		0.626887
331.8		0.626887
331.9		0.626887
332		0.626887
332.1		0.628152
332.2		0.628152
332.3		0.628152
332.4		0.628152
332.5		0.628152
332.6		0.628152
332.7		0.628152
332.8		0.628152
332.9		0.628152
333		0.628152
333.1		0.629743
333.2		0.629743
333.3		0.629743
333.4		0.629743
333.5		0.629743
333.6		0.629743
333.7		0.629743
333.8		0.629743
333.9		0.629743
334		0.629743
334.1		0.630763
334.2		0.630763
334.3		0.630763
334.4		0.630763
334.5		0.630763
334.6		0.630763
334.7		0.630763
334.8		0.630763
334.9		0.630763
335		0.630763
335.1		0.631293
335.2		0.631293
335.3		0.631293
335.4		0.631293
335.5		0.631293
335.6		0.631293
335.7		0.631293
335.8		0.631293
335.9		0.631293
336		0.631293
336.1		0.636965
336.2		0.636965
336.3		0.636965
336.4		0.636965
336.5		0.636965
336.6		0.636965
336.7		0.636965
336.8		0.636965
336.9		0.636965
337		0.636965
337.1		0.638229
337.2		0.638229
337.3		0.638229
337.4		0.638229
337.5		0.638229
337.6		0.638229
337.7		0.638229
337.8		0.638229
337.9		0.638229
338		0.638229
338.1		0.639086
338.2		0.639086
338.3		0.639086
338.4		0.639086
338.5		0.639086
338.6		0.639086
338.7		0.639086
338.8		0.639086
338.9		0.639086
339		0.639086
339.1		0.639535
339.2		0.639535
339.3		0.639535
339.4		0.639535
339.5		0.639535
339.6		0.639535
339.7		0.639535
339.8		0.639535
339.9		0.639535
340		0.639535
340.1		0.642228
340.2		0.642228
340.3		0.642228
340.4		0.642228
340.5		0.642228
340.6		0.642228
340.7		0.642228
340.8		0.642228
340.9		0.642228
341		0.642228
341.1		0.643044
341.2		0.643044
341.3		0.643044
341.4		0.643044
341.5		0.643044
341.6		0.643044
341.7		0.643044
341.8		0.643044
341.9		0.643044
342		0.643044
342.1		0.647368
342.2		0.647368
342.3		0.647368
342.4		0.647368
342.5		0.647368
342.6		0.647368
342.7		0.647368
342.8		0.647368
342.9		0.647368
343		0.647368
343.1		0.648756
343.2		0.648756
343.3		0.648756
343.4		0.648756
343.5		0.648756
343.6		0.648756
343.7		0.648756
343.8		0.648756
343.9		0.648756
344		0.648756
344.1		0.650796
344.2		0.650796
344.3		0.650796
344.4		0.650796
344.5		0.650796
344.6		0.650796
344.7		0.650796
344.8		0.650796
344.9		0.650796
345		0.650796
345.1		0.652183
345.2		0.652183
345.3		0.652183
345.4		0.652183
345.5		0.652183
345.6		0.652183
345.7		0.652183
345.8		0.652183
345.9		0.652183
346		0.652183
346.1		0.653488
346.2		0.653488
346.3		0.653488
346.4		0.653488
346.5		0.653488
346.6		0.653488
346.7		0.653488
346.8		0.653488
346.9		0.653488
347		0.653488
347.1		0.66222
347.2		0.66222
347.3		0.66222
347.4		0.66222
347.5		0.66222
347.6		0.66222
347.7		0.66222
347.8		0.66222
347.9		0.66222
348		0.66222
348.1		0.663403
348.2		0.663403
348.3		0.663403
348.4		0.663403
348.5		0.663403
348.6		0.663403
348.7		0.663403
348.8		0.663403
348.9		0.663403
349		0.663403
349.1		0.664749
349.2		0.664749
349.3		0.664749
349.4		0.664749
349.5		0.664749
349.6		0.664749
349.7		0.664749
349.8		0.664749
349.9		0.664749
350		0.664749
350.1		0.668707
350.2		0.668707
350.3		0.668707
350.4		0.668707
350.5		0.668707
350.6		0.668707
350.7		0.668707
350.8		0.668707
350.9		0.668707
351		0.668707
351.1		0.669155
351.2		0.669155
351.3		0.669155
351.4		0.669155
351.5		0.669155
351.6		0.669155
351.7		0.669155
351.8		0.669155
351.9		0.669155
352		0.669155
352.1		0.67091
352.2		0.67091
352.3		0.67091
352.4		0.67091
352.5		0.67091
352.6		0.67091
352.7		0.67091
352.8		0.67091
352.9		0.67091
353		0.67091
353.1		0.674827
353.2		0.674827
353.3		0.674827
353.4		0.674827
353.5		0.674827
353.6		0.674827
353.7		0.674827
353.8		0.674827
353.9		0.674827
354		0.674827
354.1		0.678009
354.2		0.678009
354.3		0.678009
354.4		0.678009
354.5		0.678009
354.6		0.678009
354.7		0.678009
354.8		0.678009
354.9		0.678009
355		0.678009
355.1		0.678009
355.2		0.678009
355.3		0.678009
355.4		0.678009
355.5		0.678009
355.6		0.678009
355.7		0.678009
355.8		0.678009
355.9		0.678009
356		0.678009
356.1		0.678009
356.2		0.678009
356.3		0.678009
356.4		0.678009
356.5		0.678009
356.6		0.678009
356.7		0.678009
356.8		0.678009
356.9		0.678009
357		0.678009
357.1		0.678009
357.2		0.678009
357.3		0.678009
357.4		0.678009
357.5		0.678009
357.6		0.678009
357.7		0.678009
357.8		0.678009
357.9		0.678009
358		0.678009
358.1		0.68111
358.2		0.68111
358.3		0.68111
358.4		0.68111
358.5		0.68111
358.6		0.68111
358.7		0.68111
358.8		0.68111
358.9		0.68111
359		0.68111
359.1		0.683313
359.2		0.683313
359.3		0.683313
359.4		0.683313
359.5		0.683313
359.6		0.683313
359.7		0.683313
359.8		0.683313
359.9		0.683313
360		0.683313
360.1		0.683313
360.2		0.683313
360.3		0.683313
360.4		0.683313
360.5		0.683313
360.6		0.683313
360.7		0.683313
360.8		0.683313
360.9		0.683313
361		0.683313
361.1		0.685802
361.2		0.685802
361.3		0.685802
361.4		0.685802
361.5		0.685802
361.6		0.685802
361.7		0.685802
361.8		0.685802
361.9		0.685802
362		0.685802
362.1		0.686087
362.2		0.686087
362.3		0.686087
362.4		0.686087
362.5		0.686087
362.6		0.686087
362.7		0.686087
362.8		0.686087
362.9		0.686087
363		0.686087
363.1		0.68829
363.2		0.68829
363.3		0.68829
363.4		0.68829
363.5		0.68829
363.6		0.68829
363.7		0.68829
363.8		0.68829
363.9		0.68829
364		0.68829
364.1		0.691187
364.2		0.691187
364.3		0.691187
364.4		0.691187
364.5		0.691187
364.6		0.691187
364.7		0.691187
364.8		0.691187
364.9		0.691187
365		0.691187
365.1		0.691962
365.2		0.691962
365.3		0.691962
365.4		0.691962
365.5		0.691962
365.6		0.691962
365.7		0.691962
365.8		0.691962
365.9		0.691962
366		0.691962
366.1		0.694574
366.2		0.694574
366.3		0.694574
366.4		0.694574
366.5		0.694574
366.6		0.694574
366.7		0.694574
366.8		0.694574
366.9		0.694574
367		0.694574
367.1		0.69645
367.2		0.69645
367.3		0.69645
367.4		0.69645
367.5		0.69645
367.6		0.69645
367.7		0.69645
367.8		0.69645
367.9		0.69645
368		0.69645
368.1		0.696573
368.2		0.696573
368.3		0.696573
368.4		0.696573
368.5		0.696573
368.6		0.696573
368.7		0.696573
368.8		0.696573
368.9		0.696573
369		0.696573
369.1		0.69951
369.2		0.69951
369.3		0.69951
369.4		0.69951
369.5		0.69951
369.6		0.69951
369.7		0.69951
369.8		0.69951
369.9		0.69951
370		0.69951
370.1		0.700449
370.2		0.700449
370.3		0.700449
370.4		0.700449
370.5		0.700449
370.6		0.700449
370.7		0.700449
370.8		0.700449
370.9		0.700449
371		0.700449
371.1		0.702978
371.2		0.702978
371.3		0.702978
371.4		0.702978
371.5		0.702978
371.6		0.702978
371.7		0.702978
371.8		0.702978
371.9		0.702978
372		0.702978
372.1		0.703223
372.2		0.703223
372.3		0.703223
372.4		0.703223
372.5		0.703223
372.6		0.703223
372.7		0.703223
372.8		0.703223
372.9		0.703223
373		0.703223
373.1		0.70661
373.2		0.70661
373.3		0.70661
373.4		0.70661
373.5		0.70661
373.6		0.70661
373.7		0.70661
373.8		0.70661
373.9		0.70661
374		0.70661
374.1		0.708894
374.2		0.708894
374.3		0.708894
374.4		0.708894
374.5		0.708894
374.6		0.708894
374.7		0.708894
374.8		0.708894
374.9		0.708894
375		0.708894
375.1		0.71171
375.2		0.71171
375.3		0.71171
375.4		0.71171
375.5		0.71171
375.6		0.71171
375.7		0.71171
375.8		0.71171
375.9		0.71171
376		0.71171
376.1		0.712199
376.2		0.712199
376.3		0.712199
376.4		0.712199
376.5		0.712199
376.6		0.712199
376.7		0.712199
376.8		0.712199
376.9		0.712199
377		0.712199
377.1		0.712811
377.2		0.712811
377.3		0.712811
377.4		0.712811
377.5		0.712811
377.6		0.712811
377.7		0.712811
377.8		0.712811
377.9		0.712811
378		0.712811
378.1		0.714525
378.2		0.714525
378.3		0.714525
378.4		0.714525
378.5		0.714525
378.6		0.714525
378.7		0.714525
378.8		0.714525
378.9		0.714525
379		0.714525
379.1		0.717381
379.2		0.717381
379.3		0.717381
379.4		0.717381
379.5		0.717381
379.6		0.717381
379.7		0.717381
379.8		0.717381
379.9		0.717381
380		0.717381
380.1		0.718972
380.2		0.718972
380.3		0.718972
380.4		0.718972
380.5		0.718972
380.6		0.718972
380.7		0.718972
380.8		0.718972
380.9		0.718972
381		0.718972
381.1		0.722562
381.2		0.722562
381.3		0.722562
381.4		0.722562
381.5		0.722562
381.6		0.722562
381.7		0.722562
381.8		0.722562
381.9		0.722562
382		0.722562
382.1		0.724643
382.2		0.724643
382.3		0.724643
382.4		0.724643
382.5		0.724643
382.6		0.724643
382.7		0.724643
382.8		0.724643
382.9		0.724643
383		0.724643
383.1		0.725051
383.2		0.725051
383.3		0.725051
383.4		0.725051
383.5		0.725051
383.6		0.725051
383.7		0.725051
383.8		0.725051
383.9		0.725051
384		0.725051
384.1		0.72856
384.2		0.72856
384.3		0.72856
384.4		0.72856
384.5		0.72856
384.6		0.72856
384.7		0.72856
384.8		0.72856
384.9		0.72856
385		0.72856
385.1		0.729988
385.2		0.729988
385.3		0.729988
385.4		0.729988
385.5		0.729988
385.6		0.729988
385.7		0.729988
385.8		0.729988
385.9		0.729988
386		0.729988
386.1		0.731334
386.2		0.731334
386.3		0.731334
386.4		0.731334
386.5		0.731334
386.6		0.731334
386.7		0.731334
386.8		0.731334
386.9		0.731334
387		0.731334
387.1		0.735414
387.2		0.735414
387.3		0.735414
387.4		0.735414
387.5		0.735414
387.6		0.735414
387.7		0.735414
387.8		0.735414
387.9		0.735414
388		0.735414
388.1		0.736924
388.2		0.736924
388.3		0.736924
388.4		0.736924
388.5		0.736924
388.6		0.736924
388.7		0.736924
388.8		0.736924
388.9		0.736924
389		0.736924
389.1		0.739208
389.2		0.739208
389.3		0.739208
389.4		0.739208
389.5		0.739208
389.6		0.739208
389.7		0.739208
389.8		0.739208
389.9		0.739208
390		0.739208
390.1		0.739576
390.2		0.739576
390.3		0.739576
390.4		0.739576
390.5		0.739576
390.6		0.739576
390.7		0.739576
390.8		0.739576
390.9		0.739576
391		0.739576
391.1		0.74133
391.2		0.74133
391.3		0.74133
391.4		0.74133
391.5		0.74133
391.6		0.74133
391.7		0.74133
391.8		0.74133
391.9		0.74133
392		0.74133
392.1		0.742064
392.2		0.742064
392.3		0.742064
392.4		0.742064
392.5		0.742064
392.6		0.742064
392.7		0.742064
392.8		0.742064
392.9		0.742064
393		0.742064
393.1		0.745532
393.2		0.745532
393.3		0.745532
393.4		0.745532
393.5		0.745532
393.6		0.745532
393.7		0.745532
393.8		0.745532
393.9		0.745532
394		0.745532
394.1		0.750102
394.2		0.750102
394.3		0.750102
394.4		0.750102
394.5		0.750102
394.6		0.750102
394.7		0.750102
394.8		0.750102
394.9		0.750102
395		0.750102
395.1		0.750469
395.2		0.750469
395.3		0.750469
395.4		0.750469
395.5		0.750469
395.6		0.750469
395.7		0.750469
395.8		0.750469
395.9		0.750469
396		0.750469
396.1		0.751489
396.2		0.751489
396.3		0.751489
396.4		0.751489
396.5		0.751489
396.6		0.751489
396.7		0.751489
396.8		0.751489
396.9		0.751489
397		0.751489
397.1		0.752346
397.2		0.752346
397.3		0.752346
397.4		0.752346
397.5		0.752346
397.6		0.752346
397.7		0.752346
397.8		0.752346
397.9		0.752346
398		0.752346
398.1		0.757813
398.2		0.757813
398.3		0.757813
398.4		0.757813
398.5		0.757813
398.6		0.757813
398.7		0.757813
398.8		0.757813
398.9		0.757813
399		0.757813
399.1		0.758548
399.2		0.758548
399.3		0.758548
399.4		0.758548
399.5		0.758548
399.6		0.758548
399.7		0.758548
399.8		0.758548
399.9		0.758548
400		0.758548
400.1		0.759976
400.2		0.759976
400.3		0.759976
400.4		0.759976
400.5		0.759976
400.6		0.759976
400.7		0.759976
400.8		0.759976
400.9		0.759976
401		0.759976
401.1		0.761159
401.2		0.761159
401.3		0.761159
401.4		0.761159
401.5		0.761159
401.6		0.761159
401.7		0.761159
401.8		0.761159
401.9		0.761159
402		0.761159
402.1		0.763933
402.2		0.763933
402.3		0.763933
402.4		0.763933
402.5		0.763933
402.6		0.763933
402.7		0.763933
402.8		0.763933
402.9		0.763933
403		0.763933
403.1		0.765973
403.2		0.765973
403.3		0.765973
403.4		0.765973
403.5		0.765973
403.6		0.765973
403.7		0.765973
403.8		0.765973
403.9		0.765973
404		0.765973
404.1		0.767809
404.2		0.767809
404.3		0.767809
404.4		0.767809
404.5		0.767809
404.6		0.767809
404.7		0.767809
404.8		0.767809
404.9		0.767809
405		0.767809
405.1		0.768339
405.2		0.768339
405.3		0.768339
405.4		0.768339
405.5		0.768339
405.6		0.768339
405.7		0.768339
405.8		0.768339
405.9		0.768339
406		0.768339
406.1		0.773643
406.2		0.773643
406.3		0.773643
406.4		0.773643
406.5		0.773643
406.6		0.773643
406.7		0.773643
406.8		0.773643
406.9		0.773643
407		0.773643
407.1		0.773766
407.2		0.773766
407.3		0.773766
407.4		0.773766
407.5		0.773766
407.6		0.773766
407.7		0.773766
407.8		0.773766
407.9		0.773766
408		0.773766
408.1		0.776907
408.2		0.776907
408.3		0.776907
408.4		0.776907
408.5		0.776907
408.6		0.776907
408.7		0.776907
408.8		0.776907
408.9		0.776907
409		0.776907
409.1		0.777805
409.2		0.777805
409.3		0.777805
409.4		0.777805
409.5		0.777805
409.6		0.777805
409.7		0.777805
409.8		0.777805
409.9		0.777805
410		0.777805
410.1		0.778662
410.2		0.778662
410.3		0.778662
410.4		0.778662
410.5		0.778662
410.6		0.778662
410.7		0.778662
410.8		0.778662
410.9		0.778662
411		0.778662
411.1		0.781967
411.2		0.781967
411.3		0.781967
411.4		0.781967
411.5		0.781967
411.6		0.781967
411.7		0.781967
411.8		0.781967
411.9		0.781967
412		0.781967
412.1		0.783884
412.2		0.783884
412.3		0.783884
412.4		0.783884
412.5		0.783884
412.6		0.783884
412.7		0.783884
412.8		0.783884
412.9		0.783884
413		0.783884
413.1		0.784619
413.2		0.784619
413.3		0.784619
413.4		0.784619
413.5		0.784619
413.6		0.784619
413.7		0.784619
413.8		0.784619
413.9		0.784619
414		0.784619
414.1		0.787882
414.2		0.787882
414.3		0.787882
414.4		0.787882
414.5		0.787882
414.6		0.787882
414.7		0.787882
414.8		0.787882
414.9		0.787882
415		0.787882
415.1		0.788617
415.2		0.788617
415.3		0.788617
415.4		0.788617
415.5		0.788617
415.6		0.788617
415.7		0.788617
415.8		0.788617
415.9		0.788617
416		0.788617
416.1		0.791677
416.2		0.791677
416.3		0.791677
416.4		0.791677
416.5		0.791677
416.6		0.791677
416.7		0.791677
416.8		0.791677
416.9		0.791677
417		0.791677
417.1		0.791758
417.2		0.791758
417.3		0.791758
417.4		0.791758
417.5		0.791758
417.6		0.791758
417.7		0.791758
417.8		0.791758
417.9		0.791758
418		0.791758
418.1		0.793431
418.2		0.793431
418.3		0.793431
418.4		0.793431
418.5		0.793431
418.6		0.793431
418.7		0.793431
418.8		0.793431
418.9		0.793431
419		0.793431
419.1		0.79437
419.2		0.79437
419.3		0.79437
419.4		0.79437
419.5		0.79437
419.6		0.79437
419.7		0.79437
419.8		0.79437
419.9		0.79437
420		0.79437
420.1		0.800082
420.2		0.800082
420.3		0.800082
420.4		0.800082
420.5		0.800082
420.6		0.800082
420.7		0.800082
420.8		0.800082
420.9		0.800082
421		0.800082
421.1		0.803019
421.2		0.803019
421.3		0.803019
421.4		0.803019
421.5		0.803019
421.6		0.803019
421.7		0.803019
421.8		0.803019
421.9		0.803019
422		0.803019
422.1		0.80359
422.2		0.80359
422.3		0.80359
422.4		0.80359
422.5		0.80359
422.6		0.80359
422.7		0.80359
422.8		0.80359
422.9		0.80359
423		0.80359
423.1		0.805018
423.2		0.805018
423.3		0.805018
423.4		0.805018
423.5		0.805018
423.6		0.805018
423.7		0.805018
423.8		0.805018
423.9		0.805018
424		0.805018
424.1		0.805753
424.2		0.805753
424.3		0.805753
424.4		0.805753
424.5		0.805753
424.6		0.805753
424.7		0.805753
424.8		0.805753
424.9		0.805753
425		0.805753
425.1		0.808282
425.2		0.808282
425.3		0.808282
425.4		0.808282
425.5		0.808282
425.6		0.808282
425.7		0.808282
425.8		0.808282
425.9		0.808282
426		0.808282
426.1		0.809547
426.2		0.809547
426.3		0.809547
426.4		0.809547
426.5		0.809547
426.6		0.809547
426.7		0.809547
426.8		0.809547
426.9		0.809547
427		0.809547
427.1		0.811138
427.2		0.811138
427.3		0.811138
427.4		0.811138
427.5		0.811138
427.6		0.811138
427.7		0.811138
427.8		0.811138
427.9		0.811138
428		0.811138
428.1		0.814402
428.2		0.814402
428.3		0.814402
428.4		0.814402
428.5		0.814402
428.6		0.814402
428.7		0.814402
428.8		0.814402
428.9		0.814402
429		0.814402
429.1		0.815014
429.2		0.815014
429.3		0.815014
429.4		0.815014
429.5		0.815014
429.6		0.815014
429.7		0.815014
429.8		0.815014
429.9		0.815014
430		0.815014
430.1		0.815667
430.2		0.815667
430.3		0.815667
430.4		0.815667
430.5		0.815667
430.6		0.815667
430.7		0.815667
430.8		0.815667
430.9		0.815667
431		0.815667
431.1		0.820441
431.2		0.820441
431.3		0.820441
431.4		0.820441
431.5		0.820441
431.6		0.820441
431.7		0.820441
431.8		0.820441
431.9		0.820441
432		0.820441
432.1		0.821705
432.2		0.821705
432.3		0.821705
432.4		0.821705
432.5		0.821705
432.6		0.821705
432.7		0.821705
432.8		0.821705
432.9		0.821705
433		0.821705
433.1		0.825622
433.2		0.825622
433.3		0.825622
433.4		0.825622
433.5		0.825622
433.6		0.825622
433.7		0.825622
433.8		0.825622
433.9		0.825622
434		0.825622
434.1		0.825785
434.2		0.825785
434.3		0.825785
434.4		0.825785
434.5		0.825785
434.6		0.825785
434.7		0.825785
434.8		0.825785
434.9		0.825785
435		0.825785
435.1		0.827173
435.2		0.827173
435.3		0.827173
435.4		0.827173
435.5		0.827173
435.6		0.827173
435.7		0.827173
435.8		0.827173
435.9		0.827173
436		0.827173
436.1		0.827336
436.2		0.827336
436.3		0.827336
436.4		0.827336
436.5		0.827336
436.6		0.827336
436.7		0.827336
436.8		0.827336
436.9		0.827336
437		0.827336
437.1		0.833578
437.2		0.833578
437.3		0.833578
437.4		0.833578
437.5		0.833578
437.6		0.833578
437.7		0.833578
437.8		0.833578
437.9		0.833578
438		0.833578
438.1		0.83419
438.2		0.83419
438.3		0.83419
438.4		0.83419
438.5		0.83419
438.6		0.83419
438.7		0.83419
438.8		0.83419
438.9		0.83419
439		0.83419
439.1		0.837903
439.2		0.837903
439.3		0.837903
439.4		0.837903
439.5		0.837903
439.6		0.837903
439.7		0.837903
439.8		0.837903
439.9		0.837903
440		0.837903
440.1		0.839453
440.2		0.839453
440.3		0.839453
440.4		0.839453
440.5		0.839453
440.6		0.839453
440.7		0.839453
440.8		0.839453
440.9		0.839453
441		0.839453
441.1		0.840555
441.2		0.840555
441.3		0.840555
441.4		0.840555
441.5		0.840555
441.6		0.840555
441.7		0.840555
441.8		0.840555
441.9		0.840555
442		0.840555
442.1		0.8408
442.2		0.8408
442.3		0.8408
442.4		0.8408
442.5		0.8408
442.6		0.8408
442.7		0.8408
442.8		0.8408
442.9		0.8408
443		0.8408
443.1		0.844676
443.2		0.844676
443.3		0.844676
443.4		0.844676
443.5		0.844676
443.6		0.844676
443.7		0.844676
443.8		0.844676
443.9		0.844676
444		0.844676
444.1		0.845247
444.2		0.845247
444.3		0.845247
444.4		0.845247
444.5		0.845247
444.6		0.845247
444.7		0.845247
444.8		0.845247
444.9		0.845247
445		0.845247
445.1		0.848674
445.2		0.848674
445.3		0.848674
445.4		0.848674
445.5		0.848674
445.6		0.848674
445.7		0.848674
445.8		0.848674
445.9		0.848674
446		0.848674
446.1		0.849694
446.2		0.849694
446.3		0.849694
446.4		0.849694
446.5		0.849694
446.6		0.849694
446.7		0.849694
446.8		0.849694
446.9		0.849694
447		0.849694
447.1		0.849939
447.2		0.849939
447.3		0.849939
447.4		0.849939
447.5		0.849939
447.6		0.849939
447.7		0.849939
447.8		0.849939
447.9		0.849939
448		0.849939
448.1		0.851856
448.2		0.851856
448.3		0.851856
448.4		0.851856
448.5		0.851856
448.6		0.851856
448.7		0.851856
448.8		0.851856
448.9		0.851856
449		0.851856
449.1		0.853856
449.2		0.853856
449.3		0.853856
449.4		0.853856
449.5		0.853856
449.6		0.853856
449.7		0.853856
449.8		0.853856
449.9		0.853856
450		0.853856
450.1		0.860057
450.2		0.860057
450.3		0.860057
450.4		0.860057
450.5		0.860057
450.6		0.860057
450.7		0.860057
450.8		0.860057
450.9		0.860057
451		0.860057
451.1		0.860302
451.2		0.860302
451.3		0.860302
451.4		0.860302
451.5		0.860302
451.6		0.860302
451.7		0.860302
451.8		0.860302
451.9		0.860302
452		0.860302
452.1		0.860873
452.2		0.860873
452.3		0.860873
452.4		0.860873
452.5		0.860873
452.6		0.860873
452.7		0.860873
452.8		0.860873
452.9		0.860873
453		0.860873
453.1		0.861852
453.2		0.861852
453.3		0.861852
453.4		0.861852
453.5		0.861852
453.6		0.861852
453.7		0.861852
453.8		0.861852
453.9		0.861852
454		0.861852
454.1		0.864831
454.2		0.864831
454.3		0.864831
454.4		0.864831
454.5		0.864831
454.6		0.864831
454.7		0.864831
454.8		0.864831
454.9		0.864831
455		0.864831
455.1		0.867115
455.2		0.867115
455.3		0.867115
455.4		0.867115
455.5		0.867115
455.6		0.867115
455.7		0.867115
455.8		0.867115
455.9		0.867115
456		0.867115
456.1		0.870828
456.2		0.870828
456.3		0.870828
456.4		0.870828
456.5		0.870828
456.6		0.870828
456.7		0.870828
456.8		0.870828
456.9		0.870828
457		0.870828
457.1		0.872338
457.2		0.872338
457.3		0.872338
457.4		0.872338
457.5		0.872338
457.6		0.872338
457.7		0.872338
457.8		0.872338
457.9		0.872338
458		0.872338
458.1		0.873888
458.2		0.873888
458.3		0.873888
458.4		0.873888
458.5		0.873888
458.6		0.873888
458.7		0.873888
458.8		0.873888
458.9		0.873888
459		0.873888
459.1		0.876744
459.2		0.876744
459.3		0.876744
459.4		0.876744
459.5		0.876744
459.6		0.876744
459.7		0.876744
459.8		0.876744
459.9		0.876744
460		0.876744
460.1		0.879437
460.2		0.879437
460.3		0.879437
460.4		0.879437
460.5		0.879437
460.6		0.879437
460.7		0.879437
460.8		0.879437
460.9		0.879437
461		0.879437
461.1		0.880335
461.2		0.880335
461.3		0.880335
461.4		0.880335
461.5		0.880335
461.6		0.880335
461.7		0.880335
461.8		0.880335
461.9		0.880335
462		0.880335
462.1		0.882048
462.2		0.882048
462.3		0.882048
462.4		0.882048
462.5		0.882048
462.6		0.882048
462.7		0.882048
462.8		0.882048
462.9		0.882048
463		0.882048
463.1		0.883109
463.2		0.883109
463.3		0.883109
463.4		0.883109
463.5		0.883109
463.6		0.883109
463.7		0.883109
463.8		0.883109
463.9		0.883109
464		0.883109
464.1		0.886495
464.2		0.886495
464.3		0.886495
464.4		0.886495
464.5		0.886495
464.6		0.886495
464.7		0.886495
464.8		0.886495
464.9		0.886495
465		0.886495
465.1		0.888005
465.2		0.888005
465.3		0.888005
465.4		0.888005
465.5		0.888005
465.6		0.888005
465.7		0.888005
465.8		0.888005
465.9		0.888005
466		0.888005
466.1		0.88829
466.2		0.88829
466.3		0.88829
466.4		0.88829
466.5		0.88829
466.6		0.88829
466.7		0.88829
466.8		0.88829
466.9		0.88829
467		0.88829
467.1		0.89237
467.2		0.89237
467.3		0.89237
467.4		0.89237
467.5		0.89237
467.6		0.89237
467.7		0.89237
467.8		0.89237
467.9		0.89237
468		0.89237
468.1		0.893146
468.2		0.893146
468.3		0.893146
468.4		0.893146
468.5		0.893146
468.6		0.893146
468.7		0.893146
468.8		0.893146
468.9		0.893146
469		0.893146
469.1		0.893146
469.2		0.893146
469.3		0.893146
469.4		0.893146
469.5		0.893146
469.6		0.893146
469.7		0.893146
469.8		0.893146
469.9		0.893146
470		0.893146
470.1		0.897348
470.2		0.897348
470.3		0.897348
470.4		0.897348
470.5		0.897348
470.6		0.897348
470.7		0.897348
470.8		0.897348
470.9		0.897348
471		0.897348
471.1		0.897674
471.2		0.897674
471.3		0.897674
471.4		0.897674
471.5		0.897674
471.6		0.897674
471.7		0.897674
471.8		0.897674
471.9		0.897674
472		0.897674
472.1		0.903346
472.2		0.903346
472.3		0.903346
472.4		0.903346
472.5		0.903346
472.6		0.903346
472.7		0.903346
472.8		0.903346
472.9		0.903346
473		0.903346
473.1		0.903917
473.2		0.903917
473.3		0.903917
473.4		0.903917
473.5		0.903917
473.6		0.903917
473.7		0.903917
473.8		0.903917
473.9		0.903917
474		0.903917
474.1		0.904447
474.2		0.904447
474.3		0.904447
474.4		0.904447
474.5		0.904447
474.6		0.904447
474.7		0.904447
474.8		0.904447
474.9		0.904447
475		0.904447
475.1		0.908446
475.2		0.908446
475.3		0.908446
475.4		0.908446
475.5		0.908446
475.6		0.908446
475.7		0.908446
475.8		0.908446
475.9		0.908446
476		0.908446
476.1		0.910363
476.2		0.910363
476.3		0.910363
476.4		0.910363
476.5		0.910363
476.6		0.910363
476.7		0.910363
476.8		0.910363
476.9		0.910363
477		0.910363
477.1		0.91277
477.2		0.91277
477.3		0.91277
477.4		0.91277
477.5		0.91277
477.6		0.91277
477.7		0.91277
477.8		0.91277
477.9		0.91277
478		0.91277
478.1		0.916116
478.2		0.916116
478.3		0.916116
478.4		0.916116
478.5		0.916116
478.6		0.916116
478.7		0.916116
478.8		0.916116
478.9		0.916116
479		0.916116
479.1		0.916687
479.2		0.916687
479.3		0.916687
479.4		0.916687
479.5		0.916687
479.6		0.916687
479.7		0.916687
479.8		0.916687
479.9		0.916687
480		0.916687
480.1		0.918931
480.2		0.918931
480.3		0.918931
480.4		0.918931
480.5		0.918931
480.6		0.918931
480.7		0.918931
480.8		0.918931
480.9		0.918931
481		0.918931
481.1		0.919951
481.2		0.919951
481.3		0.919951
481.4		0.919951
481.5		0.919951
481.6		0.919951
481.7		0.919951
481.8		0.919951
481.9		0.919951
482		0.919951
482.1		0.92297
482.2		0.92297
482.3		0.92297
482.4		0.92297
482.5		0.92297
482.6		0.92297
482.7		0.92297
482.8		0.92297
482.9		0.92297
483		0.92297
483.1		0.924113
483.2		0.924113
483.3		0.924113
483.4		0.924113
483.5		0.924113
483.6		0.924113
483.7		0.924113
483.8		0.924113
483.9		0.924113
484		0.924113
484.1		0.929661
484.2		0.929661
484.3		0.929661
484.4		0.929661
484.5		0.929661
484.6		0.929661
484.7		0.929661
484.8		0.929661
484.9		0.929661
485		0.929661
485.1		0.930518
485.2		0.930518
485.3		0.930518
485.4		0.930518
485.5		0.930518
485.6		0.930518
485.7		0.930518
485.8		0.930518
485.9		0.930518
486		0.930518
486.1		0.931783
486.2		0.931783
486.3		0.931783
486.4		0.931783
486.5		0.931783
486.6		0.931783
486.7		0.931783
486.8		0.931783
486.9		0.931783
487		0.931783
487.1		0.932313
487.2		0.932313
487.3		0.932313
487.4		0.932313
487.5		0.932313
487.6		0.932313
487.7		0.932313
487.8		0.932313
487.9		0.932313
488		0.932313
488.1		0.935781
488.2		0.935781
488.3		0.935781
488.4		0.935781
488.5		0.935781
488.6		0.935781
488.7		0.935781
488.8		0.935781
488.9		0.935781
489		0.935781
489.1		0.937332
489.2		0.937332
489.3		0.937332
489.4		0.937332
489.5		0.937332
489.6		0.937332
489.7		0.937332
489.8		0.937332
489.9		0.937332
490		0.937332
490.1		0.941371
490.2		0.941371
490.3		0.941371
490.4		0.941371
490.5		0.941371
490.6		0.941371
490.7		0.941371
490.8		0.941371
490.9		0.941371
491		0.941371
491.1		0.942187
491.2		0.942187
491.3		0.942187
491.4		0.942187
491.5		0.942187
491.6		0.942187
491.7		0.942187
491.8		0.942187
491.9		0.942187
492		0.942187
492.1		0.942595
492.2		0.942595
492.3		0.942595
492.4		0.942595
492.5		0.942595
492.6		0.942595
492.7		0.942595
492.8		0.942595
492.9		0.942595
493		0.942595
493.1		0.943737
493.2		0.943737
493.3		0.943737
493.4		0.943737
493.5		0.943737
493.6		0.943737
493.7		0.943737
493.8		0.943737
493.9		0.943737
494		0.943737
494.1		0.94692
494.2		0.94692
494.3		0.94692
494.4		0.94692
494.5		0.94692
494.6		0.94692
494.7		0.94692
494.8		0.94692
494.9		0.94692
495		0.94692
495.1		0.94745
495.2		0.94745
495.3		0.94745
495.4		0.94745
495.5		0.94745
495.6		0.94745
495.7		0.94745
495.8		0.94745
495.9		0.94745
496		0.94745
496.1		0.95308
496.2		0.95308
496.3		0.95308
496.4		0.95308
496.5		0.95308
496.6		0.95308
496.7		0.95308
496.8		0.95308
496.9		0.95308
497		0.95308
497.1		0.953284
497.2		0.953284
497.3		0.953284
497.4		0.953284
497.5		0.953284
497.6		0.953284
497.7		0.953284
497.8		0.953284
497.9		0.953284
498		0.953284
498.1		0.956467
498.2		0.956467
498.3		0.956467
498.4		0.956467
498.5		0.956467
498.6		0.956467
498.7		0.956467
498.8		0.956467
498.9		0.956467
499		0.956467
499.1		0.958344
499.2		0.958344
499.3		0.958344
499.4		0.958344
499.5		0.958344
499.6		0.958344
499.7		0.958344
499.8		0.958344
499.9		0.958344
500		0.958344
500.1		0.9592
500.2		0.9592
500.3		0.9592
500.4		0.9592
500.5		0.9592
500.6		0.9592
500.7		0.9592
500.8		0.9592
500.9		0.9592
501		0.9592
501.1		0.962342
501.2		0.962342
501.3		0.962342
501.4		0.962342
501.5		0.962342
501.6		0.962342
501.7		0.962342
501.8		0.962342
501.9		0.962342
502		0.962342
502.1		0.962872
502.2		0.962872
502.3		0.962872
502.4		0.962872
502.5		0.962872
502.6		0.962872
502.7		0.962872
502.8		0.962872
502.9		0.962872
503		0.962872
503.1		0.964504
503.2		0.964504
503.3		0.964504
503.4		0.964504
503.5		0.964504
503.6		0.964504
503.7		0.964504
503.8		0.964504
503.9		0.964504
504		0.964504
504.1		0.967687
504.2		0.967687
504.3		0.967687
504.4		0.967687
504.5		0.967687
504.6		0.967687
504.7		0.967687
504.8		0.967687
504.9		0.967687
505		0.967687
505.1		0.968013
505.2		0.968013
505.3		0.968013
505.4		0.968013
505.5		0.968013
505.6		0.968013
505.7		0.968013
505.8		0.968013
505.9		0.968013
506		0.968013
506.1		0.969931
506.2		0.969931
506.3		0.969931
506.4		0.969931
506.5		0.969931
506.6		0.969931
506.7		0.969931
506.8		0.969931
506.9		0.969931
507		0.969931
507.1		0.974337
507.2		0.974337
507.3		0.974337
507.4		0.974337
507.5		0.974337
507.6		0.974337
507.7		0.974337
507.8		0.974337
507.9		0.974337
508		0.974337
508.1		0.975112
508.2		0.975112
508.3		0.975112
508.4		0.975112
508.5		0.975112
508.6		0.975112
508.7		0.975112
508.8		0.975112
508.9		0.975112
509		0.975112
509.1		0.97601
509.2		0.97601
509.3		0.97601
509.4		0.97601
509.5		0.97601
509.6		0.97601
509.7		0.97601
509.8		0.97601
509.9		0.97601
510		0.97601
510.1		0.978499
510.2		0.978499
510.3		0.978499
510.4		0.978499
510.5		0.978499
510.6		0.978499
510.7		0.978499
510.8		0.978499
510.9		0.978499
511		0.978499
511.1		0.978743
511.2		0.978743
511.3		0.978743
511.4		0.978743
511.5		0.978743
511.6		0.978743
511.7		0.978743
511.8		0.978743
511.9		0.978743
512		0.978743
512.1		0.982538
512.2		0.982538
512.3		0.982538
512.4		0.982538
512.5		0.982538
512.6		0.982538
512.7		0.982538
512.8		0.982538
512.9		0.982538
513		0.982538
513.1		0.984741
513.2		0.984741
513.3		0.984741
513.4		0.984741
513.5		0.984741
513.6		0.984741
513.7		0.984741
513.8		0.984741
513.9		0.984741
514		0.984741
514.1		0.984782
514.2		0.984782
514.3		0.984782
514.4		0.984782
514.5		0.984782
514.6		0.984782
514.7		0.984782
514.8		0.984782
514.9		0.984782
515		0.984782
515.1		0.987678
515.2		0.987678
515.3		0.987678
515.4		0.987678
515.5		0.987678
515.6		0.987678
515.7		0.987678
515.8		0.987678
515.9		0.987678
516		0.987678
516.1		0.988168
516.2		0.988168
516.3		0.988168
516.4		0.988168
516.5		0.988168
516.6		0.988168
516.7		0.988168
516.8		0.988168
516.9		0.988168
517		0.988168
517.1		0.993758
517.2		0.993758
517.3		0.993758
517.4		0.993758
517.5		0.993758
517.6		0.993758
517.7		0.993758
517.8		0.993758
517.9		0.993758
518		0.993758
518.1		0.995145
518.2		0.995145
518.3		0.995145
518.4		0.995145
518.5		0.995145
518.6		0.995145
518.7		0.995145
518.8		0.995145
518.9		0.995145
519		0.995145
519.1		0.99539
519.2		0.99539
519.3		0.99539
519.4		0.99539
519.5		0.99539
519.6		0.99539
519.7		0.99539
519.8		0.99539
519.9		0.99539
520		0.99539
520.1		0.997348
520.2		0.997348
520.3		0.997348
520.4		0.997348
520.5		0.997348
520.6		0.997348
520.7		0.997348
520.8		0.997348
520.9		0.997348
521		0.997348
521.1		0.99849
521.2		0.99849
521.3		0.99849
521.4		0.99849
521.5		0.99849
521.6		0.99849
521.7		0.99849
521.8		0.99849
521.9		0.99849
522		0.99849
522.1		1
522.2		1
522.3		1
522.4		1
522.5		1
522.6		1
522.7		1
522.8		1
522.9		1
523		1
523.1		1
523.2		1
523.3		1
523.4		1
523.5		1
523.6		1
523.7		1
523.8		1
523.9		1
524		1
524.1		1
524.2		1
524.3		1
524.4		1
524.5		1
524.6		1
524.7		1
524.8		1
524.9		1
525		1
525.1		1
525.2		1
525.3		1
525.4		1
525.5		1
525.6		1
525.7		1
525.8		1
525.9		1
526		1
526.1		1
526.2		1
526.3		1
526.4		1
526.5		1
526.6		1
526.7		1
526.8		1
526.9		1
527		1
527.1		1
527.2		1
527.3		1
527.4		1
527.5		1
527.6		1
527.7		1
527.8		1
527.9		1
528		1
528.1		1
528.2		1
528.3		1
528.4		1
528.5		1
528.6		1
528.7		1
528.8		1
528.9		1
529		1
529.1		1
529.2		1
529.3		1
529.4		1
529.5		1
529.6		1
529.7		1
529.8		1
529.9		1
530		1
530.1		1
530.2		1
530.3		1
530.4		1
530.5		1
530.6		1
530.7		1
530.8		1
530.9		1
531		1
531.1		1
531.2		1
531.3		1
531.4		1
531.5		1
531.6		1
531.7		1
531.8		1
531.9		1
532		1
532.1		1
532.2		1
532.3		1
532.4		1
532.5		1
532.6		1
532.7		1
532.8		1
532.9		1
533		1
533.1		1
533.2		1
533.3		1
533.4		1
533.5		1
533.6		1
533.7		1
533.8		1
533.9		1
534		1
534.1		1
534.2		1
534.3		1
534.4		1
534.5		1
534.6		1
534.7		1
534.8		1
534.9		1
535		1
535.1		1
535.2		1
535.3		1
535.4		1
535.5		1
535.6		1
535.7		1
535.8		1
535.9		1
536		1
536.1		1
536.2		1
536.3		1
536.4		1
536.5		1
536.6		1
536.7		1
536.8		1
536.9		1
537		1
537.1		1
537.2		1
537.3		1
537.4		1
537.5		1
537.6		1
537.7		1
537.8		1
537.9		1
538		1
538.1		1
538.2		1
538.3		1
538.4		1
538.5		1
538.6		1
538.7		1
538.8		1
538.9		1
539		1
539.1		1
539.2		1
539.3		1
539.4		1
539.5		1
539.6		1
539.7		1
539.8		1
539.9		1
540		1
540.1		1
540.2		1
540.3		1
540.4		1
540.5		1
540.6		1
540.7		1
540.8		1
540.9		1
541		1
541.1		1
541.2		1
541.3		1
541.4		1
541.5		1
541.6		1
541.7		1
541.8		1
541.9		1
542		1
542.1		1
542.2		1
542.3		1
542.4		1
542.5		1
542.6		1
542.7		1
542.8		1
542.9		1
543		1
543.1		1
543.2		1
543.3		1
543.4		1
543.5		1
543.6		1
543.7		1
543.8		1
543.9		1
544		1
544.1		1
544.2		1
544.3		1
544.4		1
544.5		1
544.6		1
544.7		1
544.8		1
544.9		1
545		1
545.1		1
545.2		1
545.3		1
545.4		1
545.5		1
545.6		1
545.7		1
545.8		1
545.9		1
546		1
546.1		1
546.2		1
546.3		1
546.4		1
546.5		1
546.6		1
546.7		1
546.8		1
546.9		1
547		1
547.1		1
547.2		1
547.3		1
547.4		1
547.5		1
547.6		1
547.7		1
547.8		1
547.9		1
548		1
548.1		1
548.2		1
548.3		1
548.4		1
548.5		1
548.6		1
548.7		1
548.8		1
548.9		1
549		1
549.1		1
549.2		1
549.3		1
549.4		1
549.5		1
549.6		1
549.7		1
549.8		1
549.9		1
550		1
550.1		1
550.2		1
550.3		1
550.4		1
550.5		1
550.6		1
550.7		1
550.8		1
550.9		1
551		1
551.1		1
551.2		1
551.3		1
551.4		1
551.5		1
551.6		1
551.7		1
551.8		1
551.9		1
552		1
552.1		1
552.2		1
552.3		1
552.4		1
552.5		1
552.6		1
552.7		1
552.8		1
552.9		1
553		1
553.1		1
553.2		1
553.3		1
553.4		1
553.5		1
553.6		1
553.7		1
553.8		1
553.9		1
554		1
554.1		1
554.2		1
554.3		1
554.4		1
554.5		1
554.6		1
554.7		1
554.8		1
554.9		1
555		1
555.1		1
555.2		1
555.3		1
555.4		1
555.5		1
555.6		1
555.7		1
555.8		1
555.9		1
556		1
556.1		1
556.2		1
556.3		1
556.4		1
556.5		1
556.6		1
556.7		1
556.8		1
556.9		1
557		1
557.1		1
557.2		1
557.3		1
557.4		1
557.5		1
557.6		1
557.7		1
557.8		1
557.9		1
558		1
558.1		1
558.2		1
558.3		1
558.4		1
558.5		1
558.6		1
558.7		1
558.8		1
558.9		1
559		1
559.1		1
559.2		1
559.3		1
559.4		1
559.5		1
559.6		1
559.7		1
559.8		1
559.9		1
560		1
560.1		1
560.2		1
560.3		1
560.4		1
560.5		1
560.6		1
560.7		1
560.8		1
560.9		1
561		1
561.1		1
561.2		1
561.3		1
561.4		1
561.5		1
561.6		1
561.7		1
561.8		1
561.9		1
562		1
562.1		1
562.2		1
562.3		1
562.4		1
562.5		1
562.6		1
562.7		1
562.8		1
562.9		1
563		1
563.1		1
563.2		1
563.3		1
563.4		1
563.5		1
563.6		1
563.7		1
563.8		1
563.9		1
564		1
564.1		1
564.2		1
564.3		1
564.4		1
564.5		1
564.6		1
564.7		1
564.8		1
564.9		1
565		1
565.1		1
565.2		1
565.3		1
565.4		1
565.5		1
565.6		1
565.7		1
565.8		1
565.9		1
566		1
566.1		1
566.2		1
566.3		1
566.4		1
566.5		1
566.6		1
566.7		1
566.8		1
566.9		1
567		1
567.1		1
567.2		1
567.3		1
567.4		1
567.5		1
567.6		1
567.7		1
567.8		1
567.9		1
568		1
568.1		1
568.2		1
568.3		1
568.4		1
568.5		1
568.6		1
568.7		1
568.8		1
568.9		1
569		1
569.1		1
569.2		1
569.3		1
569.4		1
569.5		1
569.6		1
569.7		1
569.8		1
569.9		1
570		1
570.1		1
570.2		1
570.3		1
570.4		1
570.5		1
570.6		1
570.7		1
570.8		1
570.9		1
571		1
571.1		1
571.2		1
571.3		1
571.4		1
571.5		1
571.6		1
571.7		1
571.8		1
571.9		1
572		1
572.1		1
572.2		1
572.3		1
572.4		1
572.5		1
572.6		1
572.7		1
572.8		1
572.9		1
573		1
573.1		1
573.2		1
573.3		1
573.4		1
573.5		1
573.6		1
573.7		1
573.8		1
573.9		1
574		1
574.1		1
574.2		1
574.3		1
574.4		1
574.5		1
574.6		1
574.7		1
574.8		1
574.9		1
575		1
575.1		1
575.2		1
575.3		1
575.4		1
575.5		1
575.6		1
575.7		1
575.8		1
575.9		1
576		1
576.1		1
576.2		1
576.3		1
576.4		1
576.5		1
576.6		1
576.7		1
576.8		1
576.9		1
577		1
577.1		1
577.2		1
577.3		1
577.4		1
577.5		1
577.6		1
577.7		1
577.8		1
577.9		1
578		1
578.1		1
578.2		1
578.3		1
578.4		1
578.5		1
578.6		1
578.7		1
578.8		1
578.9		1
579		1
579.1		1
579.2		1
579.3		1
579.4		1
579.5		1
579.6		1
579.7		1
579.8		1
579.9		1
580		1
580.1		1
580.2		1
580.3		1
580.4		1
580.5		1
580.6		1
580.7		1
580.8		1
580.9		1
581		1
581.1		1
581.2		1
581.3		1
581.4		1
581.5		1
581.6		1
581.7		1
581.8		1
581.9		1
582		1
582.1		1
582.2		1
582.3		1
582.4		1
582.5		1
582.6		1
582.7		1
582.8		1
582.9		1
583		1
583.1		1
583.2		1
583.3		1
583.4		1
583.5		1
583.6		1
583.7		1
583.8		1
583.9		1
584		1
584.1		1
584.2		1
584.3		1
584.4		1
584.5		1
584.6		1
584.7		1
584.8		1
584.9		1
585		1
585.1		1
585.2		1
585.3		1
585.4		1
585.5		1
585.6		1
585.7		1
585.8		1
585.9		1
586		1
586.1		1
586.2		1
586.3		1
586.4		1
586.5		1
586.6		1
586.7		1
586.8		1
586.9		1
587		1
587.1		1
587.2		1
587.3		1
587.4		1
587.5		1
587.6		1
587.7		1
587.8		1
587.9		1
588		1
588.1		1
588.2		1
588.3		1
588.4		1
588.5		1
588.6		1
588.7		1
588.8		1
588.9		1
589		1
589.1		1
589.2		1
589.3		1
589.4		1
589.5		1
589.6		1
589.7		1
589.8		1
589.9		1
590		1
590.1		1
590.2		1
590.3		1
590.4		1
590.5		1
590.6		1
590.7		1
590.8		1
590.9		1
591		1
591.1		1
591.2		1
591.3		1
591.4		1
591.5		1
591.6		1
591.7		1
591.8		1
591.9		1
592		1
592.1		1
592.2		1
592.3		1
592.4		1
592.5		1
592.6		1
592.7		1
592.8		1
592.9		1
593		1
593.1		1
593.2		1
593.3		1
593.4		1
593.5		1
593.6		1
593.7		1
593.8		1
593.9		1
594		1
594.1		1
594.2		1
594.3		1
594.4		1
594.5		1
594.6		1
594.7		1
594.8		1
594.9		1
595		1
595.1		1
595.2		1
595.3		1
595.4		1
595.5		1
595.6		1
595.7		1
595.8		1
595.9		1
596		1
596.1		1
596.2		1
596.3		1
596.4		1
596.5		1
596.6		1
596.7		1
596.8		1
596.9		1
597		1
597.1		1
597.2		1
597.3		1
597.4		1
597.5		1
597.6		1
597.7		1
597.8		1
597.9		1
598		1
598.1		1
598.2		1
598.3		1
598.4		1
598.5		1
598.6		1
598.7		1
598.8		1
598.9		1
599		1
599.1		1
599.2		1
599.3		1
599.4		1
599.5		1
599.6		1
599.7		1
599.8		1
599.9		1
600		1
