# Calibration file of tamex_id 2 @ channel 3
# fine_T bin		 Calibration value
0.1		0
0.2		0
0.3		0
0.4		0
0.5		0
0.6		0
0.7		0
0.8		0
0.9		0
1		0
1.1		0
1.2		0
1.3		0
1.4		0
1.5		0
1.6		0
1.7		0
1.8		0
1.9		0
2		0
2.1		0
2.2		0
2.3		0
2.4		0
2.5		0
2.6		0
2.7		0
2.8		0
2.9		0
3		0
3.1		0
3.2		0
3.3		0
3.4		0
3.5		0
3.6		0
3.7		0
3.8		0
3.9		0
4		0
4.1		0
4.2		0
4.3		0
4.4		0
4.5		0
4.6		0
4.7		0
4.8		0
4.9		0
5		0
5.1		0
5.2		0
5.3		0
5.4		0
5.5		0
5.6		0
5.7		0
5.8		0
5.9		0
6		0
6.1		0
6.2		0
6.3		0
6.4		0
6.5		0
6.6		0
6.7		0
6.8		0
6.9		0
7		0
7.1		0
7.2		0
7.3		0
7.4		0
7.5		0
7.6		0
7.7		0
7.8		0
7.9		0
8		0
8.1		0
8.2		0
8.3		0
8.4		0
8.5		0
8.6		0
8.7		0
8.8		0
8.9		0
9		0
9.1		0
9.2		0
9.3		0
9.4		0
9.5		0
9.6		0
9.7		0
9.8		0
9.9		0
10		0
10.1		0
10.2		0
10.3		0
10.4		0
10.5		0
10.6		0
10.7		0
10.8		0
10.9		0
11		0
11.1		0
11.2		0
11.3		0
11.4		0
11.5		0
11.6		0
11.7		0
11.8		0
11.9		0
12		0
12.1		0
12.2		0
12.3		0
12.4		0
12.5		0
12.6		0
12.7		0
12.8		0
12.9		0
13		0
13.1		0
13.2		0
13.3		0
13.4		0
13.5		0
13.6		0
13.7		0
13.8		0
13.9		0
14		0
14.1		0
14.2		0
14.3		0
14.4		0
14.5		0
14.6		0
14.7		0
14.8		0
14.9		0
15		0
15.1		0
15.2		0
15.3		0
15.4		0
15.5		0
15.6		0
15.7		0
15.8		0
15.9		0
16		0
16.1		0.000348918
16.2		0.000348918
16.3		0.000348918
16.4		0.000348918
16.5		0.000348918
16.6		0.000348918
16.7		0.000348918
16.8		0.000348918
16.9		0.000348918
17		0.000348918
17.1		0.0094208
17.2		0.0094208
17.3		0.0094208
17.4		0.0094208
17.5		0.0094208
17.6		0.0094208
17.7		0.0094208
17.8		0.0094208
17.9		0.0094208
18		0.0094208
18.1		0.0107002
18.2		0.0107002
18.3		0.0107002
18.4		0.0107002
18.5		0.0107002
18.6		0.0107002
18.7		0.0107002
18.8		0.0107002
18.9		0.0107002
19		0.0107002
19.1		0.0118632
19.2		0.0118632
19.3		0.0118632
19.4		0.0118632
19.5		0.0118632
19.6		0.0118632
19.7		0.0118632
19.8		0.0118632
19.9		0.0118632
20		0.0118632
20.1		0.0179111
20.2		0.0179111
20.3		0.0179111
20.4		0.0179111
20.5		0.0179111
20.6		0.0179111
20.7		0.0179111
20.8		0.0179111
20.9		0.0179111
21		0.0179111
21.1		0.0189579
21.2		0.0189579
21.3		0.0189579
21.4		0.0189579
21.5		0.0189579
21.6		0.0189579
21.7		0.0189579
21.8		0.0189579
21.9		0.0189579
22		0.0189579
22.1		0.019772
22.2		0.019772
22.3		0.019772
22.4		0.019772
22.5		0.019772
22.6		0.019772
22.7		0.019772
22.8		0.019772
22.9		0.019772
23		0.019772
23.1		0.0210514
23.2		0.0210514
23.3		0.0210514
23.4		0.0210514
23.5		0.0210514
23.6		0.0210514
23.7		0.0210514
23.8		0.0210514
23.9		0.0210514
24		0.0210514
24.1		0.0239591
24.2		0.0239591
24.3		0.0239591
24.4		0.0239591
24.5		0.0239591
24.6		0.0239591
24.7		0.0239591
24.8		0.0239591
24.9		0.0239591
25		0.0239591
25.1		0.02582
25.2		0.02582
25.3		0.02582
25.4		0.02582
25.5		0.02582
25.6		0.02582
25.7		0.02582
25.8		0.02582
25.9		0.02582
26		0.02582
26.1		0.0267504
26.2		0.0267504
26.3		0.0267504
26.4		0.0267504
26.5		0.0267504
26.6		0.0267504
26.7		0.0267504
26.8		0.0267504
26.9		0.0267504
27		0.0267504
27.1		0.0304722
27.2		0.0304722
27.3		0.0304722
27.4		0.0304722
27.5		0.0304722
27.6		0.0304722
27.7		0.0304722
27.8		0.0304722
27.9		0.0304722
28		0.0304722
28.1		0.0314027
28.2		0.0314027
28.3		0.0314027
28.4		0.0314027
28.5		0.0314027
28.6		0.0314027
28.7		0.0314027
28.8		0.0314027
28.9		0.0314027
29		0.0314027
29.1		0.0353571
29.2		0.0353571
29.3		0.0353571
29.4		0.0353571
29.5		0.0353571
29.6		0.0353571
29.7		0.0353571
29.8		0.0353571
29.9		0.0353571
30		0.0353571
30.1		0.0358223
30.2		0.0358223
30.3		0.0358223
30.4		0.0358223
30.5		0.0358223
30.6		0.0358223
30.7		0.0358223
30.8		0.0358223
30.9		0.0358223
31		0.0358223
31.1		0.0359386
31.2		0.0359386
31.3		0.0359386
31.4		0.0359386
31.5		0.0359386
31.6		0.0359386
31.7		0.0359386
31.8		0.0359386
31.9		0.0359386
32		0.0359386
32.1		0.0379158
32.2		0.0379158
32.3		0.0379158
32.4		0.0379158
32.5		0.0379158
32.6		0.0379158
32.7		0.0379158
32.8		0.0379158
32.9		0.0379158
33		0.0379158
33.1		0.0404745
33.2		0.0404745
33.3		0.0404745
33.4		0.0404745
33.5		0.0404745
33.6		0.0404745
33.7		0.0404745
33.8		0.0404745
33.9		0.0404745
34		0.0404745
34.1		0.0441963
34.2		0.0441963
34.3		0.0441963
34.4		0.0441963
34.5		0.0441963
34.6		0.0441963
34.7		0.0441963
34.8		0.0441963
34.9		0.0441963
35		0.0441963
35.1		0.0489649
35.2		0.0489649
35.3		0.0489649
35.4		0.0489649
35.5		0.0489649
35.6		0.0489649
35.7		0.0489649
35.8		0.0489649
35.9		0.0489649
36		0.0489649
36.1		0.0493138
36.2		0.0493138
36.3		0.0493138
36.4		0.0493138
36.5		0.0493138
36.6		0.0493138
36.7		0.0493138
36.8		0.0493138
36.9		0.0493138
37		0.0493138
37.1		0.0517562
37.2		0.0517562
37.3		0.0517562
37.4		0.0517562
37.5		0.0517562
37.6		0.0517562
37.7		0.0517562
37.8		0.0517562
37.9		0.0517562
38		0.0517562
38.1		0.0518725
38.2		0.0518725
38.3		0.0518725
38.4		0.0518725
38.5		0.0518725
38.6		0.0518725
38.7		0.0518725
38.8		0.0518725
38.9		0.0518725
39		0.0518725
39.1		0.055478
39.2		0.055478
39.3		0.055478
39.4		0.055478
39.5		0.055478
39.6		0.055478
39.7		0.055478
39.8		0.055478
39.9		0.055478
40		0.055478
40.1		0.0560595
40.2		0.0560595
40.3		0.0560595
40.4		0.0560595
40.5		0.0560595
40.6		0.0560595
40.7		0.0560595
40.8		0.0560595
40.9		0.0560595
41		0.0560595
41.1		0.0583857
41.2		0.0583857
41.3		0.0583857
41.4		0.0583857
41.5		0.0583857
41.6		0.0583857
41.7		0.0583857
41.8		0.0583857
41.9		0.0583857
42		0.0583857
42.1		0.0630379
42.2		0.0630379
42.3		0.0630379
42.4		0.0630379
42.5		0.0630379
42.6		0.0630379
42.7		0.0630379
42.8		0.0630379
42.9		0.0630379
43		0.0630379
43.1		0.0637358
43.2		0.0637358
43.3		0.0637358
43.4		0.0637358
43.5		0.0637358
43.6		0.0637358
43.7		0.0637358
43.8		0.0637358
43.9		0.0637358
44		0.0637358
44.1		0.0640847
44.2		0.0640847
44.3		0.0640847
44.4		0.0640847
44.5		0.0640847
44.6		0.0640847
44.7		0.0640847
44.8		0.0640847
44.9		0.0640847
45		0.0640847
45.1		0.0646662
45.2		0.0646662
45.3		0.0646662
45.4		0.0646662
45.5		0.0646662
45.6		0.0646662
45.7		0.0646662
45.8		0.0646662
45.9		0.0646662
46		0.0646662
46.1		0.0694348
46.2		0.0694348
46.3		0.0694348
46.4		0.0694348
46.5		0.0694348
46.6		0.0694348
46.7		0.0694348
46.8		0.0694348
46.9		0.0694348
47		0.0694348
47.1		0.0696674
47.2		0.0696674
47.3		0.0696674
47.4		0.0696674
47.5		0.0696674
47.6		0.0696674
47.7		0.0696674
47.8		0.0696674
47.9		0.0696674
48		0.0696674
48.1		0.0733892
48.2		0.0733892
48.3		0.0733892
48.4		0.0733892
48.5		0.0733892
48.6		0.0733892
48.7		0.0733892
48.8		0.0733892
48.9		0.0733892
49		0.0733892
49.1		0.0743196
49.2		0.0743196
49.3		0.0743196
49.4		0.0743196
49.5		0.0743196
49.6		0.0743196
49.7		0.0743196
49.8		0.0743196
49.9		0.0743196
50		0.0743196
50.1		0.0776925
50.2		0.0776925
50.3		0.0776925
50.4		0.0776925
50.5		0.0776925
50.6		0.0776925
50.7		0.0776925
50.8		0.0776925
50.9		0.0776925
51		0.0776925
51.1		0.0794371
51.2		0.0794371
51.3		0.0794371
51.4		0.0794371
51.5		0.0794371
51.6		0.0794371
51.7		0.0794371
51.8		0.0794371
51.9		0.0794371
52		0.0794371
52.1		0.08281
52.2		0.08281
52.3		0.08281
52.4		0.08281
52.5		0.08281
52.6		0.08281
52.7		0.08281
52.8		0.08281
52.9		0.08281
53		0.08281
53.1		0.0831589
53.2		0.0831589
53.3		0.0831589
53.4		0.0831589
53.5		0.0831589
53.6		0.0831589
53.7		0.0831589
53.8		0.0831589
53.9		0.0831589
54		0.0831589
54.1		0.0868807
54.2		0.0868807
54.3		0.0868807
54.4		0.0868807
54.5		0.0868807
54.6		0.0868807
54.7		0.0868807
54.8		0.0868807
54.9		0.0868807
55		0.0868807
55.1		0.0879274
55.2		0.0879274
55.3		0.0879274
55.4		0.0879274
55.5		0.0879274
55.6		0.0879274
55.7		0.0879274
55.8		0.0879274
55.9		0.0879274
56		0.0879274
56.1		0.0882763
56.2		0.0882763
56.3		0.0882763
56.4		0.0882763
56.5		0.0882763
56.6		0.0882763
56.7		0.0882763
56.8		0.0882763
56.9		0.0882763
57		0.0882763
57.1		0.0910677
57.2		0.0910677
57.3		0.0910677
57.4		0.0910677
57.5		0.0910677
57.6		0.0910677
57.7		0.0910677
57.8		0.0910677
57.9		0.0910677
58		0.0910677
58.1		0.094208
58.2		0.094208
58.3		0.094208
58.4		0.094208
58.5		0.094208
58.6		0.094208
58.7		0.094208
58.8		0.094208
58.9		0.094208
59		0.094208
59.1		0.095371
59.2		0.095371
59.3		0.095371
59.4		0.095371
59.5		0.095371
59.6		0.095371
59.7		0.095371
59.8		0.095371
59.9		0.095371
60		0.095371
60.1		0.0971156
60.2		0.0971156
60.3		0.0971156
60.4		0.0971156
60.5		0.0971156
60.6		0.0971156
60.7		0.0971156
60.8		0.0971156
60.9		0.0971156
61		0.0971156
61.1		0.0974645
61.2		0.0974645
61.3		0.0974645
61.4		0.0974645
61.5		0.0974645
61.6		0.0974645
61.7		0.0974645
61.8		0.0974645
61.9		0.0974645
62		0.0974645
62.1		0.101186
62.2		0.101186
62.3		0.101186
62.4		0.101186
62.5		0.101186
62.6		0.101186
62.7		0.101186
62.8		0.101186
62.9		0.101186
63		0.101186
63.1		0.103512
63.2		0.103512
63.3		0.103512
63.4		0.103512
63.5		0.103512
63.6		0.103512
63.7		0.103512
63.8		0.103512
63.9		0.103512
64		0.103512
64.1		0.103512
64.2		0.103512
64.3		0.103512
64.4		0.103512
64.5		0.103512
64.6		0.103512
64.7		0.103512
64.8		0.103512
64.9		0.103512
65		0.103512
65.1		0.106769
65.2		0.106769
65.3		0.106769
65.4		0.106769
65.5		0.106769
65.6		0.106769
65.7		0.106769
65.8		0.106769
65.9		0.106769
66		0.106769
66.1		0.108514
66.2		0.108514
66.3		0.108514
66.4		0.108514
66.5		0.108514
66.6		0.108514
66.7		0.108514
66.8		0.108514
66.9		0.108514
67		0.108514
67.1		0.110723
67.2		0.110723
67.3		0.110723
67.4		0.110723
67.5		0.110723
67.6		0.110723
67.7		0.110723
67.8		0.110723
67.9		0.110723
68		0.110723
68.1		0.112235
68.2		0.112235
68.3		0.112235
68.4		0.112235
68.5		0.112235
68.6		0.112235
68.7		0.112235
68.8		0.112235
68.9		0.112235
69		0.112235
69.1		0.115492
69.2		0.115492
69.3		0.115492
69.4		0.115492
69.5		0.115492
69.6		0.115492
69.7		0.115492
69.8		0.115492
69.9		0.115492
70		0.115492
70.1		0.11712
70.2		0.11712
70.3		0.11712
70.4		0.11712
70.5		0.11712
70.6		0.11712
70.7		0.11712
70.8		0.11712
70.9		0.11712
71		0.11712
71.1		0.118981
71.2		0.118981
71.3		0.118981
71.4		0.118981
71.5		0.118981
71.6		0.118981
71.7		0.118981
71.8		0.118981
71.9		0.118981
72		0.118981
72.1		0.119097
72.2		0.119097
72.3		0.119097
72.4		0.119097
72.5		0.119097
72.6		0.119097
72.7		0.119097
72.8		0.119097
72.9		0.119097
73		0.119097
73.1		0.120726
73.2		0.120726
73.3		0.120726
73.4		0.120726
73.5		0.120726
73.6		0.120726
73.7		0.120726
73.8		0.120726
73.9		0.120726
74		0.120726
74.1		0.122587
74.2		0.122587
74.3		0.122587
74.4		0.122587
74.5		0.122587
74.6		0.122587
74.7		0.122587
74.8		0.122587
74.9		0.122587
75		0.122587
75.1		0.126541
75.2		0.126541
75.3		0.126541
75.4		0.126541
75.5		0.126541
75.6		0.126541
75.7		0.126541
75.8		0.126541
75.9		0.126541
76		0.126541
76.1		0.128867
76.2		0.128867
76.3		0.128867
76.4		0.128867
76.5		0.128867
76.6		0.128867
76.7		0.128867
76.8		0.128867
76.9		0.128867
77		0.128867
77.1		0.129449
77.2		0.129449
77.3		0.129449
77.4		0.129449
77.5		0.129449
77.6		0.129449
77.7		0.129449
77.8		0.129449
77.9		0.129449
78		0.129449
78.1		0.130728
78.2		0.130728
78.3		0.130728
78.4		0.130728
78.5		0.130728
78.6		0.130728
78.7		0.130728
78.8		0.130728
78.9		0.130728
79		0.130728
79.1		0.131659
79.2		0.131659
79.3		0.131659
79.4		0.131659
79.5		0.131659
79.6		0.131659
79.7		0.131659
79.8		0.131659
79.9		0.131659
80		0.131659
80.1		0.135264
80.2		0.135264
80.3		0.135264
80.4		0.135264
80.5		0.135264
80.6		0.135264
80.7		0.135264
80.8		0.135264
80.9		0.135264
81		0.135264
81.1		0.137358
81.2		0.137358
81.3		0.137358
81.4		0.137358
81.5		0.137358
81.6		0.137358
81.7		0.137358
81.8		0.137358
81.9		0.137358
82		0.137358
82.1		0.139335
82.2		0.139335
82.3		0.139335
82.4		0.139335
82.5		0.139335
82.6		0.139335
82.7		0.139335
82.8		0.139335
82.9		0.139335
83		0.139335
83.1		0.140033
83.2		0.140033
83.3		0.140033
83.4		0.140033
83.5		0.140033
83.6		0.140033
83.7		0.140033
83.8		0.140033
83.9		0.140033
84		0.140033
84.1		0.143987
84.2		0.143987
84.3		0.143987
84.4		0.143987
84.5		0.143987
84.6		0.143987
84.7		0.143987
84.8		0.143987
84.9		0.143987
85		0.143987
85.1		0.143987
85.2		0.143987
85.3		0.143987
85.4		0.143987
85.5		0.143987
85.6		0.143987
85.7		0.143987
85.8		0.143987
85.9		0.143987
86		0.143987
86.1		0.14515
86.2		0.14515
86.3		0.14515
86.4		0.14515
86.5		0.14515
86.6		0.14515
86.7		0.14515
86.8		0.14515
86.9		0.14515
87		0.14515
87.1		0.150384
87.2		0.150384
87.3		0.150384
87.4		0.150384
87.5		0.150384
87.6		0.150384
87.7		0.150384
87.8		0.150384
87.9		0.150384
88		0.150384
88.1		0.151082
88.2		0.151082
88.3		0.151082
88.4		0.151082
88.5		0.151082
88.6		0.151082
88.7		0.151082
88.8		0.151082
88.9		0.151082
89		0.151082
89.1		0.154222
89.2		0.154222
89.3		0.154222
89.4		0.154222
89.5		0.154222
89.6		0.154222
89.7		0.154222
89.8		0.154222
89.9		0.154222
90		0.154222
90.1		0.154803
90.2		0.154803
90.3		0.154803
90.4		0.154803
90.5		0.154803
90.6		0.154803
90.7		0.154803
90.8		0.154803
90.9		0.154803
91		0.154803
91.1		0.155618
91.2		0.155618
91.3		0.155618
91.4		0.155618
91.5		0.155618
91.6		0.155618
91.7		0.155618
91.8		0.155618
91.9		0.155618
92		0.155618
92.1		0.161433
92.2		0.161433
92.3		0.161433
92.4		0.161433
92.5		0.161433
92.6		0.161433
92.7		0.161433
92.8		0.161433
92.9		0.161433
93		0.161433
93.1		0.162712
93.2		0.162712
93.3		0.162712
93.4		0.162712
93.5		0.162712
93.6		0.162712
93.7		0.162712
93.8		0.162712
93.9		0.162712
94		0.162712
94.1		0.163061
94.2		0.163061
94.3		0.163061
94.4		0.163061
94.5		0.163061
94.6		0.163061
94.7		0.163061
94.8		0.163061
94.9		0.163061
95		0.163061
95.1		0.167016
95.2		0.167016
95.3		0.167016
95.4		0.167016
95.5		0.167016
95.6		0.167016
95.7		0.167016
95.8		0.167016
95.9		0.167016
96		0.167016
96.1		0.167597
96.2		0.167597
96.3		0.167597
96.4		0.167597
96.5		0.167597
96.6		0.167597
96.7		0.167597
96.8		0.167597
96.9		0.167597
97		0.167597
97.1		0.173412
97.2		0.173412
97.3		0.173412
97.4		0.173412
97.5		0.173412
97.6		0.173412
97.7		0.173412
97.8		0.173412
97.9		0.173412
98		0.173412
98.1		0.173878
98.2		0.173878
98.3		0.173878
98.4		0.173878
98.5		0.173878
98.6		0.173878
98.7		0.173878
98.8		0.173878
98.9		0.173878
99		0.173878
99.1		0.176553
99.2		0.176553
99.3		0.176553
99.4		0.176553
99.5		0.176553
99.6		0.176553
99.7		0.176553
99.8		0.176553
99.9		0.176553
100		0.176553
100.1		0.176669
100.2		0.176669
100.3		0.176669
100.4		0.176669
100.5		0.176669
100.6		0.176669
100.7		0.176669
100.8		0.176669
100.9		0.176669
101		0.176669
101.1		0.178763
101.2		0.178763
101.3		0.178763
101.4		0.178763
101.5		0.178763
101.6		0.178763
101.7		0.178763
101.8		0.178763
101.9		0.178763
102		0.178763
102.1		0.180158
102.2		0.180158
102.3		0.180158
102.4		0.180158
102.5		0.180158
102.6		0.180158
102.7		0.180158
102.8		0.180158
102.9		0.180158
103		0.180158
103.1		0.182717
103.2		0.182717
103.3		0.182717
103.4		0.182717
103.5		0.182717
103.6		0.182717
103.7		0.182717
103.8		0.182717
103.9		0.182717
104		0.182717
104.1		0.182833
104.2		0.182833
104.3		0.182833
104.4		0.182833
104.5		0.182833
104.6		0.182833
104.7		0.182833
104.8		0.182833
104.9		0.182833
105		0.182833
105.1		0.187718
105.2		0.187718
105.3		0.187718
105.4		0.187718
105.5		0.187718
105.6		0.187718
105.7		0.187718
105.8		0.187718
105.9		0.187718
106		0.187718
106.1		0.189812
106.2		0.189812
106.3		0.189812
106.4		0.189812
106.5		0.189812
106.6		0.189812
106.7		0.189812
106.8		0.189812
106.9		0.189812
107		0.189812
107.1		0.190975
107.2		0.190975
107.3		0.190975
107.4		0.190975
107.5		0.190975
107.6		0.190975
107.7		0.190975
107.8		0.190975
107.9		0.190975
108		0.190975
108.1		0.192487
108.2		0.192487
108.3		0.192487
108.4		0.192487
108.5		0.192487
108.6		0.192487
108.7		0.192487
108.8		0.192487
108.9		0.192487
109		0.192487
109.1		0.195278
109.2		0.195278
109.3		0.195278
109.4		0.195278
109.5		0.195278
109.6		0.195278
109.7		0.195278
109.8		0.195278
109.9		0.195278
110		0.195278
110.1		0.199232
110.2		0.199232
110.3		0.199232
110.4		0.199232
110.5		0.199232
110.6		0.199232
110.7		0.199232
110.8		0.199232
110.9		0.199232
111		0.199232
111.1		0.202373
111.2		0.202373
111.3		0.202373
111.4		0.202373
111.5		0.202373
111.6		0.202373
111.7		0.202373
111.8		0.202373
111.9		0.202373
112		0.202373
112.1		0.202722
112.2		0.202722
112.3		0.202722
112.4		0.202722
112.5		0.202722
112.6		0.202722
112.7		0.202722
112.8		0.202722
112.9		0.202722
113		0.202722
113.1		0.202954
113.2		0.202954
113.3		0.202954
113.4		0.202954
113.5		0.202954
113.6		0.202954
113.7		0.202954
113.8		0.202954
113.9		0.202954
114		0.202954
114.1		0.208304
114.2		0.208304
114.3		0.208304
114.4		0.208304
114.5		0.208304
114.6		0.208304
114.7		0.208304
114.8		0.208304
114.9		0.208304
115		0.208304
115.1		0.209933
115.2		0.209933
115.3		0.209933
115.4		0.209933
115.5		0.209933
115.6		0.209933
115.7		0.209933
115.8		0.209933
115.9		0.209933
116		0.209933
116.1		0.210863
116.2		0.210863
116.3		0.210863
116.4		0.210863
116.5		0.210863
116.6		0.210863
116.7		0.210863
116.8		0.210863
116.9		0.210863
117		0.210863
117.1		0.213305
117.2		0.213305
117.3		0.213305
117.4		0.213305
117.5		0.213305
117.6		0.213305
117.7		0.213305
117.8		0.213305
117.9		0.213305
118		0.213305
118.1		0.216911
118.2		0.216911
118.3		0.216911
118.4		0.216911
118.5		0.216911
118.6		0.216911
118.7		0.216911
118.8		0.216911
118.9		0.216911
119		0.216911
119.1		0.218772
119.2		0.218772
119.3		0.218772
119.4		0.218772
119.5		0.218772
119.6		0.218772
119.7		0.218772
119.8		0.218772
119.9		0.218772
120		0.218772
120.1		0.2204
120.2		0.2204
120.3		0.2204
120.4		0.2204
120.5		0.2204
120.6		0.2204
120.7		0.2204
120.8		0.2204
120.9		0.2204
121		0.2204
121.1		0.222028
121.2		0.222028
121.3		0.222028
121.4		0.222028
121.5		0.222028
121.6		0.222028
121.7		0.222028
121.8		0.222028
121.9		0.222028
122		0.222028
122.1		0.226913
122.2		0.226913
122.3		0.226913
122.4		0.226913
122.5		0.226913
122.6		0.226913
122.7		0.226913
122.8		0.226913
122.9		0.226913
123		0.226913
123.1		0.229472
123.2		0.229472
123.3		0.229472
123.4		0.229472
123.5		0.229472
123.6		0.229472
123.7		0.229472
123.8		0.229472
123.9		0.229472
124		0.229472
124.1		0.229821
124.2		0.229821
124.3		0.229821
124.4		0.229821
124.5		0.229821
124.6		0.229821
124.7		0.229821
124.8		0.229821
124.9		0.229821
125		0.229821
125.1		0.233077
125.2		0.233077
125.3		0.233077
125.4		0.233077
125.5		0.233077
125.6		0.233077
125.7		0.233077
125.8		0.233077
125.9		0.233077
126		0.233077
126.1		0.235055
126.2		0.235055
126.3		0.235055
126.4		0.235055
126.5		0.235055
126.6		0.235055
126.7		0.235055
126.8		0.235055
126.9		0.235055
127		0.235055
127.1		0.23773
127.2		0.23773
127.3		0.23773
127.4		0.23773
127.5		0.23773
127.6		0.23773
127.7		0.23773
127.8		0.23773
127.9		0.23773
128		0.23773
128.1		0.23773
128.2		0.23773
128.3		0.23773
128.4		0.23773
128.5		0.23773
128.6		0.23773
128.7		0.23773
128.8		0.23773
128.9		0.23773
129		0.23773
129.1		0.242149
129.2		0.242149
129.3		0.242149
129.4		0.242149
129.5		0.242149
129.6		0.242149
129.7		0.242149
129.8		0.242149
129.9		0.242149
130		0.242149
130.1		0.242149
130.2		0.242149
130.3		0.242149
130.4		0.242149
130.5		0.242149
130.6		0.242149
130.7		0.242149
130.8		0.242149
130.9		0.242149
131		0.242149
131.1		0.245173
131.2		0.245173
131.3		0.245173
131.4		0.245173
131.5		0.245173
131.6		0.245173
131.7		0.245173
131.8		0.245173
131.9		0.245173
132		0.245173
132.1		0.245871
132.2		0.245871
132.3		0.245871
132.4		0.245871
132.5		0.245871
132.6		0.245871
132.7		0.245871
132.8		0.245871
132.9		0.245871
133		0.245871
133.1		0.248314
133.2		0.248314
133.3		0.248314
133.4		0.248314
133.5		0.248314
133.6		0.248314
133.7		0.248314
133.8		0.248314
133.9		0.248314
134		0.248314
134.1		0.249128
134.2		0.249128
134.3		0.249128
134.4		0.249128
134.5		0.249128
134.6		0.249128
134.7		0.249128
134.8		0.249128
134.9		0.249128
135		0.249128
135.1		0.251454
135.2		0.251454
135.3		0.251454
135.4		0.251454
135.5		0.251454
135.6		0.251454
135.7		0.251454
135.8		0.251454
135.9		0.251454
136		0.251454
136.1		0.254827
136.2		0.254827
136.3		0.254827
136.4		0.254827
136.5		0.254827
136.6		0.254827
136.7		0.254827
136.8		0.254827
136.9		0.254827
137		0.254827
137.1		0.256339
137.2		0.256339
137.3		0.256339
137.4		0.256339
137.5		0.256339
137.6		0.256339
137.7		0.256339
137.8		0.256339
137.9		0.256339
138		0.256339
138.1		0.257385
138.2		0.257385
138.3		0.257385
138.4		0.257385
138.5		0.257385
138.6		0.257385
138.7		0.257385
138.8		0.257385
138.9		0.257385
139		0.257385
139.1		0.258548
139.2		0.258548
139.3		0.258548
139.4		0.258548
139.5		0.258548
139.6		0.258548
139.7		0.258548
139.8		0.258548
139.9		0.258548
140		0.258548
140.1		0.26227
140.2		0.26227
140.3		0.26227
140.4		0.26227
140.5		0.26227
140.6		0.26227
140.7		0.26227
140.8		0.26227
140.9		0.26227
141		0.26227
141.1		0.262968
141.2		0.262968
141.3		0.262968
141.4		0.262968
141.5		0.262968
141.6		0.262968
141.7		0.262968
141.8		0.262968
141.9		0.262968
142		0.262968
142.1		0.263433
142.2		0.263433
142.3		0.263433
142.4		0.263433
142.5		0.263433
142.6		0.263433
142.7		0.263433
142.8		0.263433
142.9		0.263433
143		0.263433
143.1		0.266225
143.2		0.266225
143.3		0.266225
143.4		0.266225
143.5		0.266225
143.6		0.266225
143.7		0.266225
143.8		0.266225
143.9		0.266225
144		0.266225
144.1		0.268667
144.2		0.268667
144.3		0.268667
144.4		0.268667
144.5		0.268667
144.6		0.268667
144.7		0.268667
144.8		0.268667
144.9		0.268667
145		0.268667
145.1		0.269016
145.2		0.269016
145.3		0.269016
145.4		0.269016
145.5		0.269016
145.6		0.269016
145.7		0.269016
145.8		0.269016
145.9		0.269016
146		0.269016
146.1		0.269365
146.2		0.269365
146.3		0.269365
146.4		0.269365
146.5		0.269365
146.6		0.269365
146.7		0.269365
146.8		0.269365
146.9		0.269365
147		0.269365
147.1		0.270295
147.2		0.270295
147.3		0.270295
147.4		0.270295
147.5		0.270295
147.6		0.270295
147.7		0.270295
147.8		0.270295
147.9		0.270295
148		0.270295
148.1		0.277972
148.2		0.277972
148.3		0.277972
148.4		0.277972
148.5		0.277972
148.6		0.277972
148.7		0.277972
148.8		0.277972
148.9		0.277972
149		0.277972
149.1		0.278204
149.2		0.278204
149.3		0.278204
149.4		0.278204
149.5		0.278204
149.6		0.278204
149.7		0.278204
149.8		0.278204
149.9		0.278204
150		0.278204
150.1		0.278321
150.2		0.278321
150.3		0.278321
150.4		0.278321
150.5		0.278321
150.6		0.278321
150.7		0.278321
150.8		0.278321
150.9		0.278321
151		0.278321
151.1		0.278669
151.2		0.278669
151.3		0.278669
151.4		0.278669
151.5		0.278669
151.6		0.278669
151.7		0.278669
151.8		0.278669
151.9		0.278669
152		0.278669
152.1		0.285183
152.2		0.285183
152.3		0.285183
152.4		0.285183
152.5		0.285183
152.6		0.285183
152.7		0.285183
152.8		0.285183
152.9		0.285183
153		0.285183
153.1		0.287974
153.2		0.287974
153.3		0.287974
153.4		0.287974
153.5		0.287974
153.6		0.287974
153.7		0.287974
153.8		0.287974
153.9		0.287974
154		0.287974
154.1		0.289137
154.2		0.289137
154.3		0.289137
154.4		0.289137
154.5		0.289137
154.6		0.289137
154.7		0.289137
154.8		0.289137
154.9		0.289137
155		0.289137
155.1		0.289137
155.2		0.289137
155.3		0.289137
155.4		0.289137
155.5		0.289137
155.6		0.289137
155.7		0.289137
155.8		0.289137
155.9		0.289137
156		0.289137
156.1		0.292277
156.2		0.292277
156.3		0.292277
156.4		0.292277
156.5		0.292277
156.6		0.292277
156.7		0.292277
156.8		0.292277
156.9		0.292277
157		0.292277
157.1		0.294836
157.2		0.294836
157.3		0.294836
157.4		0.294836
157.5		0.294836
157.6		0.294836
157.7		0.294836
157.8		0.294836
157.9		0.294836
158		0.294836
158.1		0.296581
158.2		0.296581
158.3		0.296581
158.4		0.296581
158.5		0.296581
158.6		0.296581
158.7		0.296581
158.8		0.296581
158.9		0.296581
159		0.296581
159.1		0.296813
159.2		0.296813
159.3		0.296813
159.4		0.296813
159.5		0.296813
159.6		0.296813
159.7		0.296813
159.8		0.296813
159.9		0.296813
160		0.296813
160.1		0.298209
160.2		0.298209
160.3		0.298209
160.4		0.298209
160.5		0.298209
160.6		0.298209
160.7		0.298209
160.8		0.298209
160.9		0.298209
161		0.298209
161.1		0.303559
161.2		0.303559
161.3		0.303559
161.4		0.303559
161.5		0.303559
161.6		0.303559
161.7		0.303559
161.8		0.303559
161.9		0.303559
162		0.303559
162.1		0.304838
162.2		0.304838
162.3		0.304838
162.4		0.304838
162.5		0.304838
162.6		0.304838
162.7		0.304838
162.8		0.304838
162.9		0.304838
163		0.304838
163.1		0.305769
163.2		0.305769
163.3		0.305769
163.4		0.305769
163.5		0.305769
163.6		0.305769
163.7		0.305769
163.8		0.305769
163.9		0.305769
164		0.305769
164.1		0.306932
164.2		0.306932
164.3		0.306932
164.4		0.306932
164.5		0.306932
164.6		0.306932
164.7		0.306932
164.8		0.306932
164.9		0.306932
165		0.306932
165.1		0.310886
165.2		0.310886
165.3		0.310886
165.4		0.310886
165.5		0.310886
165.6		0.310886
165.7		0.310886
165.8		0.310886
165.9		0.310886
166		0.310886
166.1		0.314259
166.2		0.314259
166.3		0.314259
166.4		0.314259
166.5		0.314259
166.6		0.314259
166.7		0.314259
166.8		0.314259
166.9		0.314259
167		0.314259
167.1		0.314375
167.2		0.314375
167.3		0.314375
167.4		0.314375
167.5		0.314375
167.6		0.314375
167.7		0.314375
167.8		0.314375
167.9		0.314375
168		0.314375
168.1		0.315771
168.2		0.315771
168.3		0.315771
168.4		0.315771
168.5		0.315771
168.6		0.315771
168.7		0.315771
168.8		0.315771
168.9		0.315771
169		0.315771
169.1		0.31705
169.2		0.31705
169.3		0.31705
169.4		0.31705
169.5		0.31705
169.6		0.31705
169.7		0.31705
169.8		0.31705
169.9		0.31705
170		0.31705
170.1		0.322168
170.2		0.322168
170.3		0.322168
170.4		0.322168
170.5		0.322168
170.6		0.322168
170.7		0.322168
170.8		0.322168
170.9		0.322168
171		0.322168
171.1		0.324029
171.2		0.324029
171.3		0.324029
171.4		0.324029
171.5		0.324029
171.6		0.324029
171.7		0.324029
171.8		0.324029
171.9		0.324029
172		0.324029
172.1		0.32461
172.2		0.32461
172.3		0.32461
172.4		0.32461
172.5		0.32461
172.6		0.32461
172.7		0.32461
172.8		0.32461
172.9		0.32461
173		0.32461
173.1		0.32589
173.2		0.32589
173.3		0.32589
173.4		0.32589
173.5		0.32589
173.6		0.32589
173.7		0.32589
173.8		0.32589
173.9		0.32589
174		0.32589
174.1		0.330426
174.2		0.330426
174.3		0.330426
174.4		0.330426
174.5		0.330426
174.6		0.330426
174.7		0.330426
174.8		0.330426
174.9		0.330426
175		0.330426
175.1		0.332054
175.2		0.332054
175.3		0.332054
175.4		0.332054
175.5		0.332054
175.6		0.332054
175.7		0.332054
175.8		0.332054
175.9		0.332054
176		0.332054
176.1		0.333915
176.2		0.333915
176.3		0.333915
176.4		0.333915
176.5		0.333915
176.6		0.333915
176.7		0.333915
176.8		0.333915
176.9		0.333915
177		0.333915
177.1		0.335892
177.2		0.335892
177.3		0.335892
177.4		0.335892
177.5		0.335892
177.6		0.335892
177.7		0.335892
177.8		0.335892
177.9		0.335892
178		0.335892
178.1		0.336474
178.2		0.336474
178.3		0.336474
178.4		0.336474
178.5		0.336474
178.6		0.336474
178.7		0.336474
178.8		0.336474
178.9		0.336474
179		0.336474
179.1		0.338683
179.2		0.338683
179.3		0.338683
179.4		0.338683
179.5		0.338683
179.6		0.338683
179.7		0.338683
179.8		0.338683
179.9		0.338683
180		0.338683
180.1		0.340428
180.2		0.340428
180.3		0.340428
180.4		0.340428
180.5		0.340428
180.6		0.340428
180.7		0.340428
180.8		0.340428
180.9		0.340428
181		0.340428
181.1		0.341475
181.2		0.341475
181.3		0.341475
181.4		0.341475
181.5		0.341475
181.6		0.341475
181.7		0.341475
181.8		0.341475
181.9		0.341475
182		0.341475
182.1		0.344266
182.2		0.344266
182.3		0.344266
182.4		0.344266
182.5		0.344266
182.6		0.344266
182.7		0.344266
182.8		0.344266
182.9		0.344266
183		0.344266
183.1		0.344964
183.2		0.344964
183.3		0.344964
183.4		0.344964
183.5		0.344964
183.6		0.344964
183.7		0.344964
183.8		0.344964
183.9		0.344964
184		0.344964
184.1		0.345894
184.2		0.345894
184.3		0.345894
184.4		0.345894
184.5		0.345894
184.6		0.345894
184.7		0.345894
184.8		0.345894
184.9		0.345894
185		0.345894
185.1		0.348337
185.2		0.348337
185.3		0.348337
185.4		0.348337
185.5		0.348337
185.6		0.348337
185.7		0.348337
185.8		0.348337
185.9		0.348337
186		0.348337
186.1		0.354617
186.2		0.354617
186.3		0.354617
186.4		0.354617
186.5		0.354617
186.6		0.354617
186.7		0.354617
186.8		0.354617
186.9		0.354617
187		0.354617
187.1		0.355897
187.2		0.355897
187.3		0.355897
187.4		0.355897
187.5		0.355897
187.6		0.355897
187.7		0.355897
187.8		0.355897
187.9		0.355897
188		0.355897
188.1		0.35799
188.2		0.35799
188.3		0.35799
188.4		0.35799
188.5		0.35799
188.6		0.35799
188.7		0.35799
188.8		0.35799
188.9		0.35799
189		0.35799
189.1		0.359037
189.2		0.359037
189.3		0.359037
189.4		0.359037
189.5		0.359037
189.6		0.359037
189.7		0.359037
189.8		0.359037
189.9		0.359037
190		0.359037
190.1		0.363224
190.2		0.363224
190.3		0.363224
190.4		0.363224
190.5		0.363224
190.6		0.363224
190.7		0.363224
190.8		0.363224
190.9		0.363224
191		0.363224
191.1		0.363689
191.2		0.363689
191.3		0.363689
191.4		0.363689
191.5		0.363689
191.6		0.363689
191.7		0.363689
191.8		0.363689
191.9		0.363689
192		0.363689
192.1		0.364038
192.2		0.364038
192.3		0.364038
192.4		0.364038
192.5		0.364038
192.6		0.364038
192.7		0.364038
192.8		0.364038
192.9		0.364038
193		0.364038
193.1		0.365201
193.2		0.365201
193.3		0.365201
193.4		0.365201
193.5		0.365201
193.6		0.365201
193.7		0.365201
193.8		0.365201
193.9		0.365201
194		0.365201
194.1		0.367644
194.2		0.367644
194.3		0.367644
194.4		0.367644
194.5		0.367644
194.6		0.367644
194.7		0.367644
194.8		0.367644
194.9		0.367644
195		0.367644
195.1		0.370784
195.2		0.370784
195.3		0.370784
195.4		0.370784
195.5		0.370784
195.6		0.370784
195.7		0.370784
195.8		0.370784
195.9		0.370784
196		0.370784
196.1		0.372645
196.2		0.372645
196.3		0.372645
196.4		0.372645
196.5		0.372645
196.6		0.372645
196.7		0.372645
196.8		0.372645
196.9		0.372645
197		0.372645
197.1		0.374855
197.2		0.374855
197.3		0.374855
197.4		0.374855
197.5		0.374855
197.6		0.374855
197.7		0.374855
197.8		0.374855
197.9		0.374855
198		0.374855
198.1		0.374971
198.2		0.374971
198.3		0.374971
198.4		0.374971
198.5		0.374971
198.6		0.374971
198.7		0.374971
198.8		0.374971
198.9		0.374971
199		0.374971
199.1		0.377995
199.2		0.377995
199.3		0.377995
199.4		0.377995
199.5		0.377995
199.6		0.377995
199.7		0.377995
199.8		0.377995
199.9		0.377995
200		0.377995
200.1		0.380437
200.2		0.380437
200.3		0.380437
200.4		0.380437
200.5		0.380437
200.6		0.380437
200.7		0.380437
200.8		0.380437
200.9		0.380437
201		0.380437
201.1		0.383694
201.2		0.383694
201.3		0.383694
201.4		0.383694
201.5		0.383694
201.6		0.383694
201.7		0.383694
201.8		0.383694
201.9		0.383694
202		0.383694
202.1		0.383926
202.2		0.383926
202.3		0.383926
202.4		0.383926
202.5		0.383926
202.6		0.383926
202.7		0.383926
202.8		0.383926
202.9		0.383926
203		0.383926
203.1		0.384043
203.2		0.384043
203.3		0.384043
203.4		0.384043
203.5		0.384043
203.6		0.384043
203.7		0.384043
203.8		0.384043
203.9		0.384043
204		0.384043
204.1		0.386253
204.2		0.386253
204.3		0.386253
204.4		0.386253
204.5		0.386253
204.6		0.386253
204.7		0.386253
204.8		0.386253
204.9		0.386253
205		0.386253
205.1		0.390789
205.2		0.390789
205.3		0.390789
205.4		0.390789
205.5		0.390789
205.6		0.390789
205.7		0.390789
205.8		0.390789
205.9		0.390789
206		0.390789
206.1		0.392766
206.2		0.392766
206.3		0.392766
206.4		0.392766
206.5		0.392766
206.6		0.392766
206.7		0.392766
206.8		0.392766
206.9		0.392766
207		0.392766
207.1		0.393929
207.2		0.393929
207.3		0.393929
207.4		0.393929
207.5		0.393929
207.6		0.393929
207.7		0.393929
207.8		0.393929
207.9		0.393929
208		0.393929
208.1		0.396836
208.2		0.396836
208.3		0.396836
208.4		0.396836
208.5		0.396836
208.6		0.396836
208.7		0.396836
208.8		0.396836
208.9		0.396836
209		0.396836
209.1		0.397534
209.2		0.397534
209.3		0.397534
209.4		0.397534
209.5		0.397534
209.6		0.397534
209.7		0.397534
209.8		0.397534
209.9		0.397534
210		0.397534
210.1		0.399046
210.2		0.399046
210.3		0.399046
210.4		0.399046
210.5		0.399046
210.6		0.399046
210.7		0.399046
210.8		0.399046
210.9		0.399046
211		0.399046
211.1		0.402303
211.2		0.402303
211.3		0.402303
211.4		0.402303
211.5		0.402303
211.6		0.402303
211.7		0.402303
211.8		0.402303
211.9		0.402303
212		0.402303
212.1		0.405094
212.2		0.405094
212.3		0.405094
212.4		0.405094
212.5		0.405094
212.6		0.405094
212.7		0.405094
212.8		0.405094
212.9		0.405094
213		0.405094
213.1		0.40742
213.2		0.40742
213.3		0.40742
213.4		0.40742
213.5		0.40742
213.6		0.40742
213.7		0.40742
213.8		0.40742
213.9		0.40742
214		0.40742
214.1		0.408351
214.2		0.408351
214.3		0.408351
214.4		0.408351
214.5		0.408351
214.6		0.408351
214.7		0.408351
214.8		0.408351
214.9		0.408351
215		0.408351
215.1		0.4087
215.2		0.4087
215.3		0.4087
215.4		0.4087
215.5		0.4087
215.6		0.4087
215.7		0.4087
215.8		0.4087
215.9		0.4087
216		0.4087
216.1		0.411724
216.2		0.411724
216.3		0.411724
216.4		0.411724
216.5		0.411724
216.6		0.411724
216.7		0.411724
216.8		0.411724
216.9		0.411724
217		0.411724
217.1		0.413817
217.2		0.413817
217.3		0.413817
217.4		0.413817
217.5		0.413817
217.6		0.413817
217.7		0.413817
217.8		0.413817
217.9		0.413817
218		0.413817
218.1		0.414166
218.2		0.414166
218.3		0.414166
218.4		0.414166
218.5		0.414166
218.6		0.414166
218.7		0.414166
218.8		0.414166
218.9		0.414166
219		0.414166
219.1		0.417655
219.2		0.417655
219.3		0.417655
219.4		0.417655
219.5		0.417655
219.6		0.417655
219.7		0.417655
219.8		0.417655
219.9		0.417655
220		0.417655
220.1		0.420098
220.2		0.420098
220.3		0.420098
220.4		0.420098
220.5		0.420098
220.6		0.420098
220.7		0.420098
220.8		0.420098
220.9		0.420098
221		0.420098
221.1		0.421028
221.2		0.421028
221.3		0.421028
221.4		0.421028
221.5		0.421028
221.6		0.421028
221.7		0.421028
221.8		0.421028
221.9		0.421028
222		0.421028
222.1		0.422191
222.2		0.422191
222.3		0.422191
222.4		0.422191
222.5		0.422191
222.6		0.422191
222.7		0.422191
222.8		0.422191
222.9		0.422191
223		0.422191
223.1		0.425331
223.2		0.425331
223.3		0.425331
223.4		0.425331
223.5		0.425331
223.6		0.425331
223.7		0.425331
223.8		0.425331
223.9		0.425331
224		0.425331
224.1		0.426029
224.2		0.426029
224.3		0.426029
224.4		0.426029
224.5		0.426029
224.6		0.426029
224.7		0.426029
224.8		0.426029
224.9		0.426029
225		0.426029
225.1		0.431961
225.2		0.431961
225.3		0.431961
225.4		0.431961
225.5		0.431961
225.6		0.431961
225.7		0.431961
225.8		0.431961
225.9		0.431961
226		0.431961
226.1		0.433589
226.2		0.433589
226.3		0.433589
226.4		0.433589
226.5		0.433589
226.6		0.433589
226.7		0.433589
226.8		0.433589
226.9		0.433589
227		0.433589
227.1		0.434752
227.2		0.434752
227.3		0.434752
227.4		0.434752
227.5		0.434752
227.6		0.434752
227.7		0.434752
227.8		0.434752
227.9		0.434752
228		0.434752
228.1		0.436148
228.2		0.436148
228.3		0.436148
228.4		0.436148
228.5		0.436148
228.6		0.436148
228.7		0.436148
228.8		0.436148
228.9		0.436148
229		0.436148
229.1		0.438707
229.2		0.438707
229.3		0.438707
229.4		0.438707
229.5		0.438707
229.6		0.438707
229.7		0.438707
229.8		0.438707
229.9		0.438707
230		0.438707
230.1		0.443126
230.2		0.443126
230.3		0.443126
230.4		0.443126
230.5		0.443126
230.6		0.443126
230.7		0.443126
230.8		0.443126
230.9		0.443126
231		0.443126
231.1		0.444173
231.2		0.444173
231.3		0.444173
231.4		0.444173
231.5		0.444173
231.6		0.444173
231.7		0.444173
231.8		0.444173
231.9		0.444173
232		0.444173
232.1		0.444871
232.2		0.444871
232.3		0.444871
232.4		0.444871
232.5		0.444871
232.6		0.444871
232.7		0.444871
232.8		0.444871
232.9		0.444871
233		0.444871
233.1		0.445336
233.2		0.445336
233.3		0.445336
233.4		0.445336
233.5		0.445336
233.6		0.445336
233.7		0.445336
233.8		0.445336
233.9		0.445336
234		0.445336
234.1		0.451035
234.2		0.451035
234.3		0.451035
234.4		0.451035
234.5		0.451035
234.6		0.451035
234.7		0.451035
234.8		0.451035
234.9		0.451035
235		0.451035
235.1		0.451384
235.2		0.451384
235.3		0.451384
235.4		0.451384
235.5		0.451384
235.6		0.451384
235.7		0.451384
235.8		0.451384
235.9		0.451384
236		0.451384
236.1		0.454059
236.2		0.454059
236.3		0.454059
236.4		0.454059
236.5		0.454059
236.6		0.454059
236.7		0.454059
236.8		0.454059
236.9		0.454059
237		0.454059
237.1		0.454408
237.2		0.454408
237.3		0.454408
237.4		0.454408
237.5		0.454408
237.6		0.454408
237.7		0.454408
237.8		0.454408
237.9		0.454408
238		0.454408
238.1		0.459293
238.2		0.459293
238.3		0.459293
238.4		0.459293
238.5		0.459293
238.6		0.459293
238.7		0.459293
238.8		0.459293
238.9		0.459293
239		0.459293
239.1		0.460921
239.2		0.460921
239.3		0.460921
239.4		0.460921
239.5		0.460921
239.6		0.460921
239.7		0.460921
239.8		0.460921
239.9		0.460921
240		0.460921
240.1		0.461503
240.2		0.461503
240.3		0.461503
240.4		0.461503
240.5		0.461503
240.6		0.461503
240.7		0.461503
240.8		0.461503
240.9		0.461503
241		0.461503
241.1		0.461735
241.2		0.461735
241.3		0.461735
241.4		0.461735
241.5		0.461735
241.6		0.461735
241.7		0.461735
241.8		0.461735
241.9		0.461735
242		0.461735
242.1		0.468481
242.2		0.468481
242.3		0.468481
242.4		0.468481
242.5		0.468481
242.6		0.468481
242.7		0.468481
242.8		0.468481
242.9		0.468481
243		0.468481
243.1		0.469295
243.2		0.469295
243.3		0.469295
243.4		0.469295
243.5		0.469295
243.6		0.469295
243.7		0.469295
243.8		0.469295
243.9		0.469295
244		0.469295
244.1		0.469644
244.2		0.469644
244.3		0.469644
244.4		0.469644
244.5		0.469644
244.6		0.469644
244.7		0.469644
244.8		0.469644
244.9		0.469644
245		0.469644
245.1		0.472435
245.2		0.472435
245.3		0.472435
245.4		0.472435
245.5		0.472435
245.6		0.472435
245.7		0.472435
245.8		0.472435
245.9		0.472435
246		0.472435
246.1		0.476041
246.2		0.476041
246.3		0.476041
246.4		0.476041
246.5		0.476041
246.6		0.476041
246.7		0.476041
246.8		0.476041
246.9		0.476041
247		0.476041
247.1		0.478018
247.2		0.478018
247.3		0.478018
247.4		0.478018
247.5		0.478018
247.6		0.478018
247.7		0.478018
247.8		0.478018
247.9		0.478018
248		0.478018
248.1		0.478134
248.2		0.478134
248.3		0.478134
248.4		0.478134
248.5		0.478134
248.6		0.478134
248.7		0.478134
248.8		0.478134
248.9		0.478134
249		0.478134
249.1		0.478716
249.2		0.478716
249.3		0.478716
249.4		0.478716
249.5		0.478716
249.6		0.478716
249.7		0.478716
249.8		0.478716
249.9		0.478716
250		0.478716
250.1		0.481275
250.2		0.481275
250.3		0.481275
250.4		0.481275
250.5		0.481275
250.6		0.481275
250.7		0.481275
250.8		0.481275
250.9		0.481275
251		0.481275
251.1		0.486625
251.2		0.486625
251.3		0.486625
251.4		0.486625
251.5		0.486625
251.6		0.486625
251.7		0.486625
251.8		0.486625
251.9		0.486625
252		0.486625
252.1		0.486625
252.2		0.486625
252.3		0.486625
252.4		0.486625
252.5		0.486625
252.6		0.486625
252.7		0.486625
252.8		0.486625
252.9		0.486625
253		0.486625
253.1		0.486857
253.2		0.486857
253.3		0.486857
253.4		0.486857
253.5		0.486857
253.6		0.486857
253.7		0.486857
253.8		0.486857
253.9		0.486857
254		0.486857
254.1		0.488602
254.2		0.488602
254.3		0.488602
254.4		0.488602
254.5		0.488602
254.6		0.488602
254.7		0.488602
254.8		0.488602
254.9		0.488602
255		0.488602
255.1		0.491161
255.2		0.491161
255.3		0.491161
255.4		0.491161
255.5		0.491161
255.6		0.491161
255.7		0.491161
255.8		0.491161
255.9		0.491161
256		0.491161
256.1		0.493371
256.2		0.493371
256.3		0.493371
256.4		0.493371
256.5		0.493371
256.6		0.493371
256.7		0.493371
256.8		0.493371
256.9		0.493371
257		0.493371
257.1		0.497674
257.2		0.497674
257.3		0.497674
257.4		0.497674
257.5		0.497674
257.6		0.497674
257.7		0.497674
257.8		0.497674
257.9		0.497674
258		0.497674
258.1		0.499418
258.2		0.499418
258.3		0.499418
258.4		0.499418
258.5		0.499418
258.6		0.499418
258.7		0.499418
258.8		0.499418
258.9		0.499418
259		0.499418
259.1		0.499767
259.2		0.499767
259.3		0.499767
259.4		0.499767
259.5		0.499767
259.6		0.499767
259.7		0.499767
259.8		0.499767
259.9		0.499767
260		0.499767
260.1		0.502908
260.2		0.502908
260.3		0.502908
260.4		0.502908
260.5		0.502908
260.6		0.502908
260.7		0.502908
260.8		0.502908
260.9		0.502908
261		0.502908
261.1		0.504303
261.2		0.504303
261.3		0.504303
261.4		0.504303
261.5		0.504303
261.6		0.504303
261.7		0.504303
261.8		0.504303
261.9		0.504303
262		0.504303
262.1		0.505001
262.2		0.505001
262.3		0.505001
262.4		0.505001
262.5		0.505001
262.6		0.505001
262.7		0.505001
262.8		0.505001
262.9		0.505001
263		0.505001
263.1		0.506513
263.2		0.506513
263.3		0.506513
263.4		0.506513
263.5		0.506513
263.6		0.506513
263.7		0.506513
263.8		0.506513
263.9		0.506513
264		0.506513
264.1		0.512328
264.2		0.512328
264.3		0.512328
264.4		0.512328
264.5		0.512328
264.6		0.512328
264.7		0.512328
264.8		0.512328
264.9		0.512328
265		0.512328
265.1		0.514073
265.2		0.514073
265.3		0.514073
265.4		0.514073
265.5		0.514073
265.6		0.514073
265.7		0.514073
265.8		0.514073
265.9		0.514073
266		0.514073
266.1		0.515818
266.2		0.515818
266.3		0.515818
266.4		0.515818
266.5		0.515818
266.6		0.515818
266.7		0.515818
266.8		0.515818
266.9		0.515818
267		0.515818
267.1		0.517097
267.2		0.517097
267.3		0.517097
267.4		0.517097
267.5		0.517097
267.6		0.517097
267.7		0.517097
267.8		0.517097
267.9		0.517097
268		0.517097
268.1		0.518958
268.2		0.518958
268.3		0.518958
268.4		0.518958
268.5		0.518958
268.6		0.518958
268.7		0.518958
268.8		0.518958
268.9		0.518958
269		0.518958
269.1		0.525006
269.2		0.525006
269.3		0.525006
269.4		0.525006
269.5		0.525006
269.6		0.525006
269.7		0.525006
269.8		0.525006
269.9		0.525006
270		0.525006
270.1		0.525355
270.2		0.525355
270.3		0.525355
270.4		0.525355
270.5		0.525355
270.6		0.525355
270.7		0.525355
270.8		0.525355
270.9		0.525355
271		0.525355
271.1		0.525355
271.2		0.525355
271.3		0.525355
271.4		0.525355
271.5		0.525355
271.6		0.525355
271.7		0.525355
271.8		0.525355
271.9		0.525355
272		0.525355
272.1		0.528262
272.2		0.528262
272.3		0.528262
272.4		0.528262
272.5		0.528262
272.6		0.528262
272.7		0.528262
272.8		0.528262
272.9		0.528262
273		0.528262
273.1		0.531286
273.2		0.531286
273.3		0.531286
273.4		0.531286
273.5		0.531286
273.6		0.531286
273.7		0.531286
273.8		0.531286
273.9		0.531286
274		0.531286
274.1		0.531403
274.2		0.531403
274.3		0.531403
274.4		0.531403
274.5		0.531403
274.6		0.531403
274.7		0.531403
274.8		0.531403
274.9		0.531403
275		0.531403
275.1		0.536636
275.2		0.536636
275.3		0.536636
275.4		0.536636
275.5		0.536636
275.6		0.536636
275.7		0.536636
275.8		0.536636
275.9		0.536636
276		0.536636
276.1		0.539079
276.2		0.539079
276.3		0.539079
276.4		0.539079
276.5		0.539079
276.6		0.539079
276.7		0.539079
276.8		0.539079
276.9		0.539079
277		0.539079
277.1		0.539893
277.2		0.539893
277.3		0.539893
277.4		0.539893
277.5		0.539893
277.6		0.539893
277.7		0.539893
277.8		0.539893
277.9		0.539893
278		0.539893
278.1		0.54187
278.2		0.54187
278.3		0.54187
278.4		0.54187
278.5		0.54187
278.6		0.54187
278.7		0.54187
278.8		0.54187
278.9		0.54187
279		0.54187
279.1		0.545359
279.2		0.545359
279.3		0.545359
279.4		0.545359
279.5		0.545359
279.6		0.545359
279.7		0.545359
279.8		0.545359
279.9		0.545359
280		0.545359
280.1		0.546057
280.2		0.546057
280.3		0.546057
280.4		0.546057
280.5		0.546057
280.6		0.546057
280.7		0.546057
280.8		0.546057
280.9		0.546057
281		0.546057
281.1		0.547686
281.2		0.547686
281.3		0.547686
281.4		0.547686
281.5		0.547686
281.6		0.547686
281.7		0.547686
281.8		0.547686
281.9		0.547686
282		0.547686
282.1		0.549081
282.2		0.549081
282.3		0.549081
282.4		0.549081
282.5		0.549081
282.6		0.549081
282.7		0.549081
282.8		0.549081
282.9		0.549081
283		0.549081
283.1		0.551756
283.2		0.551756
283.3		0.551756
283.4		0.551756
283.5		0.551756
283.6		0.551756
283.7		0.551756
283.8		0.551756
283.9		0.551756
284		0.551756
284.1		0.55606
284.2		0.55606
284.3		0.55606
284.4		0.55606
284.5		0.55606
284.6		0.55606
284.7		0.55606
284.8		0.55606
284.9		0.55606
285		0.55606
285.1		0.556757
285.2		0.556757
285.3		0.556757
285.4		0.556757
285.5		0.556757
285.6		0.556757
285.7		0.556757
285.8		0.556757
285.9		0.556757
286		0.556757
286.1		0.558851
286.2		0.558851
286.3		0.558851
286.4		0.558851
286.5		0.558851
286.6		0.558851
286.7		0.558851
286.8		0.558851
286.9		0.558851
287		0.558851
287.1		0.56013
287.2		0.56013
287.3		0.56013
287.4		0.56013
287.5		0.56013
287.6		0.56013
287.7		0.56013
287.8		0.56013
287.9		0.56013
288		0.56013
288.1		0.564201
288.2		0.564201
288.3		0.564201
288.4		0.564201
288.5		0.564201
288.6		0.564201
288.7		0.564201
288.8		0.564201
288.9		0.564201
289		0.564201
289.1		0.564317
289.2		0.564317
289.3		0.564317
289.4		0.564317
289.5		0.564317
289.6		0.564317
289.7		0.564317
289.8		0.564317
289.9		0.564317
290		0.564317
290.1		0.565713
290.2		0.565713
290.3		0.565713
290.4		0.565713
290.5		0.565713
290.6		0.565713
290.7		0.565713
290.8		0.565713
290.9		0.565713
291		0.565713
291.1		0.570249
291.2		0.570249
291.3		0.570249
291.4		0.570249
291.5		0.570249
291.6		0.570249
291.7		0.570249
291.8		0.570249
291.9		0.570249
292		0.570249
292.1		0.570714
292.2		0.570714
292.3		0.570714
292.4		0.570714
292.5		0.570714
292.6		0.570714
292.7		0.570714
292.8		0.570714
292.9		0.570714
293		0.570714
293.1		0.572459
293.2		0.572459
293.3		0.572459
293.4		0.572459
293.5		0.572459
293.6		0.572459
293.7		0.572459
293.8		0.572459
293.9		0.572459
294		0.572459
294.1		0.574436
294.2		0.574436
294.3		0.574436
294.4		0.574436
294.5		0.574436
294.6		0.574436
294.7		0.574436
294.8		0.574436
294.9		0.574436
295		0.574436
295.1		0.574901
295.2		0.574901
295.3		0.574901
295.4		0.574901
295.5		0.574901
295.6		0.574901
295.7		0.574901
295.8		0.574901
295.9		0.574901
296		0.574901
296.1		0.580949
296.2		0.580949
296.3		0.580949
296.4		0.580949
296.5		0.580949
296.6		0.580949
296.7		0.580949
296.8		0.580949
296.9		0.580949
297		0.580949
297.1		0.582228
297.2		0.582228
297.3		0.582228
297.4		0.582228
297.5		0.582228
297.6		0.582228
297.7		0.582228
297.8		0.582228
297.9		0.582228
298		0.582228
298.1		0.583043
298.2		0.583043
298.3		0.583043
298.4		0.583043
298.5		0.583043
298.6		0.583043
298.7		0.583043
298.8		0.583043
298.9		0.583043
299		0.583043
299.1		0.588742
299.2		0.588742
299.3		0.588742
299.4		0.588742
299.5		0.588742
299.6		0.588742
299.7		0.588742
299.8		0.588742
299.9		0.588742
300		0.588742
300.1		0.589672
300.2		0.589672
300.3		0.589672
300.4		0.589672
300.5		0.589672
300.6		0.589672
300.7		0.589672
300.8		0.589672
300.9		0.589672
301		0.589672
301.1		0.59258
301.2		0.59258
301.3		0.59258
301.4		0.59258
301.5		0.59258
301.6		0.59258
301.7		0.59258
301.8		0.59258
301.9		0.59258
302		0.59258
302.1		0.594441
302.2		0.594441
302.3		0.594441
302.4		0.594441
302.5		0.594441
302.6		0.594441
302.7		0.594441
302.8		0.594441
302.9		0.594441
303		0.594441
303.1		0.596301
303.2		0.596301
303.3		0.596301
303.4		0.596301
303.5		0.596301
303.6		0.596301
303.7		0.596301
303.8		0.596301
303.9		0.596301
304		0.596301
304.1		0.59886
304.2		0.59886
304.3		0.59886
304.4		0.59886
304.5		0.59886
304.6		0.59886
304.7		0.59886
304.8		0.59886
304.9		0.59886
305		0.59886
305.1		0.600023
305.2		0.600023
305.3		0.600023
305.4		0.600023
305.5		0.600023
305.6		0.600023
305.7		0.600023
305.8		0.600023
305.9		0.600023
306		0.600023
306.1		0.603512
306.2		0.603512
306.3		0.603512
306.4		0.603512
306.5		0.603512
306.6		0.603512
306.7		0.603512
306.8		0.603512
306.9		0.603512
307		0.603512
307.1		0.604676
307.2		0.604676
307.3		0.604676
307.4		0.604676
307.5		0.604676
307.6		0.604676
307.7		0.604676
307.8		0.604676
307.9		0.604676
308		0.604676
308.1		0.604792
308.2		0.604792
308.3		0.604792
308.4		0.604792
308.5		0.604792
308.6		0.604792
308.7		0.604792
308.8		0.604792
308.9		0.604792
309		0.604792
309.1		0.606304
309.2		0.606304
309.3		0.606304
309.4		0.606304
309.5		0.606304
309.6		0.606304
309.7		0.606304
309.8		0.606304
309.9		0.606304
310		0.606304
310.1		0.611654
310.2		0.611654
310.3		0.611654
310.4		0.611654
310.5		0.611654
310.6		0.611654
310.7		0.611654
310.8		0.611654
310.9		0.611654
311		0.611654
311.1		0.612235
311.2		0.612235
311.3		0.612235
311.4		0.612235
311.5		0.612235
311.6		0.612235
311.7		0.612235
311.8		0.612235
311.9		0.612235
312		0.612235
312.1		0.613515
312.2		0.613515
312.3		0.613515
312.4		0.613515
312.5		0.613515
312.6		0.613515
312.7		0.613515
312.8		0.613515
312.9		0.613515
313		0.613515
313.1		0.613747
313.2		0.613747
313.3		0.613747
313.4		0.613747
313.5		0.613747
313.6		0.613747
313.7		0.613747
313.8		0.613747
313.9		0.613747
314		0.613747
314.1		0.618283
314.2		0.618283
314.3		0.618283
314.4		0.618283
314.5		0.618283
314.6		0.618283
314.7		0.618283
314.8		0.618283
314.9		0.618283
315		0.618283
315.1		0.618981
315.2		0.618981
315.3		0.618981
315.4		0.618981
315.5		0.618981
315.6		0.618981
315.7		0.618981
315.8		0.618981
315.9		0.618981
316		0.618981
316.1		0.620842
316.2		0.620842
316.3		0.620842
316.4		0.620842
316.5		0.620842
316.6		0.620842
316.7		0.620842
316.8		0.620842
316.9		0.620842
317		0.620842
317.1		0.621075
317.2		0.621075
317.3		0.621075
317.4		0.621075
317.5		0.621075
317.6		0.621075
317.7		0.621075
317.8		0.621075
317.9		0.621075
318		0.621075
318.1		0.625378
318.2		0.625378
318.3		0.625378
318.4		0.625378
318.5		0.625378
318.6		0.625378
318.7		0.625378
318.8		0.625378
318.9		0.625378
319		0.625378
319.1		0.626192
319.2		0.626192
319.3		0.626192
319.4		0.626192
319.5		0.626192
319.6		0.626192
319.7		0.626192
319.8		0.626192
319.9		0.626192
320		0.626192
320.1		0.626657
320.2		0.626657
320.3		0.626657
320.4		0.626657
320.5		0.626657
320.6		0.626657
320.7		0.626657
320.8		0.626657
320.9		0.626657
321		0.626657
321.1		0.630263
321.2		0.630263
321.3		0.630263
321.4		0.630263
321.5		0.630263
321.6		0.630263
321.7		0.630263
321.8		0.630263
321.9		0.630263
322		0.630263
322.1		0.631542
322.2		0.631542
322.3		0.631542
322.4		0.631542
322.5		0.631542
322.6		0.631542
322.7		0.631542
322.8		0.631542
322.9		0.631542
323		0.631542
323.1		0.633636
323.2		0.633636
323.3		0.633636
323.4		0.633636
323.5		0.633636
323.6		0.633636
323.7		0.633636
323.8		0.633636
323.9		0.633636
324		0.633636
324.1		0.634334
324.2		0.634334
324.3		0.634334
324.4		0.634334
324.5		0.634334
324.6		0.634334
324.7		0.634334
324.8		0.634334
324.9		0.634334
325		0.634334
325.1		0.634682
325.2		0.634682
325.3		0.634682
325.4		0.634682
325.5		0.634682
325.6		0.634682
325.7		0.634682
325.8		0.634682
325.9		0.634682
326		0.634682
326.1		0.640149
326.2		0.640149
326.3		0.640149
326.4		0.640149
326.5		0.640149
326.6		0.640149
326.7		0.640149
326.8		0.640149
326.9		0.640149
327		0.640149
327.1		0.64201
327.2		0.64201
327.3		0.64201
327.4		0.64201
327.5		0.64201
327.6		0.64201
327.7		0.64201
327.8		0.64201
327.9		0.64201
328		0.64201
328.1		0.644103
328.2		0.644103
328.3		0.644103
328.4		0.644103
328.5		0.644103
328.6		0.644103
328.7		0.644103
328.8		0.644103
328.9		0.644103
329		0.644103
329.1		0.647127
329.2		0.647127
329.3		0.647127
329.4		0.647127
329.5		0.647127
329.6		0.647127
329.7		0.647127
329.8		0.647127
329.9		0.647127
330		0.647127
330.1		0.648523
330.2		0.648523
330.3		0.648523
330.4		0.648523
330.5		0.648523
330.6		0.648523
330.7		0.648523
330.8		0.648523
330.9		0.648523
331		0.648523
331.1		0.650733
331.2		0.650733
331.3		0.650733
331.4		0.650733
331.5		0.650733
331.6		0.650733
331.7		0.650733
331.8		0.650733
331.9		0.650733
332		0.650733
332.1		0.653989
332.2		0.653989
332.3		0.653989
332.4		0.653989
332.5		0.653989
332.6		0.653989
332.7		0.653989
332.8		0.653989
332.9		0.653989
333		0.653989
333.1		0.655501
333.2		0.655501
333.3		0.655501
333.4		0.655501
333.5		0.655501
333.6		0.655501
333.7		0.655501
333.8		0.655501
333.9		0.655501
334		0.655501
334.1		0.656432
334.2		0.656432
334.3		0.656432
334.4		0.656432
334.5		0.656432
334.6		0.656432
334.7		0.656432
334.8		0.656432
334.9		0.656432
335		0.656432
335.1		0.657827
335.2		0.657827
335.3		0.657827
335.4		0.657827
335.5		0.657827
335.6		0.657827
335.7		0.657827
335.8		0.657827
335.9		0.657827
336		0.657827
336.1		0.663061
336.2		0.663061
336.3		0.663061
336.4		0.663061
336.5		0.663061
336.6		0.663061
336.7		0.663061
336.8		0.663061
336.9		0.663061
337		0.663061
337.1		0.663177
337.2		0.663177
337.3		0.663177
337.4		0.663177
337.5		0.663177
337.6		0.663177
337.7		0.663177
337.8		0.663177
337.9		0.663177
338		0.663177
338.1		0.665736
338.2		0.665736
338.3		0.665736
338.4		0.665736
338.5		0.665736
338.6		0.665736
338.7		0.665736
338.8		0.665736
338.9		0.665736
339		0.665736
339.1		0.669342
339.2		0.669342
339.3		0.669342
339.4		0.669342
339.5		0.669342
339.6		0.669342
339.7		0.669342
339.8		0.669342
339.9		0.669342
340		0.669342
340.1		0.672715
340.2		0.672715
340.3		0.672715
340.4		0.672715
340.5		0.672715
340.6		0.672715
340.7		0.672715
340.8		0.672715
340.9		0.672715
341		0.672715
341.1		0.675855
341.2		0.675855
341.3		0.675855
341.4		0.675855
341.5		0.675855
341.6		0.675855
341.7		0.675855
341.8		0.675855
341.9		0.675855
342		0.675855
342.1		0.676785
342.2		0.676785
342.3		0.676785
342.4		0.676785
342.5		0.676785
342.6		0.676785
342.7		0.676785
342.8		0.676785
342.9		0.676785
343		0.676785
343.1		0.678065
343.2		0.678065
343.3		0.678065
343.4		0.678065
343.5		0.678065
343.6		0.678065
343.7		0.678065
343.8		0.678065
343.9		0.678065
344		0.678065
344.1		0.67946
344.2		0.67946
344.3		0.67946
344.4		0.67946
344.5		0.67946
344.6		0.67946
344.7		0.67946
344.8		0.67946
344.9		0.67946
345		0.67946
345.1		0.684345
345.2		0.684345
345.3		0.684345
345.4		0.684345
345.5		0.684345
345.6		0.684345
345.7		0.684345
345.8		0.684345
345.9		0.684345
346		0.684345
346.1		0.686904
346.2		0.686904
346.3		0.686904
346.4		0.686904
346.5		0.686904
346.6		0.686904
346.7		0.686904
346.8		0.686904
346.9		0.686904
347		0.686904
347.1		0.686904
347.2		0.686904
347.3		0.686904
347.4		0.686904
347.5		0.686904
347.6		0.686904
347.7		0.686904
347.8		0.686904
347.9		0.686904
348		0.686904
348.1		0.687137
348.2		0.687137
348.3		0.687137
348.4		0.687137
348.5		0.687137
348.6		0.687137
348.7		0.687137
348.8		0.687137
348.9		0.687137
349		0.687137
349.1		0.688649
349.2		0.688649
349.3		0.688649
349.4		0.688649
349.5		0.688649
349.6		0.688649
349.7		0.688649
349.8		0.688649
349.9		0.688649
350		0.688649
350.1		0.690858
350.2		0.690858
350.3		0.690858
350.4		0.690858
350.5		0.690858
350.6		0.690858
350.7		0.690858
350.8		0.690858
350.9		0.690858
351		0.690858
351.1		0.693184
351.2		0.693184
351.3		0.693184
351.4		0.693184
351.5		0.693184
351.6		0.693184
351.7		0.693184
351.8		0.693184
351.9		0.693184
352		0.693184
352.1		0.696208
352.2		0.696208
352.3		0.696208
352.4		0.696208
352.5		0.696208
352.6		0.696208
352.7		0.696208
352.8		0.696208
352.9		0.696208
353		0.696208
353.1		0.69772
353.2		0.69772
353.3		0.69772
353.4		0.69772
353.5		0.69772
353.6		0.69772
353.7		0.69772
353.8		0.69772
353.9		0.69772
354		0.69772
354.1		0.700279
354.2		0.700279
354.3		0.700279
354.4		0.700279
354.5		0.700279
354.6		0.700279
354.7		0.700279
354.8		0.700279
354.9		0.700279
355		0.700279
355.1		0.70435
355.2		0.70435
355.3		0.70435
355.4		0.70435
355.5		0.70435
355.6		0.70435
355.7		0.70435
355.8		0.70435
355.9		0.70435
356		0.70435
356.1		0.707839
356.2		0.707839
356.3		0.707839
356.4		0.707839
356.5		0.707839
356.6		0.707839
356.7		0.707839
356.8		0.707839
356.9		0.707839
357		0.707839
357.1		0.708188
357.2		0.708188
357.3		0.708188
357.4		0.708188
357.5		0.708188
357.6		0.708188
357.7		0.708188
357.8		0.708188
357.9		0.708188
358		0.708188
358.1		0.711561
358.2		0.711561
358.3		0.711561
358.4		0.711561
358.5		0.711561
358.6		0.711561
358.7		0.711561
358.8		0.711561
358.9		0.711561
359		0.711561
359.1		0.712957
359.2		0.712957
359.3		0.712957
359.4		0.712957
359.5		0.712957
359.6		0.712957
359.7		0.712957
359.8		0.712957
359.9		0.712957
360		0.712957
360.1		0.715748
360.2		0.715748
360.3		0.715748
360.4		0.715748
360.5		0.715748
360.6		0.715748
360.7		0.715748
360.8		0.715748
360.9		0.715748
361		0.715748
361.1		0.718772
361.2		0.718772
361.3		0.718772
361.4		0.718772
361.5		0.718772
361.6		0.718772
361.7		0.718772
361.8		0.718772
361.9		0.718772
362		0.718772
362.1		0.721214
362.2		0.721214
362.3		0.721214
362.4		0.721214
362.5		0.721214
362.6		0.721214
362.7		0.721214
362.8		0.721214
362.9		0.721214
363		0.721214
363.1		0.721796
363.2		0.721796
363.3		0.721796
363.4		0.721796
363.5		0.721796
363.6		0.721796
363.7		0.721796
363.8		0.721796
363.9		0.721796
364		0.721796
364.1		0.726099
364.2		0.726099
364.3		0.726099
364.4		0.726099
364.5		0.726099
364.6		0.726099
364.7		0.726099
364.8		0.726099
364.9		0.726099
365		0.726099
365.1		0.726681
365.2		0.726681
365.3		0.726681
365.4		0.726681
365.5		0.726681
365.6		0.726681
365.7		0.726681
365.8		0.726681
365.9		0.726681
366		0.726681
366.1		0.727146
366.2		0.727146
366.3		0.727146
366.4		0.727146
366.5		0.727146
366.6		0.727146
366.7		0.727146
366.8		0.727146
366.9		0.727146
367		0.727146
367.1		0.73017
367.2		0.73017
367.3		0.73017
367.4		0.73017
367.5		0.73017
367.6		0.73017
367.7		0.73017
367.8		0.73017
367.9		0.73017
368		0.73017
368.1		0.733426
368.2		0.733426
368.3		0.733426
368.4		0.733426
368.5		0.733426
368.6		0.733426
368.7		0.733426
368.8		0.733426
368.9		0.733426
369		0.733426
369.1		0.733543
369.2		0.733543
369.3		0.733543
369.4		0.733543
369.5		0.733543
369.6		0.733543
369.7		0.733543
369.8		0.733543
369.9		0.733543
370		0.733543
370.1		0.734473
370.2		0.734473
370.3		0.734473
370.4		0.734473
370.5		0.734473
370.6		0.734473
370.7		0.734473
370.8		0.734473
370.9		0.734473
371		0.734473
371.1		0.734822
371.2		0.734822
371.3		0.734822
371.4		0.734822
371.5		0.734822
371.6		0.734822
371.7		0.734822
371.8		0.734822
371.9		0.734822
372		0.734822
372.1		0.740288
372.2		0.740288
372.3		0.740288
372.4		0.740288
372.5		0.740288
372.6		0.740288
372.7		0.740288
372.8		0.740288
372.9		0.740288
373		0.740288
373.1		0.743429
373.2		0.743429
373.3		0.743429
373.4		0.743429
373.5		0.743429
373.6		0.743429
373.7		0.743429
373.8		0.743429
373.9		0.743429
374		0.743429
374.1		0.744824
374.2		0.744824
374.3		0.744824
374.4		0.744824
374.5		0.744824
374.6		0.744824
374.7		0.744824
374.8		0.744824
374.9		0.744824
375		0.744824
375.1		0.745057
375.2		0.745057
375.3		0.745057
375.4		0.745057
375.5		0.745057
375.6		0.745057
375.7		0.745057
375.8		0.745057
375.9		0.745057
376		0.745057
376.1		0.748314
376.2		0.748314
376.3		0.748314
376.4		0.748314
376.5		0.748314
376.6		0.748314
376.7		0.748314
376.8		0.748314
376.9		0.748314
377		0.748314
377.1		0.749477
377.2		0.749477
377.3		0.749477
377.4		0.749477
377.5		0.749477
377.6		0.749477
377.7		0.749477
377.8		0.749477
377.9		0.749477
378		0.749477
378.1		0.750523
378.2		0.750523
378.3		0.750523
378.4		0.750523
378.5		0.750523
378.6		0.750523
378.7		0.750523
378.8		0.750523
378.9		0.750523
379		0.750523
379.1		0.752152
379.2		0.752152
379.3		0.752152
379.4		0.752152
379.5		0.752152
379.6		0.752152
379.7		0.752152
379.8		0.752152
379.9		0.752152
380		0.752152
380.1		0.757385
380.2		0.757385
380.3		0.757385
380.4		0.757385
380.5		0.757385
380.6		0.757385
380.7		0.757385
380.8		0.757385
380.9		0.757385
381		0.757385
381.1		0.757734
381.2		0.757734
381.3		0.757734
381.4		0.757734
381.5		0.757734
381.6		0.757734
381.7		0.757734
381.8		0.757734
381.9		0.757734
382		0.757734
382.1		0.758083
382.2		0.758083
382.3		0.758083
382.4		0.758083
382.5		0.758083
382.6		0.758083
382.7		0.758083
382.8		0.758083
382.9		0.758083
383		0.758083
383.1		0.759479
383.2		0.759479
383.3		0.759479
383.4		0.759479
383.5		0.759479
383.6		0.759479
383.7		0.759479
383.8		0.759479
383.9		0.759479
384		0.759479
384.1		0.76006
384.2		0.76006
384.3		0.76006
384.4		0.76006
384.5		0.76006
384.6		0.76006
384.7		0.76006
384.8		0.76006
384.9		0.76006
385		0.76006
385.1		0.765411
385.2		0.765411
385.3		0.765411
385.4		0.765411
385.5		0.765411
385.6		0.765411
385.7		0.765411
385.8		0.765411
385.9		0.765411
386		0.765411
386.1		0.766341
386.2		0.766341
386.3		0.766341
386.4		0.766341
386.5		0.766341
386.6		0.766341
386.7		0.766341
386.8		0.766341
386.9		0.766341
387		0.766341
387.1		0.767504
387.2		0.767504
387.3		0.767504
387.4		0.767504
387.5		0.767504
387.6		0.767504
387.7		0.767504
387.8		0.767504
387.9		0.767504
388		0.767504
388.1		0.767853
388.2		0.767853
388.3		0.767853
388.4		0.767853
388.5		0.767853
388.6		0.767853
388.7		0.767853
388.8		0.767853
388.9		0.767853
389		0.767853
389.1		0.772854
389.2		0.772854
389.3		0.772854
389.4		0.772854
389.5		0.772854
389.6		0.772854
389.7		0.772854
389.8		0.772854
389.9		0.772854
390		0.772854
390.1		0.77518
390.2		0.77518
390.3		0.77518
390.4		0.77518
390.5		0.77518
390.6		0.77518
390.7		0.77518
390.8		0.77518
390.9		0.77518
391		0.77518
391.1		0.777506
391.2		0.777506
391.3		0.777506
391.4		0.777506
391.5		0.777506
391.6		0.777506
391.7		0.777506
391.8		0.777506
391.9		0.777506
392		0.777506
392.1		0.777855
392.2		0.777855
392.3		0.777855
392.4		0.777855
392.5		0.777855
392.6		0.777855
392.7		0.777855
392.8		0.777855
392.9		0.777855
393		0.777855
393.1		0.778437
393.2		0.778437
393.3		0.778437
393.4		0.778437
393.5		0.778437
393.6		0.778437
393.7		0.778437
393.8		0.778437
393.9		0.778437
394		0.778437
394.1		0.782973
394.2		0.782973
394.3		0.782973
394.4		0.782973
394.5		0.782973
394.6		0.782973
394.7		0.782973
394.8		0.782973
394.9		0.782973
395		0.782973
395.1		0.785066
395.2		0.785066
395.3		0.785066
395.4		0.785066
395.5		0.785066
395.6		0.785066
395.7		0.785066
395.8		0.785066
395.9		0.785066
396		0.785066
396.1		0.78588
396.2		0.78588
396.3		0.78588
396.4		0.78588
396.5		0.78588
396.6		0.78588
396.7		0.78588
396.8		0.78588
396.9		0.78588
397		0.78588
397.1		0.789021
397.2		0.789021
397.3		0.789021
397.4		0.789021
397.5		0.789021
397.6		0.789021
397.7		0.789021
397.8		0.789021
397.9		0.789021
398		0.789021
398.1		0.792161
398.2		0.792161
398.3		0.792161
398.4		0.792161
398.5		0.792161
398.6		0.792161
398.7		0.792161
398.8		0.792161
398.9		0.792161
399		0.792161
399.1		0.792859
399.2		0.792859
399.3		0.792859
399.4		0.792859
399.5		0.792859
399.6		0.792859
399.7		0.792859
399.8		0.792859
399.9		0.792859
400		0.792859
400.1		0.796115
400.2		0.796115
400.3		0.796115
400.4		0.796115
400.5		0.796115
400.6		0.796115
400.7		0.796115
400.8		0.796115
400.9		0.796115
401		0.796115
401.1		0.798558
401.2		0.798558
401.3		0.798558
401.4		0.798558
401.5		0.798558
401.6		0.798558
401.7		0.798558
401.8		0.798558
401.9		0.798558
402		0.798558
402.1		0.799953
402.2		0.799953
402.3		0.799953
402.4		0.799953
402.5		0.799953
402.6		0.799953
402.7		0.799953
402.8		0.799953
402.9		0.799953
403		0.799953
403.1		0.799953
403.2		0.799953
403.3		0.799953
403.4		0.799953
403.5		0.799953
403.6		0.799953
403.7		0.799953
403.8		0.799953
403.9		0.799953
404		0.799953
404.1		0.803443
404.2		0.803443
404.3		0.803443
404.4		0.803443
404.5		0.803443
404.6		0.803443
404.7		0.803443
404.8		0.803443
404.9		0.803443
405		0.803443
405.1		0.803792
405.2		0.803792
405.3		0.803792
405.4		0.803792
405.5		0.803792
405.6		0.803792
405.7		0.803792
405.8		0.803792
405.9		0.803792
406		0.803792
406.1		0.808909
406.2		0.808909
406.3		0.808909
406.4		0.808909
406.5		0.808909
406.6		0.808909
406.7		0.808909
406.8		0.808909
406.9		0.808909
407		0.808909
407.1		0.809258
407.2		0.809258
407.3		0.809258
407.4		0.809258
407.5		0.809258
407.6		0.809258
407.7		0.809258
407.8		0.809258
407.9		0.809258
408		0.809258
408.1		0.811468
408.2		0.811468
408.3		0.811468
408.4		0.811468
408.5		0.811468
408.6		0.811468
408.7		0.811468
408.8		0.811468
408.9		0.811468
409		0.811468
409.1		0.8117
409.2		0.8117
409.3		0.8117
409.4		0.8117
409.5		0.8117
409.6		0.8117
409.7		0.8117
409.8		0.8117
409.9		0.8117
410		0.8117
410.1		0.814957
410.2		0.814957
410.3		0.814957
410.4		0.814957
410.5		0.814957
410.6		0.814957
410.7		0.814957
410.8		0.814957
410.9		0.814957
411		0.814957
411.1		0.818679
411.2		0.818679
411.3		0.818679
411.4		0.818679
411.5		0.818679
411.6		0.818679
411.7		0.818679
411.8		0.818679
411.9		0.818679
412		0.818679
412.1		0.81926
412.2		0.81926
412.3		0.81926
412.4		0.81926
412.5		0.81926
412.6		0.81926
412.7		0.81926
412.8		0.81926
412.9		0.81926
413		0.81926
413.1		0.822749
413.2		0.822749
413.3		0.822749
413.4		0.822749
413.5		0.822749
413.6		0.822749
413.7		0.822749
413.8		0.822749
413.9		0.822749
414		0.822749
414.1		0.827053
414.2		0.827053
414.3		0.827053
414.4		0.827053
414.5		0.827053
414.6		0.827053
414.7		0.827053
414.8		0.827053
414.9		0.827053
415		0.827053
415.1		0.827169
415.2		0.827169
415.3		0.827169
415.4		0.827169
415.5		0.827169
415.6		0.827169
415.7		0.827169
415.8		0.827169
415.9		0.827169
416		0.827169
416.1		0.828216
416.2		0.828216
416.3		0.828216
416.4		0.828216
416.5		0.828216
416.6		0.828216
416.7		0.828216
416.8		0.828216
416.9		0.828216
417		0.828216
417.1		0.83124
417.2		0.83124
417.3		0.83124
417.4		0.83124
417.5		0.83124
417.6		0.83124
417.7		0.83124
417.8		0.83124
417.9		0.83124
418		0.83124
418.1		0.832752
418.2		0.832752
418.3		0.832752
418.4		0.832752
418.5		0.832752
418.6		0.832752
418.7		0.832752
418.8		0.832752
418.9		0.832752
419		0.832752
419.1		0.836474
419.2		0.836474
419.3		0.836474
419.4		0.836474
419.5		0.836474
419.6		0.836474
419.7		0.836474
419.8		0.836474
419.9		0.836474
420		0.836474
420.1		0.837753
420.2		0.837753
420.3		0.837753
420.4		0.837753
420.5		0.837753
420.6		0.837753
420.7		0.837753
420.8		0.837753
420.9		0.837753
421		0.837753
421.1		0.83973
421.2		0.83973
421.3		0.83973
421.4		0.83973
421.5		0.83973
421.6		0.83973
421.7		0.83973
421.8		0.83973
421.9		0.83973
422		0.83973
422.1		0.841242
422.2		0.841242
422.3		0.841242
422.4		0.841242
422.5		0.841242
422.6		0.841242
422.7		0.841242
422.8		0.841242
422.9		0.841242
423		0.841242
423.1		0.843452
423.2		0.843452
423.3		0.843452
423.4		0.843452
423.5		0.843452
423.6		0.843452
423.7		0.843452
423.8		0.843452
423.9		0.843452
424		0.843452
424.1		0.845778
424.2		0.845778
424.3		0.845778
424.4		0.845778
424.5		0.845778
424.6		0.845778
424.7		0.845778
424.8		0.845778
424.9		0.845778
425		0.845778
425.1		0.84729
425.2		0.84729
425.3		0.84729
425.4		0.84729
425.5		0.84729
425.6		0.84729
425.7		0.84729
425.8		0.84729
425.9		0.84729
426		0.84729
426.1		0.848802
426.2		0.848802
426.3		0.848802
426.4		0.848802
426.5		0.848802
426.6		0.848802
426.7		0.848802
426.8		0.848802
426.9		0.848802
427		0.848802
427.1		0.851244
427.2		0.851244
427.3		0.851244
427.4		0.851244
427.5		0.851244
427.6		0.851244
427.7		0.851244
427.8		0.851244
427.9		0.851244
428		0.851244
428.1		0.853454
428.2		0.853454
428.3		0.853454
428.4		0.853454
428.5		0.853454
428.6		0.853454
428.7		0.853454
428.8		0.853454
428.9		0.853454
429		0.853454
429.1		0.856595
429.2		0.856595
429.3		0.856595
429.4		0.856595
429.5		0.856595
429.6		0.856595
429.7		0.856595
429.8		0.856595
429.9		0.856595
430		0.856595
430.1		0.856595
430.2		0.856595
430.3		0.856595
430.4		0.856595
430.5		0.856595
430.6		0.856595
430.7		0.856595
430.8		0.856595
430.9		0.856595
431		0.856595
431.1		0.858804
431.2		0.858804
431.3		0.858804
431.4		0.858804
431.5		0.858804
431.6		0.858804
431.7		0.858804
431.8		0.858804
431.9		0.858804
432		0.858804
432.1		0.862991
432.2		0.862991
432.3		0.862991
432.4		0.862991
432.5		0.862991
432.6		0.862991
432.7		0.862991
432.8		0.862991
432.9		0.862991
433		0.862991
433.1		0.863108
433.2		0.863108
433.3		0.863108
433.4		0.863108
433.5		0.863108
433.6		0.863108
433.7		0.863108
433.8		0.863108
433.9		0.863108
434		0.863108
434.1		0.863573
434.2		0.863573
434.3		0.863573
434.4		0.863573
434.5		0.863573
434.6		0.863573
434.7		0.863573
434.8		0.863573
434.9		0.863573
435		0.863573
435.1		0.863806
435.2		0.863806
435.3		0.863806
435.4		0.863806
435.5		0.863806
435.6		0.863806
435.7		0.863806
435.8		0.863806
435.9		0.863806
436		0.863806
436.1		0.870319
436.2		0.870319
436.3		0.870319
436.4		0.870319
436.5		0.870319
436.6		0.870319
436.7		0.870319
436.8		0.870319
436.9		0.870319
437		0.870319
437.1		0.8709
437.2		0.8709
437.3		0.8709
437.4		0.8709
437.5		0.8709
437.6		0.8709
437.7		0.8709
437.8		0.8709
437.9		0.8709
438		0.8709
438.1		0.871482
438.2		0.871482
438.3		0.871482
438.4		0.871482
438.5		0.871482
438.6		0.871482
438.7		0.871482
438.8		0.871482
438.9		0.871482
439		0.871482
439.1		0.874855
439.2		0.874855
439.3		0.874855
439.4		0.874855
439.5		0.874855
439.6		0.874855
439.7		0.874855
439.8		0.874855
439.9		0.874855
440		0.874855
440.1		0.877646
440.2		0.877646
440.3		0.877646
440.4		0.877646
440.5		0.877646
440.6		0.877646
440.7		0.877646
440.8		0.877646
440.9		0.877646
441		0.877646
441.1		0.879158
441.2		0.879158
441.3		0.879158
441.4		0.879158
441.5		0.879158
441.6		0.879158
441.7		0.879158
441.8		0.879158
441.9		0.879158
442		0.879158
442.1		0.879623
442.2		0.879623
442.3		0.879623
442.4		0.879623
442.5		0.879623
442.6		0.879623
442.7		0.879623
442.8		0.879623
442.9		0.879623
443		0.879623
443.1		0.880554
443.2		0.880554
443.3		0.880554
443.4		0.880554
443.5		0.880554
443.6		0.880554
443.7		0.880554
443.8		0.880554
443.9		0.880554
444		0.880554
444.1		0.887416
444.2		0.887416
444.3		0.887416
444.4		0.887416
444.5		0.887416
444.6		0.887416
444.7		0.887416
444.8		0.887416
444.9		0.887416
445		0.887416
445.1		0.889044
445.2		0.889044
445.3		0.889044
445.4		0.889044
445.5		0.889044
445.6		0.889044
445.7		0.889044
445.8		0.889044
445.9		0.889044
446		0.889044
446.1		0.889974
446.2		0.889974
446.3		0.889974
446.4		0.889974
446.5		0.889974
446.6		0.889974
446.7		0.889974
446.8		0.889974
446.9		0.889974
447		0.889974
447.1		0.89137
447.2		0.89137
447.3		0.89137
447.4		0.89137
447.5		0.89137
447.6		0.89137
447.7		0.89137
447.8		0.89137
447.9		0.89137
448		0.89137
448.1		0.892649
448.2		0.892649
448.3		0.892649
448.4		0.892649
448.5		0.892649
448.6		0.892649
448.7		0.892649
448.8		0.892649
448.9		0.892649
449		0.892649
449.1		0.896836
449.2		0.896836
449.3		0.896836
449.4		0.896836
449.5		0.896836
449.6		0.896836
449.7		0.896836
449.8		0.896836
449.9		0.896836
450		0.896836
450.1		0.896953
450.2		0.896953
450.3		0.896953
450.4		0.896953
450.5		0.896953
450.6		0.896953
450.7		0.896953
450.8		0.896953
450.9		0.896953
451		0.896953
451.1		0.899046
451.2		0.899046
451.3		0.899046
451.4		0.899046
451.5		0.899046
451.6		0.899046
451.7		0.899046
451.8		0.899046
451.9		0.899046
452		0.899046
452.1		0.899046
452.2		0.899046
452.3		0.899046
452.4		0.899046
452.5		0.899046
452.6		0.899046
452.7		0.899046
452.8		0.899046
452.9		0.899046
453		0.899046
453.1		0.902187
453.2		0.902187
453.3		0.902187
453.4		0.902187
453.5		0.902187
453.6		0.902187
453.7		0.902187
453.8		0.902187
453.9		0.902187
454		0.902187
454.1		0.902768
454.2		0.902768
454.3		0.902768
454.4		0.902768
454.5		0.902768
454.6		0.902768
454.7		0.902768
454.8		0.902768
454.9		0.902768
455		0.902768
455.1		0.905908
455.2		0.905908
455.3		0.905908
455.4		0.905908
455.5		0.905908
455.6		0.905908
455.7		0.905908
455.8		0.905908
455.9		0.905908
456		0.905908
456.1		0.906606
456.2		0.906606
456.3		0.906606
456.4		0.906606
456.5		0.906606
456.6		0.906606
456.7		0.906606
456.8		0.906606
456.9		0.906606
457		0.906606
457.1		0.909049
457.2		0.909049
457.3		0.909049
457.4		0.909049
457.5		0.909049
457.6		0.909049
457.7		0.909049
457.8		0.909049
457.9		0.909049
458		0.909049
458.1		0.911142
458.2		0.911142
458.3		0.911142
458.4		0.911142
458.5		0.911142
458.6		0.911142
458.7		0.911142
458.8		0.911142
458.9		0.911142
459		0.911142
459.1		0.915445
459.2		0.915445
459.3		0.915445
459.4		0.915445
459.5		0.915445
459.6		0.915445
459.7		0.915445
459.8		0.915445
459.9		0.915445
460		0.915445
460.1		0.916957
460.2		0.916957
460.3		0.916957
460.4		0.916957
460.5		0.916957
460.6		0.916957
460.7		0.916957
460.8		0.916957
460.9		0.916957
461		0.916957
461.1		0.917074
461.2		0.917074
461.3		0.917074
461.4		0.917074
461.5		0.917074
461.6		0.917074
461.7		0.917074
461.8		0.917074
461.9		0.917074
462		0.917074
462.1		0.917539
462.2		0.917539
462.3		0.917539
462.4		0.917539
462.5		0.917539
462.6		0.917539
462.7		0.917539
462.8		0.917539
462.9		0.917539
463		0.917539
463.1		0.920098
463.2		0.920098
463.3		0.920098
463.4		0.920098
463.5		0.920098
463.6		0.920098
463.7		0.920098
463.8		0.920098
463.9		0.920098
464		0.920098
464.1		0.92254
464.2		0.92254
464.3		0.92254
464.4		0.92254
464.5		0.92254
464.6		0.92254
464.7		0.92254
464.8		0.92254
464.9		0.92254
465		0.92254
465.1		0.927425
465.2		0.927425
465.3		0.927425
465.4		0.927425
465.5		0.927425
465.6		0.927425
465.7		0.927425
465.8		0.927425
465.9		0.927425
466		0.927425
466.1		0.927774
466.2		0.927774
466.3		0.927774
466.4		0.927774
466.5		0.927774
466.6		0.927774
466.7		0.927774
466.8		0.927774
466.9		0.927774
467		0.927774
467.1		0.928588
467.2		0.928588
467.3		0.928588
467.4		0.928588
467.5		0.928588
467.6		0.928588
467.7		0.928588
467.8		0.928588
467.9		0.928588
468		0.928588
468.1		0.931612
468.2		0.931612
468.3		0.931612
468.4		0.931612
468.5		0.931612
468.6		0.931612
468.7		0.931612
468.8		0.931612
468.9		0.931612
469		0.931612
469.1		0.932542
469.2		0.932542
469.3		0.932542
469.4		0.932542
469.5		0.932542
469.6		0.932542
469.7		0.932542
469.8		0.932542
469.9		0.932542
470		0.932542
470.1		0.939056
470.2		0.939056
470.3		0.939056
470.4		0.939056
470.5		0.939056
470.6		0.939056
470.7		0.939056
470.8		0.939056
470.9		0.939056
471		0.939056
471.1		0.939753
471.2		0.939753
471.3		0.939753
471.4		0.939753
471.5		0.939753
471.6		0.939753
471.7		0.939753
471.8		0.939753
471.9		0.939753
472		0.939753
472.1		0.940451
472.2		0.940451
472.3		0.940451
472.4		0.940451
472.5		0.940451
472.6		0.940451
472.7		0.940451
472.8		0.940451
472.9		0.940451
473		0.940451
473.1		0.940568
473.2		0.940568
473.3		0.940568
473.4		0.940568
473.5		0.940568
473.6		0.940568
473.7		0.940568
473.8		0.940568
473.9		0.940568
474		0.940568
474.1		0.942545
474.2		0.942545
474.3		0.942545
474.4		0.942545
474.5		0.942545
474.6		0.942545
474.7		0.942545
474.8		0.942545
474.9		0.942545
475		0.942545
475.1		0.945569
475.2		0.945569
475.3		0.945569
475.4		0.945569
475.5		0.945569
475.6		0.945569
475.7		0.945569
475.8		0.945569
475.9		0.945569
476		0.945569
476.1		0.948011
476.2		0.948011
476.3		0.948011
476.4		0.948011
476.5		0.948011
476.6		0.948011
476.7		0.948011
476.8		0.948011
476.9		0.948011
477		0.948011
477.1		0.948593
477.2		0.948593
477.3		0.948593
477.4		0.948593
477.5		0.948593
477.6		0.948593
477.7		0.948593
477.8		0.948593
477.9		0.948593
478		0.948593
478.1		0.949756
478.2		0.949756
478.3		0.949756
478.4		0.949756
478.5		0.949756
478.6		0.949756
478.7		0.949756
478.8		0.949756
478.9		0.949756
479		0.949756
479.1		0.950454
479.2		0.950454
479.3		0.950454
479.4		0.950454
479.5		0.950454
479.6		0.950454
479.7		0.950454
479.8		0.950454
479.9		0.950454
480		0.950454
480.1		0.951733
480.2		0.951733
480.3		0.951733
480.4		0.951733
480.5		0.951733
480.6		0.951733
480.7		0.951733
480.8		0.951733
480.9		0.951733
481		0.951733
481.1		0.953012
481.2		0.953012
481.3		0.953012
481.4		0.953012
481.5		0.953012
481.6		0.953012
481.7		0.953012
481.8		0.953012
481.9		0.953012
482		0.953012
482.1		0.956618
482.2		0.956618
482.3		0.956618
482.4		0.956618
482.5		0.956618
482.6		0.956618
482.7		0.956618
482.8		0.956618
482.9		0.956618
483		0.956618
483.1		0.958595
483.2		0.958595
483.3		0.958595
483.4		0.958595
483.5		0.958595
483.6		0.958595
483.7		0.958595
483.8		0.958595
483.9		0.958595
484		0.958595
484.1		0.959874
484.2		0.959874
484.3		0.959874
484.4		0.959874
484.5		0.959874
484.6		0.959874
484.7		0.959874
484.8		0.959874
484.9		0.959874
485		0.959874
485.1		0.960223
485.2		0.960223
485.3		0.960223
485.4		0.960223
485.5		0.960223
485.6		0.960223
485.7		0.960223
485.8		0.960223
485.9		0.960223
486		0.960223
486.1		0.964643
486.2		0.964643
486.3		0.964643
486.4		0.964643
486.5		0.964643
486.6		0.964643
486.7		0.964643
486.8		0.964643
486.9		0.964643
487		0.964643
487.1		0.966039
487.2		0.966039
487.3		0.966039
487.4		0.966039
487.5		0.966039
487.6		0.966039
487.7		0.966039
487.8		0.966039
487.9		0.966039
488		0.966039
488.1		0.969877
488.2		0.969877
488.3		0.969877
488.4		0.969877
488.5		0.969877
488.6		0.969877
488.7		0.969877
488.8		0.969877
488.9		0.969877
489		0.969877
489.1		0.973133
489.2		0.973133
489.3		0.973133
489.4		0.973133
489.5		0.973133
489.6		0.973133
489.7		0.973133
489.8		0.973133
489.9		0.973133
490		0.973133
490.1		0.974529
490.2		0.974529
490.3		0.974529
490.4		0.974529
490.5		0.974529
490.6		0.974529
490.7		0.974529
490.8		0.974529
490.9		0.974529
491		0.974529
491.1		0.974529
491.2		0.974529
491.3		0.974529
491.4		0.974529
491.5		0.974529
491.6		0.974529
491.7		0.974529
491.8		0.974529
491.9		0.974529
492		0.974529
492.1		0.978832
492.2		0.978832
492.3		0.978832
492.4		0.978832
492.5		0.978832
492.6		0.978832
492.7		0.978832
492.8		0.978832
492.9		0.978832
493		0.978832
493.1		0.979646
493.2		0.979646
493.3		0.979646
493.4		0.979646
493.5		0.979646
493.6		0.979646
493.7		0.979646
493.8		0.979646
493.9		0.979646
494		0.979646
494.1		0.980112
494.2		0.980112
494.3		0.980112
494.4		0.980112
494.5		0.980112
494.6		0.980112
494.7		0.980112
494.8		0.980112
494.9		0.980112
495		0.980112
495.1		0.980461
495.2		0.980461
495.3		0.980461
495.4		0.980461
495.5		0.980461
495.6		0.980461
495.7		0.980461
495.8		0.980461
495.9		0.980461
496		0.980461
496.1		0.986043
496.2		0.986043
496.3		0.986043
496.4		0.986043
496.5		0.986043
496.6		0.986043
496.7		0.986043
496.8		0.986043
496.9		0.986043
497		0.986043
497.1		0.987555
497.2		0.987555
497.3		0.987555
497.4		0.987555
497.5		0.987555
497.6		0.987555
497.7		0.987555
497.8		0.987555
497.9		0.987555
498		0.987555
498.1		0.988253
498.2		0.988253
498.3		0.988253
498.4		0.988253
498.5		0.988253
498.6		0.988253
498.7		0.988253
498.8		0.988253
498.9		0.988253
499		0.988253
499.1		0.991859
499.2		0.991859
499.3		0.991859
499.4		0.991859
499.5		0.991859
499.6		0.991859
499.7		0.991859
499.8		0.991859
499.9		0.991859
500		0.991859
500.1		0.993487
500.2		0.993487
500.3		0.993487
500.4		0.993487
500.5		0.993487
500.6		0.993487
500.7		0.993487
500.8		0.993487
500.9		0.993487
501		0.993487
501.1		0.994883
501.2		0.994883
501.3		0.994883
501.4		0.994883
501.5		0.994883
501.6		0.994883
501.7		0.994883
501.8		0.994883
501.9		0.994883
502		0.994883
502.1		0.998139
502.2		0.998139
502.3		0.998139
502.4		0.998139
502.5		0.998139
502.6		0.998139
502.7		0.998139
502.8		0.998139
502.9		0.998139
503		0.998139
503.1		0.999186
503.2		0.999186
503.3		0.999186
503.4		0.999186
503.5		0.999186
503.6		0.999186
503.7		0.999186
503.8		0.999186
503.9		0.999186
504		0.999186
504.1		1
504.2		1
504.3		1
504.4		1
504.5		1
504.6		1
504.7		1
504.8		1
504.9		1
505		1
505.1		1
505.2		1
505.3		1
505.4		1
505.5		1
505.6		1
505.7		1
505.8		1
505.9		1
506		1
506.1		1
506.2		1
506.3		1
506.4		1
506.5		1
506.6		1
506.7		1
506.8		1
506.9		1
507		1
507.1		1
507.2		1
507.3		1
507.4		1
507.5		1
507.6		1
507.7		1
507.8		1
507.9		1
508		1
508.1		1
508.2		1
508.3		1
508.4		1
508.5		1
508.6		1
508.7		1
508.8		1
508.9		1
509		1
509.1		1
509.2		1
509.3		1
509.4		1
509.5		1
509.6		1
509.7		1
509.8		1
509.9		1
510		1
510.1		1
510.2		1
510.3		1
510.4		1
510.5		1
510.6		1
510.7		1
510.8		1
510.9		1
511		1
511.1		1
511.2		1
511.3		1
511.4		1
511.5		1
511.6		1
511.7		1
511.8		1
511.9		1
512		1
512.1		1
512.2		1
512.3		1
512.4		1
512.5		1
512.6		1
512.7		1
512.8		1
512.9		1
513		1
513.1		1
513.2		1
513.3		1
513.4		1
513.5		1
513.6		1
513.7		1
513.8		1
513.9		1
514		1
514.1		1
514.2		1
514.3		1
514.4		1
514.5		1
514.6		1
514.7		1
514.8		1
514.9		1
515		1
515.1		1
515.2		1
515.3		1
515.4		1
515.5		1
515.6		1
515.7		1
515.8		1
515.9		1
516		1
516.1		1
516.2		1
516.3		1
516.4		1
516.5		1
516.6		1
516.7		1
516.8		1
516.9		1
517		1
517.1		1
517.2		1
517.3		1
517.4		1
517.5		1
517.6		1
517.7		1
517.8		1
517.9		1
518		1
518.1		1
518.2		1
518.3		1
518.4		1
518.5		1
518.6		1
518.7		1
518.8		1
518.9		1
519		1
519.1		1
519.2		1
519.3		1
519.4		1
519.5		1
519.6		1
519.7		1
519.8		1
519.9		1
520		1
520.1		1
520.2		1
520.3		1
520.4		1
520.5		1
520.6		1
520.7		1
520.8		1
520.9		1
521		1
521.1		1
521.2		1
521.3		1
521.4		1
521.5		1
521.6		1
521.7		1
521.8		1
521.9		1
522		1
522.1		1
522.2		1
522.3		1
522.4		1
522.5		1
522.6		1
522.7		1
522.8		1
522.9		1
523		1
523.1		1
523.2		1
523.3		1
523.4		1
523.5		1
523.6		1
523.7		1
523.8		1
523.9		1
524		1
524.1		1
524.2		1
524.3		1
524.4		1
524.5		1
524.6		1
524.7		1
524.8		1
524.9		1
525		1
525.1		1
525.2		1
525.3		1
525.4		1
525.5		1
525.6		1
525.7		1
525.8		1
525.9		1
526		1
526.1		1
526.2		1
526.3		1
526.4		1
526.5		1
526.6		1
526.7		1
526.8		1
526.9		1
527		1
527.1		1
527.2		1
527.3		1
527.4		1
527.5		1
527.6		1
527.7		1
527.8		1
527.9		1
528		1
528.1		1
528.2		1
528.3		1
528.4		1
528.5		1
528.6		1
528.7		1
528.8		1
528.9		1
529		1
529.1		1
529.2		1
529.3		1
529.4		1
529.5		1
529.6		1
529.7		1
529.8		1
529.9		1
530		1
530.1		1
530.2		1
530.3		1
530.4		1
530.5		1
530.6		1
530.7		1
530.8		1
530.9		1
531		1
531.1		1
531.2		1
531.3		1
531.4		1
531.5		1
531.6		1
531.7		1
531.8		1
531.9		1
532		1
532.1		1
532.2		1
532.3		1
532.4		1
532.5		1
532.6		1
532.7		1
532.8		1
532.9		1
533		1
533.1		1
533.2		1
533.3		1
533.4		1
533.5		1
533.6		1
533.7		1
533.8		1
533.9		1
534		1
534.1		1
534.2		1
534.3		1
534.4		1
534.5		1
534.6		1
534.7		1
534.8		1
534.9		1
535		1
535.1		1
535.2		1
535.3		1
535.4		1
535.5		1
535.6		1
535.7		1
535.8		1
535.9		1
536		1
536.1		1
536.2		1
536.3		1
536.4		1
536.5		1
536.6		1
536.7		1
536.8		1
536.9		1
537		1
537.1		1
537.2		1
537.3		1
537.4		1
537.5		1
537.6		1
537.7		1
537.8		1
537.9		1
538		1
538.1		1
538.2		1
538.3		1
538.4		1
538.5		1
538.6		1
538.7		1
538.8		1
538.9		1
539		1
539.1		1
539.2		1
539.3		1
539.4		1
539.5		1
539.6		1
539.7		1
539.8		1
539.9		1
540		1
540.1		1
540.2		1
540.3		1
540.4		1
540.5		1
540.6		1
540.7		1
540.8		1
540.9		1
541		1
541.1		1
541.2		1
541.3		1
541.4		1
541.5		1
541.6		1
541.7		1
541.8		1
541.9		1
542		1
542.1		1
542.2		1
542.3		1
542.4		1
542.5		1
542.6		1
542.7		1
542.8		1
542.9		1
543		1
543.1		1
543.2		1
543.3		1
543.4		1
543.5		1
543.6		1
543.7		1
543.8		1
543.9		1
544		1
544.1		1
544.2		1
544.3		1
544.4		1
544.5		1
544.6		1
544.7		1
544.8		1
544.9		1
545		1
545.1		1
545.2		1
545.3		1
545.4		1
545.5		1
545.6		1
545.7		1
545.8		1
545.9		1
546		1
546.1		1
546.2		1
546.3		1
546.4		1
546.5		1
546.6		1
546.7		1
546.8		1
546.9		1
547		1
547.1		1
547.2		1
547.3		1
547.4		1
547.5		1
547.6		1
547.7		1
547.8		1
547.9		1
548		1
548.1		1
548.2		1
548.3		1
548.4		1
548.5		1
548.6		1
548.7		1
548.8		1
548.9		1
549		1
549.1		1
549.2		1
549.3		1
549.4		1
549.5		1
549.6		1
549.7		1
549.8		1
549.9		1
550		1
550.1		1
550.2		1
550.3		1
550.4		1
550.5		1
550.6		1
550.7		1
550.8		1
550.9		1
551		1
551.1		1
551.2		1
551.3		1
551.4		1
551.5		1
551.6		1
551.7		1
551.8		1
551.9		1
552		1
552.1		1
552.2		1
552.3		1
552.4		1
552.5		1
552.6		1
552.7		1
552.8		1
552.9		1
553		1
553.1		1
553.2		1
553.3		1
553.4		1
553.5		1
553.6		1
553.7		1
553.8		1
553.9		1
554		1
554.1		1
554.2		1
554.3		1
554.4		1
554.5		1
554.6		1
554.7		1
554.8		1
554.9		1
555		1
555.1		1
555.2		1
555.3		1
555.4		1
555.5		1
555.6		1
555.7		1
555.8		1
555.9		1
556		1
556.1		1
556.2		1
556.3		1
556.4		1
556.5		1
556.6		1
556.7		1
556.8		1
556.9		1
557		1
557.1		1
557.2		1
557.3		1
557.4		1
557.5		1
557.6		1
557.7		1
557.8		1
557.9		1
558		1
558.1		1
558.2		1
558.3		1
558.4		1
558.5		1
558.6		1
558.7		1
558.8		1
558.9		1
559		1
559.1		1
559.2		1
559.3		1
559.4		1
559.5		1
559.6		1
559.7		1
559.8		1
559.9		1
560		1
560.1		1
560.2		1
560.3		1
560.4		1
560.5		1
560.6		1
560.7		1
560.8		1
560.9		1
561		1
561.1		1
561.2		1
561.3		1
561.4		1
561.5		1
561.6		1
561.7		1
561.8		1
561.9		1
562		1
562.1		1
562.2		1
562.3		1
562.4		1
562.5		1
562.6		1
562.7		1
562.8		1
562.9		1
563		1
563.1		1
563.2		1
563.3		1
563.4		1
563.5		1
563.6		1
563.7		1
563.8		1
563.9		1
564		1
564.1		1
564.2		1
564.3		1
564.4		1
564.5		1
564.6		1
564.7		1
564.8		1
564.9		1
565		1
565.1		1
565.2		1
565.3		1
565.4		1
565.5		1
565.6		1
565.7		1
565.8		1
565.9		1
566		1
566.1		1
566.2		1
566.3		1
566.4		1
566.5		1
566.6		1
566.7		1
566.8		1
566.9		1
567		1
567.1		1
567.2		1
567.3		1
567.4		1
567.5		1
567.6		1
567.7		1
567.8		1
567.9		1
568		1
568.1		1
568.2		1
568.3		1
568.4		1
568.5		1
568.6		1
568.7		1
568.8		1
568.9		1
569		1
569.1		1
569.2		1
569.3		1
569.4		1
569.5		1
569.6		1
569.7		1
569.8		1
569.9		1
570		1
570.1		1
570.2		1
570.3		1
570.4		1
570.5		1
570.6		1
570.7		1
570.8		1
570.9		1
571		1
571.1		1
571.2		1
571.3		1
571.4		1
571.5		1
571.6		1
571.7		1
571.8		1
571.9		1
572		1
572.1		1
572.2		1
572.3		1
572.4		1
572.5		1
572.6		1
572.7		1
572.8		1
572.9		1
573		1
573.1		1
573.2		1
573.3		1
573.4		1
573.5		1
573.6		1
573.7		1
573.8		1
573.9		1
574		1
574.1		1
574.2		1
574.3		1
574.4		1
574.5		1
574.6		1
574.7		1
574.8		1
574.9		1
575		1
575.1		1
575.2		1
575.3		1
575.4		1
575.5		1
575.6		1
575.7		1
575.8		1
575.9		1
576		1
576.1		1
576.2		1
576.3		1
576.4		1
576.5		1
576.6		1
576.7		1
576.8		1
576.9		1
577		1
577.1		1
577.2		1
577.3		1
577.4		1
577.5		1
577.6		1
577.7		1
577.8		1
577.9		1
578		1
578.1		1
578.2		1
578.3		1
578.4		1
578.5		1
578.6		1
578.7		1
578.8		1
578.9		1
579		1
579.1		1
579.2		1
579.3		1
579.4		1
579.5		1
579.6		1
579.7		1
579.8		1
579.9		1
580		1
580.1		1
580.2		1
580.3		1
580.4		1
580.5		1
580.6		1
580.7		1
580.8		1
580.9		1
581		1
581.1		1
581.2		1
581.3		1
581.4		1
581.5		1
581.6		1
581.7		1
581.8		1
581.9		1
582		1
582.1		1
582.2		1
582.3		1
582.4		1
582.5		1
582.6		1
582.7		1
582.8		1
582.9		1
583		1
583.1		1
583.2		1
583.3		1
583.4		1
583.5		1
583.6		1
583.7		1
583.8		1
583.9		1
584		1
584.1		1
584.2		1
584.3		1
584.4		1
584.5		1
584.6		1
584.7		1
584.8		1
584.9		1
585		1
585.1		1
585.2		1
585.3		1
585.4		1
585.5		1
585.6		1
585.7		1
585.8		1
585.9		1
586		1
586.1		1
586.2		1
586.3		1
586.4		1
586.5		1
586.6		1
586.7		1
586.8		1
586.9		1
587		1
587.1		1
587.2		1
587.3		1
587.4		1
587.5		1
587.6		1
587.7		1
587.8		1
587.9		1
588		1
588.1		1
588.2		1
588.3		1
588.4		1
588.5		1
588.6		1
588.7		1
588.8		1
588.9		1
589		1
589.1		1
589.2		1
589.3		1
589.4		1
589.5		1
589.6		1
589.7		1
589.8		1
589.9		1
590		1
590.1		1
590.2		1
590.3		1
590.4		1
590.5		1
590.6		1
590.7		1
590.8		1
590.9		1
591		1
591.1		1
591.2		1
591.3		1
591.4		1
591.5		1
591.6		1
591.7		1
591.8		1
591.9		1
592		1
592.1		1
592.2		1
592.3		1
592.4		1
592.5		1
592.6		1
592.7		1
592.8		1
592.9		1
593		1
593.1		1
593.2		1
593.3		1
593.4		1
593.5		1
593.6		1
593.7		1
593.8		1
593.9		1
594		1
594.1		1
594.2		1
594.3		1
594.4		1
594.5		1
594.6		1
594.7		1
594.8		1
594.9		1
595		1
595.1		1
595.2		1
595.3		1
595.4		1
595.5		1
595.6		1
595.7		1
595.8		1
595.9		1
596		1
596.1		1
596.2		1
596.3		1
596.4		1
596.5		1
596.6		1
596.7		1
596.8		1
596.9		1
597		1
597.1		1
597.2		1
597.3		1
597.4		1
597.5		1
597.6		1
597.7		1
597.8		1
597.9		1
598		1
598.1		1
598.2		1
598.3		1
598.4		1
598.5		1
598.6		1
598.7		1
598.8		1
598.9		1
599		1
599.1		1
599.2		1
599.3		1
599.4		1
599.5		1
599.6		1
599.7		1
599.8		1
599.9		1
600		1
