# Calibration file of tamex_id 1 @ channel 18
# fine_T bin		 Calibration value
0.1		0
0.2		0
0.3		0
0.4		0
0.5		0
0.6		0
0.7		0
0.8		0
0.9		0
1		0
1.1		0
1.2		0
1.3		0
1.4		0
1.5		0
1.6		0
1.7		0
1.8		0
1.9		0
2		0
2.1		0
2.2		0
2.3		0
2.4		0
2.5		0
2.6		0
2.7		0
2.8		0
2.9		0
3		0
3.1		0
3.2		0
3.3		0
3.4		0
3.5		0
3.6		0
3.7		0
3.8		0
3.9		0
4		0
4.1		0
4.2		0
4.3		0
4.4		0
4.5		0
4.6		0
4.7		0
4.8		0
4.9		0
5		0
5.1		0
5.2		0
5.3		0
5.4		0
5.5		0
5.6		0
5.7		0
5.8		0
5.9		0
6		0
6.1		0
6.2		0
6.3		0
6.4		0
6.5		0
6.6		0
6.7		0
6.8		0
6.9		0
7		0
7.1		0
7.2		0
7.3		0
7.4		0
7.5		0
7.6		0
7.7		0
7.8		0
7.9		0
8		0
8.1		0
8.2		0
8.3		0
8.4		0
8.5		0
8.6		0
8.7		0
8.8		0
8.9		0
9		0
9.1		0
9.2		0
9.3		0
9.4		0
9.5		0
9.6		0
9.7		0
9.8		0
9.9		0
10		0
10.1		0
10.2		0
10.3		0
10.4		0
10.5		0
10.6		0
10.7		0
10.8		0
10.9		0
11		0
11.1		0
11.2		0
11.3		0
11.4		0
11.5		0
11.6		0
11.7		0
11.8		0
11.9		0
12		0
12.1		0
12.2		0
12.3		0
12.4		0
12.5		0
12.6		0
12.7		0
12.8		0
12.9		0
13		0
13.1		0
13.2		0
13.3		0
13.4		0
13.5		0
13.6		0
13.7		0
13.8		0
13.9		0
14		0
14.1		0
14.2		0
14.3		0
14.4		0
14.5		0
14.6		0
14.7		0
14.8		0
14.9		0
15		0
15.1		0
15.2		0
15.3		0
15.4		0
15.5		0
15.6		0
15.7		0
15.8		0
15.9		0
16		0
16.1		0.00149084
16.2		0.00149084
16.3		0.00149084
16.4		0.00149084
16.5		0.00149084
16.6		0.00149084
16.7		0.00149084
16.8		0.00149084
16.9		0.00149084
17		0.00149084
17.1		0.006928
17.2		0.006928
17.3		0.006928
17.4		0.006928
17.5		0.006928
17.6		0.006928
17.7		0.006928
17.8		0.006928
17.9		0.006928
18		0.006928
18.1		0.00758572
18.2		0.00758572
18.3		0.00758572
18.4		0.00758572
18.5		0.00758572
18.6		0.00758572
18.7		0.00758572
18.8		0.00758572
18.9		0.00758572
19		0.00758572
19.1		0.00973428
19.2		0.00973428
19.3		0.00973428
19.4		0.00973428
19.5		0.00973428
19.6		0.00973428
19.7		0.00973428
19.8		0.00973428
19.9		0.00973428
20		0.00973428
20.1		0.0120582
20.2		0.0120582
20.3		0.0120582
20.4		0.0120582
20.5		0.0120582
20.6		0.0120582
20.7		0.0120582
20.8		0.0120582
20.9		0.0120582
21		0.0120582
21.1		0.0159607
21.2		0.0159607
21.3		0.0159607
21.4		0.0159607
21.5		0.0159607
21.6		0.0159607
21.7		0.0159607
21.8		0.0159607
21.9		0.0159607
22		0.0159607
22.1		0.0163115
22.2		0.0163115
22.3		0.0163115
22.4		0.0163115
22.5		0.0163115
22.6		0.0163115
22.7		0.0163115
22.8		0.0163115
22.9		0.0163115
23		0.0163115
23.1		0.0177585
23.2		0.0177585
23.3		0.0177585
23.4		0.0177585
23.5		0.0177585
23.6		0.0177585
23.7		0.0177585
23.8		0.0177585
23.9		0.0177585
24		0.0177585
24.1		0.0221433
24.2		0.0221433
24.3		0.0221433
24.4		0.0221433
24.5		0.0221433
24.6		0.0221433
24.7		0.0221433
24.8		0.0221433
24.9		0.0221433
25		0.0221433
25.1		0.0226695
25.2		0.0226695
25.3		0.0226695
25.4		0.0226695
25.5		0.0226695
25.6		0.0226695
25.7		0.0226695
25.8		0.0226695
25.9		0.0226695
26		0.0226695
26.1		0.0230203
26.2		0.0230203
26.3		0.0230203
26.4		0.0230203
26.5		0.0230203
26.6		0.0230203
26.7		0.0230203
26.8		0.0230203
26.9		0.0230203
27		0.0230203
27.1		0.0264843
27.2		0.0264843
27.3		0.0264843
27.4		0.0264843
27.5		0.0264843
27.6		0.0264843
27.7		0.0264843
27.8		0.0264843
27.9		0.0264843
28		0.0264843
28.1		0.0272297
28.2		0.0272297
28.3		0.0272297
28.4		0.0272297
28.5		0.0272297
28.6		0.0272297
28.7		0.0272297
28.8		0.0272297
28.9		0.0272297
29		0.0272297
29.1		0.0281943
29.2		0.0281943
29.3		0.0281943
29.4		0.0281943
29.5		0.0281943
29.6		0.0281943
29.7		0.0281943
29.8		0.0281943
29.9		0.0281943
30		0.0281943
30.1		0.031746
30.2		0.031746
30.3		0.031746
30.4		0.031746
30.5		0.031746
30.6		0.031746
30.7		0.031746
30.8		0.031746
30.9		0.031746
31		0.031746
31.1		0.0319214
31.2		0.0319214
31.3		0.0319214
31.4		0.0319214
31.5		0.0319214
31.6		0.0319214
31.7		0.0319214
31.8		0.0319214
31.9		0.0319214
32		0.0319214
32.1		0.0339823
32.2		0.0339823
32.3		0.0339823
32.4		0.0339823
32.5		0.0339823
32.6		0.0339823
32.7		0.0339823
32.8		0.0339823
32.9		0.0339823
33		0.0339823
33.1		0.0363939
33.2		0.0363939
33.3		0.0363939
33.4		0.0363939
33.5		0.0363939
33.6		0.0363939
33.7		0.0363939
33.8		0.0363939
33.9		0.0363939
34		0.0363939
34.1		0.0379286
34.2		0.0379286
34.3		0.0379286
34.4		0.0379286
34.5		0.0379286
34.6		0.0379286
34.7		0.0379286
34.8		0.0379286
34.9		0.0379286
35		0.0379286
35.1		0.041568
35.2		0.041568
35.3		0.041568
35.4		0.041568
35.5		0.041568
35.6		0.041568
35.7		0.041568
35.8		0.041568
35.9		0.041568
36		0.041568
36.1		0.0431904
36.2		0.0431904
36.3		0.0431904
36.4		0.0431904
36.5		0.0431904
36.6		0.0431904
36.7		0.0431904
36.8		0.0431904
36.9		0.0431904
37		0.0431904
37.1		0.0451636
37.2		0.0451636
37.3		0.0451636
37.4		0.0451636
37.5		0.0451636
37.6		0.0451636
37.7		0.0451636
37.8		0.0451636
37.9		0.0451636
38		0.0451636
38.1		0.0453389
38.2		0.0453389
38.3		0.0453389
38.4		0.0453389
38.5		0.0453389
38.6		0.0453389
38.7		0.0453389
38.8		0.0453389
38.9		0.0453389
39		0.0453389
39.1		0.0475314
39.2		0.0475314
39.3		0.0475314
39.4		0.0475314
39.5		0.0475314
39.6		0.0475314
39.7		0.0475314
39.8		0.0475314
39.9		0.0475314
40		0.0475314
40.1		0.0493291
40.2		0.0493291
40.3		0.0493291
40.4		0.0493291
40.5		0.0493291
40.6		0.0493291
40.7		0.0493291
40.8		0.0493291
40.9		0.0493291
41		0.0493291
41.1		0.0532755
41.2		0.0532755
41.3		0.0532755
41.4		0.0532755
41.5		0.0532755
41.6		0.0532755
41.7		0.0532755
41.8		0.0532755
41.9		0.0532755
42		0.0532755
42.1		0.0544155
42.2		0.0544155
42.3		0.0544155
42.4		0.0544155
42.5		0.0544155
42.6		0.0544155
42.7		0.0544155
42.8		0.0544155
42.9		0.0544155
43		0.0544155
43.1		0.0564764
43.2		0.0564764
43.3		0.0564764
43.4		0.0564764
43.5		0.0564764
43.6		0.0564764
43.7		0.0564764
43.8		0.0564764
43.9		0.0564764
44		0.0564764
44.1		0.0596334
44.2		0.0596334
44.3		0.0596334
44.4		0.0596334
44.5		0.0596334
44.6		0.0596334
44.7		0.0596334
44.8		0.0596334
44.9		0.0596334
45		0.0596334
45.1		0.0608173
45.2		0.0608173
45.3		0.0608173
45.4		0.0608173
45.5		0.0608173
45.6		0.0608173
45.7		0.0608173
45.8		0.0608173
45.9		0.0608173
46		0.0608173
46.1		0.0652021
46.2		0.0652021
46.3		0.0652021
46.4		0.0652021
46.5		0.0652021
46.6		0.0652021
46.7		0.0652021
46.8		0.0652021
46.9		0.0652021
47		0.0652021
47.1		0.065246
47.2		0.065246
47.3		0.065246
47.4		0.065246
47.5		0.065246
47.6		0.065246
47.7		0.065246
47.8		0.065246
47.9		0.065246
48		0.065246
48.1		0.0663422
48.2		0.0663422
48.3		0.0663422
48.4		0.0663422
48.5		0.0663422
48.6		0.0663422
48.7		0.0663422
48.8		0.0663422
48.9		0.0663422
49		0.0663422
49.1		0.0680084
49.2		0.0680084
49.3		0.0680084
49.4		0.0680084
49.5		0.0680084
49.6		0.0680084
49.7		0.0680084
49.8		0.0680084
49.9		0.0680084
50		0.0680084
50.1		0.0711655
50.2		0.0711655
50.3		0.0711655
50.4		0.0711655
50.5		0.0711655
50.6		0.0711655
50.7		0.0711655
50.8		0.0711655
50.9		0.0711655
51		0.0711655
51.1		0.0727879
51.2		0.0727879
51.3		0.0727879
51.4		0.0727879
51.5		0.0727879
51.6		0.0727879
51.7		0.0727879
51.8		0.0727879
51.9		0.0727879
52		0.0727879
52.1		0.077085
52.2		0.077085
52.3		0.077085
52.4		0.077085
52.5		0.077085
52.6		0.077085
52.7		0.077085
52.8		0.077085
52.9		0.077085
53		0.077085
53.1		0.0789266
53.2		0.0789266
53.3		0.0789266
53.4		0.0789266
53.5		0.0789266
53.6		0.0789266
53.7		0.0789266
53.8		0.0789266
53.9		0.0789266
54		0.0789266
54.1		0.0793651
54.2		0.0793651
54.3		0.0793651
54.4		0.0793651
54.5		0.0793651
54.6		0.0793651
54.7		0.0793651
54.8		0.0793651
54.9		0.0793651
55		0.0793651
55.1		0.0807244
55.2		0.0807244
55.3		0.0807244
55.4		0.0807244
55.5		0.0807244
55.6		0.0807244
55.7		0.0807244
55.8		0.0807244
55.9		0.0807244
56		0.0807244
56.1		0.0823468
56.2		0.0823468
56.3		0.0823468
56.4		0.0823468
56.5		0.0823468
56.6		0.0823468
56.7		0.0823468
56.8		0.0823468
56.9		0.0823468
57		0.0823468
57.1		0.0843199
57.2		0.0843199
57.3		0.0843199
57.4		0.0843199
57.5		0.0843199
57.6		0.0843199
57.7		0.0843199
57.8		0.0843199
57.9		0.0843199
58		0.0843199
58.1		0.0880909
58.2		0.0880909
58.3		0.0880909
58.4		0.0880909
58.5		0.0880909
58.6		0.0880909
58.7		0.0880909
58.8		0.0880909
58.9		0.0880909
59		0.0880909
59.1		0.0884855
59.2		0.0884855
59.3		0.0884855
59.4		0.0884855
59.5		0.0884855
59.6		0.0884855
59.7		0.0884855
59.8		0.0884855
59.9		0.0884855
60		0.0884855
60.1		0.0896255
60.2		0.0896255
60.3		0.0896255
60.4		0.0896255
60.5		0.0896255
60.6		0.0896255
60.7		0.0896255
60.8		0.0896255
60.9		0.0896255
61		0.0896255
61.1		0.0922564
61.2		0.0922564
61.3		0.0922564
61.4		0.0922564
61.5		0.0922564
61.6		0.0922564
61.7		0.0922564
61.8		0.0922564
61.9		0.0922564
62		0.0922564
62.1		0.0943611
62.2		0.0943611
62.3		0.0943611
62.4		0.0943611
62.5		0.0943611
62.6		0.0943611
62.7		0.0943611
62.8		0.0943611
62.9		0.0943611
63		0.0943611
63.1		0.0960712
63.2		0.0960712
63.3		0.0960712
63.4		0.0960712
63.5		0.0960712
63.6		0.0960712
63.7		0.0960712
63.8		0.0960712
63.9		0.0960712
64		0.0960712
64.1		0.096422
64.2		0.096422
64.3		0.096422
64.4		0.096422
64.5		0.096422
64.6		0.096422
64.7		0.096422
64.8		0.096422
64.9		0.096422
65		0.096422
65.1		0.0991844
65.2		0.0991844
65.3		0.0991844
65.4		0.0991844
65.5		0.0991844
65.6		0.0991844
65.7		0.0991844
65.8		0.0991844
65.9		0.0991844
66		0.0991844
66.1		0.100982
66.2		0.100982
66.3		0.100982
66.4		0.100982
66.5		0.100982
66.6		0.100982
66.7		0.100982
66.8		0.100982
66.9		0.100982
67		0.100982
67.1		0.101859
67.2		0.101859
67.3		0.101859
67.4		0.101859
67.5		0.101859
67.6		0.101859
67.7		0.101859
67.8		0.101859
67.9		0.101859
68		0.101859
68.1		0.105192
68.2		0.105192
68.3		0.105192
68.4		0.105192
68.5		0.105192
68.6		0.105192
68.7		0.105192
68.8		0.105192
68.9		0.105192
69		0.105192
69.1		0.108129
69.2		0.108129
69.3		0.108129
69.4		0.108129
69.5		0.108129
69.6		0.108129
69.7		0.108129
69.8		0.108129
69.9		0.108129
70		0.108129
70.1		0.110059
70.2		0.110059
70.3		0.110059
70.4		0.110059
70.5		0.110059
70.6		0.110059
70.7		0.110059
70.8		0.110059
70.9		0.110059
71		0.110059
71.1		0.11361
71.2		0.11361
71.3		0.11361
71.4		0.11361
71.5		0.11361
71.6		0.11361
71.7		0.11361
71.8		0.11361
71.9		0.11361
72		0.11361
72.1		0.114444
72.2		0.114444
72.3		0.114444
72.4		0.114444
72.5		0.114444
72.6		0.114444
72.7		0.114444
72.8		0.114444
72.9		0.114444
73		0.114444
73.1		0.11668
73.2		0.11668
73.3		0.11668
73.4		0.11668
73.5		0.11668
73.6		0.11668
73.7		0.11668
73.8		0.11668
73.9		0.11668
74		0.11668
74.1		0.119925
74.2		0.119925
74.3		0.119925
74.4		0.119925
74.5		0.119925
74.6		0.119925
74.7		0.119925
74.8		0.119925
74.9		0.119925
75		0.119925
75.1		0.122468
75.2		0.122468
75.3		0.122468
75.4		0.122468
75.5		0.122468
75.6		0.122468
75.7		0.122468
75.8		0.122468
75.9		0.122468
76		0.122468
76.1		0.122775
76.2		0.122775
76.3		0.122775
76.4		0.122775
76.5		0.122775
76.6		0.122775
76.7		0.122775
76.8		0.122775
76.9		0.122775
77		0.122775
77.1		0.125844
77.2		0.125844
77.3		0.125844
77.4		0.125844
77.5		0.125844
77.6		0.125844
77.7		0.125844
77.8		0.125844
77.9		0.125844
78		0.125844
78.1		0.127905
78.2		0.127905
78.3		0.127905
78.4		0.127905
78.5		0.127905
78.6		0.127905
78.7		0.127905
78.8		0.127905
78.9		0.127905
79		0.127905
79.1		0.128957
79.2		0.128957
79.3		0.128957
79.4		0.128957
79.5		0.128957
79.6		0.128957
79.7		0.128957
79.8		0.128957
79.9		0.128957
80		0.128957
80.1		0.131413
80.2		0.131413
80.3		0.131413
80.4		0.131413
80.5		0.131413
80.6		0.131413
80.7		0.131413
80.8		0.131413
80.9		0.131413
81		0.131413
81.1		0.135096
81.2		0.135096
81.3		0.135096
81.4		0.135096
81.5		0.135096
81.6		0.135096
81.7		0.135096
81.8		0.135096
81.9		0.135096
82		0.135096
82.1		0.13571
82.2		0.13571
82.3		0.13571
82.4		0.13571
82.5		0.13571
82.6		0.13571
82.7		0.13571
82.8		0.13571
82.9		0.13571
83		0.13571
83.1		0.136017
83.2		0.136017
83.3		0.136017
83.4		0.136017
83.5		0.136017
83.6		0.136017
83.7		0.136017
83.8		0.136017
83.9		0.136017
84		0.136017
84.1		0.139788
84.2		0.139788
84.3		0.139788
84.4		0.139788
84.5		0.139788
84.6		0.139788
84.7		0.139788
84.8		0.139788
84.9		0.139788
85		0.139788
85.1		0.140665
85.2		0.140665
85.3		0.140665
85.4		0.140665
85.5		0.140665
85.6		0.140665
85.7		0.140665
85.8		0.140665
85.9		0.140665
86		0.140665
86.1		0.144173
86.2		0.144173
86.3		0.144173
86.4		0.144173
86.5		0.144173
86.6		0.144173
86.7		0.144173
86.8		0.144173
86.9		0.144173
87		0.144173
87.1		0.145181
87.2		0.145181
87.3		0.145181
87.4		0.145181
87.5		0.145181
87.6		0.145181
87.7		0.145181
87.8		0.145181
87.9		0.145181
88		0.145181
88.1		0.146584
88.2		0.146584
88.3		0.146584
88.4		0.146584
88.5		0.146584
88.6		0.146584
88.7		0.146584
88.8		0.146584
88.9		0.146584
89		0.146584
89.1		0.149215
89.2		0.149215
89.3		0.149215
89.4		0.149215
89.5		0.149215
89.6		0.149215
89.7		0.149215
89.8		0.149215
89.9		0.149215
90		0.149215
90.1		0.15075
90.2		0.15075
90.3		0.15075
90.4		0.15075
90.5		0.15075
90.6		0.15075
90.7		0.15075
90.8		0.15075
90.9		0.15075
91		0.15075
91.1		0.15474
91.2		0.15474
91.3		0.15474
91.4		0.15474
91.5		0.15474
91.6		0.15474
91.7		0.15474
91.8		0.15474
91.9		0.15474
92		0.15474
92.1		0.155135
92.2		0.155135
92.3		0.155135
92.4		0.155135
92.5		0.155135
92.6		0.155135
92.7		0.155135
92.8		0.155135
92.9		0.155135
93		0.155135
93.1		0.155573
93.2		0.155573
93.3		0.155573
93.4		0.155573
93.5		0.155573
93.6		0.155573
93.7		0.155573
93.8		0.155573
93.9		0.155573
94		0.155573
94.1		0.158292
94.2		0.158292
94.3		0.158292
94.4		0.158292
94.5		0.158292
94.6		0.158292
94.7		0.158292
94.8		0.158292
94.9		0.158292
95		0.158292
95.1		0.160616
95.2		0.160616
95.3		0.160616
95.4		0.160616
95.5		0.160616
95.6		0.160616
95.7		0.160616
95.8		0.160616
95.9		0.160616
96		0.160616
96.1		0.163027
96.2		0.163027
96.3		0.163027
96.4		0.163027
96.5		0.163027
96.6		0.163027
96.7		0.163027
96.8		0.163027
96.9		0.163027
97		0.163027
97.1		0.166184
97.2		0.166184
97.3		0.166184
97.4		0.166184
97.5		0.166184
97.6		0.166184
97.7		0.166184
97.8		0.166184
97.9		0.166184
98		0.166184
98.1		0.168596
98.2		0.168596
98.3		0.168596
98.4		0.168596
98.5		0.168596
98.6		0.168596
98.7		0.168596
98.8		0.168596
98.9		0.168596
99		0.168596
99.1		0.168771
99.2		0.168771
99.3		0.168771
99.4		0.168771
99.5		0.168771
99.6		0.168771
99.7		0.168771
99.8		0.168771
99.9		0.168771
100		0.168771
100.1		0.170613
100.2		0.170613
100.3		0.170613
100.4		0.170613
100.5		0.170613
100.6		0.170613
100.7		0.170613
100.8		0.170613
100.9		0.170613
101		0.170613
101.1		0.17548
101.2		0.17548
101.3		0.17548
101.4		0.17548
101.5		0.17548
101.6		0.17548
101.7		0.17548
101.8		0.17548
101.9		0.17548
102		0.17548
102.1		0.176532
102.2		0.176532
102.3		0.176532
102.4		0.176532
102.5		0.176532
102.6		0.176532
102.7		0.176532
102.8		0.176532
102.9		0.176532
103		0.176532
103.1		0.179207
103.2		0.179207
103.3		0.179207
103.4		0.179207
103.5		0.179207
103.6		0.179207
103.7		0.179207
103.8		0.179207
103.9		0.179207
104		0.179207
104.1		0.17947
104.2		0.17947
104.3		0.17947
104.4		0.17947
104.5		0.17947
104.6		0.17947
104.7		0.17947
104.8		0.17947
104.9		0.17947
105		0.17947
105.1		0.18061
105.2		0.18061
105.3		0.18061
105.4		0.18061
105.5		0.18061
105.6		0.18061
105.7		0.18061
105.8		0.18061
105.9		0.18061
106		0.18061
106.1		0.183022
106.2		0.183022
106.3		0.183022
106.4		0.183022
106.5		0.183022
106.6		0.183022
106.7		0.183022
106.8		0.183022
106.9		0.183022
107		0.183022
107.1		0.187056
107.2		0.187056
107.3		0.187056
107.4		0.187056
107.5		0.187056
107.6		0.187056
107.7		0.187056
107.8		0.187056
107.9		0.187056
108		0.187056
108.1		0.187275
108.2		0.187275
108.3		0.187275
108.4		0.187275
108.5		0.187275
108.6		0.187275
108.7		0.187275
108.8		0.187275
108.9		0.187275
109		0.187275
109.1		0.191441
109.2		0.191441
109.3		0.191441
109.4		0.191441
109.5		0.191441
109.6		0.191441
109.7		0.191441
109.8		0.191441
109.9		0.191441
110		0.191441
110.1		0.193107
110.2		0.193107
110.3		0.193107
110.4		0.193107
110.5		0.193107
110.6		0.193107
110.7		0.193107
110.8		0.193107
110.9		0.193107
111		0.193107
111.1		0.193195
111.2		0.193195
111.3		0.193195
111.4		0.193195
111.5		0.193195
111.6		0.193195
111.7		0.193195
111.8		0.193195
111.9		0.193195
112		0.193195
112.1		0.194598
112.2		0.194598
112.3		0.194598
112.4		0.194598
112.5		0.194598
112.6		0.194598
112.7		0.194598
112.8		0.194598
112.9		0.194598
113		0.194598
113.1		0.195782
113.2		0.195782
113.3		0.195782
113.4		0.195782
113.5		0.195782
113.6		0.195782
113.7		0.195782
113.8		0.195782
113.9		0.195782
114		0.195782
114.1		0.199114
114.2		0.199114
114.3		0.199114
114.4		0.199114
114.5		0.199114
114.6		0.199114
114.7		0.199114
114.8		0.199114
114.9		0.199114
115		0.199114
115.1		0.199684
115.2		0.199684
115.3		0.199684
115.4		0.199684
115.5		0.199684
115.6		0.199684
115.7		0.199684
115.8		0.199684
115.9		0.199684
116		0.199684
116.1		0.201526
116.2		0.201526
116.3		0.201526
116.4		0.201526
116.5		0.201526
116.6		0.201526
116.7		0.201526
116.8		0.201526
116.9		0.201526
117		0.201526
117.1		0.204551
117.2		0.204551
117.3		0.204551
117.4		0.204551
117.5		0.204551
117.6		0.204551
117.7		0.204551
117.8		0.204551
117.9		0.204551
118		0.204551
118.1		0.204727
118.2		0.204727
118.3		0.204727
118.4		0.204727
118.5		0.204727
118.6		0.204727
118.7		0.204727
118.8		0.204727
118.9		0.204727
119		0.204727
119.1		0.206963
119.2		0.206963
119.3		0.206963
119.4		0.206963
119.5		0.206963
119.6		0.206963
119.7		0.206963
119.8		0.206963
119.9		0.206963
120		0.206963
120.1		0.208147
120.2		0.208147
120.3		0.208147
120.4		0.208147
120.5		0.208147
120.6		0.208147
120.7		0.208147
120.8		0.208147
120.9		0.208147
121		0.208147
121.1		0.211699
121.2		0.211699
121.3		0.211699
121.4		0.211699
121.5		0.211699
121.6		0.211699
121.7		0.211699
121.8		0.211699
121.9		0.211699
122		0.211699
122.1		0.215075
122.2		0.215075
122.3		0.215075
122.4		0.215075
122.5		0.215075
122.6		0.215075
122.7		0.215075
122.8		0.215075
122.9		0.215075
123		0.215075
123.1		0.215513
123.2		0.215513
123.3		0.215513
123.4		0.215513
123.5		0.215513
123.6		0.215513
123.7		0.215513
123.8		0.215513
123.9		0.215513
124		0.215513
124.1		0.21753
124.2		0.21753
124.3		0.21753
124.4		0.21753
124.5		0.21753
124.6		0.21753
124.7		0.21753
124.8		0.21753
124.9		0.21753
125		0.21753
125.1		0.218714
125.2		0.218714
125.3		0.218714
125.4		0.218714
125.5		0.218714
125.6		0.218714
125.7		0.218714
125.8		0.218714
125.9		0.218714
126		0.218714
126.1		0.223055
126.2		0.223055
126.3		0.223055
126.4		0.223055
126.5		0.223055
126.6		0.223055
126.7		0.223055
126.8		0.223055
126.9		0.223055
127		0.223055
127.1		0.223976
127.2		0.223976
127.3		0.223976
127.4		0.223976
127.5		0.223976
127.6		0.223976
127.7		0.223976
127.8		0.223976
127.9		0.223976
128		0.223976
128.1		0.22402
128.2		0.22402
128.3		0.22402
128.4		0.22402
128.5		0.22402
128.6		0.22402
128.7		0.22402
128.8		0.22402
128.9		0.22402
129		0.22402
129.1		0.227265
129.2		0.227265
129.3		0.227265
129.4		0.227265
129.5		0.227265
129.6		0.227265
129.7		0.227265
129.8		0.227265
129.9		0.227265
130		0.227265
130.1		0.229194
130.2		0.229194
130.3		0.229194
130.4		0.229194
130.5		0.229194
130.6		0.229194
130.7		0.229194
130.8		0.229194
130.9		0.229194
131		0.229194
131.1		0.231386
131.2		0.231386
131.3		0.231386
131.4		0.231386
131.5		0.231386
131.6		0.231386
131.7		0.231386
131.8		0.231386
131.9		0.231386
132		0.231386
132.1		0.233228
132.2		0.233228
132.3		0.233228
132.4		0.233228
132.5		0.233228
132.6		0.233228
132.7		0.233228
132.8		0.233228
132.9		0.233228
133		0.233228
133.1		0.234631
133.2		0.234631
133.3		0.234631
133.4		0.234631
133.5		0.234631
133.6		0.234631
133.7		0.234631
133.8		0.234631
133.9		0.234631
134		0.234631
134.1		0.235464
134.2		0.235464
134.3		0.235464
134.4		0.235464
134.5		0.235464
134.6		0.235464
134.7		0.235464
134.8		0.235464
134.9		0.235464
135		0.235464
135.1		0.239279
135.2		0.239279
135.3		0.239279
135.4		0.239279
135.5		0.239279
135.6		0.239279
135.7		0.239279
135.8		0.239279
135.9		0.239279
136		0.239279
136.1		0.240726
136.2		0.240726
136.3		0.240726
136.4		0.240726
136.5		0.240726
136.6		0.240726
136.7		0.240726
136.8		0.240726
136.9		0.240726
137		0.240726
137.1		0.242962
137.2		0.242962
137.3		0.242962
137.4		0.242962
137.5		0.242962
137.6		0.242962
137.7		0.242962
137.8		0.242962
137.9		0.242962
138		0.242962
138.1		0.243225
138.2		0.243225
138.3		0.243225
138.4		0.243225
138.5		0.243225
138.6		0.243225
138.7		0.243225
138.8		0.243225
138.9		0.243225
139		0.243225
139.1		0.245813
139.2		0.245813
139.3		0.245813
139.4		0.245813
139.5		0.245813
139.6		0.245813
139.7		0.245813
139.8		0.245813
139.9		0.245813
140		0.245813
140.1		0.249013
140.2		0.249013
140.3		0.249013
140.4		0.249013
140.5		0.249013
140.6		0.249013
140.7		0.249013
140.8		0.249013
140.9		0.249013
141		0.249013
141.1		0.250329
141.2		0.250329
141.3		0.250329
141.4		0.250329
141.5		0.250329
141.6		0.250329
141.7		0.250329
141.8		0.250329
141.9		0.250329
142		0.250329
142.1		0.253311
142.2		0.253311
142.3		0.253311
142.4		0.253311
142.5		0.253311
142.6		0.253311
142.7		0.253311
142.8		0.253311
142.9		0.253311
143		0.253311
143.1		0.253837
143.2		0.253837
143.3		0.253837
143.4		0.253837
143.5		0.253837
143.6		0.253837
143.7		0.253837
143.8		0.253837
143.9		0.253837
144		0.253837
144.1		0.255634
144.2		0.255634
144.3		0.255634
144.4		0.255634
144.5		0.255634
144.6		0.255634
144.7		0.255634
144.8		0.255634
144.9		0.255634
145		0.255634
145.1		0.255854
145.2		0.255854
145.3		0.255854
145.4		0.255854
145.5		0.255854
145.6		0.255854
145.7		0.255854
145.8		0.255854
145.9		0.255854
146		0.255854
146.1		0.25809
146.2		0.25809
146.3		0.25809
146.4		0.25809
146.5		0.25809
146.6		0.25809
146.7		0.25809
146.8		0.25809
146.9		0.25809
147		0.25809
147.1		0.260239
147.2		0.260239
147.3		0.260239
147.4		0.260239
147.5		0.260239
147.6		0.260239
147.7		0.260239
147.8		0.260239
147.9		0.260239
148		0.260239
148.1		0.264623
148.2		0.264623
148.3		0.264623
148.4		0.264623
148.5		0.264623
148.6		0.264623
148.7		0.264623
148.8		0.264623
148.9		0.264623
149		0.264623
149.1		0.265807
149.2		0.265807
149.3		0.265807
149.4		0.265807
149.5		0.265807
149.6		0.265807
149.7		0.265807
149.8		0.265807
149.9		0.265807
150		0.265807
150.1		0.266421
150.2		0.266421
150.3		0.266421
150.4		0.266421
150.5		0.266421
150.6		0.266421
150.7		0.266421
150.8		0.266421
150.9		0.266421
151		0.266421
151.1		0.266728
151.2		0.266728
151.3		0.266728
151.4		0.266728
151.5		0.266728
151.6		0.266728
151.7		0.266728
151.8		0.266728
151.9		0.266728
152		0.266728
152.1		0.269754
152.2		0.269754
152.3		0.269754
152.4		0.269754
152.5		0.269754
152.6		0.269754
152.7		0.269754
152.8		0.269754
152.9		0.269754
153		0.269754
153.1		0.274226
153.2		0.274226
153.3		0.274226
153.4		0.274226
153.5		0.274226
153.6		0.274226
153.7		0.274226
153.8		0.274226
153.9		0.274226
154		0.274226
154.1		0.275761
154.2		0.275761
154.3		0.275761
154.4		0.275761
154.5		0.275761
154.6		0.275761
154.7		0.275761
154.8		0.275761
154.9		0.275761
155		0.275761
155.1		0.275936
155.2		0.275936
155.3		0.275936
155.4		0.275936
155.5		0.275936
155.6		0.275936
155.7		0.275936
155.8		0.275936
155.9		0.275936
156		0.275936
156.1		0.27712
156.2		0.27712
156.3		0.27712
156.4		0.27712
156.5		0.27712
156.6		0.27712
156.7		0.27712
156.8		0.27712
156.9		0.27712
157		0.27712
157.1		0.278041
157.2		0.278041
157.3		0.278041
157.4		0.278041
157.5		0.278041
157.6		0.278041
157.7		0.278041
157.8		0.278041
157.9		0.278041
158		0.278041
158.1		0.281505
158.2		0.281505
158.3		0.281505
158.4		0.281505
158.5		0.281505
158.6		0.281505
158.7		0.281505
158.8		0.281505
158.9		0.281505
159		0.281505
159.1		0.284969
159.2		0.284969
159.3		0.284969
159.4		0.284969
159.5		0.284969
159.6		0.284969
159.7		0.284969
159.8		0.284969
159.9		0.284969
160		0.284969
160.1		0.286591
160.2		0.286591
160.3		0.286591
160.4		0.286591
160.5		0.286591
160.6		0.286591
160.7		0.286591
160.8		0.286591
160.9		0.286591
161		0.286591
161.1		0.289617
161.2		0.289617
161.3		0.289617
161.4		0.289617
161.5		0.289617
161.6		0.289617
161.7		0.289617
161.8		0.289617
161.9		0.289617
162		0.289617
162.1		0.291415
162.2		0.291415
162.3		0.291415
162.4		0.291415
162.5		0.291415
162.6		0.291415
162.7		0.291415
162.8		0.291415
162.9		0.291415
163		0.291415
163.1		0.292555
163.2		0.292555
163.3		0.292555
163.4		0.292555
163.5		0.292555
163.6		0.292555
163.7		0.292555
163.8		0.292555
163.9		0.292555
164		0.292555
164.1		0.295054
164.2		0.295054
164.3		0.295054
164.4		0.295054
164.5		0.295054
164.6		0.295054
164.7		0.295054
164.8		0.295054
164.9		0.295054
165		0.295054
165.1		0.297202
165.2		0.297202
165.3		0.297202
165.4		0.297202
165.5		0.297202
165.6		0.297202
165.7		0.297202
165.8		0.297202
165.9		0.297202
166		0.297202
166.1		0.299088
166.2		0.299088
166.3		0.299088
166.4		0.299088
166.5		0.299088
166.6		0.299088
166.7		0.299088
166.8		0.299088
166.9		0.299088
167		0.299088
167.1		0.302333
167.2		0.302333
167.3		0.302333
167.4		0.302333
167.5		0.302333
167.6		0.302333
167.7		0.302333
167.8		0.302333
167.9		0.302333
168		0.302333
168.1		0.303429
168.2		0.303429
168.3		0.303429
168.4		0.303429
168.5		0.303429
168.6		0.303429
168.7		0.303429
168.8		0.303429
168.9		0.303429
169		0.303429
169.1		0.306718
169.2		0.306718
169.3		0.306718
169.4		0.306718
169.5		0.306718
169.6		0.306718
169.7		0.306718
169.8		0.306718
169.9		0.306718
170		0.306718
170.1		0.306981
170.2		0.306981
170.3		0.306981
170.4		0.306981
170.5		0.306981
170.6		0.306981
170.7		0.306981
170.8		0.306981
170.9		0.306981
171		0.306981
171.1		0.309655
171.2		0.309655
171.3		0.309655
171.4		0.309655
171.5		0.309655
171.6		0.309655
171.7		0.309655
171.8		0.309655
171.9		0.309655
172		0.309655
172.1		0.312769
172.2		0.312769
172.3		0.312769
172.4		0.312769
172.5		0.312769
172.6		0.312769
172.7		0.312769
172.8		0.312769
172.9		0.312769
173		0.312769
173.1		0.3129
173.2		0.3129
173.3		0.3129
173.4		0.3129
173.5		0.3129
173.6		0.3129
173.7		0.3129
173.8		0.3129
173.9		0.3129
174		0.3129
174.1		0.316233
174.2		0.316233
174.3		0.316233
174.4		0.316233
174.5		0.316233
174.6		0.316233
174.7		0.316233
174.8		0.316233
174.9		0.316233
175		0.316233
175.1		0.317767
175.2		0.317767
175.3		0.317767
175.4		0.317767
175.5		0.317767
175.6		0.317767
175.7		0.317767
175.8		0.317767
175.9		0.317767
176		0.317767
176.1		0.318162
176.2		0.318162
176.3		0.318162
176.4		0.318162
176.5		0.318162
176.6		0.318162
176.7		0.318162
176.8		0.318162
176.9		0.318162
177		0.318162
177.1		0.322634
177.2		0.322634
177.3		0.322634
177.4		0.322634
177.5		0.322634
177.6		0.322634
177.7		0.322634
177.8		0.322634
177.9		0.322634
178		0.322634
178.1		0.324081
178.2		0.324081
178.3		0.324081
178.4		0.324081
178.5		0.324081
178.6		0.324081
178.7		0.324081
178.8		0.324081
178.9		0.324081
179		0.324081
179.1		0.325528
179.2		0.325528
179.3		0.325528
179.4		0.325528
179.5		0.325528
179.6		0.325528
179.7		0.325528
179.8		0.325528
179.9		0.325528
180		0.325528
180.1		0.328203
180.2		0.328203
180.3		0.328203
180.4		0.328203
180.5		0.328203
180.6		0.328203
180.7		0.328203
180.8		0.328203
180.9		0.328203
181		0.328203
181.1		0.329869
181.2		0.329869
181.3		0.329869
181.4		0.329869
181.5		0.329869
181.6		0.329869
181.7		0.329869
181.8		0.329869
181.9		0.329869
182		0.329869
182.1		0.331711
182.2		0.331711
182.3		0.331711
182.4		0.331711
182.5		0.331711
182.6		0.331711
182.7		0.331711
182.8		0.331711
182.9		0.331711
183		0.331711
183.1		0.333991
183.2		0.333991
183.3		0.333991
183.4		0.333991
183.5		0.333991
183.6		0.333991
183.7		0.333991
183.8		0.333991
183.9		0.333991
184		0.333991
184.1		0.335438
184.2		0.335438
184.3		0.335438
184.4		0.335438
184.5		0.335438
184.6		0.335438
184.7		0.335438
184.8		0.335438
184.9		0.335438
185		0.335438
185.1		0.337367
185.2		0.337367
185.3		0.337367
185.4		0.337367
185.5		0.337367
185.6		0.337367
185.7		0.337367
185.8		0.337367
185.9		0.337367
186		0.337367
186.1		0.342454
186.2		0.342454
186.3		0.342454
186.4		0.342454
186.5		0.342454
186.6		0.342454
186.7		0.342454
186.8		0.342454
186.9		0.342454
187		0.342454
187.1		0.343199
187.2		0.343199
187.3		0.343199
187.4		0.343199
187.5		0.343199
187.6		0.343199
187.7		0.343199
187.8		0.343199
187.9		0.343199
188		0.343199
188.1		0.344383
188.2		0.344383
188.3		0.344383
188.4		0.344383
188.5		0.344383
188.6		0.344383
188.7		0.344383
188.8		0.344383
188.9		0.344383
189		0.344383
189.1		0.348636
189.2		0.348636
189.3		0.348636
189.4		0.348636
189.5		0.348636
189.6		0.348636
189.7		0.348636
189.8		0.348636
189.9		0.348636
190		0.348636
190.1		0.349426
190.2		0.349426
190.3		0.349426
190.4		0.349426
190.5		0.349426
190.6		0.349426
190.7		0.349426
190.8		0.349426
190.9		0.349426
191		0.349426
191.1		0.349776
191.2		0.349776
191.3		0.349776
191.4		0.349776
191.5		0.349776
191.6		0.349776
191.7		0.349776
191.8		0.349776
191.9		0.349776
192		0.349776
192.1		0.351443
192.2		0.351443
192.3		0.351443
192.4		0.351443
192.5		0.351443
192.6		0.351443
192.7		0.351443
192.8		0.351443
192.9		0.351443
193		0.351443
193.1		0.354293
193.2		0.354293
193.3		0.354293
193.4		0.354293
193.5		0.354293
193.6		0.354293
193.7		0.354293
193.8		0.354293
193.9		0.354293
194		0.354293
194.1		0.357537
194.2		0.357537
194.3		0.357537
194.4		0.357537
194.5		0.357537
194.6		0.357537
194.7		0.357537
194.8		0.357537
194.9		0.357537
195		0.357537
195.1		0.358239
195.2		0.358239
195.3		0.358239
195.4		0.358239
195.5		0.358239
195.6		0.358239
195.7		0.358239
195.8		0.358239
195.9		0.358239
196		0.358239
196.1		0.360125
196.2		0.360125
196.3		0.360125
196.4		0.360125
196.5		0.360125
196.6		0.360125
196.7		0.360125
196.8		0.360125
196.9		0.360125
197		0.360125
197.1		0.360914
197.2		0.360914
197.3		0.360914
197.4		0.360914
197.5		0.360914
197.6		0.360914
197.7		0.360914
197.8		0.360914
197.9		0.360914
198		0.360914
198.1		0.36657
198.2		0.36657
198.3		0.36657
198.4		0.36657
198.5		0.36657
198.6		0.36657
198.7		0.36657
198.8		0.36657
198.9		0.36657
199		0.36657
199.1		0.368587
199.2		0.368587
199.3		0.368587
199.4		0.368587
199.5		0.368587
199.6		0.368587
199.7		0.368587
199.8		0.368587
199.9		0.368587
200		0.368587
200.1		0.369771
200.2		0.369771
200.3		0.369771
200.4		0.369771
200.5		0.369771
200.6		0.369771
200.7		0.369771
200.8		0.369771
200.9		0.369771
201		0.369771
201.1		0.370253
201.2		0.370253
201.3		0.370253
201.4		0.370253
201.5		0.370253
201.6		0.370253
201.7		0.370253
201.8		0.370253
201.9		0.370253
202		0.370253
202.1		0.373893
202.2		0.373893
202.3		0.373893
202.4		0.373893
202.5		0.373893
202.6		0.373893
202.7		0.373893
202.8		0.373893
202.9		0.373893
203		0.373893
203.1		0.376918
203.2		0.376918
203.3		0.376918
203.4		0.376918
203.5		0.376918
203.6		0.376918
203.7		0.376918
203.8		0.376918
203.9		0.376918
204		0.376918
204.1		0.37819
204.2		0.37819
204.3		0.37819
204.4		0.37819
204.5		0.37819
204.6		0.37819
204.7		0.37819
204.8		0.37819
204.9		0.37819
205		0.37819
205.1		0.380075
205.2		0.380075
205.3		0.380075
205.4		0.380075
205.5		0.380075
205.6		0.380075
205.7		0.380075
205.8		0.380075
205.9		0.380075
206		0.380075
206.1		0.384592
206.2		0.384592
206.3		0.384592
206.4		0.384592
206.5		0.384592
206.6		0.384592
206.7		0.384592
206.8		0.384592
206.9		0.384592
207		0.384592
207.1		0.385425
207.2		0.385425
207.3		0.385425
207.4		0.385425
207.5		0.385425
207.6		0.385425
207.7		0.385425
207.8		0.385425
207.9		0.385425
208		0.385425
208.1		0.38867
208.2		0.38867
208.3		0.38867
208.4		0.38867
208.5		0.38867
208.6		0.38867
208.7		0.38867
208.8		0.38867
208.9		0.38867
209		0.38867
209.1		0.390204
209.2		0.390204
209.3		0.390204
209.4		0.390204
209.5		0.390204
209.6		0.390204
209.7		0.390204
209.8		0.390204
209.9		0.390204
210		0.390204
210.1		0.392046
210.2		0.392046
210.3		0.392046
210.4		0.392046
210.5		0.392046
210.6		0.392046
210.7		0.392046
210.8		0.392046
210.9		0.392046
211		0.392046
211.1		0.394633
211.2		0.394633
211.3		0.394633
211.4		0.394633
211.5		0.394633
211.6		0.394633
211.7		0.394633
211.8		0.394633
211.9		0.394633
212		0.394633
212.1		0.395817
212.2		0.395817
212.3		0.395817
212.4		0.395817
212.5		0.395817
212.6		0.395817
212.7		0.395817
212.8		0.395817
212.9		0.395817
213		0.395817
213.1		0.398886
213.2		0.398886
213.3		0.398886
213.4		0.398886
213.5		0.398886
213.6		0.398886
213.7		0.398886
213.8		0.398886
213.9		0.398886
214		0.398886
214.1		0.399237
214.2		0.399237
214.3		0.399237
214.4		0.399237
214.5		0.399237
214.6		0.399237
214.7		0.399237
214.8		0.399237
214.9		0.399237
215		0.399237
215.1		0.399851
215.2		0.399851
215.3		0.399851
215.4		0.399851
215.5		0.399851
215.6		0.399851
215.7		0.399851
215.8		0.399851
215.9		0.399851
216		0.399851
216.1		0.404499
216.2		0.404499
216.3		0.404499
216.4		0.404499
216.5		0.404499
216.6		0.404499
216.7		0.404499
216.8		0.404499
216.9		0.404499
217		0.404499
217.1		0.405025
217.2		0.405025
217.3		0.405025
217.4		0.405025
217.5		0.405025
217.6		0.405025
217.7		0.405025
217.8		0.405025
217.9		0.405025
218		0.405025
218.1		0.406428
218.2		0.406428
218.3		0.406428
218.4		0.406428
218.5		0.406428
218.6		0.406428
218.7		0.406428
218.8		0.406428
218.9		0.406428
219		0.406428
219.1		0.411251
219.2		0.411251
219.3		0.411251
219.4		0.411251
219.5		0.411251
219.6		0.411251
219.7		0.411251
219.8		0.411251
219.9		0.411251
220		0.411251
220.1		0.411602
220.2		0.411602
220.3		0.411602
220.4		0.411602
220.5		0.411602
220.6		0.411602
220.7		0.411602
220.8		0.411602
220.9		0.411602
221		0.411602
221.1		0.412085
221.2		0.412085
221.3		0.412085
221.4		0.412085
221.5		0.412085
221.6		0.412085
221.7		0.412085
221.8		0.412085
221.9		0.412085
222		0.412085
222.1		0.416119
222.2		0.416119
222.3		0.416119
222.4		0.416119
222.5		0.416119
222.6		0.416119
222.7		0.416119
222.8		0.416119
222.9		0.416119
223		0.416119
223.1		0.416952
223.2		0.416952
223.3		0.416952
223.4		0.416952
223.5		0.416952
223.6		0.416952
223.7		0.416952
223.8		0.416952
223.9		0.416952
224		0.416952
224.1		0.418574
224.2		0.418574
224.3		0.418574
224.4		0.418574
224.5		0.418574
224.6		0.418574
224.7		0.418574
224.8		0.418574
224.9		0.418574
225		0.418574
225.1		0.421687
225.2		0.421687
225.3		0.421687
225.4		0.421687
225.5		0.421687
225.6		0.421687
225.7		0.421687
225.8		0.421687
225.9		0.421687
226		0.421687
226.1		0.422915
226.2		0.422915
226.3		0.422915
226.4		0.422915
226.5		0.422915
226.6		0.422915
226.7		0.422915
226.8		0.422915
226.9		0.422915
227		0.422915
227.1		0.42366
227.2		0.42366
227.3		0.42366
227.4		0.42366
227.5		0.42366
227.6		0.42366
227.7		0.42366
227.8		0.42366
227.9		0.42366
228		0.42366
228.1		0.42787
228.2		0.42787
228.3		0.42787
228.4		0.42787
228.5		0.42787
228.6		0.42787
228.7		0.42787
228.8		0.42787
228.9		0.42787
229		0.42787
229.1		0.429361
229.2		0.429361
229.3		0.429361
229.4		0.429361
229.5		0.429361
229.6		0.429361
229.7		0.429361
229.8		0.429361
229.9		0.429361
230		0.429361
230.1		0.429711
230.2		0.429711
230.3		0.429711
230.4		0.429711
230.5		0.429711
230.6		0.429711
230.7		0.429711
230.8		0.429711
230.9		0.429711
231		0.429711
231.1		0.433219
231.2		0.433219
231.3		0.433219
231.4		0.433219
231.5		0.433219
231.6		0.433219
231.7		0.433219
231.8		0.433219
231.9		0.433219
232		0.433219
232.1		0.434096
232.2		0.434096
232.3		0.434096
232.4		0.434096
232.5		0.434096
232.6		0.434096
232.7		0.434096
232.8		0.434096
232.9		0.434096
233		0.434096
233.1		0.436376
233.2		0.436376
233.3		0.436376
233.4		0.436376
233.5		0.436376
233.6		0.436376
233.7		0.436376
233.8		0.436376
233.9		0.436376
234		0.436376
234.1		0.43699
234.2		0.43699
234.3		0.43699
234.4		0.43699
234.5		0.43699
234.6		0.43699
234.7		0.43699
234.8		0.43699
234.9		0.43699
235		0.43699
235.1		0.437955
235.2		0.437955
235.3		0.437955
235.4		0.437955
235.5		0.437955
235.6		0.437955
235.7		0.437955
235.8		0.437955
235.9		0.437955
236		0.437955
236.1		0.438744
236.2		0.438744
236.3		0.438744
236.4		0.438744
236.5		0.438744
236.6		0.438744
236.7		0.438744
236.8		0.438744
236.9		0.438744
237		0.438744
237.1		0.442296
237.2		0.442296
237.3		0.442296
237.4		0.442296
237.5		0.442296
237.6		0.442296
237.7		0.442296
237.8		0.442296
237.9		0.442296
238		0.442296
238.1		0.445541
238.2		0.445541
238.3		0.445541
238.4		0.445541
238.5		0.445541
238.6		0.445541
238.7		0.445541
238.8		0.445541
238.9		0.445541
239		0.445541
239.1		0.447908
239.2		0.447908
239.3		0.447908
239.4		0.447908
239.5		0.447908
239.6		0.447908
239.7		0.447908
239.8		0.447908
239.9		0.447908
240		0.447908
240.1		0.449224
240.2		0.449224
240.3		0.449224
240.4		0.449224
240.5		0.449224
240.6		0.449224
240.7		0.449224
240.8		0.449224
240.9		0.449224
241		0.449224
241.1		0.449399
241.2		0.449399
241.3		0.449399
241.4		0.449399
241.5		0.449399
241.6		0.449399
241.7		0.449399
241.8		0.449399
241.9		0.449399
242		0.449399
242.1		0.454179
242.2		0.454179
242.3		0.454179
242.4		0.454179
242.5		0.454179
242.6		0.454179
242.7		0.454179
242.8		0.454179
242.9		0.454179
243		0.454179
243.1		0.45431
243.2		0.45431
243.3		0.45431
243.4		0.45431
243.5		0.45431
243.6		0.45431
243.7		0.45431
243.8		0.45431
243.9		0.45431
244		0.45431
244.1		0.45659
244.2		0.45659
244.3		0.45659
244.4		0.45659
244.5		0.45659
244.6		0.45659
244.7		0.45659
244.8		0.45659
244.9		0.45659
245		0.45659
245.1		0.45852
245.2		0.45852
245.3		0.45852
245.4		0.45852
245.5		0.45852
245.6		0.45852
245.7		0.45852
245.8		0.45852
245.9		0.45852
246		0.45852
246.1		0.459484
246.2		0.459484
246.3		0.459484
246.4		0.459484
246.5		0.459484
246.6		0.459484
246.7		0.459484
246.8		0.459484
246.9		0.459484
247		0.459484
247.1		0.460537
247.2		0.460537
247.3		0.460537
247.4		0.460537
247.5		0.460537
247.6		0.460537
247.7		0.460537
247.8		0.460537
247.9		0.460537
248		0.460537
248.1		0.463211
248.2		0.463211
248.3		0.463211
248.4		0.463211
248.5		0.463211
248.6		0.463211
248.7		0.463211
248.8		0.463211
248.9		0.463211
249		0.463211
249.1		0.466632
249.2		0.466632
249.3		0.466632
249.4		0.466632
249.5		0.466632
249.6		0.466632
249.7		0.466632
249.8		0.466632
249.9		0.466632
250		0.466632
250.1		0.470973
250.2		0.470973
250.3		0.470973
250.4		0.470973
250.5		0.470973
250.6		0.470973
250.7		0.470973
250.8		0.470973
250.9		0.470973
251		0.470973
251.1		0.471192
251.2		0.471192
251.3		0.471192
251.4		0.471192
251.5		0.471192
251.6		0.471192
251.7		0.471192
251.8		0.471192
251.9		0.471192
252		0.471192
252.1		0.471586
252.2		0.471586
252.3		0.471586
252.4		0.471586
252.5		0.471586
252.6		0.471586
252.7		0.471586
252.8		0.471586
252.9		0.471586
253		0.471586
253.1		0.474305
253.2		0.474305
253.3		0.474305
253.4		0.474305
253.5		0.474305
253.6		0.474305
253.7		0.474305
253.8		0.474305
253.9		0.474305
254		0.474305
254.1		0.475971
254.2		0.475971
254.3		0.475971
254.4		0.475971
254.5		0.475971
254.6		0.475971
254.7		0.475971
254.8		0.475971
254.9		0.475971
255		0.475971
255.1		0.479479
255.2		0.479479
255.3		0.479479
255.4		0.479479
255.5		0.479479
255.6		0.479479
255.7		0.479479
255.8		0.479479
255.9		0.479479
256		0.479479
256.1		0.480663
256.2		0.480663
256.3		0.480663
256.4		0.480663
256.5		0.480663
256.6		0.480663
256.7		0.480663
256.8		0.480663
256.9		0.480663
257		0.480663
257.1		0.482943
257.2		0.482943
257.3		0.482943
257.4		0.482943
257.5		0.482943
257.6		0.482943
257.7		0.482943
257.8		0.482943
257.9		0.482943
258		0.482943
258.1		0.484785
258.2		0.484785
258.3		0.484785
258.4		0.484785
258.5		0.484785
258.6		0.484785
258.7		0.484785
258.8		0.484785
258.9		0.484785
259		0.484785
259.1		0.485662
259.2		0.485662
259.3		0.485662
259.4		0.485662
259.5		0.485662
259.6		0.485662
259.7		0.485662
259.8		0.485662
259.9		0.485662
260		0.485662
260.1		0.488073
260.2		0.488073
260.3		0.488073
260.4		0.488073
260.5		0.488073
260.6		0.488073
260.7		0.488073
260.8		0.488073
260.9		0.488073
261		0.488073
261.1		0.491143
261.2		0.491143
261.3		0.491143
261.4		0.491143
261.5		0.491143
261.6		0.491143
261.7		0.491143
261.8		0.491143
261.9		0.491143
262		0.491143
262.1		0.493598
262.2		0.493598
262.3		0.493598
262.4		0.493598
262.5		0.493598
262.6		0.493598
262.7		0.493598
262.8		0.493598
262.9		0.493598
263		0.493598
263.1		0.494607
263.2		0.494607
263.3		0.494607
263.4		0.494607
263.5		0.494607
263.6		0.494607
263.7		0.494607
263.8		0.494607
263.9		0.494607
264		0.494607
264.1		0.499737
264.2		0.499737
264.3		0.499737
264.4		0.499737
264.5		0.499737
264.6		0.499737
264.7		0.499737
264.8		0.499737
264.9		0.499737
265		0.499737
265.1		0.499781
265.2		0.499781
265.3		0.499781
265.4		0.499781
265.5		0.499781
265.6		0.499781
265.7		0.499781
265.8		0.499781
265.9		0.499781
266		0.499781
266.1		0.500438
266.2		0.500438
266.3		0.500438
266.4		0.500438
266.5		0.500438
266.6		0.500438
266.7		0.500438
266.8		0.500438
266.9		0.500438
267		0.500438
267.1		0.503727
267.2		0.503727
267.3		0.503727
267.4		0.503727
267.5		0.503727
267.6		0.503727
267.7		0.503727
267.8		0.503727
267.9		0.503727
268		0.503727
268.1		0.504999
268.2		0.504999
268.3		0.504999
268.4		0.504999
268.5		0.504999
268.6		0.504999
268.7		0.504999
268.8		0.504999
268.9		0.504999
269		0.504999
269.1		0.505788
269.2		0.505788
269.3		0.505788
269.4		0.505788
269.5		0.505788
269.6		0.505788
269.7		0.505788
269.8		0.505788
269.9		0.505788
270		0.505788
270.1		0.51048
270.2		0.51048
270.3		0.51048
270.4		0.51048
270.5		0.51048
270.6		0.51048
270.7		0.51048
270.8		0.51048
270.9		0.51048
271		0.51048
271.1		0.512146
271.2		0.512146
271.3		0.512146
271.4		0.512146
271.5		0.512146
271.6		0.512146
271.7		0.512146
271.8		0.512146
271.9		0.512146
272		0.512146
272.1		0.51618
272.2		0.51618
272.3		0.51618
272.4		0.51618
272.5		0.51618
272.6		0.51618
272.7		0.51618
272.8		0.51618
272.9		0.51618
273		0.51618
273.1		0.516531
273.2		0.516531
273.3		0.516531
273.4		0.516531
273.5		0.516531
273.6		0.516531
273.7		0.516531
273.8		0.516531
273.9		0.516531
274		0.516531
274.1		0.516882
274.2		0.516882
274.3		0.516882
274.4		0.516882
274.5		0.516882
274.6		0.516882
274.7		0.516882
274.8		0.516882
274.9		0.516882
275		0.516882
275.1		0.518723
275.2		0.518723
275.3		0.518723
275.4		0.518723
275.5		0.518723
275.6		0.518723
275.7		0.518723
275.8		0.518723
275.9		0.518723
276		0.518723
276.1		0.521047
276.2		0.521047
276.3		0.521047
276.4		0.521047
276.5		0.521047
276.6		0.521047
276.7		0.521047
276.8		0.521047
276.9		0.521047
277		0.521047
277.1		0.526002
277.2		0.526002
277.3		0.526002
277.4		0.526002
277.5		0.526002
277.6		0.526002
277.7		0.526002
277.8		0.526002
277.9		0.526002
278		0.526002
278.1		0.527186
278.2		0.527186
278.3		0.527186
278.4		0.527186
278.5		0.527186
278.6		0.527186
278.7		0.527186
278.8		0.527186
278.9		0.527186
279		0.527186
279.1		0.527537
279.2		0.527537
279.3		0.527537
279.4		0.527537
279.5		0.527537
279.6		0.527537
279.7		0.527537
279.8		0.527537
279.9		0.527537
280		0.527537
280.1		0.527624
280.2		0.527624
280.3		0.527624
280.4		0.527624
280.5		0.527624
280.6		0.527624
280.7		0.527624
280.8		0.527624
280.9		0.527624
281		0.527624
281.1		0.531878
281.2		0.531878
281.3		0.531878
281.4		0.531878
281.5		0.531878
281.6		0.531878
281.7		0.531878
281.8		0.531878
281.9		0.531878
282		0.531878
282.1		0.535385
282.2		0.535385
282.3		0.535385
282.4		0.535385
282.5		0.535385
282.6		0.535385
282.7		0.535385
282.8		0.535385
282.9		0.535385
283		0.535385
283.1		0.537227
283.2		0.537227
283.3		0.537227
283.4		0.537227
283.5		0.537227
283.6		0.537227
283.7		0.537227
283.8		0.537227
283.9		0.537227
284		0.537227
284.1		0.537402
284.2		0.537402
284.3		0.537402
284.4		0.537402
284.5		0.537402
284.6		0.537402
284.7		0.537402
284.8		0.537402
284.9		0.537402
285		0.537402
285.1		0.540866
285.2		0.540866
285.3		0.540866
285.4		0.540866
285.5		0.540866
285.6		0.540866
285.7		0.540866
285.8		0.540866
285.9		0.540866
286		0.540866
286.1		0.545865
286.2		0.545865
286.3		0.545865
286.4		0.545865
286.5		0.545865
286.6		0.545865
286.7		0.545865
286.8		0.545865
286.9		0.545865
287		0.545865
287.1		0.546698
287.2		0.546698
287.3		0.546698
287.4		0.546698
287.5		0.546698
287.6		0.546698
287.7		0.546698
287.8		0.546698
287.9		0.546698
288		0.546698
288.1		0.547531
288.2		0.547531
288.3		0.547531
288.4		0.547531
288.5		0.547531
288.6		0.547531
288.7		0.547531
288.8		0.547531
288.9		0.547531
289		0.547531
289.1		0.55082
289.2		0.55082
289.3		0.55082
289.4		0.55082
289.5		0.55082
289.6		0.55082
289.7		0.55082
289.8		0.55082
289.9		0.55082
290		0.55082
290.1		0.551302
290.2		0.551302
290.3		0.551302
290.4		0.551302
290.5		0.551302
290.6		0.551302
290.7		0.551302
290.8		0.551302
290.9		0.551302
291		0.551302
291.1		0.552398
291.2		0.552398
291.3		0.552398
291.4		0.552398
291.5		0.552398
291.6		0.552398
291.7		0.552398
291.8		0.552398
291.9		0.552398
292		0.552398
292.1		0.552398
292.2		0.552398
292.3		0.552398
292.4		0.552398
292.5		0.552398
292.6		0.552398
292.7		0.552398
292.8		0.552398
292.9		0.552398
293		0.552398
293.1		0.553539
293.2		0.553539
293.3		0.553539
293.4		0.553539
293.5		0.553539
293.6		0.553539
293.7		0.553539
293.8		0.553539
293.9		0.553539
294		0.553539
294.1		0.553539
294.2		0.553539
294.3		0.553539
294.4		0.553539
294.5		0.553539
294.6		0.553539
294.7		0.553539
294.8		0.553539
294.9		0.553539
295		0.553539
295.1		0.558888
295.2		0.558888
295.3		0.558888
295.4		0.558888
295.5		0.558888
295.6		0.558888
295.7		0.558888
295.8		0.558888
295.9		0.558888
296		0.558888
296.1		0.55902
296.2		0.55902
296.3		0.55902
296.4		0.55902
296.5		0.55902
296.6		0.55902
296.7		0.55902
296.8		0.55902
296.9		0.55902
297		0.55902
297.1		0.56222
297.2		0.56222
297.3		0.56222
297.4		0.56222
297.5		0.56222
297.6		0.56222
297.7		0.56222
297.8		0.56222
297.9		0.56222
298		0.56222
298.1		0.563448
298.2		0.563448
298.3		0.563448
298.4		0.563448
298.5		0.563448
298.6		0.563448
298.7		0.563448
298.8		0.563448
298.9		0.563448
299		0.563448
299.1		0.565509
299.2		0.565509
299.3		0.565509
299.4		0.565509
299.5		0.565509
299.6		0.565509
299.7		0.565509
299.8		0.565509
299.9		0.565509
300		0.565509
300.1		0.565728
300.2		0.565728
300.3		0.565728
300.4		0.565728
300.5		0.565728
300.6		0.565728
300.7		0.565728
300.8		0.565728
300.9		0.565728
301		0.565728
301.1		0.566298
301.2		0.566298
301.3		0.566298
301.4		0.566298
301.5		0.566298
301.6		0.566298
301.7		0.566298
301.8		0.566298
301.9		0.566298
302		0.566298
302.1		0.569718
302.2		0.569718
302.3		0.569718
302.4		0.569718
302.5		0.569718
302.6		0.569718
302.7		0.569718
302.8		0.569718
302.9		0.569718
303		0.569718
303.1		0.570683
303.2		0.570683
303.3		0.570683
303.4		0.570683
303.5		0.570683
303.6		0.570683
303.7		0.570683
303.8		0.570683
303.9		0.570683
304		0.570683
304.1		0.574103
304.2		0.574103
304.3		0.574103
304.4		0.574103
304.5		0.574103
304.6		0.574103
304.7		0.574103
304.8		0.574103
304.9		0.574103
305		0.574103
305.1		0.575945
305.2		0.575945
305.3		0.575945
305.4		0.575945
305.5		0.575945
305.6		0.575945
305.7		0.575945
305.8		0.575945
305.9		0.575945
306		0.575945
306.1		0.576383
306.2		0.576383
306.3		0.576383
306.4		0.576383
306.5		0.576383
306.6		0.576383
306.7		0.576383
306.8		0.576383
306.9		0.576383
307		0.576383
307.1		0.576822
307.2		0.576822
307.3		0.576822
307.4		0.576822
307.5		0.576822
307.6		0.576822
307.7		0.576822
307.8		0.576822
307.9		0.576822
308		0.576822
308.1		0.581119
308.2		0.581119
308.3		0.581119
308.4		0.581119
308.5		0.581119
308.6		0.581119
308.7		0.581119
308.8		0.581119
308.9		0.581119
309		0.581119
309.1		0.582347
309.2		0.582347
309.3		0.582347
309.4		0.582347
309.5		0.582347
309.6		0.582347
309.7		0.582347
309.8		0.582347
309.9		0.582347
310		0.582347
310.1		0.582654
310.2		0.582654
310.3		0.582654
310.4		0.582654
310.5		0.582654
310.6		0.582654
310.7		0.582654
310.8		0.582654
310.9		0.582654
311		0.582654
311.1		0.588047
311.2		0.588047
311.3		0.588047
311.4		0.588047
311.5		0.588047
311.6		0.588047
311.7		0.588047
311.8		0.588047
311.9		0.588047
312		0.588047
312.1		0.589056
312.2		0.589056
312.3		0.589056
312.4		0.589056
312.5		0.589056
312.6		0.589056
312.7		0.589056
312.8		0.589056
312.9		0.589056
313		0.589056
313.1		0.591906
313.2		0.591906
313.3		0.591906
313.4		0.591906
313.5		0.591906
313.6		0.591906
313.7		0.591906
313.8		0.591906
313.9		0.591906
314		0.591906
314.1		0.592169
314.2		0.592169
314.3		0.592169
314.4		0.592169
314.5		0.592169
314.6		0.592169
314.7		0.592169
314.8		0.592169
314.9		0.592169
315		0.592169
315.1		0.59366
315.2		0.59366
315.3		0.59366
315.4		0.59366
315.5		0.59366
315.6		0.59366
315.7		0.59366
315.8		0.59366
315.9		0.59366
316		0.59366
316.1		0.598746
316.2		0.598746
316.3		0.598746
316.4		0.598746
316.5		0.598746
316.6		0.598746
316.7		0.598746
316.8		0.598746
316.9		0.598746
317		0.598746
317.1		0.598921
317.2		0.598921
317.3		0.598921
317.4		0.598921
317.5		0.598921
317.6		0.598921
317.7		0.598921
317.8		0.598921
317.9		0.598921
318		0.598921
318.1		0.601114
318.2		0.601114
318.3		0.601114
318.4		0.601114
318.5		0.601114
318.6		0.601114
318.7		0.601114
318.8		0.601114
318.9		0.601114
319		0.601114
319.1		0.603087
319.2		0.603087
319.3		0.603087
319.4		0.603087
319.5		0.603087
319.6		0.603087
319.7		0.603087
319.8		0.603087
319.9		0.603087
320		0.603087
320.1		0.605235
320.2		0.605235
320.3		0.605235
320.4		0.605235
320.5		0.605235
320.6		0.605235
320.7		0.605235
320.8		0.605235
320.9		0.605235
321		0.605235
321.1		0.607954
321.2		0.607954
321.3		0.607954
321.4		0.607954
321.5		0.607954
321.6		0.607954
321.7		0.607954
321.8		0.607954
321.9		0.607954
322		0.607954
322.1		0.61098
322.2		0.61098
322.3		0.61098
322.4		0.61098
322.5		0.61098
322.6		0.61098
322.7		0.61098
322.8		0.61098
322.9		0.61098
323		0.61098
323.1		0.611243
323.2		0.611243
323.3		0.611243
323.4		0.611243
323.5		0.611243
323.6		0.611243
323.7		0.611243
323.8		0.611243
323.9		0.611243
324		0.611243
324.1		0.61155
324.2		0.61155
324.3		0.61155
324.4		0.61155
324.5		0.61155
324.6		0.61155
324.7		0.61155
324.8		0.61155
324.9		0.61155
325		0.61155
325.1		0.616417
325.2		0.616417
325.3		0.616417
325.4		0.616417
325.5		0.616417
325.6		0.616417
325.7		0.616417
325.8		0.616417
325.9		0.616417
326		0.616417
326.1		0.619048
326.2		0.619048
326.3		0.619048
326.4		0.619048
326.5		0.619048
326.6		0.619048
326.7		0.619048
326.8		0.619048
326.9		0.619048
327		0.619048
327.1		0.620802
327.2		0.620802
327.3		0.620802
327.4		0.620802
327.5		0.620802
327.6		0.620802
327.7		0.620802
327.8		0.620802
327.9		0.620802
328		0.620802
328.1		0.621591
328.2		0.621591
328.3		0.621591
328.4		0.621591
328.5		0.621591
328.6		0.621591
328.7		0.621591
328.8		0.621591
328.9		0.621591
329		0.621591
329.1		0.622292
329.2		0.622292
329.3		0.622292
329.4		0.622292
329.5		0.622292
329.6		0.622292
329.7		0.622292
329.8		0.622292
329.9		0.622292
330		0.622292
330.1		0.627247
330.2		0.627247
330.3		0.627247
330.4		0.627247
330.5		0.627247
330.6		0.627247
330.7		0.627247
330.8		0.627247
330.9		0.627247
331		0.627247
331.1		0.631062
331.2		0.631062
331.3		0.631062
331.4		0.631062
331.5		0.631062
331.6		0.631062
331.7		0.631062
331.8		0.631062
331.9		0.631062
332		0.631062
332.1		0.631588
332.2		0.631588
332.3		0.631588
332.4		0.631588
332.5		0.631588
332.6		0.631588
332.7		0.631588
332.8		0.631588
332.9		0.631588
333		0.631588
333.1		0.632334
333.2		0.632334
333.3		0.632334
333.4		0.632334
333.5		0.632334
333.6		0.632334
333.7		0.632334
333.8		0.632334
333.9		0.632334
334		0.632334
334.1		0.635491
334.2		0.635491
334.3		0.635491
334.4		0.635491
334.5		0.635491
334.6		0.635491
334.7		0.635491
334.8		0.635491
334.9		0.635491
335		0.635491
335.1		0.638209
335.2		0.638209
335.3		0.638209
335.4		0.638209
335.5		0.638209
335.6		0.638209
335.7		0.638209
335.8		0.638209
335.9		0.638209
336		0.638209
336.1		0.638604
336.2		0.638604
336.3		0.638604
336.4		0.638604
336.5		0.638604
336.6		0.638604
336.7		0.638604
336.8		0.638604
336.9		0.638604
337		0.638604
337.1		0.641586
337.2		0.641586
337.3		0.641586
337.4		0.641586
337.5		0.641586
337.6		0.641586
337.7		0.641586
337.8		0.641586
337.9		0.641586
338		0.641586
338.1		0.646233
338.2		0.646233
338.3		0.646233
338.4		0.646233
338.5		0.646233
338.6		0.646233
338.7		0.646233
338.8		0.646233
338.9		0.646233
339		0.646233
339.1		0.646453
339.2		0.646453
339.3		0.646453
339.4		0.646453
339.5		0.646453
339.6		0.646453
339.7		0.646453
339.8		0.646453
339.9		0.646453
340		0.646453
340.1		0.647593
340.2		0.647593
340.3		0.647593
340.4		0.647593
340.5		0.647593
340.6		0.647593
340.7		0.647593
340.8		0.647593
340.9		0.647593
341		0.647593
341.1		0.648733
341.2		0.648733
341.3		0.648733
341.4		0.648733
341.5		0.648733
341.6		0.648733
341.7		0.648733
341.8		0.648733
341.9		0.648733
342		0.648733
342.1		0.649478
342.2		0.649478
342.3		0.649478
342.4		0.649478
342.5		0.649478
342.6		0.649478
342.7		0.649478
342.8		0.649478
342.9		0.649478
343		0.649478
343.1		0.655222
343.2		0.655222
343.3		0.655222
343.4		0.655222
343.5		0.655222
343.6		0.655222
343.7		0.655222
343.8		0.655222
343.9		0.655222
344		0.655222
344.1		0.658292
344.2		0.658292
344.3		0.658292
344.4		0.658292
344.5		0.658292
344.6		0.658292
344.7		0.658292
344.8		0.658292
344.9		0.658292
345		0.658292
345.1		0.658555
345.2		0.658555
345.3		0.658555
345.4		0.658555
345.5		0.658555
345.6		0.658555
345.7		0.658555
345.8		0.658555
345.9		0.658555
346		0.658555
346.1		0.660265
346.2		0.660265
346.3		0.660265
346.4		0.660265
346.5		0.660265
346.6		0.660265
346.7		0.660265
346.8		0.660265
346.9		0.660265
347		0.660265
347.1		0.6675
347.2		0.6675
347.3		0.6675
347.4		0.6675
347.5		0.6675
347.6		0.6675
347.7		0.6675
347.8		0.6675
347.9		0.6675
348		0.6675
348.1		0.667851
348.2		0.667851
348.3		0.667851
348.4		0.667851
348.5		0.667851
348.6		0.667851
348.7		0.667851
348.8		0.667851
348.9		0.667851
349		0.667851
349.1		0.667982
349.2		0.667982
349.3		0.667982
349.4		0.667982
349.5		0.667982
349.6		0.667982
349.7		0.667982
349.8		0.667982
349.9		0.667982
350		0.667982
350.1		0.668421
350.2		0.668421
350.3		0.668421
350.4		0.668421
350.5		0.668421
350.6		0.668421
350.7		0.668421
350.8		0.668421
350.9		0.668421
351		0.668421
351.1		0.673419
351.2		0.673419
351.3		0.673419
351.4		0.673419
351.5		0.673419
351.6		0.673419
351.7		0.673419
351.8		0.673419
351.9		0.673419
352		0.673419
352.1		0.676094
352.2		0.676094
352.3		0.676094
352.4		0.676094
352.5		0.676094
352.6		0.676094
352.7		0.676094
352.8		0.676094
352.9		0.676094
353		0.676094
353.1		0.676094
353.2		0.676094
353.3		0.676094
353.4		0.676094
353.5		0.676094
353.6		0.676094
353.7		0.676094
353.8		0.676094
353.9		0.676094
354		0.676094
354.1		0.67855
354.2		0.67855
354.3		0.67855
354.4		0.67855
354.5		0.67855
354.6		0.67855
354.7		0.67855
354.8		0.67855
354.9		0.67855
355		0.67855
355.1		0.67855
355.2		0.67855
355.3		0.67855
355.4		0.67855
355.5		0.67855
355.6		0.67855
355.7		0.67855
355.8		0.67855
355.9		0.67855
356		0.67855
356.1		0.679076
356.2		0.679076
356.3		0.679076
356.4		0.679076
356.5		0.679076
356.6		0.679076
356.7		0.679076
356.8		0.679076
356.9		0.679076
357		0.679076
357.1		0.680303
357.2		0.680303
357.3		0.680303
357.4		0.680303
357.5		0.680303
357.6		0.680303
357.7		0.680303
357.8		0.680303
357.9		0.680303
358		0.680303
358.1		0.684206
358.2		0.684206
358.3		0.684206
358.4		0.684206
358.5		0.684206
358.6		0.684206
358.7		0.684206
358.8		0.684206
358.9		0.684206
359		0.684206
359.1		0.685916
359.2		0.685916
359.3		0.685916
359.4		0.685916
359.5		0.685916
359.6		0.685916
359.7		0.685916
359.8		0.685916
359.9		0.685916
360		0.685916
360.1		0.685916
360.2		0.685916
360.3		0.685916
360.4		0.685916
360.5		0.685916
360.6		0.685916
360.7		0.685916
360.8		0.685916
360.9		0.685916
361		0.685916
361.1		0.690082
361.2		0.690082
361.3		0.690082
361.4		0.690082
361.5		0.690082
361.6		0.690082
361.7		0.690082
361.8		0.690082
361.9		0.690082
362		0.690082
362.1		0.690476
362.2		0.690476
362.3		0.690476
362.4		0.690476
362.5		0.690476
362.6		0.690476
362.7		0.690476
362.8		0.690476
362.9		0.690476
363		0.690476
363.1		0.691485
363.2		0.691485
363.3		0.691485
363.4		0.691485
363.5		0.691485
363.6		0.691485
363.7		0.691485
363.8		0.691485
363.9		0.691485
364		0.691485
364.1		0.691704
364.2		0.691704
364.3		0.691704
364.4		0.691704
364.5		0.691704
364.6		0.691704
364.7		0.691704
364.8		0.691704
364.9		0.691704
365		0.691704
365.1		0.693984
365.2		0.693984
365.3		0.693984
365.4		0.693984
365.5		0.693984
365.6		0.693984
365.7		0.693984
365.8		0.693984
365.9		0.693984
366		0.693984
366.1		0.696264
366.2		0.696264
366.3		0.696264
366.4		0.696264
366.5		0.696264
366.6		0.696264
366.7		0.696264
366.8		0.696264
366.9		0.696264
367		0.696264
367.1		0.700123
367.2		0.700123
367.3		0.700123
367.4		0.700123
367.5		0.700123
367.6		0.700123
367.7		0.700123
367.8		0.700123
367.9		0.700123
368		0.700123
368.1		0.701263
368.2		0.701263
368.3		0.701263
368.4		0.701263
368.5		0.701263
368.6		0.701263
368.7		0.701263
368.8		0.701263
368.9		0.701263
369		0.701263
369.1		0.702534
369.2		0.702534
369.3		0.702534
369.4		0.702534
369.5		0.702534
369.6		0.702534
369.7		0.702534
369.8		0.702534
369.9		0.702534
370		0.702534
370.1		0.703499
370.2		0.703499
370.3		0.703499
370.4		0.703499
370.5		0.703499
370.6		0.703499
370.7		0.703499
370.8		0.703499
370.9		0.703499
371		0.703499
371.1		0.704464
371.2		0.704464
371.3		0.704464
371.4		0.704464
371.5		0.704464
371.6		0.704464
371.7		0.704464
371.8		0.704464
371.9		0.704464
372		0.704464
372.1		0.708892
372.2		0.708892
372.3		0.708892
372.4		0.708892
372.5		0.708892
372.6		0.708892
372.7		0.708892
372.8		0.708892
372.9		0.708892
373		0.708892
373.1		0.711874
373.2		0.711874
373.3		0.711874
373.4		0.711874
373.5		0.711874
373.6		0.711874
373.7		0.711874
373.8		0.711874
373.9		0.711874
374		0.711874
374.1		0.7124
374.2		0.7124
374.3		0.7124
374.4		0.7124
374.5		0.7124
374.6		0.7124
374.7		0.7124
374.8		0.7124
374.9		0.7124
375		0.7124
375.1		0.712839
375.2		0.712839
375.3		0.712839
375.4		0.712839
375.5		0.712839
375.6		0.712839
375.7		0.712839
375.8		0.712839
375.9		0.712839
376		0.712839
376.1		0.717092
376.2		0.717092
376.3		0.717092
376.4		0.717092
376.5		0.717092
376.6		0.717092
376.7		0.717092
376.8		0.717092
376.9		0.717092
377		0.717092
377.1		0.717574
377.2		0.717574
377.3		0.717574
377.4		0.717574
377.5		0.717574
377.6		0.717574
377.7		0.717574
377.8		0.717574
377.9		0.717574
378		0.717574
378.1		0.719811
378.2		0.719811
378.3		0.719811
378.4		0.719811
378.5		0.719811
378.6		0.719811
378.7		0.719811
378.8		0.719811
378.9		0.719811
379		0.719811
379.1		0.721959
379.2		0.721959
379.3		0.721959
379.4		0.721959
379.5		0.721959
379.6		0.721959
379.7		0.721959
379.8		0.721959
379.9		0.721959
380		0.721959
380.1		0.723406
380.2		0.723406
380.3		0.723406
380.4		0.723406
380.5		0.723406
380.6		0.723406
380.7		0.723406
380.8		0.723406
380.9		0.723406
381		0.723406
381.1		0.727133
381.2		0.727133
381.3		0.727133
381.4		0.727133
381.5		0.727133
381.6		0.727133
381.7		0.727133
381.8		0.727133
381.9		0.727133
382		0.727133
382.1		0.727966
382.2		0.727966
382.3		0.727966
382.4		0.727966
382.5		0.727966
382.6		0.727966
382.7		0.727966
382.8		0.727966
382.9		0.727966
383		0.727966
383.1		0.728142
383.2		0.728142
383.3		0.728142
383.4		0.728142
383.5		0.728142
383.6		0.728142
383.7		0.728142
383.8		0.728142
383.9		0.728142
384		0.728142
384.1		0.732
384.2		0.732
384.3		0.732
384.4		0.732
384.5		0.732
384.6		0.732
384.7		0.732
384.8		0.732
384.9		0.732
385		0.732
385.1		0.732965
385.2		0.732965
385.3		0.732965
385.4		0.732965
385.5		0.732965
385.6		0.732965
385.7		0.732965
385.8		0.732965
385.9		0.732965
386		0.732965
386.1		0.733623
386.2		0.733623
386.3		0.733623
386.4		0.733623
386.5		0.733623
386.6		0.733623
386.7		0.733623
386.8		0.733623
386.9		0.733623
387		0.733623
387.1		0.738271
387.2		0.738271
387.3		0.738271
387.4		0.738271
387.5		0.738271
387.6		0.738271
387.7		0.738271
387.8		0.738271
387.9		0.738271
388		0.738271
388.1		0.740288
388.2		0.740288
388.3		0.740288
388.4		0.740288
388.5		0.740288
388.6		0.740288
388.7		0.740288
388.8		0.740288
388.9		0.740288
389		0.740288
389.1		0.740595
389.2		0.740595
389.3		0.740595
389.4		0.740595
389.5		0.740595
389.6		0.740595
389.7		0.740595
389.8		0.740595
389.9		0.740595
390		0.740595
390.1		0.741998
390.2		0.741998
390.3		0.741998
390.4		0.741998
390.5		0.741998
390.6		0.741998
390.7		0.741998
390.8		0.741998
390.9		0.741998
391		0.741998
391.1		0.743708
391.2		0.743708
391.3		0.743708
391.4		0.743708
391.5		0.743708
391.6		0.743708
391.7		0.743708
391.8		0.743708
391.9		0.743708
392		0.743708
392.1		0.746032
392.2		0.746032
392.3		0.746032
392.4		0.746032
392.5		0.746032
392.6		0.746032
392.7		0.746032
392.8		0.746032
392.9		0.746032
393		0.746032
393.1		0.74897
393.2		0.74897
393.3		0.74897
393.4		0.74897
393.5		0.74897
393.6		0.74897
393.7		0.74897
393.8		0.74897
393.9		0.74897
394		0.74897
394.1		0.751206
394.2		0.751206
394.3		0.751206
394.4		0.751206
394.5		0.751206
394.6		0.751206
394.7		0.751206
394.8		0.751206
394.9		0.751206
395		0.751206
395.1		0.754231
395.2		0.754231
395.3		0.754231
395.4		0.754231
395.5		0.754231
395.6		0.754231
395.7		0.754231
395.8		0.754231
395.9		0.754231
396		0.754231
396.1		0.754582
396.2		0.754582
396.3		0.754582
396.4		0.754582
396.5		0.754582
396.6		0.754582
396.7		0.754582
396.8		0.754582
396.9		0.754582
397		0.754582
397.1		0.756775
397.2		0.756775
397.3		0.756775
397.4		0.756775
397.5		0.756775
397.6		0.756775
397.7		0.756775
397.8		0.756775
397.9		0.756775
398		0.756775
398.1		0.758572
398.2		0.758572
398.3		0.758572
398.4		0.758572
398.5		0.758572
398.6		0.758572
398.7		0.758572
398.8		0.758572
398.9		0.758572
399		0.758572
399.1		0.761072
399.2		0.761072
399.3		0.761072
399.4		0.761072
399.5		0.761072
399.6		0.761072
399.7		0.761072
399.8		0.761072
399.9		0.761072
400		0.761072
400.1		0.763176
400.2		0.763176
400.3		0.763176
400.4		0.763176
400.5		0.763176
400.6		0.763176
400.7		0.763176
400.8		0.763176
400.9		0.763176
401		0.763176
401.1		0.765851
401.2		0.765851
401.3		0.765851
401.4		0.765851
401.5		0.765851
401.6		0.765851
401.7		0.765851
401.8		0.765851
401.9		0.765851
402		0.765851
402.1		0.766026
402.2		0.766026
402.3		0.766026
402.4		0.766026
402.5		0.766026
402.6		0.766026
402.7		0.766026
402.8		0.766026
402.9		0.766026
403		0.766026
403.1		0.768087
403.2		0.768087
403.3		0.768087
403.4		0.768087
403.5		0.768087
403.6		0.768087
403.7		0.768087
403.8		0.768087
403.9		0.768087
404		0.768087
404.1		0.769447
404.2		0.769447
404.3		0.769447
404.4		0.769447
404.5		0.769447
404.6		0.769447
404.7		0.769447
404.8		0.769447
404.9		0.769447
405		0.769447
405.1		0.771507
405.2		0.771507
405.3		0.771507
405.4		0.771507
405.5		0.771507
405.6		0.771507
405.7		0.771507
405.8		0.771507
405.9		0.771507
406		0.771507
406.1		0.774971
406.2		0.774971
406.3		0.774971
406.4		0.774971
406.5		0.774971
406.6		0.774971
406.7		0.774971
406.8		0.774971
406.9		0.774971
407		0.774971
407.1		0.775147
407.2		0.775147
407.3		0.775147
407.4		0.775147
407.5		0.775147
407.6		0.775147
407.7		0.775147
407.8		0.775147
407.9		0.775147
408		0.775147
408.1		0.777471
408.2		0.777471
408.3		0.777471
408.4		0.777471
408.5		0.777471
408.6		0.777471
408.7		0.777471
408.8		0.777471
408.9		0.777471
409		0.777471
409.1		0.779137
409.2		0.779137
409.3		0.779137
409.4		0.779137
409.5		0.779137
409.6		0.779137
409.7		0.779137
409.8		0.779137
409.9		0.779137
410		0.779137
410.1		0.78282
410.2		0.78282
410.3		0.78282
410.4		0.78282
410.5		0.78282
410.6		0.78282
410.7		0.78282
410.8		0.78282
410.9		0.78282
411		0.78282
411.1		0.78304
411.2		0.78304
411.3		0.78304
411.4		0.78304
411.5		0.78304
411.6		0.78304
411.7		0.78304
411.8		0.78304
411.9		0.78304
412		0.78304
412.1		0.785495
412.2		0.785495
412.3		0.785495
412.4		0.785495
412.5		0.785495
412.6		0.785495
412.7		0.785495
412.8		0.785495
412.9		0.785495
413		0.785495
413.1		0.789529
413.2		0.789529
413.3		0.789529
413.4		0.789529
413.5		0.789529
413.6		0.789529
413.7		0.789529
413.8		0.789529
413.9		0.789529
414		0.789529
414.1		0.790625
414.2		0.790625
414.3		0.790625
414.4		0.790625
414.5		0.790625
414.6		0.790625
414.7		0.790625
414.8		0.790625
414.9		0.790625
415		0.790625
415.1		0.791853
415.2		0.791853
415.3		0.791853
415.4		0.791853
415.5		0.791853
415.6		0.791853
415.7		0.791853
415.8		0.791853
415.9		0.791853
416		0.791853
416.1		0.794966
416.2		0.794966
416.3		0.794966
416.4		0.794966
416.5		0.794966
416.6		0.794966
416.7		0.794966
416.8		0.794966
416.9		0.794966
417		0.794966
417.1		0.795624
417.2		0.795624
417.3		0.795624
417.4		0.795624
417.5		0.795624
417.6		0.795624
417.7		0.795624
417.8		0.795624
417.9		0.795624
418		0.795624
418.1		0.799
418.2		0.799
418.3		0.799
418.4		0.799
418.5		0.799
418.6		0.799
418.7		0.799
418.8		0.799
418.9		0.799
419		0.799
419.1		0.801587
419.2		0.801587
419.3		0.801587
419.4		0.801587
419.5		0.801587
419.6		0.801587
419.7		0.801587
419.8		0.801587
419.9		0.801587
420		0.801587
420.1		0.804174
420.2		0.804174
420.3		0.804174
420.4		0.804174
420.5		0.804174
420.6		0.804174
420.7		0.804174
420.8		0.804174
420.9		0.804174
421		0.804174
421.1		0.804701
421.2		0.804701
421.3		0.804701
421.4		0.804701
421.5		0.804701
421.6		0.804701
421.7		0.804701
421.8		0.804701
421.9		0.804701
422		0.804701
422.1		0.806367
422.2		0.806367
422.3		0.806367
422.4		0.806367
422.5		0.806367
422.6		0.806367
422.7		0.806367
422.8		0.806367
422.9		0.806367
423		0.806367
423.1		0.811234
423.2		0.811234
423.3		0.811234
423.4		0.811234
423.5		0.811234
423.6		0.811234
423.7		0.811234
423.8		0.811234
423.9		0.811234
424		0.811234
424.1		0.812418
424.2		0.812418
424.3		0.812418
424.4		0.812418
424.5		0.812418
424.6		0.812418
424.7		0.812418
424.8		0.812418
424.9		0.812418
425		0.812418
425.1		0.812505
425.2		0.812505
425.3		0.812505
425.4		0.812505
425.5		0.812505
425.6		0.812505
425.7		0.812505
425.8		0.812505
425.9		0.812505
426		0.812505
426.1		0.81461
426.2		0.81461
426.3		0.81461
426.4		0.81461
426.5		0.81461
426.6		0.81461
426.7		0.81461
426.8		0.81461
426.9		0.81461
427		0.81461
427.1		0.816846
427.2		0.816846
427.3		0.816846
427.4		0.816846
427.5		0.816846
427.6		0.816846
427.7		0.816846
427.8		0.816846
427.9		0.816846
428		0.816846
428.1		0.818907
428.2		0.818907
428.3		0.818907
428.4		0.818907
428.5		0.818907
428.6		0.818907
428.7		0.818907
428.8		0.818907
428.9		0.818907
429		0.818907
429.1		0.820793
429.2		0.820793
429.3		0.820793
429.4		0.820793
429.5		0.820793
429.6		0.820793
429.7		0.820793
429.8		0.820793
429.9		0.820793
430		0.820793
430.1		0.822634
430.2		0.822634
430.3		0.822634
430.4		0.822634
430.5		0.822634
430.6		0.822634
430.7		0.822634
430.8		0.822634
430.9		0.822634
431		0.822634
431.1		0.824213
431.2		0.824213
431.3		0.824213
431.4		0.824213
431.5		0.824213
431.6		0.824213
431.7		0.824213
431.8		0.824213
431.9		0.824213
432		0.824213
432.1		0.829782
432.2		0.829782
432.3		0.829782
432.4		0.829782
432.5		0.829782
432.6		0.829782
432.7		0.829782
432.8		0.829782
432.9		0.829782
433		0.829782
433.1		0.830264
433.2		0.830264
433.3		0.830264
433.4		0.830264
433.5		0.830264
433.6		0.830264
433.7		0.830264
433.8		0.830264
433.9		0.830264
434		0.830264
434.1		0.830439
434.2		0.830439
434.3		0.830439
434.4		0.830439
434.5		0.830439
434.6		0.830439
434.7		0.830439
434.8		0.830439
434.9		0.830439
435		0.830439
435.1		0.834649
435.2		0.834649
435.3		0.834649
435.4		0.834649
435.5		0.834649
435.6		0.834649
435.7		0.834649
435.8		0.834649
435.9		0.834649
436		0.834649
436.1		0.836578
436.2		0.836578
436.3		0.836578
436.4		0.836578
436.5		0.836578
436.6		0.836578
436.7		0.836578
436.8		0.836578
436.9		0.836578
437		0.836578
437.1		0.840349
437.2		0.840349
437.3		0.840349
437.4		0.840349
437.5		0.840349
437.6		0.840349
437.7		0.840349
437.8		0.840349
437.9		0.840349
438		0.840349
438.1		0.840393
438.2		0.840393
438.3		0.840393
438.4		0.840393
438.5		0.840393
438.6		0.840393
438.7		0.840393
438.8		0.840393
438.9		0.840393
439		0.840393
439.1		0.842191
439.2		0.842191
439.3		0.842191
439.4		0.842191
439.5		0.842191
439.6		0.842191
439.7		0.842191
439.8		0.842191
439.9		0.842191
440		0.842191
440.1		0.845699
440.2		0.845699
440.3		0.845699
440.4		0.845699
440.5		0.845699
440.6		0.845699
440.7		0.845699
440.8		0.845699
440.9		0.845699
441		0.845699
441.1		0.846795
441.2		0.846795
441.3		0.846795
441.4		0.846795
441.5		0.846795
441.6		0.846795
441.7		0.846795
441.8		0.846795
441.9		0.846795
442		0.846795
442.1		0.847277
442.2		0.847277
442.3		0.847277
442.4		0.847277
442.5		0.847277
442.6		0.847277
442.7		0.847277
442.8		0.847277
442.9		0.847277
443		0.847277
443.1		0.848022
443.2		0.848022
443.3		0.848022
443.4		0.848022
443.5		0.848022
443.6		0.848022
443.7		0.848022
443.8		0.848022
443.9		0.848022
444		0.848022
444.1		0.850873
444.2		0.850873
444.3		0.850873
444.4		0.850873
444.5		0.850873
444.6		0.850873
444.7		0.850873
444.8		0.850873
444.9		0.850873
445		0.850873
445.1		0.857231
445.2		0.857231
445.3		0.857231
445.4		0.857231
445.5		0.857231
445.6		0.857231
445.7		0.857231
445.8		0.857231
445.9		0.857231
446		0.857231
446.1		0.857318
446.2		0.857318
446.3		0.857318
446.4		0.857318
446.5		0.857318
446.6		0.857318
446.7		0.857318
446.8		0.857318
446.9		0.857318
447		0.857318
447.1		0.857625
447.2		0.857625
447.3		0.857625
447.4		0.857625
447.5		0.857625
447.6		0.857625
447.7		0.857625
447.8		0.857625
447.9		0.857625
448		0.857625
448.1		0.860212
448.2		0.860212
448.3		0.860212
448.4		0.860212
448.5		0.860212
448.6		0.860212
448.7		0.860212
448.8		0.860212
448.9		0.860212
449		0.860212
449.1		0.863325
449.2		0.863325
449.3		0.863325
449.4		0.863325
449.5		0.863325
449.6		0.863325
449.7		0.863325
449.8		0.863325
449.9		0.863325
450		0.863325
450.1		0.864465
450.2		0.864465
450.3		0.864465
450.4		0.864465
450.5		0.864465
450.6		0.864465
450.7		0.864465
450.8		0.864465
450.9		0.864465
451		0.864465
451.1		0.86907
451.2		0.86907
451.3		0.86907
451.4		0.86907
451.5		0.86907
451.6		0.86907
451.7		0.86907
451.8		0.86907
451.9		0.86907
452		0.86907
452.1		0.870473
452.2		0.870473
452.3		0.870473
452.4		0.870473
452.5		0.870473
452.6		0.870473
452.7		0.870473
452.8		0.870473
452.9		0.870473
453		0.870473
453.1		0.871481
453.2		0.871481
453.3		0.871481
453.4		0.871481
453.5		0.871481
453.6		0.871481
453.7		0.871481
453.8		0.871481
453.9		0.871481
454		0.871481
454.1		0.871744
454.2		0.871744
454.3		0.871744
454.4		0.871744
454.5		0.871744
454.6		0.871744
454.7		0.871744
454.8		0.871744
454.9		0.871744
455		0.871744
455.1		0.874989
455.2		0.874989
455.3		0.874989
455.4		0.874989
455.5		0.874989
455.6		0.874989
455.7		0.874989
455.8		0.874989
455.9		0.874989
456		0.874989
456.1		0.875208
456.2		0.875208
456.3		0.875208
456.4		0.875208
456.5		0.875208
456.6		0.875208
456.7		0.875208
456.8		0.875208
456.9		0.875208
457		0.875208
457.1		0.878892
457.2		0.878892
457.3		0.878892
457.4		0.878892
457.5		0.878892
457.6		0.878892
457.7		0.878892
457.8		0.878892
457.9		0.878892
458		0.878892
458.1		0.880865
458.2		0.880865
458.3		0.880865
458.4		0.880865
458.5		0.880865
458.6		0.880865
458.7		0.880865
458.8		0.880865
458.9		0.880865
459		0.880865
459.1		0.882005
459.2		0.882005
459.3		0.882005
459.4		0.882005
459.5		0.882005
459.6		0.882005
459.7		0.882005
459.8		0.882005
459.9		0.882005
460		0.882005
460.1		0.883715
460.2		0.883715
460.3		0.883715
460.4		0.883715
460.5		0.883715
460.6		0.883715
460.7		0.883715
460.8		0.883715
460.9		0.883715
461		0.883715
461.1		0.884066
461.2		0.884066
461.3		0.884066
461.4		0.884066
461.5		0.884066
461.6		0.884066
461.7		0.884066
461.8		0.884066
461.9		0.884066
462		0.884066
462.1		0.888363
462.2		0.888363
462.3		0.888363
462.4		0.888363
462.5		0.888363
462.6		0.888363
462.7		0.888363
462.8		0.888363
462.9		0.888363
463		0.888363
463.1		0.890994
463.2		0.890994
463.3		0.890994
463.4		0.890994
463.5		0.890994
463.6		0.890994
463.7		0.890994
463.8		0.890994
463.9		0.890994
464		0.890994
464.1		0.892265
464.2		0.892265
464.3		0.892265
464.4		0.892265
464.5		0.892265
464.6		0.892265
464.7		0.892265
464.8		0.892265
464.9		0.892265
465		0.892265
465.1		0.894458
465.2		0.894458
465.3		0.894458
465.4		0.894458
465.5		0.894458
465.6		0.894458
465.7		0.894458
465.8		0.894458
465.9		0.894458
466		0.894458
466.1		0.895948
466.2		0.895948
466.3		0.895948
466.4		0.895948
466.5		0.895948
466.6		0.895948
466.7		0.895948
466.8		0.895948
466.9		0.895948
467		0.895948
467.1		0.897308
467.2		0.897308
467.3		0.897308
467.4		0.897308
467.5		0.897308
467.6		0.897308
467.7		0.897308
467.8		0.897308
467.9		0.897308
468		0.897308
468.1		0.898579
468.2		0.898579
468.3		0.898579
468.4		0.898579
468.5		0.898579
468.6		0.898579
468.7		0.898579
468.8		0.898579
468.9		0.898579
469		0.898579
469.1		0.901035
469.2		0.901035
469.3		0.901035
469.4		0.901035
469.5		0.901035
469.6		0.901035
469.7		0.901035
469.8		0.901035
469.9		0.901035
470		0.901035
470.1		0.901035
470.2		0.901035
470.3		0.901035
470.4		0.901035
470.5		0.901035
470.6		0.901035
470.7		0.901035
470.8		0.901035
470.9		0.901035
471		0.901035
471.1		0.905157
471.2		0.905157
471.3		0.905157
471.4		0.905157
471.5		0.905157
471.6		0.905157
471.7		0.905157
471.8		0.905157
471.9		0.905157
472		0.905157
472.1		0.905463
472.2		0.905463
472.3		0.905463
472.4		0.905463
472.5		0.905463
472.6		0.905463
472.7		0.905463
472.8		0.905463
472.9		0.905463
473		0.905463
473.1		0.906428
473.2		0.906428
473.3		0.906428
473.4		0.906428
473.5		0.906428
473.6		0.906428
473.7		0.906428
473.8		0.906428
473.9		0.906428
474		0.906428
474.1		0.909848
474.2		0.909848
474.3		0.909848
474.4		0.909848
474.5		0.909848
474.6		0.909848
474.7		0.909848
474.8		0.909848
474.9		0.909848
475		0.909848
475.1		0.911076
475.2		0.911076
475.3		0.911076
475.4		0.911076
475.5		0.911076
475.6		0.911076
475.7		0.911076
475.8		0.911076
475.9		0.911076
476		0.911076
476.1		0.912918
476.2		0.912918
476.3		0.912918
476.4		0.912918
476.5		0.912918
476.6		0.912918
476.7		0.912918
476.8		0.912918
476.9		0.912918
477		0.912918
477.1		0.915242
477.2		0.915242
477.3		0.915242
477.4		0.915242
477.5		0.915242
477.6		0.915242
477.7		0.915242
477.8		0.915242
477.9		0.915242
478		0.915242
478.1		0.915285
478.2		0.915285
478.3		0.915285
478.4		0.915285
478.5		0.915285
478.6		0.915285
478.7		0.915285
478.8		0.915285
478.9		0.915285
479		0.915285
479.1		0.916645
479.2		0.916645
479.3		0.916645
479.4		0.916645
479.5		0.916645
479.6		0.916645
479.7		0.916645
479.8		0.916645
479.9		0.916645
480		0.916645
480.1		0.921994
480.2		0.921994
480.3		0.921994
480.4		0.921994
480.5		0.921994
480.6		0.921994
480.7		0.921994
480.8		0.921994
480.9		0.921994
481		0.921994
481.1		0.92274
481.2		0.92274
481.3		0.92274
481.4		0.92274
481.5		0.92274
481.6		0.92274
481.7		0.92274
481.8		0.92274
481.9		0.92274
482		0.92274
482.1		0.923967
482.2		0.923967
482.3		0.923967
482.4		0.923967
482.5		0.923967
482.6		0.923967
482.7		0.923967
482.8		0.923967
482.9		0.923967
483		0.923967
483.1		0.926774
483.2		0.926774
483.3		0.926774
483.4		0.926774
483.5		0.926774
483.6		0.926774
483.7		0.926774
483.8		0.926774
483.9		0.926774
484		0.926774
484.1		0.927738
484.2		0.927738
484.3		0.927738
484.4		0.927738
484.5		0.927738
484.6		0.927738
484.7		0.927738
484.8		0.927738
484.9		0.927738
485		0.927738
485.1		0.927782
485.2		0.927782
485.3		0.927782
485.4		0.927782
485.5		0.927782
485.6		0.927782
485.7		0.927782
485.8		0.927782
485.9		0.927782
486		0.927782
486.1		0.933175
486.2		0.933175
486.3		0.933175
486.4		0.933175
486.5		0.933175
486.6		0.933175
486.7		0.933175
486.8		0.933175
486.9		0.933175
487		0.933175
487.1		0.935412
487.2		0.935412
487.3		0.935412
487.4		0.935412
487.5		0.935412
487.6		0.935412
487.7		0.935412
487.8		0.935412
487.9		0.935412
488		0.935412
488.1		0.936201
488.2		0.936201
488.3		0.936201
488.4		0.936201
488.5		0.936201
488.6		0.936201
488.7		0.936201
488.8		0.936201
488.9		0.936201
489		0.936201
489.1		0.939139
489.2		0.939139
489.3		0.939139
489.4		0.939139
489.5		0.939139
489.6		0.939139
489.7		0.939139
489.8		0.939139
489.9		0.939139
490		0.939139
490.1		0.940016
490.2		0.940016
490.3		0.940016
490.4		0.940016
490.5		0.940016
490.6		0.940016
490.7		0.940016
490.8		0.940016
490.9		0.940016
491		0.940016
491.1		0.944225
491.2		0.944225
491.3		0.944225
491.4		0.944225
491.5		0.944225
491.6		0.944225
491.7		0.944225
491.8		0.944225
491.9		0.944225
492		0.944225
492.1		0.94576
492.2		0.94576
492.3		0.94576
492.4		0.94576
492.5		0.94576
492.6		0.94576
492.7		0.94576
492.8		0.94576
492.9		0.94576
493		0.94576
493.1		0.946856
493.2		0.946856
493.3		0.946856
493.4		0.946856
493.5		0.946856
493.6		0.946856
493.7		0.946856
493.8		0.946856
493.9		0.946856
494		0.946856
494.1		0.947821
494.2		0.947821
494.3		0.947821
494.4		0.947821
494.5		0.947821
494.6		0.947821
494.7		0.947821
494.8		0.947821
494.9		0.947821
495		0.947821
495.1		0.950495
495.2		0.950495
495.3		0.950495
495.4		0.950495
495.5		0.950495
495.6		0.950495
495.7		0.950495
495.8		0.950495
495.9		0.950495
496		0.950495
496.1		0.954135
496.2		0.954135
496.3		0.954135
496.4		0.954135
496.5		0.954135
496.6		0.954135
496.7		0.954135
496.8		0.954135
496.9		0.954135
497		0.954135
497.1		0.954836
497.2		0.954836
497.3		0.954836
497.4		0.954836
497.5		0.954836
497.6		0.954836
497.7		0.954836
497.8		0.954836
497.9		0.954836
498		0.954836
498.1		0.955626
498.2		0.955626
498.3		0.955626
498.4		0.955626
498.5		0.955626
498.6		0.955626
498.7		0.955626
498.8		0.955626
498.9		0.955626
499		0.955626
499.1		0.957204
499.2		0.957204
499.3		0.957204
499.4		0.957204
499.5		0.957204
499.6		0.957204
499.7		0.957204
499.8		0.957204
499.9		0.957204
500		0.957204
500.1		0.962685
500.2		0.962685
500.3		0.962685
500.4		0.962685
500.5		0.962685
500.6		0.962685
500.7		0.962685
500.8		0.962685
500.9		0.962685
501		0.962685
501.1		0.963957
501.2		0.963957
501.3		0.963957
501.4		0.963957
501.5		0.963957
501.6		0.963957
501.7		0.963957
501.8		0.963957
501.9		0.963957
502		0.963957
502.1		0.965755
502.2		0.965755
502.3		0.965755
502.4		0.965755
502.5		0.965755
502.6		0.965755
502.7		0.965755
502.8		0.965755
502.9		0.965755
503		0.965755
503.1		0.967114
503.2		0.967114
503.3		0.967114
503.4		0.967114
503.5		0.967114
503.6		0.967114
503.7		0.967114
503.8		0.967114
503.9		0.967114
504		0.967114
504.1		0.967245
504.2		0.967245
504.3		0.967245
504.4		0.967245
504.5		0.967245
504.6		0.967245
504.7		0.967245
504.8		0.967245
504.9		0.967245
505		0.967245
505.1		0.96821
505.2		0.96821
505.3		0.96821
505.4		0.96821
505.5		0.96821
505.6		0.96821
505.7		0.96821
505.8		0.96821
505.9		0.96821
506		0.96821
506.1		0.972332
506.2		0.972332
506.3		0.972332
506.4		0.972332
506.5		0.972332
506.6		0.972332
506.7		0.972332
506.8		0.972332
506.9		0.972332
507		0.972332
507.1		0.972595
507.2		0.972595
507.3		0.972595
507.4		0.972595
507.5		0.972595
507.6		0.972595
507.7		0.972595
507.8		0.972595
507.9		0.972595
508		0.972595
508.1		0.976147
508.2		0.976147
508.3		0.976147
508.4		0.976147
508.5		0.976147
508.6		0.976147
508.7		0.976147
508.8		0.976147
508.9		0.976147
509		0.976147
509.1		0.979348
509.2		0.979348
509.3		0.979348
509.4		0.979348
509.5		0.979348
509.6		0.979348
509.7		0.979348
509.8		0.979348
509.9		0.979348
510		0.979348
510.1		0.980137
510.2		0.980137
510.3		0.980137
510.4		0.980137
510.5		0.980137
510.6		0.980137
510.7		0.980137
510.8		0.980137
510.9		0.980137
511		0.980137
511.1		0.981496
511.2		0.981496
511.3		0.981496
511.4		0.981496
511.5		0.981496
511.6		0.981496
511.7		0.981496
511.8		0.981496
511.9		0.981496
512		0.981496
512.1		0.982899
512.2		0.982899
512.3		0.982899
512.4		0.982899
512.5		0.982899
512.6		0.982899
512.7		0.982899
512.8		0.982899
512.9		0.982899
513		0.982899
513.1		0.98781
513.2		0.98781
513.3		0.98781
513.4		0.98781
513.5		0.98781
513.6		0.98781
513.7		0.98781
513.8		0.98781
513.9		0.98781
514		0.98781
514.1		0.989827
514.2		0.989827
514.3		0.989827
514.4		0.989827
514.5		0.989827
514.6		0.989827
514.7		0.989827
514.8		0.989827
514.9		0.989827
515		0.989827
515.1		0.99066
515.2		0.99066
515.3		0.99066
515.4		0.99066
515.5		0.99066
515.6		0.99066
515.7		0.99066
515.8		0.99066
515.9		0.99066
516		0.99066
516.1		0.992765
516.2		0.992765
516.3		0.992765
516.4		0.992765
516.5		0.992765
516.6		0.992765
516.7		0.992765
516.8		0.992765
516.9		0.992765
517		0.992765
517.1		0.993817
517.2		0.993817
517.3		0.993817
517.4		0.993817
517.5		0.993817
517.6		0.993817
517.7		0.993817
517.8		0.993817
517.9		0.993817
518		0.993817
518.1		0.99829
518.2		0.99829
518.3		0.99829
518.4		0.99829
518.5		0.99829
518.6		0.99829
518.7		0.99829
518.8		0.99829
518.9		0.99829
519		0.99829
519.1		0.998334
519.2		0.998334
519.3		0.998334
519.4		0.998334
519.5		0.998334
519.6		0.998334
519.7		0.998334
519.8		0.998334
519.9		0.998334
520		0.998334
520.1		0.99943
520.2		0.99943
520.3		0.99943
520.4		0.99943
520.5		0.99943
520.6		0.99943
520.7		0.99943
520.8		0.99943
520.9		0.99943
521		0.99943
521.1		1
521.2		1
521.3		1
521.4		1
521.5		1
521.6		1
521.7		1
521.8		1
521.9		1
522		1
522.1		1
522.2		1
522.3		1
522.4		1
522.5		1
522.6		1
522.7		1
522.8		1
522.9		1
523		1
523.1		1
523.2		1
523.3		1
523.4		1
523.5		1
523.6		1
523.7		1
523.8		1
523.9		1
524		1
524.1		1
524.2		1
524.3		1
524.4		1
524.5		1
524.6		1
524.7		1
524.8		1
524.9		1
525		1
525.1		1
525.2		1
525.3		1
525.4		1
525.5		1
525.6		1
525.7		1
525.8		1
525.9		1
526		1
526.1		1
526.2		1
526.3		1
526.4		1
526.5		1
526.6		1
526.7		1
526.8		1
526.9		1
527		1
527.1		1
527.2		1
527.3		1
527.4		1
527.5		1
527.6		1
527.7		1
527.8		1
527.9		1
528		1
528.1		1
528.2		1
528.3		1
528.4		1
528.5		1
528.6		1
528.7		1
528.8		1
528.9		1
529		1
529.1		1
529.2		1
529.3		1
529.4		1
529.5		1
529.6		1
529.7		1
529.8		1
529.9		1
530		1
530.1		1
530.2		1
530.3		1
530.4		1
530.5		1
530.6		1
530.7		1
530.8		1
530.9		1
531		1
531.1		1
531.2		1
531.3		1
531.4		1
531.5		1
531.6		1
531.7		1
531.8		1
531.9		1
532		1
532.1		1
532.2		1
532.3		1
532.4		1
532.5		1
532.6		1
532.7		1
532.8		1
532.9		1
533		1
533.1		1
533.2		1
533.3		1
533.4		1
533.5		1
533.6		1
533.7		1
533.8		1
533.9		1
534		1
534.1		1
534.2		1
534.3		1
534.4		1
534.5		1
534.6		1
534.7		1
534.8		1
534.9		1
535		1
535.1		1
535.2		1
535.3		1
535.4		1
535.5		1
535.6		1
535.7		1
535.8		1
535.9		1
536		1
536.1		1
536.2		1
536.3		1
536.4		1
536.5		1
536.6		1
536.7		1
536.8		1
536.9		1
537		1
537.1		1
537.2		1
537.3		1
537.4		1
537.5		1
537.6		1
537.7		1
537.8		1
537.9		1
538		1
538.1		1
538.2		1
538.3		1
538.4		1
538.5		1
538.6		1
538.7		1
538.8		1
538.9		1
539		1
539.1		1
539.2		1
539.3		1
539.4		1
539.5		1
539.6		1
539.7		1
539.8		1
539.9		1
540		1
540.1		1
540.2		1
540.3		1
540.4		1
540.5		1
540.6		1
540.7		1
540.8		1
540.9		1
541		1
541.1		1
541.2		1
541.3		1
541.4		1
541.5		1
541.6		1
541.7		1
541.8		1
541.9		1
542		1
542.1		1
542.2		1
542.3		1
542.4		1
542.5		1
542.6		1
542.7		1
542.8		1
542.9		1
543		1
543.1		1
543.2		1
543.3		1
543.4		1
543.5		1
543.6		1
543.7		1
543.8		1
543.9		1
544		1
544.1		1
544.2		1
544.3		1
544.4		1
544.5		1
544.6		1
544.7		1
544.8		1
544.9		1
545		1
545.1		1
545.2		1
545.3		1
545.4		1
545.5		1
545.6		1
545.7		1
545.8		1
545.9		1
546		1
546.1		1
546.2		1
546.3		1
546.4		1
546.5		1
546.6		1
546.7		1
546.8		1
546.9		1
547		1
547.1		1
547.2		1
547.3		1
547.4		1
547.5		1
547.6		1
547.7		1
547.8		1
547.9		1
548		1
548.1		1
548.2		1
548.3		1
548.4		1
548.5		1
548.6		1
548.7		1
548.8		1
548.9		1
549		1
549.1		1
549.2		1
549.3		1
549.4		1
549.5		1
549.6		1
549.7		1
549.8		1
549.9		1
550		1
550.1		1
550.2		1
550.3		1
550.4		1
550.5		1
550.6		1
550.7		1
550.8		1
550.9		1
551		1
551.1		1
551.2		1
551.3		1
551.4		1
551.5		1
551.6		1
551.7		1
551.8		1
551.9		1
552		1
552.1		1
552.2		1
552.3		1
552.4		1
552.5		1
552.6		1
552.7		1
552.8		1
552.9		1
553		1
553.1		1
553.2		1
553.3		1
553.4		1
553.5		1
553.6		1
553.7		1
553.8		1
553.9		1
554		1
554.1		1
554.2		1
554.3		1
554.4		1
554.5		1
554.6		1
554.7		1
554.8		1
554.9		1
555		1
555.1		1
555.2		1
555.3		1
555.4		1
555.5		1
555.6		1
555.7		1
555.8		1
555.9		1
556		1
556.1		1
556.2		1
556.3		1
556.4		1
556.5		1
556.6		1
556.7		1
556.8		1
556.9		1
557		1
557.1		1
557.2		1
557.3		1
557.4		1
557.5		1
557.6		1
557.7		1
557.8		1
557.9		1
558		1
558.1		1
558.2		1
558.3		1
558.4		1
558.5		1
558.6		1
558.7		1
558.8		1
558.9		1
559		1
559.1		1
559.2		1
559.3		1
559.4		1
559.5		1
559.6		1
559.7		1
559.8		1
559.9		1
560		1
560.1		1
560.2		1
560.3		1
560.4		1
560.5		1
560.6		1
560.7		1
560.8		1
560.9		1
561		1
561.1		1
561.2		1
561.3		1
561.4		1
561.5		1
561.6		1
561.7		1
561.8		1
561.9		1
562		1
562.1		1
562.2		1
562.3		1
562.4		1
562.5		1
562.6		1
562.7		1
562.8		1
562.9		1
563		1
563.1		1
563.2		1
563.3		1
563.4		1
563.5		1
563.6		1
563.7		1
563.8		1
563.9		1
564		1
564.1		1
564.2		1
564.3		1
564.4		1
564.5		1
564.6		1
564.7		1
564.8		1
564.9		1
565		1
565.1		1
565.2		1
565.3		1
565.4		1
565.5		1
565.6		1
565.7		1
565.8		1
565.9		1
566		1
566.1		1
566.2		1
566.3		1
566.4		1
566.5		1
566.6		1
566.7		1
566.8		1
566.9		1
567		1
567.1		1
567.2		1
567.3		1
567.4		1
567.5		1
567.6		1
567.7		1
567.8		1
567.9		1
568		1
568.1		1
568.2		1
568.3		1
568.4		1
568.5		1
568.6		1
568.7		1
568.8		1
568.9		1
569		1
569.1		1
569.2		1
569.3		1
569.4		1
569.5		1
569.6		1
569.7		1
569.8		1
569.9		1
570		1
570.1		1
570.2		1
570.3		1
570.4		1
570.5		1
570.6		1
570.7		1
570.8		1
570.9		1
571		1
571.1		1
571.2		1
571.3		1
571.4		1
571.5		1
571.6		1
571.7		1
571.8		1
571.9		1
572		1
572.1		1
572.2		1
572.3		1
572.4		1
572.5		1
572.6		1
572.7		1
572.8		1
572.9		1
573		1
573.1		1
573.2		1
573.3		1
573.4		1
573.5		1
573.6		1
573.7		1
573.8		1
573.9		1
574		1
574.1		1
574.2		1
574.3		1
574.4		1
574.5		1
574.6		1
574.7		1
574.8		1
574.9		1
575		1
575.1		1
575.2		1
575.3		1
575.4		1
575.5		1
575.6		1
575.7		1
575.8		1
575.9		1
576		1
576.1		1
576.2		1
576.3		1
576.4		1
576.5		1
576.6		1
576.7		1
576.8		1
576.9		1
577		1
577.1		1
577.2		1
577.3		1
577.4		1
577.5		1
577.6		1
577.7		1
577.8		1
577.9		1
578		1
578.1		1
578.2		1
578.3		1
578.4		1
578.5		1
578.6		1
578.7		1
578.8		1
578.9		1
579		1
579.1		1
579.2		1
579.3		1
579.4		1
579.5		1
579.6		1
579.7		1
579.8		1
579.9		1
580		1
580.1		1
580.2		1
580.3		1
580.4		1
580.5		1
580.6		1
580.7		1
580.8		1
580.9		1
581		1
581.1		1
581.2		1
581.3		1
581.4		1
581.5		1
581.6		1
581.7		1
581.8		1
581.9		1
582		1
582.1		1
582.2		1
582.3		1
582.4		1
582.5		1
582.6		1
582.7		1
582.8		1
582.9		1
583		1
583.1		1
583.2		1
583.3		1
583.4		1
583.5		1
583.6		1
583.7		1
583.8		1
583.9		1
584		1
584.1		1
584.2		1
584.3		1
584.4		1
584.5		1
584.6		1
584.7		1
584.8		1
584.9		1
585		1
585.1		1
585.2		1
585.3		1
585.4		1
585.5		1
585.6		1
585.7		1
585.8		1
585.9		1
586		1
586.1		1
586.2		1
586.3		1
586.4		1
586.5		1
586.6		1
586.7		1
586.8		1
586.9		1
587		1
587.1		1
587.2		1
587.3		1
587.4		1
587.5		1
587.6		1
587.7		1
587.8		1
587.9		1
588		1
588.1		1
588.2		1
588.3		1
588.4		1
588.5		1
588.6		1
588.7		1
588.8		1
588.9		1
589		1
589.1		1
589.2		1
589.3		1
589.4		1
589.5		1
589.6		1
589.7		1
589.8		1
589.9		1
590		1
590.1		1
590.2		1
590.3		1
590.4		1
590.5		1
590.6		1
590.7		1
590.8		1
590.9		1
591		1
591.1		1
591.2		1
591.3		1
591.4		1
591.5		1
591.6		1
591.7		1
591.8		1
591.9		1
592		1
592.1		1
592.2		1
592.3		1
592.4		1
592.5		1
592.6		1
592.7		1
592.8		1
592.9		1
593		1
593.1		1
593.2		1
593.3		1
593.4		1
593.5		1
593.6		1
593.7		1
593.8		1
593.9		1
594		1
594.1		1
594.2		1
594.3		1
594.4		1
594.5		1
594.6		1
594.7		1
594.8		1
594.9		1
595		1
595.1		1
595.2		1
595.3		1
595.4		1
595.5		1
595.6		1
595.7		1
595.8		1
595.9		1
596		1
596.1		1
596.2		1
596.3		1
596.4		1
596.5		1
596.6		1
596.7		1
596.8		1
596.9		1
597		1
597.1		1
597.2		1
597.3		1
597.4		1
597.5		1
597.6		1
597.7		1
597.8		1
597.9		1
598		1
598.1		1
598.2		1
598.3		1
598.4		1
598.5		1
598.6		1
598.7		1
598.8		1
598.9		1
599		1
599.1		1
599.2		1
599.3		1
599.4		1
599.5		1
599.6		1
599.7		1
599.8		1
599.9		1
600		1
