# Calibration file of tamex_id 2 @ channel 8
# fine_T bin		 Calibration value
0.1		0
0.2		0
0.3		0
0.4		0
0.5		0
0.6		0
0.7		0
0.8		0
0.9		0
1		0
1.1		0
1.2		0
1.3		0
1.4		0
1.5		0
1.6		0
1.7		0
1.8		0
1.9		0
2		0
2.1		0
2.2		0
2.3		0
2.4		0
2.5		0
2.6		0
2.7		0
2.8		0
2.9		0
3		0
3.1		0
3.2		0
3.3		0
3.4		0
3.5		0
3.6		0
3.7		0
3.8		0
3.9		0
4		0
4.1		0
4.2		0
4.3		0
4.4		0
4.5		0
4.6		0
4.7		0
4.8		0
4.9		0
5		0
5.1		0
5.2		0
5.3		0
5.4		0
5.5		0
5.6		0
5.7		0
5.8		0
5.9		0
6		0
6.1		0
6.2		0
6.3		0
6.4		0
6.5		0
6.6		0
6.7		0
6.8		0
6.9		0
7		0
7.1		0
7.2		0
7.3		0
7.4		0
7.5		0
7.6		0
7.7		0
7.8		0
7.9		0
8		0
8.1		0
8.2		0
8.3		0
8.4		0
8.5		0
8.6		0
8.7		0
8.8		0
8.9		0
9		0
9.1		0
9.2		0
9.3		0
9.4		0
9.5		0
9.6		0
9.7		0
9.8		0
9.9		0
10		0
10.1		0
10.2		0
10.3		0
10.4		0
10.5		0
10.6		0
10.7		0
10.8		0
10.9		0
11		0
11.1		0
11.2		0
11.3		0
11.4		0
11.5		0
11.6		0
11.7		0
11.8		0
11.9		0
12		0
12.1		0
12.2		0
12.3		0
12.4		0
12.5		0
12.6		0
12.7		0
12.8		0
12.9		0
13		0
13.1		0
13.2		0
13.3		0
13.4		0
13.5		0
13.6		0
13.7		0
13.8		0
13.9		0
14		0
14.1		0
14.2		0
14.3		0
14.4		0
14.5		0
14.6		0
14.7		0
14.8		0
14.9		0
15		0
15.1		0
15.2		0
15.3		0
15.4		0
15.5		0
15.6		0
15.7		0
15.8		0
15.9		0
16		0
16.1		0.00302711
16.2		0.00302711
16.3		0.00302711
16.4		0.00302711
16.5		0.00302711
16.6		0.00302711
16.7		0.00302711
16.8		0.00302711
16.9		0.00302711
17		0.00302711
17.1		0.00842327
17.2		0.00842327
17.3		0.00842327
17.4		0.00842327
17.5		0.00842327
17.6		0.00842327
17.7		0.00842327
17.8		0.00842327
17.9		0.00842327
18		0.00842327
18.1		0.00894972
18.2		0.00894972
18.3		0.00894972
18.4		0.00894972
18.5		0.00894972
18.6		0.00894972
18.7		0.00894972
18.8		0.00894972
18.9		0.00894972
19		0.00894972
19.1		0.00973941
19.2		0.00973941
19.3		0.00973941
19.4		0.00973941
19.5		0.00973941
19.6		0.00973941
19.7		0.00973941
19.8		0.00973941
19.9		0.00973941
20		0.00973941
20.1		0.0164517
20.2		0.0164517
20.3		0.0164517
20.4		0.0164517
20.5		0.0164517
20.6		0.0164517
20.7		0.0164517
20.8		0.0164517
20.9		0.0164517
21		0.0164517
21.1		0.0177678
21.2		0.0177678
21.3		0.0177678
21.4		0.0177678
21.5		0.0177678
21.6		0.0177678
21.7		0.0177678
21.8		0.0177678
21.9		0.0177678
22		0.0177678
22.1		0.0184259
22.2		0.0184259
22.3		0.0184259
22.4		0.0184259
22.5		0.0184259
22.6		0.0184259
22.7		0.0184259
22.8		0.0184259
22.9		0.0184259
23		0.0184259
23.1		0.0204001
23.2		0.0204001
23.3		0.0204001
23.4		0.0204001
23.5		0.0204001
23.6		0.0204001
23.7		0.0204001
23.8		0.0204001
23.9		0.0204001
24		0.0204001
24.1		0.0219795
24.2		0.0219795
24.3		0.0219795
24.4		0.0219795
24.5		0.0219795
24.6		0.0219795
24.7		0.0219795
24.8		0.0219795
24.9		0.0219795
25		0.0219795
25.1		0.0251382
25.2		0.0251382
25.3		0.0251382
25.4		0.0251382
25.5		0.0251382
25.6		0.0251382
25.7		0.0251382
25.8		0.0251382
25.9		0.0251382
26		0.0251382
26.1		0.0257963
26.2		0.0257963
26.3		0.0257963
26.4		0.0257963
26.5		0.0257963
26.6		0.0257963
26.7		0.0257963
26.8		0.0257963
26.9		0.0257963
27		0.0257963
27.1		0.0290866
27.2		0.0290866
27.3		0.0290866
27.4		0.0290866
27.5		0.0290866
27.6		0.0290866
27.7		0.0290866
27.8		0.0290866
27.9		0.0290866
28		0.0290866
28.1		0.0294814
28.2		0.0294814
28.3		0.0294814
28.4		0.0294814
28.5		0.0294814
28.6		0.0294814
28.7		0.0294814
28.8		0.0294814
28.9		0.0294814
29		0.0294814
29.1		0.0326402
29.2		0.0326402
29.3		0.0326402
29.4		0.0326402
29.5		0.0326402
29.6		0.0326402
29.7		0.0326402
29.8		0.0326402
29.9		0.0326402
30		0.0326402
30.1		0.0355357
30.2		0.0355357
30.3		0.0355357
30.4		0.0355357
30.5		0.0355357
30.6		0.0355357
30.7		0.0355357
30.8		0.0355357
30.9		0.0355357
31		0.0355357
31.1		0.0368518
31.2		0.0368518
31.3		0.0368518
31.4		0.0368518
31.5		0.0368518
31.6		0.0368518
31.7		0.0368518
31.8		0.0368518
31.9		0.0368518
32		0.0368518
32.1		0.0382996
32.2		0.0382996
32.3		0.0382996
32.4		0.0382996
32.5		0.0382996
32.6		0.0382996
32.7		0.0382996
32.8		0.0382996
32.9		0.0382996
33		0.0382996
33.1		0.0404054
33.2		0.0404054
33.3		0.0404054
33.4		0.0404054
33.5		0.0404054
33.6		0.0404054
33.7		0.0404054
33.8		0.0404054
33.9		0.0404054
34		0.0404054
34.1		0.0443538
34.2		0.0443538
34.3		0.0443538
34.4		0.0443538
34.5		0.0443538
34.6		0.0443538
34.7		0.0443538
34.8		0.0443538
34.9		0.0443538
35		0.0443538
35.1		0.0481706
35.2		0.0481706
35.3		0.0481706
35.4		0.0481706
35.5		0.0481706
35.6		0.0481706
35.7		0.0481706
35.8		0.0481706
35.9		0.0481706
36		0.0481706
36.1		0.0485654
36.2		0.0485654
36.3		0.0485654
36.4		0.0485654
36.5		0.0485654
36.6		0.0485654
36.7		0.0485654
36.8		0.0485654
36.9		0.0485654
37		0.0485654
37.1		0.0509345
37.2		0.0509345
37.3		0.0509345
37.4		0.0509345
37.5		0.0509345
37.6		0.0509345
37.7		0.0509345
37.8		0.0509345
37.9		0.0509345
38		0.0509345
38.1		0.0550145
38.2		0.0550145
38.3		0.0550145
38.4		0.0550145
38.5		0.0550145
38.6		0.0550145
38.7		0.0550145
38.8		0.0550145
38.9		0.0550145
39		0.0550145
39.1		0.0552777
39.2		0.0552777
39.3		0.0552777
39.4		0.0552777
39.5		0.0552777
39.6		0.0552777
39.7		0.0552777
39.8		0.0552777
39.9		0.0552777
40		0.0552777
40.1		0.0560674
40.2		0.0560674
40.3		0.0560674
40.4		0.0560674
40.5		0.0560674
40.6		0.0560674
40.7		0.0560674
40.8		0.0560674
40.9		0.0560674
41		0.0560674
41.1		0.0606739
41.2		0.0606739
41.3		0.0606739
41.4		0.0606739
41.5		0.0606739
41.6		0.0606739
41.7		0.0606739
41.8		0.0606739
41.9		0.0606739
42		0.0606739
42.1		0.0622532
42.2		0.0622532
42.3		0.0622532
42.4		0.0622532
42.5		0.0622532
42.6		0.0622532
42.7		0.0622532
42.8		0.0622532
42.9		0.0622532
43		0.0622532
43.1		0.0644907
43.2		0.0644907
43.3		0.0644907
43.4		0.0644907
43.5		0.0644907
43.6		0.0644907
43.7		0.0644907
43.8		0.0644907
43.9		0.0644907
44		0.0644907
44.1		0.065412
44.2		0.065412
44.3		0.065412
44.4		0.065412
44.5		0.065412
44.6		0.065412
44.7		0.065412
44.8		0.065412
44.9		0.065412
45		0.065412
45.1		0.0667281
45.2		0.0667281
45.3		0.0667281
45.4		0.0667281
45.5		0.0667281
45.6		0.0667281
45.7		0.0667281
45.8		0.0667281
45.9		0.0667281
46		0.0667281
46.1		0.0704133
46.2		0.0704133
46.3		0.0704133
46.4		0.0704133
46.5		0.0704133
46.6		0.0704133
46.7		0.0704133
46.8		0.0704133
46.9		0.0704133
47		0.0704133
47.1		0.0730455
47.2		0.0730455
47.3		0.0730455
47.4		0.0730455
47.5		0.0730455
47.6		0.0730455
47.7		0.0730455
47.8		0.0730455
47.9		0.0730455
48		0.0730455
48.1		0.0738352
48.2		0.0738352
48.3		0.0738352
48.4		0.0738352
48.5		0.0738352
48.6		0.0738352
48.7		0.0738352
48.8		0.0738352
48.9		0.0738352
49		0.0738352
49.1		0.0764675
49.2		0.0764675
49.3		0.0764675
49.4		0.0764675
49.5		0.0764675
49.6		0.0764675
49.7		0.0764675
49.8		0.0764675
49.9		0.0764675
50		0.0764675
50.1		0.0805475
50.2		0.0805475
50.3		0.0805475
50.4		0.0805475
50.5		0.0805475
50.6		0.0805475
50.7		0.0805475
50.8		0.0805475
50.9		0.0805475
51		0.0805475
51.1		0.0816004
51.2		0.0816004
51.3		0.0816004
51.4		0.0816004
51.5		0.0816004
51.6		0.0816004
51.7		0.0816004
51.8		0.0816004
51.9		0.0816004
52		0.0816004
52.1		0.0844959
52.2		0.0844959
52.3		0.0844959
52.4		0.0844959
52.5		0.0844959
52.6		0.0844959
52.7		0.0844959
52.8		0.0844959
52.9		0.0844959
53		0.0844959
53.1		0.0847591
53.2		0.0847591
53.3		0.0847591
53.4		0.0847591
53.5		0.0847591
53.6		0.0847591
53.7		0.0847591
53.8		0.0847591
53.9		0.0847591
54		0.0847591
54.1		0.0888392
54.2		0.0888392
54.3		0.0888392
54.4		0.0888392
54.5		0.0888392
54.6		0.0888392
54.7		0.0888392
54.8		0.0888392
54.9		0.0888392
55		0.0888392
55.1		0.0894972
55.2		0.0894972
55.3		0.0894972
55.4		0.0894972
55.5		0.0894972
55.6		0.0894972
55.7		0.0894972
55.8		0.0894972
55.9		0.0894972
56		0.0894972
56.1		0.0919979
56.2		0.0919979
56.3		0.0919979
56.4		0.0919979
56.5		0.0919979
56.6		0.0919979
56.7		0.0919979
56.8		0.0919979
56.9		0.0919979
57		0.0919979
57.1		0.0925243
57.2		0.0925243
57.3		0.0925243
57.4		0.0925243
57.5		0.0925243
57.6		0.0925243
57.7		0.0925243
57.8		0.0925243
57.9		0.0925243
58		0.0925243
58.1		0.0988418
58.2		0.0988418
58.3		0.0988418
58.4		0.0988418
58.5		0.0988418
58.6		0.0988418
58.7		0.0988418
58.8		0.0988418
58.9		0.0988418
59		0.0988418
59.1		0.0996315
59.2		0.0996315
59.3		0.0996315
59.4		0.0996315
59.5		0.0996315
59.6		0.0996315
59.7		0.0996315
59.8		0.0996315
59.9		0.0996315
60		0.0996315
60.1		0.100553
60.2		0.100553
60.3		0.100553
60.4		0.100553
60.5		0.100553
60.6		0.100553
60.7		0.100553
60.8		0.100553
60.9		0.100553
61		0.100553
61.1		0.100948
61.2		0.100948
61.3		0.100948
61.4		0.100948
61.5		0.100948
61.6		0.100948
61.7		0.100948
61.8		0.100948
61.9		0.100948
62		0.100948
62.1		0.105291
62.2		0.105291
62.3		0.105291
62.4		0.105291
62.5		0.105291
62.6		0.105291
62.7		0.105291
62.8		0.105291
62.9		0.105291
63		0.105291
63.1		0.105686
63.2		0.105686
63.3		0.105686
63.4		0.105686
63.5		0.105686
63.6		0.105686
63.7		0.105686
63.8		0.105686
63.9		0.105686
64		0.105686
64.1		0.106081
64.2		0.106081
64.3		0.106081
64.4		0.106081
64.5		0.106081
64.6		0.106081
64.7		0.106081
64.8		0.106081
64.9		0.106081
65		0.106081
65.1		0.108055
65.2		0.108055
65.3		0.108055
65.4		0.108055
65.5		0.108055
65.6		0.108055
65.7		0.108055
65.8		0.108055
65.9		0.108055
66		0.108055
66.1		0.110161
66.2		0.110161
66.3		0.110161
66.4		0.110161
66.5		0.110161
66.6		0.110161
66.7		0.110161
66.8		0.110161
66.9		0.110161
67		0.110161
67.1		0.113188
67.2		0.113188
67.3		0.113188
67.4		0.113188
67.5		0.113188
67.6		0.113188
67.7		0.113188
67.8		0.113188
67.9		0.113188
68		0.113188
68.1		0.114899
68.2		0.114899
68.3		0.114899
68.4		0.114899
68.5		0.114899
68.6		0.114899
68.7		0.114899
68.8		0.114899
68.9		0.114899
69		0.114899
69.1		0.115425
69.2		0.115425
69.3		0.115425
69.4		0.115425
69.5		0.115425
69.6		0.115425
69.7		0.115425
69.8		0.115425
69.9		0.115425
70		0.115425
70.1		0.117663
70.2		0.117663
70.3		0.117663
70.4		0.117663
70.5		0.117663
70.6		0.117663
70.7		0.117663
70.8		0.117663
70.9		0.117663
71		0.117663
71.1		0.121611
71.2		0.121611
71.3		0.121611
71.4		0.121611
71.5		0.121611
71.6		0.121611
71.7		0.121611
71.8		0.121611
71.9		0.121611
72		0.121611
72.1		0.122795
72.2		0.122795
72.3		0.122795
72.4		0.122795
72.5		0.122795
72.6		0.122795
72.7		0.122795
72.8		0.122795
72.9		0.122795
73		0.122795
73.1		0.12398
73.2		0.12398
73.3		0.12398
73.4		0.12398
73.5		0.12398
73.6		0.12398
73.7		0.12398
73.8		0.12398
73.9		0.12398
74		0.12398
74.1		0.12806
74.2		0.12806
74.3		0.12806
74.4		0.12806
74.5		0.12806
74.6		0.12806
74.7		0.12806
74.8		0.12806
74.9		0.12806
75		0.12806
75.1		0.128455
75.2		0.128455
75.3		0.128455
75.4		0.128455
75.5		0.128455
75.6		0.128455
75.7		0.128455
75.8		0.128455
75.9		0.128455
76		0.128455
76.1		0.132008
76.2		0.132008
76.3		0.132008
76.4		0.132008
76.5		0.132008
76.6		0.132008
76.7		0.132008
76.8		0.132008
76.9		0.132008
77		0.132008
77.1		0.13293
77.2		0.13293
77.3		0.13293
77.4		0.13293
77.5		0.13293
77.6		0.13293
77.7		0.13293
77.8		0.13293
77.9		0.13293
78		0.13293
78.1		0.135036
78.2		0.135036
78.3		0.135036
78.4		0.135036
78.5		0.135036
78.6		0.135036
78.7		0.135036
78.8		0.135036
78.9		0.135036
79		0.135036
79.1		0.135825
79.2		0.135825
79.3		0.135825
79.4		0.135825
79.5		0.135825
79.6		0.135825
79.7		0.135825
79.8		0.135825
79.9		0.135825
80		0.135825
80.1		0.1403
80.2		0.1403
80.3		0.1403
80.4		0.1403
80.5		0.1403
80.6		0.1403
80.7		0.1403
80.8		0.1403
80.9		0.1403
81		0.1403
81.1		0.140432
81.2		0.140432
81.3		0.140432
81.4		0.140432
81.5		0.140432
81.6		0.140432
81.7		0.140432
81.8		0.140432
81.9		0.140432
82		0.140432
82.1		0.14359
82.2		0.14359
82.3		0.14359
82.4		0.14359
82.5		0.14359
82.6		0.14359
82.7		0.14359
82.8		0.14359
82.9		0.14359
83		0.14359
83.1		0.143854
83.2		0.143854
83.3		0.143854
83.4		0.143854
83.5		0.143854
83.6		0.143854
83.7		0.143854
83.8		0.143854
83.9		0.143854
84		0.143854
84.1		0.149908
84.2		0.149908
84.3		0.149908
84.4		0.149908
84.5		0.149908
84.6		0.149908
84.7		0.149908
84.8		0.149908
84.9		0.149908
85		0.149908
85.1		0.150566
85.2		0.150566
85.3		0.150566
85.4		0.150566
85.5		0.150566
85.6		0.150566
85.7		0.150566
85.8		0.150566
85.9		0.150566
86		0.150566
86.1		0.151092
86.2		0.151092
86.3		0.151092
86.4		0.151092
86.5		0.151092
86.6		0.151092
86.7		0.151092
86.8		0.151092
86.9		0.151092
87		0.151092
87.1		0.151619
87.2		0.151619
87.3		0.151619
87.4		0.151619
87.5		0.151619
87.6		0.151619
87.7		0.151619
87.8		0.151619
87.9		0.151619
88		0.151619
88.1		0.155699
88.2		0.155699
88.3		0.155699
88.4		0.155699
88.5		0.155699
88.6		0.155699
88.7		0.155699
88.8		0.155699
88.9		0.155699
89		0.155699
89.1		0.158726
89.2		0.158726
89.3		0.158726
89.4		0.158726
89.5		0.158726
89.6		0.158726
89.7		0.158726
89.8		0.158726
89.9		0.158726
90		0.158726
90.1		0.158858
90.2		0.158858
90.3		0.158858
90.4		0.158858
90.5		0.158858
90.6		0.158858
90.7		0.158858
90.8		0.158858
90.9		0.158858
91		0.158858
91.1		0.160437
91.2		0.160437
91.3		0.160437
91.4		0.160437
91.5		0.160437
91.6		0.160437
91.7		0.160437
91.8		0.160437
91.9		0.160437
92		0.160437
92.1		0.16557
92.2		0.16557
92.3		0.16557
92.4		0.16557
92.5		0.16557
92.6		0.16557
92.7		0.16557
92.8		0.16557
92.9		0.16557
93		0.16557
93.1		0.167149
93.2		0.167149
93.3		0.167149
93.4		0.167149
93.5		0.167149
93.6		0.167149
93.7		0.167149
93.8		0.167149
93.9		0.167149
94		0.167149
94.1		0.167939
94.2		0.167939
94.3		0.167939
94.4		0.167939
94.5		0.167939
94.6		0.167939
94.7		0.167939
94.8		0.167939
94.9		0.167939
95		0.167939
95.1		0.168071
95.2		0.168071
95.3		0.168071
95.4		0.168071
95.5		0.168071
95.6		0.168071
95.7		0.168071
95.8		0.168071
95.9		0.168071
96		0.168071
96.1		0.170308
96.2		0.170308
96.3		0.170308
96.4		0.170308
96.5		0.170308
96.6		0.170308
96.7		0.170308
96.8		0.170308
96.9		0.170308
97		0.170308
97.1		0.174651
97.2		0.174651
97.3		0.174651
97.4		0.174651
97.5		0.174651
97.6		0.174651
97.7		0.174651
97.8		0.174651
97.9		0.174651
98		0.174651
98.1		0.176494
98.2		0.176494
98.3		0.176494
98.4		0.176494
98.5		0.176494
98.6		0.176494
98.7		0.176494
98.8		0.176494
98.9		0.176494
99		0.176494
99.1		0.177415
99.2		0.177415
99.3		0.177415
99.4		0.177415
99.5		0.177415
99.6		0.177415
99.7		0.177415
99.8		0.177415
99.9		0.177415
100		0.177415
100.1		0.178336
100.2		0.178336
100.3		0.178336
100.4		0.178336
100.5		0.178336
100.6		0.178336
100.7		0.178336
100.8		0.178336
100.9		0.178336
101		0.178336
101.1		0.180705
101.2		0.180705
101.3		0.180705
101.4		0.180705
101.5		0.180705
101.6		0.180705
101.7		0.180705
101.8		0.180705
101.9		0.180705
102		0.180705
102.1		0.18268
102.2		0.18268
102.3		0.18268
102.4		0.18268
102.5		0.18268
102.6		0.18268
102.7		0.18268
102.8		0.18268
102.9		0.18268
103		0.18268
103.1		0.185312
103.2		0.185312
103.3		0.185312
103.4		0.185312
103.5		0.185312
103.6		0.185312
103.7		0.185312
103.8		0.185312
103.9		0.185312
104		0.185312
104.1		0.185575
104.2		0.185575
104.3		0.185575
104.4		0.185575
104.5		0.185575
104.6		0.185575
104.7		0.185575
104.8		0.185575
104.9		0.185575
105		0.185575
105.1		0.186891
105.2		0.186891
105.3		0.186891
105.4		0.186891
105.5		0.186891
105.6		0.186891
105.7		0.186891
105.8		0.186891
105.9		0.186891
106		0.186891
106.1		0.19005
106.2		0.19005
106.3		0.19005
106.4		0.19005
106.5		0.19005
106.6		0.19005
106.7		0.19005
106.8		0.19005
106.9		0.19005
107		0.19005
107.1		0.19334
107.2		0.19334
107.3		0.19334
107.4		0.19334
107.5		0.19334
107.6		0.19334
107.7		0.19334
107.8		0.19334
107.9		0.19334
108		0.19334
108.1		0.19334
108.2		0.19334
108.3		0.19334
108.4		0.19334
108.5		0.19334
108.6		0.19334
108.7		0.19334
108.8		0.19334
108.9		0.19334
109		0.19334
109.1		0.19413
109.2		0.19413
109.3		0.19413
109.4		0.19413
109.5		0.19413
109.6		0.19413
109.7		0.19413
109.8		0.19413
109.9		0.19413
110		0.19413
110.1		0.199
110.2		0.199
110.3		0.199
110.4		0.199
110.5		0.199
110.6		0.199
110.7		0.199
110.8		0.199
110.9		0.199
111		0.199
111.1		0.200184
111.2		0.200184
111.3		0.200184
111.4		0.200184
111.5		0.200184
111.6		0.200184
111.7		0.200184
111.8		0.200184
111.9		0.200184
112		0.200184
112.1		0.201764
112.2		0.201764
112.3		0.201764
112.4		0.201764
112.5		0.201764
112.6		0.201764
112.7		0.201764
112.8		0.201764
112.9		0.201764
113		0.201764
113.1		0.202553
113.2		0.202553
113.3		0.202553
113.4		0.202553
113.5		0.202553
113.6		0.202553
113.7		0.202553
113.8		0.202553
113.9		0.202553
114		0.202553
114.1		0.206765
114.2		0.206765
114.3		0.206765
114.4		0.206765
114.5		0.206765
114.6		0.206765
114.7		0.206765
114.8		0.206765
114.9		0.206765
115		0.206765
115.1		0.21124
115.2		0.21124
115.3		0.21124
115.4		0.21124
115.5		0.21124
115.6		0.21124
115.7		0.21124
115.8		0.21124
115.9		0.21124
116		0.21124
116.1		0.212161
116.2		0.212161
116.3		0.212161
116.4		0.212161
116.5		0.212161
116.6		0.212161
116.7		0.212161
116.8		0.212161
116.9		0.212161
117		0.212161
117.1		0.213477
117.2		0.213477
117.3		0.213477
117.4		0.213477
117.5		0.213477
117.6		0.213477
117.7		0.213477
117.8		0.213477
117.9		0.213477
118		0.213477
118.1		0.219663
118.2		0.219663
118.3		0.219663
118.4		0.219663
118.5		0.219663
118.6		0.219663
118.7		0.219663
118.8		0.219663
118.9		0.219663
119		0.219663
119.1		0.220321
119.2		0.220321
119.3		0.220321
119.4		0.220321
119.5		0.220321
119.6		0.220321
119.7		0.220321
119.8		0.220321
119.9		0.220321
120		0.220321
120.1		0.220321
120.2		0.220321
120.3		0.220321
120.4		0.220321
120.5		0.220321
120.6		0.220321
120.7		0.220321
120.8		0.220321
120.9		0.220321
121		0.220321
121.1		0.224533
121.2		0.224533
121.3		0.224533
121.4		0.224533
121.5		0.224533
121.6		0.224533
121.7		0.224533
121.8		0.224533
121.9		0.224533
122		0.224533
122.1		0.225322
122.2		0.225322
122.3		0.225322
122.4		0.225322
122.5		0.225322
122.6		0.225322
122.7		0.225322
122.8		0.225322
122.9		0.225322
123		0.225322
123.1		0.228218
123.2		0.228218
123.3		0.228218
123.4		0.228218
123.5		0.228218
123.6		0.228218
123.7		0.228218
123.8		0.228218
123.9		0.228218
124		0.228218
124.1		0.230587
124.2		0.230587
124.3		0.230587
124.4		0.230587
124.5		0.230587
124.6		0.230587
124.7		0.230587
124.8		0.230587
124.9		0.230587
125		0.230587
125.1		0.23243
125.2		0.23243
125.3		0.23243
125.4		0.23243
125.5		0.23243
125.6		0.23243
125.7		0.23243
125.8		0.23243
125.9		0.23243
126		0.23243
126.1		0.233351
126.2		0.233351
126.3		0.233351
126.4		0.233351
126.5		0.233351
126.6		0.233351
126.7		0.233351
126.8		0.233351
126.9		0.233351
127		0.233351
127.1		0.235457
127.2		0.235457
127.3		0.235457
127.4		0.235457
127.5		0.235457
127.6		0.235457
127.7		0.235457
127.8		0.235457
127.9		0.235457
128		0.235457
128.1		0.237431
128.2		0.237431
128.3		0.237431
128.4		0.237431
128.5		0.237431
128.6		0.237431
128.7		0.237431
128.8		0.237431
128.9		0.237431
129		0.237431
129.1		0.240721
129.2		0.240721
129.3		0.240721
129.4		0.240721
129.5		0.240721
129.6		0.240721
129.7		0.240721
129.8		0.240721
129.9		0.240721
130		0.240721
130.1		0.241643
130.2		0.241643
130.3		0.241643
130.4		0.241643
130.5		0.241643
130.6		0.241643
130.7		0.241643
130.8		0.241643
130.9		0.241643
131		0.241643
131.1		0.241774
131.2		0.241774
131.3		0.241774
131.4		0.241774
131.5		0.241774
131.6		0.241774
131.7		0.241774
131.8		0.241774
131.9		0.241774
132		0.241774
132.1		0.245196
132.2		0.245196
132.3		0.245196
132.4		0.245196
132.5		0.245196
132.6		0.245196
132.7		0.245196
132.8		0.245196
132.9		0.245196
133		0.245196
133.1		0.24875
133.2		0.24875
133.3		0.24875
133.4		0.24875
133.5		0.24875
133.6		0.24875
133.7		0.24875
133.8		0.24875
133.9		0.24875
134		0.24875
134.1		0.249803
134.2		0.249803
134.3		0.249803
134.4		0.249803
134.5		0.249803
134.6		0.249803
134.7		0.249803
134.8		0.249803
134.9		0.249803
135		0.249803
135.1		0.250724
135.2		0.250724
135.3		0.250724
135.4		0.250724
135.5		0.250724
135.6		0.250724
135.7		0.250724
135.8		0.250724
135.9		0.250724
136		0.250724
136.1		0.256515
136.2		0.256515
136.3		0.256515
136.4		0.256515
136.5		0.256515
136.6		0.256515
136.7		0.256515
136.8		0.256515
136.9		0.256515
137		0.256515
137.1		0.256515
137.2		0.256515
137.3		0.256515
137.4		0.256515
137.5		0.256515
137.6		0.256515
137.7		0.256515
137.8		0.256515
137.9		0.256515
138		0.256515
138.1		0.256778
138.2		0.256778
138.3		0.256778
138.4		0.256778
138.5		0.256778
138.6		0.256778
138.7		0.256778
138.8		0.256778
138.9		0.256778
139		0.256778
139.1		0.259805
139.2		0.259805
139.3		0.259805
139.4		0.259805
139.5		0.259805
139.6		0.259805
139.7		0.259805
139.8		0.259805
139.9		0.259805
140		0.259805
140.1		0.262964
140.2		0.262964
140.3		0.262964
140.4		0.262964
140.5		0.262964
140.6		0.262964
140.7		0.262964
140.8		0.262964
140.9		0.262964
141		0.262964
141.1		0.26428
141.2		0.26428
141.3		0.26428
141.4		0.26428
141.5		0.26428
141.6		0.26428
141.7		0.26428
141.8		0.26428
141.9		0.26428
142		0.26428
142.1		0.266254
142.2		0.266254
142.3		0.266254
142.4		0.266254
142.5		0.266254
142.6		0.266254
142.7		0.266254
142.8		0.266254
142.9		0.266254
143		0.266254
143.1		0.266254
143.2		0.266254
143.3		0.266254
143.4		0.266254
143.5		0.266254
143.6		0.266254
143.7		0.266254
143.8		0.266254
143.9		0.266254
144		0.266254
144.1		0.271124
144.2		0.271124
144.3		0.271124
144.4		0.271124
144.5		0.271124
144.6		0.271124
144.7		0.271124
144.8		0.271124
144.9		0.271124
145		0.271124
145.1		0.271256
145.2		0.271256
145.3		0.271256
145.4		0.271256
145.5		0.271256
145.6		0.271256
145.7		0.271256
145.8		0.271256
145.9		0.271256
146		0.271256
146.1		0.271387
146.2		0.271387
146.3		0.271387
146.4		0.271387
146.5		0.271387
146.6		0.271387
146.7		0.271387
146.8		0.271387
146.9		0.271387
147		0.271387
147.1		0.273493
147.2		0.273493
147.3		0.273493
147.4		0.273493
147.5		0.273493
147.6		0.273493
147.7		0.273493
147.8		0.273493
147.9		0.273493
148		0.273493
148.1		0.279416
148.2		0.279416
148.3		0.279416
148.4		0.279416
148.5		0.279416
148.6		0.279416
148.7		0.279416
148.8		0.279416
148.9		0.279416
149		0.279416
149.1		0.280205
149.2		0.280205
149.3		0.280205
149.4		0.280205
149.5		0.280205
149.6		0.280205
149.7		0.280205
149.8		0.280205
149.9		0.280205
150		0.280205
150.1		0.280337
150.2		0.280337
150.3		0.280337
150.4		0.280337
150.5		0.280337
150.6		0.280337
150.7		0.280337
150.8		0.280337
150.9		0.280337
151		0.280337
151.1		0.282443
151.2		0.282443
151.3		0.282443
151.4		0.282443
151.5		0.282443
151.6		0.282443
151.7		0.282443
151.8		0.282443
151.9		0.282443
152		0.282443
152.1		0.284812
152.2		0.284812
152.3		0.284812
152.4		0.284812
152.5		0.284812
152.6		0.284812
152.7		0.284812
152.8		0.284812
152.9		0.284812
153		0.284812
153.1		0.288892
153.2		0.288892
153.3		0.288892
153.4		0.288892
153.5		0.288892
153.6		0.288892
153.7		0.288892
153.8		0.288892
153.9		0.288892
154		0.288892
154.1		0.289813
154.2		0.289813
154.3		0.289813
154.4		0.289813
154.5		0.289813
154.6		0.289813
154.7		0.289813
154.8		0.289813
154.9		0.289813
155		0.289813
155.1		0.291129
155.2		0.291129
155.3		0.291129
155.4		0.291129
155.5		0.291129
155.6		0.291129
155.7		0.291129
155.8		0.291129
155.9		0.291129
156		0.291129
156.1		0.292972
156.2		0.292972
156.3		0.292972
156.4		0.292972
156.5		0.292972
156.6		0.292972
156.7		0.292972
156.8		0.292972
156.9		0.292972
157		0.292972
157.1		0.29442
157.2		0.29442
157.3		0.29442
157.4		0.29442
157.5		0.29442
157.6		0.29442
157.7		0.29442
157.8		0.29442
157.9		0.29442
158		0.29442
158.1		0.296131
158.2		0.296131
158.3		0.296131
158.4		0.296131
158.5		0.296131
158.6		0.296131
158.7		0.296131
158.8		0.296131
158.9		0.296131
159		0.296131
159.1		0.2985
159.2		0.2985
159.3		0.2985
159.4		0.2985
159.5		0.2985
159.6		0.2985
159.7		0.2985
159.8		0.2985
159.9		0.2985
160		0.2985
160.1		0.298631
160.2		0.298631
160.3		0.298631
160.4		0.298631
160.5		0.298631
160.6		0.298631
160.7		0.298631
160.8		0.298631
160.9		0.298631
161		0.298631
161.1		0.302448
161.2		0.302448
161.3		0.302448
161.4		0.302448
161.5		0.302448
161.6		0.302448
161.7		0.302448
161.8		0.302448
161.9		0.302448
162		0.302448
162.1		0.306133
162.2		0.306133
162.3		0.306133
162.4		0.306133
162.5		0.306133
162.6		0.306133
162.7		0.306133
162.8		0.306133
162.9		0.306133
163		0.306133
163.1		0.307318
163.2		0.307318
163.3		0.307318
163.4		0.307318
163.5		0.307318
163.6		0.307318
163.7		0.307318
163.8		0.307318
163.9		0.307318
164		0.307318
164.1		0.30916
164.2		0.30916
164.3		0.30916
164.4		0.30916
164.5		0.30916
164.6		0.30916
164.7		0.30916
164.8		0.30916
164.9		0.30916
165		0.30916
165.1		0.312451
165.2		0.312451
165.3		0.312451
165.4		0.312451
165.5		0.312451
165.6		0.312451
165.7		0.312451
165.8		0.312451
165.9		0.312451
166		0.312451
166.1		0.312845
166.2		0.312845
166.3		0.312845
166.4		0.312845
166.5		0.312845
166.6		0.312845
166.7		0.312845
166.8		0.312845
166.9		0.312845
167		0.312845
167.1		0.313372
167.2		0.313372
167.3		0.313372
167.4		0.313372
167.5		0.313372
167.6		0.313372
167.7		0.313372
167.8		0.313372
167.9		0.313372
168		0.313372
168.1		0.317057
168.2		0.317057
168.3		0.317057
168.4		0.317057
168.5		0.317057
168.6		0.317057
168.7		0.317057
168.8		0.317057
168.9		0.317057
169		0.317057
169.1		0.319426
169.2		0.319426
169.3		0.319426
169.4		0.319426
169.5		0.319426
169.6		0.319426
169.7		0.319426
169.8		0.319426
169.9		0.319426
170		0.319426
170.1		0.322585
170.2		0.322585
170.3		0.322585
170.4		0.322585
170.5		0.322585
170.6		0.322585
170.7		0.322585
170.8		0.322585
170.9		0.322585
171		0.322585
171.1		0.322848
171.2		0.322848
171.3		0.322848
171.4		0.322848
171.5		0.322848
171.6		0.322848
171.7		0.322848
171.8		0.322848
171.9		0.322848
172		0.322848
172.1		0.323243
172.2		0.323243
172.3		0.323243
172.4		0.323243
172.5		0.323243
172.6		0.323243
172.7		0.323243
172.8		0.323243
172.9		0.323243
173		0.323243
173.1		0.323901
173.2		0.323901
173.3		0.323901
173.4		0.323901
173.5		0.323901
173.6		0.323901
173.7		0.323901
173.8		0.323901
173.9		0.323901
174		0.323901
174.1		0.328902
174.2		0.328902
174.3		0.328902
174.4		0.328902
174.5		0.328902
174.6		0.328902
174.7		0.328902
174.8		0.328902
174.9		0.328902
175		0.328902
175.1		0.33035
175.2		0.33035
175.3		0.33035
175.4		0.33035
175.5		0.33035
175.6		0.33035
175.7		0.33035
175.8		0.33035
175.9		0.33035
176		0.33035
176.1		0.331403
176.2		0.331403
176.3		0.331403
176.4		0.331403
176.5		0.331403
176.6		0.331403
176.7		0.331403
176.8		0.331403
176.9		0.331403
177		0.331403
177.1		0.331535
177.2		0.331535
177.3		0.331535
177.4		0.331535
177.5		0.331535
177.6		0.331535
177.7		0.331535
177.8		0.331535
177.9		0.331535
178		0.331535
178.1		0.335746
178.2		0.335746
178.3		0.335746
178.4		0.335746
178.5		0.335746
178.6		0.335746
178.7		0.335746
178.8		0.335746
178.9		0.335746
179		0.335746
179.1		0.337062
179.2		0.337062
179.3		0.337062
179.4		0.337062
179.5		0.337062
179.6		0.337062
179.7		0.337062
179.8		0.337062
179.9		0.337062
180		0.337062
180.1		0.337457
180.2		0.337457
180.3		0.337457
180.4		0.337457
180.5		0.337457
180.6		0.337457
180.7		0.337457
180.8		0.337457
180.9		0.337457
181		0.337457
181.1		0.340221
181.2		0.340221
181.3		0.340221
181.4		0.340221
181.5		0.340221
181.6		0.340221
181.7		0.340221
181.8		0.340221
181.9		0.340221
182		0.340221
182.1		0.343775
182.2		0.343775
182.3		0.343775
182.4		0.343775
182.5		0.343775
182.6		0.343775
182.7		0.343775
182.8		0.343775
182.9		0.343775
183		0.343775
183.1		0.344696
183.2		0.344696
183.3		0.344696
183.4		0.344696
183.5		0.344696
183.6		0.344696
183.7		0.344696
183.8		0.344696
183.9		0.344696
184		0.344696
184.1		0.346144
184.2		0.346144
184.3		0.346144
184.4		0.346144
184.5		0.346144
184.6		0.346144
184.7		0.346144
184.8		0.346144
184.9		0.346144
185		0.346144
185.1		0.348644
185.2		0.348644
185.3		0.348644
185.4		0.348644
185.5		0.348644
185.6		0.348644
185.7		0.348644
185.8		0.348644
185.9		0.348644
186		0.348644
186.1		0.349171
186.2		0.349171
186.3		0.349171
186.4		0.349171
186.5		0.349171
186.6		0.349171
186.7		0.349171
186.8		0.349171
186.9		0.349171
187		0.349171
187.1		0.354435
187.2		0.354435
187.3		0.354435
187.4		0.354435
187.5		0.354435
187.6		0.354435
187.7		0.354435
187.8		0.354435
187.9		0.354435
188		0.354435
188.1		0.356936
188.2		0.356936
188.3		0.356936
188.4		0.356936
188.5		0.356936
188.6		0.356936
188.7		0.356936
188.8		0.356936
188.9		0.356936
189		0.356936
189.1		0.358647
189.2		0.358647
189.3		0.358647
189.4		0.358647
189.5		0.358647
189.6		0.358647
189.7		0.358647
189.8		0.358647
189.9		0.358647
190		0.358647
190.1		0.359305
190.2		0.359305
190.3		0.359305
190.4		0.359305
190.5		0.359305
190.6		0.359305
190.7		0.359305
190.8		0.359305
190.9		0.359305
191		0.359305
191.1		0.361148
191.2		0.361148
191.3		0.361148
191.4		0.361148
191.5		0.361148
191.6		0.361148
191.7		0.361148
191.8		0.361148
191.9		0.361148
192		0.361148
192.1		0.365096
192.2		0.365096
192.3		0.365096
192.4		0.365096
192.5		0.365096
192.6		0.365096
192.7		0.365096
192.8		0.365096
192.9		0.365096
193		0.365096
193.1		0.370097
193.2		0.370097
193.3		0.370097
193.4		0.370097
193.5		0.370097
193.6		0.370097
193.7		0.370097
193.8		0.370097
193.9		0.370097
194		0.370097
194.1		0.370361
194.2		0.370361
194.3		0.370361
194.4		0.370361
194.5		0.370361
194.6		0.370361
194.7		0.370361
194.8		0.370361
194.9		0.370361
195		0.370361
195.1		0.371545
195.2		0.371545
195.3		0.371545
195.4		0.371545
195.5		0.371545
195.6		0.371545
195.7		0.371545
195.8		0.371545
195.9		0.371545
196		0.371545
196.1		0.373651
196.2		0.373651
196.3		0.373651
196.4		0.373651
196.5		0.373651
196.6		0.373651
196.7		0.373651
196.8		0.373651
196.9		0.373651
197		0.373651
197.1		0.375625
197.2		0.375625
197.3		0.375625
197.4		0.375625
197.5		0.375625
197.6		0.375625
197.7		0.375625
197.8		0.375625
197.9		0.375625
198		0.375625
198.1		0.376678
198.2		0.376678
198.3		0.376678
198.4		0.376678
198.5		0.376678
198.6		0.376678
198.7		0.376678
198.8		0.376678
198.9		0.376678
199		0.376678
199.1		0.381021
199.2		0.381021
199.3		0.381021
199.4		0.381021
199.5		0.381021
199.6		0.381021
199.7		0.381021
199.8		0.381021
199.9		0.381021
200		0.381021
200.1		0.382601
200.2		0.382601
200.3		0.382601
200.4		0.382601
200.5		0.382601
200.6		0.382601
200.7		0.382601
200.8		0.382601
200.9		0.382601
201		0.382601
201.1		0.384575
201.2		0.384575
201.3		0.384575
201.4		0.384575
201.5		0.384575
201.6		0.384575
201.7		0.384575
201.8		0.384575
201.9		0.384575
202		0.384575
202.1		0.385365
202.2		0.385365
202.3		0.385365
202.4		0.385365
202.5		0.385365
202.6		0.385365
202.7		0.385365
202.8		0.385365
202.9		0.385365
203		0.385365
203.1		0.387997
203.2		0.387997
203.3		0.387997
203.4		0.387997
203.5		0.387997
203.6		0.387997
203.7		0.387997
203.8		0.387997
203.9		0.387997
204		0.387997
204.1		0.391024
204.2		0.391024
204.3		0.391024
204.4		0.391024
204.5		0.391024
204.6		0.391024
204.7		0.391024
204.8		0.391024
204.9		0.391024
205		0.391024
205.1		0.39313
205.2		0.39313
205.3		0.39313
205.4		0.39313
205.5		0.39313
205.6		0.39313
205.7		0.39313
205.8		0.39313
205.9		0.39313
206		0.39313
206.1		0.395236
206.2		0.395236
206.3		0.395236
206.4		0.395236
206.5		0.395236
206.6		0.395236
206.7		0.395236
206.8		0.395236
206.9		0.395236
207		0.395236
207.1		0.395894
207.2		0.395894
207.3		0.395894
207.4		0.395894
207.5		0.395894
207.6		0.395894
207.7		0.395894
207.8		0.395894
207.9		0.395894
208		0.395894
208.1		0.396288
208.2		0.396288
208.3		0.396288
208.4		0.396288
208.5		0.396288
208.6		0.396288
208.7		0.396288
208.8		0.396288
208.9		0.396288
209		0.396288
209.1		0.398658
209.2		0.398658
209.3		0.398658
209.4		0.398658
209.5		0.398658
209.6		0.398658
209.7		0.398658
209.8		0.398658
209.9		0.398658
210		0.398658
210.1		0.400105
210.2		0.400105
210.3		0.400105
210.4		0.400105
210.5		0.400105
210.6		0.400105
210.7		0.400105
210.8		0.400105
210.9		0.400105
211		0.400105
211.1		0.401816
211.2		0.401816
211.3		0.401816
211.4		0.401816
211.5		0.401816
211.6		0.401816
211.7		0.401816
211.8		0.401816
211.9		0.401816
212		0.401816
212.1		0.404054
212.2		0.404054
212.3		0.404054
212.4		0.404054
212.5		0.404054
212.6		0.404054
212.7		0.404054
212.8		0.404054
212.9		0.404054
213		0.404054
213.1		0.404317
213.2		0.404317
213.3		0.404317
213.4		0.404317
213.5		0.404317
213.6		0.404317
213.7		0.404317
213.8		0.404317
213.9		0.404317
214		0.404317
214.1		0.408265
214.2		0.408265
214.3		0.408265
214.4		0.408265
214.5		0.408265
214.6		0.408265
214.7		0.408265
214.8		0.408265
214.9		0.408265
215		0.408265
215.1		0.412214
215.2		0.412214
215.3		0.412214
215.4		0.412214
215.5		0.412214
215.6		0.412214
215.7		0.412214
215.8		0.412214
215.9		0.412214
216		0.412214
216.1		0.414978
216.2		0.414978
216.3		0.414978
216.4		0.414978
216.5		0.414978
216.6		0.414978
216.7		0.414978
216.8		0.414978
216.9		0.414978
217		0.414978
217.1		0.415241
217.2		0.415241
217.3		0.415241
217.4		0.415241
217.5		0.415241
217.6		0.415241
217.7		0.415241
217.8		0.415241
217.9		0.415241
218		0.415241
218.1		0.417083
218.2		0.417083
218.3		0.417083
218.4		0.417083
218.5		0.417083
218.6		0.417083
218.7		0.417083
218.8		0.417083
218.9		0.417083
219		0.417083
219.1		0.41761
219.2		0.41761
219.3		0.41761
219.4		0.41761
219.5		0.41761
219.6		0.41761
219.7		0.41761
219.8		0.41761
219.9		0.41761
220		0.41761
220.1		0.421427
220.2		0.421427
220.3		0.421427
220.4		0.421427
220.5		0.421427
220.6		0.421427
220.7		0.421427
220.8		0.421427
220.9		0.421427
221		0.421427
221.1		0.424322
221.2		0.424322
221.3		0.424322
221.4		0.424322
221.5		0.424322
221.6		0.424322
221.7		0.424322
221.8		0.424322
221.9		0.424322
222		0.424322
222.1		0.424585
222.2		0.424585
222.3		0.424585
222.4		0.424585
222.5		0.424585
222.6		0.424585
222.7		0.424585
222.8		0.424585
222.9		0.424585
223		0.424585
223.1		0.425112
223.2		0.425112
223.3		0.425112
223.4		0.425112
223.5		0.425112
223.6		0.425112
223.7		0.425112
223.8		0.425112
223.9		0.425112
224		0.425112
224.1		0.42577
224.2		0.42577
224.3		0.42577
224.4		0.42577
224.5		0.42577
224.6		0.42577
224.7		0.42577
224.8		0.42577
224.9		0.42577
225		0.42577
225.1		0.426165
225.2		0.426165
225.3		0.426165
225.4		0.426165
225.5		0.426165
225.6		0.426165
225.7		0.426165
225.8		0.426165
225.9		0.426165
226		0.426165
226.1		0.43393
226.2		0.43393
226.3		0.43393
226.4		0.43393
226.5		0.43393
226.6		0.43393
226.7		0.43393
226.8		0.43393
226.9		0.43393
227		0.43393
227.1		0.434193
227.2		0.434193
227.3		0.434193
227.4		0.434193
227.5		0.434193
227.6		0.434193
227.7		0.434193
227.8		0.434193
227.9		0.434193
228		0.434193
228.1		0.434325
228.2		0.434325
228.3		0.434325
228.4		0.434325
228.5		0.434325
228.6		0.434325
228.7		0.434325
228.8		0.434325
228.9		0.434325
229		0.434325
229.1		0.434588
229.2		0.434588
229.3		0.434588
229.4		0.434588
229.5		0.434588
229.6		0.434588
229.7		0.434588
229.8		0.434588
229.9		0.434588
230		0.434588
230.1		0.440379
230.2		0.440379
230.3		0.440379
230.4		0.440379
230.5		0.440379
230.6		0.440379
230.7		0.440379
230.8		0.440379
230.9		0.440379
231		0.440379
231.1		0.440642
231.2		0.440642
231.3		0.440642
231.4		0.440642
231.5		0.440642
231.6		0.440642
231.7		0.440642
231.8		0.440642
231.9		0.440642
232		0.440642
232.1		0.44209
232.2		0.44209
232.3		0.44209
232.4		0.44209
232.5		0.44209
232.6		0.44209
232.7		0.44209
232.8		0.44209
232.9		0.44209
233		0.44209
233.1		0.447881
233.2		0.447881
233.3		0.447881
233.4		0.447881
233.5		0.447881
233.6		0.447881
233.7		0.447881
233.8		0.447881
233.9		0.447881
234		0.447881
234.1		0.451303
234.2		0.451303
234.3		0.451303
234.4		0.451303
234.5		0.451303
234.6		0.451303
234.7		0.451303
234.8		0.451303
234.9		0.451303
235		0.451303
235.1		0.453672
235.2		0.453672
235.3		0.453672
235.4		0.453672
235.5		0.453672
235.6		0.453672
235.7		0.453672
235.8		0.453672
235.9		0.453672
236		0.453672
236.1		0.453935
236.2		0.453935
236.3		0.453935
236.4		0.453935
236.5		0.453935
236.6		0.453935
236.7		0.453935
236.8		0.453935
236.9		0.453935
237		0.453935
237.1		0.45433
237.2		0.45433
237.3		0.45433
237.4		0.45433
237.5		0.45433
237.6		0.45433
237.7		0.45433
237.8		0.45433
237.9		0.45433
238		0.45433
238.1		0.4617
238.2		0.4617
238.3		0.4617
238.4		0.4617
238.5		0.4617
238.6		0.4617
238.7		0.4617
238.8		0.4617
238.9		0.4617
239		0.4617
239.1		0.461964
239.2		0.461964
239.3		0.461964
239.4		0.461964
239.5		0.461964
239.6		0.461964
239.7		0.461964
239.8		0.461964
239.9		0.461964
240		0.461964
240.1		0.46578
240.2		0.46578
240.3		0.46578
240.4		0.46578
240.5		0.46578
240.6		0.46578
240.7		0.46578
240.8		0.46578
240.9		0.46578
241		0.46578
241.1		0.467097
241.2		0.467097
241.3		0.467097
241.4		0.467097
241.5		0.467097
241.6		0.467097
241.7		0.467097
241.8		0.467097
241.9		0.467097
242		0.467097
242.1		0.467755
242.2		0.467755
242.3		0.467755
242.4		0.467755
242.5		0.467755
242.6		0.467755
242.7		0.467755
242.8		0.467755
242.9		0.467755
243		0.467755
243.1		0.473677
243.2		0.473677
243.3		0.473677
243.4		0.473677
243.5		0.473677
243.6		0.473677
243.7		0.473677
243.8		0.473677
243.9		0.473677
244		0.473677
244.1		0.474072
244.2		0.474072
244.3		0.474072
244.4		0.474072
244.5		0.474072
244.6		0.474072
244.7		0.474072
244.8		0.474072
244.9		0.474072
245		0.474072
245.1		0.477362
245.2		0.477362
245.3		0.477362
245.4		0.477362
245.5		0.477362
245.6		0.477362
245.7		0.477362
245.8		0.477362
245.9		0.477362
246		0.477362
246.1		0.477757
246.2		0.477757
246.3		0.477757
246.4		0.477757
246.5		0.477757
246.6		0.477757
246.7		0.477757
246.8		0.477757
246.9		0.477757
247		0.477757
247.1		0.478284
247.2		0.478284
247.3		0.478284
247.4		0.478284
247.5		0.478284
247.6		0.478284
247.7		0.478284
247.8		0.478284
247.9		0.478284
248		0.478284
248.1		0.484338
248.2		0.484338
248.3		0.484338
248.4		0.484338
248.5		0.484338
248.6		0.484338
248.7		0.484338
248.8		0.484338
248.9		0.484338
249		0.484338
249.1		0.485128
249.2		0.485128
249.3		0.485128
249.4		0.485128
249.5		0.485128
249.6		0.485128
249.7		0.485128
249.8		0.485128
249.9		0.485128
250		0.485128
250.1		0.485786
250.2		0.485786
250.3		0.485786
250.4		0.485786
250.5		0.485786
250.6		0.485786
250.7		0.485786
250.8		0.485786
250.9		0.485786
251		0.485786
251.1		0.487892
251.2		0.487892
251.3		0.487892
251.4		0.487892
251.5		0.487892
251.6		0.487892
251.7		0.487892
251.8		0.487892
251.9		0.487892
252		0.487892
252.1		0.490787
252.2		0.490787
252.3		0.490787
252.4		0.490787
252.5		0.490787
252.6		0.490787
252.7		0.490787
252.8		0.490787
252.9		0.490787
253		0.490787
253.1		0.491182
253.2		0.491182
253.3		0.491182
253.4		0.491182
253.5		0.491182
253.6		0.491182
253.7		0.491182
253.8		0.491182
253.9		0.491182
254		0.491182
254.1		0.494209
254.2		0.494209
254.3		0.494209
254.4		0.494209
254.5		0.494209
254.6		0.494209
254.7		0.494209
254.8		0.494209
254.9		0.494209
255		0.494209
255.1		0.497368
255.2		0.497368
255.3		0.497368
255.4		0.497368
255.5		0.497368
255.6		0.497368
255.7		0.497368
255.8		0.497368
255.9		0.497368
256		0.497368
256.1		0.498026
256.2		0.498026
256.3		0.498026
256.4		0.498026
256.5		0.498026
256.6		0.498026
256.7		0.498026
256.8		0.498026
256.9		0.498026
257		0.498026
257.1		0.498421
257.2		0.498421
257.3		0.498421
257.4		0.498421
257.5		0.498421
257.6		0.498421
257.7		0.498421
257.8		0.498421
257.9		0.498421
258		0.498421
258.1		0.501974
258.2		0.501974
258.3		0.501974
258.4		0.501974
258.5		0.501974
258.6		0.501974
258.7		0.501974
258.8		0.501974
258.9		0.501974
259		0.501974
259.1		0.501974
259.2		0.501974
259.3		0.501974
259.4		0.501974
259.5		0.501974
259.6		0.501974
259.7		0.501974
259.8		0.501974
259.9		0.501974
260		0.501974
260.1		0.506976
260.2		0.506976
260.3		0.506976
260.4		0.506976
260.5		0.506976
260.6		0.506976
260.7		0.506976
260.8		0.506976
260.9		0.506976
261		0.506976
261.1		0.507107
261.2		0.507107
261.3		0.507107
261.4		0.507107
261.5		0.507107
261.6		0.507107
261.7		0.507107
261.8		0.507107
261.9		0.507107
262		0.507107
262.1		0.508292
262.2		0.508292
262.3		0.508292
262.4		0.508292
262.5		0.508292
262.6		0.508292
262.7		0.508292
262.8		0.508292
262.9		0.508292
263		0.508292
263.1		0.50895
263.2		0.50895
263.3		0.50895
263.4		0.50895
263.5		0.50895
263.6		0.50895
263.7		0.50895
263.8		0.50895
263.9		0.50895
264		0.50895
264.1		0.515662
264.2		0.515662
264.3		0.515662
264.4		0.515662
264.5		0.515662
264.6		0.515662
264.7		0.515662
264.8		0.515662
264.9		0.515662
265		0.515662
265.1		0.516978
265.2		0.516978
265.3		0.516978
265.4		0.516978
265.5		0.516978
265.6		0.516978
265.7		0.516978
265.8		0.516978
265.9		0.516978
266		0.516978
266.1		0.518163
266.2		0.518163
266.3		0.518163
266.4		0.518163
266.5		0.518163
266.6		0.518163
266.7		0.518163
266.8		0.518163
266.9		0.518163
267		0.518163
267.1		0.518294
267.2		0.518294
267.3		0.518294
267.4		0.518294
267.5		0.518294
267.6		0.518294
267.7		0.518294
267.8		0.518294
267.9		0.518294
268		0.518294
268.1		0.52119
268.2		0.52119
268.3		0.52119
268.4		0.52119
268.5		0.52119
268.6		0.52119
268.7		0.52119
268.8		0.52119
268.9		0.52119
269		0.52119
269.1		0.521453
269.2		0.521453
269.3		0.521453
269.4		0.521453
269.5		0.521453
269.6		0.521453
269.7		0.521453
269.8		0.521453
269.9		0.521453
270		0.521453
270.1		0.523296
270.2		0.523296
270.3		0.523296
270.4		0.523296
270.5		0.523296
270.6		0.523296
270.7		0.523296
270.8		0.523296
270.9		0.523296
271		0.523296
271.1		0.526849
271.2		0.526849
271.3		0.526849
271.4		0.526849
271.5		0.526849
271.6		0.526849
271.7		0.526849
271.8		0.526849
271.9		0.526849
272		0.526849
272.1		0.527112
272.2		0.527112
272.3		0.527112
272.4		0.527112
272.5		0.527112
272.6		0.527112
272.7		0.527112
272.8		0.527112
272.9		0.527112
273		0.527112
273.1		0.529218
273.2		0.529218
273.3		0.529218
273.4		0.529218
273.5		0.529218
273.6		0.529218
273.7		0.529218
273.8		0.529218
273.9		0.529218
274		0.529218
274.1		0.530929
274.2		0.530929
274.3		0.530929
274.4		0.530929
274.5		0.530929
274.6		0.530929
274.7		0.530929
274.8		0.530929
274.9		0.530929
275		0.530929
275.1		0.532114
275.2		0.532114
275.3		0.532114
275.4		0.532114
275.5		0.532114
275.6		0.532114
275.7		0.532114
275.8		0.532114
275.9		0.532114
276		0.532114
276.1		0.534351
276.2		0.534351
276.3		0.534351
276.4		0.534351
276.5		0.534351
276.6		0.534351
276.7		0.534351
276.8		0.534351
276.9		0.534351
277		0.534351
277.1		0.538168
277.2		0.538168
277.3		0.538168
277.4		0.538168
277.5		0.538168
277.6		0.538168
277.7		0.538168
277.8		0.538168
277.9		0.538168
278		0.538168
278.1		0.540011
278.2		0.540011
278.3		0.540011
278.4		0.540011
278.5		0.540011
278.6		0.540011
278.7		0.540011
278.8		0.540011
278.9		0.540011
279		0.540011
279.1		0.540537
279.2		0.540537
279.3		0.540537
279.4		0.540537
279.5		0.540537
279.6		0.540537
279.7		0.540537
279.8		0.540537
279.9		0.540537
280		0.540537
280.1		0.541985
280.2		0.541985
280.3		0.541985
280.4		0.541985
280.5		0.541985
280.6		0.541985
280.7		0.541985
280.8		0.541985
280.9		0.541985
281		0.541985
281.1		0.543169
281.2		0.543169
281.3		0.543169
281.4		0.543169
281.5		0.543169
281.6		0.543169
281.7		0.543169
281.8		0.543169
281.9		0.543169
282		0.543169
282.1		0.546854
282.2		0.546854
282.3		0.546854
282.4		0.546854
282.5		0.546854
282.6		0.546854
282.7		0.546854
282.8		0.546854
282.9		0.546854
283		0.546854
283.1		0.550803
283.2		0.550803
283.3		0.550803
283.4		0.550803
283.5		0.550803
283.6		0.550803
283.7		0.550803
283.8		0.550803
283.9		0.550803
284		0.550803
284.1		0.550803
284.2		0.550803
284.3		0.550803
284.4		0.550803
284.5		0.550803
284.6		0.550803
284.7		0.550803
284.8		0.550803
284.9		0.550803
285		0.550803
285.1		0.554356
285.2		0.554356
285.3		0.554356
285.4		0.554356
285.5		0.554356
285.6		0.554356
285.7		0.554356
285.8		0.554356
285.9		0.554356
286		0.554356
286.1		0.55462
286.2		0.55462
286.3		0.55462
286.4		0.55462
286.5		0.55462
286.6		0.55462
286.7		0.55462
286.8		0.55462
286.9		0.55462
287		0.55462
287.1		0.555409
287.2		0.555409
287.3		0.555409
287.4		0.555409
287.5		0.555409
287.6		0.555409
287.7		0.555409
287.8		0.555409
287.9		0.555409
288		0.555409
288.1		0.5587
288.2		0.5587
288.3		0.5587
288.4		0.5587
288.5		0.5587
288.6		0.5587
288.7		0.5587
288.8		0.5587
288.9		0.5587
289		0.5587
289.1		0.564359
289.2		0.564359
289.3		0.564359
289.4		0.564359
289.5		0.564359
289.6		0.564359
289.7		0.564359
289.8		0.564359
289.9		0.564359
290		0.564359
290.1		0.565938
290.2		0.565938
290.3		0.565938
290.4		0.565938
290.5		0.565938
290.6		0.565938
290.7		0.565938
290.8		0.565938
290.9		0.565938
291		0.565938
291.1		0.567518
291.2		0.567518
291.3		0.567518
291.4		0.567518
291.5		0.567518
291.6		0.567518
291.7		0.567518
291.8		0.567518
291.9		0.567518
292		0.567518
292.1		0.569887
292.2		0.569887
292.3		0.569887
292.4		0.569887
292.5		0.569887
292.6		0.569887
292.7		0.569887
292.8		0.569887
292.9		0.569887
293		0.569887
293.1		0.57015
293.2		0.57015
293.3		0.57015
293.4		0.57015
293.5		0.57015
293.6		0.57015
293.7		0.57015
293.8		0.57015
293.9		0.57015
294		0.57015
294.1		0.572782
294.2		0.572782
294.3		0.572782
294.4		0.572782
294.5		0.572782
294.6		0.572782
294.7		0.572782
294.8		0.572782
294.9		0.572782
295		0.572782
295.1		0.578047
295.2		0.578047
295.3		0.578047
295.4		0.578047
295.5		0.578047
295.6		0.578047
295.7		0.578047
295.8		0.578047
295.9		0.578047
296		0.578047
296.1		0.580284
296.2		0.580284
296.3		0.580284
296.4		0.580284
296.5		0.580284
296.6		0.580284
296.7		0.580284
296.8		0.580284
296.9		0.580284
297		0.580284
297.1		0.582917
297.2		0.582917
297.3		0.582917
297.4		0.582917
297.5		0.582917
297.6		0.582917
297.7		0.582917
297.8		0.582917
297.9		0.582917
298		0.582917
298.1		0.585154
298.2		0.585154
298.3		0.585154
298.4		0.585154
298.5		0.585154
298.6		0.585154
298.7		0.585154
298.8		0.585154
298.9		0.585154
299		0.585154
299.1		0.59384
299.2		0.59384
299.3		0.59384
299.4		0.59384
299.5		0.59384
299.6		0.59384
299.7		0.59384
299.8		0.59384
299.9		0.59384
300		0.59384
300.1		0.594499
300.2		0.594499
300.3		0.594499
300.4		0.594499
300.5		0.594499
300.6		0.594499
300.7		0.594499
300.8		0.594499
300.9		0.594499
301		0.594499
301.1		0.59463
301.2		0.59463
301.3		0.59463
301.4		0.59463
301.5		0.59463
301.6		0.59463
301.7		0.59463
301.8		0.59463
301.9		0.59463
302		0.59463
302.1		0.599631
302.2		0.599631
302.3		0.599631
302.4		0.599631
302.5		0.599631
302.6		0.599631
302.7		0.599631
302.8		0.599631
302.9		0.599631
303		0.599631
303.1		0.600948
303.2		0.600948
303.3		0.600948
303.4		0.600948
303.5		0.600948
303.6		0.600948
303.7		0.600948
303.8		0.600948
303.9		0.600948
304		0.600948
304.1		0.606081
304.2		0.606081
304.3		0.606081
304.4		0.606081
304.5		0.606081
304.6		0.606081
304.7		0.606081
304.8		0.606081
304.9		0.606081
305		0.606081
305.1		0.60687
305.2		0.60687
305.3		0.60687
305.4		0.60687
305.5		0.60687
305.6		0.60687
305.7		0.60687
305.8		0.60687
305.9		0.60687
306		0.60687
306.1		0.607528
306.2		0.607528
306.3		0.607528
306.4		0.607528
306.5		0.607528
306.6		0.607528
306.7		0.607528
306.8		0.607528
306.9		0.607528
307		0.607528
307.1		0.60766
307.2		0.60766
307.3		0.60766
307.4		0.60766
307.5		0.60766
307.6		0.60766
307.7		0.60766
307.8		0.60766
307.9		0.60766
308		0.60766
308.1		0.608186
308.2		0.608186
308.3		0.608186
308.4		0.608186
308.5		0.608186
308.6		0.608186
308.7		0.608186
308.8		0.608186
308.9		0.608186
309		0.608186
309.1		0.610161
309.2		0.610161
309.3		0.610161
309.4		0.610161
309.5		0.610161
309.6		0.610161
309.7		0.610161
309.8		0.610161
309.9		0.610161
310		0.610161
310.1		0.612793
310.2		0.612793
310.3		0.612793
310.4		0.612793
310.5		0.612793
310.6		0.612793
310.7		0.612793
310.8		0.612793
310.9		0.612793
311		0.612793
311.1		0.61503
311.2		0.61503
311.3		0.61503
311.4		0.61503
311.5		0.61503
311.6		0.61503
311.7		0.61503
311.8		0.61503
311.9		0.61503
312		0.61503
312.1		0.615557
312.2		0.615557
312.3		0.615557
312.4		0.615557
312.5		0.615557
312.6		0.615557
312.7		0.615557
312.8		0.615557
312.9		0.615557
313		0.615557
313.1		0.61661
313.2		0.61661
313.3		0.61661
313.4		0.61661
313.5		0.61661
313.6		0.61661
313.7		0.61661
313.8		0.61661
313.9		0.61661
314		0.61661
314.1		0.6199
314.2		0.6199
314.3		0.6199
314.4		0.6199
314.5		0.6199
314.6		0.6199
314.7		0.6199
314.8		0.6199
314.9		0.6199
315		0.6199
315.1		0.621743
315.2		0.621743
315.3		0.621743
315.4		0.621743
315.5		0.621743
315.6		0.621743
315.7		0.621743
315.8		0.621743
315.9		0.621743
316		0.621743
316.1		0.625296
316.2		0.625296
316.3		0.625296
316.4		0.625296
316.5		0.625296
316.6		0.625296
316.7		0.625296
316.8		0.625296
316.9		0.625296
317		0.625296
317.1		0.628718
317.2		0.628718
317.3		0.628718
317.4		0.628718
317.5		0.628718
317.6		0.628718
317.7		0.628718
317.8		0.628718
317.9		0.628718
318		0.628718
318.1		0.629376
318.2		0.629376
318.3		0.629376
318.4		0.629376
318.5		0.629376
318.6		0.629376
318.7		0.629376
318.8		0.629376
318.9		0.629376
319		0.629376
319.1		0.629903
319.2		0.629903
319.3		0.629903
319.4		0.629903
319.5		0.629903
319.6		0.629903
319.7		0.629903
319.8		0.629903
319.9		0.629903
320		0.629903
320.1		0.634377
320.2		0.634377
320.3		0.634377
320.4		0.634377
320.5		0.634377
320.6		0.634377
320.7		0.634377
320.8		0.634377
320.9		0.634377
321		0.634377
321.1		0.636483
321.2		0.636483
321.3		0.636483
321.4		0.636483
321.5		0.636483
321.6		0.636483
321.7		0.636483
321.8		0.636483
321.9		0.636483
322		0.636483
322.1		0.638326
322.2		0.638326
322.3		0.638326
322.4		0.638326
322.5		0.638326
322.6		0.638326
322.7		0.638326
322.8		0.638326
322.9		0.638326
323		0.638326
323.1		0.641748
323.2		0.641748
323.3		0.641748
323.4		0.641748
323.5		0.641748
323.6		0.641748
323.7		0.641748
323.8		0.641748
323.9		0.641748
324		0.641748
324.1		0.644117
324.2		0.644117
324.3		0.644117
324.4		0.644117
324.5		0.644117
324.6		0.644117
324.7		0.644117
324.8		0.644117
324.9		0.644117
325		0.644117
325.1		0.646486
325.2		0.646486
325.3		0.646486
325.4		0.646486
325.5		0.646486
325.6		0.646486
325.7		0.646486
325.8		0.646486
325.9		0.646486
326		0.646486
326.1		0.647012
326.2		0.647012
326.3		0.647012
326.4		0.647012
326.5		0.647012
326.6		0.647012
326.7		0.647012
326.8		0.647012
326.9		0.647012
327		0.647012
327.1		0.649381
327.2		0.649381
327.3		0.649381
327.4		0.649381
327.5		0.649381
327.6		0.649381
327.7		0.649381
327.8		0.649381
327.9		0.649381
328		0.649381
328.1		0.651356
328.2		0.651356
328.3		0.651356
328.4		0.651356
328.5		0.651356
328.6		0.651356
328.7		0.651356
328.8		0.651356
328.9		0.651356
329		0.651356
329.1		0.651619
329.2		0.651619
329.3		0.651619
329.4		0.651619
329.5		0.651619
329.6		0.651619
329.7		0.651619
329.8		0.651619
329.9		0.651619
330		0.651619
330.1		0.655304
330.2		0.655304
330.3		0.655304
330.4		0.655304
330.5		0.655304
330.6		0.655304
330.7		0.655304
330.8		0.655304
330.9		0.655304
331		0.655304
331.1		0.65583
331.2		0.65583
331.3		0.65583
331.4		0.65583
331.5		0.65583
331.6		0.65583
331.7		0.65583
331.8		0.65583
331.9		0.65583
332		0.65583
332.1		0.661885
332.2		0.661885
332.3		0.661885
332.4		0.661885
332.5		0.661885
332.6		0.661885
332.7		0.661885
332.8		0.661885
332.9		0.661885
333		0.661885
333.1		0.66228
333.2		0.66228
333.3		0.66228
333.4		0.66228
333.5		0.66228
333.6		0.66228
333.7		0.66228
333.8		0.66228
333.9		0.66228
334		0.66228
334.1		0.663596
334.2		0.663596
334.3		0.663596
334.4		0.663596
334.5		0.663596
334.6		0.663596
334.7		0.663596
334.8		0.663596
334.9		0.663596
335		0.663596
335.1		0.665307
335.2		0.665307
335.3		0.665307
335.4		0.665307
335.5		0.665307
335.6		0.665307
335.7		0.665307
335.8		0.665307
335.9		0.665307
336		0.665307
336.1		0.66965
336.2		0.66965
336.3		0.66965
336.4		0.66965
336.5		0.66965
336.6		0.66965
336.7		0.66965
336.8		0.66965
336.9		0.66965
337		0.66965
337.1		0.670176
337.2		0.670176
337.3		0.670176
337.4		0.670176
337.5		0.670176
337.6		0.670176
337.7		0.670176
337.8		0.670176
337.9		0.670176
338		0.670176
338.1		0.671098
338.2		0.671098
338.3		0.671098
338.4		0.671098
338.5		0.671098
338.6		0.671098
338.7		0.671098
338.8		0.671098
338.9		0.671098
339		0.671098
339.1		0.67702
339.2		0.67702
339.3		0.67702
339.4		0.67702
339.5		0.67702
339.6		0.67702
339.7		0.67702
339.8		0.67702
339.9		0.67702
340		0.67702
340.1		0.678994
340.2		0.678994
340.3		0.678994
340.4		0.678994
340.5		0.678994
340.6		0.678994
340.7		0.678994
340.8		0.678994
340.9		0.678994
341		0.678994
341.1		0.680311
341.2		0.680311
341.3		0.680311
341.4		0.680311
341.5		0.680311
341.6		0.680311
341.7		0.680311
341.8		0.680311
341.9		0.680311
342		0.680311
342.1		0.681758
342.2		0.681758
342.3		0.681758
342.4		0.681758
342.5		0.681758
342.6		0.681758
342.7		0.681758
342.8		0.681758
342.9		0.681758
343		0.681758
343.1		0.685707
343.2		0.685707
343.3		0.685707
343.4		0.685707
343.5		0.685707
343.6		0.685707
343.7		0.685707
343.8		0.685707
343.9		0.685707
344		0.685707
344.1		0.685838
344.2		0.685838
344.3		0.685838
344.4		0.685838
344.5		0.685838
344.6		0.685838
344.7		0.685838
344.8		0.685838
344.9		0.685838
345		0.685838
345.1		0.690313
345.2		0.690313
345.3		0.690313
345.4		0.690313
345.5		0.690313
345.6		0.690313
345.7		0.690313
345.8		0.690313
345.9		0.690313
346		0.690313
346.1		0.691629
346.2		0.691629
346.3		0.691629
346.4		0.691629
346.5		0.691629
346.6		0.691629
346.7		0.691629
346.8		0.691629
346.9		0.691629
347		0.691629
347.1		0.693209
347.2		0.693209
347.3		0.693209
347.4		0.693209
347.5		0.693209
347.6		0.693209
347.7		0.693209
347.8		0.693209
347.9		0.693209
348		0.693209
348.1		0.694656
348.2		0.694656
348.3		0.694656
348.4		0.694656
348.5		0.694656
348.6		0.694656
348.7		0.694656
348.8		0.694656
348.9		0.694656
349		0.694656
349.1		0.696104
349.2		0.696104
349.3		0.696104
349.4		0.696104
349.5		0.696104
349.6		0.696104
349.7		0.696104
349.8		0.696104
349.9		0.696104
350		0.696104
350.1		0.696762
350.2		0.696762
350.3		0.696762
350.4		0.696762
350.5		0.696762
350.6		0.696762
350.7		0.696762
350.8		0.696762
350.9		0.696762
351		0.696762
351.1		0.699395
351.2		0.699395
351.3		0.699395
351.4		0.699395
351.5		0.699395
351.6		0.699395
351.7		0.699395
351.8		0.699395
351.9		0.699395
352		0.699395
352.1		0.704922
352.2		0.704922
352.3		0.704922
352.4		0.704922
352.5		0.704922
352.6		0.704922
352.7		0.704922
352.8		0.704922
352.9		0.704922
353		0.704922
353.1		0.706238
353.2		0.706238
353.3		0.706238
353.4		0.706238
353.5		0.706238
353.6		0.706238
353.7		0.706238
353.8		0.706238
353.9		0.706238
354		0.706238
354.1		0.706502
354.2		0.706502
354.3		0.706502
354.4		0.706502
354.5		0.706502
354.6		0.706502
354.7		0.706502
354.8		0.706502
354.9		0.706502
355		0.706502
355.1		0.712951
355.2		0.712951
355.3		0.712951
355.4		0.712951
355.5		0.712951
355.6		0.712951
355.7		0.712951
355.8		0.712951
355.9		0.712951
356		0.712951
356.1		0.71453
356.2		0.71453
356.3		0.71453
356.4		0.71453
356.5		0.71453
356.6		0.71453
356.7		0.71453
356.8		0.71453
356.9		0.71453
357		0.71453
357.1		0.719137
357.2		0.719137
357.3		0.719137
357.4		0.719137
357.5		0.719137
357.6		0.719137
357.7		0.719137
357.8		0.719137
357.9		0.719137
358		0.719137
358.1		0.7194
358.2		0.7194
358.3		0.7194
358.4		0.7194
358.5		0.7194
358.6		0.7194
358.7		0.7194
358.8		0.7194
358.9		0.7194
359		0.7194
359.1		0.721111
359.2		0.721111
359.3		0.721111
359.4		0.721111
359.5		0.721111
359.6		0.721111
359.7		0.721111
359.8		0.721111
359.9		0.721111
360		0.721111
360.1		0.725191
360.2		0.725191
360.3		0.725191
360.4		0.725191
360.5		0.725191
360.6		0.725191
360.7		0.725191
360.8		0.725191
360.9		0.725191
361		0.725191
361.1		0.726507
361.2		0.726507
361.3		0.726507
361.4		0.726507
361.5		0.726507
361.6		0.726507
361.7		0.726507
361.8		0.726507
361.9		0.726507
362		0.726507
362.1		0.730455
362.2		0.730455
362.3		0.730455
362.4		0.730455
362.5		0.730455
362.6		0.730455
362.7		0.730455
362.8		0.730455
362.9		0.730455
363		0.730455
363.1		0.73085
363.2		0.73085
363.3		0.73085
363.4		0.73085
363.5		0.73085
363.6		0.73085
363.7		0.73085
363.8		0.73085
363.9		0.73085
364		0.73085
364.1		0.732166
364.2		0.732166
364.3		0.732166
364.4		0.732166
364.5		0.732166
364.6		0.732166
364.7		0.732166
364.8		0.732166
364.9		0.732166
365		0.732166
365.1		0.733614
365.2		0.733614
365.3		0.733614
365.4		0.733614
365.5		0.733614
365.6		0.733614
365.7		0.733614
365.8		0.733614
365.9		0.733614
366		0.733614
366.1		0.734272
366.2		0.734272
366.3		0.734272
366.4		0.734272
366.5		0.734272
366.6		0.734272
366.7		0.734272
366.8		0.734272
366.9		0.734272
367		0.734272
367.1		0.735983
367.2		0.735983
367.3		0.735983
367.4		0.735983
367.5		0.735983
367.6		0.735983
367.7		0.735983
367.8		0.735983
367.9		0.735983
368		0.735983
368.1		0.739273
368.2		0.739273
368.3		0.739273
368.4		0.739273
368.5		0.739273
368.6		0.739273
368.7		0.739273
368.8		0.739273
368.9		0.739273
369		0.739273
369.1		0.740063
369.2		0.740063
369.3		0.740063
369.4		0.740063
369.5		0.740063
369.6		0.740063
369.7		0.740063
369.8		0.740063
369.9		0.740063
370		0.740063
370.1		0.741116
370.2		0.741116
370.3		0.741116
370.4		0.741116
370.5		0.741116
370.6		0.741116
370.7		0.741116
370.8		0.741116
370.9		0.741116
371		0.741116
371.1		0.743222
371.2		0.743222
371.3		0.743222
371.4		0.743222
371.5		0.743222
371.6		0.743222
371.7		0.743222
371.8		0.743222
371.9		0.743222
372		0.743222
372.1		0.749539
372.2		0.749539
372.3		0.749539
372.4		0.749539
372.5		0.749539
372.6		0.749539
372.7		0.749539
372.8		0.749539
372.9		0.749539
373		0.749539
373.1		0.749803
373.2		0.749803
373.3		0.749803
373.4		0.749803
373.5		0.749803
373.6		0.749803
373.7		0.749803
373.8		0.749803
373.9		0.749803
374		0.749803
374.1		0.750329
374.2		0.750329
374.3		0.750329
374.4		0.750329
374.5		0.750329
374.6		0.750329
374.7		0.750329
374.8		0.750329
374.9		0.750329
375		0.750329
375.1		0.75204
375.2		0.75204
375.3		0.75204
375.4		0.75204
375.5		0.75204
375.6		0.75204
375.7		0.75204
375.8		0.75204
375.9		0.75204
376		0.75204
376.1		0.755594
376.2		0.755594
376.3		0.755594
376.4		0.755594
376.5		0.755594
376.6		0.755594
376.7		0.755594
376.8		0.755594
376.9		0.755594
377		0.755594
377.1		0.759674
377.2		0.759674
377.3		0.759674
377.4		0.759674
377.5		0.759674
377.6		0.759674
377.7		0.759674
377.8		0.759674
377.9		0.759674
378		0.759674
378.1		0.759805
378.2		0.759805
378.3		0.759805
378.4		0.759805
378.5		0.759805
378.6		0.759805
378.7		0.759805
378.8		0.759805
378.9		0.759805
379		0.759805
379.1		0.760595
379.2		0.760595
379.3		0.760595
379.4		0.760595
379.5		0.760595
379.6		0.760595
379.7		0.760595
379.8		0.760595
379.9		0.760595
380		0.760595
380.1		0.764543
380.2		0.764543
380.3		0.764543
380.4		0.764543
380.5		0.764543
380.6		0.764543
380.7		0.764543
380.8		0.764543
380.9		0.764543
381		0.764543
381.1		0.764938
381.2		0.764938
381.3		0.764938
381.4		0.764938
381.5		0.764938
381.6		0.764938
381.7		0.764938
381.8		0.764938
381.9		0.764938
382		0.764938
382.1		0.768755
382.2		0.768755
382.3		0.768755
382.4		0.768755
382.5		0.768755
382.6		0.768755
382.7		0.768755
382.8		0.768755
382.9		0.768755
383		0.768755
383.1		0.76915
383.2		0.76915
383.3		0.76915
383.4		0.76915
383.5		0.76915
383.6		0.76915
383.7		0.76915
383.8		0.76915
383.9		0.76915
384		0.76915
384.1		0.769413
384.2		0.769413
384.3		0.769413
384.4		0.769413
384.5		0.769413
384.6		0.769413
384.7		0.769413
384.8		0.769413
384.9		0.769413
385		0.769413
385.1		0.77652
385.2		0.77652
385.3		0.77652
385.4		0.77652
385.5		0.77652
385.6		0.77652
385.7		0.77652
385.8		0.77652
385.9		0.77652
386		0.77652
386.1		0.776652
386.2		0.776652
386.3		0.776652
386.4		0.776652
386.5		0.776652
386.6		0.776652
386.7		0.776652
386.8		0.776652
386.9		0.776652
387		0.776652
387.1		0.77731
387.2		0.77731
387.3		0.77731
387.4		0.77731
387.5		0.77731
387.6		0.77731
387.7		0.77731
387.8		0.77731
387.9		0.77731
388		0.77731
388.1		0.780337
388.2		0.780337
388.3		0.780337
388.4		0.780337
388.5		0.780337
388.6		0.780337
388.7		0.780337
388.8		0.780337
388.9		0.780337
389		0.780337
389.1		0.782838
389.2		0.782838
389.3		0.782838
389.4		0.782838
389.5		0.782838
389.6		0.782838
389.7		0.782838
389.8		0.782838
389.9		0.782838
390		0.782838
390.1		0.785733
390.2		0.785733
390.3		0.785733
390.4		0.785733
390.5		0.785733
390.6		0.785733
390.7		0.785733
390.8		0.785733
390.9		0.785733
391		0.785733
391.1		0.786654
391.2		0.786654
391.3		0.786654
391.4		0.786654
391.5		0.786654
391.6		0.786654
391.7		0.786654
391.8		0.786654
391.9		0.786654
392		0.786654
392.1		0.786654
392.2		0.786654
392.3		0.786654
392.4		0.786654
392.5		0.786654
392.6		0.786654
392.7		0.786654
392.8		0.786654
392.9		0.786654
393		0.786654
393.1		0.787181
393.2		0.787181
393.3		0.787181
393.4		0.787181
393.5		0.787181
393.6		0.787181
393.7		0.787181
393.8		0.787181
393.9		0.787181
394		0.787181
394.1		0.793762
394.2		0.793762
394.3		0.793762
394.4		0.793762
394.5		0.793762
394.6		0.793762
394.7		0.793762
394.8		0.793762
394.9		0.793762
395		0.793762
395.1		0.795078
395.2		0.795078
395.3		0.795078
395.4		0.795078
395.5		0.795078
395.6		0.795078
395.7		0.795078
395.8		0.795078
395.9		0.795078
396		0.795078
396.1		0.795209
396.2		0.795209
396.3		0.795209
396.4		0.795209
396.5		0.795209
396.6		0.795209
396.7		0.795209
396.8		0.795209
396.9		0.795209
397		0.795209
397.1		0.798105
397.2		0.798105
397.3		0.798105
397.4		0.798105
397.5		0.798105
397.6		0.798105
397.7		0.798105
397.8		0.798105
397.9		0.798105
398		0.798105
398.1		0.800474
398.2		0.800474
398.3		0.800474
398.4		0.800474
398.5		0.800474
398.6		0.800474
398.7		0.800474
398.8		0.800474
398.9		0.800474
399		0.800474
399.1		0.806791
399.2		0.806791
399.3		0.806791
399.4		0.806791
399.5		0.806791
399.6		0.806791
399.7		0.806791
399.8		0.806791
399.9		0.806791
400		0.806791
400.1		0.807054
400.2		0.807054
400.3		0.807054
400.4		0.807054
400.5		0.807054
400.6		0.807054
400.7		0.807054
400.8		0.807054
400.9		0.807054
401		0.807054
401.1		0.807976
401.2		0.807976
401.3		0.807976
401.4		0.807976
401.5		0.807976
401.6		0.807976
401.7		0.807976
401.8		0.807976
401.9		0.807976
402		0.807976
402.1		0.810345
402.2		0.810345
402.3		0.810345
402.4		0.810345
402.5		0.810345
402.6		0.810345
402.7		0.810345
402.8		0.810345
402.9		0.810345
403		0.810345
403.1		0.81074
403.2		0.81074
403.3		0.81074
403.4		0.81074
403.5		0.81074
403.6		0.81074
403.7		0.81074
403.8		0.81074
403.9		0.81074
404		0.81074
404.1		0.815215
404.2		0.815215
404.3		0.815215
404.4		0.815215
404.5		0.815215
404.6		0.815215
404.7		0.815215
404.8		0.815215
404.9		0.815215
405		0.815215
405.1		0.817189
405.2		0.817189
405.3		0.817189
405.4		0.817189
405.5		0.817189
405.6		0.817189
405.7		0.817189
405.8		0.817189
405.9		0.817189
406		0.817189
406.1		0.821664
406.2		0.821664
406.3		0.821664
406.4		0.821664
406.5		0.821664
406.6		0.821664
406.7		0.821664
406.8		0.821664
406.9		0.821664
407		0.821664
407.1		0.821795
407.2		0.821795
407.3		0.821795
407.4		0.821795
407.5		0.821795
407.6		0.821795
407.7		0.821795
407.8		0.821795
407.9		0.821795
408		0.821795
408.1		0.822717
408.2		0.822717
408.3		0.822717
408.4		0.822717
408.5		0.822717
408.6		0.822717
408.7		0.822717
408.8		0.822717
408.9		0.822717
409		0.822717
409.1		0.82627
409.2		0.82627
409.3		0.82627
409.4		0.82627
409.5		0.82627
409.6		0.82627
409.7		0.82627
409.8		0.82627
409.9		0.82627
410		0.82627
410.1		0.827323
410.2		0.827323
410.3		0.827323
410.4		0.827323
410.5		0.827323
410.6		0.827323
410.7		0.827323
410.8		0.827323
410.9		0.827323
411		0.827323
411.1		0.831535
411.2		0.831535
411.3		0.831535
411.4		0.831535
411.5		0.831535
411.6		0.831535
411.7		0.831535
411.8		0.831535
411.9		0.831535
412		0.831535
412.1		0.83443
412.2		0.83443
412.3		0.83443
412.4		0.83443
412.5		0.83443
412.6		0.83443
412.7		0.83443
412.8		0.83443
412.9		0.83443
413		0.83443
413.1		0.83443
413.2		0.83443
413.3		0.83443
413.4		0.83443
413.5		0.83443
413.6		0.83443
413.7		0.83443
413.8		0.83443
413.9		0.83443
414		0.83443
414.1		0.835483
414.2		0.835483
414.3		0.835483
414.4		0.835483
414.5		0.835483
414.6		0.835483
414.7		0.835483
414.8		0.835483
414.9		0.835483
415		0.835483
415.1		0.839168
415.2		0.839168
415.3		0.839168
415.4		0.839168
415.5		0.839168
415.6		0.839168
415.7		0.839168
415.8		0.839168
415.9		0.839168
416		0.839168
416.1		0.840484
416.2		0.840484
416.3		0.840484
416.4		0.840484
416.5		0.840484
416.6		0.840484
416.7		0.840484
416.8		0.840484
416.9		0.840484
417		0.840484
417.1		0.841537
417.2		0.841537
417.3		0.841537
417.4		0.841537
417.5		0.841537
417.6		0.841537
417.7		0.841537
417.8		0.841537
417.9		0.841537
418		0.841537
418.1		0.843906
418.2		0.843906
418.3		0.843906
418.4		0.843906
418.5		0.843906
418.6		0.843906
418.7		0.843906
418.8		0.843906
418.9		0.843906
419		0.843906
419.1		0.844696
419.2		0.844696
419.3		0.844696
419.4		0.844696
419.5		0.844696
419.6		0.844696
419.7		0.844696
419.8		0.844696
419.9		0.844696
420		0.844696
420.1		0.849171
420.2		0.849171
420.3		0.849171
420.4		0.849171
420.5		0.849171
420.6		0.849171
420.7		0.849171
420.8		0.849171
420.9		0.849171
421		0.849171
421.1		0.850224
421.2		0.850224
421.3		0.850224
421.4		0.850224
421.5		0.850224
421.6		0.850224
421.7		0.850224
421.8		0.850224
421.9		0.850224
422		0.850224
422.1		0.850355
422.2		0.850355
422.3		0.850355
422.4		0.850355
422.5		0.850355
422.6		0.850355
422.7		0.850355
422.8		0.850355
422.9		0.850355
423		0.850355
423.1		0.855357
423.2		0.855357
423.3		0.855357
423.4		0.855357
423.5		0.855357
423.6		0.855357
423.7		0.855357
423.8		0.855357
423.9		0.855357
424		0.855357
424.1		0.857462
424.2		0.857462
424.3		0.857462
424.4		0.857462
424.5		0.857462
424.6		0.857462
424.7		0.857462
424.8		0.857462
424.9		0.857462
425		0.857462
425.1		0.857989
425.2		0.857989
425.3		0.857989
425.4		0.857989
425.5		0.857989
425.6		0.857989
425.7		0.857989
425.8		0.857989
425.9		0.857989
426		0.857989
426.1		0.859173
426.2		0.859173
426.3		0.859173
426.4		0.859173
426.5		0.859173
426.6		0.859173
426.7		0.859173
426.8		0.859173
426.9		0.859173
427		0.859173
427.1		0.860095
427.2		0.860095
427.3		0.860095
427.4		0.860095
427.5		0.860095
427.6		0.860095
427.7		0.860095
427.8		0.860095
427.9		0.860095
428		0.860095
428.1		0.864833
428.2		0.864833
428.3		0.864833
428.4		0.864833
428.5		0.864833
428.6		0.864833
428.7		0.864833
428.8		0.864833
428.9		0.864833
429		0.864833
429.1		0.865623
429.2		0.865623
429.3		0.865623
429.4		0.865623
429.5		0.865623
429.6		0.865623
429.7		0.865623
429.8		0.865623
429.9		0.865623
430		0.865623
430.1		0.866412
430.2		0.866412
430.3		0.866412
430.4		0.866412
430.5		0.866412
430.6		0.866412
430.7		0.866412
430.8		0.866412
430.9		0.866412
431		0.866412
431.1		0.866939
431.2		0.866939
431.3		0.866939
431.4		0.866939
431.5		0.866939
431.6		0.866939
431.7		0.866939
431.8		0.866939
431.9		0.866939
432		0.866939
432.1		0.87115
432.2		0.87115
432.3		0.87115
432.4		0.87115
432.5		0.87115
432.6		0.87115
432.7		0.87115
432.8		0.87115
432.9		0.87115
433		0.87115
433.1		0.872598
433.2		0.872598
433.3		0.872598
433.4		0.872598
433.5		0.872598
433.6		0.872598
433.7		0.872598
433.8		0.872598
433.9		0.872598
434		0.872598
434.1		0.87273
434.2		0.87273
434.3		0.87273
434.4		0.87273
434.5		0.87273
434.6		0.87273
434.7		0.87273
434.8		0.87273
434.9		0.87273
435		0.87273
435.1		0.873256
435.2		0.873256
435.3		0.873256
435.4		0.873256
435.5		0.873256
435.6		0.873256
435.7		0.873256
435.8		0.873256
435.9		0.873256
436		0.873256
436.1		0.877994
436.2		0.877994
436.3		0.877994
436.4		0.877994
436.5		0.877994
436.6		0.877994
436.7		0.877994
436.8		0.877994
436.9		0.877994
437		0.877994
437.1		0.880758
437.2		0.880758
437.3		0.880758
437.4		0.880758
437.5		0.880758
437.6		0.880758
437.7		0.880758
437.8		0.880758
437.9		0.880758
438		0.880758
438.1		0.881679
438.2		0.881679
438.3		0.881679
438.4		0.881679
438.5		0.881679
438.6		0.881679
438.7		0.881679
438.8		0.881679
438.9		0.881679
439		0.881679
439.1		0.883127
439.2		0.883127
439.3		0.883127
439.4		0.883127
439.5		0.883127
439.6		0.883127
439.7		0.883127
439.8		0.883127
439.9		0.883127
440		0.883127
440.1		0.886286
440.2		0.886286
440.3		0.886286
440.4		0.886286
440.5		0.886286
440.6		0.886286
440.7		0.886286
440.8		0.886286
440.9		0.886286
441		0.886286
441.1		0.886286
441.2		0.886286
441.3		0.886286
441.4		0.886286
441.5		0.886286
441.6		0.886286
441.7		0.886286
441.8		0.886286
441.9		0.886286
442		0.886286
442.1		0.890497
442.2		0.890497
442.3		0.890497
442.4		0.890497
442.5		0.890497
442.6		0.890497
442.7		0.890497
442.8		0.890497
442.9		0.890497
443		0.890497
443.1		0.891945
443.2		0.891945
443.3		0.891945
443.4		0.891945
443.5		0.891945
443.6		0.891945
443.7		0.891945
443.8		0.891945
443.9		0.891945
444		0.891945
444.1		0.89313
444.2		0.89313
444.3		0.89313
444.4		0.89313
444.5		0.89313
444.6		0.89313
444.7		0.89313
444.8		0.89313
444.9		0.89313
445		0.89313
445.1		0.896947
445.2		0.896947
445.3		0.896947
445.4		0.896947
445.5		0.896947
445.6		0.896947
445.7		0.896947
445.8		0.896947
445.9		0.896947
446		0.896947
446.1		0.900895
446.2		0.900895
446.3		0.900895
446.4		0.900895
446.5		0.900895
446.6		0.900895
446.7		0.900895
446.8		0.900895
446.9		0.900895
447		0.900895
447.1		0.900895
447.2		0.900895
447.3		0.900895
447.4		0.900895
447.5		0.900895
447.6		0.900895
447.7		0.900895
447.8		0.900895
447.9		0.900895
448		0.900895
448.1		0.901027
448.2		0.901027
448.3		0.901027
448.4		0.901027
448.5		0.901027
448.6		0.901027
448.7		0.901027
448.8		0.901027
448.9		0.901027
449		0.901027
449.1		0.902474
449.2		0.902474
449.3		0.902474
449.4		0.902474
449.5		0.902474
449.6		0.902474
449.7		0.902474
449.8		0.902474
449.9		0.902474
450		0.902474
450.1		0.907081
450.2		0.907081
450.3		0.907081
450.4		0.907081
450.5		0.907081
450.6		0.907081
450.7		0.907081
450.8		0.907081
450.9		0.907081
451		0.907081
451.1		0.908134
451.2		0.908134
451.3		0.908134
451.4		0.908134
451.5		0.908134
451.6		0.908134
451.7		0.908134
451.8		0.908134
451.9		0.908134
452		0.908134
452.1		0.910766
452.2		0.910766
452.3		0.910766
452.4		0.910766
452.5		0.910766
452.6		0.910766
452.7		0.910766
452.8		0.910766
452.9		0.910766
453		0.910766
453.1		0.911292
453.2		0.911292
453.3		0.911292
453.4		0.911292
453.5		0.911292
453.6		0.911292
453.7		0.911292
453.8		0.911292
453.9		0.911292
454		0.911292
454.1		0.915109
454.2		0.915109
454.3		0.915109
454.4		0.915109
454.5		0.915109
454.6		0.915109
454.7		0.915109
454.8		0.915109
454.9		0.915109
455		0.915109
455.1		0.915504
455.2		0.915504
455.3		0.915504
455.4		0.915504
455.5		0.915504
455.6		0.915504
455.7		0.915504
455.8		0.915504
455.9		0.915504
456		0.915504
456.1		0.915767
456.2		0.915767
456.3		0.915767
456.4		0.915767
456.5		0.915767
456.6		0.915767
456.7		0.915767
456.8		0.915767
456.9		0.915767
457		0.915767
457.1		0.918005
457.2		0.918005
457.3		0.918005
457.4		0.918005
457.5		0.918005
457.6		0.918005
457.7		0.918005
457.8		0.918005
457.9		0.918005
458		0.918005
458.1		0.921163
458.2		0.921163
458.3		0.921163
458.4		0.921163
458.5		0.921163
458.6		0.921163
458.7		0.921163
458.8		0.921163
458.9		0.921163
459		0.921163
459.1		0.923401
459.2		0.923401
459.3		0.923401
459.4		0.923401
459.5		0.923401
459.6		0.923401
459.7		0.923401
459.8		0.923401
459.9		0.923401
460		0.923401
460.1		0.924585
460.2		0.924585
460.3		0.924585
460.4		0.924585
460.5		0.924585
460.6		0.924585
460.7		0.924585
460.8		0.924585
460.9		0.924585
461		0.924585
461.1		0.925112
461.2		0.925112
461.3		0.925112
461.4		0.925112
461.5		0.925112
461.6		0.925112
461.7		0.925112
461.8		0.925112
461.9		0.925112
462		0.925112
462.1		0.927218
462.2		0.927218
462.3		0.927218
462.4		0.927218
462.5		0.927218
462.6		0.927218
462.7		0.927218
462.8		0.927218
462.9		0.927218
463		0.927218
463.1		0.931429
463.2		0.931429
463.3		0.931429
463.4		0.931429
463.5		0.931429
463.6		0.931429
463.7		0.931429
463.8		0.931429
463.9		0.931429
464		0.931429
464.1		0.93314
464.2		0.93314
464.3		0.93314
464.4		0.93314
464.5		0.93314
464.6		0.93314
464.7		0.93314
464.8		0.93314
464.9		0.93314
465		0.93314
465.1		0.93314
465.2		0.93314
465.3		0.93314
465.4		0.93314
465.5		0.93314
465.6		0.93314
465.7		0.93314
465.8		0.93314
465.9		0.93314
466		0.93314
466.1		0.938142
466.2		0.938142
466.3		0.938142
466.4		0.938142
466.5		0.938142
466.6		0.938142
466.7		0.938142
466.8		0.938142
466.9		0.938142
467		0.938142
467.1		0.939589
467.2		0.939589
467.3		0.939589
467.4		0.939589
467.5		0.939589
467.6		0.939589
467.7		0.939589
467.8		0.939589
467.9		0.939589
468		0.939589
468.1		0.940906
468.2		0.940906
468.3		0.940906
468.4		0.940906
468.5		0.940906
468.6		0.940906
468.7		0.940906
468.8		0.940906
468.9		0.940906
469		0.940906
469.1		0.943011
469.2		0.943011
469.3		0.943011
469.4		0.943011
469.5		0.943011
469.6		0.943011
469.7		0.943011
469.8		0.943011
469.9		0.943011
470		0.943011
470.1		0.946038
470.2		0.946038
470.3		0.946038
470.4		0.946038
470.5		0.946038
470.6		0.946038
470.7		0.946038
470.8		0.946038
470.9		0.946038
471		0.946038
471.1		0.946828
471.2		0.946828
471.3		0.946828
471.4		0.946828
471.5		0.946828
471.6		0.946828
471.7		0.946828
471.8		0.946828
471.9		0.946828
472		0.946828
472.1		0.948276
472.2		0.948276
472.3		0.948276
472.4		0.948276
472.5		0.948276
472.6		0.948276
472.7		0.948276
472.8		0.948276
472.9		0.948276
473		0.948276
473.1		0.948407
473.2		0.948407
473.3		0.948407
473.4		0.948407
473.5		0.948407
473.6		0.948407
473.7		0.948407
473.8		0.948407
473.9		0.948407
474		0.948407
474.1		0.950513
474.2		0.950513
474.3		0.950513
474.4		0.950513
474.5		0.950513
474.6		0.950513
474.7		0.950513
474.8		0.950513
474.9		0.950513
475		0.950513
475.1		0.951829
475.2		0.951829
475.3		0.951829
475.4		0.951829
475.5		0.951829
475.6		0.951829
475.7		0.951829
475.8		0.951829
475.9		0.951829
476		0.951829
476.1		0.954067
476.2		0.954067
476.3		0.954067
476.4		0.954067
476.5		0.954067
476.6		0.954067
476.7		0.954067
476.8		0.954067
476.9		0.954067
477		0.954067
477.1		0.956962
477.2		0.956962
477.3		0.956962
477.4		0.956962
477.5		0.956962
477.6		0.956962
477.7		0.956962
477.8		0.956962
477.9		0.956962
478		0.956962
478.1		0.959463
478.2		0.959463
478.3		0.959463
478.4		0.959463
478.5		0.959463
478.6		0.959463
478.7		0.959463
478.8		0.959463
478.9		0.959463
479		0.959463
479.1		0.960121
479.2		0.960121
479.3		0.960121
479.4		0.960121
479.5		0.960121
479.6		0.960121
479.7		0.960121
479.8		0.960121
479.9		0.960121
480		0.960121
480.1		0.962622
480.2		0.962622
480.3		0.962622
480.4		0.962622
480.5		0.962622
480.6		0.962622
480.7		0.962622
480.8		0.962622
480.9		0.962622
481		0.962622
481.1		0.963675
481.2		0.963675
481.3		0.963675
481.4		0.963675
481.5		0.963675
481.6		0.963675
481.7		0.963675
481.8		0.963675
481.9		0.963675
482		0.963675
482.1		0.965517
482.2		0.965517
482.3		0.965517
482.4		0.965517
482.5		0.965517
482.6		0.965517
482.7		0.965517
482.8		0.965517
482.9		0.965517
483		0.965517
483.1		0.966044
483.2		0.966044
483.3		0.966044
483.4		0.966044
483.5		0.966044
483.6		0.966044
483.7		0.966044
483.8		0.966044
483.9		0.966044
484		0.966044
484.1		0.97223
484.2		0.97223
484.3		0.97223
484.4		0.97223
484.5		0.97223
484.6		0.97223
484.7		0.97223
484.8		0.97223
484.9		0.97223
485		0.97223
485.1		0.973019
485.2		0.973019
485.3		0.973019
485.4		0.973019
485.5		0.973019
485.6		0.973019
485.7		0.973019
485.8		0.973019
485.9		0.973019
486		0.973019
486.1		0.973677
486.2		0.973677
486.3		0.973677
486.4		0.973677
486.5		0.973677
486.6		0.973677
486.7		0.973677
486.8		0.973677
486.9		0.973677
487		0.973677
487.1		0.97552
487.2		0.97552
487.3		0.97552
487.4		0.97552
487.5		0.97552
487.6		0.97552
487.7		0.97552
487.8		0.97552
487.9		0.97552
488		0.97552
488.1		0.976441
488.2		0.976441
488.3		0.976441
488.4		0.976441
488.5		0.976441
488.6		0.976441
488.7		0.976441
488.8		0.976441
488.9		0.976441
489		0.976441
489.1		0.97881
489.2		0.97881
489.3		0.97881
489.4		0.97881
489.5		0.97881
489.6		0.97881
489.7		0.97881
489.8		0.97881
489.9		0.97881
490		0.97881
490.1		0.983285
490.2		0.983285
490.3		0.983285
490.4		0.983285
490.5		0.983285
490.6		0.983285
490.7		0.983285
490.8		0.983285
490.9		0.983285
491		0.983285
491.1		0.983943
491.2		0.983943
491.3		0.983943
491.4		0.983943
491.5		0.983943
491.6		0.983943
491.7		0.983943
491.8		0.983943
491.9		0.983943
492		0.983943
492.1		0.986444
492.2		0.986444
492.3		0.986444
492.4		0.986444
492.5		0.986444
492.6		0.986444
492.7		0.986444
492.8		0.986444
492.9		0.986444
493		0.986444
493.1		0.987497
493.2		0.987497
493.3		0.987497
493.4		0.987497
493.5		0.987497
493.6		0.987497
493.7		0.987497
493.8		0.987497
493.9		0.987497
494		0.987497
494.1		0.988023
494.2		0.988023
494.3		0.988023
494.4		0.988023
494.5		0.988023
494.6		0.988023
494.7		0.988023
494.8		0.988023
494.9		0.988023
495		0.988023
495.1		0.988681
495.2		0.988681
495.3		0.988681
495.4		0.988681
495.5		0.988681
495.6		0.988681
495.7		0.988681
495.8		0.988681
495.9		0.988681
496		0.988681
496.1		0.994735
496.2		0.994735
496.3		0.994735
496.4		0.994735
496.5		0.994735
496.6		0.994735
496.7		0.994735
496.8		0.994735
496.9		0.994735
497		0.994735
497.1		0.996315
497.2		0.996315
497.3		0.996315
497.4		0.996315
497.5		0.996315
497.6		0.996315
497.7		0.996315
497.8		0.996315
497.9		0.996315
498		0.996315
498.1		0.997631
498.2		0.997631
498.3		0.997631
498.4		0.997631
498.5		0.997631
498.6		0.997631
498.7		0.997631
498.8		0.997631
498.9		0.997631
499		0.997631
499.1		0.998947
499.2		0.998947
499.3		0.998947
499.4		0.998947
499.5		0.998947
499.6		0.998947
499.7		0.998947
499.8		0.998947
499.9		0.998947
500		0.998947
500.1		1
500.2		1
500.3		1
500.4		1
500.5		1
500.6		1
500.7		1
500.8		1
500.9		1
501		1
501.1		1
501.2		1
501.3		1
501.4		1
501.5		1
501.6		1
501.7		1
501.8		1
501.9		1
502		1
502.1		1
502.2		1
502.3		1
502.4		1
502.5		1
502.6		1
502.7		1
502.8		1
502.9		1
503		1
503.1		1
503.2		1
503.3		1
503.4		1
503.5		1
503.6		1
503.7		1
503.8		1
503.9		1
504		1
504.1		1
504.2		1
504.3		1
504.4		1
504.5		1
504.6		1
504.7		1
504.8		1
504.9		1
505		1
505.1		1
505.2		1
505.3		1
505.4		1
505.5		1
505.6		1
505.7		1
505.8		1
505.9		1
506		1
506.1		1
506.2		1
506.3		1
506.4		1
506.5		1
506.6		1
506.7		1
506.8		1
506.9		1
507		1
507.1		1
507.2		1
507.3		1
507.4		1
507.5		1
507.6		1
507.7		1
507.8		1
507.9		1
508		1
508.1		1
508.2		1
508.3		1
508.4		1
508.5		1
508.6		1
508.7		1
508.8		1
508.9		1
509		1
509.1		1
509.2		1
509.3		1
509.4		1
509.5		1
509.6		1
509.7		1
509.8		1
509.9		1
510		1
510.1		1
510.2		1
510.3		1
510.4		1
510.5		1
510.6		1
510.7		1
510.8		1
510.9		1
511		1
511.1		1
511.2		1
511.3		1
511.4		1
511.5		1
511.6		1
511.7		1
511.8		1
511.9		1
512		1
512.1		1
512.2		1
512.3		1
512.4		1
512.5		1
512.6		1
512.7		1
512.8		1
512.9		1
513		1
513.1		1
513.2		1
513.3		1
513.4		1
513.5		1
513.6		1
513.7		1
513.8		1
513.9		1
514		1
514.1		1
514.2		1
514.3		1
514.4		1
514.5		1
514.6		1
514.7		1
514.8		1
514.9		1
515		1
515.1		1
515.2		1
515.3		1
515.4		1
515.5		1
515.6		1
515.7		1
515.8		1
515.9		1
516		1
516.1		1
516.2		1
516.3		1
516.4		1
516.5		1
516.6		1
516.7		1
516.8		1
516.9		1
517		1
517.1		1
517.2		1
517.3		1
517.4		1
517.5		1
517.6		1
517.7		1
517.8		1
517.9		1
518		1
518.1		1
518.2		1
518.3		1
518.4		1
518.5		1
518.6		1
518.7		1
518.8		1
518.9		1
519		1
519.1		1
519.2		1
519.3		1
519.4		1
519.5		1
519.6		1
519.7		1
519.8		1
519.9		1
520		1
520.1		1
520.2		1
520.3		1
520.4		1
520.5		1
520.6		1
520.7		1
520.8		1
520.9		1
521		1
521.1		1
521.2		1
521.3		1
521.4		1
521.5		1
521.6		1
521.7		1
521.8		1
521.9		1
522		1
522.1		1
522.2		1
522.3		1
522.4		1
522.5		1
522.6		1
522.7		1
522.8		1
522.9		1
523		1
523.1		1
523.2		1
523.3		1
523.4		1
523.5		1
523.6		1
523.7		1
523.8		1
523.9		1
524		1
524.1		1
524.2		1
524.3		1
524.4		1
524.5		1
524.6		1
524.7		1
524.8		1
524.9		1
525		1
525.1		1
525.2		1
525.3		1
525.4		1
525.5		1
525.6		1
525.7		1
525.8		1
525.9		1
526		1
526.1		1
526.2		1
526.3		1
526.4		1
526.5		1
526.6		1
526.7		1
526.8		1
526.9		1
527		1
527.1		1
527.2		1
527.3		1
527.4		1
527.5		1
527.6		1
527.7		1
527.8		1
527.9		1
528		1
528.1		1
528.2		1
528.3		1
528.4		1
528.5		1
528.6		1
528.7		1
528.8		1
528.9		1
529		1
529.1		1
529.2		1
529.3		1
529.4		1
529.5		1
529.6		1
529.7		1
529.8		1
529.9		1
530		1
530.1		1
530.2		1
530.3		1
530.4		1
530.5		1
530.6		1
530.7		1
530.8		1
530.9		1
531		1
531.1		1
531.2		1
531.3		1
531.4		1
531.5		1
531.6		1
531.7		1
531.8		1
531.9		1
532		1
532.1		1
532.2		1
532.3		1
532.4		1
532.5		1
532.6		1
532.7		1
532.8		1
532.9		1
533		1
533.1		1
533.2		1
533.3		1
533.4		1
533.5		1
533.6		1
533.7		1
533.8		1
533.9		1
534		1
534.1		1
534.2		1
534.3		1
534.4		1
534.5		1
534.6		1
534.7		1
534.8		1
534.9		1
535		1
535.1		1
535.2		1
535.3		1
535.4		1
535.5		1
535.6		1
535.7		1
535.8		1
535.9		1
536		1
536.1		1
536.2		1
536.3		1
536.4		1
536.5		1
536.6		1
536.7		1
536.8		1
536.9		1
537		1
537.1		1
537.2		1
537.3		1
537.4		1
537.5		1
537.6		1
537.7		1
537.8		1
537.9		1
538		1
538.1		1
538.2		1
538.3		1
538.4		1
538.5		1
538.6		1
538.7		1
538.8		1
538.9		1
539		1
539.1		1
539.2		1
539.3		1
539.4		1
539.5		1
539.6		1
539.7		1
539.8		1
539.9		1
540		1
540.1		1
540.2		1
540.3		1
540.4		1
540.5		1
540.6		1
540.7		1
540.8		1
540.9		1
541		1
541.1		1
541.2		1
541.3		1
541.4		1
541.5		1
541.6		1
541.7		1
541.8		1
541.9		1
542		1
542.1		1
542.2		1
542.3		1
542.4		1
542.5		1
542.6		1
542.7		1
542.8		1
542.9		1
543		1
543.1		1
543.2		1
543.3		1
543.4		1
543.5		1
543.6		1
543.7		1
543.8		1
543.9		1
544		1
544.1		1
544.2		1
544.3		1
544.4		1
544.5		1
544.6		1
544.7		1
544.8		1
544.9		1
545		1
545.1		1
545.2		1
545.3		1
545.4		1
545.5		1
545.6		1
545.7		1
545.8		1
545.9		1
546		1
546.1		1
546.2		1
546.3		1
546.4		1
546.5		1
546.6		1
546.7		1
546.8		1
546.9		1
547		1
547.1		1
547.2		1
547.3		1
547.4		1
547.5		1
547.6		1
547.7		1
547.8		1
547.9		1
548		1
548.1		1
548.2		1
548.3		1
548.4		1
548.5		1
548.6		1
548.7		1
548.8		1
548.9		1
549		1
549.1		1
549.2		1
549.3		1
549.4		1
549.5		1
549.6		1
549.7		1
549.8		1
549.9		1
550		1
550.1		1
550.2		1
550.3		1
550.4		1
550.5		1
550.6		1
550.7		1
550.8		1
550.9		1
551		1
551.1		1
551.2		1
551.3		1
551.4		1
551.5		1
551.6		1
551.7		1
551.8		1
551.9		1
552		1
552.1		1
552.2		1
552.3		1
552.4		1
552.5		1
552.6		1
552.7		1
552.8		1
552.9		1
553		1
553.1		1
553.2		1
553.3		1
553.4		1
553.5		1
553.6		1
553.7		1
553.8		1
553.9		1
554		1
554.1		1
554.2		1
554.3		1
554.4		1
554.5		1
554.6		1
554.7		1
554.8		1
554.9		1
555		1
555.1		1
555.2		1
555.3		1
555.4		1
555.5		1
555.6		1
555.7		1
555.8		1
555.9		1
556		1
556.1		1
556.2		1
556.3		1
556.4		1
556.5		1
556.6		1
556.7		1
556.8		1
556.9		1
557		1
557.1		1
557.2		1
557.3		1
557.4		1
557.5		1
557.6		1
557.7		1
557.8		1
557.9		1
558		1
558.1		1
558.2		1
558.3		1
558.4		1
558.5		1
558.6		1
558.7		1
558.8		1
558.9		1
559		1
559.1		1
559.2		1
559.3		1
559.4		1
559.5		1
559.6		1
559.7		1
559.8		1
559.9		1
560		1
560.1		1
560.2		1
560.3		1
560.4		1
560.5		1
560.6		1
560.7		1
560.8		1
560.9		1
561		1
561.1		1
561.2		1
561.3		1
561.4		1
561.5		1
561.6		1
561.7		1
561.8		1
561.9		1
562		1
562.1		1
562.2		1
562.3		1
562.4		1
562.5		1
562.6		1
562.7		1
562.8		1
562.9		1
563		1
563.1		1
563.2		1
563.3		1
563.4		1
563.5		1
563.6		1
563.7		1
563.8		1
563.9		1
564		1
564.1		1
564.2		1
564.3		1
564.4		1
564.5		1
564.6		1
564.7		1
564.8		1
564.9		1
565		1
565.1		1
565.2		1
565.3		1
565.4		1
565.5		1
565.6		1
565.7		1
565.8		1
565.9		1
566		1
566.1		1
566.2		1
566.3		1
566.4		1
566.5		1
566.6		1
566.7		1
566.8		1
566.9		1
567		1
567.1		1
567.2		1
567.3		1
567.4		1
567.5		1
567.6		1
567.7		1
567.8		1
567.9		1
568		1
568.1		1
568.2		1
568.3		1
568.4		1
568.5		1
568.6		1
568.7		1
568.8		1
568.9		1
569		1
569.1		1
569.2		1
569.3		1
569.4		1
569.5		1
569.6		1
569.7		1
569.8		1
569.9		1
570		1
570.1		1
570.2		1
570.3		1
570.4		1
570.5		1
570.6		1
570.7		1
570.8		1
570.9		1
571		1
571.1		1
571.2		1
571.3		1
571.4		1
571.5		1
571.6		1
571.7		1
571.8		1
571.9		1
572		1
572.1		1
572.2		1
572.3		1
572.4		1
572.5		1
572.6		1
572.7		1
572.8		1
572.9		1
573		1
573.1		1
573.2		1
573.3		1
573.4		1
573.5		1
573.6		1
573.7		1
573.8		1
573.9		1
574		1
574.1		1
574.2		1
574.3		1
574.4		1
574.5		1
574.6		1
574.7		1
574.8		1
574.9		1
575		1
575.1		1
575.2		1
575.3		1
575.4		1
575.5		1
575.6		1
575.7		1
575.8		1
575.9		1
576		1
576.1		1
576.2		1
576.3		1
576.4		1
576.5		1
576.6		1
576.7		1
576.8		1
576.9		1
577		1
577.1		1
577.2		1
577.3		1
577.4		1
577.5		1
577.6		1
577.7		1
577.8		1
577.9		1
578		1
578.1		1
578.2		1
578.3		1
578.4		1
578.5		1
578.6		1
578.7		1
578.8		1
578.9		1
579		1
579.1		1
579.2		1
579.3		1
579.4		1
579.5		1
579.6		1
579.7		1
579.8		1
579.9		1
580		1
580.1		1
580.2		1
580.3		1
580.4		1
580.5		1
580.6		1
580.7		1
580.8		1
580.9		1
581		1
581.1		1
581.2		1
581.3		1
581.4		1
581.5		1
581.6		1
581.7		1
581.8		1
581.9		1
582		1
582.1		1
582.2		1
582.3		1
582.4		1
582.5		1
582.6		1
582.7		1
582.8		1
582.9		1
583		1
583.1		1
583.2		1
583.3		1
583.4		1
583.5		1
583.6		1
583.7		1
583.8		1
583.9		1
584		1
584.1		1
584.2		1
584.3		1
584.4		1
584.5		1
584.6		1
584.7		1
584.8		1
584.9		1
585		1
585.1		1
585.2		1
585.3		1
585.4		1
585.5		1
585.6		1
585.7		1
585.8		1
585.9		1
586		1
586.1		1
586.2		1
586.3		1
586.4		1
586.5		1
586.6		1
586.7		1
586.8		1
586.9		1
587		1
587.1		1
587.2		1
587.3		1
587.4		1
587.5		1
587.6		1
587.7		1
587.8		1
587.9		1
588		1
588.1		1
588.2		1
588.3		1
588.4		1
588.5		1
588.6		1
588.7		1
588.8		1
588.9		1
589		1
589.1		1
589.2		1
589.3		1
589.4		1
589.5		1
589.6		1
589.7		1
589.8		1
589.9		1
590		1
590.1		1
590.2		1
590.3		1
590.4		1
590.5		1
590.6		1
590.7		1
590.8		1
590.9		1
591		1
591.1		1
591.2		1
591.3		1
591.4		1
591.5		1
591.6		1
591.7		1
591.8		1
591.9		1
592		1
592.1		1
592.2		1
592.3		1
592.4		1
592.5		1
592.6		1
592.7		1
592.8		1
592.9		1
593		1
593.1		1
593.2		1
593.3		1
593.4		1
593.5		1
593.6		1
593.7		1
593.8		1
593.9		1
594		1
594.1		1
594.2		1
594.3		1
594.4		1
594.5		1
594.6		1
594.7		1
594.8		1
594.9		1
595		1
595.1		1
595.2		1
595.3		1
595.4		1
595.5		1
595.6		1
595.7		1
595.8		1
595.9		1
596		1
596.1		1
596.2		1
596.3		1
596.4		1
596.5		1
596.6		1
596.7		1
596.8		1
596.9		1
597		1
597.1		1
597.2		1
597.3		1
597.4		1
597.5		1
597.6		1
597.7		1
597.8		1
597.9		1
598		1
598.1		1
598.2		1
598.3		1
598.4		1
598.5		1
598.6		1
598.7		1
598.8		1
598.9		1
599		1
599.1		1
599.2		1
599.3		1
599.4		1
599.5		1
599.6		1
599.7		1
599.8		1
599.9		1
600		1
