# Calibration file of tamex_id 1 @ channel 16
# fine_T bin		 Calibration value
0.1		0
0.2		0
0.3		0
0.4		0
0.5		0
0.6		0
0.7		0
0.8		0
0.9		0
1		0
1.1		0
1.2		0
1.3		0
1.4		0
1.5		0
1.6		0
1.7		0
1.8		0
1.9		0
2		0
2.1		0
2.2		0
2.3		0
2.4		0
2.5		0
2.6		0
2.7		0
2.8		0
2.9		0
3		0
3.1		0
3.2		0
3.3		0
3.4		0
3.5		0
3.6		0
3.7		0
3.8		0
3.9		0
4		0
4.1		0
4.2		0
4.3		0
4.4		0
4.5		0
4.6		0
4.7		0
4.8		0
4.9		0
5		0
5.1		0
5.2		0
5.3		0
5.4		0
5.5		0
5.6		0
5.7		0
5.8		0
5.9		0
6		0
6.1		0
6.2		0
6.3		0
6.4		0
6.5		0
6.6		0
6.7		0
6.8		0
6.9		0
7		0
7.1		0
7.2		0
7.3		0
7.4		0
7.5		0
7.6		0
7.7		0
7.8		0
7.9		0
8		0
8.1		0
8.2		0
8.3		0
8.4		0
8.5		0
8.6		0
8.7		0
8.8		0
8.9		0
9		0
9.1		0
9.2		0
9.3		0
9.4		0
9.5		0
9.6		0
9.7		0
9.8		0
9.9		0
10		0
10.1		0
10.2		0
10.3		0
10.4		0
10.5		0
10.6		0
10.7		0
10.8		0
10.9		0
11		0
11.1		0
11.2		0
11.3		0
11.4		0
11.5		0
11.6		0
11.7		0
11.8		0
11.9		0
12		0
12.1		0
12.2		0
12.3		0
12.4		0
12.5		0
12.6		0
12.7		0
12.8		0
12.9		0
13		0
13.1		0
13.2		0
13.3		0
13.4		0
13.5		0
13.6		0
13.7		0
13.8		0
13.9		0
14		0
14.1		0
14.2		0
14.3		0
14.4		0
14.5		0
14.6		0
14.7		0
14.8		0
14.9		0
15		0
15.1		0
15.2		0
15.3		0
15.4		0
15.5		0
15.6		0
15.7		0
15.8		0
15.9		0
16		0
16.1		0.00351719
16.2		0.00351719
16.3		0.00351719
16.4		0.00351719
16.5		0.00351719
16.6		0.00351719
16.7		0.00351719
16.8		0.00351719
16.9		0.00351719
17		0.00351719
17.1		0.00848264
17.2		0.00848264
17.3		0.00848264
17.4		0.00848264
17.5		0.00848264
17.6		0.00848264
17.7		0.00848264
17.8		0.00848264
17.9		0.00848264
18		0.00848264
18.1		0.00902057
18.2		0.00902057
18.3		0.00902057
18.4		0.00902057
18.5		0.00902057
18.6		0.00902057
18.7		0.00902057
18.8		0.00902057
18.9		0.00902057
19		0.00902057
19.1		0.0102205
19.2		0.0102205
19.3		0.0102205
19.4		0.0102205
19.5		0.0102205
19.6		0.0102205
19.7		0.0102205
19.8		0.0102205
19.9		0.0102205
20		0.0102205
20.1		0.017586
20.2		0.017586
20.3		0.017586
20.4		0.017586
20.5		0.017586
20.6		0.017586
20.7		0.017586
20.8		0.017586
20.9		0.017586
21		0.017586
21.1		0.018248
21.2		0.018248
21.3		0.018248
21.4		0.018248
21.5		0.018248
21.6		0.018248
21.7		0.018248
21.8		0.018248
21.9		0.018248
22		0.018248
22.1		0.0195308
22.2		0.0195308
22.3		0.0195308
22.4		0.0195308
22.5		0.0195308
22.6		0.0195308
22.7		0.0195308
22.8		0.0195308
22.9		0.0195308
23		0.0195308
23.1		0.019779
23.2		0.019779
23.3		0.019779
23.4		0.019779
23.5		0.019779
23.6		0.019779
23.7		0.019779
23.8		0.019779
23.9		0.019779
24		0.019779
24.1		0.0205652
24.2		0.0205652
24.3		0.0205652
24.4		0.0205652
24.5		0.0205652
24.6		0.0205652
24.7		0.0205652
24.8		0.0205652
24.9		0.0205652
25		0.0205652
25.1		0.0263996
25.2		0.0263996
25.3		0.0263996
25.4		0.0263996
25.5		0.0263996
25.6		0.0263996
25.7		0.0263996
25.8		0.0263996
25.9		0.0263996
26		0.0263996
26.1		0.0298754
26.2		0.0298754
26.3		0.0298754
26.4		0.0298754
26.5		0.0298754
26.6		0.0298754
26.7		0.0298754
26.8		0.0298754
26.9		0.0298754
27		0.0298754
27.1		0.0308272
27.2		0.0308272
27.3		0.0308272
27.4		0.0308272
27.5		0.0308272
27.6		0.0308272
27.7		0.0308272
27.8		0.0308272
27.9		0.0308272
28		0.0308272
28.1		0.0329375
28.2		0.0329375
28.3		0.0329375
28.4		0.0329375
28.5		0.0329375
28.6		0.0329375
28.7		0.0329375
28.8		0.0329375
28.9		0.0329375
29		0.0329375
29.1		0.0346754
29.2		0.0346754
29.3		0.0346754
29.4		0.0346754
29.5		0.0346754
29.6		0.0346754
29.7		0.0346754
29.8		0.0346754
29.9		0.0346754
30		0.0346754
30.1		0.0348409
30.2		0.0348409
30.3		0.0348409
30.4		0.0348409
30.5		0.0348409
30.6		0.0348409
30.7		0.0348409
30.8		0.0348409
30.9		0.0348409
31		0.0348409
31.1		0.0352961
31.2		0.0352961
31.3		0.0352961
31.4		0.0352961
31.5		0.0352961
31.6		0.0352961
31.7		0.0352961
31.8		0.0352961
31.9		0.0352961
32		0.0352961
32.1		0.040096
32.2		0.040096
32.3		0.040096
32.4		0.040096
32.5		0.040096
32.6		0.040096
32.7		0.040096
32.8		0.040096
32.9		0.040096
33		0.040096
33.1		0.0415856
33.2		0.0415856
33.3		0.0415856
33.4		0.0415856
33.5		0.0415856
33.6		0.0415856
33.7		0.0415856
33.8		0.0415856
33.9		0.0415856
34		0.0415856
34.1		0.0446063
34.2		0.0446063
34.3		0.0446063
34.4		0.0446063
34.5		0.0446063
34.6		0.0446063
34.7		0.0446063
34.8		0.0446063
34.9		0.0446063
35		0.0446063
35.1		0.0448132
35.2		0.0448132
35.3		0.0448132
35.4		0.0448132
35.5		0.0448132
35.6		0.0448132
35.7		0.0448132
35.8		0.0448132
35.9		0.0448132
36		0.0448132
36.1		0.0479166
36.2		0.0479166
36.3		0.0479166
36.4		0.0479166
36.5		0.0479166
36.6		0.0479166
36.7		0.0479166
36.8		0.0479166
36.9		0.0479166
37		0.0479166
37.1		0.0505648
37.2		0.0505648
37.3		0.0505648
37.4		0.0505648
37.5		0.0505648
37.6		0.0505648
37.7		0.0505648
37.8		0.0505648
37.9		0.0505648
38		0.0505648
38.1		0.052551
38.2		0.052551
38.3		0.052551
38.4		0.052551
38.5		0.052551
38.6		0.052551
38.7		0.052551
38.8		0.052551
38.9		0.052551
39		0.052551
39.1		0.0557372
39.2		0.0557372
39.3		0.0557372
39.4		0.0557372
39.5		0.0557372
39.6		0.0557372
39.7		0.0557372
39.8		0.0557372
39.9		0.0557372
40		0.0557372
40.1		0.0574751
40.2		0.0574751
40.3		0.0574751
40.4		0.0574751
40.5		0.0574751
40.6		0.0574751
40.7		0.0574751
40.8		0.0574751
40.9		0.0574751
41		0.0574751
41.1		0.0580544
41.2		0.0580544
41.3		0.0580544
41.4		0.0580544
41.5		0.0580544
41.6		0.0580544
41.7		0.0580544
41.8		0.0580544
41.9		0.0580544
42		0.0580544
42.1		0.0610336
42.2		0.0610336
42.3		0.0610336
42.4		0.0610336
42.5		0.0610336
42.6		0.0610336
42.7		0.0610336
42.8		0.0610336
42.9		0.0610336
43		0.0610336
43.1		0.0616129
43.2		0.0616129
43.3		0.0616129
43.4		0.0616129
43.5		0.0616129
43.6		0.0616129
43.7		0.0616129
43.8		0.0616129
43.9		0.0616129
44		0.0616129
44.1		0.0621509
44.2		0.0621509
44.3		0.0621509
44.4		0.0621509
44.5		0.0621509
44.6		0.0621509
44.7		0.0621509
44.8		0.0621509
44.9		0.0621509
45		0.0621509
45.1		0.0639302
45.2		0.0639302
45.3		0.0639302
45.4		0.0639302
45.5		0.0639302
45.6		0.0639302
45.7		0.0639302
45.8		0.0639302
45.9		0.0639302
46		0.0639302
46.1		0.0697232
46.2		0.0697232
46.3		0.0697232
46.4		0.0697232
46.5		0.0697232
46.6		0.0697232
46.7		0.0697232
46.8		0.0697232
46.9		0.0697232
47		0.0697232
47.1		0.0717507
47.2		0.0717507
47.3		0.0717507
47.4		0.0717507
47.5		0.0717507
47.6		0.0717507
47.7		0.0717507
47.8		0.0717507
47.9		0.0717507
48		0.0717507
48.1		0.0727852
48.2		0.0727852
48.3		0.0727852
48.4		0.0727852
48.5		0.0727852
48.6		0.0727852
48.7		0.0727852
48.8		0.0727852
48.9		0.0727852
49		0.0727852
49.1		0.0740266
49.2		0.0740266
49.3		0.0740266
49.4		0.0740266
49.5		0.0740266
49.6		0.0740266
49.7		0.0740266
49.8		0.0740266
49.9		0.0740266
50		0.0740266
50.1		0.0761369
50.2		0.0761369
50.3		0.0761369
50.4		0.0761369
50.5		0.0761369
50.6		0.0761369
50.7		0.0761369
50.8		0.0761369
50.9		0.0761369
51		0.0761369
51.1		0.0787024
51.2		0.0787024
51.3		0.0787024
51.4		0.0787024
51.5		0.0787024
51.6		0.0787024
51.7		0.0787024
51.8		0.0787024
51.9		0.0787024
52		0.0787024
52.1		0.0805644
52.2		0.0805644
52.3		0.0805644
52.4		0.0805644
52.5		0.0805644
52.6		0.0805644
52.7		0.0805644
52.8		0.0805644
52.9		0.0805644
53		0.0805644
53.1		0.0838747
53.2		0.0838747
53.3		0.0838747
53.4		0.0838747
53.5		0.0838747
53.6		0.0838747
53.7		0.0838747
53.8		0.0838747
53.9		0.0838747
54		0.0838747
54.1		0.0845368
54.2		0.0845368
54.3		0.0845368
54.4		0.0845368
54.5		0.0845368
54.6		0.0845368
54.7		0.0845368
54.8		0.0845368
54.9		0.0845368
55		0.0845368
55.1		0.0878471
55.2		0.0878471
55.3		0.0878471
55.4		0.0878471
55.5		0.0878471
55.6		0.0878471
55.7		0.0878471
55.8		0.0878471
55.9		0.0878471
56		0.0878471
56.1		0.0883022
56.2		0.0883022
56.3		0.0883022
56.4		0.0883022
56.5		0.0883022
56.6		0.0883022
56.7		0.0883022
56.8		0.0883022
56.9		0.0883022
57		0.0883022
57.1		0.0886333
57.2		0.0886333
57.3		0.0886333
57.4		0.0886333
57.5		0.0886333
57.6		0.0886333
57.7		0.0886333
57.8		0.0886333
57.9		0.0886333
58		0.0886333
58.1		0.0943849
58.2		0.0943849
58.3		0.0943849
58.4		0.0943849
58.5		0.0943849
58.6		0.0943849
58.7		0.0943849
58.8		0.0943849
58.9		0.0943849
59		0.0943849
59.1		0.0952539
59.2		0.0952539
59.3		0.0952539
59.4		0.0952539
59.5		0.0952539
59.6		0.0952539
59.7		0.0952539
59.8		0.0952539
59.9		0.0952539
60		0.0952539
60.1		0.095378
60.2		0.095378
60.3		0.095378
60.4		0.095378
60.5		0.095378
60.6		0.095378
60.7		0.095378
60.8		0.095378
60.9		0.095378
61		0.095378
61.1		0.0989779
61.2		0.0989779
61.3		0.0989779
61.4		0.0989779
61.5		0.0989779
61.6		0.0989779
61.7		0.0989779
61.8		0.0989779
61.9		0.0989779
62		0.0989779
62.1		0.10055
62.2		0.10055
62.3		0.10055
62.4		0.10055
62.5		0.10055
62.6		0.10055
62.7		0.10055
62.8		0.10055
62.9		0.10055
63		0.10055
63.1		0.101833
63.2		0.101833
63.3		0.101833
63.4		0.101833
63.5		0.101833
63.6		0.101833
63.7		0.101833
63.8		0.101833
63.9		0.101833
64		0.101833
64.1		0.105019
64.2		0.105019
64.3		0.105019
64.4		0.105019
64.5		0.105019
64.6		0.105019
64.7		0.105019
64.8		0.105019
64.9		0.105019
65		0.105019
65.1		0.105474
65.2		0.105474
65.3		0.105474
65.4		0.105474
65.5		0.105474
65.6		0.105474
65.7		0.105474
65.8		0.105474
65.9		0.105474
66		0.105474
66.1		0.109943
66.2		0.109943
66.3		0.109943
66.4		0.109943
66.5		0.109943
66.6		0.109943
66.7		0.109943
66.8		0.109943
66.9		0.109943
67		0.109943
67.1		0.110067
67.2		0.110067
67.3		0.110067
67.4		0.110067
67.5		0.110067
67.6		0.110067
67.7		0.110067
67.8		0.110067
67.9		0.110067
68		0.110067
68.1		0.111143
68.2		0.111143
68.3		0.111143
68.4		0.111143
68.5		0.111143
68.6		0.111143
68.7		0.111143
68.8		0.111143
68.9		0.111143
69		0.111143
69.1		0.111929
69.2		0.111929
69.3		0.111929
69.4		0.111929
69.5		0.111929
69.6		0.111929
69.7		0.111929
69.8		0.111929
69.9		0.111929
70		0.111929
70.1		0.11706
70.2		0.11706
70.3		0.11706
70.4		0.11706
70.5		0.11706
70.6		0.11706
70.7		0.11706
70.8		0.11706
70.9		0.11706
71		0.11706
71.1		0.122026
71.2		0.122026
71.3		0.122026
71.4		0.122026
71.5		0.122026
71.6		0.122026
71.7		0.122026
71.8		0.122026
71.9		0.122026
72		0.122026
72.1		0.122729
72.2		0.122729
72.3		0.122729
72.4		0.122729
72.5		0.122729
72.6		0.122729
72.7		0.122729
72.8		0.122729
72.9		0.122729
73		0.122729
73.1		0.122978
73.2		0.122978
73.3		0.122978
73.4		0.122978
73.5		0.122978
73.6		0.122978
73.7		0.122978
73.8		0.122978
73.9		0.122978
74		0.122978
74.1		0.123474
74.2		0.123474
74.3		0.123474
74.4		0.123474
74.5		0.123474
74.6		0.123474
74.7		0.123474
74.8		0.123474
74.9		0.123474
75		0.123474
75.1		0.128647
75.2		0.128647
75.3		0.128647
75.4		0.128647
75.5		0.128647
75.6		0.128647
75.7		0.128647
75.8		0.128647
75.9		0.128647
76		0.128647
76.1		0.129433
76.2		0.129433
76.3		0.129433
76.4		0.129433
76.5		0.129433
76.6		0.129433
76.7		0.129433
76.8		0.129433
76.9		0.129433
77		0.129433
77.1		0.133033
77.2		0.133033
77.3		0.133033
77.4		0.133033
77.5		0.133033
77.6		0.133033
77.7		0.133033
77.8		0.133033
77.9		0.133033
78		0.133033
78.1		0.133281
78.2		0.133281
78.3		0.133281
78.4		0.133281
78.5		0.133281
78.6		0.133281
78.7		0.133281
78.8		0.133281
78.9		0.133281
79		0.133281
79.1		0.134067
79.2		0.134067
79.3		0.134067
79.4		0.134067
79.5		0.134067
79.6		0.134067
79.7		0.134067
79.8		0.134067
79.9		0.134067
80		0.134067
80.1		0.138205
80.2		0.138205
80.3		0.138205
80.4		0.138205
80.5		0.138205
80.6		0.138205
80.7		0.138205
80.8		0.138205
80.9		0.138205
81		0.138205
81.1		0.141391
81.2		0.141391
81.3		0.141391
81.4		0.141391
81.5		0.141391
81.6		0.141391
81.7		0.141391
81.8		0.141391
81.9		0.141391
82		0.141391
82.1		0.141557
82.2		0.141557
82.3		0.141557
82.4		0.141557
82.5		0.141557
82.6		0.141557
82.7		0.141557
82.8		0.141557
82.9		0.141557
83		0.141557
83.1		0.145943
83.2		0.145943
83.3		0.145943
83.4		0.145943
83.5		0.145943
83.6		0.145943
83.7		0.145943
83.8		0.145943
83.9		0.145943
84		0.145943
84.1		0.146977
84.2		0.146977
84.3		0.146977
84.4		0.146977
84.5		0.146977
84.6		0.146977
84.7		0.146977
84.8		0.146977
84.9		0.146977
85		0.146977
85.1		0.149957
85.2		0.149957
85.3		0.149957
85.4		0.149957
85.5		0.149957
85.6		0.149957
85.7		0.149957
85.8		0.149957
85.9		0.149957
86		0.149957
86.1		0.151405
86.2		0.151405
86.3		0.151405
86.4		0.151405
86.5		0.151405
86.6		0.151405
86.7		0.151405
86.8		0.151405
86.9		0.151405
87		0.151405
87.1		0.153308
87.2		0.153308
87.3		0.153308
87.4		0.153308
87.5		0.153308
87.6		0.153308
87.7		0.153308
87.8		0.153308
87.9		0.153308
88		0.153308
88.1		0.154219
88.2		0.154219
88.3		0.154219
88.4		0.154219
88.5		0.154219
88.6		0.154219
88.7		0.154219
88.8		0.154219
88.9		0.154219
89		0.154219
89.1		0.157239
89.2		0.157239
89.3		0.157239
89.4		0.157239
89.5		0.157239
89.6		0.157239
89.7		0.157239
89.8		0.157239
89.9		0.157239
90		0.157239
90.1		0.157736
90.2		0.157736
90.3		0.157736
90.4		0.157736
90.5		0.157736
90.6		0.157736
90.7		0.157736
90.8		0.157736
90.9		0.157736
91		0.157736
91.1		0.161046
91.2		0.161046
91.3		0.161046
91.4		0.161046
91.5		0.161046
91.6		0.161046
91.7		0.161046
91.8		0.161046
91.9		0.161046
92		0.161046
92.1		0.162577
92.2		0.162577
92.3		0.162577
92.4		0.162577
92.5		0.162577
92.6		0.162577
92.7		0.162577
92.8		0.162577
92.9		0.162577
93		0.162577
93.1		0.16717
93.2		0.16717
93.3		0.16717
93.4		0.16717
93.5		0.16717
93.6		0.16717
93.7		0.16717
93.8		0.16717
93.9		0.16717
94		0.16717
94.1		0.168536
94.2		0.168536
94.3		0.168536
94.4		0.168536
94.5		0.168536
94.6		0.168536
94.7		0.168536
94.8		0.168536
94.9		0.168536
95		0.168536
95.1		0.168743
95.2		0.168743
95.3		0.168743
95.4		0.168743
95.5		0.168743
95.6		0.168743
95.7		0.168743
95.8		0.168743
95.9		0.168743
96		0.168743
96.1		0.16928
96.2		0.16928
96.3		0.16928
96.4		0.16928
96.5		0.16928
96.6		0.16928
96.7		0.16928
96.8		0.16928
96.9		0.16928
97		0.16928
97.1		0.172384
97.2		0.172384
97.3		0.172384
97.4		0.172384
97.5		0.172384
97.6		0.172384
97.7		0.172384
97.8		0.172384
97.9		0.172384
98		0.172384
98.1		0.174204
98.2		0.174204
98.3		0.174204
98.4		0.174204
98.5		0.174204
98.6		0.174204
98.7		0.174204
98.8		0.174204
98.9		0.174204
99		0.174204
99.1		0.178053
99.2		0.178053
99.3		0.178053
99.4		0.178053
99.5		0.178053
99.6		0.178053
99.7		0.178053
99.8		0.178053
99.9		0.178053
100		0.178053
100.1		0.17826
100.2		0.17826
100.3		0.17826
100.4		0.17826
100.5		0.17826
100.6		0.17826
100.7		0.17826
100.8		0.17826
100.9		0.17826
101		0.17826
101.1		0.18037
101.2		0.18037
101.3		0.18037
101.4		0.18037
101.5		0.18037
101.6		0.18037
101.7		0.18037
101.8		0.18037
101.9		0.18037
102		0.18037
102.1		0.183597
102.2		0.183597
102.3		0.183597
102.4		0.183597
102.5		0.183597
102.6		0.183597
102.7		0.183597
102.8		0.183597
102.9		0.183597
103		0.183597
103.1		0.185625
103.2		0.185625
103.3		0.185625
103.4		0.185625
103.5		0.185625
103.6		0.185625
103.7		0.185625
103.8		0.185625
103.9		0.185625
104		0.185625
104.1		0.18728
104.2		0.18728
104.3		0.18728
104.4		0.18728
104.5		0.18728
104.6		0.18728
104.7		0.18728
104.8		0.18728
104.9		0.18728
105		0.18728
105.1		0.187777
105.2		0.187777
105.3		0.187777
105.4		0.187777
105.5		0.187777
105.6		0.187777
105.7		0.187777
105.8		0.187777
105.9		0.187777
106		0.187777
106.1		0.191997
106.2		0.191997
106.3		0.191997
106.4		0.191997
106.5		0.191997
106.6		0.191997
106.7		0.191997
106.8		0.191997
106.9		0.191997
107		0.191997
107.1		0.192287
107.2		0.192287
107.3		0.192287
107.4		0.192287
107.5		0.192287
107.6		0.192287
107.7		0.192287
107.8		0.192287
107.9		0.192287
108		0.192287
108.1		0.19448
108.2		0.19448
108.3		0.19448
108.4		0.19448
108.5		0.19448
108.6		0.19448
108.7		0.19448
108.8		0.19448
108.9		0.19448
109		0.19448
109.1		0.195142
109.2		0.195142
109.3		0.195142
109.4		0.195142
109.5		0.195142
109.6		0.195142
109.7		0.195142
109.8		0.195142
109.9		0.195142
110		0.195142
110.1		0.199487
110.2		0.199487
110.3		0.199487
110.4		0.199487
110.5		0.199487
110.6		0.199487
110.7		0.199487
110.8		0.199487
110.9		0.199487
111		0.199487
111.1		0.20197
111.2		0.20197
111.3		0.20197
111.4		0.20197
111.5		0.20197
111.6		0.20197
111.7		0.20197
111.8		0.20197
111.9		0.20197
112		0.20197
112.1		0.202383
112.2		0.202383
112.3		0.202383
112.4		0.202383
112.5		0.202383
112.6		0.202383
112.7		0.202383
112.8		0.202383
112.9		0.202383
113		0.202383
113.1		0.202963
113.2		0.202963
113.3		0.202963
113.4		0.202963
113.5		0.202963
113.6		0.202963
113.7		0.202963
113.8		0.202963
113.9		0.202963
114		0.202963
114.1		0.206521
114.2		0.206521
114.3		0.206521
114.4		0.206521
114.5		0.206521
114.6		0.206521
114.7		0.206521
114.8		0.206521
114.9		0.206521
115		0.206521
115.1		0.207101
115.2		0.207101
115.3		0.207101
115.4		0.207101
115.5		0.207101
115.6		0.207101
115.7		0.207101
115.8		0.207101
115.9		0.207101
116		0.207101
116.1		0.210287
116.2		0.210287
116.3		0.210287
116.4		0.210287
116.5		0.210287
116.6		0.210287
116.7		0.210287
116.8		0.210287
116.9		0.210287
117		0.210287
117.1		0.212025
117.2		0.212025
117.3		0.212025
117.4		0.212025
117.5		0.212025
117.6		0.212025
117.7		0.212025
117.8		0.212025
117.9		0.212025
118		0.212025
118.1		0.212273
118.2		0.212273
118.3		0.212273
118.4		0.212273
118.5		0.212273
118.6		0.212273
118.7		0.212273
118.8		0.212273
118.9		0.212273
119		0.212273
119.1		0.217445
119.2		0.217445
119.3		0.217445
119.4		0.217445
119.5		0.217445
119.6		0.217445
119.7		0.217445
119.8		0.217445
119.9		0.217445
120		0.217445
120.1		0.217652
120.2		0.217652
120.3		0.217652
120.4		0.217652
120.5		0.217652
120.6		0.217652
120.7		0.217652
120.8		0.217652
120.9		0.217652
121		0.217652
121.1		0.219928
121.2		0.219928
121.3		0.219928
121.4		0.219928
121.5		0.219928
121.6		0.219928
121.7		0.219928
121.8		0.219928
121.9		0.219928
122		0.219928
122.1		0.222618
122.2		0.222618
122.3		0.222618
122.4		0.222618
122.5		0.222618
122.6		0.222618
122.7		0.222618
122.8		0.222618
122.9		0.222618
123		0.222618
123.1		0.223404
123.2		0.223404
123.3		0.223404
123.4		0.223404
123.5		0.223404
123.6		0.223404
123.7		0.223404
123.8		0.223404
123.9		0.223404
124		0.223404
124.1		0.224811
124.2		0.224811
124.3		0.224811
124.4		0.224811
124.5		0.224811
124.6		0.224811
124.7		0.224811
124.8		0.224811
124.9		0.224811
125		0.224811
125.1		0.228452
125.2		0.228452
125.3		0.228452
125.4		0.228452
125.5		0.228452
125.6		0.228452
125.7		0.228452
125.8		0.228452
125.9		0.228452
126		0.228452
126.1		0.229859
126.2		0.229859
126.3		0.229859
126.4		0.229859
126.5		0.229859
126.6		0.229859
126.7		0.229859
126.8		0.229859
126.9		0.229859
127		0.229859
127.1		0.232797
127.2		0.232797
127.3		0.232797
127.4		0.232797
127.5		0.232797
127.6		0.232797
127.7		0.232797
127.8		0.232797
127.9		0.232797
128		0.232797
128.1		0.234617
128.2		0.234617
128.3		0.234617
128.4		0.234617
128.5		0.234617
128.6		0.234617
128.7		0.234617
128.8		0.234617
128.9		0.234617
129		0.234617
129.1		0.236976
129.2		0.236976
129.3		0.236976
129.4		0.236976
129.5		0.236976
129.6		0.236976
129.7		0.236976
129.8		0.236976
129.9		0.236976
130		0.236976
130.1		0.237224
130.2		0.237224
130.3		0.237224
130.4		0.237224
130.5		0.237224
130.6		0.237224
130.7		0.237224
130.8		0.237224
130.9		0.237224
131		0.237224
131.1		0.241776
131.2		0.241776
131.3		0.241776
131.4		0.241776
131.5		0.241776
131.6		0.241776
131.7		0.241776
131.8		0.241776
131.9		0.241776
132		0.241776
132.1		0.244714
132.2		0.244714
132.3		0.244714
132.4		0.244714
132.5		0.244714
132.6		0.244714
132.7		0.244714
132.8		0.244714
132.9		0.244714
133		0.244714
133.1		0.246328
133.2		0.246328
133.3		0.246328
133.4		0.246328
133.5		0.246328
133.6		0.246328
133.7		0.246328
133.8		0.246328
133.9		0.246328
134		0.246328
134.1		0.24699
134.2		0.24699
134.3		0.24699
134.4		0.24699
134.5		0.24699
134.6		0.24699
134.7		0.24699
134.8		0.24699
134.9		0.24699
135		0.24699
135.1		0.24819
135.2		0.24819
135.3		0.24819
135.4		0.24819
135.5		0.24819
135.6		0.24819
135.7		0.24819
135.8		0.24819
135.9		0.24819
136		0.24819
136.1		0.252617
136.2		0.252617
136.3		0.252617
136.4		0.252617
136.5		0.252617
136.6		0.252617
136.7		0.252617
136.8		0.252617
136.9		0.252617
137		0.252617
137.1		0.254769
137.2		0.254769
137.3		0.254769
137.4		0.254769
137.5		0.254769
137.6		0.254769
137.7		0.254769
137.8		0.254769
137.9		0.254769
138		0.254769
138.1		0.254769
138.2		0.254769
138.3		0.254769
138.4		0.254769
138.5		0.254769
138.6		0.254769
138.7		0.254769
138.8		0.254769
138.9		0.254769
139		0.254769
139.1		0.257376
139.2		0.257376
139.3		0.257376
139.4		0.257376
139.5		0.257376
139.6		0.257376
139.7		0.257376
139.8		0.257376
139.9		0.257376
140		0.257376
140.1		0.260852
140.2		0.260852
140.3		0.260852
140.4		0.260852
140.5		0.260852
140.6		0.260852
140.7		0.260852
140.8		0.260852
140.9		0.260852
141		0.260852
141.1		0.262589
141.2		0.262589
141.3		0.262589
141.4		0.262589
141.5		0.262589
141.6		0.262589
141.7		0.262589
141.8		0.262589
141.9		0.262589
142		0.262589
142.1		0.263293
142.2		0.263293
142.3		0.263293
142.4		0.263293
142.5		0.263293
142.6		0.263293
142.7		0.263293
142.8		0.263293
142.9		0.263293
143		0.263293
143.1		0.266314
143.2		0.266314
143.3		0.266314
143.4		0.266314
143.5		0.266314
143.6		0.266314
143.7		0.266314
143.8		0.266314
143.9		0.266314
144		0.266314
144.1		0.268672
144.2		0.268672
144.3		0.268672
144.4		0.268672
144.5		0.268672
144.6		0.268672
144.7		0.268672
144.8		0.268672
144.9		0.268672
145		0.268672
145.1		0.269003
145.2		0.269003
145.3		0.269003
145.4		0.269003
145.5		0.269003
145.6		0.269003
145.7		0.269003
145.8		0.269003
145.9		0.269003
146		0.269003
146.1		0.269417
146.2		0.269417
146.3		0.269417
146.4		0.269417
146.5		0.269417
146.6		0.269417
146.7		0.269417
146.8		0.269417
146.9		0.269417
147		0.269417
147.1		0.271527
147.2		0.271527
147.3		0.271527
147.4		0.271527
147.5		0.271527
147.6		0.271527
147.7		0.271527
147.8		0.271527
147.9		0.271527
148		0.271527
148.1		0.277238
148.2		0.277238
148.3		0.277238
148.4		0.277238
148.5		0.277238
148.6		0.277238
148.7		0.277238
148.8		0.277238
148.9		0.277238
149		0.277238
149.1		0.278769
149.2		0.278769
149.3		0.278769
149.4		0.278769
149.5		0.278769
149.6		0.278769
149.7		0.278769
149.8		0.278769
149.9		0.278769
150		0.278769
150.1		0.2791
150.2		0.2791
150.3		0.2791
150.4		0.2791
150.5		0.2791
150.6		0.2791
150.7		0.2791
150.8		0.2791
150.9		0.2791
151		0.2791
151.1		0.279224
151.2		0.279224
151.3		0.279224
151.4		0.279224
151.5		0.279224
151.6		0.279224
151.7		0.279224
151.8		0.279224
151.9		0.279224
152		0.279224
152.1		0.2839
152.2		0.2839
152.3		0.2839
152.4		0.2839
152.5		0.2839
152.6		0.2839
152.7		0.2839
152.8		0.2839
152.9		0.2839
153		0.2839
153.1		0.284065
153.2		0.284065
153.3		0.284065
153.4		0.284065
153.5		0.284065
153.6		0.284065
153.7		0.284065
153.8		0.284065
153.9		0.284065
154		0.284065
154.1		0.285555
154.2		0.285555
154.3		0.285555
154.4		0.285555
154.5		0.285555
154.6		0.285555
154.7		0.285555
154.8		0.285555
154.9		0.285555
155		0.285555
155.1		0.289279
155.2		0.289279
155.3		0.289279
155.4		0.289279
155.5		0.289279
155.6		0.289279
155.7		0.289279
155.8		0.289279
155.9		0.289279
156		0.289279
156.1		0.291679
156.2		0.291679
156.3		0.291679
156.4		0.291679
156.5		0.291679
156.6		0.291679
156.7		0.291679
156.8		0.291679
156.9		0.291679
157		0.291679
157.1		0.293044
157.2		0.293044
157.3		0.293044
157.4		0.293044
157.5		0.293044
157.6		0.293044
157.7		0.293044
157.8		0.293044
157.9		0.293044
158		0.293044
158.1		0.294079
158.2		0.294079
158.3		0.294079
158.4		0.294079
158.5		0.294079
158.6		0.294079
158.7		0.294079
158.8		0.294079
158.9		0.294079
159		0.294079
159.1		0.29561
159.2		0.29561
159.3		0.29561
159.4		0.29561
159.5		0.29561
159.6		0.29561
159.7		0.29561
159.8		0.29561
159.9		0.29561
160		0.29561
160.1		0.29983
160.2		0.29983
160.3		0.29983
160.4		0.29983
160.5		0.29983
160.6		0.29983
160.7		0.29983
160.8		0.29983
160.9		0.29983
161		0.29983
161.1		0.299913
161.2		0.299913
161.3		0.299913
161.4		0.299913
161.5		0.299913
161.6		0.299913
161.7		0.299913
161.8		0.299913
161.9		0.299913
162		0.299913
162.1		0.304423
162.2		0.304423
162.3		0.304423
162.4		0.304423
162.5		0.304423
162.6		0.304423
162.7		0.304423
162.8		0.304423
162.9		0.304423
163		0.304423
163.1		0.305541
163.2		0.305541
163.3		0.305541
163.4		0.305541
163.5		0.305541
163.6		0.305541
163.7		0.305541
163.8		0.305541
163.9		0.305541
164		0.305541
164.1		0.306037
164.2		0.306037
164.3		0.306037
164.4		0.306037
164.5		0.306037
164.6		0.306037
164.7		0.306037
164.8		0.306037
164.9		0.306037
165		0.306037
165.1		0.309099
165.2		0.309099
165.3		0.309099
165.4		0.309099
165.5		0.309099
165.6		0.309099
165.7		0.309099
165.8		0.309099
165.9		0.309099
166		0.309099
166.1		0.311872
166.2		0.311872
166.3		0.311872
166.4		0.311872
166.5		0.311872
166.6		0.311872
166.7		0.311872
166.8		0.311872
166.9		0.311872
167		0.311872
167.1		0.314189
167.2		0.314189
167.3		0.314189
167.4		0.314189
167.5		0.314189
167.6		0.314189
167.7		0.314189
167.8		0.314189
167.9		0.314189
168		0.314189
168.1		0.314478
168.2		0.314478
168.3		0.314478
168.4		0.314478
168.5		0.314478
168.6		0.314478
168.7		0.314478
168.8		0.314478
168.9		0.314478
169		0.314478
169.1		0.314685
169.2		0.314685
169.3		0.314685
169.4		0.314685
169.5		0.314685
169.6		0.314685
169.7		0.314685
169.8		0.314685
169.9		0.314685
170		0.314685
170.1		0.319816
170.2		0.319816
170.3		0.319816
170.4		0.319816
170.5		0.319816
170.6		0.319816
170.7		0.319816
170.8		0.319816
170.9		0.319816
171		0.319816
171.1		0.321678
171.2		0.321678
171.3		0.321678
171.4		0.321678
171.5		0.321678
171.6		0.321678
171.7		0.321678
171.8		0.321678
171.9		0.321678
172		0.321678
172.1		0.321885
172.2		0.321885
172.3		0.321885
172.4		0.321885
172.5		0.321885
172.6		0.321885
172.7		0.321885
172.8		0.321885
172.9		0.321885
173		0.321885
173.1		0.322092
173.2		0.322092
173.3		0.322092
173.4		0.322092
173.5		0.322092
173.6		0.322092
173.7		0.322092
173.8		0.322092
173.9		0.322092
174		0.322092
174.1		0.326768
174.2		0.326768
174.3		0.326768
174.4		0.326768
174.5		0.326768
174.6		0.326768
174.7		0.326768
174.8		0.326768
174.9		0.326768
175		0.326768
175.1		0.329085
175.2		0.329085
175.3		0.329085
175.4		0.329085
175.5		0.329085
175.6		0.329085
175.7		0.329085
175.8		0.329085
175.9		0.329085
176		0.329085
176.1		0.331444
176.2		0.331444
176.3		0.331444
176.4		0.331444
176.5		0.331444
176.6		0.331444
176.7		0.331444
176.8		0.331444
176.9		0.331444
177		0.331444
177.1		0.332437
177.2		0.332437
177.3		0.332437
177.4		0.332437
177.5		0.332437
177.6		0.332437
177.7		0.332437
177.8		0.332437
177.9		0.332437
178		0.332437
178.1		0.336244
178.2		0.336244
178.3		0.336244
178.4		0.336244
178.5		0.336244
178.6		0.336244
178.7		0.336244
178.8		0.336244
178.9		0.336244
179		0.336244
179.1		0.337733
179.2		0.337733
179.3		0.337733
179.4		0.337733
179.5		0.337733
179.6		0.337733
179.7		0.337733
179.8		0.337733
179.9		0.337733
180		0.337733
180.1		0.337775
180.2		0.337775
180.3		0.337775
180.4		0.337775
180.5		0.337775
180.6		0.337775
180.7		0.337775
180.8		0.337775
180.9		0.337775
181		0.337775
181.1		0.340216
181.2		0.340216
181.3		0.340216
181.4		0.340216
181.5		0.340216
181.6		0.340216
181.7		0.340216
181.8		0.340216
181.9		0.340216
182		0.340216
182.1		0.343981
182.2		0.343981
182.3		0.343981
182.4		0.343981
182.5		0.343981
182.6		0.343981
182.7		0.343981
182.8		0.343981
182.9		0.343981
183		0.343981
183.1		0.345844
183.2		0.345844
183.3		0.345844
183.4		0.345844
183.5		0.345844
183.6		0.345844
183.7		0.345844
183.8		0.345844
183.9		0.345844
184		0.345844
184.1		0.347002
184.2		0.347002
184.3		0.347002
184.4		0.347002
184.5		0.347002
184.6		0.347002
184.7		0.347002
184.8		0.347002
184.9		0.347002
185		0.347002
185.1		0.347457
185.2		0.347457
185.3		0.347457
185.4		0.347457
185.5		0.347457
185.6		0.347457
185.7		0.347457
185.8		0.347457
185.9		0.347457
186		0.347457
186.1		0.352588
186.2		0.352588
186.3		0.352588
186.4		0.352588
186.5		0.352588
186.6		0.352588
186.7		0.352588
186.8		0.352588
186.9		0.352588
187		0.352588
187.1		0.355899
187.2		0.355899
187.3		0.355899
187.4		0.355899
187.5		0.355899
187.6		0.355899
187.7		0.355899
187.8		0.355899
187.9		0.355899
188		0.355899
188.1		0.356767
188.2		0.356767
188.3		0.356767
188.4		0.356767
188.5		0.356767
188.6		0.356767
188.7		0.356767
188.8		0.356767
188.9		0.356767
189		0.356767
189.1		0.358836
189.2		0.358836
189.3		0.358836
189.4		0.358836
189.5		0.358836
189.6		0.358836
189.7		0.358836
189.8		0.358836
189.9		0.358836
190		0.358836
190.1		0.360285
190.2		0.360285
190.3		0.360285
190.4		0.360285
190.5		0.360285
190.6		0.360285
190.7		0.360285
190.8		0.360285
190.9		0.360285
191		0.360285
191.1		0.362809
191.2		0.362809
191.3		0.362809
191.4		0.362809
191.5		0.362809
191.6		0.362809
191.7		0.362809
191.8		0.362809
191.9		0.362809
192		0.362809
192.1		0.363347
192.2		0.363347
192.3		0.363347
192.4		0.363347
192.5		0.363347
192.6		0.363347
192.7		0.363347
192.8		0.363347
192.9		0.363347
193		0.363347
193.1		0.366202
193.2		0.366202
193.3		0.366202
193.4		0.366202
193.5		0.366202
193.6		0.366202
193.7		0.366202
193.8		0.366202
193.9		0.366202
194		0.366202
194.1		0.369429
194.2		0.369429
194.3		0.369429
194.4		0.369429
194.5		0.369429
194.6		0.369429
194.7		0.369429
194.8		0.369429
194.9		0.369429
195		0.369429
195.1		0.371374
195.2		0.371374
195.3		0.371374
195.4		0.371374
195.5		0.371374
195.6		0.371374
195.7		0.371374
195.8		0.371374
195.9		0.371374
196		0.371374
196.1		0.372905
196.2		0.372905
196.3		0.372905
196.4		0.372905
196.5		0.372905
196.6		0.372905
196.7		0.372905
196.8		0.372905
196.9		0.372905
197		0.372905
197.1		0.373857
197.2		0.373857
197.3		0.373857
197.4		0.373857
197.5		0.373857
197.6		0.373857
197.7		0.373857
197.8		0.373857
197.9		0.373857
198		0.373857
198.1		0.375802
198.2		0.375802
198.3		0.375802
198.4		0.375802
198.5		0.375802
198.6		0.375802
198.7		0.375802
198.8		0.375802
198.9		0.375802
199		0.375802
199.1		0.378574
199.2		0.378574
199.3		0.378574
199.4		0.378574
199.5		0.378574
199.6		0.378574
199.7		0.378574
199.8		0.378574
199.9		0.378574
200		0.378574
200.1		0.381553
200.2		0.381553
200.3		0.381553
200.4		0.381553
200.5		0.381553
200.6		0.381553
200.7		0.381553
200.8		0.381553
200.9		0.381553
201		0.381553
201.1		0.383333
201.2		0.383333
201.3		0.383333
201.4		0.383333
201.5		0.383333
201.6		0.383333
201.7		0.383333
201.8		0.383333
201.9		0.383333
202		0.383333
202.1		0.384284
202.2		0.384284
202.3		0.384284
202.4		0.384284
202.5		0.384284
202.6		0.384284
202.7		0.384284
202.8		0.384284
202.9		0.384284
203		0.384284
203.1		0.386312
203.2		0.386312
203.3		0.386312
203.4		0.386312
203.5		0.386312
203.6		0.386312
203.7		0.386312
203.8		0.386312
203.9		0.386312
204		0.386312
204.1		0.387388
204.2		0.387388
204.3		0.387388
204.4		0.387388
204.5		0.387388
204.6		0.387388
204.7		0.387388
204.8		0.387388
204.9		0.387388
205		0.387388
205.1		0.391608
205.2		0.391608
205.3		0.391608
205.4		0.391608
205.5		0.391608
205.6		0.391608
205.7		0.391608
205.8		0.391608
205.9		0.391608
206		0.391608
206.1		0.392684
206.2		0.392684
206.3		0.392684
206.4		0.392684
206.5		0.392684
206.6		0.392684
206.7		0.392684
206.8		0.392684
206.9		0.392684
207		0.392684
207.1		0.395622
207.2		0.395622
207.3		0.395622
207.4		0.395622
207.5		0.395622
207.6		0.395622
207.7		0.395622
207.8		0.395622
207.9		0.395622
208		0.395622
208.1		0.397236
208.2		0.397236
208.3		0.397236
208.4		0.397236
208.5		0.397236
208.6		0.397236
208.7		0.397236
208.8		0.397236
208.9		0.397236
209		0.397236
209.1		0.398726
209.2		0.398726
209.3		0.398726
209.4		0.398726
209.5		0.398726
209.6		0.398726
209.7		0.398726
209.8		0.398726
209.9		0.398726
210		0.398726
210.1		0.398974
210.2		0.398974
210.3		0.398974
210.4		0.398974
210.5		0.398974
210.6		0.398974
210.7		0.398974
210.8		0.398974
210.9		0.398974
211		0.398974
211.1		0.402119
211.2		0.402119
211.3		0.402119
211.4		0.402119
211.5		0.402119
211.6		0.402119
211.7		0.402119
211.8		0.402119
211.9		0.402119
212		0.402119
212.1		0.407787
212.2		0.407787
212.3		0.407787
212.4		0.407787
212.5		0.407787
212.6		0.407787
212.7		0.407787
212.8		0.407787
212.9		0.407787
213		0.407787
213.1		0.407994
213.2		0.407994
213.3		0.407994
213.4		0.407994
213.5		0.407994
213.6		0.407994
213.7		0.407994
213.8		0.407994
213.9		0.407994
214		0.407994
214.1		0.411015
214.2		0.411015
214.3		0.411015
214.4		0.411015
214.5		0.411015
214.6		0.411015
214.7		0.411015
214.8		0.411015
214.9		0.411015
215		0.411015
215.1		0.411553
215.2		0.411553
215.3		0.411553
215.4		0.411553
215.5		0.411553
215.6		0.411553
215.7		0.411553
215.8		0.411553
215.9		0.411553
216		0.411553
216.1		0.415732
216.2		0.415732
216.3		0.415732
216.4		0.415732
216.5		0.415732
216.6		0.415732
216.7		0.415732
216.8		0.415732
216.9		0.415732
217		0.415732
217.1		0.417843
217.2		0.417843
217.3		0.417843
217.4		0.417843
217.5		0.417843
217.6		0.417843
217.7		0.417843
217.8		0.417843
217.9		0.417843
218		0.417843
218.1		0.418256
218.2		0.418256
218.3		0.418256
218.4		0.418256
218.5		0.418256
218.6		0.418256
218.7		0.418256
218.8		0.418256
218.9		0.418256
219		0.418256
219.1		0.419456
219.2		0.419456
219.3		0.419456
219.4		0.419456
219.5		0.419456
219.6		0.419456
219.7		0.419456
219.8		0.419456
219.9		0.419456
220		0.419456
220.1		0.422601
220.2		0.422601
220.3		0.422601
220.4		0.422601
220.5		0.422601
220.6		0.422601
220.7		0.422601
220.8		0.422601
220.9		0.422601
221		0.422601
221.1		0.425415
221.2		0.425415
221.3		0.425415
221.4		0.425415
221.5		0.425415
221.6		0.425415
221.7		0.425415
221.8		0.425415
221.9		0.425415
222		0.425415
222.1		0.426532
222.2		0.426532
222.3		0.426532
222.4		0.426532
222.5		0.426532
222.6		0.426532
222.7		0.426532
222.8		0.426532
222.9		0.426532
223		0.426532
223.1		0.427484
223.2		0.427484
223.3		0.427484
223.4		0.427484
223.5		0.427484
223.6		0.427484
223.7		0.427484
223.8		0.427484
223.9		0.427484
224		0.427484
224.1		0.430711
224.2		0.430711
224.3		0.430711
224.4		0.430711
224.5		0.430711
224.6		0.430711
224.7		0.430711
224.8		0.430711
224.9		0.430711
225		0.430711
225.1		0.43278
225.2		0.43278
225.3		0.43278
225.4		0.43278
225.5		0.43278
225.6		0.43278
225.7		0.43278
225.8		0.43278
225.9		0.43278
226		0.43278
226.1		0.434518
226.2		0.434518
226.3		0.434518
226.4		0.434518
226.5		0.434518
226.6		0.434518
226.7		0.434518
226.8		0.434518
226.9		0.434518
227		0.434518
227.1		0.435304
227.2		0.435304
227.3		0.435304
227.4		0.435304
227.5		0.435304
227.6		0.435304
227.7		0.435304
227.8		0.435304
227.9		0.435304
228		0.435304
228.1		0.439566
228.2		0.439566
228.3		0.439566
228.4		0.439566
228.5		0.439566
228.6		0.439566
228.7		0.439566
228.8		0.439566
228.9		0.439566
229		0.439566
229.1		0.440932
229.2		0.440932
229.3		0.440932
229.4		0.440932
229.5		0.440932
229.6		0.440932
229.7		0.440932
229.8		0.440932
229.9		0.440932
230		0.440932
230.1		0.444242
230.2		0.444242
230.3		0.444242
230.4		0.444242
230.5		0.444242
230.6		0.444242
230.7		0.444242
230.8		0.444242
230.9		0.444242
231		0.444242
231.1		0.444532
231.2		0.444532
231.3		0.444532
231.4		0.444532
231.5		0.444532
231.6		0.444532
231.7		0.444532
231.8		0.444532
231.9		0.444532
232		0.444532
232.1		0.446849
232.2		0.446849
232.3		0.446849
232.4		0.446849
232.5		0.446849
232.6		0.446849
232.7		0.446849
232.8		0.446849
232.9		0.446849
233		0.446849
233.1		0.45107
233.2		0.45107
233.3		0.45107
233.4		0.45107
233.5		0.45107
233.6		0.45107
233.7		0.45107
233.8		0.45107
233.9		0.45107
234		0.45107
234.1		0.451359
234.2		0.451359
234.3		0.451359
234.4		0.451359
234.5		0.451359
234.6		0.451359
234.7		0.451359
234.8		0.451359
234.9		0.451359
235		0.451359
235.1		0.452683
235.2		0.452683
235.3		0.452683
235.4		0.452683
235.5		0.452683
235.6		0.452683
235.7		0.452683
235.8		0.452683
235.9		0.452683
236		0.452683
236.1		0.454545
236.2		0.454545
236.3		0.454545
236.4		0.454545
236.5		0.454545
236.6		0.454545
236.7		0.454545
236.8		0.454545
236.9		0.454545
237		0.454545
237.1		0.45529
237.2		0.45529
237.3		0.45529
237.4		0.45529
237.5		0.45529
237.6		0.45529
237.7		0.45529
237.8		0.45529
237.9		0.45529
238		0.45529
238.1		0.459387
238.2		0.459387
238.3		0.459387
238.4		0.459387
238.5		0.459387
238.6		0.459387
238.7		0.459387
238.8		0.459387
238.9		0.459387
239		0.459387
239.1		0.462697
239.2		0.462697
239.3		0.462697
239.4		0.462697
239.5		0.462697
239.6		0.462697
239.7		0.462697
239.8		0.462697
239.9		0.462697
240		0.462697
240.1		0.463194
240.2		0.463194
240.3		0.463194
240.4		0.463194
240.5		0.463194
240.6		0.463194
240.7		0.463194
240.8		0.463194
240.9		0.463194
241		0.463194
241.1		0.464145
241.2		0.464145
241.3		0.464145
241.4		0.464145
241.5		0.464145
241.6		0.464145
241.7		0.464145
241.8		0.464145
241.9		0.464145
242		0.464145
242.1		0.465925
242.2		0.465925
242.3		0.465925
242.4		0.465925
242.5		0.465925
242.6		0.465925
242.7		0.465925
242.8		0.465925
242.9		0.465925
243		0.465925
243.1		0.470021
243.2		0.470021
243.3		0.470021
243.4		0.470021
243.5		0.470021
243.6		0.470021
243.7		0.470021
243.8		0.470021
243.9		0.470021
244		0.470021
244.1		0.470352
244.2		0.470352
244.3		0.470352
244.4		0.470352
244.5		0.470352
244.6		0.470352
244.7		0.470352
244.8		0.470352
244.9		0.470352
245		0.470352
245.1		0.473166
245.2		0.473166
245.3		0.473166
245.4		0.473166
245.5		0.473166
245.6		0.473166
245.7		0.473166
245.8		0.473166
245.9		0.473166
246		0.473166
246.1		0.4766
246.2		0.4766
246.3		0.4766
246.4		0.4766
246.5		0.4766
246.6		0.4766
246.7		0.4766
246.8		0.4766
246.9		0.4766
247		0.4766
247.1		0.477097
247.2		0.477097
247.3		0.477097
247.4		0.477097
247.5		0.477097
247.6		0.477097
247.7		0.477097
247.8		0.477097
247.9		0.477097
248		0.477097
248.1		0.479
248.2		0.479
248.3		0.479
248.4		0.479
248.5		0.479
248.6		0.479
248.7		0.479
248.8		0.479
248.9		0.479
249		0.479
249.1		0.480449
249.2		0.480449
249.3		0.480449
249.4		0.480449
249.5		0.480449
249.6		0.480449
249.7		0.480449
249.8		0.480449
249.9		0.480449
250		0.480449
250.1		0.482559
250.2		0.482559
250.3		0.482559
250.4		0.482559
250.5		0.482559
250.6		0.482559
250.7		0.482559
250.8		0.482559
250.9		0.482559
251		0.482559
251.1		0.485828
251.2		0.485828
251.3		0.485828
251.4		0.485828
251.5		0.485828
251.6		0.485828
251.7		0.485828
251.8		0.485828
251.9		0.485828
252		0.485828
252.1		0.488766
252.2		0.488766
252.3		0.488766
252.4		0.488766
252.5		0.488766
252.6		0.488766
252.7		0.488766
252.8		0.488766
252.9		0.488766
253		0.488766
253.1		0.489055
253.2		0.489055
253.3		0.489055
253.4		0.489055
253.5		0.489055
253.6		0.489055
253.7		0.489055
253.8		0.489055
253.9		0.489055
254		0.489055
254.1		0.491331
254.2		0.491331
254.3		0.491331
254.4		0.491331
254.5		0.491331
254.6		0.491331
254.7		0.491331
254.8		0.491331
254.9		0.491331
255		0.491331
255.1		0.493359
255.2		0.493359
255.3		0.493359
255.4		0.493359
255.5		0.493359
255.6		0.493359
255.7		0.493359
255.8		0.493359
255.9		0.493359
256		0.493359
256.1		0.496421
256.2		0.496421
256.3		0.496421
256.4		0.496421
256.5		0.496421
256.6		0.496421
256.7		0.496421
256.8		0.496421
256.9		0.496421
257		0.496421
257.1		0.496793
257.2		0.496793
257.3		0.496793
257.4		0.496793
257.5		0.496793
257.6		0.496793
257.7		0.496793
257.8		0.496793
257.9		0.496793
258		0.496793
258.1		0.498241
258.2		0.498241
258.3		0.498241
258.4		0.498241
258.5		0.498241
258.6		0.498241
258.7		0.498241
258.8		0.498241
258.9		0.498241
259		0.498241
259.1		0.500393
259.2		0.500393
259.3		0.500393
259.4		0.500393
259.5		0.500393
259.6		0.500393
259.7		0.500393
259.8		0.500393
259.9		0.500393
260		0.500393
260.1		0.504821
260.2		0.504821
260.3		0.504821
260.4		0.504821
260.5		0.504821
260.6		0.504821
260.7		0.504821
260.8		0.504821
260.9		0.504821
261		0.504821
261.1		0.504945
261.2		0.504945
261.3		0.504945
261.4		0.504945
261.5		0.504945
261.6		0.504945
261.7		0.504945
261.8		0.504945
261.9		0.504945
262		0.504945
262.1		0.506476
262.2		0.506476
262.3		0.506476
262.4		0.506476
262.5		0.506476
262.6		0.506476
262.7		0.506476
262.8		0.506476
262.9		0.506476
263		0.506476
263.1		0.506724
263.2		0.506724
263.3		0.506724
263.4		0.506724
263.5		0.506724
263.6		0.506724
263.7		0.506724
263.8		0.506724
263.9		0.506724
264		0.506724
264.1		0.511152
264.2		0.511152
264.3		0.511152
264.4		0.511152
264.5		0.511152
264.6		0.511152
264.7		0.511152
264.8		0.511152
264.9		0.511152
265		0.511152
265.1		0.512352
265.2		0.512352
265.3		0.512352
265.4		0.512352
265.5		0.512352
265.6		0.512352
265.7		0.512352
265.8		0.512352
265.9		0.512352
266		0.512352
266.1		0.514089
266.2		0.514089
266.3		0.514089
266.4		0.514089
266.5		0.514089
266.6		0.514089
266.7		0.514089
266.8		0.514089
266.9		0.514089
267		0.514089
267.1		0.515124
267.2		0.515124
267.3		0.515124
267.4		0.515124
267.5		0.515124
267.6		0.515124
267.7		0.515124
267.8		0.515124
267.9		0.515124
268		0.515124
268.1		0.517731
268.2		0.517731
268.3		0.517731
268.4		0.517731
268.5		0.517731
268.6		0.517731
268.7		0.517731
268.8		0.517731
268.9		0.517731
269		0.517731
269.1		0.51951
269.2		0.51951
269.3		0.51951
269.4		0.51951
269.5		0.51951
269.6		0.51951
269.7		0.51951
269.8		0.51951
269.9		0.51951
270		0.51951
270.1		0.520586
270.2		0.520586
270.3		0.520586
270.4		0.520586
270.5		0.520586
270.6		0.520586
270.7		0.520586
270.8		0.520586
270.9		0.520586
271		0.520586
271.1		0.523896
271.2		0.523896
271.3		0.523896
271.4		0.523896
271.5		0.523896
271.6		0.523896
271.7		0.523896
271.8		0.523896
271.9		0.523896
272		0.523896
272.1		0.527703
272.2		0.527703
272.3		0.527703
272.4		0.527703
272.5		0.527703
272.6		0.527703
272.7		0.527703
272.8		0.527703
272.9		0.527703
273		0.527703
273.1		0.5282
273.2		0.5282
273.3		0.5282
273.4		0.5282
273.5		0.5282
273.6		0.5282
273.7		0.5282
273.8		0.5282
273.9		0.5282
274		0.5282
274.1		0.528613
274.2		0.528613
274.3		0.528613
274.4		0.528613
274.5		0.528613
274.6		0.528613
274.7		0.528613
274.8		0.528613
274.9		0.528613
275		0.528613
275.1		0.529979
275.2		0.529979
275.3		0.529979
275.4		0.529979
275.5		0.529979
275.6		0.529979
275.7		0.529979
275.8		0.529979
275.9		0.529979
276		0.529979
276.1		0.533372
276.2		0.533372
276.3		0.533372
276.4		0.533372
276.5		0.533372
276.6		0.533372
276.7		0.533372
276.8		0.533372
276.9		0.533372
277		0.533372
277.1		0.536765
277.2		0.536765
277.3		0.536765
277.4		0.536765
277.5		0.536765
277.6		0.536765
277.7		0.536765
277.8		0.536765
277.9		0.536765
278		0.536765
278.1		0.53751
278.2		0.53751
278.3		0.53751
278.4		0.53751
278.5		0.53751
278.6		0.53751
278.7		0.53751
278.8		0.53751
278.9		0.53751
279		0.53751
279.1		0.538379
279.2		0.538379
279.3		0.538379
279.4		0.538379
279.5		0.538379
279.6		0.538379
279.7		0.538379
279.8		0.538379
279.9		0.538379
280		0.538379
280.1		0.540117
280.2		0.540117
280.3		0.540117
280.4		0.540117
280.5		0.540117
280.6		0.540117
280.7		0.540117
280.8		0.540117
280.9		0.540117
281		0.540117
281.1		0.542765
281.2		0.542765
281.3		0.542765
281.4		0.542765
281.5		0.542765
281.6		0.542765
281.7		0.542765
281.8		0.542765
281.9		0.542765
282		0.542765
282.1		0.546323
282.2		0.546323
282.3		0.546323
282.4		0.546323
282.5		0.546323
282.6		0.546323
282.7		0.546323
282.8		0.546323
282.9		0.546323
283		0.546323
283.1		0.550503
283.2		0.550503
283.3		0.550503
283.4		0.550503
283.5		0.550503
283.6		0.550503
283.7		0.550503
283.8		0.550503
283.9		0.550503
284		0.550503
284.1		0.552158
284.2		0.552158
284.3		0.552158
284.4		0.552158
284.5		0.552158
284.6		0.552158
284.7		0.552158
284.8		0.552158
284.9		0.552158
285		0.552158
285.1		0.554516
285.2		0.554516
285.3		0.554516
285.4		0.554516
285.5		0.554516
285.6		0.554516
285.7		0.554516
285.8		0.554516
285.9		0.554516
286		0.554516
286.1		0.557289
286.2		0.557289
286.3		0.557289
286.4		0.557289
286.5		0.557289
286.6		0.557289
286.7		0.557289
286.8		0.557289
286.9		0.557289
287		0.557289
287.1		0.560475
287.2		0.560475
287.3		0.560475
287.4		0.560475
287.5		0.560475
287.6		0.560475
287.7		0.560475
287.8		0.560475
287.9		0.560475
288		0.560475
288.1		0.562709
288.2		0.562709
288.3		0.562709
288.4		0.562709
288.5		0.562709
288.6		0.562709
288.7		0.562709
288.8		0.562709
288.9		0.562709
289		0.562709
289.1		0.566061
289.2		0.566061
289.3		0.566061
289.4		0.566061
289.5		0.566061
289.6		0.566061
289.7		0.566061
289.8		0.566061
289.9		0.566061
290		0.566061
290.1		0.566599
290.2		0.566599
290.3		0.566599
290.4		0.566599
290.5		0.566599
290.6		0.566599
290.7		0.566599
290.8		0.566599
290.9		0.566599
291		0.566599
291.1		0.569371
291.2		0.569371
291.3		0.569371
291.4		0.569371
291.5		0.569371
291.6		0.569371
291.7		0.569371
291.8		0.569371
291.9		0.569371
292		0.569371
292.1		0.569371
292.2		0.569371
292.3		0.569371
292.4		0.569371
292.5		0.569371
292.6		0.569371
292.7		0.569371
292.8		0.569371
292.9		0.569371
293		0.569371
293.1		0.57082
293.2		0.57082
293.3		0.57082
293.4		0.57082
293.5		0.57082
293.6		0.57082
293.7		0.57082
293.8		0.57082
293.9		0.57082
294		0.57082
294.1		0.574502
294.2		0.574502
294.3		0.574502
294.4		0.574502
294.5		0.574502
294.6		0.574502
294.7		0.574502
294.8		0.574502
294.9		0.574502
295		0.574502
295.1		0.577109
295.2		0.577109
295.3		0.577109
295.4		0.577109
295.5		0.577109
295.6		0.577109
295.7		0.577109
295.8		0.577109
295.9		0.577109
296		0.577109
296.1		0.580916
296.2		0.580916
296.3		0.580916
296.4		0.580916
296.5		0.580916
296.6		0.580916
296.7		0.580916
296.8		0.580916
296.9		0.580916
297		0.580916
297.1		0.581495
297.2		0.581495
297.3		0.581495
297.4		0.581495
297.5		0.581495
297.6		0.581495
297.7		0.581495
297.8		0.581495
297.9		0.581495
298		0.581495
298.1		0.583192
298.2		0.583192
298.3		0.583192
298.4		0.583192
298.5		0.583192
298.6		0.583192
298.7		0.583192
298.8		0.583192
298.9		0.583192
299		0.583192
299.1		0.586999
299.2		0.586999
299.3		0.586999
299.4		0.586999
299.5		0.586999
299.6		0.586999
299.7		0.586999
299.8		0.586999
299.9		0.586999
300		0.586999
300.1		0.592254
300.2		0.592254
300.3		0.592254
300.4		0.592254
300.5		0.592254
300.6		0.592254
300.7		0.592254
300.8		0.592254
300.9		0.592254
301		0.592254
301.1		0.594033
301.2		0.594033
301.3		0.594033
301.4		0.594033
301.5		0.594033
301.6		0.594033
301.7		0.594033
301.8		0.594033
301.9		0.594033
302		0.594033
302.1		0.599661
302.2		0.599661
302.3		0.599661
302.4		0.599661
302.5		0.599661
302.6		0.599661
302.7		0.599661
302.8		0.599661
302.9		0.599661
303		0.599661
303.1		0.600157
303.2		0.600157
303.3		0.600157
303.4		0.600157
303.5		0.600157
303.6		0.600157
303.7		0.600157
303.8		0.600157
303.9		0.600157
304		0.600157
304.1		0.600819
304.2		0.600819
304.3		0.600819
304.4		0.600819
304.5		0.600819
304.6		0.600819
304.7		0.600819
304.8		0.600819
304.9		0.600819
305		0.600819
305.1		0.604254
305.2		0.604254
305.3		0.604254
305.4		0.604254
305.5		0.604254
305.6		0.604254
305.7		0.604254
305.8		0.604254
305.9		0.604254
306		0.604254
306.1		0.607647
306.2		0.607647
306.3		0.607647
306.4		0.607647
306.5		0.607647
306.6		0.607647
306.7		0.607647
306.8		0.607647
306.9		0.607647
307		0.607647
307.1		0.609054
307.2		0.609054
307.3		0.609054
307.4		0.609054
307.5		0.609054
307.6		0.609054
307.7		0.609054
307.8		0.609054
307.9		0.609054
308		0.609054
308.1		0.609385
308.2		0.609385
308.3		0.609385
308.4		0.609385
308.5		0.609385
308.6		0.609385
308.7		0.609385
308.8		0.609385
308.9		0.609385
309		0.609385
309.1		0.610957
309.2		0.610957
309.3		0.610957
309.4		0.610957
309.5		0.610957
309.6		0.610957
309.7		0.610957
309.8		0.610957
309.9		0.610957
310		0.610957
310.1		0.615674
310.2		0.615674
310.3		0.615674
310.4		0.615674
310.5		0.615674
310.6		0.615674
310.7		0.615674
310.8		0.615674
310.9		0.615674
311		0.615674
311.1		0.61824
311.2		0.61824
311.3		0.61824
311.4		0.61824
311.5		0.61824
311.6		0.61824
311.7		0.61824
311.8		0.61824
311.9		0.61824
312		0.61824
312.1		0.619398
312.2		0.619398
312.3		0.619398
312.4		0.619398
312.5		0.619398
312.6		0.619398
312.7		0.619398
312.8		0.619398
312.9		0.619398
313		0.619398
313.1		0.619978
313.2		0.619978
313.3		0.619978
313.4		0.619978
313.5		0.619978
313.6		0.619978
313.7		0.619978
313.8		0.619978
313.9		0.619978
314		0.619978
314.1		0.622336
314.2		0.622336
314.3		0.622336
314.4		0.622336
314.5		0.622336
314.6		0.622336
314.7		0.622336
314.8		0.622336
314.9		0.622336
315		0.622336
315.1		0.626929
315.2		0.626929
315.3		0.626929
315.4		0.626929
315.5		0.626929
315.6		0.626929
315.7		0.626929
315.8		0.626929
315.9		0.626929
316		0.626929
316.1		0.629826
316.2		0.629826
316.3		0.629826
316.4		0.629826
316.5		0.629826
316.6		0.629826
316.7		0.629826
316.8		0.629826
316.9		0.629826
317		0.629826
317.1		0.63144
317.2		0.63144
317.3		0.63144
317.4		0.63144
317.5		0.63144
317.6		0.63144
317.7		0.63144
317.8		0.63144
317.9		0.63144
318		0.63144
318.1		0.631936
318.2		0.631936
318.3		0.631936
318.4		0.631936
318.5		0.631936
318.6		0.631936
318.7		0.631936
318.8		0.631936
318.9		0.631936
319		0.631936
319.1		0.632433
319.2		0.632433
319.3		0.632433
319.4		0.632433
319.5		0.632433
319.6		0.632433
319.7		0.632433
319.8		0.632433
319.9		0.632433
320		0.632433
320.1		0.637439
320.2		0.637439
320.3		0.637439
320.4		0.637439
320.5		0.637439
320.6		0.637439
320.7		0.637439
320.8		0.637439
320.9		0.637439
321		0.637439
321.1		0.640791
321.2		0.640791
321.3		0.640791
321.4		0.640791
321.5		0.640791
321.6		0.640791
321.7		0.640791
321.8		0.640791
321.9		0.640791
322		0.640791
322.1		0.64195
322.2		0.64195
322.3		0.64195
322.4		0.64195
322.5		0.64195
322.6		0.64195
322.7		0.64195
322.8		0.64195
322.9		0.64195
323		0.64195
323.1		0.642281
323.2		0.642281
323.3		0.642281
323.4		0.642281
323.5		0.642281
323.6		0.642281
323.7		0.642281
323.8		0.642281
323.9		0.642281
324		0.642281
324.1		0.64675
324.2		0.64675
324.3		0.64675
324.4		0.64675
324.5		0.64675
324.6		0.64675
324.7		0.64675
324.8		0.64675
324.9		0.64675
325		0.64675
325.1		0.648943
325.2		0.648943
325.3		0.648943
325.4		0.648943
325.5		0.648943
325.6		0.648943
325.7		0.648943
325.8		0.648943
325.9		0.648943
326		0.648943
326.1		0.649232
326.2		0.649232
326.3		0.649232
326.4		0.649232
326.5		0.649232
326.6		0.649232
326.7		0.649232
326.8		0.649232
326.9		0.649232
327		0.649232
327.1		0.652625
327.2		0.652625
327.3		0.652625
327.4		0.652625
327.5		0.652625
327.6		0.652625
327.7		0.652625
327.8		0.652625
327.9		0.652625
328		0.652625
328.1		0.653288
328.2		0.653288
328.3		0.653288
328.4		0.653288
328.5		0.653288
328.6		0.653288
328.7		0.653288
328.8		0.653288
328.9		0.653288
329		0.653288
329.1		0.656308
329.2		0.656308
329.3		0.656308
329.4		0.656308
329.5		0.656308
329.6		0.656308
329.7		0.656308
329.8		0.656308
329.9		0.656308
330		0.656308
330.1		0.657053
330.2		0.657053
330.3		0.657053
330.4		0.657053
330.5		0.657053
330.6		0.657053
330.7		0.657053
330.8		0.657053
330.9		0.657053
331		0.657053
331.1		0.660777
331.2		0.660777
331.3		0.660777
331.4		0.660777
331.5		0.660777
331.6		0.660777
331.7		0.660777
331.8		0.660777
331.9		0.660777
332		0.660777
332.1		0.662349
332.2		0.662349
332.3		0.662349
332.4		0.662349
332.5		0.662349
332.6		0.662349
332.7		0.662349
332.8		0.662349
332.9		0.662349
333		0.662349
333.1		0.662598
333.2		0.662598
333.3		0.662598
333.4		0.662598
333.5		0.662598
333.6		0.662598
333.7		0.662598
333.8		0.662598
333.9		0.662598
334		0.662598
334.1		0.663094
334.2		0.663094
334.3		0.663094
334.4		0.663094
334.5		0.663094
334.6		0.663094
334.7		0.663094
334.8		0.663094
334.9		0.663094
335		0.663094
335.1		0.665163
335.2		0.665163
335.3		0.665163
335.4		0.665163
335.5		0.665163
335.6		0.665163
335.7		0.665163
335.8		0.665163
335.9		0.665163
336		0.665163
336.1		0.67017
336.2		0.67017
336.3		0.67017
336.4		0.67017
336.5		0.67017
336.6		0.67017
336.7		0.67017
336.8		0.67017
336.9		0.67017
337		0.67017
337.1		0.67348
337.2		0.67348
337.3		0.67348
337.4		0.67348
337.5		0.67348
337.6		0.67348
337.7		0.67348
337.8		0.67348
337.9		0.67348
338		0.67348
338.1		0.673729
338.2		0.673729
338.3		0.673729
338.4		0.673729
338.5		0.673729
338.6		0.673729
338.7		0.673729
338.8		0.673729
338.9		0.673729
339		0.673729
339.1		0.678156
339.2		0.678156
339.3		0.678156
339.4		0.678156
339.5		0.678156
339.6		0.678156
339.7		0.678156
339.8		0.678156
339.9		0.678156
340		0.678156
340.1		0.679232
340.2		0.679232
340.3		0.679232
340.4		0.679232
340.5		0.679232
340.6		0.679232
340.7		0.679232
340.8		0.679232
340.9		0.679232
341		0.679232
341.1		0.681756
341.2		0.681756
341.3		0.681756
341.4		0.681756
341.5		0.681756
341.6		0.681756
341.7		0.681756
341.8		0.681756
341.9		0.681756
342		0.681756
342.1		0.686515
342.2		0.686515
342.3		0.686515
342.4		0.686515
342.5		0.686515
342.6		0.686515
342.7		0.686515
342.8		0.686515
342.9		0.686515
343		0.686515
343.1		0.687756
343.2		0.687756
343.3		0.687756
343.4		0.687756
343.5		0.687756
343.6		0.687756
343.7		0.687756
343.8		0.687756
343.9		0.687756
344		0.687756
344.1		0.689453
344.2		0.689453
344.3		0.689453
344.4		0.689453
344.5		0.689453
344.6		0.689453
344.7		0.689453
344.8		0.689453
344.9		0.689453
345		0.689453
345.1		0.69028
345.2		0.69028
345.3		0.69028
345.4		0.69028
345.5		0.69028
345.6		0.69028
345.7		0.69028
345.8		0.69028
345.9		0.69028
346		0.69028
346.1		0.691935
346.2		0.691935
346.3		0.691935
346.4		0.691935
346.5		0.691935
346.6		0.691935
346.7		0.691935
346.8		0.691935
346.9		0.691935
347		0.691935
347.1		0.696404
347.2		0.696404
347.3		0.696404
347.4		0.696404
347.5		0.696404
347.6		0.696404
347.7		0.696404
347.8		0.696404
347.9		0.696404
348		0.696404
348.1		0.696404
348.2		0.696404
348.3		0.696404
348.4		0.696404
348.5		0.696404
348.6		0.696404
348.7		0.696404
348.8		0.696404
348.9		0.696404
349		0.696404
349.1		0.696735
349.2		0.696735
349.3		0.696735
349.4		0.696735
349.5		0.696735
349.6		0.696735
349.7		0.696735
349.8		0.696735
349.9		0.696735
350		0.696735
350.1		0.69897
350.2		0.69897
350.3		0.69897
350.4		0.69897
350.5		0.69897
350.6		0.69897
350.7		0.69897
350.8		0.69897
350.9		0.69897
351		0.69897
351.1		0.699921
351.2		0.699921
351.3		0.699921
351.4		0.699921
351.5		0.699921
351.6		0.699921
351.7		0.699921
351.8		0.699921
351.9		0.699921
352		0.699921
352.1		0.706542
352.2		0.706542
352.3		0.706542
352.4		0.706542
352.5		0.706542
352.6		0.706542
352.7		0.706542
352.8		0.706542
352.9		0.706542
353		0.706542
353.1		0.707742
353.2		0.707742
353.3		0.707742
353.4		0.707742
353.5		0.707742
353.6		0.707742
353.7		0.707742
353.8		0.707742
353.9		0.707742
354		0.707742
354.1		0.709149
354.2		0.709149
354.3		0.709149
354.4		0.709149
354.5		0.709149
354.6		0.709149
354.7		0.709149
354.8		0.709149
354.9		0.709149
355		0.709149
355.1		0.711052
355.2		0.711052
355.3		0.711052
355.4		0.711052
355.5		0.711052
355.6		0.711052
355.7		0.711052
355.8		0.711052
355.9		0.711052
356		0.711052
356.1		0.716597
356.2		0.716597
356.3		0.716597
356.4		0.716597
356.5		0.716597
356.6		0.716597
356.7		0.716597
356.8		0.716597
356.9		0.716597
357		0.716597
357.1		0.717714
357.2		0.717714
357.3		0.717714
357.4		0.717714
357.5		0.717714
357.6		0.717714
357.7		0.717714
357.8		0.717714
357.9		0.717714
358		0.717714
358.1		0.719949
358.2		0.719949
358.3		0.719949
358.4		0.719949
358.5		0.719949
358.6		0.719949
358.7		0.719949
358.8		0.719949
358.9		0.719949
359		0.719949
359.1		0.721025
359.2		0.721025
359.3		0.721025
359.4		0.721025
359.5		0.721025
359.6		0.721025
359.7		0.721025
359.8		0.721025
359.9		0.721025
360		0.721025
360.1		0.726983
360.2		0.726983
360.3		0.726983
360.4		0.726983
360.5		0.726983
360.6		0.726983
360.7		0.726983
360.8		0.726983
360.9		0.726983
361		0.726983
361.1		0.727314
361.2		0.727314
361.3		0.727314
361.4		0.727314
361.5		0.727314
361.6		0.727314
361.7		0.727314
361.8		0.727314
361.9		0.727314
362		0.727314
362.1		0.728183
362.2		0.728183
362.3		0.728183
362.4		0.728183
362.5		0.728183
362.6		0.728183
362.7		0.728183
362.8		0.728183
362.9		0.728183
363		0.728183
363.1		0.730583
363.2		0.730583
363.3		0.730583
363.4		0.730583
363.5		0.730583
363.6		0.730583
363.7		0.730583
363.8		0.730583
363.9		0.730583
364		0.730583
364.1		0.734431
364.2		0.734431
364.3		0.734431
364.4		0.734431
364.5		0.734431
364.6		0.734431
364.7		0.734431
364.8		0.734431
364.9		0.734431
365		0.734431
365.1		0.736252
365.2		0.736252
365.3		0.736252
365.4		0.736252
365.5		0.736252
365.6		0.736252
365.7		0.736252
365.8		0.736252
365.9		0.736252
366		0.736252
366.1		0.737245
366.2		0.737245
366.3		0.737245
366.4		0.737245
366.5		0.737245
366.6		0.737245
366.7		0.737245
366.8		0.737245
366.9		0.737245
367		0.737245
367.1		0.738362
367.2		0.738362
367.3		0.738362
367.4		0.738362
367.5		0.738362
367.6		0.738362
367.7		0.738362
367.8		0.738362
367.9		0.738362
368		0.738362
368.1		0.742997
368.2		0.742997
368.3		0.742997
368.4		0.742997
368.5		0.742997
368.6		0.742997
368.7		0.742997
368.8		0.742997
368.9		0.742997
369		0.742997
369.1		0.745148
369.2		0.745148
369.3		0.745148
369.4		0.745148
369.5		0.745148
369.6		0.745148
369.7		0.745148
369.8		0.745148
369.9		0.745148
370		0.745148
370.1		0.745314
370.2		0.745314
370.3		0.745314
370.4		0.745314
370.5		0.745314
370.6		0.745314
370.7		0.745314
370.8		0.745314
370.9		0.745314
371		0.745314
371.1		0.746886
371.2		0.746886
371.3		0.746886
371.4		0.746886
371.5		0.746886
371.6		0.746886
371.7		0.746886
371.8		0.746886
371.9		0.746886
372		0.746886
372.1		0.750569
372.2		0.750569
372.3		0.750569
372.4		0.750569
372.5		0.750569
372.6		0.750569
372.7		0.750569
372.8		0.750569
372.9		0.750569
373		0.750569
373.1		0.752059
373.2		0.752059
373.3		0.752059
373.4		0.752059
373.5		0.752059
373.6		0.752059
373.7		0.752059
373.8		0.752059
373.9		0.752059
374		0.752059
374.1		0.752969
374.2		0.752969
374.3		0.752969
374.4		0.752969
374.5		0.752969
374.6		0.752969
374.7		0.752969
374.8		0.752969
374.9		0.752969
375		0.752969
375.1		0.755369
375.2		0.755369
375.3		0.755369
375.4		0.755369
375.5		0.755369
375.6		0.755369
375.7		0.755369
375.8		0.755369
375.9		0.755369
376		0.755369
376.1		0.758017
376.2		0.758017
376.3		0.758017
376.4		0.758017
376.5		0.758017
376.6		0.758017
376.7		0.758017
376.8		0.758017
376.9		0.758017
377		0.758017
377.1		0.762445
377.2		0.762445
377.3		0.762445
377.4		0.762445
377.5		0.762445
377.6		0.762445
377.7		0.762445
377.8		0.762445
377.9		0.762445
378		0.762445
378.1		0.7629
378.2		0.7629
378.3		0.7629
378.4		0.7629
378.5		0.7629
378.6		0.7629
378.7		0.7629
378.8		0.7629
378.9		0.7629
379		0.7629
379.1		0.763189
379.2		0.763189
379.3		0.763189
379.4		0.763189
379.5		0.763189
379.6		0.763189
379.7		0.763189
379.8		0.763189
379.9		0.763189
380		0.763189
380.1		0.766045
380.2		0.766045
380.3		0.766045
380.4		0.766045
380.5		0.766045
380.6		0.766045
380.7		0.766045
380.8		0.766045
380.9		0.766045
381		0.766045
381.1		0.768569
381.2		0.768569
381.3		0.768569
381.4		0.768569
381.5		0.768569
381.6		0.768569
381.7		0.768569
381.8		0.768569
381.9		0.768569
382		0.768569
382.1		0.773245
382.2		0.773245
382.3		0.773245
382.4		0.773245
382.5		0.773245
382.6		0.773245
382.7		0.773245
382.8		0.773245
382.9		0.773245
383		0.773245
383.1		0.774444
383.2		0.774444
383.3		0.774444
383.4		0.774444
383.5		0.774444
383.6		0.774444
383.7		0.774444
383.8		0.774444
383.9		0.774444
384		0.774444
384.1		0.774734
384.2		0.774734
384.3		0.774734
384.4		0.774734
384.5		0.774734
384.6		0.774734
384.7		0.774734
384.8		0.774734
384.9		0.774734
385		0.774734
385.1		0.77581
385.2		0.77581
385.3		0.77581
385.4		0.77581
385.5		0.77581
385.6		0.77581
385.7		0.77581
385.8		0.77581
385.9		0.77581
386		0.77581
386.1		0.779741
386.2		0.779741
386.3		0.779741
386.4		0.779741
386.5		0.779741
386.6		0.779741
386.7		0.779741
386.8		0.779741
386.9		0.779741
387		0.779741
387.1		0.780031
387.2		0.780031
387.3		0.780031
387.4		0.780031
387.5		0.780031
387.6		0.780031
387.7		0.780031
387.8		0.780031
387.9		0.780031
388		0.780031
388.1		0.784168
388.2		0.784168
388.3		0.784168
388.4		0.784168
388.5		0.784168
388.6		0.784168
388.7		0.784168
388.8		0.784168
388.9		0.784168
389		0.784168
389.1		0.785948
389.2		0.785948
389.3		0.785948
389.4		0.785948
389.5		0.785948
389.6		0.785948
389.7		0.785948
389.8		0.785948
389.9		0.785948
390		0.785948
390.1		0.787686
390.2		0.787686
390.3		0.787686
390.4		0.787686
390.5		0.787686
390.6		0.787686
390.7		0.787686
390.8		0.787686
390.9		0.787686
391		0.787686
391.1		0.788017
391.2		0.788017
391.3		0.788017
391.4		0.788017
391.5		0.788017
391.6		0.788017
391.7		0.788017
391.8		0.788017
391.9		0.788017
392		0.788017
392.1		0.788679
392.2		0.788679
392.3		0.788679
392.4		0.788679
392.5		0.788679
392.6		0.788679
392.7		0.788679
392.8		0.788679
392.9		0.788679
393		0.788679
393.1		0.791079
393.2		0.791079
393.3		0.791079
393.4		0.791079
393.5		0.791079
393.6		0.791079
393.7		0.791079
393.8		0.791079
393.9		0.791079
394		0.791079
394.1		0.797575
394.2		0.797575
394.3		0.797575
394.4		0.797575
394.5		0.797575
394.6		0.797575
394.7		0.797575
394.8		0.797575
394.9		0.797575
395		0.797575
395.1		0.798113
395.2		0.798113
395.3		0.798113
395.4		0.798113
395.5		0.798113
395.6		0.798113
395.7		0.798113
395.8		0.798113
395.9		0.798113
396		0.798113
396.1		0.798237
396.2		0.798237
396.3		0.798237
396.4		0.798237
396.5		0.798237
396.6		0.798237
396.7		0.798237
396.8		0.798237
396.9		0.798237
397		0.798237
397.1		0.800017
397.2		0.800017
397.3		0.800017
397.4		0.800017
397.5		0.800017
397.6		0.800017
397.7		0.800017
397.8		0.800017
397.9		0.800017
398		0.800017
398.1		0.801506
398.2		0.801506
398.3		0.801506
398.4		0.801506
398.5		0.801506
398.6		0.801506
398.7		0.801506
398.8		0.801506
398.9		0.801506
399		0.801506
399.1		0.805106
399.2		0.805106
399.3		0.805106
399.4		0.805106
399.5		0.805106
399.6		0.805106
399.7		0.805106
399.8		0.805106
399.9		0.805106
400		0.805106
400.1		0.805727
400.2		0.805727
400.3		0.805727
400.4		0.805727
400.5		0.805727
400.6		0.805727
400.7		0.805727
400.8		0.805727
400.9		0.805727
401		0.805727
401.1		0.809368
401.2		0.809368
401.3		0.809368
401.4		0.809368
401.5		0.809368
401.6		0.809368
401.7		0.809368
401.8		0.809368
401.9		0.809368
402		0.809368
402.1		0.811934
402.2		0.811934
402.3		0.811934
402.4		0.811934
402.5		0.811934
402.6		0.811934
402.7		0.811934
402.8		0.811934
402.9		0.811934
403		0.811934
403.1		0.812347
403.2		0.812347
403.3		0.812347
403.4		0.812347
403.5		0.812347
403.6		0.812347
403.7		0.812347
403.8		0.812347
403.9		0.812347
404		0.812347
404.1		0.815865
404.2		0.815865
404.3		0.815865
404.4		0.815865
404.5		0.815865
404.6		0.815865
404.7		0.815865
404.8		0.815865
404.9		0.815865
405		0.815865
405.1		0.816609
405.2		0.816609
405.3		0.816609
405.4		0.816609
405.5		0.816609
405.6		0.816609
405.7		0.816609
405.8		0.816609
405.9		0.816609
406		0.816609
406.1		0.819051
406.2		0.819051
406.3		0.819051
406.4		0.819051
406.5		0.819051
406.6		0.819051
406.7		0.819051
406.8		0.819051
406.9		0.819051
407		0.819051
407.1		0.822113
407.2		0.822113
407.3		0.822113
407.4		0.822113
407.5		0.822113
407.6		0.822113
407.7		0.822113
407.8		0.822113
407.9		0.822113
408		0.822113
408.1		0.822733
408.2		0.822733
408.3		0.822733
408.4		0.822733
408.5		0.822733
408.6		0.822733
408.7		0.822733
408.8		0.822733
408.9		0.822733
409		0.822733
409.1		0.825754
409.2		0.825754
409.3		0.825754
409.4		0.825754
409.5		0.825754
409.6		0.825754
409.7		0.825754
409.8		0.825754
409.9		0.825754
410		0.825754
410.1		0.827906
410.2		0.827906
410.3		0.827906
410.4		0.827906
410.5		0.827906
410.6		0.827906
410.7		0.827906
410.8		0.827906
410.9		0.827906
411		0.827906
411.1		0.828899
411.2		0.828899
411.3		0.828899
411.4		0.828899
411.5		0.828899
411.6		0.828899
411.7		0.828899
411.8		0.828899
411.9		0.828899
412		0.828899
412.1		0.831175
412.2		0.831175
412.3		0.831175
412.4		0.831175
412.5		0.831175
412.6		0.831175
412.7		0.831175
412.8		0.831175
412.9		0.831175
413		0.831175
413.1		0.83432
413.2		0.83432
413.3		0.83432
413.4		0.83432
413.5		0.83432
413.6		0.83432
413.7		0.83432
413.8		0.83432
413.9		0.83432
414		0.83432
414.1		0.834816
414.2		0.834816
414.3		0.834816
414.4		0.834816
414.5		0.834816
414.6		0.834816
414.7		0.834816
414.8		0.834816
414.9		0.834816
415		0.834816
415.1		0.835602
415.2		0.835602
415.3		0.835602
415.4		0.835602
415.5		0.835602
415.6		0.835602
415.7		0.835602
415.8		0.835602
415.9		0.835602
416		0.835602
416.1		0.839037
416.2		0.839037
416.3		0.839037
416.4		0.839037
416.5		0.839037
416.6		0.839037
416.7		0.839037
416.8		0.839037
416.9		0.839037
417		0.839037
417.1		0.841602
417.2		0.841602
417.3		0.841602
417.4		0.841602
417.5		0.841602
417.6		0.841602
417.7		0.841602
417.8		0.841602
417.9		0.841602
418		0.841602
418.1		0.84454
418.2		0.84454
418.3		0.84454
418.4		0.84454
418.5		0.84454
418.6		0.84454
418.7		0.84454
418.8		0.84454
418.9		0.84454
419		0.84454
419.1		0.845202
419.2		0.845202
419.3		0.845202
419.4		0.845202
419.5		0.845202
419.6		0.845202
419.7		0.845202
419.8		0.845202
419.9		0.845202
420		0.845202
420.1		0.850788
420.2		0.850788
420.3		0.850788
420.4		0.850788
420.5		0.850788
420.6		0.850788
420.7		0.850788
420.8		0.850788
420.9		0.850788
421		0.850788
421.1		0.851492
421.2		0.851492
421.3		0.851492
421.4		0.851492
421.5		0.851492
421.6		0.851492
421.7		0.851492
421.8		0.851492
421.9		0.851492
422		0.851492
422.1		0.851574
422.2		0.851574
422.3		0.851574
422.4		0.851574
422.5		0.851574
422.6		0.851574
422.7		0.851574
422.8		0.851574
422.9		0.851574
423		0.851574
423.1		0.854678
423.2		0.854678
423.3		0.854678
423.4		0.854678
423.5		0.854678
423.6		0.854678
423.7		0.854678
423.8		0.854678
423.9		0.854678
424		0.854678
424.1		0.858898
424.2		0.858898
424.3		0.858898
424.4		0.858898
424.5		0.858898
424.6		0.858898
424.7		0.858898
424.8		0.858898
424.9		0.858898
425		0.858898
425.1		0.859271
425.2		0.859271
425.3		0.859271
425.4		0.859271
425.5		0.859271
425.6		0.859271
425.7		0.859271
425.8		0.859271
425.9		0.859271
426		0.859271
426.1		0.860802
426.2		0.860802
426.3		0.860802
426.4		0.860802
426.5		0.860802
426.6		0.860802
426.7		0.860802
426.8		0.860802
426.9		0.860802
427		0.860802
427.1		0.863616
427.2		0.863616
427.3		0.863616
427.4		0.863616
427.5		0.863616
427.6		0.863616
427.7		0.863616
427.8		0.863616
427.9		0.863616
428		0.863616
428.1		0.864029
428.2		0.864029
428.3		0.864029
428.4		0.864029
428.5		0.864029
428.6		0.864029
428.7		0.864029
428.8		0.864029
428.9		0.864029
429		0.864029
429.1		0.868126
429.2		0.868126
429.3		0.868126
429.4		0.868126
429.5		0.868126
429.6		0.868126
429.7		0.868126
429.8		0.868126
429.9		0.868126
430		0.868126
430.1		0.868291
430.2		0.868291
430.3		0.868291
430.4		0.868291
430.5		0.868291
430.6		0.868291
430.7		0.868291
430.8		0.868291
430.9		0.868291
431		0.868291
431.1		0.868995
431.2		0.868995
431.3		0.868995
431.4		0.868995
431.5		0.868995
431.6		0.868995
431.7		0.868995
431.8		0.868995
431.9		0.868995
432		0.868995
432.1		0.872553
432.2		0.872553
432.3		0.872553
432.4		0.872553
432.5		0.872553
432.6		0.872553
432.7		0.872553
432.8		0.872553
432.9		0.872553
433		0.872553
433.1		0.873671
433.2		0.873671
433.3		0.873671
433.4		0.873671
433.5		0.873671
433.6		0.873671
433.7		0.873671
433.8		0.873671
433.9		0.873671
434		0.873671
434.1		0.876898
434.2		0.876898
434.3		0.876898
434.4		0.876898
434.5		0.876898
434.6		0.876898
434.7		0.876898
434.8		0.876898
434.9		0.876898
435		0.876898
435.1		0.879919
435.2		0.879919
435.3		0.879919
435.4		0.879919
435.5		0.879919
435.6		0.879919
435.7		0.879919
435.8		0.879919
435.9		0.879919
436		0.879919
436.1		0.881202
436.2		0.881202
436.3		0.881202
436.4		0.881202
436.5		0.881202
436.6		0.881202
436.7		0.881202
436.8		0.881202
436.9		0.881202
437		0.881202
437.1		0.881574
437.2		0.881574
437.3		0.881574
437.4		0.881574
437.5		0.881574
437.6		0.881574
437.7		0.881574
437.8		0.881574
437.9		0.881574
438		0.881574
438.1		0.885091
438.2		0.885091
438.3		0.885091
438.4		0.885091
438.5		0.885091
438.6		0.885091
438.7		0.885091
438.8		0.885091
438.9		0.885091
439		0.885091
439.1		0.886581
439.2		0.886581
439.3		0.886581
439.4		0.886581
439.5		0.886581
439.6		0.886581
439.7		0.886581
439.8		0.886581
439.9		0.886581
440		0.886581
440.1		0.888277
440.2		0.888277
440.3		0.888277
440.4		0.888277
440.5		0.888277
440.6		0.888277
440.7		0.888277
440.8		0.888277
440.9		0.888277
441		0.888277
441.1		0.890802
441.2		0.890802
441.3		0.890802
441.4		0.890802
441.5		0.890802
441.6		0.890802
441.7		0.890802
441.8		0.890802
441.9		0.890802
442		0.890802
442.1		0.894153
442.2		0.894153
442.3		0.894153
442.4		0.894153
442.5		0.894153
442.6		0.894153
442.7		0.894153
442.8		0.894153
442.9		0.894153
443		0.894153
443.1		0.895477
443.2		0.895477
443.3		0.895477
443.4		0.895477
443.5		0.895477
443.6		0.895477
443.7		0.895477
443.8		0.895477
443.9		0.895477
444		0.895477
444.1		0.89705
444.2		0.89705
444.3		0.89705
444.4		0.89705
444.5		0.89705
444.6		0.89705
444.7		0.89705
444.8		0.89705
444.9		0.89705
445		0.89705
445.1		0.897381
445.2		0.897381
445.3		0.897381
445.4		0.897381
445.5		0.897381
445.6		0.897381
445.7		0.897381
445.8		0.897381
445.9		0.897381
446		0.897381
446.1		0.900608
446.2		0.900608
446.3		0.900608
446.4		0.900608
446.5		0.900608
446.6		0.900608
446.7		0.900608
446.8		0.900608
446.9		0.900608
447		0.900608
447.1		0.903463
447.2		0.903463
447.3		0.903463
447.4		0.903463
447.5		0.903463
447.6		0.903463
447.7		0.903463
447.8		0.903463
447.9		0.903463
448		0.903463
448.1		0.905491
448.2		0.905491
448.3		0.905491
448.4		0.905491
448.5		0.905491
448.6		0.905491
448.7		0.905491
448.8		0.905491
448.9		0.905491
449		0.905491
449.1		0.906898
449.2		0.906898
449.3		0.906898
449.4		0.906898
449.5		0.906898
449.6		0.906898
449.7		0.906898
449.8		0.906898
449.9		0.906898
450		0.906898
450.1		0.909463
450.2		0.909463
450.3		0.909463
450.4		0.909463
450.5		0.909463
450.6		0.909463
450.7		0.909463
450.8		0.909463
450.9		0.909463
451		0.909463
451.1		0.911987
451.2		0.911987
451.3		0.911987
451.4		0.911987
451.5		0.911987
451.6		0.911987
451.7		0.911987
451.8		0.911987
451.9		0.911987
452		0.911987
452.1		0.912815
452.2		0.912815
452.3		0.912815
452.4		0.912815
452.5		0.912815
452.6		0.912815
452.7		0.912815
452.8		0.912815
452.9		0.912815
453		0.912815
453.1		0.915298
453.2		0.915298
453.3		0.915298
453.4		0.915298
453.5		0.915298
453.6		0.915298
453.7		0.915298
453.8		0.915298
453.9		0.915298
454		0.915298
454.1		0.920305
454.2		0.920305
454.3		0.920305
454.4		0.920305
454.5		0.920305
454.6		0.920305
454.7		0.920305
454.8		0.920305
454.9		0.920305
455		0.920305
455.1		0.920636
455.2		0.920636
455.3		0.920636
455.4		0.920636
455.5		0.920636
455.6		0.920636
455.7		0.920636
455.8		0.920636
455.9		0.920636
456		0.920636
456.1		0.921463
456.2		0.921463
456.3		0.921463
456.4		0.921463
456.5		0.921463
456.6		0.921463
456.7		0.921463
456.8		0.921463
456.9		0.921463
457		0.921463
457.1		0.922746
457.2		0.922746
457.3		0.922746
457.4		0.922746
457.5		0.922746
457.6		0.922746
457.7		0.922746
457.8		0.922746
457.9		0.922746
458		0.922746
458.1		0.927546
458.2		0.927546
458.3		0.927546
458.4		0.927546
458.5		0.927546
458.6		0.927546
458.7		0.927546
458.8		0.927546
458.9		0.927546
459		0.927546
459.1		0.928208
459.2		0.928208
459.3		0.928208
459.4		0.928208
459.5		0.928208
459.6		0.928208
459.7		0.928208
459.8		0.928208
459.9		0.928208
460		0.928208
460.1		0.929863
460.2		0.929863
460.3		0.929863
460.4		0.929863
460.5		0.929863
460.6		0.929863
460.7		0.929863
460.8		0.929863
460.9		0.929863
461		0.929863
461.1		0.932222
461.2		0.932222
461.3		0.932222
461.4		0.932222
461.5		0.932222
461.6		0.932222
461.7		0.932222
461.8		0.932222
461.9		0.932222
462		0.932222
462.1		0.932966
462.2		0.932966
462.3		0.932966
462.4		0.932966
462.5		0.932966
462.6		0.932966
462.7		0.932966
462.8		0.932966
462.9		0.932966
463		0.932966
463.1		0.936815
463.2		0.936815
463.3		0.936815
463.4		0.936815
463.5		0.936815
463.6		0.936815
463.7		0.936815
463.8		0.936815
463.9		0.936815
464		0.936815
464.1		0.937559
464.2		0.937559
464.3		0.937559
464.4		0.937559
464.5		0.937559
464.6		0.937559
464.7		0.937559
464.8		0.937559
464.9		0.937559
465		0.937559
465.1		0.94029
465.2		0.94029
465.3		0.94029
465.4		0.94029
465.5		0.94029
465.6		0.94029
465.7		0.94029
465.8		0.94029
465.9		0.94029
466		0.94029
466.1		0.94058
466.2		0.94058
466.3		0.94058
466.4		0.94058
466.5		0.94058
466.6		0.94058
466.7		0.94058
466.8		0.94058
466.9		0.94058
467		0.94058
467.1		0.942773
467.2		0.942773
467.3		0.942773
467.4		0.942773
467.5		0.942773
467.6		0.942773
467.7		0.942773
467.8		0.942773
467.9		0.942773
468		0.942773
468.1		0.946125
468.2		0.946125
468.3		0.946125
468.4		0.946125
468.5		0.946125
468.6		0.946125
468.7		0.946125
468.8		0.946125
468.9		0.946125
469		0.946125
469.1		0.947573
469.2		0.947573
469.3		0.947573
469.4		0.947573
469.5		0.947573
469.6		0.947573
469.7		0.947573
469.8		0.947573
469.9		0.947573
470		0.947573
470.1		0.947987
470.2		0.947987
470.3		0.947987
470.4		0.947987
470.5		0.947987
470.6		0.947987
470.7		0.947987
470.8		0.947987
470.9		0.947987
471		0.947987
471.1		0.949808
471.2		0.949808
471.3		0.949808
471.4		0.949808
471.5		0.949808
471.6		0.949808
471.7		0.949808
471.8		0.949808
471.9		0.949808
472		0.949808
472.1		0.952787
472.2		0.952787
472.3		0.952787
472.4		0.952787
472.5		0.952787
472.6		0.952787
472.7		0.952787
472.8		0.952787
472.9		0.952787
473		0.952787
473.1		0.954732
473.2		0.954732
473.3		0.954732
473.4		0.954732
473.5		0.954732
473.6		0.954732
473.7		0.954732
473.8		0.954732
473.9		0.954732
474		0.954732
474.1		0.955683
474.2		0.955683
474.3		0.955683
474.4		0.955683
474.5		0.955683
474.6		0.955683
474.7		0.955683
474.8		0.955683
474.9		0.955683
475		0.955683
475.1		0.957256
475.2		0.957256
475.3		0.957256
475.4		0.957256
475.5		0.957256
475.6		0.957256
475.7		0.957256
475.8		0.957256
475.9		0.957256
476		0.957256
476.1		0.957504
476.2		0.957504
476.3		0.957504
476.4		0.957504
476.5		0.957504
476.6		0.957504
476.7		0.957504
476.8		0.957504
476.9		0.957504
477		0.957504
477.1		0.961973
477.2		0.961973
477.3		0.961973
477.4		0.961973
477.5		0.961973
477.6		0.961973
477.7		0.961973
477.8		0.961973
477.9		0.961973
478		0.961973
478.1		0.962304
478.2		0.962304
478.3		0.962304
478.4		0.962304
478.5		0.962304
478.6		0.962304
478.7		0.962304
478.8		0.962304
478.9		0.962304
479		0.962304
479.1		0.965035
479.2		0.965035
479.3		0.965035
479.4		0.965035
479.5		0.965035
479.6		0.965035
479.7		0.965035
479.8		0.965035
479.9		0.965035
480		0.965035
480.1		0.965987
480.2		0.965987
480.3		0.965987
480.4		0.965987
480.5		0.965987
480.6		0.965987
480.7		0.965987
480.8		0.965987
480.9		0.965987
481		0.965987
481.1		0.968387
481.2		0.968387
481.3		0.968387
481.4		0.968387
481.5		0.968387
481.6		0.968387
481.7		0.968387
481.8		0.968387
481.9		0.968387
482		0.968387
482.1		0.971242
482.2		0.971242
482.3		0.971242
482.4		0.971242
482.5		0.971242
482.6		0.971242
482.7		0.971242
482.8		0.971242
482.9		0.971242
483		0.971242
483.1		0.971531
483.2		0.971531
483.3		0.971531
483.4		0.971531
483.5		0.971531
483.6		0.971531
483.7		0.971531
483.8		0.971531
483.9		0.971531
484		0.971531
484.1		0.976373
484.2		0.976373
484.3		0.976373
484.4		0.976373
484.5		0.976373
484.6		0.976373
484.7		0.976373
484.8		0.976373
484.9		0.976373
485		0.976373
485.1		0.978276
485.2		0.978276
485.3		0.978276
485.4		0.978276
485.5		0.978276
485.6		0.978276
485.7		0.978276
485.8		0.978276
485.9		0.978276
486		0.978276
486.1		0.97898
486.2		0.97898
486.3		0.97898
486.4		0.97898
486.5		0.97898
486.6		0.97898
486.7		0.97898
486.8		0.97898
486.9		0.97898
487		0.97898
487.1		0.979518
487.2		0.979518
487.3		0.979518
487.4		0.979518
487.5		0.979518
487.6		0.979518
487.7		0.979518
487.8		0.979518
487.9		0.979518
488		0.979518
488.1		0.982662
488.2		0.982662
488.3		0.982662
488.4		0.982662
488.5		0.982662
488.6		0.982662
488.7		0.982662
488.8		0.982662
488.9		0.982662
489		0.982662
489.1		0.985062
489.2		0.985062
489.3		0.985062
489.4		0.985062
489.5		0.985062
489.6		0.985062
489.7		0.985062
489.8		0.985062
489.9		0.985062
490		0.985062
490.1		0.985559
490.2		0.985559
490.3		0.985559
490.4		0.985559
490.5		0.985559
490.6		0.985559
490.7		0.985559
490.8		0.985559
490.9		0.985559
491		0.985559
491.1		0.988621
491.2		0.988621
491.3		0.988621
491.4		0.988621
491.5		0.988621
491.6		0.988621
491.7		0.988621
491.8		0.988621
491.9		0.988621
492		0.988621
492.1		0.991352
492.2		0.991352
492.3		0.991352
492.4		0.991352
492.5		0.991352
492.6		0.991352
492.7		0.991352
492.8		0.991352
492.9		0.991352
493		0.991352
493.1		0.992345
493.2		0.992345
493.3		0.992345
493.4		0.992345
493.5		0.992345
493.6		0.992345
493.7		0.992345
493.8		0.992345
493.9		0.992345
494		0.992345
494.1		0.993917
494.2		0.993917
494.3		0.993917
494.4		0.993917
494.5		0.993917
494.6		0.993917
494.7		0.993917
494.8		0.993917
494.9		0.993917
495		0.993917
495.1		0.997476
495.2		0.997476
495.3		0.997476
495.4		0.997476
495.5		0.997476
495.6		0.997476
495.7		0.997476
495.8		0.997476
495.9		0.997476
496		0.997476
496.1		0.998469
496.2		0.998469
496.3		0.998469
496.4		0.998469
496.5		0.998469
496.6		0.998469
496.7		0.998469
496.8		0.998469
496.9		0.998469
497		0.998469
497.1		1
497.2		1
497.3		1
497.4		1
497.5		1
497.6		1
497.7		1
497.8		1
497.9		1
498		1
498.1		1
498.2		1
498.3		1
498.4		1
498.5		1
498.6		1
498.7		1
498.8		1
498.9		1
499		1
499.1		1
499.2		1
499.3		1
499.4		1
499.5		1
499.6		1
499.7		1
499.8		1
499.9		1
500		1
500.1		1
500.2		1
500.3		1
500.4		1
500.5		1
500.6		1
500.7		1
500.8		1
500.9		1
501		1
501.1		1
501.2		1
501.3		1
501.4		1
501.5		1
501.6		1
501.7		1
501.8		1
501.9		1
502		1
502.1		1
502.2		1
502.3		1
502.4		1
502.5		1
502.6		1
502.7		1
502.8		1
502.9		1
503		1
503.1		1
503.2		1
503.3		1
503.4		1
503.5		1
503.6		1
503.7		1
503.8		1
503.9		1
504		1
504.1		1
504.2		1
504.3		1
504.4		1
504.5		1
504.6		1
504.7		1
504.8		1
504.9		1
505		1
505.1		1
505.2		1
505.3		1
505.4		1
505.5		1
505.6		1
505.7		1
505.8		1
505.9		1
506		1
506.1		1
506.2		1
506.3		1
506.4		1
506.5		1
506.6		1
506.7		1
506.8		1
506.9		1
507		1
507.1		1
507.2		1
507.3		1
507.4		1
507.5		1
507.6		1
507.7		1
507.8		1
507.9		1
508		1
508.1		1
508.2		1
508.3		1
508.4		1
508.5		1
508.6		1
508.7		1
508.8		1
508.9		1
509		1
509.1		1
509.2		1
509.3		1
509.4		1
509.5		1
509.6		1
509.7		1
509.8		1
509.9		1
510		1
510.1		1
510.2		1
510.3		1
510.4		1
510.5		1
510.6		1
510.7		1
510.8		1
510.9		1
511		1
511.1		1
511.2		1
511.3		1
511.4		1
511.5		1
511.6		1
511.7		1
511.8		1
511.9		1
512		1
512.1		1
512.2		1
512.3		1
512.4		1
512.5		1
512.6		1
512.7		1
512.8		1
512.9		1
513		1
513.1		1
513.2		1
513.3		1
513.4		1
513.5		1
513.6		1
513.7		1
513.8		1
513.9		1
514		1
514.1		1
514.2		1
514.3		1
514.4		1
514.5		1
514.6		1
514.7		1
514.8		1
514.9		1
515		1
515.1		1
515.2		1
515.3		1
515.4		1
515.5		1
515.6		1
515.7		1
515.8		1
515.9		1
516		1
516.1		1
516.2		1
516.3		1
516.4		1
516.5		1
516.6		1
516.7		1
516.8		1
516.9		1
517		1
517.1		1
517.2		1
517.3		1
517.4		1
517.5		1
517.6		1
517.7		1
517.8		1
517.9		1
518		1
518.1		1
518.2		1
518.3		1
518.4		1
518.5		1
518.6		1
518.7		1
518.8		1
518.9		1
519		1
519.1		1
519.2		1
519.3		1
519.4		1
519.5		1
519.6		1
519.7		1
519.8		1
519.9		1
520		1
520.1		1
520.2		1
520.3		1
520.4		1
520.5		1
520.6		1
520.7		1
520.8		1
520.9		1
521		1
521.1		1
521.2		1
521.3		1
521.4		1
521.5		1
521.6		1
521.7		1
521.8		1
521.9		1
522		1
522.1		1
522.2		1
522.3		1
522.4		1
522.5		1
522.6		1
522.7		1
522.8		1
522.9		1
523		1
523.1		1
523.2		1
523.3		1
523.4		1
523.5		1
523.6		1
523.7		1
523.8		1
523.9		1
524		1
524.1		1
524.2		1
524.3		1
524.4		1
524.5		1
524.6		1
524.7		1
524.8		1
524.9		1
525		1
525.1		1
525.2		1
525.3		1
525.4		1
525.5		1
525.6		1
525.7		1
525.8		1
525.9		1
526		1
526.1		1
526.2		1
526.3		1
526.4		1
526.5		1
526.6		1
526.7		1
526.8		1
526.9		1
527		1
527.1		1
527.2		1
527.3		1
527.4		1
527.5		1
527.6		1
527.7		1
527.8		1
527.9		1
528		1
528.1		1
528.2		1
528.3		1
528.4		1
528.5		1
528.6		1
528.7		1
528.8		1
528.9		1
529		1
529.1		1
529.2		1
529.3		1
529.4		1
529.5		1
529.6		1
529.7		1
529.8		1
529.9		1
530		1
530.1		1
530.2		1
530.3		1
530.4		1
530.5		1
530.6		1
530.7		1
530.8		1
530.9		1
531		1
531.1		1
531.2		1
531.3		1
531.4		1
531.5		1
531.6		1
531.7		1
531.8		1
531.9		1
532		1
532.1		1
532.2		1
532.3		1
532.4		1
532.5		1
532.6		1
532.7		1
532.8		1
532.9		1
533		1
533.1		1
533.2		1
533.3		1
533.4		1
533.5		1
533.6		1
533.7		1
533.8		1
533.9		1
534		1
534.1		1
534.2		1
534.3		1
534.4		1
534.5		1
534.6		1
534.7		1
534.8		1
534.9		1
535		1
535.1		1
535.2		1
535.3		1
535.4		1
535.5		1
535.6		1
535.7		1
535.8		1
535.9		1
536		1
536.1		1
536.2		1
536.3		1
536.4		1
536.5		1
536.6		1
536.7		1
536.8		1
536.9		1
537		1
537.1		1
537.2		1
537.3		1
537.4		1
537.5		1
537.6		1
537.7		1
537.8		1
537.9		1
538		1
538.1		1
538.2		1
538.3		1
538.4		1
538.5		1
538.6		1
538.7		1
538.8		1
538.9		1
539		1
539.1		1
539.2		1
539.3		1
539.4		1
539.5		1
539.6		1
539.7		1
539.8		1
539.9		1
540		1
540.1		1
540.2		1
540.3		1
540.4		1
540.5		1
540.6		1
540.7		1
540.8		1
540.9		1
541		1
541.1		1
541.2		1
541.3		1
541.4		1
541.5		1
541.6		1
541.7		1
541.8		1
541.9		1
542		1
542.1		1
542.2		1
542.3		1
542.4		1
542.5		1
542.6		1
542.7		1
542.8		1
542.9		1
543		1
543.1		1
543.2		1
543.3		1
543.4		1
543.5		1
543.6		1
543.7		1
543.8		1
543.9		1
544		1
544.1		1
544.2		1
544.3		1
544.4		1
544.5		1
544.6		1
544.7		1
544.8		1
544.9		1
545		1
545.1		1
545.2		1
545.3		1
545.4		1
545.5		1
545.6		1
545.7		1
545.8		1
545.9		1
546		1
546.1		1
546.2		1
546.3		1
546.4		1
546.5		1
546.6		1
546.7		1
546.8		1
546.9		1
547		1
547.1		1
547.2		1
547.3		1
547.4		1
547.5		1
547.6		1
547.7		1
547.8		1
547.9		1
548		1
548.1		1
548.2		1
548.3		1
548.4		1
548.5		1
548.6		1
548.7		1
548.8		1
548.9		1
549		1
549.1		1
549.2		1
549.3		1
549.4		1
549.5		1
549.6		1
549.7		1
549.8		1
549.9		1
550		1
550.1		1
550.2		1
550.3		1
550.4		1
550.5		1
550.6		1
550.7		1
550.8		1
550.9		1
551		1
551.1		1
551.2		1
551.3		1
551.4		1
551.5		1
551.6		1
551.7		1
551.8		1
551.9		1
552		1
552.1		1
552.2		1
552.3		1
552.4		1
552.5		1
552.6		1
552.7		1
552.8		1
552.9		1
553		1
553.1		1
553.2		1
553.3		1
553.4		1
553.5		1
553.6		1
553.7		1
553.8		1
553.9		1
554		1
554.1		1
554.2		1
554.3		1
554.4		1
554.5		1
554.6		1
554.7		1
554.8		1
554.9		1
555		1
555.1		1
555.2		1
555.3		1
555.4		1
555.5		1
555.6		1
555.7		1
555.8		1
555.9		1
556		1
556.1		1
556.2		1
556.3		1
556.4		1
556.5		1
556.6		1
556.7		1
556.8		1
556.9		1
557		1
557.1		1
557.2		1
557.3		1
557.4		1
557.5		1
557.6		1
557.7		1
557.8		1
557.9		1
558		1
558.1		1
558.2		1
558.3		1
558.4		1
558.5		1
558.6		1
558.7		1
558.8		1
558.9		1
559		1
559.1		1
559.2		1
559.3		1
559.4		1
559.5		1
559.6		1
559.7		1
559.8		1
559.9		1
560		1
560.1		1
560.2		1
560.3		1
560.4		1
560.5		1
560.6		1
560.7		1
560.8		1
560.9		1
561		1
561.1		1
561.2		1
561.3		1
561.4		1
561.5		1
561.6		1
561.7		1
561.8		1
561.9		1
562		1
562.1		1
562.2		1
562.3		1
562.4		1
562.5		1
562.6		1
562.7		1
562.8		1
562.9		1
563		1
563.1		1
563.2		1
563.3		1
563.4		1
563.5		1
563.6		1
563.7		1
563.8		1
563.9		1
564		1
564.1		1
564.2		1
564.3		1
564.4		1
564.5		1
564.6		1
564.7		1
564.8		1
564.9		1
565		1
565.1		1
565.2		1
565.3		1
565.4		1
565.5		1
565.6		1
565.7		1
565.8		1
565.9		1
566		1
566.1		1
566.2		1
566.3		1
566.4		1
566.5		1
566.6		1
566.7		1
566.8		1
566.9		1
567		1
567.1		1
567.2		1
567.3		1
567.4		1
567.5		1
567.6		1
567.7		1
567.8		1
567.9		1
568		1
568.1		1
568.2		1
568.3		1
568.4		1
568.5		1
568.6		1
568.7		1
568.8		1
568.9		1
569		1
569.1		1
569.2		1
569.3		1
569.4		1
569.5		1
569.6		1
569.7		1
569.8		1
569.9		1
570		1
570.1		1
570.2		1
570.3		1
570.4		1
570.5		1
570.6		1
570.7		1
570.8		1
570.9		1
571		1
571.1		1
571.2		1
571.3		1
571.4		1
571.5		1
571.6		1
571.7		1
571.8		1
571.9		1
572		1
572.1		1
572.2		1
572.3		1
572.4		1
572.5		1
572.6		1
572.7		1
572.8		1
572.9		1
573		1
573.1		1
573.2		1
573.3		1
573.4		1
573.5		1
573.6		1
573.7		1
573.8		1
573.9		1
574		1
574.1		1
574.2		1
574.3		1
574.4		1
574.5		1
574.6		1
574.7		1
574.8		1
574.9		1
575		1
575.1		1
575.2		1
575.3		1
575.4		1
575.5		1
575.6		1
575.7		1
575.8		1
575.9		1
576		1
576.1		1
576.2		1
576.3		1
576.4		1
576.5		1
576.6		1
576.7		1
576.8		1
576.9		1
577		1
577.1		1
577.2		1
577.3		1
577.4		1
577.5		1
577.6		1
577.7		1
577.8		1
577.9		1
578		1
578.1		1
578.2		1
578.3		1
578.4		1
578.5		1
578.6		1
578.7		1
578.8		1
578.9		1
579		1
579.1		1
579.2		1
579.3		1
579.4		1
579.5		1
579.6		1
579.7		1
579.8		1
579.9		1
580		1
580.1		1
580.2		1
580.3		1
580.4		1
580.5		1
580.6		1
580.7		1
580.8		1
580.9		1
581		1
581.1		1
581.2		1
581.3		1
581.4		1
581.5		1
581.6		1
581.7		1
581.8		1
581.9		1
582		1
582.1		1
582.2		1
582.3		1
582.4		1
582.5		1
582.6		1
582.7		1
582.8		1
582.9		1
583		1
583.1		1
583.2		1
583.3		1
583.4		1
583.5		1
583.6		1
583.7		1
583.8		1
583.9		1
584		1
584.1		1
584.2		1
584.3		1
584.4		1
584.5		1
584.6		1
584.7		1
584.8		1
584.9		1
585		1
585.1		1
585.2		1
585.3		1
585.4		1
585.5		1
585.6		1
585.7		1
585.8		1
585.9		1
586		1
586.1		1
586.2		1
586.3		1
586.4		1
586.5		1
586.6		1
586.7		1
586.8		1
586.9		1
587		1
587.1		1
587.2		1
587.3		1
587.4		1
587.5		1
587.6		1
587.7		1
587.8		1
587.9		1
588		1
588.1		1
588.2		1
588.3		1
588.4		1
588.5		1
588.6		1
588.7		1
588.8		1
588.9		1
589		1
589.1		1
589.2		1
589.3		1
589.4		1
589.5		1
589.6		1
589.7		1
589.8		1
589.9		1
590		1
590.1		1
590.2		1
590.3		1
590.4		1
590.5		1
590.6		1
590.7		1
590.8		1
590.9		1
591		1
591.1		1
591.2		1
591.3		1
591.4		1
591.5		1
591.6		1
591.7		1
591.8		1
591.9		1
592		1
592.1		1
592.2		1
592.3		1
592.4		1
592.5		1
592.6		1
592.7		1
592.8		1
592.9		1
593		1
593.1		1
593.2		1
593.3		1
593.4		1
593.5		1
593.6		1
593.7		1
593.8		1
593.9		1
594		1
594.1		1
594.2		1
594.3		1
594.4		1
594.5		1
594.6		1
594.7		1
594.8		1
594.9		1
595		1
595.1		1
595.2		1
595.3		1
595.4		1
595.5		1
595.6		1
595.7		1
595.8		1
595.9		1
596		1
596.1		1
596.2		1
596.3		1
596.4		1
596.5		1
596.6		1
596.7		1
596.8		1
596.9		1
597		1
597.1		1
597.2		1
597.3		1
597.4		1
597.5		1
597.6		1
597.7		1
597.8		1
597.9		1
598		1
598.1		1
598.2		1
598.3		1
598.4		1
598.5		1
598.6		1
598.7		1
598.8		1
598.9		1
599		1
599.1		1
599.2		1
599.3		1
599.4		1
599.5		1
599.6		1
599.7		1
599.8		1
599.9		1
600		1
