# Calibration file of tamex_id 1 @ channel 27
# fine_T bin		 Calibration value
0.1		0
0.2		0
0.3		0
0.4		0
0.5		0
0.6		0
0.7		0
0.8		0
0.9		0
1		0
1.1		0
1.2		0
1.3		0
1.4		0
1.5		0
1.6		0
1.7		0
1.8		0
1.9		0
2		0
2.1		0
2.2		0
2.3		0
2.4		0
2.5		0
2.6		0
2.7		0
2.8		0
2.9		0
3		0
3.1		0
3.2		0
3.3		0
3.4		0
3.5		0
3.6		0
3.7		0
3.8		0
3.9		0
4		0
4.1		0
4.2		0
4.3		0
4.4		0
4.5		0
4.6		0
4.7		0
4.8		0
4.9		0
5		0
5.1		0
5.2		0
5.3		0
5.4		0
5.5		0
5.6		0
5.7		0
5.8		0
5.9		0
6		0
6.1		0
6.2		0
6.3		0
6.4		0
6.5		0
6.6		0
6.7		0
6.8		0
6.9		0
7		0
7.1		0
7.2		0
7.3		0
7.4		0
7.5		0
7.6		0
7.7		0
7.8		0
7.9		0
8		0
8.1		0
8.2		0
8.3		0
8.4		0
8.5		0
8.6		0
8.7		0
8.8		0
8.9		0
9		0
9.1		0
9.2		0
9.3		0
9.4		0
9.5		0
9.6		0
9.7		0
9.8		0
9.9		0
10		0
10.1		0
10.2		0
10.3		0
10.4		0
10.5		0
10.6		0
10.7		0
10.8		0
10.9		0
11		0
11.1		0
11.2		0
11.3		0
11.4		0
11.5		0
11.6		0
11.7		0
11.8		0
11.9		0
12		0
12.1		0
12.2		0
12.3		0
12.4		0
12.5		0
12.6		0
12.7		0
12.8		0
12.9		0
13		0
13.1		0
13.2		0
13.3		0
13.4		0
13.5		0
13.6		0
13.7		0
13.8		0
13.9		0
14		0
14.1		0
14.2		0
14.3		0
14.4		0
14.5		0
14.6		0
14.7		0
14.8		0
14.9		0
15		0
15.1		0
15.2		0
15.3		0
15.4		0
15.5		0
15.6		0
15.7		0
15.8		0
15.9		0
16		0
16.1		0.00428117
16.2		0.00428117
16.3		0.00428117
16.4		0.00428117
16.5		0.00428117
16.6		0.00428117
16.7		0.00428117
16.8		0.00428117
16.9		0.00428117
17		0.00428117
17.1		0.00941858
17.2		0.00941858
17.3		0.00941858
17.4		0.00941858
17.5		0.00941858
17.6		0.00941858
17.7		0.00941858
17.8		0.00941858
17.9		0.00941858
18		0.00941858
18.1		0.00962244
18.2		0.00962244
18.3		0.00962244
18.4		0.00962244
18.5		0.00962244
18.6		0.00962244
18.7		0.00962244
18.8		0.00962244
18.9		0.00962244
19		0.00962244
19.1		0.00982631
19.2		0.00982631
19.3		0.00982631
19.4		0.00982631
19.5		0.00982631
19.6		0.00982631
19.7		0.00982631
19.8		0.00982631
19.9		0.00982631
20		0.00982631
20.1		0.0191633
20.2		0.0191633
20.3		0.0191633
20.4		0.0191633
20.5		0.0191633
20.6		0.0191633
20.7		0.0191633
20.8		0.0191633
20.9		0.0191633
21		0.0191633
21.1		0.0194487
21.2		0.0194487
21.3		0.0194487
21.4		0.0194487
21.5		0.0194487
21.6		0.0194487
21.7		0.0194487
21.8		0.0194487
21.9		0.0194487
22		0.0194487
22.1		0.0199788
22.2		0.0199788
22.3		0.0199788
22.4		0.0199788
22.5		0.0199788
22.6		0.0199788
22.7		0.0199788
22.8		0.0199788
22.9		0.0199788
23		0.0199788
23.1		0.0201011
23.2		0.0201011
23.3		0.0201011
23.4		0.0201011
23.5		0.0201011
23.6		0.0201011
23.7		0.0201011
23.8		0.0201011
23.9		0.0201011
24		0.0201011
24.1		0.0244638
24.2		0.0244638
24.3		0.0244638
24.4		0.0244638
24.5		0.0244638
24.6		0.0244638
24.7		0.0244638
24.8		0.0244638
24.9		0.0244638
25		0.0244638
25.1		0.0247085
25.2		0.0247085
25.3		0.0247085
25.4		0.0247085
25.5		0.0247085
25.6		0.0247085
25.7		0.0247085
25.8		0.0247085
25.9		0.0247085
26		0.0247085
26.1		0.027848
26.2		0.027848
26.3		0.027848
26.4		0.027848
26.5		0.027848
26.6		0.027848
26.7		0.027848
26.8		0.027848
26.9		0.027848
27		0.027848
27.1		0.0295605
27.2		0.0295605
27.3		0.0295605
27.4		0.0295605
27.5		0.0295605
27.6		0.0295605
27.7		0.0295605
27.8		0.0295605
27.9		0.0295605
28		0.0295605
28.1		0.0322107
28.2		0.0322107
28.3		0.0322107
28.4		0.0322107
28.5		0.0322107
28.6		0.0322107
28.7		0.0322107
28.8		0.0322107
28.9		0.0322107
29		0.0322107
29.1		0.0339232
29.2		0.0339232
29.3		0.0339232
29.4		0.0339232
29.5		0.0339232
29.6		0.0339232
29.7		0.0339232
29.8		0.0339232
29.9		0.0339232
30		0.0339232
30.1		0.0358395
30.2		0.0358395
30.3		0.0358395
30.4		0.0358395
30.5		0.0358395
30.6		0.0358395
30.7		0.0358395
30.8		0.0358395
30.9		0.0358395
31		0.0358395
31.1		0.0361657
31.2		0.0361657
31.3		0.0361657
31.4		0.0361657
31.5		0.0361657
31.6		0.0361657
31.7		0.0361657
31.8		0.0361657
31.9		0.0361657
32		0.0361657
32.1		0.04114
32.2		0.04114
32.3		0.04114
32.4		0.04114
32.5		0.04114
32.6		0.04114
32.7		0.04114
32.8		0.04114
32.9		0.04114
33		0.04114
33.1		0.0413439
33.2		0.0413439
33.3		0.0413439
33.4		0.0413439
33.5		0.0413439
33.6		0.0413439
33.7		0.0413439
33.8		0.0413439
33.9		0.0413439
34		0.0413439
34.1		0.0423632
34.2		0.0423632
34.3		0.0423632
34.4		0.0423632
34.5		0.0423632
34.6		0.0423632
34.7		0.0423632
34.8		0.0423632
34.9		0.0423632
35		0.0423632
35.1		0.0454212
35.2		0.0454212
35.3		0.0454212
35.4		0.0454212
35.5		0.0454212
35.6		0.0454212
35.7		0.0454212
35.8		0.0454212
35.9		0.0454212
36		0.0454212
36.1		0.046359
36.2		0.046359
36.3		0.046359
36.4		0.046359
36.5		0.046359
36.6		0.046359
36.7		0.046359
36.8		0.046359
36.9		0.046359
37		0.046359
37.1		0.0471337
37.2		0.0471337
37.3		0.0471337
37.4		0.0471337
37.5		0.0471337
37.6		0.0471337
37.7		0.0471337
37.8		0.0471337
37.9		0.0471337
38		0.0471337
38.1		0.0492131
38.2		0.0492131
38.3		0.0492131
38.4		0.0492131
38.5		0.0492131
38.6		0.0492131
38.7		0.0492131
38.8		0.0492131
38.9		0.0492131
39		0.0492131
39.1		0.0534943
39.2		0.0534943
39.3		0.0534943
39.4		0.0534943
39.5		0.0534943
39.6		0.0534943
39.7		0.0534943
39.8		0.0534943
39.9		0.0534943
40		0.0534943
40.1		0.0539835
40.2		0.0539835
40.3		0.0539835
40.4		0.0539835
40.5		0.0539835
40.6		0.0539835
40.7		0.0539835
40.8		0.0539835
40.9		0.0539835
41		0.0539835
41.1		0.05696
41.2		0.05696
41.3		0.05696
41.4		0.05696
41.5		0.05696
41.6		0.05696
41.7		0.05696
41.8		0.05696
41.9		0.05696
42		0.05696
42.1		0.0570823
42.2		0.0570823
42.3		0.0570823
42.4		0.0570823
42.5		0.0570823
42.6		0.0570823
42.7		0.0570823
42.8		0.0570823
42.9		0.0570823
43		0.0570823
43.1		0.0582239
43.2		0.0582239
43.3		0.0582239
43.4		0.0582239
43.5		0.0582239
43.6		0.0582239
43.7		0.0582239
43.8		0.0582239
43.9		0.0582239
44		0.0582239
44.1		0.0635652
44.2		0.0635652
44.3		0.0635652
44.4		0.0635652
44.5		0.0635652
44.6		0.0635652
44.7		0.0635652
44.8		0.0635652
44.9		0.0635652
45		0.0635652
45.1		0.0638506
45.2		0.0638506
45.3		0.0638506
45.4		0.0638506
45.5		0.0638506
45.6		0.0638506
45.7		0.0638506
45.8		0.0638506
45.9		0.0638506
46		0.0638506
46.1		0.0688249
46.2		0.0688249
46.3		0.0688249
46.4		0.0688249
46.5		0.0688249
46.6		0.0688249
46.7		0.0688249
46.8		0.0688249
46.9		0.0688249
47		0.0688249
47.1		0.0691919
47.2		0.0691919
47.3		0.0691919
47.4		0.0691919
47.5		0.0691919
47.6		0.0691919
47.7		0.0691919
47.8		0.0691919
47.9		0.0691919
48		0.0691919
48.1		0.0693957
48.2		0.0693957
48.3		0.0693957
48.4		0.0693957
48.5		0.0693957
48.6		0.0693957
48.7		0.0693957
48.8		0.0693957
48.9		0.0693957
49		0.0693957
49.1		0.0732284
49.2		0.0732284
49.3		0.0732284
49.4		0.0732284
49.5		0.0732284
49.6		0.0732284
49.7		0.0732284
49.8		0.0732284
49.9		0.0732284
50		0.0732284
50.1		0.0759194
50.2		0.0759194
50.3		0.0759194
50.4		0.0759194
50.5		0.0759194
50.6		0.0759194
50.7		0.0759194
50.8		0.0759194
50.9		0.0759194
51		0.0759194
51.1		0.0767757
51.2		0.0767757
51.3		0.0767757
51.4		0.0767757
51.5		0.0767757
51.6		0.0767757
51.7		0.0767757
51.8		0.0767757
51.9		0.0767757
52		0.0767757
52.1		0.0776727
52.2		0.0776727
52.3		0.0776727
52.4		0.0776727
52.5		0.0776727
52.6		0.0776727
52.7		0.0776727
52.8		0.0776727
52.9		0.0776727
53		0.0776727
53.1		0.0796298
53.2		0.0796298
53.3		0.0796298
53.4		0.0796298
53.5		0.0796298
53.6		0.0796298
53.7		0.0796298
53.8		0.0796298
53.9		0.0796298
54		0.0796298
54.1		0.0821985
54.2		0.0821985
54.3		0.0821985
54.4		0.0821985
54.5		0.0821985
54.6		0.0821985
54.7		0.0821985
54.8		0.0821985
54.9		0.0821985
55		0.0821985
55.1		0.0845225
55.2		0.0845225
55.3		0.0845225
55.4		0.0845225
55.5		0.0845225
55.6		0.0845225
55.7		0.0845225
55.8		0.0845225
55.9		0.0845225
56		0.0845225
56.1		0.0846856
56.2		0.0846856
56.3		0.0846856
56.4		0.0846856
56.5		0.0846856
56.6		0.0846856
56.7		0.0846856
56.8		0.0846856
56.9		0.0846856
57		0.0846856
57.1		0.0852972
57.2		0.0852972
57.3		0.0852972
57.4		0.0852972
57.5		0.0852972
57.6		0.0852972
57.7		0.0852972
57.8		0.0852972
57.9		0.0852972
58		0.0852972
58.1		0.0916171
58.2		0.0916171
58.3		0.0916171
58.4		0.0916171
58.5		0.0916171
58.6		0.0916171
58.7		0.0916171
58.8		0.0916171
58.9		0.0916171
59		0.0916171
59.1		0.0921471
59.2		0.0921471
59.3		0.0921471
59.4		0.0921471
59.5		0.0921471
59.6		0.0921471
59.7		0.0921471
59.8		0.0921471
59.9		0.0921471
60		0.0921471
60.1		0.0944712
60.2		0.0944712
60.3		0.0944712
60.4		0.0944712
60.5		0.0944712
60.6		0.0944712
60.7		0.0944712
60.8		0.0944712
60.9		0.0944712
61		0.0944712
61.1		0.0952459
61.2		0.0952459
61.3		0.0952459
61.4		0.0952459
61.5		0.0952459
61.6		0.0952459
61.7		0.0952459
61.8		0.0952459
61.9		0.0952459
62		0.0952459
62.1		0.0984262
62.2		0.0984262
62.3		0.0984262
62.4		0.0984262
62.5		0.0984262
62.6		0.0984262
62.7		0.0984262
62.8		0.0984262
62.9		0.0984262
63		0.0984262
63.1		0.100506
63.2		0.100506
63.3		0.100506
63.4		0.100506
63.5		0.100506
63.6		0.100506
63.7		0.100506
63.8		0.100506
63.9		0.100506
64		0.100506
64.1		0.102667
64.2		0.102667
64.3		0.102667
64.4		0.102667
64.5		0.102667
64.6		0.102667
64.7		0.102667
64.8		0.102667
64.9		0.102667
65		0.102667
65.1		0.103523
65.2		0.103523
65.3		0.103523
65.4		0.103523
65.5		0.103523
65.6		0.103523
65.7		0.103523
65.8		0.103523
65.9		0.103523
66		0.103523
66.1		0.106173
66.2		0.106173
66.3		0.106173
66.4		0.106173
66.5		0.106173
66.6		0.106173
66.7		0.106173
66.8		0.106173
66.9		0.106173
67		0.106173
67.1		0.107519
67.2		0.107519
67.3		0.107519
67.4		0.107519
67.5		0.107519
67.6		0.107519
67.7		0.107519
67.8		0.107519
67.9		0.107519
68		0.107519
68.1		0.108579
68.2		0.108579
68.3		0.108579
68.4		0.108579
68.5		0.108579
68.6		0.108579
68.7		0.108579
68.8		0.108579
68.9		0.108579
69		0.108579
69.1		0.11131
69.2		0.11131
69.3		0.11131
69.4		0.11131
69.5		0.11131
69.6		0.11131
69.7		0.11131
69.8		0.11131
69.9		0.11131
70		0.11131
70.1		0.117345
70.2		0.117345
70.3		0.117345
70.4		0.117345
70.5		0.117345
70.6		0.117345
70.7		0.117345
70.8		0.117345
70.9		0.117345
71		0.117345
71.1		0.117508
71.2		0.117508
71.3		0.117508
71.4		0.117508
71.5		0.117508
71.6		0.117508
71.7		0.117508
71.8		0.117508
71.9		0.117508
72		0.117508
72.1		0.118283
72.2		0.118283
72.3		0.118283
72.4		0.118283
72.5		0.118283
72.6		0.118283
72.7		0.118283
72.8		0.118283
72.9		0.118283
73		0.118283
73.1		0.11865
73.2		0.11865
73.3		0.11865
73.4		0.11865
73.5		0.11865
73.6		0.11865
73.7		0.11865
73.8		0.11865
73.9		0.11865
74		0.11865
74.1		0.124276
74.2		0.124276
74.3		0.124276
74.4		0.124276
74.5		0.124276
74.6		0.124276
74.7		0.124276
74.8		0.124276
74.9		0.124276
75		0.124276
75.1		0.125092
75.2		0.125092
75.3		0.125092
75.4		0.125092
75.5		0.125092
75.6		0.125092
75.7		0.125092
75.8		0.125092
75.9		0.125092
76		0.125092
76.1		0.128802
76.2		0.128802
76.3		0.128802
76.4		0.128802
76.5		0.128802
76.6		0.128802
76.7		0.128802
76.8		0.128802
76.9		0.128802
77		0.128802
77.1		0.129373
77.2		0.129373
77.3		0.129373
77.4		0.129373
77.5		0.129373
77.6		0.129373
77.7		0.129373
77.8		0.129373
77.9		0.129373
78		0.129373
78.1		0.130882
78.2		0.130882
78.3		0.130882
78.4		0.130882
78.5		0.130882
78.6		0.130882
78.7		0.130882
78.8		0.130882
78.9		0.130882
79		0.130882
79.1		0.132227
79.2		0.132227
79.3		0.132227
79.4		0.132227
79.5		0.132227
79.6		0.132227
79.7		0.132227
79.8		0.132227
79.9		0.132227
80		0.132227
80.1		0.136671
80.2		0.136671
80.3		0.136671
80.4		0.136671
80.5		0.136671
80.6		0.136671
80.7		0.136671
80.8		0.136671
80.9		0.136671
81		0.136671
81.1		0.137731
81.2		0.137731
81.3		0.137731
81.4		0.137731
81.5		0.137731
81.6		0.137731
81.7		0.137731
81.8		0.137731
81.9		0.137731
82		0.137731
82.1		0.141197
82.2		0.141197
82.3		0.141197
82.4		0.141197
82.5		0.141197
82.6		0.141197
82.7		0.141197
82.8		0.141197
82.9		0.141197
83		0.141197
83.1		0.143154
83.2		0.143154
83.3		0.143154
83.4		0.143154
83.5		0.143154
83.6		0.143154
83.7		0.143154
83.8		0.143154
83.9		0.143154
84		0.143154
84.1		0.146987
84.2		0.146987
84.3		0.146987
84.4		0.146987
84.5		0.146987
84.6		0.146987
84.7		0.146987
84.8		0.146987
84.9		0.146987
85		0.146987
85.1		0.147272
85.2		0.147272
85.3		0.147272
85.4		0.147272
85.5		0.147272
85.6		0.147272
85.7		0.147272
85.8		0.147272
85.9		0.147272
86		0.147272
86.1		0.148536
86.2		0.148536
86.3		0.148536
86.4		0.148536
86.5		0.148536
86.6		0.148536
86.7		0.148536
86.8		0.148536
86.9		0.148536
87		0.148536
87.1		0.152573
87.2		0.152573
87.3		0.152573
87.4		0.152573
87.5		0.152573
87.6		0.152573
87.7		0.152573
87.8		0.152573
87.9		0.152573
88		0.152573
88.1		0.152817
88.2		0.152817
88.3		0.152817
88.4		0.152817
88.5		0.152817
88.6		0.152817
88.7		0.152817
88.8		0.152817
88.9		0.152817
89		0.152817
89.1		0.154408
89.2		0.154408
89.3		0.154408
89.4		0.154408
89.5		0.154408
89.6		0.154408
89.7		0.154408
89.8		0.154408
89.9		0.154408
90		0.154408
90.1		0.157302
90.2		0.157302
90.3		0.157302
90.4		0.157302
90.5		0.157302
90.6		0.157302
90.7		0.157302
90.8		0.157302
90.9		0.157302
91		0.157302
91.1		0.159056
91.2		0.159056
91.3		0.159056
91.4		0.159056
91.5		0.159056
91.6		0.159056
91.7		0.159056
91.8		0.159056
91.9		0.159056
92		0.159056
92.1		0.162725
92.2		0.162725
92.3		0.162725
92.4		0.162725
92.5		0.162725
92.6		0.162725
92.7		0.162725
92.8		0.162725
92.9		0.162725
93		0.162725
93.1		0.163908
93.2		0.163908
93.3		0.163908
93.4		0.163908
93.5		0.163908
93.6		0.163908
93.7		0.163908
93.8		0.163908
93.9		0.163908
94		0.163908
94.1		0.164845
94.2		0.164845
94.3		0.164845
94.4		0.164845
94.5		0.164845
94.6		0.164845
94.7		0.164845
94.8		0.164845
94.9		0.164845
95		0.164845
95.1		0.166273
95.2		0.166273
95.3		0.166273
95.4		0.166273
95.5		0.166273
95.6		0.166273
95.7		0.166273
95.8		0.166273
95.9		0.166273
96		0.166273
96.1		0.172429
96.2		0.172429
96.3		0.172429
96.4		0.172429
96.5		0.172429
96.6		0.172429
96.7		0.172429
96.8		0.172429
96.9		0.172429
97		0.172429
97.1		0.173816
97.2		0.173816
97.3		0.173816
97.4		0.173816
97.5		0.173816
97.6		0.173816
97.7		0.173816
97.8		0.173816
97.9		0.173816
98		0.173816
98.1		0.175936
98.2		0.175936
98.3		0.175936
98.4		0.175936
98.5		0.175936
98.6		0.175936
98.7		0.175936
98.8		0.175936
98.9		0.175936
99		0.175936
99.1		0.176874
99.2		0.176874
99.3		0.176874
99.4		0.176874
99.5		0.176874
99.6		0.176874
99.7		0.176874
99.8		0.176874
99.9		0.176874
100		0.176874
100.1		0.179401
100.2		0.179401
100.3		0.179401
100.4		0.179401
100.5		0.179401
100.6		0.179401
100.7		0.179401
100.8		0.179401
100.9		0.179401
101		0.179401
101.1		0.181481
101.2		0.181481
101.3		0.181481
101.4		0.181481
101.5		0.181481
101.6		0.181481
101.7		0.181481
101.8		0.181481
101.9		0.181481
102		0.181481
102.1		0.182826
102.2		0.182826
102.3		0.182826
102.4		0.182826
102.5		0.182826
102.6		0.182826
102.7		0.182826
102.8		0.182826
102.9		0.182826
103		0.182826
103.1		0.186333
103.2		0.186333
103.3		0.186333
103.4		0.186333
103.5		0.186333
103.6		0.186333
103.7		0.186333
103.8		0.186333
103.9		0.186333
104		0.186333
104.1		0.187026
104.2		0.187026
104.3		0.187026
104.4		0.187026
104.5		0.187026
104.6		0.187026
104.7		0.187026
104.8		0.187026
104.9		0.187026
105		0.187026
105.1		0.188575
105.2		0.188575
105.3		0.188575
105.4		0.188575
105.5		0.188575
105.6		0.188575
105.7		0.188575
105.8		0.188575
105.9		0.188575
106		0.188575
106.1		0.190166
106.2		0.190166
106.3		0.190166
106.4		0.190166
106.5		0.190166
106.6		0.190166
106.7		0.190166
106.8		0.190166
106.9		0.190166
107		0.190166
107.1		0.194487
107.2		0.194487
107.3		0.194487
107.4		0.194487
107.5		0.194487
107.6		0.194487
107.7		0.194487
107.8		0.194487
107.9		0.194487
108		0.194487
108.1		0.195262
108.2		0.195262
108.3		0.195262
108.4		0.195262
108.5		0.195262
108.6		0.195262
108.7		0.195262
108.8		0.195262
108.9		0.195262
109		0.195262
109.1		0.199095
109.2		0.199095
109.3		0.199095
109.4		0.199095
109.5		0.199095
109.6		0.199095
109.7		0.199095
109.8		0.199095
109.9		0.199095
110		0.199095
110.1		0.200196
110.2		0.200196
110.3		0.200196
110.4		0.200196
110.5		0.200196
110.6		0.200196
110.7		0.200196
110.8		0.200196
110.9		0.200196
111		0.200196
111.1		0.201664
111.2		0.201664
111.3		0.201664
111.4		0.201664
111.5		0.201664
111.6		0.201664
111.7		0.201664
111.8		0.201664
111.9		0.201664
112		0.201664
112.1		0.201867
112.2		0.201867
112.3		0.201867
112.4		0.201867
112.5		0.201867
112.6		0.201867
112.7		0.201867
112.8		0.201867
112.9		0.201867
113		0.201867
113.1		0.202887
113.2		0.202887
113.3		0.202887
113.4		0.202887
113.5		0.202887
113.6		0.202887
113.7		0.202887
113.8		0.202887
113.9		0.202887
114		0.202887
114.1		0.207086
114.2		0.207086
114.3		0.207086
114.4		0.207086
114.5		0.207086
114.6		0.207086
114.7		0.207086
114.8		0.207086
114.9		0.207086
115		0.207086
115.1		0.209859
115.2		0.209859
115.3		0.209859
115.4		0.209859
115.5		0.209859
115.6		0.209859
115.7		0.209859
115.8		0.209859
115.9		0.209859
116		0.209859
116.1		0.210878
116.2		0.210878
116.3		0.210878
116.4		0.210878
116.5		0.210878
116.6		0.210878
116.7		0.210878
116.8		0.210878
116.9		0.210878
117		0.210878
117.1		0.212958
117.2		0.212958
117.3		0.212958
117.4		0.212958
117.5		0.212958
117.6		0.212958
117.7		0.212958
117.8		0.212958
117.9		0.212958
118		0.212958
118.1		0.215649
118.2		0.215649
118.3		0.215649
118.4		0.215649
118.5		0.215649
118.6		0.215649
118.7		0.215649
118.8		0.215649
118.9		0.215649
119		0.215649
119.1		0.216953
119.2		0.216953
119.3		0.216953
119.4		0.216953
119.5		0.216953
119.6		0.216953
119.7		0.216953
119.8		0.216953
119.9		0.216953
120		0.216953
120.1		0.217239
120.2		0.217239
120.3		0.217239
120.4		0.217239
120.5		0.217239
120.6		0.217239
120.7		0.217239
120.8		0.217239
120.9		0.217239
121		0.217239
121.1		0.219889
121.2		0.219889
121.3		0.219889
121.4		0.219889
121.5		0.219889
121.6		0.219889
121.7		0.219889
121.8		0.219889
121.9		0.219889
122		0.219889
122.1		0.223763
122.2		0.223763
122.3		0.223763
122.4		0.223763
122.5		0.223763
122.6		0.223763
122.7		0.223763
122.8		0.223763
122.9		0.223763
123		0.223763
123.1		0.225883
123.2		0.225883
123.3		0.225883
123.4		0.225883
123.5		0.225883
123.6		0.225883
123.7		0.225883
123.8		0.225883
123.9		0.225883
124		0.225883
124.1		0.226494
124.2		0.226494
124.3		0.226494
124.4		0.226494
124.5		0.226494
124.6		0.226494
124.7		0.226494
124.8		0.226494
124.9		0.226494
125		0.226494
125.1		0.22678
125.2		0.22678
125.3		0.22678
125.4		0.22678
125.5		0.22678
125.6		0.22678
125.7		0.22678
125.8		0.22678
125.9		0.22678
126		0.22678
126.1		0.23208
126.2		0.23208
126.3		0.23208
126.4		0.23208
126.5		0.23208
126.6		0.23208
126.7		0.23208
126.8		0.23208
126.9		0.23208
127		0.23208
127.1		0.233018
127.2		0.233018
127.3		0.233018
127.4		0.233018
127.5		0.233018
127.6		0.233018
127.7		0.233018
127.8		0.233018
127.9		0.233018
128		0.233018
128.1		0.23473
128.2		0.23473
128.3		0.23473
128.4		0.23473
128.5		0.23473
128.6		0.23473
128.7		0.23473
128.8		0.23473
128.9		0.23473
129		0.23473
129.1		0.235464
129.2		0.235464
129.3		0.235464
129.4		0.235464
129.5		0.235464
129.6		0.235464
129.7		0.235464
129.8		0.235464
129.9		0.235464
130		0.235464
130.1		0.2384
130.2		0.2384
130.3		0.2384
130.4		0.2384
130.5		0.2384
130.6		0.2384
130.7		0.2384
130.8		0.2384
130.9		0.2384
131		0.2384
131.1		0.239052
131.2		0.239052
131.3		0.239052
131.4		0.239052
131.5		0.239052
131.6		0.239052
131.7		0.239052
131.8		0.239052
131.9		0.239052
132		0.239052
132.1		0.242722
132.2		0.242722
132.3		0.242722
132.4		0.242722
132.5		0.242722
132.6		0.242722
132.7		0.242722
132.8		0.242722
132.9		0.242722
133		0.242722
133.1		0.243456
133.2		0.243456
133.3		0.243456
133.4		0.243456
133.5		0.243456
133.6		0.243456
133.7		0.243456
133.8		0.243456
133.9		0.243456
134		0.243456
134.1		0.249042
134.2		0.249042
134.3		0.249042
134.4		0.249042
134.5		0.249042
134.6		0.249042
134.7		0.249042
134.8		0.249042
134.9		0.249042
135		0.249042
135.1		0.249368
135.2		0.249368
135.3		0.249368
135.4		0.249368
135.5		0.249368
135.6		0.249368
135.7		0.249368
135.8		0.249368
135.9		0.249368
136		0.249368
136.1		0.249735
136.2		0.249735
136.3		0.249735
136.4		0.249735
136.5		0.249735
136.6		0.249735
136.7		0.249735
136.8		0.249735
136.9		0.249735
137		0.249735
137.1		0.250877
137.2		0.250877
137.3		0.250877
137.4		0.250877
137.5		0.250877
137.6		0.250877
137.7		0.250877
137.8		0.250877
137.9		0.250877
138		0.250877
138.1		0.255892
138.2		0.255892
138.3		0.255892
138.4		0.255892
138.5		0.255892
138.6		0.255892
138.7		0.255892
138.8		0.255892
138.9		0.255892
139		0.255892
139.1		0.256381
139.2		0.256381
139.3		0.256381
139.4		0.256381
139.5		0.256381
139.6		0.256381
139.7		0.256381
139.8		0.256381
139.9		0.256381
140		0.256381
140.1		0.259643
140.2		0.259643
140.3		0.259643
140.4		0.259643
140.5		0.259643
140.6		0.259643
140.7		0.259643
140.8		0.259643
140.9		0.259643
141		0.259643
141.1		0.261233
141.2		0.261233
141.3		0.261233
141.4		0.261233
141.5		0.261233
141.6		0.261233
141.7		0.261233
141.8		0.261233
141.9		0.261233
142		0.261233
142.1		0.262497
142.2		0.262497
142.3		0.262497
142.4		0.262497
142.5		0.262497
142.6		0.262497
142.7		0.262497
142.8		0.262497
142.9		0.262497
143		0.262497
143.1		0.264495
143.2		0.264495
143.3		0.264495
143.4		0.264495
143.5		0.264495
143.6		0.264495
143.7		0.264495
143.8		0.264495
143.9		0.264495
144		0.264495
144.1		0.264903
144.2		0.264903
144.3		0.264903
144.4		0.264903
144.5		0.264903
144.6		0.264903
144.7		0.264903
144.8		0.264903
144.9		0.264903
145		0.264903
145.1		0.268205
145.2		0.268205
145.3		0.268205
145.4		0.268205
145.5		0.268205
145.6		0.268205
145.7		0.268205
145.8		0.268205
145.9		0.268205
146		0.268205
146.1		0.271222
146.2		0.271222
146.3		0.271222
146.4		0.271222
146.5		0.271222
146.6		0.271222
146.7		0.271222
146.8		0.271222
146.9		0.271222
147		0.271222
147.1		0.272649
147.2		0.272649
147.3		0.272649
147.4		0.272649
147.5		0.272649
147.6		0.272649
147.7		0.272649
147.8		0.272649
147.9		0.272649
148		0.272649
148.1		0.274566
148.2		0.274566
148.3		0.274566
148.4		0.274566
148.5		0.274566
148.6		0.274566
148.7		0.274566
148.8		0.274566
148.9		0.274566
149		0.274566
149.1		0.27481
149.2		0.27481
149.3		0.27481
149.4		0.27481
149.5		0.27481
149.6		0.27481
149.7		0.27481
149.8		0.27481
149.9		0.27481
150		0.27481
150.1		0.277379
150.2		0.277379
150.3		0.277379
150.4		0.277379
150.5		0.277379
150.6		0.277379
150.7		0.277379
150.8		0.277379
150.9		0.277379
151		0.277379
151.1		0.279173
151.2		0.279173
151.3		0.279173
151.4		0.279173
151.5		0.279173
151.6		0.279173
151.7		0.279173
151.8		0.279173
151.9		0.279173
152		0.279173
152.1		0.283006
152.2		0.283006
152.3		0.283006
152.4		0.283006
152.5		0.283006
152.6		0.283006
152.7		0.283006
152.8		0.283006
152.9		0.283006
153		0.283006
153.1		0.283862
153.2		0.283862
153.3		0.283862
153.4		0.283862
153.5		0.283862
153.6		0.283862
153.7		0.283862
153.8		0.283862
153.9		0.283862
154		0.283862
154.1		0.284555
154.2		0.284555
154.3		0.284555
154.4		0.284555
154.5		0.284555
154.6		0.284555
154.7		0.284555
154.8		0.284555
154.9		0.284555
155		0.284555
155.1		0.287409
155.2		0.287409
155.3		0.287409
155.4		0.287409
155.5		0.287409
155.6		0.287409
155.7		0.287409
155.8		0.287409
155.9		0.287409
156		0.287409
156.1		0.291323
156.2		0.291323
156.3		0.291323
156.4		0.291323
156.5		0.291323
156.6		0.291323
156.7		0.291323
156.8		0.291323
156.9		0.291323
157		0.291323
157.1		0.292057
157.2		0.292057
157.3		0.292057
157.4		0.292057
157.5		0.292057
157.6		0.292057
157.7		0.292057
157.8		0.292057
157.9		0.292057
158		0.292057
158.1		0.293566
158.2		0.293566
158.3		0.293566
158.4		0.293566
158.5		0.293566
158.6		0.293566
158.7		0.293566
158.8		0.293566
158.9		0.293566
159		0.293566
159.1		0.294137
159.2		0.294137
159.3		0.294137
159.4		0.294137
159.5		0.294137
159.6		0.294137
159.7		0.294137
159.8		0.294137
159.9		0.294137
160		0.294137
160.1		0.300253
160.2		0.300253
160.3		0.300253
160.4		0.300253
160.5		0.300253
160.6		0.300253
160.7		0.300253
160.8		0.300253
160.9		0.300253
161		0.300253
161.1		0.301476
161.2		0.301476
161.3		0.301476
161.4		0.301476
161.5		0.301476
161.6		0.301476
161.7		0.301476
161.8		0.301476
161.9		0.301476
162		0.301476
162.1		0.302006
162.2		0.302006
162.3		0.302006
162.4		0.302006
162.5		0.302006
162.6		0.302006
162.7		0.302006
162.8		0.302006
162.9		0.302006
163		0.302006
163.1		0.303352
163.2		0.303352
163.3		0.303352
163.4		0.303352
163.5		0.303352
163.6		0.303352
163.7		0.303352
163.8		0.303352
163.9		0.303352
164		0.303352
164.1		0.309141
164.2		0.309141
164.3		0.309141
164.4		0.309141
164.5		0.309141
164.6		0.309141
164.7		0.309141
164.8		0.309141
164.9		0.309141
165		0.309141
165.1		0.309304
165.2		0.309304
165.3		0.309304
165.4		0.309304
165.5		0.309304
165.6		0.309304
165.7		0.309304
165.8		0.309304
165.9		0.309304
166		0.309304
166.1		0.312159
166.2		0.312159
166.3		0.312159
166.4		0.312159
166.5		0.312159
166.6		0.312159
166.7		0.312159
166.8		0.312159
166.9		0.312159
167		0.312159
167.1		0.312689
167.2		0.312689
167.3		0.312689
167.4		0.312689
167.5		0.312689
167.6		0.312689
167.7		0.312689
167.8		0.312689
167.9		0.312689
168		0.312689
168.1		0.317092
168.2		0.317092
168.3		0.317092
168.4		0.317092
168.5		0.317092
168.6		0.317092
168.7		0.317092
168.8		0.317092
168.9		0.317092
169		0.317092
169.1		0.319253
169.2		0.319253
169.3		0.319253
169.4		0.319253
169.5		0.319253
169.6		0.319253
169.7		0.319253
169.8		0.319253
169.9		0.319253
170		0.319253
170.1		0.319905
170.2		0.319905
170.3		0.319905
170.4		0.319905
170.5		0.319905
170.6		0.319905
170.7		0.319905
170.8		0.319905
170.9		0.319905
171		0.319905
171.1		0.320435
171.2		0.320435
171.3		0.320435
171.4		0.320435
171.5		0.320435
171.6		0.320435
171.7		0.320435
171.8		0.320435
171.9		0.320435
172		0.320435
172.1		0.326715
172.2		0.326715
172.3		0.326715
172.4		0.326715
172.5		0.326715
172.6		0.326715
172.7		0.326715
172.8		0.326715
172.9		0.326715
173		0.326715
173.1		0.327
173.2		0.327
173.3		0.327
173.4		0.327
173.5		0.327
173.6		0.327
173.7		0.327
173.8		0.327
173.9		0.327
174		0.327
174.1		0.328264
174.2		0.328264
174.3		0.328264
174.4		0.328264
174.5		0.328264
174.6		0.328264
174.7		0.328264
174.8		0.328264
174.9		0.328264
175		0.328264
175.1		0.328549
175.2		0.328549
175.3		0.328549
175.4		0.328549
175.5		0.328549
175.6		0.328549
175.7		0.328549
175.8		0.328549
175.9		0.328549
176		0.328549
176.1		0.330466
176.2		0.330466
176.3		0.330466
176.4		0.330466
176.5		0.330466
176.6		0.330466
176.7		0.330466
176.8		0.330466
176.9		0.330466
177		0.330466
177.1		0.33438
177.2		0.33438
177.3		0.33438
177.4		0.33438
177.5		0.33438
177.6		0.33438
177.7		0.33438
177.8		0.33438
177.9		0.33438
178		0.33438
178.1		0.335277
178.2		0.335277
178.3		0.335277
178.4		0.335277
178.5		0.335277
178.6		0.335277
178.7		0.335277
178.8		0.335277
178.9		0.335277
179		0.335277
179.1		0.337112
179.2		0.337112
179.3		0.337112
179.4		0.337112
179.5		0.337112
179.6		0.337112
179.7		0.337112
179.8		0.337112
179.9		0.337112
180		0.337112
180.1		0.340333
180.2		0.340333
180.3		0.340333
180.4		0.340333
180.5		0.340333
180.6		0.340333
180.7		0.340333
180.8		0.340333
180.9		0.340333
181		0.340333
181.1		0.340659
181.2		0.340659
181.3		0.340659
181.4		0.340659
181.5		0.340659
181.6		0.340659
181.7		0.340659
181.8		0.340659
181.9		0.340659
182		0.340659
182.1		0.344532
182.2		0.344532
182.3		0.344532
182.4		0.344532
182.5		0.344532
182.6		0.344532
182.7		0.344532
182.8		0.344532
182.9		0.344532
183		0.344532
183.1		0.345552
183.2		0.345552
183.3		0.345552
183.4		0.345552
183.5		0.345552
183.6		0.345552
183.7		0.345552
183.8		0.345552
183.9		0.345552
184		0.345552
184.1		0.346571
184.2		0.346571
184.3		0.346571
184.4		0.346571
184.5		0.346571
184.6		0.346571
184.7		0.346571
184.8		0.346571
184.9		0.346571
185		0.346571
185.1		0.349384
185.2		0.349384
185.3		0.349384
185.4		0.349384
185.5		0.349384
185.6		0.349384
185.7		0.349384
185.8		0.349384
185.9		0.349384
186		0.349384
186.1		0.349996
186.2		0.349996
186.3		0.349996
186.4		0.349996
186.5		0.349996
186.6		0.349996
186.7		0.349996
186.8		0.349996
186.9		0.349996
187		0.349996
187.1		0.352646
187.2		0.352646
187.3		0.352646
187.4		0.352646
187.5		0.352646
187.6		0.352646
187.7		0.352646
187.8		0.352646
187.9		0.352646
188		0.352646
188.1		0.353625
188.2		0.353625
188.3		0.353625
188.4		0.353625
188.5		0.353625
188.6		0.353625
188.7		0.353625
188.8		0.353625
188.9		0.353625
189		0.353625
189.1		0.355704
189.2		0.355704
189.3		0.355704
189.4		0.355704
189.5		0.355704
189.6		0.355704
189.7		0.355704
189.8		0.355704
189.9		0.355704
190		0.355704
190.1		0.359414
190.2		0.359414
190.3		0.359414
190.4		0.359414
190.5		0.359414
190.6		0.359414
190.7		0.359414
190.8		0.359414
190.9		0.359414
191		0.359414
191.1		0.361209
191.2		0.361209
191.3		0.361209
191.4		0.361209
191.5		0.361209
191.6		0.361209
191.7		0.361209
191.8		0.361209
191.9		0.361209
192		0.361209
192.1		0.361372
192.2		0.361372
192.3		0.361372
192.4		0.361372
192.5		0.361372
192.6		0.361372
192.7		0.361372
192.8		0.361372
192.9		0.361372
193		0.361372
193.1		0.361453
193.2		0.361453
193.3		0.361453
193.4		0.361453
193.5		0.361453
193.6		0.361453
193.7		0.361453
193.8		0.361453
193.9		0.361453
194		0.361453
194.1		0.369404
194.2		0.369404
194.3		0.369404
194.4		0.369404
194.5		0.369404
194.6		0.369404
194.7		0.369404
194.8		0.369404
194.9		0.369404
195		0.369404
195.1		0.369608
195.2		0.369608
195.3		0.369608
195.4		0.369608
195.5		0.369608
195.6		0.369608
195.7		0.369608
195.8		0.369608
195.9		0.369608
196		0.369608
196.1		0.370464
196.2		0.370464
196.3		0.370464
196.4		0.370464
196.5		0.370464
196.6		0.370464
196.7		0.370464
196.8		0.370464
196.9		0.370464
197		0.370464
197.1		0.37079
197.2		0.37079
197.3		0.37079
197.4		0.37079
197.5		0.37079
197.6		0.37079
197.7		0.37079
197.8		0.37079
197.9		0.37079
198		0.37079
198.1		0.376743
198.2		0.376743
198.3		0.376743
198.4		0.376743
198.5		0.376743
198.6		0.376743
198.7		0.376743
198.8		0.376743
198.9		0.376743
199		0.376743
199.1		0.379312
199.2		0.379312
199.3		0.379312
199.4		0.379312
199.5		0.379312
199.6		0.379312
199.7		0.379312
199.8		0.379312
199.9		0.379312
200		0.379312
200.1		0.379597
200.2		0.379597
200.3		0.379597
200.4		0.379597
200.5		0.379597
200.6		0.379597
200.7		0.379597
200.8		0.379597
200.9		0.379597
201		0.379597
201.1		0.38082
201.2		0.38082
201.3		0.38082
201.4		0.38082
201.5		0.38082
201.6		0.38082
201.7		0.38082
201.8		0.38082
201.9		0.38082
202		0.38082
202.1		0.38343
202.2		0.38343
202.3		0.38343
202.4		0.38343
202.5		0.38343
202.6		0.38343
202.7		0.38343
202.8		0.38343
202.9		0.38343
203		0.38343
203.1		0.387915
203.2		0.387915
203.3		0.387915
203.4		0.387915
203.5		0.387915
203.6		0.387915
203.7		0.387915
203.8		0.387915
203.9		0.387915
204		0.387915
204.1		0.388037
204.2		0.388037
204.3		0.388037
204.4		0.388037
204.5		0.388037
204.6		0.388037
204.7		0.388037
204.8		0.388037
204.9		0.388037
205		0.388037
205.1		0.390076
205.2		0.390076
205.3		0.390076
205.4		0.390076
205.5		0.390076
205.6		0.390076
205.7		0.390076
205.8		0.390076
205.9		0.390076
206		0.390076
206.1		0.391503
206.2		0.391503
206.3		0.391503
206.4		0.391503
206.5		0.391503
206.6		0.391503
206.7		0.391503
206.8		0.391503
206.9		0.391503
207		0.391503
207.1		0.39346
207.2		0.39346
207.3		0.39346
207.4		0.39346
207.5		0.39346
207.6		0.39346
207.7		0.39346
207.8		0.39346
207.9		0.39346
208		0.39346
208.1		0.396803
208.2		0.396803
208.3		0.396803
208.4		0.396803
208.5		0.396803
208.6		0.396803
208.7		0.396803
208.8		0.396803
208.9		0.396803
209		0.396803
209.1		0.398924
209.2		0.398924
209.3		0.398924
209.4		0.398924
209.5		0.398924
209.6		0.398924
209.7		0.398924
209.8		0.398924
209.9		0.398924
210		0.398924
210.1		0.399658
210.2		0.399658
210.3		0.399658
210.4		0.399658
210.5		0.399658
210.6		0.399658
210.7		0.399658
210.8		0.399658
210.9		0.399658
211		0.399658
211.1		0.403612
211.2		0.403612
211.3		0.403612
211.4		0.403612
211.5		0.403612
211.6		0.403612
211.7		0.403612
211.8		0.403612
211.9		0.403612
212		0.403612
212.1		0.40663
212.2		0.40663
212.3		0.40663
212.4		0.40663
212.5		0.40663
212.6		0.40663
212.7		0.40663
212.8		0.40663
212.9		0.40663
213		0.40663
213.1		0.406834
213.2		0.406834
213.3		0.406834
213.4		0.406834
213.5		0.406834
213.6		0.406834
213.7		0.406834
213.8		0.406834
213.9		0.406834
214		0.406834
214.1		0.408995
214.2		0.408995
214.3		0.408995
214.4		0.408995
214.5		0.408995
214.6		0.408995
214.7		0.408995
214.8		0.408995
214.9		0.408995
215		0.408995
215.1		0.409525
215.2		0.409525
215.3		0.409525
215.4		0.409525
215.5		0.409525
215.6		0.409525
215.7		0.409525
215.8		0.409525
215.9		0.409525
216		0.409525
216.1		0.412583
216.2		0.412583
216.3		0.412583
216.4		0.412583
216.5		0.412583
216.6		0.412583
216.7		0.412583
216.8		0.412583
216.9		0.412583
217		0.412583
217.1		0.414295
217.2		0.414295
217.3		0.414295
217.4		0.414295
217.5		0.414295
217.6		0.414295
217.7		0.414295
217.8		0.414295
217.9		0.414295
218		0.414295
218.1		0.416171
218.2		0.416171
218.3		0.416171
218.4		0.416171
218.5		0.416171
218.6		0.416171
218.7		0.416171
218.8		0.416171
218.9		0.416171
219		0.416171
219.1		0.417149
219.2		0.417149
219.3		0.417149
219.4		0.417149
219.5		0.417149
219.6		0.417149
219.7		0.417149
219.8		0.417149
219.9		0.417149
220		0.417149
220.1		0.422123
220.2		0.422123
220.3		0.422123
220.4		0.422123
220.5		0.422123
220.6		0.422123
220.7		0.422123
220.8		0.422123
220.9		0.422123
221		0.422123
221.1		0.422368
221.2		0.422368
221.3		0.422368
221.4		0.422368
221.5		0.422368
221.6		0.422368
221.7		0.422368
221.8		0.422368
221.9		0.422368
222		0.422368
222.1		0.422531
222.2		0.422531
222.3		0.422531
222.4		0.422531
222.5		0.422531
222.6		0.422531
222.7		0.422531
222.8		0.422531
222.9		0.422531
223		0.422531
223.1		0.425915
223.2		0.425915
223.3		0.425915
223.4		0.425915
223.5		0.425915
223.6		0.425915
223.7		0.425915
223.8		0.425915
223.9		0.425915
224		0.425915
224.1		0.429259
224.2		0.429259
224.3		0.429259
224.4		0.429259
224.5		0.429259
224.6		0.429259
224.7		0.429259
224.8		0.429259
224.9		0.429259
225		0.429259
225.1		0.4304
225.2		0.4304
225.3		0.4304
225.4		0.4304
225.5		0.4304
225.6		0.4304
225.7		0.4304
225.8		0.4304
225.9		0.4304
226		0.4304
226.1		0.432969
226.2		0.432969
226.3		0.432969
226.4		0.432969
226.5		0.432969
226.6		0.432969
226.7		0.432969
226.8		0.432969
226.9		0.432969
227		0.432969
227.1		0.433744
227.2		0.433744
227.3		0.433744
227.4		0.433744
227.5		0.433744
227.6		0.433744
227.7		0.433744
227.8		0.433744
227.9		0.433744
228		0.433744
228.1		0.43831
228.2		0.43831
228.3		0.43831
228.4		0.43831
228.5		0.43831
228.6		0.43831
228.7		0.43831
228.8		0.43831
228.9		0.43831
229		0.43831
229.1		0.439697
229.2		0.439697
229.3		0.439697
229.4		0.439697
229.5		0.439697
229.6		0.439697
229.7		0.439697
229.8		0.439697
229.9		0.439697
230		0.439697
230.1		0.441042
230.2		0.441042
230.3		0.441042
230.4		0.441042
230.5		0.441042
230.6		0.441042
230.7		0.441042
230.8		0.441042
230.9		0.441042
231		0.441042
231.1		0.44251
231.2		0.44251
231.3		0.44251
231.4		0.44251
231.5		0.44251
231.6		0.44251
231.7		0.44251
231.8		0.44251
231.9		0.44251
232		0.44251
232.1		0.444916
232.2		0.444916
232.3		0.444916
232.4		0.444916
232.5		0.444916
232.6		0.444916
232.7		0.444916
232.8		0.444916
232.9		0.444916
233		0.444916
233.1		0.447199
233.2		0.447199
233.3		0.447199
233.4		0.447199
233.5		0.447199
233.6		0.447199
233.7		0.447199
233.8		0.447199
233.9		0.447199
234		0.447199
234.1		0.447403
234.2		0.447403
234.3		0.447403
234.4		0.447403
234.5		0.447403
234.6		0.447403
234.7		0.447403
234.8		0.447403
234.9		0.447403
235		0.447403
235.1		0.449482
235.2		0.449482
235.3		0.449482
235.4		0.449482
235.5		0.449482
235.6		0.449482
235.7		0.449482
235.8		0.449482
235.9		0.449482
236		0.449482
236.1		0.45254
236.2		0.45254
236.3		0.45254
236.4		0.45254
236.5		0.45254
236.6		0.45254
236.7		0.45254
236.8		0.45254
236.9		0.45254
237		0.45254
237.1		0.453519
237.2		0.453519
237.3		0.453519
237.4		0.453519
237.5		0.453519
237.6		0.453519
237.7		0.453519
237.8		0.453519
237.9		0.453519
238		0.453519
238.1		0.457025
238.2		0.457025
238.3		0.457025
238.4		0.457025
238.5		0.457025
238.6		0.457025
238.7		0.457025
238.8		0.457025
238.9		0.457025
239		0.457025
239.1		0.458208
239.2		0.458208
239.3		0.458208
239.4		0.458208
239.5		0.458208
239.6		0.458208
239.7		0.458208
239.8		0.458208
239.9		0.458208
240		0.458208
240.1		0.459186
240.2		0.459186
240.3		0.459186
240.4		0.459186
240.5		0.459186
240.6		0.459186
240.7		0.459186
240.8		0.459186
240.9		0.459186
241		0.459186
241.1		0.461796
241.2		0.461796
241.3		0.461796
241.4		0.461796
241.5		0.461796
241.6		0.461796
241.7		0.461796
241.8		0.461796
241.9		0.461796
242		0.461796
242.1		0.464405
242.2		0.464405
242.3		0.464405
242.4		0.464405
242.5		0.464405
242.6		0.464405
242.7		0.464405
242.8		0.464405
242.9		0.464405
243		0.464405
243.1		0.467708
243.2		0.467708
243.3		0.467708
243.4		0.467708
243.5		0.467708
243.6		0.467708
243.7		0.467708
243.8		0.467708
243.9		0.467708
244		0.467708
244.1		0.468401
244.2		0.468401
244.3		0.468401
244.4		0.468401
244.5		0.468401
244.6		0.468401
244.7		0.468401
244.8		0.468401
244.9		0.468401
245		0.468401
245.1		0.469787
245.2		0.469787
245.3		0.469787
245.4		0.469787
245.5		0.469787
245.6		0.469787
245.7		0.469787
245.8		0.469787
245.9		0.469787
246		0.469787
246.1		0.470847
246.2		0.470847
246.3		0.470847
246.4		0.470847
246.5		0.470847
246.6		0.470847
246.7		0.470847
246.8		0.470847
246.9		0.470847
247		0.470847
247.1		0.47415
247.2		0.47415
247.3		0.47415
247.4		0.47415
247.5		0.47415
247.6		0.47415
247.7		0.47415
247.8		0.47415
247.9		0.47415
248		0.47415
248.1		0.474802
248.2		0.474802
248.3		0.474802
248.4		0.474802
248.5		0.474802
248.6		0.474802
248.7		0.474802
248.8		0.474802
248.9		0.474802
249		0.474802
249.1		0.478186
249.2		0.478186
249.3		0.478186
249.4		0.478186
249.5		0.478186
249.6		0.478186
249.7		0.478186
249.8		0.478186
249.9		0.478186
250		0.478186
250.1		0.480347
250.2		0.480347
250.3		0.480347
250.4		0.480347
250.5		0.480347
250.6		0.480347
250.7		0.480347
250.8		0.480347
250.9		0.480347
251		0.480347
251.1		0.483813
251.2		0.483813
251.3		0.483813
251.4		0.483813
251.5		0.483813
251.6		0.483813
251.7		0.483813
251.8		0.483813
251.9		0.483813
252		0.483813
252.1		0.484669
252.2		0.484669
252.3		0.484669
252.4		0.484669
252.5		0.484669
252.6		0.484669
252.7		0.484669
252.8		0.484669
252.9		0.484669
253		0.484669
253.1		0.484873
253.2		0.484873
253.3		0.484873
253.4		0.484873
253.5		0.484873
253.6		0.484873
253.7		0.484873
253.8		0.484873
253.9		0.484873
254		0.484873
254.1		0.490378
254.2		0.490378
254.3		0.490378
254.4		0.490378
254.5		0.490378
254.6		0.490378
254.7		0.490378
254.8		0.490378
254.9		0.490378
255		0.490378
255.1		0.492253
255.2		0.492253
255.3		0.492253
255.4		0.492253
255.5		0.492253
255.6		0.492253
255.7		0.492253
255.8		0.492253
255.9		0.492253
256		0.492253
256.1		0.494006
256.2		0.494006
256.3		0.494006
256.4		0.494006
256.5		0.494006
256.6		0.494006
256.7		0.494006
256.8		0.494006
256.9		0.494006
257		0.494006
257.1		0.49421
257.2		0.49421
257.3		0.49421
257.4		0.49421
257.5		0.49421
257.6		0.49421
257.7		0.49421
257.8		0.49421
257.9		0.49421
258		0.49421
258.1		0.499185
258.2		0.499185
258.3		0.499185
258.4		0.499185
258.5		0.499185
258.6		0.499185
258.7		0.499185
258.8		0.499185
258.9		0.499185
259		0.499185
259.1		0.499511
259.2		0.499511
259.3		0.499511
259.4		0.499511
259.5		0.499511
259.6		0.499511
259.7		0.499511
259.8		0.499511
259.9		0.499511
260		0.499511
260.1		0.500612
260.2		0.500612
260.3		0.500612
260.4		0.500612
260.5		0.500612
260.6		0.500612
260.7		0.500612
260.8		0.500612
260.9		0.500612
261		0.500612
261.1		0.503792
261.2		0.503792
261.3		0.503792
261.4		0.503792
261.5		0.503792
261.6		0.503792
261.7		0.503792
261.8		0.503792
261.9		0.503792
262		0.503792
262.1		0.508766
262.2		0.508766
262.3		0.508766
262.4		0.508766
262.5		0.508766
262.6		0.508766
262.7		0.508766
262.8		0.508766
262.9		0.508766
263		0.508766
263.1		0.508929
263.2		0.508929
263.3		0.508929
263.4		0.508929
263.5		0.508929
263.6		0.508929
263.7		0.508929
263.8		0.508929
263.9		0.508929
264		0.508929
264.1		0.510438
264.2		0.510438
264.3		0.510438
264.4		0.510438
264.5		0.510438
264.6		0.510438
264.7		0.510438
264.8		0.510438
264.9		0.510438
265		0.510438
265.1		0.513414
265.2		0.513414
265.3		0.513414
265.4		0.513414
265.5		0.513414
265.6		0.513414
265.7		0.513414
265.8		0.513414
265.9		0.513414
266		0.513414
266.1		0.515657
266.2		0.515657
266.3		0.515657
266.4		0.515657
266.5		0.515657
266.6		0.515657
266.7		0.515657
266.8		0.515657
266.9		0.515657
267		0.515657
267.1		0.519775
267.2		0.519775
267.3		0.519775
267.4		0.519775
267.5		0.519775
267.6		0.519775
267.7		0.519775
267.8		0.519775
267.9		0.519775
268		0.519775
268.1		0.521691
268.2		0.521691
268.3		0.521691
268.4		0.521691
268.5		0.521691
268.6		0.521691
268.7		0.521691
268.8		0.521691
268.9		0.521691
269		0.521691
269.1		0.522384
269.2		0.522384
269.3		0.522384
269.4		0.522384
269.5		0.522384
269.6		0.522384
269.7		0.522384
269.8		0.522384
269.9		0.522384
270		0.522384
270.1		0.524831
270.2		0.524831
270.3		0.524831
270.4		0.524831
270.5		0.524831
270.6		0.524831
270.7		0.524831
270.8		0.524831
270.9		0.524831
271		0.524831
271.1		0.525646
271.2		0.525646
271.3		0.525646
271.4		0.525646
271.5		0.525646
271.6		0.525646
271.7		0.525646
271.8		0.525646
271.9		0.525646
272		0.525646
272.1		0.528419
272.2		0.528419
272.3		0.528419
272.4		0.528419
272.5		0.528419
272.6		0.528419
272.7		0.528419
272.8		0.528419
272.9		0.528419
273		0.528419
273.1		0.531232
273.2		0.531232
273.3		0.531232
273.4		0.531232
273.5		0.531232
273.6		0.531232
273.7		0.531232
273.8		0.531232
273.9		0.531232
274		0.531232
274.1		0.531477
274.2		0.531477
274.3		0.531477
274.4		0.531477
274.5		0.531477
274.6		0.531477
274.7		0.531477
274.8		0.531477
274.9		0.531477
275		0.531477
275.1		0.53588
275.2		0.53588
275.3		0.53588
275.4		0.53588
275.5		0.53588
275.6		0.53588
275.7		0.53588
275.8		0.53588
275.9		0.53588
276		0.53588
276.1		0.536288
276.2		0.536288
276.3		0.536288
276.4		0.536288
276.5		0.536288
276.6		0.536288
276.7		0.536288
276.8		0.536288
276.9		0.536288
277		0.536288
277.1		0.537185
277.2		0.537185
277.3		0.537185
277.4		0.537185
277.5		0.537185
277.6		0.537185
277.7		0.537185
277.8		0.537185
277.9		0.537185
278		0.537185
278.1		0.539713
278.2		0.539713
278.3		0.539713
278.4		0.539713
278.5		0.539713
278.6		0.539713
278.7		0.539713
278.8		0.539713
278.9		0.539713
279		0.539713
279.1		0.540651
279.2		0.540651
279.3		0.540651
279.4		0.540651
279.5		0.540651
279.6		0.540651
279.7		0.540651
279.8		0.540651
279.9		0.540651
280		0.540651
280.1		0.546522
280.2		0.546522
280.3		0.546522
280.4		0.546522
280.5		0.546522
280.6		0.546522
280.7		0.546522
280.8		0.546522
280.9		0.546522
281		0.546522
281.1		0.547134
281.2		0.547134
281.3		0.547134
281.4		0.547134
281.5		0.547134
281.6		0.547134
281.7		0.547134
281.8		0.547134
281.9		0.547134
282		0.547134
282.1		0.547174
282.2		0.547174
282.3		0.547174
282.4		0.547174
282.5		0.547174
282.6		0.547174
282.7		0.547174
282.8		0.547174
282.9		0.547174
283		0.547174
283.1		0.548031
283.2		0.548031
283.3		0.548031
283.4		0.548031
283.5		0.548031
283.6		0.548031
283.7		0.548031
283.8		0.548031
283.9		0.548031
284		0.548031
284.1		0.554391
284.2		0.554391
284.3		0.554391
284.4		0.554391
284.5		0.554391
284.6		0.554391
284.7		0.554391
284.8		0.554391
284.9		0.554391
285		0.554391
285.1		0.555288
285.2		0.555288
285.3		0.555288
285.4		0.555288
285.5		0.555288
285.6		0.555288
285.7		0.555288
285.8		0.555288
285.9		0.555288
286		0.555288
286.1		0.558265
286.2		0.558265
286.3		0.558265
286.4		0.558265
286.5		0.558265
286.6		0.558265
286.7		0.558265
286.8		0.558265
286.9		0.558265
287		0.558265
287.1		0.563524
287.2		0.563524
287.3		0.563524
287.4		0.563524
287.5		0.563524
287.6		0.563524
287.7		0.563524
287.8		0.563524
287.9		0.563524
288		0.563524
288.1		0.564381
288.2		0.564381
288.3		0.564381
288.4		0.564381
288.5		0.564381
288.6		0.564381
288.7		0.564381
288.8		0.564381
288.9		0.564381
289		0.564381
289.1		0.565685
289.2		0.565685
289.3		0.565685
289.4		0.565685
289.5		0.565685
289.6		0.565685
289.7		0.565685
289.8		0.565685
289.9		0.565685
290		0.565685
290.1		0.567683
290.2		0.567683
290.3		0.567683
290.4		0.567683
290.5		0.567683
290.6		0.567683
290.7		0.567683
290.8		0.567683
290.9		0.567683
291		0.567683
291.1		0.571761
291.2		0.571761
291.3		0.571761
291.4		0.571761
291.5		0.571761
291.6		0.571761
291.7		0.571761
291.8		0.571761
291.9		0.571761
292		0.571761
292.1		0.572943
292.2		0.572943
292.3		0.572943
292.4		0.572943
292.5		0.572943
292.6		0.572943
292.7		0.572943
292.8		0.572943
292.9		0.572943
293		0.572943
293.1		0.574329
293.2		0.574329
293.3		0.574329
293.4		0.574329
293.5		0.574329
293.6		0.574329
293.7		0.574329
293.8		0.574329
293.9		0.574329
294		0.574329
294.1		0.574819
294.2		0.574819
294.3		0.574819
294.4		0.574819
294.5		0.574819
294.6		0.574819
294.7		0.574819
294.8		0.574819
294.9		0.574819
295		0.574819
295.1		0.574819
295.2		0.574819
295.3		0.574819
295.4		0.574819
295.5		0.574819
295.6		0.574819
295.7		0.574819
295.8		0.574819
295.9		0.574819
296		0.574819
296.1		0.574819
296.2		0.574819
296.3		0.574819
296.4		0.574819
296.5		0.574819
296.6		0.574819
296.7		0.574819
296.8		0.574819
296.9		0.574819
297		0.574819
297.1		0.578529
297.2		0.578529
297.3		0.578529
297.4		0.578529
297.5		0.578529
297.6		0.578529
297.7		0.578529
297.8		0.578529
297.9		0.578529
298		0.578529
298.1		0.580364
298.2		0.580364
298.3		0.580364
298.4		0.580364
298.5		0.580364
298.6		0.580364
298.7		0.580364
298.8		0.580364
298.9		0.580364
299		0.580364
299.1		0.582076
299.2		0.582076
299.3		0.582076
299.4		0.582076
299.5		0.582076
299.6		0.582076
299.7		0.582076
299.8		0.582076
299.9		0.582076
300		0.582076
300.1		0.582402
300.2		0.582402
300.3		0.582402
300.4		0.582402
300.5		0.582402
300.6		0.582402
300.7		0.582402
300.8		0.582402
300.9		0.582402
301		0.582402
301.1		0.583789
301.2		0.583789
301.3		0.583789
301.4		0.583789
301.5		0.583789
301.6		0.583789
301.7		0.583789
301.8		0.583789
301.9		0.583789
302		0.583789
302.1		0.587377
302.2		0.587377
302.3		0.587377
302.4		0.587377
302.5		0.587377
302.6		0.587377
302.7		0.587377
302.8		0.587377
302.9		0.587377
303		0.587377
303.1		0.587499
303.2		0.587499
303.3		0.587499
303.4		0.587499
303.5		0.587499
303.6		0.587499
303.7		0.587499
303.8		0.587499
303.9		0.587499
304		0.587499
304.1		0.590557
304.2		0.590557
304.3		0.590557
304.4		0.590557
304.5		0.590557
304.6		0.590557
304.7		0.590557
304.8		0.590557
304.9		0.590557
305		0.590557
305.1		0.591087
305.2		0.591087
305.3		0.591087
305.4		0.591087
305.5		0.591087
305.6		0.591087
305.7		0.591087
305.8		0.591087
305.9		0.591087
306		0.591087
306.1		0.592025
306.2		0.592025
306.3		0.592025
306.4		0.592025
306.5		0.592025
306.6		0.592025
306.7		0.592025
306.8		0.592025
306.9		0.592025
307		0.592025
307.1		0.597285
307.2		0.597285
307.3		0.597285
307.4		0.597285
307.5		0.597285
307.6		0.597285
307.7		0.597285
307.8		0.597285
307.9		0.597285
308		0.597285
308.1		0.598875
308.2		0.598875
308.3		0.598875
308.4		0.598875
308.5		0.598875
308.6		0.598875
308.7		0.598875
308.8		0.598875
308.9		0.598875
309		0.598875
309.1		0.599812
309.2		0.599812
309.3		0.599812
309.4		0.599812
309.5		0.599812
309.6		0.599812
309.7		0.599812
309.8		0.599812
309.9		0.599812
310		0.599812
310.1		0.602096
310.2		0.602096
310.3		0.602096
310.4		0.602096
310.5		0.602096
310.6		0.602096
310.7		0.602096
310.8		0.602096
310.9		0.602096
311		0.602096
311.1		0.603523
311.2		0.603523
311.3		0.603523
311.4		0.603523
311.5		0.603523
311.6		0.603523
311.7		0.603523
311.8		0.603523
311.9		0.603523
312		0.603523
312.1		0.605031
312.2		0.605031
312.3		0.605031
312.4		0.605031
312.5		0.605031
312.6		0.605031
312.7		0.605031
312.8		0.605031
312.9		0.605031
313		0.605031
313.1		0.608456
313.2		0.608456
313.3		0.608456
313.4		0.608456
313.5		0.608456
313.6		0.608456
313.7		0.608456
313.8		0.608456
313.9		0.608456
314		0.608456
314.1		0.609272
314.2		0.609272
314.3		0.609272
314.4		0.609272
314.5		0.609272
314.6		0.609272
314.7		0.609272
314.8		0.609272
314.9		0.609272
315		0.609272
315.1		0.610943
315.2		0.610943
315.3		0.610943
315.4		0.610943
315.5		0.610943
315.6		0.610943
315.7		0.610943
315.8		0.610943
315.9		0.610943
316		0.610943
316.1		0.614817
316.2		0.614817
316.3		0.614817
316.4		0.614817
316.5		0.614817
316.6		0.614817
316.7		0.614817
316.8		0.614817
316.9		0.614817
317		0.614817
317.1		0.616326
317.2		0.616326
317.3		0.616326
317.4		0.616326
317.5		0.616326
317.6		0.616326
317.7		0.616326
317.8		0.616326
317.9		0.616326
318		0.616326
318.1		0.617834
318.2		0.617834
318.3		0.617834
318.4		0.617834
318.5		0.617834
318.6		0.617834
318.7		0.617834
318.8		0.617834
318.9		0.617834
319		0.617834
319.1		0.62077
319.2		0.62077
319.3		0.62077
319.4		0.62077
319.5		0.62077
319.6		0.62077
319.7		0.62077
319.8		0.62077
319.9		0.62077
320		0.62077
320.1		0.624154
320.2		0.624154
320.3		0.624154
320.4		0.624154
320.5		0.624154
320.6		0.624154
320.7		0.624154
320.8		0.624154
320.9		0.624154
321		0.624154
321.1		0.62448
321.2		0.62448
321.3		0.62448
321.4		0.62448
321.5		0.62448
321.6		0.62448
321.7		0.62448
321.8		0.62448
321.9		0.62448
322		0.62448
322.1		0.626519
322.2		0.626519
322.3		0.626519
322.4		0.626519
322.5		0.626519
322.6		0.626519
322.7		0.626519
322.8		0.626519
322.9		0.626519
323		0.626519
323.1		0.629006
323.2		0.629006
323.3		0.629006
323.4		0.629006
323.5		0.629006
323.6		0.629006
323.7		0.629006
323.8		0.629006
323.9		0.629006
324		0.629006
324.1		0.630311
324.2		0.630311
324.3		0.630311
324.4		0.630311
324.5		0.630311
324.6		0.630311
324.7		0.630311
324.8		0.630311
324.9		0.630311
325		0.630311
325.1		0.633817
325.2		0.633817
325.3		0.633817
325.4		0.633817
325.5		0.633817
325.6		0.633817
325.7		0.633817
325.8		0.633817
325.9		0.633817
326		0.633817
326.1		0.634347
326.2		0.634347
326.3		0.634347
326.4		0.634347
326.5		0.634347
326.6		0.634347
326.7		0.634347
326.8		0.634347
326.9		0.634347
327		0.634347
327.1		0.634592
327.2		0.634592
327.3		0.634592
327.4		0.634592
327.5		0.634592
327.6		0.634592
327.7		0.634592
327.8		0.634592
327.9		0.634592
328		0.634592
328.1		0.638995
328.2		0.638995
328.3		0.638995
328.4		0.638995
328.5		0.638995
328.6		0.638995
328.7		0.638995
328.8		0.638995
328.9		0.638995
329		0.638995
329.1		0.641034
329.2		0.641034
329.3		0.641034
329.4		0.641034
329.5		0.641034
329.6		0.641034
329.7		0.641034
329.8		0.641034
329.9		0.641034
330		0.641034
330.1		0.643562
330.2		0.643562
330.3		0.643562
330.4		0.643562
330.5		0.643562
330.6		0.643562
330.7		0.643562
330.8		0.643562
330.9		0.643562
331		0.643562
331.1		0.645071
331.2		0.645071
331.3		0.645071
331.4		0.645071
331.5		0.645071
331.6		0.645071
331.7		0.645071
331.8		0.645071
331.9		0.645071
332		0.645071
332.1		0.645927
332.2		0.645927
332.3		0.645927
332.4		0.645927
332.5		0.645927
332.6		0.645927
332.7		0.645927
332.8		0.645927
332.9		0.645927
333		0.645927
333.1		0.648047
333.2		0.648047
333.3		0.648047
333.4		0.648047
333.5		0.648047
333.6		0.648047
333.7		0.648047
333.8		0.648047
333.9		0.648047
334		0.648047
334.1		0.649678
334.2		0.649678
334.3		0.649678
334.4		0.649678
334.5		0.649678
334.6		0.649678
334.7		0.649678
334.8		0.649678
334.9		0.649678
335		0.649678
335.1		0.655508
335.2		0.655508
335.3		0.655508
335.4		0.655508
335.5		0.655508
335.6		0.655508
335.7		0.655508
335.8		0.655508
335.9		0.655508
336		0.655508
336.1		0.656446
336.2		0.656446
336.3		0.656446
336.4		0.656446
336.5		0.656446
336.6		0.656446
336.7		0.656446
336.8		0.656446
336.9		0.656446
337		0.656446
337.1		0.65665
337.2		0.65665
337.3		0.65665
337.4		0.65665
337.5		0.65665
337.6		0.65665
337.7		0.65665
337.8		0.65665
337.9		0.65665
338		0.65665
338.1		0.659463
338.2		0.659463
338.3		0.659463
338.4		0.659463
338.5		0.659463
338.6		0.659463
338.7		0.659463
338.8		0.659463
338.9		0.659463
339		0.659463
339.1		0.660401
339.2		0.660401
339.3		0.660401
339.4		0.660401
339.5		0.660401
339.6		0.660401
339.7		0.660401
339.8		0.660401
339.9		0.660401
340		0.660401
340.1		0.664152
340.2		0.664152
340.3		0.664152
340.4		0.664152
340.5		0.664152
340.6		0.664152
340.7		0.664152
340.8		0.664152
340.9		0.664152
341		0.664152
341.1		0.666313
341.2		0.666313
341.3		0.666313
341.4		0.666313
341.5		0.666313
341.6		0.666313
341.7		0.666313
341.8		0.666313
341.9		0.666313
342		0.666313
342.1		0.671328
342.2		0.671328
342.3		0.671328
342.4		0.671328
342.5		0.671328
342.6		0.671328
342.7		0.671328
342.8		0.671328
342.9		0.671328
343		0.671328
343.1		0.672674
343.2		0.672674
343.3		0.672674
343.4		0.672674
343.5		0.672674
343.6		0.672674
343.7		0.672674
343.8		0.672674
343.9		0.672674
344		0.672674
344.1		0.67561
344.2		0.67561
344.3		0.67561
344.4		0.67561
344.5		0.67561
344.6		0.67561
344.7		0.67561
344.8		0.67561
344.9		0.67561
345		0.67561
345.1		0.678994
345.2		0.678994
345.3		0.678994
345.4		0.678994
345.5		0.678994
345.6		0.678994
345.7		0.678994
345.8		0.678994
345.9		0.678994
346		0.678994
346.1		0.680747
346.2		0.680747
346.3		0.680747
346.4		0.680747
346.5		0.680747
346.6		0.680747
346.7		0.680747
346.8		0.680747
346.9		0.680747
347		0.680747
347.1		0.68091
347.2		0.68091
347.3		0.68091
347.4		0.68091
347.5		0.68091
347.6		0.68091
347.7		0.68091
347.8		0.68091
347.9		0.68091
348		0.68091
348.1		0.683683
348.2		0.683683
348.3		0.683683
348.4		0.683683
348.5		0.683683
348.6		0.683683
348.7		0.683683
348.8		0.683683
348.9		0.683683
349		0.683683
349.1		0.687678
349.2		0.687678
349.3		0.687678
349.4		0.687678
349.5		0.687678
349.6		0.687678
349.7		0.687678
349.8		0.687678
349.9		0.687678
350		0.687678
350.1		0.688249
350.2		0.688249
350.3		0.688249
350.4		0.688249
350.5		0.688249
350.6		0.688249
350.7		0.688249
350.8		0.688249
350.9		0.688249
351		0.688249
351.1		0.692204
351.2		0.692204
351.3		0.692204
351.4		0.692204
351.5		0.692204
351.6		0.692204
351.7		0.692204
351.8		0.692204
351.9		0.692204
352		0.692204
352.1		0.692857
352.2		0.692857
352.3		0.692857
352.4		0.692857
352.5		0.692857
352.6		0.692857
352.7		0.692857
352.8		0.692857
352.9		0.692857
353		0.692857
353.1		0.69302
353.2		0.69302
353.3		0.69302
353.4		0.69302
353.5		0.69302
353.6		0.69302
353.7		0.69302
353.8		0.69302
353.9		0.69302
354		0.69302
354.1		0.69302
354.2		0.69302
354.3		0.69302
354.4		0.69302
354.5		0.69302
354.6		0.69302
354.7		0.69302
354.8		0.69302
354.9		0.69302
355		0.69302
355.1		0.693224
355.2		0.693224
355.3		0.693224
355.4		0.693224
355.5		0.693224
355.6		0.693224
355.7		0.693224
355.8		0.693224
355.9		0.693224
356		0.693224
356.1		0.697545
356.2		0.697545
356.3		0.697545
356.4		0.697545
356.5		0.697545
356.6		0.697545
356.7		0.697545
356.8		0.697545
356.9		0.697545
357		0.697545
357.1		0.699299
357.2		0.699299
357.3		0.699299
357.4		0.699299
357.5		0.699299
357.6		0.699299
357.7		0.699299
357.8		0.699299
357.9		0.699299
358		0.699299
358.1		0.699299
358.2		0.699299
358.3		0.699299
358.4		0.699299
358.5		0.699299
358.6		0.699299
358.7		0.699299
358.8		0.699299
358.9		0.699299
359		0.699299
359.1		0.700318
359.2		0.700318
359.3		0.700318
359.4		0.700318
359.5		0.700318
359.6		0.700318
359.7		0.700318
359.8		0.700318
359.9		0.700318
360		0.700318
360.1		0.704395
360.2		0.704395
360.3		0.704395
360.4		0.704395
360.5		0.704395
360.6		0.704395
360.7		0.704395
360.8		0.704395
360.9		0.704395
361		0.704395
361.1		0.705129
361.2		0.705129
361.3		0.705129
361.4		0.705129
361.5		0.705129
361.6		0.705129
361.7		0.705129
361.8		0.705129
361.9		0.705129
362		0.705129
362.1		0.709125
362.2		0.709125
362.3		0.709125
362.4		0.709125
362.5		0.709125
362.6		0.709125
362.7		0.709125
362.8		0.709125
362.9		0.709125
363		0.709125
363.1		0.709492
363.2		0.709492
363.3		0.709492
363.4		0.709492
363.5		0.709492
363.6		0.709492
363.7		0.709492
363.8		0.709492
363.9		0.709492
364		0.709492
364.1		0.710022
364.2		0.710022
364.3		0.710022
364.4		0.710022
364.5		0.710022
364.6		0.710022
364.7		0.710022
364.8		0.710022
364.9		0.710022
365		0.710022
365.1		0.712428
365.2		0.712428
365.3		0.712428
365.4		0.712428
365.5		0.712428
365.6		0.712428
365.7		0.712428
365.8		0.712428
365.9		0.712428
366		0.712428
366.1		0.715445
366.2		0.715445
366.3		0.715445
366.4		0.715445
366.5		0.715445
366.6		0.715445
366.7		0.715445
366.8		0.715445
366.9		0.715445
367		0.715445
367.1		0.716423
367.2		0.716423
367.3		0.716423
367.4		0.716423
367.5		0.716423
367.6		0.716423
367.7		0.716423
367.8		0.716423
367.9		0.716423
368		0.716423
368.1		0.720827
368.2		0.720827
368.3		0.720827
368.4		0.720827
368.5		0.720827
368.6		0.720827
368.7		0.720827
368.8		0.720827
368.9		0.720827
369		0.720827
369.1		0.720908
369.2		0.720908
369.3		0.720908
369.4		0.720908
369.5		0.720908
369.6		0.720908
369.7		0.720908
369.8		0.720908
369.9		0.720908
370		0.720908
370.1		0.725801
370.2		0.725801
370.3		0.725801
370.4		0.725801
370.5		0.725801
370.6		0.725801
370.7		0.725801
370.8		0.725801
370.9		0.725801
371		0.725801
371.1		0.726046
371.2		0.726046
371.3		0.726046
371.4		0.726046
371.5		0.726046
371.6		0.726046
371.7		0.726046
371.8		0.726046
371.9		0.726046
372		0.726046
372.1		0.727432
372.2		0.727432
372.3		0.727432
372.4		0.727432
372.5		0.727432
372.6		0.727432
372.7		0.727432
372.8		0.727432
372.9		0.727432
373		0.727432
373.1		0.729512
373.2		0.729512
373.3		0.729512
373.4		0.729512
373.5		0.729512
373.6		0.729512
373.7		0.729512
373.8		0.729512
373.9		0.729512
374		0.729512
374.1		0.73522
374.2		0.73522
374.3		0.73522
374.4		0.73522
374.5		0.73522
374.6		0.73522
374.7		0.73522
374.8		0.73522
374.9		0.73522
375		0.73522
375.1		0.735791
375.2		0.735791
375.3		0.735791
375.4		0.735791
375.5		0.735791
375.6		0.735791
375.7		0.735791
375.8		0.735791
375.9		0.735791
376		0.735791
376.1		0.735872
376.2		0.735872
376.3		0.735872
376.4		0.735872
376.5		0.735872
376.6		0.735872
376.7		0.735872
376.8		0.735872
376.9		0.735872
377		0.735872
377.1		0.736728
377.2		0.736728
377.3		0.736728
377.4		0.736728
377.5		0.736728
377.6		0.736728
377.7		0.736728
377.8		0.736728
377.9		0.736728
378		0.736728
378.1		0.738359
378.2		0.738359
378.3		0.738359
378.4		0.738359
378.5		0.738359
378.6		0.738359
378.7		0.738359
378.8		0.738359
378.9		0.738359
379		0.738359
379.1		0.743415
379.2		0.743415
379.3		0.743415
379.4		0.743415
379.5		0.743415
379.6		0.743415
379.7		0.743415
379.8		0.743415
379.9		0.743415
380		0.743415
380.1		0.743823
380.2		0.743823
380.3		0.743823
380.4		0.743823
380.5		0.743823
380.6		0.743823
380.7		0.743823
380.8		0.743823
380.9		0.743823
381		0.743823
381.1		0.744883
381.2		0.744883
381.3		0.744883
381.4		0.744883
381.5		0.744883
381.6		0.744883
381.7		0.744883
381.8		0.744883
381.9		0.744883
382		0.744883
382.1		0.748267
382.2		0.748267
382.3		0.748267
382.4		0.748267
382.5		0.748267
382.6		0.748267
382.7		0.748267
382.8		0.748267
382.9		0.748267
383		0.748267
383.1		0.748593
383.2		0.748593
383.3		0.748593
383.4		0.748593
383.5		0.748593
383.6		0.748593
383.7		0.748593
383.8		0.748593
383.9		0.748593
384		0.748593
384.1		0.750347
384.2		0.750347
384.3		0.750347
384.4		0.750347
384.5		0.750347
384.6		0.750347
384.7		0.750347
384.8		0.750347
384.9		0.750347
385		0.750347
385.1		0.753731
385.2		0.753731
385.3		0.753731
385.4		0.753731
385.5		0.753731
385.6		0.753731
385.7		0.753731
385.8		0.753731
385.9		0.753731
386		0.753731
386.1		0.754302
386.2		0.754302
386.3		0.754302
386.4		0.754302
386.5		0.754302
386.6		0.754302
386.7		0.754302
386.8		0.754302
386.9		0.754302
387		0.754302
387.1		0.75528
387.2		0.75528
387.3		0.75528
387.4		0.75528
387.5		0.75528
387.6		0.75528
387.7		0.75528
387.8		0.75528
387.9		0.75528
388		0.75528
388.1		0.75842
388.2		0.75842
388.3		0.75842
388.4		0.75842
388.5		0.75842
388.6		0.75842
388.7		0.75842
388.8		0.75842
388.9		0.75842
389		0.75842
389.1		0.761885
389.2		0.761885
389.3		0.761885
389.4		0.761885
389.5		0.761885
389.6		0.761885
389.7		0.761885
389.8		0.761885
389.9		0.761885
390		0.761885
390.1		0.763068
390.2		0.763068
390.3		0.763068
390.4		0.763068
390.5		0.763068
390.6		0.763068
390.7		0.763068
390.8		0.763068
390.9		0.763068
391		0.763068
391.1		0.765963
391.2		0.765963
391.3		0.765963
391.4		0.765963
391.5		0.765963
391.6		0.765963
391.7		0.765963
391.8		0.765963
391.9		0.765963
392		0.765963
392.1		0.768042
392.2		0.768042
392.3		0.768042
392.4		0.768042
392.5		0.768042
392.6		0.768042
392.7		0.768042
392.8		0.768042
392.9		0.768042
393		0.768042
393.1		0.769428
393.2		0.769428
393.3		0.769428
393.4		0.769428
393.5		0.769428
393.6		0.769428
393.7		0.769428
393.8		0.769428
393.9		0.769428
394		0.769428
394.1		0.769958
394.2		0.769958
394.3		0.769958
394.4		0.769958
394.5		0.769958
394.6		0.769958
394.7		0.769958
394.8		0.769958
394.9		0.769958
395		0.769958
395.1		0.773098
395.2		0.773098
395.3		0.773098
395.4		0.773098
395.5		0.773098
395.6		0.773098
395.7		0.773098
395.8		0.773098
395.9		0.773098
396		0.773098
396.1		0.774403
396.2		0.774403
396.3		0.774403
396.4		0.774403
396.5		0.774403
396.6		0.774403
396.7		0.774403
396.8		0.774403
396.9		0.774403
397		0.774403
397.1		0.778602
397.2		0.778602
397.3		0.778602
397.4		0.778602
397.5		0.778602
397.6		0.778602
397.7		0.778602
397.8		0.778602
397.9		0.778602
398		0.778602
398.1		0.779295
398.2		0.779295
398.3		0.779295
398.4		0.779295
398.5		0.779295
398.6		0.779295
398.7		0.779295
398.8		0.779295
398.9		0.779295
399		0.779295
399.1		0.780356
399.2		0.780356
399.3		0.780356
399.4		0.780356
399.5		0.780356
399.6		0.780356
399.7		0.780356
399.8		0.780356
399.9		0.780356
400		0.780356
400.1		0.784229
400.2		0.784229
400.3		0.784229
400.4		0.784229
400.5		0.784229
400.6		0.784229
400.7		0.784229
400.8		0.784229
400.9		0.784229
401		0.784229
401.1		0.786879
401.2		0.786879
401.3		0.786879
401.4		0.786879
401.5		0.786879
401.6		0.786879
401.7		0.786879
401.8		0.786879
401.9		0.786879
402		0.786879
402.1		0.787124
402.2		0.787124
402.3		0.787124
402.4		0.787124
402.5		0.787124
402.6		0.787124
402.7		0.787124
402.8		0.787124
402.9		0.787124
403		0.787124
403.1		0.789244
403.2		0.789244
403.3		0.789244
403.4		0.789244
403.5		0.789244
403.6		0.789244
403.7		0.789244
403.8		0.789244
403.9		0.789244
404		0.789244
404.1		0.792873
404.2		0.792873
404.3		0.792873
404.4		0.792873
404.5		0.792873
404.6		0.792873
404.7		0.792873
404.8		0.792873
404.9		0.792873
405		0.792873
405.1		0.795442
405.2		0.795442
405.3		0.795442
405.4		0.795442
405.5		0.795442
405.6		0.795442
405.7		0.795442
405.8		0.795442
405.9		0.795442
406		0.795442
406.1		0.795727
406.2		0.795727
406.3		0.795727
406.4		0.795727
406.5		0.795727
406.6		0.795727
406.7		0.795727
406.8		0.795727
406.9		0.795727
407		0.795727
407.1		0.796257
407.2		0.796257
407.3		0.796257
407.4		0.796257
407.5		0.796257
407.6		0.796257
407.7		0.796257
407.8		0.796257
407.9		0.796257
408		0.796257
408.1		0.800253
408.2		0.800253
408.3		0.800253
408.4		0.800253
408.5		0.800253
408.6		0.800253
408.7		0.800253
408.8		0.800253
408.9		0.800253
409		0.800253
409.1		0.802251
409.2		0.802251
409.3		0.802251
409.4		0.802251
409.5		0.802251
409.6		0.802251
409.7		0.802251
409.8		0.802251
409.9		0.802251
410		0.802251
410.1		0.8038
410.2		0.8038
410.3		0.8038
410.4		0.8038
410.5		0.8038
410.6		0.8038
410.7		0.8038
410.8		0.8038
410.9		0.8038
411		0.8038
411.1		0.807021
411.2		0.807021
411.3		0.807021
411.4		0.807021
411.5		0.807021
411.6		0.807021
411.7		0.807021
411.8		0.807021
411.9		0.807021
412		0.807021
412.1		0.807347
412.2		0.807347
412.3		0.807347
412.4		0.807347
412.5		0.807347
412.6		0.807347
412.7		0.807347
412.8		0.807347
412.9		0.807347
413		0.807347
413.1		0.809508
413.2		0.809508
413.3		0.809508
413.4		0.809508
413.5		0.809508
413.6		0.809508
413.7		0.809508
413.8		0.809508
413.9		0.809508
414		0.809508
414.1		0.810283
414.2		0.810283
414.3		0.810283
414.4		0.810283
414.5		0.810283
414.6		0.810283
414.7		0.810283
414.8		0.810283
414.9		0.810283
415		0.810283
415.1		0.813463
415.2		0.813463
415.3		0.813463
415.4		0.813463
415.5		0.813463
415.6		0.813463
415.7		0.813463
415.8		0.813463
415.9		0.813463
416		0.813463
416.1		0.814238
416.2		0.814238
416.3		0.814238
416.4		0.814238
416.5		0.814238
416.6		0.814238
416.7		0.814238
416.8		0.814238
416.9		0.814238
417		0.814238
417.1		0.81909
417.2		0.81909
417.3		0.81909
417.4		0.81909
417.5		0.81909
417.6		0.81909
417.7		0.81909
417.8		0.81909
417.9		0.81909
418		0.81909
418.1		0.822148
418.2		0.822148
418.3		0.822148
418.4		0.822148
418.5		0.822148
418.6		0.822148
418.7		0.822148
418.8		0.822148
418.9		0.822148
419		0.822148
419.1		0.82227
419.2		0.82227
419.3		0.82227
419.4		0.82227
419.5		0.82227
419.6		0.82227
419.7		0.82227
419.8		0.82227
419.9		0.82227
420		0.82227
420.1		0.823493
420.2		0.823493
420.3		0.823493
420.4		0.823493
420.5		0.823493
420.6		0.823493
420.7		0.823493
420.8		0.823493
420.9		0.823493
421		0.823493
421.1		0.824554
421.2		0.824554
421.3		0.824554
421.4		0.824554
421.5		0.824554
421.6		0.824554
421.7		0.824554
421.8		0.824554
421.9		0.824554
422		0.824554
422.1		0.827571
422.2		0.827571
422.3		0.827571
422.4		0.827571
422.5		0.827571
422.6		0.827571
422.7		0.827571
422.8		0.827571
422.9		0.827571
423		0.827571
423.1		0.831077
423.2		0.831077
423.3		0.831077
423.4		0.831077
423.5		0.831077
423.6		0.831077
423.7		0.831077
423.8		0.831077
423.9		0.831077
424		0.831077
424.1		0.831444
424.2		0.831444
424.3		0.831444
424.4		0.831444
424.5		0.831444
424.6		0.831444
424.7		0.831444
424.8		0.831444
424.9		0.831444
425		0.831444
425.1		0.833157
425.2		0.833157
425.3		0.833157
425.4		0.833157
425.5		0.833157
425.6		0.833157
425.7		0.833157
425.8		0.833157
425.9		0.833157
426		0.833157
426.1		0.835195
426.2		0.835195
426.3		0.835195
426.4		0.835195
426.5		0.835195
426.6		0.835195
426.7		0.835195
426.8		0.835195
426.9		0.835195
427		0.835195
427.1		0.837152
427.2		0.837152
427.3		0.837152
427.4		0.837152
427.5		0.837152
427.6		0.837152
427.7		0.837152
427.8		0.837152
427.9		0.837152
428		0.837152
428.1		0.838049
428.2		0.838049
428.3		0.838049
428.4		0.838049
428.5		0.838049
428.6		0.838049
428.7		0.838049
428.8		0.838049
428.9		0.838049
429		0.838049
429.1		0.839476
429.2		0.839476
429.3		0.839476
429.4		0.839476
429.5		0.839476
429.6		0.839476
429.7		0.839476
429.8		0.839476
429.9		0.839476
430		0.839476
430.1		0.843187
430.2		0.843187
430.3		0.843187
430.4		0.843187
430.5		0.843187
430.6		0.843187
430.7		0.843187
430.8		0.843187
430.9		0.843187
431		0.843187
431.1		0.847386
431.2		0.847386
431.3		0.847386
431.4		0.847386
431.5		0.847386
431.6		0.847386
431.7		0.847386
431.8		0.847386
431.9		0.847386
432		0.847386
432.1		0.848447
432.2		0.848447
432.3		0.848447
432.4		0.848447
432.5		0.848447
432.6		0.848447
432.7		0.848447
432.8		0.848447
432.9		0.848447
433		0.848447
433.1		0.849833
433.2		0.849833
433.3		0.849833
433.4		0.849833
433.5		0.849833
433.6		0.849833
433.7		0.849833
433.8		0.849833
433.9		0.849833
434		0.849833
434.1		0.851464
434.2		0.851464
434.3		0.851464
434.4		0.851464
434.5		0.851464
434.6		0.851464
434.7		0.851464
434.8		0.851464
434.9		0.851464
435		0.851464
435.1		0.853502
435.2		0.853502
435.3		0.853502
435.4		0.853502
435.5		0.853502
435.6		0.853502
435.7		0.853502
435.8		0.853502
435.9		0.853502
436		0.853502
436.1		0.854277
436.2		0.854277
436.3		0.854277
436.4		0.854277
436.5		0.854277
436.6		0.854277
436.7		0.854277
436.8		0.854277
436.9		0.854277
437		0.854277
437.1		0.857865
437.2		0.857865
437.3		0.857865
437.4		0.857865
437.5		0.857865
437.6		0.857865
437.7		0.857865
437.8		0.857865
437.9		0.857865
438		0.857865
438.1		0.859781
438.2		0.859781
438.3		0.859781
438.4		0.859781
438.5		0.859781
438.6		0.859781
438.7		0.859781
438.8		0.859781
438.9		0.859781
439		0.859781
439.1		0.862962
439.2		0.862962
439.3		0.862962
439.4		0.862962
439.5		0.862962
439.6		0.862962
439.7		0.862962
439.8		0.862962
439.9		0.862962
440		0.862962
440.1		0.865163
440.2		0.865163
440.3		0.865163
440.4		0.865163
440.5		0.865163
440.6		0.865163
440.7		0.865163
440.8		0.865163
440.9		0.865163
441		0.865163
441.1		0.865327
441.2		0.865327
441.3		0.865327
441.4		0.865327
441.5		0.865327
441.6		0.865327
441.7		0.865327
441.8		0.865327
441.9		0.865327
442		0.865327
442.1		0.869078
442.2		0.869078
442.3		0.869078
442.4		0.869078
442.5		0.869078
442.6		0.869078
442.7		0.869078
442.8		0.869078
442.9		0.869078
443		0.869078
443.1		0.869363
443.2		0.869363
443.3		0.869363
443.4		0.869363
443.5		0.869363
443.6		0.869363
443.7		0.869363
443.8		0.869363
443.9		0.869363
444		0.869363
444.1		0.872584
444.2		0.872584
444.3		0.872584
444.4		0.872584
444.5		0.872584
444.6		0.872584
444.7		0.872584
444.8		0.872584
444.9		0.872584
445		0.872584
445.1		0.873807
445.2		0.873807
445.3		0.873807
445.4		0.873807
445.5		0.873807
445.6		0.873807
445.7		0.873807
445.8		0.873807
445.9		0.873807
446		0.873807
446.1		0.874337
446.2		0.874337
446.3		0.874337
446.4		0.874337
446.5		0.874337
446.6		0.874337
446.7		0.874337
446.8		0.874337
446.9		0.874337
447		0.874337
447.1		0.879312
447.2		0.879312
447.3		0.879312
447.4		0.879312
447.5		0.879312
447.6		0.879312
447.7		0.879312
447.8		0.879312
447.9		0.879312
448		0.879312
448.1		0.879923
448.2		0.879923
448.3		0.879923
448.4		0.879923
448.5		0.879923
448.6		0.879923
448.7		0.879923
448.8		0.879923
448.9		0.879923
449		0.879923
449.1		0.883226
449.2		0.883226
449.3		0.883226
449.4		0.883226
449.5		0.883226
449.6		0.883226
449.7		0.883226
449.8		0.883226
449.9		0.883226
450		0.883226
450.1		0.883511
450.2		0.883511
450.3		0.883511
450.4		0.883511
450.5		0.883511
450.6		0.883511
450.7		0.883511
450.8		0.883511
450.9		0.883511
451		0.883511
451.1		0.885591
451.2		0.885591
451.3		0.885591
451.4		0.885591
451.5		0.885591
451.6		0.885591
451.7		0.885591
451.8		0.885591
451.9		0.885591
452		0.885591
452.1		0.889872
452.2		0.889872
452.3		0.889872
452.4		0.889872
452.5		0.889872
452.6		0.889872
452.7		0.889872
452.8		0.889872
452.9		0.889872
453		0.889872
453.1		0.889913
453.2		0.889913
453.3		0.889913
453.4		0.889913
453.5		0.889913
453.6		0.889913
453.7		0.889913
453.8		0.889913
453.9		0.889913
454		0.889913
454.1		0.891911
454.2		0.891911
454.3		0.891911
454.4		0.891911
454.5		0.891911
454.6		0.891911
454.7		0.891911
454.8		0.891911
454.9		0.891911
455		0.891911
455.1		0.894072
455.2		0.894072
455.3		0.894072
455.4		0.894072
455.5		0.894072
455.6		0.894072
455.7		0.894072
455.8		0.894072
455.9		0.894072
456		0.894072
456.1		0.898149
456.2		0.898149
456.3		0.898149
456.4		0.898149
456.5		0.898149
456.6		0.898149
456.7		0.898149
456.8		0.898149
456.9		0.898149
457		0.898149
457.1		0.898597
457.2		0.898597
457.3		0.898597
457.4		0.898597
457.5		0.898597
457.6		0.898597
457.7		0.898597
457.8		0.898597
457.9		0.898597
458		0.898597
458.1		0.900636
458.2		0.900636
458.3		0.900636
458.4		0.900636
458.5		0.900636
458.6		0.900636
458.7		0.900636
458.8		0.900636
458.9		0.900636
459		0.900636
459.1		0.901859
459.2		0.901859
459.3		0.901859
459.4		0.901859
459.5		0.901859
459.6		0.901859
459.7		0.901859
459.8		0.901859
459.9		0.901859
460		0.901859
460.1		0.904876
460.2		0.904876
460.3		0.904876
460.4		0.904876
460.5		0.904876
460.6		0.904876
460.7		0.904876
460.8		0.904876
460.9		0.904876
461		0.904876
461.1		0.907567
461.2		0.907567
461.3		0.907567
461.4		0.907567
461.5		0.907567
461.6		0.907567
461.7		0.907567
461.8		0.907567
461.9		0.907567
462		0.907567
462.1		0.909361
462.2		0.909361
462.3		0.909361
462.4		0.909361
462.5		0.909361
462.6		0.909361
462.7		0.909361
462.8		0.909361
462.9		0.909361
463		0.909361
463.1		0.910666
463.2		0.910666
463.3		0.910666
463.4		0.910666
463.5		0.910666
463.6		0.910666
463.7		0.910666
463.8		0.910666
463.9		0.910666
464		0.910666
464.1		0.91348
464.2		0.91348
464.3		0.91348
464.4		0.91348
464.5		0.91348
464.6		0.91348
464.7		0.91348
464.8		0.91348
464.9		0.91348
465		0.91348
465.1		0.915763
465.2		0.915763
465.3		0.915763
465.4		0.915763
465.5		0.915763
465.6		0.915763
465.7		0.915763
465.8		0.915763
465.9		0.915763
466		0.915763
466.1		0.916211
466.2		0.916211
466.3		0.916211
466.4		0.916211
466.5		0.916211
466.6		0.916211
466.7		0.916211
466.8		0.916211
466.9		0.916211
467		0.916211
467.1		0.918454
467.2		0.918454
467.3		0.918454
467.4		0.918454
467.5		0.918454
467.6		0.918454
467.7		0.918454
467.8		0.918454
467.9		0.918454
468		0.918454
468.1		0.922531
468.2		0.922531
468.3		0.922531
468.4		0.922531
468.5		0.922531
468.6		0.922531
468.7		0.922531
468.8		0.922531
468.9		0.922531
469		0.922531
469.1		0.923917
469.2		0.923917
469.3		0.923917
469.4		0.923917
469.5		0.923917
469.6		0.923917
469.7		0.923917
469.8		0.923917
469.9		0.923917
470		0.923917
470.1		0.924407
470.2		0.924407
470.3		0.924407
470.4		0.924407
470.5		0.924407
470.6		0.924407
470.7		0.924407
470.8		0.924407
470.9		0.924407
471		0.924407
471.1		0.926975
471.2		0.926975
471.3		0.926975
471.4		0.926975
471.5		0.926975
471.6		0.926975
471.7		0.926975
471.8		0.926975
471.9		0.926975
472		0.926975
472.1		0.928525
472.2		0.928525
472.3		0.928525
472.4		0.928525
472.5		0.928525
472.6		0.928525
472.7		0.928525
472.8		0.928525
472.9		0.928525
473		0.928525
473.1		0.930645
473.2		0.930645
473.3		0.930645
473.4		0.930645
473.5		0.930645
473.6		0.930645
473.7		0.930645
473.8		0.930645
473.9		0.930645
474		0.930645
474.1		0.935538
474.2		0.935538
474.3		0.935538
474.4		0.935538
474.5		0.935538
474.6		0.935538
474.7		0.935538
474.8		0.935538
474.9		0.935538
475		0.935538
475.1		0.936965
475.2		0.936965
475.3		0.936965
475.4		0.936965
475.5		0.936965
475.6		0.936965
475.7		0.936965
475.8		0.936965
475.9		0.936965
476		0.936965
476.1		0.938106
476.2		0.938106
476.3		0.938106
476.4		0.938106
476.5		0.938106
476.6		0.938106
476.7		0.938106
476.8		0.938106
476.9		0.938106
477		0.938106
477.1		0.938433
477.2		0.938433
477.3		0.938433
477.4		0.938433
477.5		0.938433
477.6		0.938433
477.7		0.938433
477.8		0.938433
477.9		0.938433
478		0.938433
478.1		0.942469
478.2		0.942469
478.3		0.942469
478.4		0.942469
478.5		0.942469
478.6		0.942469
478.7		0.942469
478.8		0.942469
478.9		0.942469
479		0.942469
479.1		0.945527
479.2		0.945527
479.3		0.945527
479.4		0.945527
479.5		0.945527
479.6		0.945527
479.7		0.945527
479.8		0.945527
479.9		0.945527
480		0.945527
480.1		0.945894
480.2		0.945894
480.3		0.945894
480.4		0.945894
480.5		0.945894
480.6		0.945894
480.7		0.945894
480.8		0.945894
480.9		0.945894
481		0.945894
481.1		0.949931
481.2		0.949931
481.3		0.949931
481.4		0.949931
481.5		0.949931
481.6		0.949931
481.7		0.949931
481.8		0.949931
481.9		0.949931
482		0.949931
482.1		0.952785
482.2		0.952785
482.3		0.952785
482.4		0.952785
482.5		0.952785
482.6		0.952785
482.7		0.952785
482.8		0.952785
482.9		0.952785
483		0.952785
483.1		0.954171
483.2		0.954171
483.3		0.954171
483.4		0.954171
483.5		0.954171
483.6		0.954171
483.7		0.954171
483.8		0.954171
483.9		0.954171
484		0.954171
484.1		0.956006
484.2		0.956006
484.3		0.956006
484.4		0.956006
484.5		0.956006
484.6		0.956006
484.7		0.956006
484.8		0.956006
484.9		0.956006
485		0.956006
485.1		0.956251
485.2		0.956251
485.3		0.956251
485.4		0.956251
485.5		0.956251
485.6		0.956251
485.7		0.956251
485.8		0.956251
485.9		0.956251
486		0.956251
486.1		0.959879
486.2		0.959879
486.3		0.959879
486.4		0.959879
486.5		0.959879
486.6		0.959879
486.7		0.959879
486.8		0.959879
486.9		0.959879
487		0.959879
487.1		0.961673
487.2		0.961673
487.3		0.961673
487.4		0.961673
487.5		0.961673
487.6		0.961673
487.7		0.961673
487.8		0.961673
487.9		0.961673
488		0.961673
488.1		0.963957
488.2		0.963957
488.3		0.963957
488.4		0.963957
488.5		0.963957
488.6		0.963957
488.7		0.963957
488.8		0.963957
488.9		0.963957
489		0.963957
489.1		0.964364
489.2		0.964364
489.3		0.964364
489.4		0.964364
489.5		0.964364
489.6		0.964364
489.7		0.964364
489.8		0.964364
489.9		0.964364
490		0.964364
490.1		0.968849
490.2		0.968849
490.3		0.968849
490.4		0.968849
490.5		0.968849
490.6		0.968849
490.7		0.968849
490.8		0.968849
490.9		0.968849
491		0.968849
491.1		0.969339
491.2		0.969339
491.3		0.969339
491.4		0.969339
491.5		0.969339
491.6		0.969339
491.7		0.969339
491.8		0.969339
491.9		0.969339
492		0.969339
492.1		0.97048
492.2		0.97048
492.3		0.97048
492.4		0.97048
492.5		0.97048
492.6		0.97048
492.7		0.97048
492.8		0.97048
492.9		0.97048
493		0.97048
493.1		0.973701
493.2		0.973701
493.3		0.973701
493.4		0.973701
493.5		0.973701
493.6		0.973701
493.7		0.973701
493.8		0.973701
493.9		0.973701
494		0.973701
494.1		0.977901
494.2		0.977901
494.3		0.977901
494.4		0.977901
494.5		0.977901
494.6		0.977901
494.7		0.977901
494.8		0.977901
494.9		0.977901
495		0.977901
495.1		0.978023
495.2		0.978023
495.3		0.978023
495.4		0.978023
495.5		0.978023
495.6		0.978023
495.7		0.978023
495.8		0.978023
495.9		0.978023
496		0.978023
496.1		0.97941
496.2		0.97941
496.3		0.97941
496.4		0.97941
496.5		0.97941
496.6		0.97941
496.7		0.97941
496.8		0.97941
496.9		0.97941
497		0.97941
497.1		0.980429
497.2		0.980429
497.3		0.980429
497.4		0.980429
497.5		0.980429
497.6		0.980429
497.7		0.980429
497.8		0.980429
497.9		0.980429
498		0.980429
498.1		0.985933
498.2		0.985933
498.3		0.985933
498.4		0.985933
498.5		0.985933
498.6		0.985933
498.7		0.985933
498.8		0.985933
498.9		0.985933
499		0.985933
499.1		0.988543
499.2		0.988543
499.3		0.988543
499.4		0.988543
499.5		0.988543
499.6		0.988543
499.7		0.988543
499.8		0.988543
499.9		0.988543
500		0.988543
500.1		0.988665
500.2		0.988665
500.3		0.988665
500.4		0.988665
500.5		0.988665
500.6		0.988665
500.7		0.988665
500.8		0.988665
500.9		0.988665
501		0.988665
501.1		0.98997
501.2		0.98997
501.3		0.98997
501.4		0.98997
501.5		0.98997
501.6		0.98997
501.7		0.98997
501.8		0.98997
501.9		0.98997
502		0.98997
502.1		0.992702
502.2		0.992702
502.3		0.992702
502.4		0.992702
502.5		0.992702
502.6		0.992702
502.7		0.992702
502.8		0.992702
502.9		0.992702
503		0.992702
503.1		0.994985
503.2		0.994985
503.3		0.994985
503.4		0.994985
503.5		0.994985
503.6		0.994985
503.7		0.994985
503.8		0.994985
503.9		0.994985
504		0.994985
504.1		0.997227
504.2		0.997227
504.3		0.997227
504.4		0.997227
504.5		0.997227
504.6		0.997227
504.7		0.997227
504.8		0.997227
504.9		0.997227
505		0.997227
505.1		0.997309
505.2		0.997309
505.3		0.997309
505.4		0.997309
505.5		0.997309
505.6		0.997309
505.7		0.997309
505.8		0.997309
505.9		0.997309
506		0.997309
506.1		0.999796
506.2		0.999796
506.3		0.999796
506.4		0.999796
506.5		0.999796
506.6		0.999796
506.7		0.999796
506.8		0.999796
506.9		0.999796
507		0.999796
507.1		1
507.2		1
507.3		1
507.4		1
507.5		1
507.6		1
507.7		1
507.8		1
507.9		1
508		1
508.1		1
508.2		1
508.3		1
508.4		1
508.5		1
508.6		1
508.7		1
508.8		1
508.9		1
509		1
509.1		1
509.2		1
509.3		1
509.4		1
509.5		1
509.6		1
509.7		1
509.8		1
509.9		1
510		1
510.1		1
510.2		1
510.3		1
510.4		1
510.5		1
510.6		1
510.7		1
510.8		1
510.9		1
511		1
511.1		1
511.2		1
511.3		1
511.4		1
511.5		1
511.6		1
511.7		1
511.8		1
511.9		1
512		1
512.1		1
512.2		1
512.3		1
512.4		1
512.5		1
512.6		1
512.7		1
512.8		1
512.9		1
513		1
513.1		1
513.2		1
513.3		1
513.4		1
513.5		1
513.6		1
513.7		1
513.8		1
513.9		1
514		1
514.1		1
514.2		1
514.3		1
514.4		1
514.5		1
514.6		1
514.7		1
514.8		1
514.9		1
515		1
515.1		1
515.2		1
515.3		1
515.4		1
515.5		1
515.6		1
515.7		1
515.8		1
515.9		1
516		1
516.1		1
516.2		1
516.3		1
516.4		1
516.5		1
516.6		1
516.7		1
516.8		1
516.9		1
517		1
517.1		1
517.2		1
517.3		1
517.4		1
517.5		1
517.6		1
517.7		1
517.8		1
517.9		1
518		1
518.1		1
518.2		1
518.3		1
518.4		1
518.5		1
518.6		1
518.7		1
518.8		1
518.9		1
519		1
519.1		1
519.2		1
519.3		1
519.4		1
519.5		1
519.6		1
519.7		1
519.8		1
519.9		1
520		1
520.1		1
520.2		1
520.3		1
520.4		1
520.5		1
520.6		1
520.7		1
520.8		1
520.9		1
521		1
521.1		1
521.2		1
521.3		1
521.4		1
521.5		1
521.6		1
521.7		1
521.8		1
521.9		1
522		1
522.1		1
522.2		1
522.3		1
522.4		1
522.5		1
522.6		1
522.7		1
522.8		1
522.9		1
523		1
523.1		1
523.2		1
523.3		1
523.4		1
523.5		1
523.6		1
523.7		1
523.8		1
523.9		1
524		1
524.1		1
524.2		1
524.3		1
524.4		1
524.5		1
524.6		1
524.7		1
524.8		1
524.9		1
525		1
525.1		1
525.2		1
525.3		1
525.4		1
525.5		1
525.6		1
525.7		1
525.8		1
525.9		1
526		1
526.1		1
526.2		1
526.3		1
526.4		1
526.5		1
526.6		1
526.7		1
526.8		1
526.9		1
527		1
527.1		1
527.2		1
527.3		1
527.4		1
527.5		1
527.6		1
527.7		1
527.8		1
527.9		1
528		1
528.1		1
528.2		1
528.3		1
528.4		1
528.5		1
528.6		1
528.7		1
528.8		1
528.9		1
529		1
529.1		1
529.2		1
529.3		1
529.4		1
529.5		1
529.6		1
529.7		1
529.8		1
529.9		1
530		1
530.1		1
530.2		1
530.3		1
530.4		1
530.5		1
530.6		1
530.7		1
530.8		1
530.9		1
531		1
531.1		1
531.2		1
531.3		1
531.4		1
531.5		1
531.6		1
531.7		1
531.8		1
531.9		1
532		1
532.1		1
532.2		1
532.3		1
532.4		1
532.5		1
532.6		1
532.7		1
532.8		1
532.9		1
533		1
533.1		1
533.2		1
533.3		1
533.4		1
533.5		1
533.6		1
533.7		1
533.8		1
533.9		1
534		1
534.1		1
534.2		1
534.3		1
534.4		1
534.5		1
534.6		1
534.7		1
534.8		1
534.9		1
535		1
535.1		1
535.2		1
535.3		1
535.4		1
535.5		1
535.6		1
535.7		1
535.8		1
535.9		1
536		1
536.1		1
536.2		1
536.3		1
536.4		1
536.5		1
536.6		1
536.7		1
536.8		1
536.9		1
537		1
537.1		1
537.2		1
537.3		1
537.4		1
537.5		1
537.6		1
537.7		1
537.8		1
537.9		1
538		1
538.1		1
538.2		1
538.3		1
538.4		1
538.5		1
538.6		1
538.7		1
538.8		1
538.9		1
539		1
539.1		1
539.2		1
539.3		1
539.4		1
539.5		1
539.6		1
539.7		1
539.8		1
539.9		1
540		1
540.1		1
540.2		1
540.3		1
540.4		1
540.5		1
540.6		1
540.7		1
540.8		1
540.9		1
541		1
541.1		1
541.2		1
541.3		1
541.4		1
541.5		1
541.6		1
541.7		1
541.8		1
541.9		1
542		1
542.1		1
542.2		1
542.3		1
542.4		1
542.5		1
542.6		1
542.7		1
542.8		1
542.9		1
543		1
543.1		1
543.2		1
543.3		1
543.4		1
543.5		1
543.6		1
543.7		1
543.8		1
543.9		1
544		1
544.1		1
544.2		1
544.3		1
544.4		1
544.5		1
544.6		1
544.7		1
544.8		1
544.9		1
545		1
545.1		1
545.2		1
545.3		1
545.4		1
545.5		1
545.6		1
545.7		1
545.8		1
545.9		1
546		1
546.1		1
546.2		1
546.3		1
546.4		1
546.5		1
546.6		1
546.7		1
546.8		1
546.9		1
547		1
547.1		1
547.2		1
547.3		1
547.4		1
547.5		1
547.6		1
547.7		1
547.8		1
547.9		1
548		1
548.1		1
548.2		1
548.3		1
548.4		1
548.5		1
548.6		1
548.7		1
548.8		1
548.9		1
549		1
549.1		1
549.2		1
549.3		1
549.4		1
549.5		1
549.6		1
549.7		1
549.8		1
549.9		1
550		1
550.1		1
550.2		1
550.3		1
550.4		1
550.5		1
550.6		1
550.7		1
550.8		1
550.9		1
551		1
551.1		1
551.2		1
551.3		1
551.4		1
551.5		1
551.6		1
551.7		1
551.8		1
551.9		1
552		1
552.1		1
552.2		1
552.3		1
552.4		1
552.5		1
552.6		1
552.7		1
552.8		1
552.9		1
553		1
553.1		1
553.2		1
553.3		1
553.4		1
553.5		1
553.6		1
553.7		1
553.8		1
553.9		1
554		1
554.1		1
554.2		1
554.3		1
554.4		1
554.5		1
554.6		1
554.7		1
554.8		1
554.9		1
555		1
555.1		1
555.2		1
555.3		1
555.4		1
555.5		1
555.6		1
555.7		1
555.8		1
555.9		1
556		1
556.1		1
556.2		1
556.3		1
556.4		1
556.5		1
556.6		1
556.7		1
556.8		1
556.9		1
557		1
557.1		1
557.2		1
557.3		1
557.4		1
557.5		1
557.6		1
557.7		1
557.8		1
557.9		1
558		1
558.1		1
558.2		1
558.3		1
558.4		1
558.5		1
558.6		1
558.7		1
558.8		1
558.9		1
559		1
559.1		1
559.2		1
559.3		1
559.4		1
559.5		1
559.6		1
559.7		1
559.8		1
559.9		1
560		1
560.1		1
560.2		1
560.3		1
560.4		1
560.5		1
560.6		1
560.7		1
560.8		1
560.9		1
561		1
561.1		1
561.2		1
561.3		1
561.4		1
561.5		1
561.6		1
561.7		1
561.8		1
561.9		1
562		1
562.1		1
562.2		1
562.3		1
562.4		1
562.5		1
562.6		1
562.7		1
562.8		1
562.9		1
563		1
563.1		1
563.2		1
563.3		1
563.4		1
563.5		1
563.6		1
563.7		1
563.8		1
563.9		1
564		1
564.1		1
564.2		1
564.3		1
564.4		1
564.5		1
564.6		1
564.7		1
564.8		1
564.9		1
565		1
565.1		1
565.2		1
565.3		1
565.4		1
565.5		1
565.6		1
565.7		1
565.8		1
565.9		1
566		1
566.1		1
566.2		1
566.3		1
566.4		1
566.5		1
566.6		1
566.7		1
566.8		1
566.9		1
567		1
567.1		1
567.2		1
567.3		1
567.4		1
567.5		1
567.6		1
567.7		1
567.8		1
567.9		1
568		1
568.1		1
568.2		1
568.3		1
568.4		1
568.5		1
568.6		1
568.7		1
568.8		1
568.9		1
569		1
569.1		1
569.2		1
569.3		1
569.4		1
569.5		1
569.6		1
569.7		1
569.8		1
569.9		1
570		1
570.1		1
570.2		1
570.3		1
570.4		1
570.5		1
570.6		1
570.7		1
570.8		1
570.9		1
571		1
571.1		1
571.2		1
571.3		1
571.4		1
571.5		1
571.6		1
571.7		1
571.8		1
571.9		1
572		1
572.1		1
572.2		1
572.3		1
572.4		1
572.5		1
572.6		1
572.7		1
572.8		1
572.9		1
573		1
573.1		1
573.2		1
573.3		1
573.4		1
573.5		1
573.6		1
573.7		1
573.8		1
573.9		1
574		1
574.1		1
574.2		1
574.3		1
574.4		1
574.5		1
574.6		1
574.7		1
574.8		1
574.9		1
575		1
575.1		1
575.2		1
575.3		1
575.4		1
575.5		1
575.6		1
575.7		1
575.8		1
575.9		1
576		1
576.1		1
576.2		1
576.3		1
576.4		1
576.5		1
576.6		1
576.7		1
576.8		1
576.9		1
577		1
577.1		1
577.2		1
577.3		1
577.4		1
577.5		1
577.6		1
577.7		1
577.8		1
577.9		1
578		1
578.1		1
578.2		1
578.3		1
578.4		1
578.5		1
578.6		1
578.7		1
578.8		1
578.9		1
579		1
579.1		1
579.2		1
579.3		1
579.4		1
579.5		1
579.6		1
579.7		1
579.8		1
579.9		1
580		1
580.1		1
580.2		1
580.3		1
580.4		1
580.5		1
580.6		1
580.7		1
580.8		1
580.9		1
581		1
581.1		1
581.2		1
581.3		1
581.4		1
581.5		1
581.6		1
581.7		1
581.8		1
581.9		1
582		1
582.1		1
582.2		1
582.3		1
582.4		1
582.5		1
582.6		1
582.7		1
582.8		1
582.9		1
583		1
583.1		1
583.2		1
583.3		1
583.4		1
583.5		1
583.6		1
583.7		1
583.8		1
583.9		1
584		1
584.1		1
584.2		1
584.3		1
584.4		1
584.5		1
584.6		1
584.7		1
584.8		1
584.9		1
585		1
585.1		1
585.2		1
585.3		1
585.4		1
585.5		1
585.6		1
585.7		1
585.8		1
585.9		1
586		1
586.1		1
586.2		1
586.3		1
586.4		1
586.5		1
586.6		1
586.7		1
586.8		1
586.9		1
587		1
587.1		1
587.2		1
587.3		1
587.4		1
587.5		1
587.6		1
587.7		1
587.8		1
587.9		1
588		1
588.1		1
588.2		1
588.3		1
588.4		1
588.5		1
588.6		1
588.7		1
588.8		1
588.9		1
589		1
589.1		1
589.2		1
589.3		1
589.4		1
589.5		1
589.6		1
589.7		1
589.8		1
589.9		1
590		1
590.1		1
590.2		1
590.3		1
590.4		1
590.5		1
590.6		1
590.7		1
590.8		1
590.9		1
591		1
591.1		1
591.2		1
591.3		1
591.4		1
591.5		1
591.6		1
591.7		1
591.8		1
591.9		1
592		1
592.1		1
592.2		1
592.3		1
592.4		1
592.5		1
592.6		1
592.7		1
592.8		1
592.9		1
593		1
593.1		1
593.2		1
593.3		1
593.4		1
593.5		1
593.6		1
593.7		1
593.8		1
593.9		1
594		1
594.1		1
594.2		1
594.3		1
594.4		1
594.5		1
594.6		1
594.7		1
594.8		1
594.9		1
595		1
595.1		1
595.2		1
595.3		1
595.4		1
595.5		1
595.6		1
595.7		1
595.8		1
595.9		1
596		1
596.1		1
596.2		1
596.3		1
596.4		1
596.5		1
596.6		1
596.7		1
596.8		1
596.9		1
597		1
597.1		1
597.2		1
597.3		1
597.4		1
597.5		1
597.6		1
597.7		1
597.8		1
597.9		1
598		1
598.1		1
598.2		1
598.3		1
598.4		1
598.5		1
598.6		1
598.7		1
598.8		1
598.9		1
599		1
599.1		1
599.2		1
599.3		1
599.4		1
599.5		1
599.6		1
599.7		1
599.8		1
599.9		1
600		1
