# Calibration file of tamex_id 0 @ channel 9
# fine_T bin		 Calibration value
0.1		0
0.2		0
0.3		0
0.4		0
0.5		0
0.6		0
0.7		0
0.8		0
0.9		0
1		0
1.1		0
1.2		0
1.3		0
1.4		0
1.5		0
1.6		0
1.7		0
1.8		0
1.9		0
2		0
2.1		0
2.2		0
2.3		0
2.4		0
2.5		0
2.6		0
2.7		0
2.8		0
2.9		0
3		0
3.1		0
3.2		0
3.3		0
3.4		0
3.5		0
3.6		0
3.7		0
3.8		0
3.9		0
4		0
4.1		0
4.2		0
4.3		0
4.4		0
4.5		0
4.6		0
4.7		0
4.8		0
4.9		0
5		0
5.1		0
5.2		0
5.3		0
5.4		0
5.5		0
5.6		0
5.7		0
5.8		0
5.9		0
6		0
6.1		0
6.2		0
6.3		0
6.4		0
6.5		0
6.6		0
6.7		0
6.8		0
6.9		0
7		0
7.1		0
7.2		0
7.3		0
7.4		0
7.5		0
7.6		0
7.7		0
7.8		0
7.9		0
8		0
8.1		0
8.2		0
8.3		0
8.4		0
8.5		0
8.6		0
8.7		0
8.8		0
8.9		0
9		0
9.1		0
9.2		0
9.3		0
9.4		0
9.5		0
9.6		0
9.7		0
9.8		0
9.9		0
10		0
10.1		0
10.2		0
10.3		0
10.4		0
10.5		0
10.6		0
10.7		0
10.8		0
10.9		0
11		0
11.1		0
11.2		0
11.3		0
11.4		0
11.5		0
11.6		0
11.7		0
11.8		0
11.9		0
12		0
12.1		0
12.2		0
12.3		0
12.4		0
12.5		0
12.6		0
12.7		0
12.8		0
12.9		0
13		0
13.1		0
13.2		0
13.3		0
13.4		0
13.5		0
13.6		0
13.7		0
13.8		0
13.9		0
14		0
14.1		0
14.2		0
14.3		0
14.4		0
14.5		0
14.6		0
14.7		0
14.8		0
14.9		0
15		0
15.1		0
15.2		0
15.3		0
15.4		0
15.5		0
15.6		0
15.7		0
15.8		0
15.9		0
16		0
16.1		0
16.2		0
16.3		0
16.4		0
16.5		0
16.6		0
16.7		0
16.8		0
16.9		0
17		0
17.1		0.00719184
17.2		0.00719184
17.3		0.00719184
17.4		0.00719184
17.5		0.00719184
17.6		0.00719184
17.7		0.00719184
17.8		0.00719184
17.9		0.00719184
18		0.00719184
18.1		0.0093243
18.2		0.0093243
18.3		0.0093243
18.4		0.0093243
18.5		0.0093243
18.6		0.0093243
18.7		0.0093243
18.8		0.0093243
18.9		0.0093243
19		0.0093243
19.1		0.010286
19.2		0.010286
19.3		0.010286
19.4		0.010286
19.5		0.010286
19.6		0.010286
19.7		0.010286
19.8		0.010286
19.9		0.010286
20		0.010286
20.1		0.0160144
20.2		0.0160144
20.3		0.0160144
20.4		0.0160144
20.5		0.0160144
20.6		0.0160144
20.7		0.0160144
20.8		0.0160144
20.9		0.0160144
21		0.0160144
21.1		0.0173106
21.2		0.0173106
21.3		0.0173106
21.4		0.0173106
21.5		0.0173106
21.6		0.0173106
21.7		0.0173106
21.8		0.0173106
21.9		0.0173106
22		0.0173106
22.1		0.0209901
22.2		0.0209901
22.3		0.0209901
22.4		0.0209901
22.5		0.0209901
22.6		0.0209901
22.7		0.0209901
22.8		0.0209901
22.9		0.0209901
23		0.0209901
23.1		0.0215755
23.2		0.0215755
23.3		0.0215755
23.4		0.0215755
23.5		0.0215755
23.6		0.0215755
23.7		0.0215755
23.8		0.0215755
23.9		0.0215755
24		0.0215755
24.1		0.0229972
24.2		0.0229972
24.3		0.0229972
24.4		0.0229972
24.5		0.0229972
24.6		0.0229972
24.7		0.0229972
24.8		0.0229972
24.9		0.0229972
25		0.0229972
25.1		0.023917
25.2		0.023917
25.3		0.023917
25.4		0.023917
25.5		0.023917
25.6		0.023917
25.7		0.023917
25.8		0.023917
25.9		0.023917
26		0.023917
26.1		0.0257568
26.2		0.0257568
26.3		0.0257568
26.4		0.0257568
26.5		0.0257568
26.6		0.0257568
26.7		0.0257568
26.8		0.0257568
26.9		0.0257568
27		0.0257568
27.1		0.0283492
27.2		0.0283492
27.3		0.0283492
27.4		0.0283492
27.5		0.0283492
27.6		0.0283492
27.7		0.0283492
27.8		0.0283492
27.9		0.0283492
28		0.0283492
28.1		0.0311925
28.2		0.0311925
28.3		0.0311925
28.4		0.0311925
28.5		0.0311925
28.6		0.0311925
28.7		0.0311925
28.8		0.0311925
28.9		0.0311925
29		0.0311925
29.1		0.0318197
29.2		0.0318197
29.3		0.0318197
29.4		0.0318197
29.5		0.0318197
29.6		0.0318197
29.7		0.0318197
29.8		0.0318197
29.9		0.0318197
30		0.0318197
30.1		0.0325723
30.2		0.0325723
30.3		0.0325723
30.4		0.0325723
30.5		0.0325723
30.6		0.0325723
30.7		0.0325723
30.8		0.0325723
30.9		0.0325723
31		0.0325723
31.1		0.0345794
31.2		0.0345794
31.3		0.0345794
31.4		0.0345794
31.5		0.0345794
31.6		0.0345794
31.7		0.0345794
31.8		0.0345794
31.9		0.0345794
32		0.0345794
32.1		0.036001
32.2		0.036001
32.3		0.036001
32.4		0.036001
32.5		0.036001
32.6		0.036001
32.7		0.036001
32.8		0.036001
32.9		0.036001
33		0.036001
33.1		0.0383425
33.2		0.0383425
33.3		0.0383425
33.4		0.0383425
33.5		0.0383425
33.6		0.0383425
33.7		0.0383425
33.8		0.0383425
33.9		0.0383425
34		0.0383425
34.1		0.0417294
34.2		0.0417294
34.3		0.0417294
34.4		0.0417294
34.5		0.0417294
34.6		0.0417294
34.7		0.0417294
34.8		0.0417294
34.9		0.0417294
35		0.0417294
35.1		0.0426911
35.2		0.0426911
35.3		0.0426911
35.4		0.0426911
35.5		0.0426911
35.6		0.0426911
35.7		0.0426911
35.8		0.0426911
35.9		0.0426911
36		0.0426911
36.1		0.0439455
36.2		0.0439455
36.3		0.0439455
36.4		0.0439455
36.5		0.0439455
36.6		0.0439455
36.7		0.0439455
36.8		0.0439455
36.9		0.0439455
37		0.0439455
37.1		0.0468724
37.2		0.0468724
37.3		0.0468724
37.4		0.0468724
37.5		0.0468724
37.6		0.0468724
37.7		0.0468724
37.8		0.0468724
37.9		0.0468724
38		0.0468724
38.1		0.0497993
38.2		0.0497993
38.3		0.0497993
38.4		0.0497993
38.5		0.0497993
38.6		0.0497993
38.7		0.0497993
38.8		0.0497993
38.9		0.0497993
39		0.0497993
39.1		0.0504683
39.2		0.0504683
39.3		0.0504683
39.4		0.0504683
39.5		0.0504683
39.6		0.0504683
39.7		0.0504683
39.8		0.0504683
39.9		0.0504683
40		0.0504683
40.1		0.0515973
40.2		0.0515973
40.3		0.0515973
40.4		0.0515973
40.5		0.0515973
40.6		0.0515973
40.7		0.0515973
40.8		0.0515973
40.9		0.0515973
41		0.0515973
41.1		0.0537715
41.2		0.0537715
41.3		0.0537715
41.4		0.0537715
41.5		0.0537715
41.6		0.0537715
41.7		0.0537715
41.8		0.0537715
41.9		0.0537715
42		0.0537715
42.1		0.0559876
42.2		0.0559876
42.3		0.0559876
42.4		0.0559876
42.5		0.0559876
42.6		0.0559876
42.7		0.0559876
42.8		0.0559876
42.9		0.0559876
43		0.0559876
43.1		0.057911
43.2		0.057911
43.3		0.057911
43.4		0.057911
43.5		0.057911
43.6		0.057911
43.7		0.057911
43.8		0.057911
43.9		0.057911
44		0.057911
44.1		0.0591236
44.2		0.0591236
44.3		0.0591236
44.4		0.0591236
44.5		0.0591236
44.6		0.0591236
44.7		0.0591236
44.8		0.0591236
44.9		0.0591236
45		0.0591236
45.1		0.0605034
45.2		0.0605034
45.3		0.0605034
45.4		0.0605034
45.5		0.0605034
45.6		0.0605034
45.7		0.0605034
45.8		0.0605034
45.9		0.0605034
46		0.0605034
46.1		0.0646429
46.2		0.0646429
46.3		0.0646429
46.4		0.0646429
46.5		0.0646429
46.6		0.0646429
46.7		0.0646429
46.8		0.0646429
46.9		0.0646429
47		0.0646429
47.1		0.0671935
47.2		0.0671935
47.3		0.0671935
47.4		0.0671935
47.5		0.0671935
47.6		0.0671935
47.7		0.0671935
47.8		0.0671935
47.9		0.0671935
48		0.0671935
48.1		0.0678625
48.2		0.0678625
48.3		0.0678625
48.4		0.0678625
48.5		0.0678625
48.6		0.0678625
48.7		0.0678625
48.8		0.0678625
48.9		0.0678625
49		0.0678625
49.1		0.0727965
49.2		0.0727965
49.3		0.0727965
49.4		0.0727965
49.5		0.0727965
49.6		0.0727965
49.7		0.0727965
49.8		0.0727965
49.9		0.0727965
50		0.0727965
50.1		0.0732564
50.2		0.0732564
50.3		0.0732564
50.4		0.0732564
50.5		0.0732564
50.6		0.0732564
50.7		0.0732564
50.8		0.0732564
50.9		0.0732564
51		0.0732564
51.1		0.0745526
51.2		0.0745526
51.3		0.0745526
51.4		0.0745526
51.5		0.0745526
51.6		0.0745526
51.7		0.0745526
51.8		0.0745526
51.9		0.0745526
52		0.0745526
52.1		0.077605
52.2		0.077605
52.3		0.077605
52.4		0.077605
52.5		0.077605
52.6		0.077605
52.7		0.077605
52.8		0.077605
52.9		0.077605
53		0.077605
53.1		0.0777304
53.2		0.0777304
53.3		0.0777304
53.4		0.0777304
53.5		0.0777304
53.6		0.0777304
53.7		0.0777304
53.8		0.0777304
53.9		0.0777304
54		0.0777304
54.1		0.0831243
54.2		0.0831243
54.3		0.0831243
54.4		0.0831243
54.5		0.0831243
54.6		0.0831243
54.7		0.0831243
54.8		0.0831243
54.9		0.0831243
55		0.0831243
55.1		0.0841278
55.2		0.0841278
55.3		0.0841278
55.4		0.0841278
55.5		0.0841278
55.6		0.0841278
55.7		0.0841278
55.8		0.0841278
55.9		0.0841278
56		0.0841278
56.1		0.0845041
56.2		0.0845041
56.3		0.0845041
56.4		0.0845041
56.5		0.0845041
56.6		0.0845041
56.7		0.0845041
56.8		0.0845041
56.9		0.0845041
57		0.0845041
57.1		0.0859257
57.2		0.0859257
57.3		0.0859257
57.4		0.0859257
57.5		0.0859257
57.6		0.0859257
57.7		0.0859257
57.8		0.0859257
57.9		0.0859257
58		0.0859257
58.1		0.0887272
58.2		0.0887272
58.3		0.0887272
58.4		0.0887272
58.5		0.0887272
58.6		0.0887272
58.7		0.0887272
58.8		0.0887272
58.9		0.0887272
59		0.0887272
59.1		0.0952082
59.2		0.0952082
59.3		0.0952082
59.4		0.0952082
59.5		0.0952082
59.6		0.0952082
59.7		0.0952082
59.8		0.0952082
59.9		0.0952082
60		0.0952082
60.1		0.0956682
60.2		0.0956682
60.3		0.0956682
60.4		0.0956682
60.5		0.0956682
60.6		0.0956682
60.7		0.0956682
60.8		0.0956682
60.9		0.0956682
61		0.0956682
61.1		0.0957518
61.2		0.0957518
61.3		0.0957518
61.4		0.0957518
61.5		0.0957518
61.6		0.0957518
61.7		0.0957518
61.8		0.0957518
61.9		0.0957518
62		0.0957518
62.1		0.0968389
62.2		0.0968389
62.3		0.0968389
62.4		0.0968389
62.5		0.0968389
62.6		0.0968389
62.7		0.0968389
62.8		0.0968389
62.9		0.0968389
63		0.0968389
63.1		0.100602
63.2		0.100602
63.3		0.100602
63.4		0.100602
63.5		0.100602
63.6		0.100602
63.7		0.100602
63.8		0.100602
63.9		0.100602
64		0.100602
64.1		0.101606
64.2		0.101606
64.3		0.101606
64.4		0.101606
64.5		0.101606
64.6		0.101606
64.7		0.101606
64.8		0.101606
64.9		0.101606
65		0.101606
65.1		0.104323
65.2		0.104323
65.3		0.104323
65.4		0.104323
65.5		0.104323
65.6		0.104323
65.7		0.104323
65.8		0.104323
65.9		0.104323
66		0.104323
66.1		0.10562
66.2		0.10562
66.3		0.10562
66.4		0.10562
66.5		0.10562
66.6		0.10562
66.7		0.10562
66.8		0.10562
66.9		0.10562
67		0.10562
67.1		0.106498
67.2		0.106498
67.3		0.106498
67.4		0.106498
67.5		0.106498
67.6		0.106498
67.7		0.106498
67.8		0.106498
67.9		0.106498
68		0.106498
68.1		0.108881
68.2		0.108881
68.3		0.108881
68.4		0.108881
68.5		0.108881
68.6		0.108881
68.7		0.108881
68.8		0.108881
68.9		0.108881
69		0.108881
69.1		0.113397
69.2		0.113397
69.3		0.113397
69.4		0.113397
69.5		0.113397
69.6		0.113397
69.7		0.113397
69.8		0.113397
69.9		0.113397
70		0.113397
70.1		0.113731
70.2		0.113731
70.3		0.113731
70.4		0.113731
70.5		0.113731
70.6		0.113731
70.7		0.113731
70.8		0.113731
70.9		0.113731
71		0.113731
71.1		0.11532
71.2		0.11532
71.3		0.11532
71.4		0.11532
71.5		0.11532
71.6		0.11532
71.7		0.11532
71.8		0.11532
71.9		0.11532
72		0.11532
72.1		0.119209
72.2		0.119209
72.3		0.119209
72.4		0.119209
72.5		0.119209
72.6		0.119209
72.7		0.119209
72.8		0.119209
72.9		0.119209
73		0.119209
73.1		0.119418
73.2		0.119418
73.3		0.119418
73.4		0.119418
73.5		0.119418
73.6		0.119418
73.7		0.119418
73.8		0.119418
73.9		0.119418
74		0.119418
74.1		0.11946
74.2		0.11946
74.3		0.11946
74.4		0.11946
74.5		0.11946
74.6		0.11946
74.7		0.11946
74.8		0.11946
74.9		0.11946
75		0.11946
75.1		0.124645
75.2		0.124645
75.3		0.124645
75.4		0.124645
75.5		0.124645
75.6		0.124645
75.7		0.124645
75.8		0.124645
75.9		0.124645
76		0.124645
76.1		0.128282
76.2		0.128282
76.3		0.128282
76.4		0.128282
76.5		0.128282
76.6		0.128282
76.7		0.128282
76.8		0.128282
76.9		0.128282
77		0.128282
77.1		0.129244
77.2		0.129244
77.3		0.129244
77.4		0.129244
77.5		0.129244
77.6		0.129244
77.7		0.129244
77.8		0.129244
77.9		0.129244
78		0.129244
78.1		0.129955
78.2		0.129955
78.3		0.129955
78.4		0.129955
78.5		0.129955
78.6		0.129955
78.7		0.129955
78.8		0.129955
78.9		0.129955
79		0.129955
79.1		0.13146
79.2		0.13146
79.3		0.13146
79.4		0.13146
79.5		0.13146
79.6		0.13146
79.7		0.13146
79.8		0.13146
79.9		0.13146
80		0.13146
80.1		0.137774
80.2		0.137774
80.3		0.137774
80.4		0.137774
80.5		0.137774
80.6		0.137774
80.7		0.137774
80.8		0.137774
80.9		0.137774
81		0.137774
81.1		0.13861
81.2		0.13861
81.3		0.13861
81.4		0.13861
81.5		0.13861
81.6		0.13861
81.7		0.13861
81.8		0.13861
81.9		0.13861
82		0.13861
82.1		0.138652
82.2		0.138652
82.3		0.138652
82.4		0.138652
82.5		0.138652
82.6		0.138652
82.7		0.138652
82.8		0.138652
82.9		0.138652
83		0.138652
83.1		0.138819
83.2		0.138819
83.3		0.138819
83.4		0.138819
83.5		0.138819
83.6		0.138819
83.7		0.138819
83.8		0.138819
83.9		0.138819
84		0.138819
84.1		0.140952
84.2		0.140952
84.3		0.140952
84.4		0.140952
84.5		0.140952
84.6		0.140952
84.7		0.140952
84.8		0.140952
84.9		0.140952
85		0.140952
85.1		0.14484
85.2		0.14484
85.3		0.14484
85.4		0.14484
85.5		0.14484
85.6		0.14484
85.7		0.14484
85.8		0.14484
85.9		0.14484
86		0.14484
86.1		0.147642
86.2		0.147642
86.3		0.147642
86.4		0.147642
86.5		0.147642
86.6		0.147642
86.7		0.147642
86.8		0.147642
86.9		0.147642
87		0.147642
87.1		0.148394
87.2		0.148394
87.3		0.148394
87.4		0.148394
87.5		0.148394
87.6		0.148394
87.7		0.148394
87.8		0.148394
87.9		0.148394
88		0.148394
88.1		0.149398
88.2		0.149398
88.3		0.149398
88.4		0.149398
88.5		0.149398
88.6		0.149398
88.7		0.149398
88.8		0.149398
88.9		0.149398
89		0.149398
89.1		0.150736
89.2		0.150736
89.3		0.150736
89.4		0.150736
89.5		0.150736
89.6		0.150736
89.7		0.150736
89.8		0.150736
89.9		0.150736
90		0.150736
90.1		0.151489
90.2		0.151489
90.3		0.151489
90.4		0.151489
90.5		0.151489
90.6		0.151489
90.7		0.151489
90.8		0.151489
90.9		0.151489
91		0.151489
91.1		0.155335
91.2		0.155335
91.3		0.155335
91.4		0.155335
91.5		0.155335
91.6		0.155335
91.7		0.155335
91.8		0.155335
91.9		0.155335
92		0.155335
92.1		0.156673
92.2		0.156673
92.3		0.156673
92.4		0.156673
92.5		0.156673
92.6		0.156673
92.7		0.156673
92.8		0.156673
92.9		0.156673
93		0.156673
93.1		0.160437
93.2		0.160437
93.3		0.160437
93.4		0.160437
93.5		0.160437
93.6		0.160437
93.7		0.160437
93.8		0.160437
93.9		0.160437
94		0.160437
94.1		0.162444
94.2		0.162444
94.3		0.162444
94.4		0.162444
94.5		0.162444
94.6		0.162444
94.7		0.162444
94.8		0.162444
94.9		0.162444
95		0.162444
95.1		0.162736
95.2		0.162736
95.3		0.162736
95.4		0.162736
95.5		0.162736
95.6		0.162736
95.7		0.162736
95.8		0.162736
95.9		0.162736
96		0.162736
96.1		0.166039
96.2		0.166039
96.3		0.166039
96.4		0.166039
96.5		0.166039
96.6		0.166039
96.7		0.166039
96.8		0.166039
96.9		0.166039
97		0.166039
97.1		0.170054
97.2		0.170054
97.3		0.170054
97.4		0.170054
97.5		0.170054
97.6		0.170054
97.7		0.170054
97.8		0.170054
97.9		0.170054
98		0.170054
98.1		0.171768
98.2		0.171768
98.3		0.171768
98.4		0.171768
98.5		0.171768
98.6		0.171768
98.7		0.171768
98.8		0.171768
98.9		0.171768
99		0.171768
99.1		0.172897
99.2		0.172897
99.3		0.172897
99.4		0.172897
99.5		0.172897
99.6		0.172897
99.7		0.172897
99.8		0.172897
99.9		0.172897
100		0.172897
100.1		0.17344
100.2		0.17344
100.3		0.17344
100.4		0.17344
100.5		0.17344
100.6		0.17344
100.7		0.17344
100.8		0.17344
100.9		0.17344
101		0.17344
101.1		0.176242
101.2		0.176242
101.3		0.176242
101.4		0.176242
101.5		0.176242
101.6		0.176242
101.7		0.176242
101.8		0.176242
101.9		0.176242
102		0.176242
102.1		0.179461
102.2		0.179461
102.3		0.179461
102.4		0.179461
102.5		0.179461
102.6		0.179461
102.7		0.179461
102.8		0.179461
102.9		0.179461
103		0.179461
103.1		0.181887
103.2		0.181887
103.3		0.181887
103.4		0.181887
103.5		0.181887
103.6		0.181887
103.7		0.181887
103.8		0.181887
103.9		0.181887
104		0.181887
104.1		0.183643
104.2		0.183643
104.3		0.183643
104.4		0.183643
104.5		0.183643
104.6		0.183643
104.7		0.183643
104.8		0.183643
104.9		0.183643
105		0.183643
105.1		0.185148
105.2		0.185148
105.3		0.185148
105.4		0.185148
105.5		0.185148
105.6		0.185148
105.7		0.185148
105.8		0.185148
105.9		0.185148
106		0.185148
106.1		0.188953
106.2		0.188953
106.3		0.188953
106.4		0.188953
106.5		0.188953
106.6		0.188953
106.7		0.188953
106.8		0.188953
106.9		0.188953
107		0.188953
107.1		0.189831
107.2		0.189831
107.3		0.189831
107.4		0.189831
107.5		0.189831
107.6		0.189831
107.7		0.189831
107.8		0.189831
107.9		0.189831
108		0.189831
108.1		0.189998
108.2		0.189998
108.3		0.189998
108.4		0.189998
108.5		0.189998
108.6		0.189998
108.7		0.189998
108.8		0.189998
108.9		0.189998
109		0.189998
109.1		0.194472
109.2		0.194472
109.3		0.194472
109.4		0.194472
109.5		0.194472
109.6		0.194472
109.7		0.194472
109.8		0.194472
109.9		0.194472
110		0.194472
110.1		0.196438
110.2		0.196438
110.3		0.196438
110.4		0.196438
110.5		0.196438
110.6		0.196438
110.7		0.196438
110.8		0.196438
110.9		0.196438
111		0.196438
111.1		0.198235
111.2		0.198235
111.3		0.198235
111.4		0.198235
111.5		0.198235
111.6		0.198235
111.7		0.198235
111.8		0.198235
111.9		0.198235
112		0.198235
112.1		0.200243
112.2		0.200243
112.3		0.200243
112.4		0.200243
112.5		0.200243
112.6		0.200243
112.7		0.200243
112.8		0.200243
112.9		0.200243
113		0.200243
113.1		0.201079
113.2		0.201079
113.3		0.201079
113.4		0.201079
113.5		0.201079
113.6		0.201079
113.7		0.201079
113.8		0.201079
113.9		0.201079
114		0.201079
114.1		0.203462
114.2		0.203462
114.3		0.203462
114.4		0.203462
114.5		0.203462
114.6		0.203462
114.7		0.203462
114.8		0.203462
114.9		0.203462
115		0.203462
115.1		0.204173
115.2		0.204173
115.3		0.204173
115.4		0.204173
115.5		0.204173
115.6		0.204173
115.7		0.204173
115.8		0.204173
115.9		0.204173
116		0.204173
116.1		0.207267
116.2		0.207267
116.3		0.207267
116.4		0.207267
116.5		0.207267
116.6		0.207267
116.7		0.207267
116.8		0.207267
116.9		0.207267
117		0.207267
117.1		0.210696
117.2		0.210696
117.3		0.210696
117.4		0.210696
117.5		0.210696
117.6		0.210696
117.7		0.210696
117.8		0.210696
117.9		0.210696
118		0.210696
118.1		0.212076
118.2		0.212076
118.3		0.212076
118.4		0.212076
118.5		0.212076
118.6		0.212076
118.7		0.212076
118.8		0.212076
118.9		0.212076
119		0.212076
119.1		0.214083
119.2		0.214083
119.3		0.214083
119.4		0.214083
119.5		0.214083
119.6		0.214083
119.7		0.214083
119.8		0.214083
119.9		0.214083
120		0.214083
120.1		0.214793
120.2		0.214793
120.3		0.214793
120.4		0.214793
120.5		0.214793
120.6		0.214793
120.7		0.214793
120.8		0.214793
120.9		0.214793
121		0.214793
121.1		0.215337
121.2		0.215337
121.3		0.215337
121.4		0.215337
121.5		0.215337
121.6		0.215337
121.7		0.215337
121.8		0.215337
121.9		0.215337
122		0.215337
122.1		0.221567
122.2		0.221567
122.3		0.221567
122.4		0.221567
122.5		0.221567
122.6		0.221567
122.7		0.221567
122.8		0.221567
122.9		0.221567
123		0.221567
123.1		0.222905
123.2		0.222905
123.3		0.222905
123.4		0.222905
123.5		0.222905
123.6		0.222905
123.7		0.222905
123.8		0.222905
123.9		0.222905
124		0.222905
124.1		0.224912
124.2		0.224912
124.3		0.224912
124.4		0.224912
124.5		0.224912
124.6		0.224912
124.7		0.224912
124.8		0.224912
124.9		0.224912
125		0.224912
125.1		0.227086
125.2		0.227086
125.3		0.227086
125.4		0.227086
125.5		0.227086
125.6		0.227086
125.7		0.227086
125.8		0.227086
125.9		0.227086
126		0.227086
126.1		0.229344
126.2		0.229344
126.3		0.229344
126.4		0.229344
126.5		0.229344
126.6		0.229344
126.7		0.229344
126.8		0.229344
126.9		0.229344
127		0.229344
127.1		0.230808
127.2		0.230808
127.3		0.230808
127.4		0.230808
127.5		0.230808
127.6		0.230808
127.7		0.230808
127.8		0.230808
127.9		0.230808
128		0.230808
128.1		0.232606
128.2		0.232606
128.3		0.232606
128.4		0.232606
128.5		0.232606
128.6		0.232606
128.7		0.232606
128.8		0.232606
128.9		0.232606
129		0.232606
129.1		0.236411
129.2		0.236411
129.3		0.236411
129.4		0.236411
129.5		0.236411
129.6		0.236411
129.7		0.236411
129.8		0.236411
129.9		0.236411
130		0.236411
130.1		0.237289
130.2		0.237289
130.3		0.237289
130.4		0.237289
130.5		0.237289
130.6		0.237289
130.7		0.237289
130.8		0.237289
130.9		0.237289
131		0.237289
131.1		0.238376
131.2		0.238376
131.3		0.238376
131.4		0.238376
131.5		0.238376
131.6		0.238376
131.7		0.238376
131.8		0.238376
131.9		0.238376
132		0.238376
132.1		0.238836
132.2		0.238836
132.3		0.238836
132.4		0.238836
132.5		0.238836
132.6		0.238836
132.7		0.238836
132.8		0.238836
132.9		0.238836
133		0.238836
133.1		0.242975
133.2		0.242975
133.3		0.242975
133.4		0.242975
133.5		0.242975
133.6		0.242975
133.7		0.242975
133.8		0.242975
133.9		0.242975
134		0.242975
134.1		0.243519
134.2		0.243519
134.3		0.243519
134.4		0.243519
134.5		0.243519
134.6		0.243519
134.7		0.243519
134.8		0.243519
134.9		0.243519
135		0.243519
135.1		0.247784
135.2		0.247784
135.3		0.247784
135.4		0.247784
135.5		0.247784
135.6		0.247784
135.7		0.247784
135.8		0.247784
135.9		0.247784
136		0.247784
136.1		0.250836
136.2		0.250836
136.3		0.250836
136.4		0.250836
136.5		0.250836
136.6		0.250836
136.7		0.250836
136.8		0.250836
136.9		0.250836
137		0.250836
137.1		0.25092
137.2		0.25092
137.3		0.25092
137.4		0.25092
137.5		0.25092
137.6		0.25092
137.7		0.25092
137.8		0.25092
137.9		0.25092
138		0.25092
138.1		0.252551
138.2		0.252551
138.3		0.252551
138.4		0.252551
138.5		0.252551
138.6		0.252551
138.7		0.252551
138.8		0.252551
138.9		0.252551
139		0.252551
139.1		0.255854
139.2		0.255854
139.3		0.255854
139.4		0.255854
139.5		0.255854
139.6		0.255854
139.7		0.255854
139.8		0.255854
139.9		0.255854
140		0.255854
140.1		0.262502
140.2		0.262502
140.3		0.262502
140.4		0.262502
140.5		0.262502
140.6		0.262502
140.7		0.262502
140.8		0.262502
140.9		0.262502
141		0.262502
141.1		0.262628
141.2		0.262628
141.3		0.262628
141.4		0.262628
141.5		0.262628
141.6		0.262628
141.7		0.262628
141.8		0.262628
141.9		0.262628
142		0.262628
142.1		0.264342
142.2		0.264342
142.3		0.264342
142.4		0.264342
142.5		0.264342
142.6		0.264342
142.7		0.264342
142.8		0.264342
142.9		0.264342
143		0.264342
143.1		0.265847
143.2		0.265847
143.3		0.265847
143.4		0.265847
143.5		0.265847
143.6		0.265847
143.7		0.265847
143.8		0.265847
143.9		0.265847
144		0.265847
144.1		0.271241
144.2		0.271241
144.3		0.271241
144.4		0.271241
144.5		0.271241
144.6		0.271241
144.7		0.271241
144.8		0.271241
144.9		0.271241
145		0.271241
145.1		0.271366
145.2		0.271366
145.3		0.271366
145.4		0.271366
145.5		0.271366
145.6		0.271366
145.7		0.271366
145.8		0.271366
145.9		0.271366
146		0.271366
146.1		0.272412
146.2		0.272412
146.3		0.272412
146.4		0.272412
146.5		0.272412
146.6		0.272412
146.7		0.272412
146.8		0.272412
146.9		0.272412
147		0.272412
147.1		0.272704
147.2		0.272704
147.3		0.272704
147.4		0.272704
147.5		0.272704
147.6		0.272704
147.7		0.272704
147.8		0.272704
147.9		0.272704
148		0.272704
148.1		0.277095
148.2		0.277095
148.3		0.277095
148.4		0.277095
148.5		0.277095
148.6		0.277095
148.7		0.277095
148.8		0.277095
148.9		0.277095
149		0.277095
149.1		0.280482
149.2		0.280482
149.3		0.280482
149.4		0.280482
149.5		0.280482
149.6		0.280482
149.7		0.280482
149.8		0.280482
149.9		0.280482
150		0.280482
150.1		0.282112
150.2		0.282112
150.3		0.282112
150.4		0.282112
150.5		0.282112
150.6		0.282112
150.7		0.282112
150.8		0.282112
150.9		0.282112
151		0.282112
151.1		0.282447
151.2		0.282447
151.3		0.282447
151.4		0.282447
151.5		0.282447
151.6		0.282447
151.7		0.282447
151.8		0.282447
151.9		0.282447
152		0.282447
152.1		0.287005
152.2		0.287005
152.3		0.287005
152.4		0.287005
152.5		0.287005
152.6		0.287005
152.7		0.287005
152.8		0.287005
152.9		0.287005
153		0.287005
153.1		0.28805
153.2		0.28805
153.3		0.28805
153.4		0.28805
153.5		0.28805
153.6		0.28805
153.7		0.28805
153.8		0.28805
153.9		0.28805
154		0.28805
154.1		0.288426
154.2		0.288426
154.3		0.288426
154.4		0.288426
154.5		0.288426
154.6		0.288426
154.7		0.288426
154.8		0.288426
154.9		0.288426
155		0.288426
155.1		0.291855
155.2		0.291855
155.3		0.291855
155.4		0.291855
155.5		0.291855
155.6		0.291855
155.7		0.291855
155.8		0.291855
155.9		0.291855
156		0.291855
156.1		0.2952
156.2		0.2952
156.3		0.2952
156.4		0.2952
156.5		0.2952
156.6		0.2952
156.7		0.2952
156.8		0.2952
156.9		0.2952
157		0.2952
157.1		0.298712
157.2		0.298712
157.3		0.298712
157.4		0.298712
157.5		0.298712
157.6		0.298712
157.7		0.298712
157.8		0.298712
157.9		0.298712
158		0.298712
158.1		0.299005
158.2		0.299005
158.3		0.299005
158.4		0.299005
158.5		0.299005
158.6		0.299005
158.7		0.299005
158.8		0.299005
158.9		0.299005
159		0.299005
159.1		0.300134
159.2		0.300134
159.3		0.300134
159.4		0.300134
159.5		0.300134
159.6		0.300134
159.7		0.300134
159.8		0.300134
159.9		0.300134
160		0.300134
160.1		0.303479
160.2		0.303479
160.3		0.303479
160.4		0.303479
160.5		0.303479
160.6		0.303479
160.7		0.303479
160.8		0.303479
160.9		0.303479
161		0.303479
161.1		0.306029
161.2		0.306029
161.3		0.306029
161.4		0.306029
161.5		0.306029
161.6		0.306029
161.7		0.306029
161.8		0.306029
161.9		0.306029
162		0.306029
162.1		0.310169
162.2		0.310169
162.3		0.310169
162.4		0.310169
162.5		0.310169
162.6		0.310169
162.7		0.310169
162.8		0.310169
162.9		0.310169
163		0.310169
163.1		0.31042
163.2		0.31042
163.3		0.31042
163.4		0.31042
163.5		0.31042
163.6		0.31042
163.7		0.31042
163.8		0.31042
163.9		0.31042
164		0.31042
164.1		0.31042
164.2		0.31042
164.3		0.31042
164.4		0.31042
164.5		0.31042
164.6		0.31042
164.7		0.31042
164.8		0.31042
164.9		0.31042
165		0.31042
165.1		0.31435
165.2		0.31435
165.3		0.31435
165.4		0.31435
165.5		0.31435
165.6		0.31435
165.7		0.31435
165.8		0.31435
165.9		0.31435
166		0.31435
166.1		0.320706
166.2		0.320706
166.3		0.320706
166.4		0.320706
166.5		0.320706
166.6		0.320706
166.7		0.320706
166.8		0.320706
166.9		0.320706
167		0.320706
167.1		0.321668
167.2		0.321668
167.3		0.321668
167.4		0.321668
167.5		0.321668
167.6		0.321668
167.7		0.321668
167.8		0.321668
167.9		0.321668
168		0.321668
168.1		0.321877
168.2		0.321877
168.3		0.321877
168.4		0.321877
168.5		0.321877
168.6		0.321877
168.7		0.321877
168.8		0.321877
168.9		0.321877
169		0.321877
169.1		0.322337
169.2		0.322337
169.3		0.322337
169.4		0.322337
169.5		0.322337
169.6		0.322337
169.7		0.322337
169.8		0.322337
169.9		0.322337
170		0.322337
170.1		0.328274
170.2		0.328274
170.3		0.328274
170.4		0.328274
170.5		0.328274
170.6		0.328274
170.7		0.328274
170.8		0.328274
170.9		0.328274
171		0.328274
171.1		0.328943
171.2		0.328943
171.3		0.328943
171.4		0.328943
171.5		0.328943
171.6		0.328943
171.7		0.328943
171.8		0.328943
171.9		0.328943
172		0.328943
172.1		0.331075
172.2		0.331075
172.3		0.331075
172.4		0.331075
172.5		0.331075
172.6		0.331075
172.7		0.331075
172.8		0.331075
172.9		0.331075
173		0.331075
173.1		0.331744
173.2		0.331744
173.3		0.331744
173.4		0.331744
173.5		0.331744
173.6		0.331744
173.7		0.331744
173.8		0.331744
173.9		0.331744
174		0.331744
174.1		0.337138
174.2		0.337138
174.3		0.337138
174.4		0.337138
174.5		0.337138
174.6		0.337138
174.7		0.337138
174.8		0.337138
174.9		0.337138
175		0.337138
175.1		0.338644
175.2		0.338644
175.3		0.338644
175.4		0.338644
175.5		0.338644
175.6		0.338644
175.7		0.338644
175.8		0.338644
175.9		0.338644
176		0.338644
176.1		0.34157
176.2		0.34157
176.3		0.34157
176.4		0.34157
176.5		0.34157
176.6		0.34157
176.7		0.34157
176.8		0.34157
176.9		0.34157
177		0.34157
177.1		0.341989
177.2		0.341989
177.3		0.341989
177.4		0.341989
177.5		0.341989
177.6		0.341989
177.7		0.341989
177.8		0.341989
177.9		0.341989
178		0.341989
178.1		0.345585
178.2		0.345585
178.3		0.345585
178.4		0.345585
178.5		0.345585
178.6		0.345585
178.7		0.345585
178.8		0.345585
178.9		0.345585
179		0.345585
179.1		0.34755
179.2		0.34755
179.3		0.34755
179.4		0.34755
179.5		0.34755
179.6		0.34755
179.7		0.34755
179.8		0.34755
179.9		0.34755
180		0.34755
180.1		0.34939
180.2		0.34939
180.3		0.34939
180.4		0.34939
180.5		0.34939
180.6		0.34939
180.7		0.34939
180.8		0.34939
180.9		0.34939
181		0.34939
181.1		0.351438
181.2		0.351438
181.3		0.351438
181.4		0.351438
181.5		0.351438
181.6		0.351438
181.7		0.351438
181.8		0.351438
181.9		0.351438
182		0.351438
182.1		0.35562
182.2		0.35562
182.3		0.35562
182.4		0.35562
182.5		0.35562
182.6		0.35562
182.7		0.35562
182.8		0.35562
182.9		0.35562
183		0.35562
183.1		0.355829
183.2		0.355829
183.3		0.355829
183.4		0.355829
183.5		0.355829
183.6		0.355829
183.7		0.355829
183.8		0.355829
183.9		0.355829
184		0.355829
184.1		0.355954
184.2		0.355954
184.3		0.355954
184.4		0.355954
184.5		0.355954
184.6		0.355954
184.7		0.355954
184.8		0.355954
184.9		0.355954
185		0.355954
185.1		0.357585
185.2		0.357585
185.3		0.357585
185.4		0.357585
185.5		0.357585
185.6		0.357585
185.7		0.357585
185.8		0.357585
185.9		0.357585
186		0.357585
186.1		0.360846
186.2		0.360846
186.3		0.360846
186.4		0.360846
186.5		0.360846
186.6		0.360846
186.7		0.360846
186.8		0.360846
186.9		0.360846
187		0.360846
187.1		0.363439
187.2		0.363439
187.3		0.363439
187.4		0.363439
187.5		0.363439
187.6		0.363439
187.7		0.363439
187.8		0.363439
187.9		0.363439
188		0.363439
188.1		0.365446
188.2		0.365446
188.3		0.365446
188.4		0.365446
188.5		0.365446
188.6		0.365446
188.7		0.365446
188.8		0.365446
188.9		0.365446
189		0.365446
189.1		0.367327
189.2		0.367327
189.3		0.367327
189.4		0.367327
189.5		0.367327
189.6		0.367327
189.7		0.367327
189.8		0.367327
189.9		0.367327
190		0.367327
190.1		0.368122
190.2		0.368122
190.3		0.368122
190.4		0.368122
190.5		0.368122
190.6		0.368122
190.7		0.368122
190.8		0.368122
190.9		0.368122
191		0.368122
191.1		0.368456
191.2		0.368456
191.3		0.368456
191.4		0.368456
191.5		0.368456
191.6		0.368456
191.7		0.368456
191.8		0.368456
191.9		0.368456
192		0.368456
192.1		0.373014
192.2		0.373014
192.3		0.373014
192.4		0.373014
192.5		0.373014
192.6		0.373014
192.7		0.373014
192.8		0.373014
192.9		0.373014
193		0.373014
193.1		0.376024
193.2		0.376024
193.3		0.376024
193.4		0.376024
193.5		0.376024
193.6		0.376024
193.7		0.376024
193.8		0.376024
193.9		0.376024
194		0.376024
194.1		0.37707
194.2		0.37707
194.3		0.37707
194.4		0.37707
194.5		0.37707
194.6		0.37707
194.7		0.37707
194.8		0.37707
194.9		0.37707
195		0.37707
195.1		0.380122
195.2		0.380122
195.3		0.380122
195.4		0.380122
195.5		0.380122
195.6		0.380122
195.7		0.380122
195.8		0.380122
195.9		0.380122
196		0.380122
196.1		0.38192
196.2		0.38192
196.3		0.38192
196.4		0.38192
196.5		0.38192
196.6		0.38192
196.7		0.38192
196.8		0.38192
196.9		0.38192
197		0.38192
197.1		0.382464
197.2		0.382464
197.3		0.382464
197.4		0.382464
197.5		0.382464
197.6		0.382464
197.7		0.382464
197.8		0.382464
197.9		0.382464
198		0.382464
198.1		0.384136
198.2		0.384136
198.3		0.384136
198.4		0.384136
198.5		0.384136
198.6		0.384136
198.7		0.384136
198.8		0.384136
198.9		0.384136
199		0.384136
199.1		0.386394
199.2		0.386394
199.3		0.386394
199.4		0.386394
199.5		0.386394
199.6		0.386394
199.7		0.386394
199.8		0.386394
199.9		0.386394
200		0.386394
200.1		0.389196
200.2		0.389196
200.3		0.389196
200.4		0.389196
200.5		0.389196
200.6		0.389196
200.7		0.389196
200.8		0.389196
200.9		0.389196
201		0.389196
201.1		0.391495
201.2		0.391495
201.3		0.391495
201.4		0.391495
201.5		0.391495
201.6		0.391495
201.7		0.391495
201.8		0.391495
201.9		0.391495
202		0.391495
202.1		0.392457
202.2		0.392457
202.3		0.392457
202.4		0.392457
202.5		0.392457
202.6		0.392457
202.7		0.392457
202.8		0.392457
202.9		0.392457
203		0.392457
203.1		0.393753
203.2		0.393753
203.3		0.393753
203.4		0.393753
203.5		0.393753
203.6		0.393753
203.7		0.393753
203.8		0.393753
203.9		0.393753
204		0.393753
204.1		0.397767
204.2		0.397767
204.3		0.397767
204.4		0.397767
204.5		0.397767
204.6		0.397767
204.7		0.397767
204.8		0.397767
204.9		0.397767
205		0.397767
205.1		0.399147
205.2		0.399147
205.3		0.399147
205.4		0.399147
205.5		0.399147
205.6		0.399147
205.7		0.399147
205.8		0.399147
205.9		0.399147
206		0.399147
206.1		0.400109
206.2		0.400109
206.3		0.400109
206.4		0.400109
206.5		0.400109
206.6		0.400109
206.7		0.400109
206.8		0.400109
206.9		0.400109
207		0.400109
207.1		0.400569
207.2		0.400569
207.3		0.400569
207.4		0.400569
207.5		0.400569
207.6		0.400569
207.7		0.400569
207.8		0.400569
207.9		0.400569
208		0.400569
208.1		0.404917
208.2		0.404917
208.3		0.404917
208.4		0.404917
208.5		0.404917
208.6		0.404917
208.7		0.404917
208.8		0.404917
208.9		0.404917
209		0.404917
209.1		0.408179
209.2		0.408179
209.3		0.408179
209.4		0.408179
209.5		0.408179
209.6		0.408179
209.7		0.408179
209.8		0.408179
209.9		0.408179
210		0.408179
210.1		0.408513
210.2		0.408513
210.3		0.408513
210.4		0.408513
210.5		0.408513
210.6		0.408513
210.7		0.408513
210.8		0.408513
210.9		0.408513
211		0.408513
211.1		0.410562
211.2		0.410562
211.3		0.410562
211.4		0.410562
211.5		0.410562
211.6		0.410562
211.7		0.410562
211.8		0.410562
211.9		0.410562
212		0.410562
212.1		0.41374
212.2		0.41374
212.3		0.41374
212.4		0.41374
212.5		0.41374
212.6		0.41374
212.7		0.41374
212.8		0.41374
212.9		0.41374
213		0.41374
213.1		0.414618
213.2		0.414618
213.3		0.414618
213.4		0.414618
213.5		0.414618
213.6		0.414618
213.7		0.414618
213.8		0.414618
213.9		0.414618
214		0.414618
214.1		0.417336
214.2		0.417336
214.3		0.417336
214.4		0.417336
214.5		0.417336
214.6		0.417336
214.7		0.417336
214.8		0.417336
214.9		0.417336
215		0.417336
215.1		0.418841
215.2		0.418841
215.3		0.418841
215.4		0.418841
215.5		0.418841
215.6		0.418841
215.7		0.418841
215.8		0.418841
215.9		0.418841
216		0.418841
216.1		0.420304
216.2		0.420304
216.3		0.420304
216.4		0.420304
216.5		0.420304
216.6		0.420304
216.7		0.420304
216.8		0.420304
216.9		0.420304
217		0.420304
217.1		0.423399
217.2		0.423399
217.3		0.423399
217.4		0.423399
217.5		0.423399
217.6		0.423399
217.7		0.423399
217.8		0.423399
217.9		0.423399
218		0.423399
218.1		0.425155
218.2		0.425155
218.3		0.425155
218.4		0.425155
218.5		0.425155
218.6		0.425155
218.7		0.425155
218.8		0.425155
218.9		0.425155
219		0.425155
219.1		0.426827
219.2		0.426827
219.3		0.426827
219.4		0.426827
219.5		0.426827
219.6		0.426827
219.7		0.426827
219.8		0.426827
219.9		0.426827
220		0.426827
220.1		0.427413
220.2		0.427413
220.3		0.427413
220.4		0.427413
220.5		0.427413
220.6		0.427413
220.7		0.427413
220.8		0.427413
220.9		0.427413
221		0.427413
221.1		0.429712
221.2		0.429712
221.3		0.429712
221.4		0.429712
221.5		0.429712
221.6		0.429712
221.7		0.429712
221.8		0.429712
221.9		0.429712
222		0.429712
222.1		0.430967
222.2		0.430967
222.3		0.430967
222.4		0.430967
222.5		0.430967
222.6		0.430967
222.7		0.430967
222.8		0.430967
222.9		0.430967
223		0.430967
223.1		0.433768
223.2		0.433768
223.3		0.433768
223.4		0.433768
223.5		0.433768
223.6		0.433768
223.7		0.433768
223.8		0.433768
223.9		0.433768
224		0.433768
224.1		0.43565
224.2		0.43565
224.3		0.43565
224.4		0.43565
224.5		0.43565
224.6		0.43565
224.7		0.43565
224.8		0.43565
224.9		0.43565
225		0.43565
225.1		0.436319
225.2		0.436319
225.3		0.436319
225.4		0.436319
225.5		0.436319
225.6		0.436319
225.7		0.436319
225.8		0.436319
225.9		0.436319
226		0.436319
226.1		0.441754
226.2		0.441754
226.3		0.441754
226.4		0.441754
226.5		0.441754
226.6		0.441754
226.7		0.441754
226.8		0.441754
226.9		0.441754
227		0.441754
227.1		0.4428
227.2		0.4428
227.3		0.4428
227.4		0.4428
227.5		0.4428
227.6		0.4428
227.7		0.4428
227.8		0.4428
227.9		0.4428
228		0.4428
228.1		0.443845
228.2		0.443845
228.3		0.443845
228.4		0.443845
228.5		0.443845
228.6		0.443845
228.7		0.443845
228.8		0.443845
228.9		0.443845
229		0.443845
229.1		0.447274
229.2		0.447274
229.3		0.447274
229.4		0.447274
229.5		0.447274
229.6		0.447274
229.7		0.447274
229.8		0.447274
229.9		0.447274
230		0.447274
230.1		0.447608
230.2		0.447608
230.3		0.447608
230.4		0.447608
230.5		0.447608
230.6		0.447608
230.7		0.447608
230.8		0.447608
230.9		0.447608
231		0.447608
231.1		0.450243
231.2		0.450243
231.3		0.450243
231.4		0.450243
231.5		0.450243
231.6		0.450243
231.7		0.450243
231.8		0.450243
231.9		0.450243
232		0.450243
232.1		0.452417
232.2		0.452417
232.3		0.452417
232.4		0.452417
232.5		0.452417
232.6		0.452417
232.7		0.452417
232.8		0.452417
232.9		0.452417
233		0.452417
233.1		0.454089
233.2		0.454089
233.3		0.454089
233.4		0.454089
233.5		0.454089
233.6		0.454089
233.7		0.454089
233.8		0.454089
233.9		0.454089
234		0.454089
234.1		0.45802
234.2		0.45802
234.3		0.45802
234.4		0.45802
234.5		0.45802
234.6		0.45802
234.7		0.45802
234.8		0.45802
234.9		0.45802
235		0.45802
235.1		0.458229
235.2		0.458229
235.3		0.458229
235.4		0.458229
235.5		0.458229
235.6		0.458229
235.7		0.458229
235.8		0.458229
235.9		0.458229
236		0.458229
236.1		0.45986
236.2		0.45986
236.3		0.45986
236.4		0.45986
236.5		0.45986
236.6		0.45986
236.7		0.45986
236.8		0.45986
236.9		0.45986
237		0.45986
237.1		0.460779
237.2		0.460779
237.3		0.460779
237.4		0.460779
237.5		0.460779
237.6		0.460779
237.7		0.460779
237.8		0.460779
237.9		0.460779
238		0.460779
238.1		0.4668
238.2		0.4668
238.3		0.4668
238.4		0.4668
238.5		0.4668
238.6		0.4668
238.7		0.4668
238.8		0.4668
238.9		0.4668
239		0.4668
239.1		0.469895
239.2		0.469895
239.3		0.469895
239.4		0.469895
239.5		0.469895
239.6		0.469895
239.7		0.469895
239.8		0.469895
239.9		0.469895
240		0.469895
240.1		0.47002
240.2		0.47002
240.3		0.47002
240.4		0.47002
240.5		0.47002
240.6		0.47002
240.7		0.47002
240.8		0.47002
240.9		0.47002
241		0.47002
241.1		0.470271
241.2		0.470271
241.3		0.470271
241.4		0.470271
241.5		0.470271
241.6		0.470271
241.7		0.470271
241.8		0.470271
241.9		0.470271
242		0.470271
242.1		0.475874
242.2		0.475874
242.3		0.475874
242.4		0.475874
242.5		0.475874
242.6		0.475874
242.7		0.475874
242.8		0.475874
242.9		0.475874
243		0.475874
243.1		0.47717
243.2		0.47717
243.3		0.47717
243.4		0.47717
243.5		0.47717
243.6		0.47717
243.7		0.47717
243.8		0.47717
243.9		0.47717
244		0.47717
244.1		0.477797
244.2		0.477797
244.3		0.477797
244.4		0.477797
244.5		0.477797
244.6		0.477797
244.7		0.477797
244.8		0.477797
244.9		0.477797
245		0.477797
245.1		0.480348
245.2		0.480348
245.3		0.480348
245.4		0.480348
245.5		0.480348
245.6		0.480348
245.7		0.480348
245.8		0.480348
245.9		0.480348
246		0.480348
246.1		0.480557
246.2		0.480557
246.3		0.480557
246.4		0.480557
246.5		0.480557
246.6		0.480557
246.7		0.480557
246.8		0.480557
246.9		0.480557
247		0.480557
247.1		0.484195
247.2		0.484195
247.3		0.484195
247.4		0.484195
247.5		0.484195
247.6		0.484195
247.7		0.484195
247.8		0.484195
247.9		0.484195
248		0.484195
248.1		0.485198
248.2		0.485198
248.3		0.485198
248.4		0.485198
248.5		0.485198
248.6		0.485198
248.7		0.485198
248.8		0.485198
248.9		0.485198
249		0.485198
249.1		0.488794
249.2		0.488794
249.3		0.488794
249.4		0.488794
249.5		0.488794
249.6		0.488794
249.7		0.488794
249.8		0.488794
249.9		0.488794
250		0.488794
250.1		0.489087
250.2		0.489087
250.3		0.489087
250.4		0.489087
250.5		0.489087
250.6		0.489087
250.7		0.489087
250.8		0.489087
250.9		0.489087
251		0.489087
251.1		0.491261
251.2		0.491261
251.3		0.491261
251.4		0.491261
251.5		0.491261
251.6		0.491261
251.7		0.491261
251.8		0.491261
251.9		0.491261
252		0.491261
252.1		0.496153
252.2		0.496153
252.3		0.496153
252.4		0.496153
252.5		0.496153
252.6		0.496153
252.7		0.496153
252.8		0.496153
252.9		0.496153
253		0.496153
253.1		0.496446
253.2		0.496446
253.3		0.496446
253.4		0.496446
253.5		0.496446
253.6		0.496446
253.7		0.496446
253.8		0.496446
253.9		0.496446
254		0.496446
254.1		0.497449
254.2		0.497449
254.3		0.497449
254.4		0.497449
254.5		0.497449
254.6		0.497449
254.7		0.497449
254.8		0.497449
254.9		0.497449
255		0.497449
255.1		0.500627
255.2		0.500627
255.3		0.500627
255.4		0.500627
255.5		0.500627
255.6		0.500627
255.7		0.500627
255.8		0.500627
255.9		0.500627
256		0.500627
256.1		0.504181
256.2		0.504181
256.3		0.504181
256.4		0.504181
256.5		0.504181
256.6		0.504181
256.7		0.504181
256.8		0.504181
256.9		0.504181
257		0.504181
257.1		0.505101
257.2		0.505101
257.3		0.505101
257.4		0.505101
257.5		0.505101
257.6		0.505101
257.7		0.505101
257.8		0.505101
257.9		0.505101
258		0.505101
258.1		0.507694
258.2		0.507694
258.3		0.507694
258.4		0.507694
258.5		0.507694
258.6		0.507694
258.7		0.507694
258.8		0.507694
258.9		0.507694
259		0.507694
259.1		0.507944
259.2		0.507944
259.3		0.507944
259.4		0.507944
259.5		0.507944
259.6		0.507944
259.7		0.507944
259.8		0.507944
259.9		0.507944
260		0.507944
260.1		0.514007
260.2		0.514007
260.3		0.514007
260.4		0.514007
260.5		0.514007
260.6		0.514007
260.7		0.514007
260.8		0.514007
260.9		0.514007
261		0.514007
261.1		0.514342
261.2		0.514342
261.3		0.514342
261.4		0.514342
261.5		0.514342
261.6		0.514342
261.7		0.514342
261.8		0.514342
261.9		0.514342
262		0.514342
262.1		0.516433
262.2		0.516433
262.3		0.516433
262.4		0.516433
262.5		0.516433
262.6		0.516433
262.7		0.516433
262.8		0.516433
262.9		0.516433
263		0.516433
263.1		0.516809
263.2		0.516809
263.3		0.516809
263.4		0.516809
263.5		0.516809
263.6		0.516809
263.7		0.516809
263.8		0.516809
263.9		0.516809
264		0.516809
264.1		0.521366
264.2		0.521366
264.3		0.521366
264.4		0.521366
264.5		0.521366
264.6		0.521366
264.7		0.521366
264.8		0.521366
264.9		0.521366
265		0.521366
265.1		0.523624
265.2		0.523624
265.3		0.523624
265.4		0.523624
265.5		0.523624
265.6		0.523624
265.7		0.523624
265.8		0.523624
265.9		0.523624
266		0.523624
266.1		0.52467
266.2		0.52467
266.3		0.52467
266.4		0.52467
266.5		0.52467
266.6		0.52467
266.7		0.52467
266.8		0.52467
266.9		0.52467
267		0.52467
267.1		0.526426
267.2		0.526426
267.3		0.526426
267.4		0.526426
267.5		0.526426
267.6		0.526426
267.7		0.526426
267.8		0.526426
267.9		0.526426
268		0.526426
268.1		0.528391
268.2		0.528391
268.3		0.528391
268.4		0.528391
268.5		0.528391
268.6		0.528391
268.7		0.528391
268.8		0.528391
268.9		0.528391
269		0.528391
269.1		0.531569
269.2		0.531569
269.3		0.531569
269.4		0.531569
269.5		0.531569
269.6		0.531569
269.7		0.531569
269.8		0.531569
269.9		0.531569
270		0.531569
270.1		0.532405
270.2		0.532405
270.3		0.532405
270.4		0.532405
270.5		0.532405
270.6		0.532405
270.7		0.532405
270.8		0.532405
270.9		0.532405
271		0.532405
271.1		0.536043
271.2		0.536043
271.3		0.536043
271.4		0.536043
271.5		0.536043
271.6		0.536043
271.7		0.536043
271.8		0.536043
271.9		0.536043
272		0.536043
272.1		0.539639
272.2		0.539639
272.3		0.539639
272.4		0.539639
272.5		0.539639
272.6		0.539639
272.7		0.539639
272.8		0.539639
272.9		0.539639
273		0.539639
273.1		0.539806
273.2		0.539806
273.3		0.539806
273.4		0.539806
273.5		0.539806
273.6		0.539806
273.7		0.539806
273.8		0.539806
273.9		0.539806
274		0.539806
274.1		0.540935
274.2		0.540935
274.3		0.540935
274.4		0.540935
274.5		0.540935
274.6		0.540935
274.7		0.540935
274.8		0.540935
274.9		0.540935
275		0.540935
275.1		0.542231
275.2		0.542231
275.3		0.542231
275.4		0.542231
275.5		0.542231
275.6		0.542231
275.7		0.542231
275.8		0.542231
275.9		0.542231
276		0.542231
276.1		0.542817
276.2		0.542817
276.3		0.542817
276.4		0.542817
276.5		0.542817
276.6		0.542817
276.7		0.542817
276.8		0.542817
276.9		0.542817
277		0.542817
277.1		0.548336
277.2		0.548336
277.3		0.548336
277.4		0.548336
277.5		0.548336
277.6		0.548336
277.7		0.548336
277.8		0.548336
277.9		0.548336
278		0.548336
278.1		0.549088
278.2		0.549088
278.3		0.549088
278.4		0.549088
278.5		0.549088
278.6		0.549088
278.7		0.549088
278.8		0.549088
278.9		0.549088
279		0.549088
279.1		0.552266
279.2		0.552266
279.3		0.552266
279.4		0.552266
279.5		0.552266
279.6		0.552266
279.7		0.552266
279.8		0.552266
279.9		0.552266
280		0.552266
280.1		0.552684
280.2		0.552684
280.3		0.552684
280.4		0.552684
280.5		0.552684
280.6		0.552684
280.7		0.552684
280.8		0.552684
280.9		0.552684
281		0.552684
281.1		0.555653
281.2		0.555653
281.3		0.555653
281.4		0.555653
281.5		0.555653
281.6		0.555653
281.7		0.555653
281.8		0.555653
281.9		0.555653
282		0.555653
282.1		0.557326
282.2		0.557326
282.3		0.557326
282.4		0.557326
282.5		0.557326
282.6		0.557326
282.7		0.557326
282.8		0.557326
282.9		0.557326
283		0.557326
283.1		0.561256
283.2		0.561256
283.3		0.561256
283.4		0.561256
283.5		0.561256
283.6		0.561256
283.7		0.561256
283.8		0.561256
283.9		0.561256
284		0.561256
284.1		0.564894
284.2		0.564894
284.3		0.564894
284.4		0.564894
284.5		0.564894
284.6		0.564894
284.7		0.564894
284.8		0.564894
284.9		0.564894
285		0.564894
285.1		0.567612
285.2		0.567612
285.3		0.567612
285.4		0.567612
285.5		0.567612
285.6		0.567612
285.7		0.567612
285.8		0.567612
285.9		0.567612
286		0.567612
286.1		0.567737
286.2		0.567737
286.3		0.567737
286.4		0.567737
286.5		0.567737
286.6		0.567737
286.7		0.567737
286.8		0.567737
286.9		0.567737
287		0.567737
287.1		0.569619
287.2		0.569619
287.3		0.569619
287.4		0.569619
287.5		0.569619
287.6		0.569619
287.7		0.569619
287.8		0.569619
287.9		0.569619
288		0.569619
288.1		0.573591
288.2		0.573591
288.3		0.573591
288.4		0.573591
288.5		0.573591
288.6		0.573591
288.7		0.573591
288.8		0.573591
288.9		0.573591
289		0.573591
289.1		0.577438
289.2		0.577438
289.3		0.577438
289.4		0.577438
289.5		0.577438
289.6		0.577438
289.7		0.577438
289.8		0.577438
289.9		0.577438
290		0.577438
290.1		0.578692
290.2		0.578692
290.3		0.578692
290.4		0.578692
290.5		0.578692
290.6		0.578692
290.7		0.578692
290.8		0.578692
290.9		0.578692
291		0.578692
291.1		0.578692
291.2		0.578692
291.3		0.578692
291.4		0.578692
291.5		0.578692
291.6		0.578692
291.7		0.578692
291.8		0.578692
291.9		0.578692
292		0.578692
292.1		0.58003
292.2		0.58003
292.3		0.58003
292.4		0.58003
292.5		0.58003
292.6		0.58003
292.7		0.58003
292.8		0.58003
292.9		0.58003
293		0.58003
293.1		0.58417
293.2		0.58417
293.3		0.58417
293.4		0.58417
293.5		0.58417
293.6		0.58417
293.7		0.58417
293.8		0.58417
293.9		0.58417
294		0.58417
294.1		0.587306
294.2		0.587306
294.3		0.587306
294.4		0.587306
294.5		0.587306
294.6		0.587306
294.7		0.587306
294.8		0.587306
294.9		0.587306
295		0.587306
295.1		0.589104
295.2		0.589104
295.3		0.589104
295.4		0.589104
295.5		0.589104
295.6		0.589104
295.7		0.589104
295.8		0.589104
295.9		0.589104
296		0.589104
296.1		0.590274
296.2		0.590274
296.3		0.590274
296.4		0.590274
296.5		0.590274
296.6		0.590274
296.7		0.590274
296.8		0.590274
296.9		0.590274
297		0.590274
297.1		0.594706
297.2		0.594706
297.3		0.594706
297.4		0.594706
297.5		0.594706
297.6		0.594706
297.7		0.594706
297.8		0.594706
297.9		0.594706
298		0.594706
298.1		0.597884
298.2		0.597884
298.3		0.597884
298.4		0.597884
298.5		0.597884
298.6		0.597884
298.7		0.597884
298.8		0.597884
298.9		0.597884
299		0.597884
299.1		0.605661
299.2		0.605661
299.3		0.605661
299.4		0.605661
299.5		0.605661
299.6		0.605661
299.7		0.605661
299.8		0.605661
299.9		0.605661
300		0.605661
300.1		0.606289
300.2		0.606289
300.3		0.606289
300.4		0.606289
300.5		0.606289
300.6		0.606289
300.7		0.606289
300.8		0.606289
300.9		0.606289
301		0.606289
301.1		0.606456
301.2		0.606456
301.3		0.606456
301.4		0.606456
301.5		0.606456
301.6		0.606456
301.7		0.606456
301.8		0.606456
301.9		0.606456
302		0.606456
302.1		0.611892
302.2		0.611892
302.3		0.611892
302.4		0.611892
302.5		0.611892
302.6		0.611892
302.7		0.611892
302.8		0.611892
302.9		0.611892
303		0.611892
303.1		0.613481
303.2		0.613481
303.3		0.613481
303.4		0.613481
303.5		0.613481
303.6		0.613481
303.7		0.613481
303.8		0.613481
303.9		0.613481
304		0.613481
304.1		0.614442
304.2		0.614442
304.3		0.614442
304.4		0.614442
304.5		0.614442
304.6		0.614442
304.7		0.614442
304.8		0.614442
304.9		0.614442
305		0.614442
305.1		0.618749
305.2		0.618749
305.3		0.618749
305.4		0.618749
305.5		0.618749
305.6		0.618749
305.7		0.618749
305.8		0.618749
305.9		0.618749
306		0.618749
306.1		0.621509
306.2		0.621509
306.3		0.621509
306.4		0.621509
306.5		0.621509
306.6		0.621509
306.7		0.621509
306.8		0.621509
306.9		0.621509
307		0.621509
307.1		0.621676
307.2		0.621676
307.3		0.621676
307.4		0.621676
307.5		0.621676
307.6		0.621676
307.7		0.621676
307.8		0.621676
307.9		0.621676
308		0.621676
308.1		0.622387
308.2		0.622387
308.3		0.622387
308.4		0.622387
308.5		0.622387
308.6		0.622387
308.7		0.622387
308.8		0.622387
308.9		0.622387
309		0.622387
309.1		0.622721
309.2		0.622721
309.3		0.622721
309.4		0.622721
309.5		0.622721
309.6		0.622721
309.7		0.622721
309.8		0.622721
309.9		0.622721
310		0.622721
310.1		0.62661
310.2		0.62661
310.3		0.62661
310.4		0.62661
310.5		0.62661
310.6		0.62661
310.7		0.62661
310.8		0.62661
310.9		0.62661
311		0.62661
311.1		0.633174
311.2		0.633174
311.3		0.633174
311.4		0.633174
311.5		0.633174
311.6		0.633174
311.7		0.633174
311.8		0.633174
311.9		0.633174
312		0.633174
312.1		0.6333
312.2		0.6333
312.3		0.6333
312.4		0.6333
312.5		0.6333
312.6		0.6333
312.7		0.6333
312.8		0.6333
312.9		0.6333
313		0.6333
313.1		0.634345
313.2		0.634345
313.3		0.634345
313.4		0.634345
313.5		0.634345
313.6		0.634345
313.7		0.634345
313.8		0.634345
313.9		0.634345
314		0.634345
314.1		0.63769
314.2		0.63769
314.3		0.63769
314.4		0.63769
314.5		0.63769
314.6		0.63769
314.7		0.63769
314.8		0.63769
314.9		0.63769
315		0.63769
315.1		0.638025
315.2		0.638025
315.3		0.638025
315.4		0.638025
315.5		0.638025
315.6		0.638025
315.7		0.638025
315.8		0.638025
315.9		0.638025
316		0.638025
316.1		0.642081
316.2		0.642081
316.3		0.642081
316.4		0.642081
316.5		0.642081
316.6		0.642081
316.7		0.642081
316.8		0.642081
316.9		0.642081
317		0.642081
317.1		0.644129
317.2		0.644129
317.3		0.644129
317.4		0.644129
317.5		0.644129
317.6		0.644129
317.7		0.644129
317.8		0.644129
317.9		0.644129
318		0.644129
318.1		0.645384
318.2		0.645384
318.3		0.645384
318.4		0.645384
318.5		0.645384
318.6		0.645384
318.7		0.645384
318.8		0.645384
318.9		0.645384
319		0.645384
319.1		0.647098
319.2		0.647098
319.3		0.647098
319.4		0.647098
319.5		0.647098
319.6		0.647098
319.7		0.647098
319.8		0.647098
319.9		0.647098
320		0.647098
320.1		0.649774
320.2		0.649774
320.3		0.649774
320.4		0.649774
320.5		0.649774
320.6		0.649774
320.7		0.649774
320.8		0.649774
320.9		0.649774
321		0.649774
321.1		0.652283
321.2		0.652283
321.3		0.652283
321.4		0.652283
321.5		0.652283
321.6		0.652283
321.7		0.652283
321.8		0.652283
321.9		0.652283
322		0.652283
322.1		0.65291
322.2		0.65291
322.3		0.65291
322.4		0.65291
322.5		0.65291
322.6		0.65291
322.7		0.65291
322.8		0.65291
322.9		0.65291
323		0.65291
323.1		0.653203
323.2		0.653203
323.3		0.653203
323.4		0.653203
323.5		0.653203
323.6		0.653203
323.7		0.653203
323.8		0.653203
323.9		0.653203
324		0.653203
324.1		0.661315
324.2		0.661315
324.3		0.661315
324.4		0.661315
324.5		0.661315
324.6		0.661315
324.7		0.661315
324.8		0.661315
324.9		0.661315
325		0.661315
325.1		0.66144
325.2		0.66144
325.3		0.66144
325.4		0.66144
325.5		0.66144
325.6		0.66144
325.7		0.66144
325.8		0.66144
325.9		0.66144
326		0.66144
326.1		0.661607
326.2		0.661607
326.3		0.661607
326.4		0.661607
326.5		0.661607
326.6		0.661607
326.7		0.661607
326.8		0.661607
326.9		0.661607
327		0.661607
327.1		0.662987
327.2		0.662987
327.3		0.662987
327.4		0.662987
327.5		0.662987
327.6		0.662987
327.7		0.662987
327.8		0.662987
327.9		0.662987
328		0.662987
328.1		0.667001
328.2		0.667001
328.3		0.667001
328.4		0.667001
328.5		0.667001
328.6		0.667001
328.7		0.667001
328.8		0.667001
328.9		0.667001
329		0.667001
329.1		0.668966
329.2		0.668966
329.3		0.668966
329.4		0.668966
329.5		0.668966
329.6		0.668966
329.7		0.668966
329.8		0.668966
329.9		0.668966
330		0.668966
330.1		0.671475
330.2		0.671475
330.3		0.671475
330.4		0.671475
330.5		0.671475
330.6		0.671475
330.7		0.671475
330.8		0.671475
330.9		0.671475
331		0.671475
331.1		0.671642
331.2		0.671642
331.3		0.671642
331.4		0.671642
331.5		0.671642
331.6		0.671642
331.7		0.671642
331.8		0.671642
331.9		0.671642
332		0.671642
332.1		0.676744
332.2		0.676744
332.3		0.676744
332.4		0.676744
332.5		0.676744
332.6		0.676744
332.7		0.676744
332.8		0.676744
332.9		0.676744
333		0.676744
333.1		0.677622
333.2		0.677622
333.3		0.677622
333.4		0.677622
333.5		0.677622
333.6		0.677622
333.7		0.677622
333.8		0.677622
333.9		0.677622
334		0.677622
334.1		0.677956
334.2		0.677956
334.3		0.677956
334.4		0.677956
334.5		0.677956
334.6		0.677956
334.7		0.677956
334.8		0.677956
334.9		0.677956
335		0.677956
335.1		0.679294
335.2		0.679294
335.3		0.679294
335.4		0.679294
335.5		0.679294
335.6		0.679294
335.7		0.679294
335.8		0.679294
335.9		0.679294
336		0.679294
336.1		0.68013
336.2		0.68013
336.3		0.68013
336.4		0.68013
336.5		0.68013
336.6		0.68013
336.7		0.68013
336.8		0.68013
336.9		0.68013
337		0.68013
337.1		0.685315
337.2		0.685315
337.3		0.685315
337.4		0.685315
337.5		0.685315
337.6		0.685315
337.7		0.685315
337.8		0.685315
337.9		0.685315
338		0.685315
338.1		0.688744
338.2		0.688744
338.3		0.688744
338.4		0.688744
338.5		0.688744
338.6		0.688744
338.7		0.688744
338.8		0.688744
338.9		0.688744
339		0.688744
339.1		0.690291
339.2		0.690291
339.3		0.690291
339.4		0.690291
339.5		0.690291
339.6		0.690291
339.7		0.690291
339.8		0.690291
339.9		0.690291
340		0.690291
340.1		0.692214
340.2		0.692214
340.3		0.692214
340.4		0.692214
340.5		0.692214
340.6		0.692214
340.7		0.692214
340.8		0.692214
340.9		0.692214
341		0.692214
341.1		0.696981
341.2		0.696981
341.3		0.696981
341.4		0.696981
341.5		0.696981
341.6		0.696981
341.7		0.696981
341.8		0.696981
341.9		0.696981
342		0.696981
342.1		0.697525
342.2		0.697525
342.3		0.697525
342.4		0.697525
342.5		0.697525
342.6		0.697525
342.7		0.697525
342.8		0.697525
342.9		0.697525
343		0.697525
343.1		0.699615
343.2		0.699615
343.3		0.699615
343.4		0.699615
343.5		0.699615
343.6		0.699615
343.7		0.699615
343.8		0.699615
343.9		0.699615
344		0.699615
344.1		0.701079
344.2		0.701079
344.3		0.701079
344.4		0.701079
344.5		0.701079
344.6		0.701079
344.7		0.701079
344.8		0.701079
344.9		0.701079
345		0.701079
345.1		0.701497
345.2		0.701497
345.3		0.701497
345.4		0.701497
345.5		0.701497
345.6		0.701497
345.7		0.701497
345.8		0.701497
345.9		0.701497
346		0.701497
346.1		0.70572
346.2		0.70572
346.3		0.70572
346.4		0.70572
346.5		0.70572
346.6		0.70572
346.7		0.70572
346.8		0.70572
346.9		0.70572
347		0.70572
347.1		0.706013
347.2		0.706013
347.3		0.706013
347.4		0.706013
347.5		0.706013
347.6		0.706013
347.7		0.706013
347.8		0.706013
347.9		0.706013
348		0.706013
348.1		0.706055
348.2		0.706055
348.3		0.706055
348.4		0.706055
348.5		0.706055
348.6		0.706055
348.7		0.706055
348.8		0.706055
348.9		0.706055
349		0.706055
349.1		0.710445
349.2		0.710445
349.3		0.710445
349.4		0.710445
349.5		0.710445
349.6		0.710445
349.7		0.710445
349.8		0.710445
349.9		0.710445
350		0.710445
350.1		0.71195
350.2		0.71195
350.3		0.71195
350.4		0.71195
350.5		0.71195
350.6		0.71195
350.7		0.71195
350.8		0.71195
350.9		0.71195
351		0.71195
351.1		0.713079
351.2		0.713079
351.3		0.713079
351.4		0.713079
351.5		0.713079
351.6		0.713079
351.7		0.713079
351.8		0.713079
351.9		0.713079
352		0.713079
352.1		0.718682
352.2		0.718682
352.3		0.718682
352.4		0.718682
352.5		0.718682
352.6		0.718682
352.7		0.718682
352.8		0.718682
352.9		0.718682
353		0.718682
353.1		0.720104
353.2		0.720104
353.3		0.720104
353.4		0.720104
353.5		0.720104
353.6		0.720104
353.7		0.720104
353.8		0.720104
353.9		0.720104
354		0.720104
354.1		0.723825
354.2		0.723825
354.3		0.723825
354.4		0.723825
354.5		0.723825
354.6		0.723825
354.7		0.723825
354.8		0.723825
354.9		0.723825
355		0.723825
355.1		0.728174
355.2		0.728174
355.3		0.728174
355.4		0.728174
355.5		0.728174
355.6		0.728174
355.7		0.728174
355.8		0.728174
355.9		0.728174
356		0.728174
356.1		0.731226
356.2		0.731226
356.3		0.731226
356.4		0.731226
356.5		0.731226
356.6		0.731226
356.7		0.731226
356.8		0.731226
356.9		0.731226
357		0.731226
357.1		0.732313
357.2		0.732313
357.3		0.732313
357.4		0.732313
357.5		0.732313
357.6		0.732313
357.7		0.732313
357.8		0.732313
357.9		0.732313
358		0.732313
358.1		0.736118
358.2		0.736118
358.3		0.736118
358.4		0.736118
358.5		0.736118
358.6		0.736118
358.7		0.736118
358.8		0.736118
358.9		0.736118
359		0.736118
359.1		0.736453
359.2		0.736453
359.3		0.736453
359.4		0.736453
359.5		0.736453
359.6		0.736453
359.7		0.736453
359.8		0.736453
359.9		0.736453
360		0.736453
360.1		0.741763
360.2		0.741763
360.3		0.741763
360.4		0.741763
360.5		0.741763
360.6		0.741763
360.7		0.741763
360.8		0.741763
360.9		0.741763
361		0.741763
361.1		0.743686
361.2		0.743686
361.3		0.743686
361.4		0.743686
361.5		0.743686
361.6		0.743686
361.7		0.743686
361.8		0.743686
361.9		0.743686
362		0.743686
362.1		0.744188
362.2		0.744188
362.3		0.744188
362.4		0.744188
362.5		0.744188
362.6		0.744188
362.7		0.744188
362.8		0.744188
362.9		0.744188
363		0.744188
363.1		0.747491
363.2		0.747491
363.3		0.747491
363.4		0.747491
363.5		0.747491
363.6		0.747491
363.7		0.747491
363.8		0.747491
363.9		0.747491
364		0.747491
364.1		0.749916
364.2		0.749916
364.3		0.749916
364.4		0.749916
364.5		0.749916
364.6		0.749916
364.7		0.749916
364.8		0.749916
364.9		0.749916
365		0.749916
365.1		0.753136
365.2		0.753136
365.3		0.753136
365.4		0.753136
365.5		0.753136
365.6		0.753136
365.7		0.753136
365.8		0.753136
365.9		0.753136
366		0.753136
366.1		0.753345
366.2		0.753345
366.3		0.753345
366.4		0.753345
366.5		0.753345
366.6		0.753345
366.7		0.753345
366.8		0.753345
366.9		0.753345
367		0.753345
367.1		0.754808
367.2		0.754808
367.3		0.754808
367.4		0.754808
367.5		0.754808
367.6		0.754808
367.7		0.754808
367.8		0.754808
367.9		0.754808
368		0.754808
368.1		0.75899
368.2		0.75899
368.3		0.75899
368.4		0.75899
368.5		0.75899
368.6		0.75899
368.7		0.75899
368.8		0.75899
368.9		0.75899
369		0.75899
369.1		0.759408
369.2		0.759408
369.3		0.759408
369.4		0.759408
369.5		0.759408
369.6		0.759408
369.7		0.759408
369.8		0.759408
369.9		0.759408
370		0.759408
370.1		0.760537
370.2		0.760537
370.3		0.760537
370.4		0.760537
370.5		0.760537
370.6		0.760537
370.7		0.760537
370.8		0.760537
370.9		0.760537
371		0.760537
371.1		0.764593
371.2		0.764593
371.3		0.764593
371.4		0.764593
371.5		0.764593
371.6		0.764593
371.7		0.764593
371.8		0.764593
371.9		0.764593
372		0.764593
372.1		0.767018
372.2		0.767018
372.3		0.767018
372.4		0.767018
372.5		0.767018
372.6		0.767018
372.7		0.767018
372.8		0.767018
372.9		0.767018
373		0.767018
373.1		0.768105
373.2		0.768105
373.3		0.768105
373.4		0.768105
373.5		0.768105
373.6		0.768105
373.7		0.768105
373.8		0.768105
373.9		0.768105
374		0.768105
374.1		0.768314
374.2		0.768314
374.3		0.768314
374.4		0.768314
374.5		0.768314
374.6		0.768314
374.7		0.768314
374.8		0.768314
374.9		0.768314
375		0.768314
375.1		0.771074
375.2		0.771074
375.3		0.771074
375.4		0.771074
375.5		0.771074
375.6		0.771074
375.7		0.771074
375.8		0.771074
375.9		0.771074
376		0.771074
376.1		0.774628
376.2		0.774628
376.3		0.774628
376.4		0.774628
376.5		0.774628
376.6		0.774628
376.7		0.774628
376.8		0.774628
376.9		0.774628
377		0.774628
377.1		0.775213
377.2		0.775213
377.3		0.775213
377.4		0.775213
377.5		0.775213
377.6		0.775213
377.7		0.775213
377.8		0.775213
377.9		0.775213
378		0.775213
378.1		0.776593
378.2		0.776593
378.3		0.776593
378.4		0.776593
378.5		0.776593
378.6		0.776593
378.7		0.776593
378.8		0.776593
378.9		0.776593
379		0.776593
379.1		0.77906
379.2		0.77906
379.3		0.77906
379.4		0.77906
379.5		0.77906
379.6		0.77906
379.7		0.77906
379.8		0.77906
379.9		0.77906
380		0.77906
380.1		0.783032
380.2		0.783032
380.3		0.783032
380.4		0.783032
380.5		0.783032
380.6		0.783032
380.7		0.783032
380.8		0.783032
380.9		0.783032
381		0.783032
381.1		0.783743
381.2		0.783743
381.3		0.783743
381.4		0.783743
381.5		0.783743
381.6		0.783743
381.7		0.783743
381.8		0.783743
381.9		0.783743
382		0.783743
382.1		0.787381
382.2		0.787381
382.3		0.787381
382.4		0.787381
382.5		0.787381
382.6		0.787381
382.7		0.787381
382.8		0.787381
382.9		0.787381
383		0.787381
383.1		0.78759
383.2		0.78759
383.3		0.78759
383.4		0.78759
383.5		0.78759
383.6		0.78759
383.7		0.78759
383.8		0.78759
383.9		0.78759
384		0.78759
384.1		0.78805
384.2		0.78805
384.3		0.78805
384.4		0.78805
384.5		0.78805
384.6		0.78805
384.7		0.78805
384.8		0.78805
384.9		0.78805
385		0.78805
385.1		0.79152
385.2		0.79152
385.3		0.79152
385.4		0.79152
385.5		0.79152
385.6		0.79152
385.7		0.79152
385.8		0.79152
385.9		0.79152
386		0.79152
386.1		0.794824
386.2		0.794824
386.3		0.794824
386.4		0.794824
386.5		0.794824
386.6		0.794824
386.7		0.794824
386.8		0.794824
386.9		0.794824
387		0.794824
387.1		0.795994
387.2		0.795994
387.3		0.795994
387.4		0.795994
387.5		0.795994
387.6		0.795994
387.7		0.795994
387.8		0.795994
387.9		0.795994
388		0.795994
388.1		0.798127
388.2		0.798127
388.3		0.798127
388.4		0.798127
388.5		0.798127
388.6		0.798127
388.7		0.798127
388.8		0.798127
388.9		0.798127
389		0.798127
389.1		0.798963
389.2		0.798963
389.3		0.798963
389.4		0.798963
389.5		0.798963
389.6		0.798963
389.7		0.798963
389.8		0.798963
389.9		0.798963
390		0.798963
390.1		0.804566
390.2		0.804566
390.3		0.804566
390.4		0.804566
390.5		0.804566
390.6		0.804566
390.7		0.804566
390.8		0.804566
390.9		0.804566
391		0.804566
391.1		0.804775
391.2		0.804775
391.3		0.804775
391.4		0.804775
391.5		0.804775
391.6		0.804775
391.7		0.804775
391.8		0.804775
391.9		0.804775
392		0.804775
392.1		0.806615
392.2		0.806615
392.3		0.806615
392.4		0.806615
392.5		0.806615
392.6		0.806615
392.7		0.806615
392.8		0.806615
392.9		0.806615
393		0.806615
393.1		0.809082
393.2		0.809082
393.3		0.809082
393.4		0.809082
393.5		0.809082
393.6		0.809082
393.7		0.809082
393.8		0.809082
393.9		0.809082
394		0.809082
394.1		0.811549
394.2		0.811549
394.3		0.811549
394.4		0.811549
394.5		0.811549
394.6		0.811549
394.7		0.811549
394.8		0.811549
394.9		0.811549
395		0.811549
395.1		0.814559
395.2		0.814559
395.3		0.814559
395.4		0.814559
395.5		0.814559
395.6		0.814559
395.7		0.814559
395.8		0.814559
395.9		0.814559
396		0.814559
396.1		0.814768
396.2		0.814768
396.3		0.814768
396.4		0.814768
396.5		0.814768
396.6		0.814768
396.7		0.814768
396.8		0.814768
396.9		0.814768
397		0.814768
397.1		0.817026
397.2		0.817026
397.3		0.817026
397.4		0.817026
397.5		0.817026
397.6		0.817026
397.7		0.817026
397.8		0.817026
397.9		0.817026
398		0.817026
398.1		0.818866
398.2		0.818866
398.3		0.818866
398.4		0.818866
398.5		0.818866
398.6		0.818866
398.7		0.818866
398.8		0.818866
398.9		0.818866
399		0.818866
399.1		0.821584
399.2		0.821584
399.3		0.821584
399.4		0.821584
399.5		0.821584
399.6		0.821584
399.7		0.821584
399.8		0.821584
399.9		0.821584
400		0.821584
400.1		0.823256
400.2		0.823256
400.3		0.823256
400.4		0.823256
400.5		0.823256
400.6		0.823256
400.7		0.823256
400.8		0.823256
400.9		0.823256
401		0.823256
401.1		0.825891
401.2		0.825891
401.3		0.825891
401.4		0.825891
401.5		0.825891
401.6		0.825891
401.7		0.825891
401.8		0.825891
401.9		0.825891
402		0.825891
402.1		0.828149
402.2		0.828149
402.3		0.828149
402.4		0.828149
402.5		0.828149
402.6		0.828149
402.7		0.828149
402.8		0.828149
402.9		0.828149
403		0.828149
403.1		0.830532
403.2		0.830532
403.3		0.830532
403.4		0.830532
403.5		0.830532
403.6		0.830532
403.7		0.830532
403.8		0.830532
403.9		0.830532
404		0.830532
404.1		0.832581
404.2		0.832581
404.3		0.832581
404.4		0.832581
404.5		0.832581
404.6		0.832581
404.7		0.832581
404.8		0.832581
404.9		0.832581
405		0.832581
405.1		0.833375
405.2		0.833375
405.3		0.833375
405.4		0.833375
405.5		0.833375
405.6		0.833375
405.7		0.833375
405.8		0.833375
405.9		0.833375
406		0.833375
406.1		0.8358
406.2		0.8358
406.3		0.8358
406.4		0.8358
406.5		0.8358
406.6		0.8358
406.7		0.8358
406.8		0.8358
406.9		0.8358
407		0.8358
407.1		0.838769
407.2		0.838769
407.3		0.838769
407.4		0.838769
407.5		0.838769
407.6		0.838769
407.7		0.838769
407.8		0.838769
407.9		0.838769
408		0.838769
408.1		0.840274
408.2		0.840274
408.3		0.840274
408.4		0.840274
408.5		0.840274
408.6		0.840274
408.7		0.840274
408.8		0.840274
408.9		0.840274
409		0.840274
409.1		0.844037
409.2		0.844037
409.3		0.844037
409.4		0.844037
409.5		0.844037
409.6		0.844037
409.7		0.844037
409.8		0.844037
409.9		0.844037
410		0.844037
410.1		0.844079
410.2		0.844079
410.3		0.844079
410.4		0.844079
410.5		0.844079
410.6		0.844079
410.7		0.844079
410.8		0.844079
410.9		0.844079
411		0.844079
411.1		0.844288
411.2		0.844288
411.3		0.844288
411.4		0.844288
411.5		0.844288
411.6		0.844288
411.7		0.844288
411.8		0.844288
411.9		0.844288
412		0.844288
412.1		0.845543
412.2		0.845543
412.3		0.845543
412.4		0.845543
412.5		0.845543
412.6		0.845543
412.7		0.845543
412.8		0.845543
412.9		0.845543
413		0.845543
413.1		0.852191
413.2		0.852191
413.3		0.852191
413.4		0.852191
413.5		0.852191
413.6		0.852191
413.7		0.852191
413.8		0.852191
413.9		0.852191
414		0.852191
414.1		0.853069
414.2		0.853069
414.3		0.853069
414.4		0.853069
414.5		0.853069
414.6		0.853069
414.7		0.853069
414.8		0.853069
414.9		0.853069
415		0.853069
415.1		0.853195
415.2		0.853195
415.3		0.853195
415.4		0.853195
415.5		0.853195
415.6		0.853195
415.7		0.853195
415.8		0.853195
415.9		0.853195
416		0.853195
416.1		0.854992
416.2		0.854992
416.3		0.854992
416.4		0.854992
416.5		0.854992
416.6		0.854992
416.7		0.854992
416.8		0.854992
416.9		0.854992
417		0.854992
417.1		0.858045
417.2		0.858045
417.3		0.858045
417.4		0.858045
417.5		0.858045
417.6		0.858045
417.7		0.858045
417.8		0.858045
417.9		0.858045
418		0.858045
418.1		0.859968
418.2		0.859968
418.3		0.859968
418.4		0.859968
418.5		0.859968
418.6		0.859968
418.7		0.859968
418.8		0.859968
418.9		0.859968
419		0.859968
419.1		0.862602
419.2		0.862602
419.3		0.862602
419.4		0.862602
419.5		0.862602
419.6		0.862602
419.7		0.862602
419.8		0.862602
419.9		0.862602
420		0.862602
420.1		0.866407
420.2		0.866407
420.3		0.866407
420.4		0.866407
420.5		0.866407
420.6		0.866407
420.7		0.866407
420.8		0.866407
420.9		0.866407
421		0.866407
421.1		0.868331
421.2		0.868331
421.3		0.868331
421.4		0.868331
421.5		0.868331
421.6		0.868331
421.7		0.868331
421.8		0.868331
421.9		0.868331
422		0.868331
422.1		0.868373
422.2		0.868373
422.3		0.868373
422.4		0.868373
422.5		0.868373
422.6		0.868373
422.7		0.868373
422.8		0.868373
422.9		0.868373
423		0.868373
423.1		0.868833
423.2		0.868833
423.3		0.868833
423.4		0.868833
423.5		0.868833
423.6		0.868833
423.7		0.868833
423.8		0.868833
423.9		0.868833
424		0.868833
424.1		0.874268
424.2		0.874268
424.3		0.874268
424.4		0.874268
424.5		0.874268
424.6		0.874268
424.7		0.874268
424.8		0.874268
424.9		0.874268
425		0.874268
425.1		0.874979
425.2		0.874979
425.3		0.874979
425.4		0.874979
425.5		0.874979
425.6		0.874979
425.7		0.874979
425.8		0.874979
425.9		0.874979
426		0.874979
426.1		0.877697
426.2		0.877697
426.3		0.877697
426.4		0.877697
426.5		0.877697
426.6		0.877697
426.7		0.877697
426.8		0.877697
426.9		0.877697
427		0.877697
427.1		0.878575
427.2		0.878575
427.3		0.878575
427.4		0.878575
427.5		0.878575
427.6		0.878575
427.7		0.878575
427.8		0.878575
427.9		0.878575
428		0.878575
428.1		0.882171
428.2		0.882171
428.3		0.882171
428.4		0.882171
428.5		0.882171
428.6		0.882171
428.7		0.882171
428.8		0.882171
428.9		0.882171
429		0.882171
429.1		0.884011
429.2		0.884011
429.3		0.884011
429.4		0.884011
429.5		0.884011
429.6		0.884011
429.7		0.884011
429.8		0.884011
429.9		0.884011
430		0.884011
430.1		0.884262
430.2		0.884262
430.3		0.884262
430.4		0.884262
430.5		0.884262
430.6		0.884262
430.7		0.884262
430.8		0.884262
430.9		0.884262
431		0.884262
431.1		0.885767
431.2		0.885767
431.3		0.885767
431.4		0.885767
431.5		0.885767
431.6		0.885767
431.7		0.885767
431.8		0.885767
431.9		0.885767
432		0.885767
432.1		0.887858
432.2		0.887858
432.3		0.887858
432.4		0.887858
432.5		0.887858
432.6		0.887858
432.7		0.887858
432.8		0.887858
432.9		0.887858
433		0.887858
433.1		0.890534
433.2		0.890534
433.3		0.890534
433.4		0.890534
433.5		0.890534
433.6		0.890534
433.7		0.890534
433.8		0.890534
433.9		0.890534
434		0.890534
434.1		0.891035
434.2		0.891035
434.3		0.891035
434.4		0.891035
434.5		0.891035
434.6		0.891035
434.7		0.891035
434.8		0.891035
434.9		0.891035
435		0.891035
435.1		0.894129
435.2		0.894129
435.3		0.894129
435.4		0.894129
435.5		0.894129
435.6		0.894129
435.7		0.894129
435.8		0.894129
435.9		0.894129
436		0.894129
436.1		0.895593
436.2		0.895593
436.3		0.895593
436.4		0.895593
436.5		0.895593
436.6		0.895593
436.7		0.895593
436.8		0.895593
436.9		0.895593
437		0.895593
437.1		0.896513
437.2		0.896513
437.3		0.896513
437.4		0.896513
437.5		0.896513
437.6		0.896513
437.7		0.896513
437.8		0.896513
437.9		0.896513
438		0.896513
438.1		0.898269
438.2		0.898269
438.3		0.898269
438.4		0.898269
438.5		0.898269
438.6		0.898269
438.7		0.898269
438.8		0.898269
438.9		0.898269
439		0.898269
439.1		0.900485
439.2		0.900485
439.3		0.900485
439.4		0.900485
439.5		0.900485
439.6		0.900485
439.7		0.900485
439.8		0.900485
439.9		0.900485
440		0.900485
440.1		0.903579
440.2		0.903579
440.3		0.903579
440.4		0.903579
440.5		0.903579
440.6		0.903579
440.7		0.903579
440.8		0.903579
440.9		0.903579
441		0.903579
441.1		0.905879
441.2		0.905879
441.3		0.905879
441.4		0.905879
441.5		0.905879
441.6		0.905879
441.7		0.905879
441.8		0.905879
441.9		0.905879
442		0.905879
442.1		0.907551
442.2		0.907551
442.3		0.907551
442.4		0.907551
442.5		0.907551
442.6		0.907551
442.7		0.907551
442.8		0.907551
442.9		0.907551
443		0.907551
443.1		0.908346
443.2		0.908346
443.3		0.908346
443.4		0.908346
443.5		0.908346
443.6		0.908346
443.7		0.908346
443.8		0.908346
443.9		0.908346
444		0.908346
444.1		0.908806
444.2		0.908806
444.3		0.908806
444.4		0.908806
444.5		0.908806
444.6		0.908806
444.7		0.908806
444.8		0.908806
444.9		0.908806
445		0.908806
445.1		0.91537
445.2		0.91537
445.3		0.91537
445.4		0.91537
445.5		0.91537
445.6		0.91537
445.7		0.91537
445.8		0.91537
445.9		0.91537
446		0.91537
446.1		0.91629
446.2		0.91629
446.3		0.91629
446.4		0.91629
446.5		0.91629
446.6		0.91629
446.7		0.91629
446.8		0.91629
446.9		0.91629
447		0.91629
447.1		0.917168
447.2		0.917168
447.3		0.917168
447.4		0.917168
447.5		0.917168
447.6		0.917168
447.7		0.917168
447.8		0.917168
447.9		0.917168
448		0.917168
448.1		0.917837
448.2		0.917837
448.3		0.917837
448.4		0.917837
448.5		0.917837
448.6		0.917837
448.7		0.917837
448.8		0.917837
448.9		0.917837
449		0.917837
449.1		0.918465
449.2		0.918465
449.3		0.918465
449.4		0.918465
449.5		0.918465
449.6		0.918465
449.7		0.918465
449.8		0.918465
449.9		0.918465
450		0.918465
450.1		0.926493
450.2		0.926493
450.3		0.926493
450.4		0.926493
450.5		0.926493
450.6		0.926493
450.7		0.926493
450.8		0.926493
450.9		0.926493
451		0.926493
451.1		0.926744
451.2		0.926744
451.3		0.926744
451.4		0.926744
451.5		0.926744
451.6		0.926744
451.7		0.926744
451.8		0.926744
451.9		0.926744
452		0.926744
452.1		0.928918
452.2		0.928918
452.3		0.928918
452.4		0.928918
452.5		0.928918
452.6		0.928918
452.7		0.928918
452.8		0.928918
452.9		0.928918
453		0.928918
453.1		0.930841
453.2		0.930841
453.3		0.930841
453.4		0.930841
453.5		0.930841
453.6		0.930841
453.7		0.930841
453.8		0.930841
453.9		0.930841
454		0.930841
454.1		0.935315
454.2		0.935315
454.3		0.935315
454.4		0.935315
454.5		0.935315
454.6		0.935315
454.7		0.935315
454.8		0.935315
454.9		0.935315
455		0.935315
455.1		0.935984
455.2		0.935984
455.3		0.935984
455.4		0.935984
455.5		0.935984
455.6		0.935984
455.7		0.935984
455.8		0.935984
455.9		0.935984
456		0.935984
456.1		0.93774
456.2		0.93774
456.3		0.93774
456.4		0.93774
456.5		0.93774
456.6		0.93774
456.7		0.93774
456.8		0.93774
456.9		0.93774
457		0.93774
457.1		0.938451
457.2		0.938451
457.3		0.938451
457.4		0.938451
457.5		0.938451
457.6		0.938451
457.7		0.938451
457.8		0.938451
457.9		0.938451
458		0.938451
458.1		0.942758
458.2		0.942758
458.3		0.942758
458.4		0.942758
458.5		0.942758
458.6		0.942758
458.7		0.942758
458.8		0.942758
458.9		0.942758
459		0.942758
459.1		0.943845
459.2		0.943845
459.3		0.943845
459.4		0.943845
459.5		0.943845
459.6		0.943845
459.7		0.943845
459.8		0.943845
459.9		0.943845
460		0.943845
460.1		0.944096
460.2		0.944096
460.3		0.944096
460.4		0.944096
460.5		0.944096
460.6		0.944096
460.7		0.944096
460.8		0.944096
460.9		0.944096
461		0.944096
461.1		0.945058
461.2		0.945058
461.3		0.945058
461.4		0.945058
461.5		0.945058
461.6		0.945058
461.7		0.945058
461.8		0.945058
461.9		0.945058
462		0.945058
462.1		0.950912
462.2		0.950912
462.3		0.950912
462.4		0.950912
462.5		0.950912
462.6		0.950912
462.7		0.950912
462.8		0.950912
462.9		0.950912
463		0.950912
463.1		0.951455
463.2		0.951455
463.3		0.951455
463.4		0.951455
463.5		0.951455
463.6		0.951455
463.7		0.951455
463.8		0.951455
463.9		0.951455
464		0.951455
464.1		0.951873
464.2		0.951873
464.3		0.951873
464.4		0.951873
464.5		0.951873
464.6		0.951873
464.7		0.951873
464.8		0.951873
464.9		0.951873
465		0.951873
465.1		0.955218
465.2		0.955218
465.3		0.955218
465.4		0.955218
465.5		0.955218
465.6		0.955218
465.7		0.955218
465.8		0.955218
465.9		0.955218
466		0.955218
466.1		0.958229
466.2		0.958229
466.3		0.958229
466.4		0.958229
466.5		0.958229
466.6		0.958229
466.7		0.958229
466.8		0.958229
466.9		0.958229
467		0.958229
467.1		0.958647
467.2		0.958647
467.3		0.958647
467.4		0.958647
467.5		0.958647
467.6		0.958647
467.7		0.958647
467.8		0.958647
467.9		0.958647
468		0.958647
468.1		0.961783
468.2		0.961783
468.3		0.961783
468.4		0.961783
468.5		0.961783
468.6		0.961783
468.7		0.961783
468.8		0.961783
468.9		0.961783
469		0.961783
469.1		0.962786
469.2		0.962786
469.3		0.962786
469.4		0.962786
469.5		0.962786
469.6		0.962786
469.7		0.962786
469.8		0.962786
469.9		0.962786
470		0.962786
470.1		0.9668
470.2		0.9668
470.3		0.9668
470.4		0.9668
470.5		0.9668
470.6		0.9668
470.7		0.9668
470.8		0.9668
470.9		0.9668
471		0.9668
471.1		0.968431
471.2		0.968431
471.3		0.968431
471.4		0.968431
471.5		0.968431
471.6		0.968431
471.7		0.968431
471.8		0.968431
471.9		0.968431
472		0.968431
472.1		0.969142
472.2		0.969142
472.3		0.969142
472.4		0.969142
472.5		0.969142
472.6		0.969142
472.7		0.969142
472.8		0.969142
472.9		0.969142
473		0.969142
473.1		0.971651
473.2		0.971651
473.3		0.971651
473.4		0.971651
473.5		0.971651
473.6		0.971651
473.7		0.971651
473.8		0.971651
473.9		0.971651
474		0.971651
474.1		0.974578
474.2		0.974578
474.3		0.974578
474.4		0.974578
474.5		0.974578
474.6		0.974578
474.7		0.974578
474.8		0.974578
474.9		0.974578
475		0.974578
475.1		0.976208
475.2		0.976208
475.3		0.976208
475.4		0.976208
475.5		0.976208
475.6		0.976208
475.7		0.976208
475.8		0.976208
475.9		0.976208
476		0.976208
476.1		0.977045
476.2		0.977045
476.3		0.977045
476.4		0.977045
476.5		0.977045
476.6		0.977045
476.7		0.977045
476.8		0.977045
476.9		0.977045
477		0.977045
477.1		0.98039
477.2		0.98039
477.3		0.98039
477.4		0.98039
477.5		0.98039
477.6		0.98039
477.7		0.98039
477.8		0.98039
477.9		0.98039
478		0.98039
478.1		0.980891
478.2		0.980891
478.3		0.980891
478.4		0.980891
478.5		0.980891
478.6		0.980891
478.7		0.980891
478.8		0.980891
478.9		0.980891
479		0.980891
479.1		0.983233
479.2		0.983233
479.3		0.983233
479.4		0.983233
479.5		0.983233
479.6		0.983233
479.7		0.983233
479.8		0.983233
479.9		0.983233
480		0.983233
480.1		0.984947
480.2		0.984947
480.3		0.984947
480.4		0.984947
480.5		0.984947
480.6		0.984947
480.7		0.984947
480.8		0.984947
480.9		0.984947
481		0.984947
481.1		0.987163
481.2		0.987163
481.3		0.987163
481.4		0.987163
481.5		0.987163
481.6		0.987163
481.7		0.987163
481.8		0.987163
481.9		0.987163
482		0.987163
482.1		0.989714
482.2		0.989714
482.3		0.989714
482.4		0.989714
482.5		0.989714
482.6		0.989714
482.7		0.989714
482.8		0.989714
482.9		0.989714
483		0.989714
483.1		0.990383
483.2		0.990383
483.3		0.990383
483.4		0.990383
483.5		0.990383
483.6		0.990383
483.7		0.990383
483.8		0.990383
483.9		0.990383
484		0.990383
484.1		0.995024
484.2		0.995024
484.3		0.995024
484.4		0.995024
484.5		0.995024
484.6		0.995024
484.7		0.995024
484.8		0.995024
484.9		0.995024
485		0.995024
485.1		0.996906
485.2		0.996906
485.3		0.996906
485.4		0.996906
485.5		0.996906
485.6		0.996906
485.7		0.996906
485.8		0.996906
485.9		0.996906
486		0.996906
486.1		0.997993
486.2		0.997993
486.3		0.997993
486.4		0.997993
486.5		0.997993
486.6		0.997993
486.7		0.997993
486.8		0.997993
486.9		0.997993
487		0.997993
487.1		0.999498
487.2		0.999498
487.3		0.999498
487.4		0.999498
487.5		0.999498
487.6		0.999498
487.7		0.999498
487.8		0.999498
487.9		0.999498
488		0.999498
488.1		1
488.2		1
488.3		1
488.4		1
488.5		1
488.6		1
488.7		1
488.8		1
488.9		1
489		1
489.1		1
489.2		1
489.3		1
489.4		1
489.5		1
489.6		1
489.7		1
489.8		1
489.9		1
490		1
490.1		1
490.2		1
490.3		1
490.4		1
490.5		1
490.6		1
490.7		1
490.8		1
490.9		1
491		1
491.1		1
491.2		1
491.3		1
491.4		1
491.5		1
491.6		1
491.7		1
491.8		1
491.9		1
492		1
492.1		1
492.2		1
492.3		1
492.4		1
492.5		1
492.6		1
492.7		1
492.8		1
492.9		1
493		1
493.1		1
493.2		1
493.3		1
493.4		1
493.5		1
493.6		1
493.7		1
493.8		1
493.9		1
494		1
494.1		1
494.2		1
494.3		1
494.4		1
494.5		1
494.6		1
494.7		1
494.8		1
494.9		1
495		1
495.1		1
495.2		1
495.3		1
495.4		1
495.5		1
495.6		1
495.7		1
495.8		1
495.9		1
496		1
496.1		1
496.2		1
496.3		1
496.4		1
496.5		1
496.6		1
496.7		1
496.8		1
496.9		1
497		1
497.1		1
497.2		1
497.3		1
497.4		1
497.5		1
497.6		1
497.7		1
497.8		1
497.9		1
498		1
498.1		1
498.2		1
498.3		1
498.4		1
498.5		1
498.6		1
498.7		1
498.8		1
498.9		1
499		1
499.1		1
499.2		1
499.3		1
499.4		1
499.5		1
499.6		1
499.7		1
499.8		1
499.9		1
500		1
500.1		1
500.2		1
500.3		1
500.4		1
500.5		1
500.6		1
500.7		1
500.8		1
500.9		1
501		1
501.1		1
501.2		1
501.3		1
501.4		1
501.5		1
501.6		1
501.7		1
501.8		1
501.9		1
502		1
502.1		1
502.2		1
502.3		1
502.4		1
502.5		1
502.6		1
502.7		1
502.8		1
502.9		1
503		1
503.1		1
503.2		1
503.3		1
503.4		1
503.5		1
503.6		1
503.7		1
503.8		1
503.9		1
504		1
504.1		1
504.2		1
504.3		1
504.4		1
504.5		1
504.6		1
504.7		1
504.8		1
504.9		1
505		1
505.1		1
505.2		1
505.3		1
505.4		1
505.5		1
505.6		1
505.7		1
505.8		1
505.9		1
506		1
506.1		1
506.2		1
506.3		1
506.4		1
506.5		1
506.6		1
506.7		1
506.8		1
506.9		1
507		1
507.1		1
507.2		1
507.3		1
507.4		1
507.5		1
507.6		1
507.7		1
507.8		1
507.9		1
508		1
508.1		1
508.2		1
508.3		1
508.4		1
508.5		1
508.6		1
508.7		1
508.8		1
508.9		1
509		1
509.1		1
509.2		1
509.3		1
509.4		1
509.5		1
509.6		1
509.7		1
509.8		1
509.9		1
510		1
510.1		1
510.2		1
510.3		1
510.4		1
510.5		1
510.6		1
510.7		1
510.8		1
510.9		1
511		1
511.1		1
511.2		1
511.3		1
511.4		1
511.5		1
511.6		1
511.7		1
511.8		1
511.9		1
512		1
512.1		1
512.2		1
512.3		1
512.4		1
512.5		1
512.6		1
512.7		1
512.8		1
512.9		1
513		1
513.1		1
513.2		1
513.3		1
513.4		1
513.5		1
513.6		1
513.7		1
513.8		1
513.9		1
514		1
514.1		1
514.2		1
514.3		1
514.4		1
514.5		1
514.6		1
514.7		1
514.8		1
514.9		1
515		1
515.1		1
515.2		1
515.3		1
515.4		1
515.5		1
515.6		1
515.7		1
515.8		1
515.9		1
516		1
516.1		1
516.2		1
516.3		1
516.4		1
516.5		1
516.6		1
516.7		1
516.8		1
516.9		1
517		1
517.1		1
517.2		1
517.3		1
517.4		1
517.5		1
517.6		1
517.7		1
517.8		1
517.9		1
518		1
518.1		1
518.2		1
518.3		1
518.4		1
518.5		1
518.6		1
518.7		1
518.8		1
518.9		1
519		1
519.1		1
519.2		1
519.3		1
519.4		1
519.5		1
519.6		1
519.7		1
519.8		1
519.9		1
520		1
520.1		1
520.2		1
520.3		1
520.4		1
520.5		1
520.6		1
520.7		1
520.8		1
520.9		1
521		1
521.1		1
521.2		1
521.3		1
521.4		1
521.5		1
521.6		1
521.7		1
521.8		1
521.9		1
522		1
522.1		1
522.2		1
522.3		1
522.4		1
522.5		1
522.6		1
522.7		1
522.8		1
522.9		1
523		1
523.1		1
523.2		1
523.3		1
523.4		1
523.5		1
523.6		1
523.7		1
523.8		1
523.9		1
524		1
524.1		1
524.2		1
524.3		1
524.4		1
524.5		1
524.6		1
524.7		1
524.8		1
524.9		1
525		1
525.1		1
525.2		1
525.3		1
525.4		1
525.5		1
525.6		1
525.7		1
525.8		1
525.9		1
526		1
526.1		1
526.2		1
526.3		1
526.4		1
526.5		1
526.6		1
526.7		1
526.8		1
526.9		1
527		1
527.1		1
527.2		1
527.3		1
527.4		1
527.5		1
527.6		1
527.7		1
527.8		1
527.9		1
528		1
528.1		1
528.2		1
528.3		1
528.4		1
528.5		1
528.6		1
528.7		1
528.8		1
528.9		1
529		1
529.1		1
529.2		1
529.3		1
529.4		1
529.5		1
529.6		1
529.7		1
529.8		1
529.9		1
530		1
530.1		1
530.2		1
530.3		1
530.4		1
530.5		1
530.6		1
530.7		1
530.8		1
530.9		1
531		1
531.1		1
531.2		1
531.3		1
531.4		1
531.5		1
531.6		1
531.7		1
531.8		1
531.9		1
532		1
532.1		1
532.2		1
532.3		1
532.4		1
532.5		1
532.6		1
532.7		1
532.8		1
532.9		1
533		1
533.1		1
533.2		1
533.3		1
533.4		1
533.5		1
533.6		1
533.7		1
533.8		1
533.9		1
534		1
534.1		1
534.2		1
534.3		1
534.4		1
534.5		1
534.6		1
534.7		1
534.8		1
534.9		1
535		1
535.1		1
535.2		1
535.3		1
535.4		1
535.5		1
535.6		1
535.7		1
535.8		1
535.9		1
536		1
536.1		1
536.2		1
536.3		1
536.4		1
536.5		1
536.6		1
536.7		1
536.8		1
536.9		1
537		1
537.1		1
537.2		1
537.3		1
537.4		1
537.5		1
537.6		1
537.7		1
537.8		1
537.9		1
538		1
538.1		1
538.2		1
538.3		1
538.4		1
538.5		1
538.6		1
538.7		1
538.8		1
538.9		1
539		1
539.1		1
539.2		1
539.3		1
539.4		1
539.5		1
539.6		1
539.7		1
539.8		1
539.9		1
540		1
540.1		1
540.2		1
540.3		1
540.4		1
540.5		1
540.6		1
540.7		1
540.8		1
540.9		1
541		1
541.1		1
541.2		1
541.3		1
541.4		1
541.5		1
541.6		1
541.7		1
541.8		1
541.9		1
542		1
542.1		1
542.2		1
542.3		1
542.4		1
542.5		1
542.6		1
542.7		1
542.8		1
542.9		1
543		1
543.1		1
543.2		1
543.3		1
543.4		1
543.5		1
543.6		1
543.7		1
543.8		1
543.9		1
544		1
544.1		1
544.2		1
544.3		1
544.4		1
544.5		1
544.6		1
544.7		1
544.8		1
544.9		1
545		1
545.1		1
545.2		1
545.3		1
545.4		1
545.5		1
545.6		1
545.7		1
545.8		1
545.9		1
546		1
546.1		1
546.2		1
546.3		1
546.4		1
546.5		1
546.6		1
546.7		1
546.8		1
546.9		1
547		1
547.1		1
547.2		1
547.3		1
547.4		1
547.5		1
547.6		1
547.7		1
547.8		1
547.9		1
548		1
548.1		1
548.2		1
548.3		1
548.4		1
548.5		1
548.6		1
548.7		1
548.8		1
548.9		1
549		1
549.1		1
549.2		1
549.3		1
549.4		1
549.5		1
549.6		1
549.7		1
549.8		1
549.9		1
550		1
550.1		1
550.2		1
550.3		1
550.4		1
550.5		1
550.6		1
550.7		1
550.8		1
550.9		1
551		1
551.1		1
551.2		1
551.3		1
551.4		1
551.5		1
551.6		1
551.7		1
551.8		1
551.9		1
552		1
552.1		1
552.2		1
552.3		1
552.4		1
552.5		1
552.6		1
552.7		1
552.8		1
552.9		1
553		1
553.1		1
553.2		1
553.3		1
553.4		1
553.5		1
553.6		1
553.7		1
553.8		1
553.9		1
554		1
554.1		1
554.2		1
554.3		1
554.4		1
554.5		1
554.6		1
554.7		1
554.8		1
554.9		1
555		1
555.1		1
555.2		1
555.3		1
555.4		1
555.5		1
555.6		1
555.7		1
555.8		1
555.9		1
556		1
556.1		1
556.2		1
556.3		1
556.4		1
556.5		1
556.6		1
556.7		1
556.8		1
556.9		1
557		1
557.1		1
557.2		1
557.3		1
557.4		1
557.5		1
557.6		1
557.7		1
557.8		1
557.9		1
558		1
558.1		1
558.2		1
558.3		1
558.4		1
558.5		1
558.6		1
558.7		1
558.8		1
558.9		1
559		1
559.1		1
559.2		1
559.3		1
559.4		1
559.5		1
559.6		1
559.7		1
559.8		1
559.9		1
560		1
560.1		1
560.2		1
560.3		1
560.4		1
560.5		1
560.6		1
560.7		1
560.8		1
560.9		1
561		1
561.1		1
561.2		1
561.3		1
561.4		1
561.5		1
561.6		1
561.7		1
561.8		1
561.9		1
562		1
562.1		1
562.2		1
562.3		1
562.4		1
562.5		1
562.6		1
562.7		1
562.8		1
562.9		1
563		1
563.1		1
563.2		1
563.3		1
563.4		1
563.5		1
563.6		1
563.7		1
563.8		1
563.9		1
564		1
564.1		1
564.2		1
564.3		1
564.4		1
564.5		1
564.6		1
564.7		1
564.8		1
564.9		1
565		1
565.1		1
565.2		1
565.3		1
565.4		1
565.5		1
565.6		1
565.7		1
565.8		1
565.9		1
566		1
566.1		1
566.2		1
566.3		1
566.4		1
566.5		1
566.6		1
566.7		1
566.8		1
566.9		1
567		1
567.1		1
567.2		1
567.3		1
567.4		1
567.5		1
567.6		1
567.7		1
567.8		1
567.9		1
568		1
568.1		1
568.2		1
568.3		1
568.4		1
568.5		1
568.6		1
568.7		1
568.8		1
568.9		1
569		1
569.1		1
569.2		1
569.3		1
569.4		1
569.5		1
569.6		1
569.7		1
569.8		1
569.9		1
570		1
570.1		1
570.2		1
570.3		1
570.4		1
570.5		1
570.6		1
570.7		1
570.8		1
570.9		1
571		1
571.1		1
571.2		1
571.3		1
571.4		1
571.5		1
571.6		1
571.7		1
571.8		1
571.9		1
572		1
572.1		1
572.2		1
572.3		1
572.4		1
572.5		1
572.6		1
572.7		1
572.8		1
572.9		1
573		1
573.1		1
573.2		1
573.3		1
573.4		1
573.5		1
573.6		1
573.7		1
573.8		1
573.9		1
574		1
574.1		1
574.2		1
574.3		1
574.4		1
574.5		1
574.6		1
574.7		1
574.8		1
574.9		1
575		1
575.1		1
575.2		1
575.3		1
575.4		1
575.5		1
575.6		1
575.7		1
575.8		1
575.9		1
576		1
576.1		1
576.2		1
576.3		1
576.4		1
576.5		1
576.6		1
576.7		1
576.8		1
576.9		1
577		1
577.1		1
577.2		1
577.3		1
577.4		1
577.5		1
577.6		1
577.7		1
577.8		1
577.9		1
578		1
578.1		1
578.2		1
578.3		1
578.4		1
578.5		1
578.6		1
578.7		1
578.8		1
578.9		1
579		1
579.1		1
579.2		1
579.3		1
579.4		1
579.5		1
579.6		1
579.7		1
579.8		1
579.9		1
580		1
580.1		1
580.2		1
580.3		1
580.4		1
580.5		1
580.6		1
580.7		1
580.8		1
580.9		1
581		1
581.1		1
581.2		1
581.3		1
581.4		1
581.5		1
581.6		1
581.7		1
581.8		1
581.9		1
582		1
582.1		1
582.2		1
582.3		1
582.4		1
582.5		1
582.6		1
582.7		1
582.8		1
582.9		1
583		1
583.1		1
583.2		1
583.3		1
583.4		1
583.5		1
583.6		1
583.7		1
583.8		1
583.9		1
584		1
584.1		1
584.2		1
584.3		1
584.4		1
584.5		1
584.6		1
584.7		1
584.8		1
584.9		1
585		1
585.1		1
585.2		1
585.3		1
585.4		1
585.5		1
585.6		1
585.7		1
585.8		1
585.9		1
586		1
586.1		1
586.2		1
586.3		1
586.4		1
586.5		1
586.6		1
586.7		1
586.8		1
586.9		1
587		1
587.1		1
587.2		1
587.3		1
587.4		1
587.5		1
587.6		1
587.7		1
587.8		1
587.9		1
588		1
588.1		1
588.2		1
588.3		1
588.4		1
588.5		1
588.6		1
588.7		1
588.8		1
588.9		1
589		1
589.1		1
589.2		1
589.3		1
589.4		1
589.5		1
589.6		1
589.7		1
589.8		1
589.9		1
590		1
590.1		1
590.2		1
590.3		1
590.4		1
590.5		1
590.6		1
590.7		1
590.8		1
590.9		1
591		1
591.1		1
591.2		1
591.3		1
591.4		1
591.5		1
591.6		1
591.7		1
591.8		1
591.9		1
592		1
592.1		1
592.2		1
592.3		1
592.4		1
592.5		1
592.6		1
592.7		1
592.8		1
592.9		1
593		1
593.1		1
593.2		1
593.3		1
593.4		1
593.5		1
593.6		1
593.7		1
593.8		1
593.9		1
594		1
594.1		1
594.2		1
594.3		1
594.4		1
594.5		1
594.6		1
594.7		1
594.8		1
594.9		1
595		1
595.1		1
595.2		1
595.3		1
595.4		1
595.5		1
595.6		1
595.7		1
595.8		1
595.9		1
596		1
596.1		1
596.2		1
596.3		1
596.4		1
596.5		1
596.6		1
596.7		1
596.8		1
596.9		1
597		1
597.1		1
597.2		1
597.3		1
597.4		1
597.5		1
597.6		1
597.7		1
597.8		1
597.9		1
598		1
598.1		1
598.2		1
598.3		1
598.4		1
598.5		1
598.6		1
598.7		1
598.8		1
598.9		1
599		1
599.1		1
599.2		1
599.3		1
599.4		1
599.5		1
599.6		1
599.7		1
599.8		1
599.9		1
600		1
