# Calibration file of tamex_id 1 @ channel 17
# fine_T bin		 Calibration value
0.1		0
0.2		0
0.3		0
0.4		0
0.5		0
0.6		0
0.7		0
0.8		0
0.9		0
1		0
1.1		0
1.2		0
1.3		0
1.4		0
1.5		0
1.6		0
1.7		0
1.8		0
1.9		0
2		0
2.1		0
2.2		0
2.3		0
2.4		0
2.5		0
2.6		0
2.7		0
2.8		0
2.9		0
3		0
3.1		0
3.2		0
3.3		0
3.4		0
3.5		0
3.6		0
3.7		0
3.8		0
3.9		0
4		0
4.1		0
4.2		0
4.3		0
4.4		0
4.5		0
4.6		0
4.7		0
4.8		0
4.9		0
5		0
5.1		0
5.2		0
5.3		0
5.4		0
5.5		0
5.6		0
5.7		0
5.8		0
5.9		0
6		0
6.1		0
6.2		0
6.3		0
6.4		0
6.5		0
6.6		0
6.7		0
6.8		0
6.9		0
7		0
7.1		0
7.2		0
7.3		0
7.4		0
7.5		0
7.6		0
7.7		0
7.8		0
7.9		0
8		0
8.1		0
8.2		0
8.3		0
8.4		0
8.5		0
8.6		0
8.7		0
8.8		0
8.9		0
9		0
9.1		0
9.2		0
9.3		0
9.4		0
9.5		0
9.6		0
9.7		0
9.8		0
9.9		0
10		0
10.1		0
10.2		0
10.3		0
10.4		0
10.5		0
10.6		0
10.7		0
10.8		0
10.9		0
11		0
11.1		0
11.2		0
11.3		0
11.4		0
11.5		0
11.6		0
11.7		0
11.8		0
11.9		0
12		0
12.1		0
12.2		0
12.3		0
12.4		0
12.5		0
12.6		0
12.7		0
12.8		0
12.9		0
13		0
13.1		0
13.2		0
13.3		0
13.4		0
13.5		0
13.6		0
13.7		0
13.8		0
13.9		0
14		0
14.1		0
14.2		0
14.3		0
14.4		0
14.5		0
14.6		0
14.7		0
14.8		0
14.9		0
15		0
15.1		0
15.2		0
15.3		0
15.4		0
15.5		0
15.6		0
15.7		0
15.8		0
15.9		0
16		0
16.1		0.00166528
16.2		0.00166528
16.3		0.00166528
16.4		0.00166528
16.5		0.00166528
16.6		0.00166528
16.7		0.00166528
16.8		0.00166528
16.9		0.00166528
17		0.00166528
17.1		0.0087208
17.2		0.0087208
17.3		0.0087208
17.4		0.0087208
17.5		0.0087208
17.6		0.0087208
17.7		0.0087208
17.8		0.0087208
17.9		0.0087208
18		0.0087208
18.1		0.00885227
18.2		0.00885227
18.3		0.00885227
18.4		0.00885227
18.5		0.00885227
18.6		0.00885227
18.7		0.00885227
18.8		0.00885227
18.9		0.00885227
19		0.00885227
19.1		0.00964109
19.2		0.00964109
19.3		0.00964109
19.4		0.00964109
19.5		0.00964109
19.6		0.00964109
19.7		0.00964109
19.8		0.00964109
19.9		0.00964109
20		0.00964109
20.1		0.0155572
20.2		0.0155572
20.3		0.0155572
20.4		0.0155572
20.5		0.0155572
20.6		0.0155572
20.7		0.0155572
20.8		0.0155572
20.9		0.0155572
21		0.0155572
21.1		0.0165651
21.2		0.0165651
21.3		0.0165651
21.4		0.0165651
21.5		0.0165651
21.6		0.0165651
21.7		0.0165651
21.8		0.0165651
21.9		0.0165651
22		0.0165651
22.1		0.0190192
22.2		0.0190192
22.3		0.0190192
22.4		0.0190192
22.5		0.0190192
22.6		0.0190192
22.7		0.0190192
22.8		0.0190192
22.9		0.0190192
23		0.0190192
23.1		0.0199833
23.2		0.0199833
23.3		0.0199833
23.4		0.0199833
23.5		0.0199833
23.6		0.0199833
23.7		0.0199833
23.8		0.0199833
23.9		0.0199833
24		0.0199833
24.1		0.0248039
24.2		0.0248039
24.3		0.0248039
24.4		0.0248039
24.5		0.0248039
24.6		0.0248039
24.7		0.0248039
24.8		0.0248039
24.9		0.0248039
25		0.0248039
25.1		0.0268198
25.2		0.0268198
25.3		0.0268198
25.4		0.0268198
25.5		0.0268198
25.6		0.0268198
25.7		0.0268198
25.8		0.0268198
25.9		0.0268198
26		0.0268198
26.1		0.0269512
26.2		0.0269512
26.3		0.0269512
26.4		0.0269512
26.5		0.0269512
26.6		0.0269512
26.7		0.0269512
26.8		0.0269512
26.9		0.0269512
27		0.0269512
27.1		0.028485
27.2		0.028485
27.3		0.028485
27.4		0.028485
27.5		0.028485
27.6		0.028485
27.7		0.028485
27.8		0.028485
27.9		0.028485
28		0.028485
28.1		0.0311144
28.2		0.0311144
28.3		0.0311144
28.4		0.0311144
28.5		0.0311144
28.6		0.0311144
28.7		0.0311144
28.8		0.0311144
28.9		0.0311144
29		0.0311144
29.1		0.031465
29.2		0.031465
29.3		0.031465
29.4		0.031465
29.5		0.031465
29.6		0.031465
29.7		0.031465
29.8		0.031465
29.9		0.031465
30		0.031465
30.1		0.0358473
30.2		0.0358473
30.3		0.0358473
30.4		0.0358473
30.5		0.0358473
30.6		0.0358473
30.7		0.0358473
30.8		0.0358473
30.9		0.0358473
31		0.0358473
31.1		0.0375126
31.2		0.0375126
31.3		0.0375126
31.4		0.0375126
31.5		0.0375126
31.6		0.0375126
31.7		0.0375126
31.8		0.0375126
31.9		0.0375126
32		0.0375126
32.1		0.0381699
32.2		0.0381699
32.3		0.0381699
32.4		0.0381699
32.5		0.0381699
32.6		0.0381699
32.7		0.0381699
32.8		0.0381699
32.9		0.0381699
33		0.0381699
33.1		0.0398352
33.2		0.0398352
33.3		0.0398352
33.4		0.0398352
33.5		0.0398352
33.6		0.0398352
33.7		0.0398352
33.8		0.0398352
33.9		0.0398352
34		0.0398352
34.1		0.0404487
34.2		0.0404487
34.3		0.0404487
34.4		0.0404487
34.5		0.0404487
34.6		0.0404487
34.7		0.0404487
34.8		0.0404487
34.9		0.0404487
35		0.0404487
35.1		0.0406679
35.2		0.0406679
35.3		0.0406679
35.4		0.0406679
35.5		0.0406679
35.6		0.0406679
35.7		0.0406679
35.8		0.0406679
35.9		0.0406679
36		0.0406679
36.1		0.0461896
36.2		0.0461896
36.3		0.0461896
36.4		0.0461896
36.5		0.0461896
36.6		0.0461896
36.7		0.0461896
36.8		0.0461896
36.9		0.0461896
37		0.0461896
37.1		0.0464525
37.2		0.0464525
37.3		0.0464525
37.4		0.0464525
37.5		0.0464525
37.6		0.0464525
37.7		0.0464525
37.8		0.0464525
37.9		0.0464525
38		0.0464525
38.1		0.0489504
38.2		0.0489504
38.3		0.0489504
38.4		0.0489504
38.5		0.0489504
38.6		0.0489504
38.7		0.0489504
38.8		0.0489504
38.9		0.0489504
39		0.0489504
39.1		0.049564
39.2		0.049564
39.3		0.049564
39.4		0.049564
39.5		0.049564
39.6		0.049564
39.7		0.049564
39.8		0.049564
39.9		0.049564
40		0.049564
40.1		0.0529383
40.2		0.0529383
40.3		0.0529383
40.4		0.0529383
40.5		0.0529383
40.6		0.0529383
40.7		0.0529383
40.8		0.0529383
40.9		0.0529383
41		0.0529383
41.1		0.0541216
41.2		0.0541216
41.3		0.0541216
41.4		0.0541216
41.5		0.0541216
41.6		0.0541216
41.7		0.0541216
41.8		0.0541216
41.9		0.0541216
42		0.0541216
42.1		0.056488
42.2		0.056488
42.3		0.056488
42.4		0.056488
42.5		0.056488
42.6		0.056488
42.7		0.056488
42.8		0.056488
42.9		0.056488
43		0.056488
43.1		0.0573645
43.2		0.0573645
43.3		0.0573645
43.4		0.0573645
43.5		0.0573645
43.6		0.0573645
43.7		0.0573645
43.8		0.0573645
43.9		0.0573645
44		0.0573645
44.1		0.0614839
44.2		0.0614839
44.3		0.0614839
44.4		0.0614839
44.5		0.0614839
44.6		0.0614839
44.7		0.0614839
44.8		0.0614839
44.9		0.0614839
45		0.0614839
45.1		0.063193
45.2		0.063193
45.3		0.063193
45.4		0.063193
45.5		0.063193
45.6		0.063193
45.7		0.063193
45.8		0.063193
45.9		0.063193
46		0.063193
46.1		0.06591
46.2		0.06591
46.3		0.06591
46.4		0.06591
46.5		0.06591
46.6		0.06591
46.7		0.06591
46.8		0.06591
46.9		0.06591
47		0.06591
47.1		0.0661291
47.2		0.0661291
47.3		0.0661291
47.4		0.0661291
47.5		0.0661291
47.6		0.0661291
47.7		0.0661291
47.8		0.0661291
47.9		0.0661291
48		0.0661291
48.1		0.0697664
48.2		0.0697664
48.3		0.0697664
48.4		0.0697664
48.5		0.0697664
48.6		0.0697664
48.7		0.0697664
48.8		0.0697664
48.9		0.0697664
49		0.0697664
49.1		0.0711688
49.2		0.0711688
49.3		0.0711688
49.4		0.0711688
49.5		0.0711688
49.6		0.0711688
49.7		0.0711688
49.8		0.0711688
49.9		0.0711688
50		0.0711688
50.1		0.0720014
50.2		0.0720014
50.3		0.0720014
50.4		0.0720014
50.5		0.0720014
50.6		0.0720014
50.7		0.0720014
50.8		0.0720014
50.9		0.0720014
51		0.0720014
51.1		0.0763399
51.2		0.0763399
51.3		0.0763399
51.4		0.0763399
51.5		0.0763399
51.6		0.0763399
51.7		0.0763399
51.8		0.0763399
51.9		0.0763399
52		0.0763399
52.1		0.0766467
52.2		0.0766467
52.3		0.0766467
52.4		0.0766467
52.5		0.0766467
52.6		0.0766467
52.7		0.0766467
52.8		0.0766467
52.9		0.0766467
53		0.0766467
53.1		0.0795828
53.2		0.0795828
53.3		0.0795828
53.4		0.0795828
53.5		0.0795828
53.6		0.0795828
53.7		0.0795828
53.8		0.0795828
53.9		0.0795828
54		0.0795828
54.1		0.0805907
54.2		0.0805907
54.3		0.0805907
54.4		0.0805907
54.5		0.0805907
54.6		0.0805907
54.7		0.0805907
54.8		0.0805907
54.9		0.0805907
55		0.0805907
55.1		0.0832201
55.2		0.0832201
55.3		0.0832201
55.4		0.0832201
55.5		0.0832201
55.6		0.0832201
55.7		0.0832201
55.8		0.0832201
55.9		0.0832201
56		0.0832201
56.1		0.0840528
56.2		0.0840528
56.3		0.0840528
56.4		0.0840528
56.5		0.0840528
56.6		0.0840528
56.7		0.0840528
56.8		0.0840528
56.9		0.0840528
57		0.0840528
57.1		0.0871642
57.2		0.0871642
57.3		0.0871642
57.4		0.0871642
57.5		0.0871642
57.6		0.0871642
57.7		0.0871642
57.8		0.0871642
57.9		0.0871642
58		0.0871642
58.1		0.0893554
58.2		0.0893554
58.3		0.0893554
58.4		0.0893554
58.5		0.0893554
58.6		0.0893554
58.7		0.0893554
58.8		0.0893554
58.9		0.0893554
59		0.0893554
59.1		0.0908892
59.2		0.0908892
59.3		0.0908892
59.4		0.0908892
59.5		0.0908892
59.6		0.0908892
59.7		0.0908892
59.8		0.0908892
59.9		0.0908892
60		0.0908892
60.1		0.0918971
60.2		0.0918971
60.3		0.0918971
60.4		0.0918971
60.5		0.0918971
60.6		0.0918971
60.7		0.0918971
60.8		0.0918971
60.9		0.0918971
61		0.0918971
61.1		0.0945265
61.2		0.0945265
61.3		0.0945265
61.4		0.0945265
61.5		0.0945265
61.6		0.0945265
61.7		0.0945265
61.8		0.0945265
61.9		0.0945265
62		0.0945265
62.1		0.0959727
62.2		0.0959727
62.3		0.0959727
62.4		0.0959727
62.5		0.0959727
62.6		0.0959727
62.7		0.0959727
62.8		0.0959727
62.9		0.0959727
63		0.0959727
63.1		0.0971559
63.2		0.0971559
63.3		0.0971559
63.4		0.0971559
63.5		0.0971559
63.6		0.0971559
63.7		0.0971559
63.8		0.0971559
63.9		0.0971559
64		0.0971559
64.1		0.101231
64.2		0.101231
64.3		0.101231
64.4		0.101231
64.5		0.101231
64.6		0.101231
64.7		0.101231
64.8		0.101231
64.9		0.101231
65		0.101231
65.1		0.101626
65.2		0.101626
65.3		0.101626
65.4		0.101626
65.5		0.101626
65.6		0.101626
65.7		0.101626
65.8		0.101626
65.9		0.101626
66		0.101626
66.1		0.105833
66.2		0.105833
66.3		0.105833
66.4		0.105833
66.5		0.105833
66.6		0.105833
66.7		0.105833
66.8		0.105833
66.9		0.105833
67		0.105833
67.1		0.105964
67.2		0.105964
67.3		0.105964
67.4		0.105964
67.5		0.105964
67.6		0.105964
67.7		0.105964
67.8		0.105964
67.9		0.105964
68		0.105964
68.1		0.106841
68.2		0.106841
68.3		0.106841
68.4		0.106841
68.5		0.106841
68.6		0.106841
68.7		0.106841
68.8		0.106841
68.9		0.106841
69		0.106841
69.1		0.108769
69.2		0.108769
69.3		0.108769
69.4		0.108769
69.5		0.108769
69.6		0.108769
69.7		0.108769
69.8		0.108769
69.9		0.108769
70		0.108769
70.1		0.114948
70.2		0.114948
70.3		0.114948
70.4		0.114948
70.5		0.114948
70.6		0.114948
70.7		0.114948
70.8		0.114948
70.9		0.114948
71		0.114948
71.1		0.115825
71.2		0.115825
71.3		0.115825
71.4		0.115825
71.5		0.115825
71.6		0.115825
71.7		0.115825
71.8		0.115825
71.9		0.115825
72		0.115825
72.1		0.116745
72.2		0.116745
72.3		0.116745
72.4		0.116745
72.5		0.116745
72.6		0.116745
72.7		0.116745
72.8		0.116745
72.9		0.116745
73		0.116745
73.1		0.118322
73.2		0.118322
73.3		0.118322
73.4		0.118322
73.5		0.118322
73.6		0.118322
73.7		0.118322
73.8		0.118322
73.9		0.118322
74		0.118322
74.1		0.121083
74.2		0.121083
74.3		0.121083
74.4		0.121083
74.5		0.121083
74.6		0.121083
74.7		0.121083
74.8		0.121083
74.9		0.121083
75		0.121083
75.1		0.123537
75.2		0.123537
75.3		0.123537
75.4		0.123537
75.5		0.123537
75.6		0.123537
75.7		0.123537
75.8		0.123537
75.9		0.123537
76		0.123537
76.1		0.123757
76.2		0.123757
76.3		0.123757
76.4		0.123757
76.5		0.123757
76.6		0.123757
76.7		0.123757
76.8		0.123757
76.9		0.123757
77		0.123757
77.1		0.128314
77.2		0.128314
77.3		0.128314
77.4		0.128314
77.5		0.128314
77.6		0.128314
77.7		0.128314
77.8		0.128314
77.9		0.128314
78		0.128314
78.1		0.129366
78.2		0.129366
78.3		0.129366
78.4		0.129366
78.5		0.129366
78.6		0.129366
78.7		0.129366
78.8		0.129366
78.9		0.129366
79		0.129366
79.1		0.129673
79.2		0.129673
79.3		0.129673
79.4		0.129673
79.5		0.129673
79.6		0.129673
79.7		0.129673
79.8		0.129673
79.9		0.129673
80		0.129673
80.1		0.133485
80.2		0.133485
80.3		0.133485
80.4		0.133485
80.5		0.133485
80.6		0.133485
80.7		0.133485
80.8		0.133485
80.9		0.133485
81		0.133485
81.1		0.136378
81.2		0.136378
81.3		0.136378
81.4		0.136378
81.5		0.136378
81.6		0.136378
81.7		0.136378
81.8		0.136378
81.9		0.136378
82		0.136378
82.1		0.13927
82.2		0.13927
82.3		0.13927
82.4		0.13927
82.5		0.13927
82.6		0.13927
82.7		0.13927
82.8		0.13927
82.9		0.13927
83		0.13927
83.1		0.140979
83.2		0.140979
83.3		0.140979
83.4		0.140979
83.5		0.140979
83.6		0.140979
83.7		0.140979
83.8		0.140979
83.9		0.140979
84		0.140979
84.1		0.142863
84.2		0.142863
84.3		0.142863
84.4		0.142863
84.5		0.142863
84.6		0.142863
84.7		0.142863
84.8		0.142863
84.9		0.142863
85		0.142863
85.1		0.143565
85.2		0.143565
85.3		0.143565
85.4		0.143565
85.5		0.143565
85.6		0.143565
85.7		0.143565
85.8		0.143565
85.9		0.143565
86		0.143565
86.1		0.145975
86.2		0.145975
86.3		0.145975
86.4		0.145975
86.5		0.145975
86.6		0.145975
86.7		0.145975
86.8		0.145975
86.9		0.145975
87		0.145975
87.1		0.149174
87.2		0.149174
87.3		0.149174
87.4		0.149174
87.5		0.149174
87.6		0.149174
87.7		0.149174
87.8		0.149174
87.9		0.149174
88		0.149174
88.1		0.1497
88.2		0.1497
88.3		0.1497
88.4		0.1497
88.5		0.1497
88.6		0.1497
88.7		0.1497
88.8		0.1497
88.9		0.1497
89		0.1497
89.1		0.155265
89.2		0.155265
89.3		0.155265
89.4		0.155265
89.5		0.155265
89.6		0.155265
89.7		0.155265
89.8		0.155265
89.9		0.155265
90		0.155265
90.1		0.155397
90.2		0.155397
90.3		0.155397
90.4		0.155397
90.5		0.155397
90.6		0.155397
90.7		0.155397
90.8		0.155397
90.9		0.155397
91		0.155397
91.1		0.155484
91.2		0.155484
91.3		0.155484
91.4		0.155484
91.5		0.155484
91.6		0.155484
91.7		0.155484
91.8		0.155484
91.9		0.155484
92		0.155484
92.1		0.15956
92.2		0.15956
92.3		0.15956
92.4		0.15956
92.5		0.15956
92.6		0.15956
92.7		0.15956
92.8		0.15956
92.9		0.15956
93		0.15956
93.1		0.160656
93.2		0.160656
93.3		0.160656
93.4		0.160656
93.5		0.160656
93.6		0.160656
93.7		0.160656
93.8		0.160656
93.9		0.160656
94		0.160656
94.1		0.160831
94.2		0.160831
94.3		0.160831
94.4		0.160831
94.5		0.160831
94.6		0.160831
94.7		0.160831
94.8		0.160831
94.9		0.160831
95		0.160831
95.1		0.163767
95.2		0.163767
95.3		0.163767
95.4		0.163767
95.5		0.163767
95.6		0.163767
95.7		0.163767
95.8		0.163767
95.9		0.163767
96		0.163767
96.1		0.170647
96.2		0.170647
96.3		0.170647
96.4		0.170647
96.5		0.170647
96.6		0.170647
96.7		0.170647
96.8		0.170647
96.9		0.170647
97		0.170647
97.1		0.17091
97.2		0.17091
97.3		0.17091
97.4		0.17091
97.5		0.17091
97.6		0.17091
97.7		0.17091
97.8		0.17091
97.9		0.17091
98		0.17091
98.1		0.171261
98.2		0.171261
98.3		0.171261
98.4		0.171261
98.5		0.171261
98.6		0.171261
98.7		0.171261
98.8		0.171261
98.9		0.171261
99		0.171261
99.1		0.171699
99.2		0.171699
99.3		0.171699
99.4		0.171699
99.5		0.171699
99.6		0.171699
99.7		0.171699
99.8		0.171699
99.9		0.171699
100		0.171699
100.1		0.177265
100.2		0.177265
100.3		0.177265
100.4		0.177265
100.5		0.177265
100.6		0.177265
100.7		0.177265
100.8		0.177265
100.9		0.177265
101		0.177265
101.1		0.177352
101.2		0.177352
101.3		0.177352
101.4		0.177352
101.5		0.177352
101.6		0.177352
101.7		0.177352
101.8		0.177352
101.9		0.177352
102		0.177352
102.1		0.180332
102.2		0.180332
102.3		0.180332
102.4		0.180332
102.5		0.180332
102.6		0.180332
102.7		0.180332
102.8		0.180332
102.9		0.180332
103		0.180332
103.1		0.18099
103.2		0.18099
103.3		0.18099
103.4		0.18099
103.5		0.18099
103.6		0.18099
103.7		0.18099
103.8		0.18099
103.9		0.18099
104		0.18099
104.1		0.181252
104.2		0.181252
104.3		0.181252
104.4		0.181252
104.5		0.181252
104.6		0.181252
104.7		0.181252
104.8		0.181252
104.9		0.181252
105		0.181252
105.1		0.1873
105.2		0.1873
105.3		0.1873
105.4		0.1873
105.5		0.1873
105.6		0.1873
105.7		0.1873
105.8		0.1873
105.9		0.1873
106		0.1873
106.1		0.188527
106.2		0.188527
106.3		0.188527
106.4		0.188527
106.5		0.188527
106.6		0.188527
106.7		0.188527
106.8		0.188527
106.9		0.188527
107		0.188527
107.1		0.189754
107.2		0.189754
107.3		0.189754
107.4		0.189754
107.5		0.189754
107.6		0.189754
107.7		0.189754
107.8		0.189754
107.9		0.189754
108		0.189754
108.1		0.192603
108.2		0.192603
108.3		0.192603
108.4		0.192603
108.5		0.192603
108.6		0.192603
108.7		0.192603
108.8		0.192603
108.9		0.192603
109		0.192603
109.1		0.193523
109.2		0.193523
109.3		0.193523
109.4		0.193523
109.5		0.193523
109.6		0.193523
109.7		0.193523
109.8		0.193523
109.9		0.193523
110		0.193523
110.1		0.199132
110.2		0.199132
110.3		0.199132
110.4		0.199132
110.5		0.199132
110.6		0.199132
110.7		0.199132
110.8		0.199132
110.9		0.199132
111		0.199132
111.1		0.200096
111.2		0.200096
111.3		0.200096
111.4		0.200096
111.5		0.200096
111.6		0.200096
111.7		0.200096
111.8		0.200096
111.9		0.200096
112		0.200096
112.1		0.201192
112.2		0.201192
112.3		0.201192
112.4		0.201192
112.5		0.201192
112.6		0.201192
112.7		0.201192
112.8		0.201192
112.9		0.201192
113		0.201192
113.1		0.201411
113.2		0.201411
113.3		0.201411
113.4		0.201411
113.5		0.201411
113.6		0.201411
113.7		0.201411
113.8		0.201411
113.9		0.201411
114		0.201411
114.1		0.207897
114.2		0.207897
114.3		0.207897
114.4		0.207897
114.5		0.207897
114.6		0.207897
114.7		0.207897
114.8		0.207897
114.9		0.207897
115		0.207897
115.1		0.209212
115.2		0.209212
115.3		0.209212
115.4		0.209212
115.5		0.209212
115.6		0.209212
115.7		0.209212
115.8		0.209212
115.9		0.209212
116		0.209212
116.1		0.210307
116.2		0.210307
116.3		0.210307
116.4		0.210307
116.5		0.210307
116.6		0.210307
116.7		0.210307
116.8		0.210307
116.9		0.210307
117		0.210307
117.1		0.211447
117.2		0.211447
117.3		0.211447
117.4		0.211447
117.5		0.211447
117.6		0.211447
117.7		0.211447
117.8		0.211447
117.9		0.211447
118		0.211447
118.1		0.216092
118.2		0.216092
118.3		0.216092
118.4		0.216092
118.5		0.216092
118.6		0.216092
118.7		0.216092
118.8		0.216092
118.9		0.216092
119		0.216092
119.1		0.216574
119.2		0.216574
119.3		0.216574
119.4		0.216574
119.5		0.216574
119.6		0.216574
119.7		0.216574
119.8		0.216574
119.9		0.216574
120		0.216574
120.1		0.218239
120.2		0.218239
120.3		0.218239
120.4		0.218239
120.5		0.218239
120.6		0.218239
120.7		0.218239
120.8		0.218239
120.9		0.218239
121		0.218239
121.1		0.222139
121.2		0.222139
121.3		0.222139
121.4		0.222139
121.5		0.222139
121.6		0.222139
121.7		0.222139
121.8		0.222139
121.9		0.222139
122		0.222139
122.1		0.222709
122.2		0.222709
122.3		0.222709
122.4		0.222709
122.5		0.222709
122.6		0.222709
122.7		0.222709
122.8		0.222709
122.9		0.222709
123		0.222709
123.1		0.223629
123.2		0.223629
123.3		0.223629
123.4		0.223629
123.5		0.223629
123.6		0.223629
123.7		0.223629
123.8		0.223629
123.9		0.223629
124		0.223629
124.1		0.225076
124.2		0.225076
124.3		0.225076
124.4		0.225076
124.5		0.225076
124.6		0.225076
124.7		0.225076
124.8		0.225076
124.9		0.225076
125		0.225076
125.1		0.228056
125.2		0.228056
125.3		0.228056
125.4		0.228056
125.5		0.228056
125.6		0.228056
125.7		0.228056
125.8		0.228056
125.9		0.228056
126		0.228056
126.1		0.229458
126.2		0.229458
126.3		0.229458
126.4		0.229458
126.5		0.229458
126.6		0.229458
126.7		0.229458
126.8		0.229458
126.9		0.229458
127		0.229458
127.1		0.233753
127.2		0.233753
127.3		0.233753
127.4		0.233753
127.5		0.233753
127.6		0.233753
127.7		0.233753
127.8		0.233753
127.9		0.233753
128		0.233753
128.1		0.234454
128.2		0.234454
128.3		0.234454
128.4		0.234454
128.5		0.234454
128.6		0.234454
128.7		0.234454
128.8		0.234454
128.9		0.234454
129		0.234454
129.1		0.235374
129.2		0.235374
129.3		0.235374
129.4		0.235374
129.5		0.235374
129.6		0.235374
129.7		0.235374
129.8		0.235374
129.9		0.235374
130		0.235374
130.1		0.237302
130.2		0.237302
130.3		0.237302
130.4		0.237302
130.5		0.237302
130.6		0.237302
130.7		0.237302
130.8		0.237302
130.9		0.237302
131		0.237302
131.1		0.240326
131.2		0.240326
131.3		0.240326
131.4		0.240326
131.5		0.240326
131.6		0.240326
131.7		0.240326
131.8		0.240326
131.9		0.240326
132		0.240326
132.1		0.242035
132.2		0.242035
132.3		0.242035
132.4		0.242035
132.5		0.242035
132.6		0.242035
132.7		0.242035
132.8		0.242035
132.9		0.242035
133		0.242035
133.1		0.245366
133.2		0.245366
133.3		0.245366
133.4		0.245366
133.5		0.245366
133.6		0.245366
133.7		0.245366
133.8		0.245366
133.9		0.245366
134		0.245366
134.1		0.246374
134.2		0.246374
134.3		0.246374
134.4		0.246374
134.5		0.246374
134.6		0.246374
134.7		0.246374
134.8		0.246374
134.9		0.246374
135		0.246374
135.1		0.248258
135.2		0.248258
135.3		0.248258
135.4		0.248258
135.5		0.248258
135.6		0.248258
135.7		0.248258
135.8		0.248258
135.9		0.248258
136		0.248258
136.1		0.250055
136.2		0.250055
136.3		0.250055
136.4		0.250055
136.5		0.250055
136.6		0.250055
136.7		0.250055
136.8		0.250055
136.9		0.250055
137		0.250055
137.1		0.253342
137.2		0.253342
137.3		0.253342
137.4		0.253342
137.5		0.253342
137.6		0.253342
137.7		0.253342
137.8		0.253342
137.9		0.253342
138		0.253342
138.1		0.254349
138.2		0.254349
138.3		0.254349
138.4		0.254349
138.5		0.254349
138.6		0.254349
138.7		0.254349
138.8		0.254349
138.9		0.254349
139		0.254349
139.1		0.258074
139.2		0.258074
139.3		0.258074
139.4		0.258074
139.5		0.258074
139.6		0.258074
139.7		0.258074
139.8		0.258074
139.9		0.258074
140		0.258074
140.1		0.259433
140.2		0.259433
140.3		0.259433
140.4		0.259433
140.5		0.259433
140.6		0.259433
140.7		0.259433
140.8		0.259433
140.9		0.259433
141		0.259433
141.1		0.259696
141.2		0.259696
141.3		0.259696
141.4		0.259696
141.5		0.259696
141.6		0.259696
141.7		0.259696
141.8		0.259696
141.9		0.259696
142		0.259696
142.1		0.260003
142.2		0.260003
142.3		0.260003
142.4		0.260003
142.5		0.260003
142.6		0.260003
142.7		0.260003
142.8		0.260003
142.9		0.260003
143		0.260003
143.1		0.263377
143.2		0.263377
143.3		0.263377
143.4		0.263377
143.5		0.263377
143.6		0.263377
143.7		0.263377
143.8		0.263377
143.9		0.263377
144		0.263377
144.1		0.266401
144.2		0.266401
144.3		0.266401
144.4		0.266401
144.5		0.266401
144.6		0.266401
144.7		0.266401
144.8		0.266401
144.9		0.266401
145		0.266401
145.1		0.26662
145.2		0.26662
145.3		0.26662
145.4		0.26662
145.5		0.26662
145.6		0.26662
145.7		0.26662
145.8		0.26662
145.9		0.26662
146		0.26662
146.1		0.26995
146.2		0.26995
146.3		0.26995
146.4		0.26995
146.5		0.26995
146.6		0.26995
146.7		0.26995
146.8		0.26995
146.9		0.26995
147		0.26995
147.1		0.271134
147.2		0.271134
147.3		0.271134
147.4		0.271134
147.5		0.271134
147.6		0.271134
147.7		0.271134
147.8		0.271134
147.9		0.271134
148		0.271134
148.1		0.275867
148.2		0.275867
148.3		0.275867
148.4		0.275867
148.5		0.275867
148.6		0.275867
148.7		0.275867
148.8		0.275867
148.9		0.275867
149		0.275867
149.1		0.276524
149.2		0.276524
149.3		0.276524
149.4		0.276524
149.5		0.276524
149.6		0.276524
149.7		0.276524
149.8		0.276524
149.9		0.276524
150		0.276524
150.1		0.277094
150.2		0.277094
150.3		0.277094
150.4		0.277094
150.5		0.277094
150.6		0.277094
150.7		0.277094
150.8		0.277094
150.9		0.277094
151		0.277094
151.1		0.278715
151.2		0.278715
151.3		0.278715
151.4		0.278715
151.5		0.278715
151.6		0.278715
151.7		0.278715
151.8		0.278715
151.9		0.278715
152		0.278715
152.1		0.283054
152.2		0.283054
152.3		0.283054
152.4		0.283054
152.5		0.283054
152.6		0.283054
152.7		0.283054
152.8		0.283054
152.9		0.283054
153		0.283054
153.1		0.283273
153.2		0.283273
153.3		0.283273
153.4		0.283273
153.5		0.283273
153.6		0.283273
153.7		0.283273
153.8		0.283273
153.9		0.283273
154		0.283273
154.1		0.286472
154.2		0.286472
154.3		0.286472
154.4		0.286472
154.5		0.286472
154.6		0.286472
154.7		0.286472
154.8		0.286472
154.9		0.286472
155		0.286472
155.1		0.289846
155.2		0.289846
155.3		0.289846
155.4		0.289846
155.5		0.289846
155.6		0.289846
155.7		0.289846
155.8		0.289846
155.9		0.289846
156		0.289846
156.1		0.29138
156.2		0.29138
156.3		0.29138
156.4		0.29138
156.5		0.29138
156.6		0.29138
156.7		0.29138
156.8		0.29138
156.9		0.29138
157		0.29138
157.1		0.291555
157.2		0.291555
157.3		0.291555
157.4		0.291555
157.5		0.291555
157.6		0.291555
157.7		0.291555
157.8		0.291555
157.9		0.291555
158		0.291555
158.1		0.293527
158.2		0.293527
158.3		0.293527
158.4		0.293527
158.5		0.293527
158.6		0.293527
158.7		0.293527
158.8		0.293527
158.9		0.293527
159		0.293527
159.1		0.294053
159.2		0.294053
159.3		0.294053
159.4		0.294053
159.5		0.294053
159.6		0.294053
159.7		0.294053
159.8		0.294053
159.9		0.294053
160		0.294053
160.1		0.300451
160.2		0.300451
160.3		0.300451
160.4		0.300451
160.5		0.300451
160.6		0.300451
160.7		0.300451
160.8		0.300451
160.9		0.300451
161		0.300451
161.1		0.300583
161.2		0.300583
161.3		0.300583
161.4		0.300583
161.5		0.300583
161.6		0.300583
161.7		0.300583
161.8		0.300583
161.9		0.300583
162		0.300583
162.1		0.300933
162.2		0.300933
162.3		0.300933
162.4		0.300933
162.5		0.300933
162.6		0.300933
162.7		0.300933
162.8		0.300933
162.9		0.300933
163		0.300933
163.1		0.303519
163.2		0.303519
163.3		0.303519
163.4		0.303519
163.5		0.303519
163.6		0.303519
163.7		0.303519
163.8		0.303519
163.9		0.303519
164		0.303519
164.1		0.307156
164.2		0.307156
164.3		0.307156
164.4		0.307156
164.5		0.307156
164.6		0.307156
164.7		0.307156
164.8		0.307156
164.9		0.307156
165		0.307156
165.1		0.30777
165.2		0.30777
165.3		0.30777
165.4		0.30777
165.5		0.30777
165.6		0.30777
165.7		0.30777
165.8		0.30777
165.9		0.30777
166		0.30777
166.1		0.310531
166.2		0.310531
166.3		0.310531
166.4		0.310531
166.5		0.310531
166.6		0.310531
166.7		0.310531
166.8		0.310531
166.9		0.310531
167		0.310531
167.1		0.31075
167.2		0.31075
167.3		0.31075
167.4		0.31075
167.5		0.31075
167.6		0.31075
167.7		0.31075
167.8		0.31075
167.9		0.31075
168		0.31075
168.1		0.31373
168.2		0.31373
168.3		0.31373
168.4		0.31373
168.5		0.31373
168.6		0.31373
168.7		0.31373
168.8		0.31373
168.9		0.31373
169		0.31373
169.1		0.316184
169.2		0.316184
169.3		0.316184
169.4		0.316184
169.5		0.316184
169.6		0.316184
169.7		0.316184
169.8		0.316184
169.9		0.316184
170		0.316184
170.1		0.316447
170.2		0.316447
170.3		0.316447
170.4		0.316447
170.5		0.316447
170.6		0.316447
170.7		0.316447
170.8		0.316447
170.9		0.316447
171		0.316447
171.1		0.317455
171.2		0.317455
171.3		0.317455
171.4		0.317455
171.5		0.317455
171.6		0.317455
171.7		0.317455
171.8		0.317455
171.9		0.317455
172		0.317455
172.1		0.322144
172.2		0.322144
172.3		0.322144
172.4		0.322144
172.5		0.322144
172.6		0.322144
172.7		0.322144
172.8		0.322144
172.9		0.322144
173		0.322144
173.1		0.323941
173.2		0.323941
173.3		0.323941
173.4		0.323941
173.5		0.323941
173.6		0.323941
173.7		0.323941
173.8		0.323941
173.9		0.323941
174		0.323941
174.1		0.324247
174.2		0.324247
174.3		0.324247
174.4		0.324247
174.5		0.324247
174.6		0.324247
174.7		0.324247
174.8		0.324247
174.9		0.324247
175		0.324247
175.1		0.325255
175.2		0.325255
175.3		0.325255
175.4		0.325255
175.5		0.325255
175.6		0.325255
175.7		0.325255
175.8		0.325255
175.9		0.325255
176		0.325255
176.1		0.328936
176.2		0.328936
176.3		0.328936
176.4		0.328936
176.5		0.328936
176.6		0.328936
176.7		0.328936
176.8		0.328936
176.9		0.328936
177		0.328936
177.1		0.333363
177.2		0.333363
177.3		0.333363
177.4		0.333363
177.5		0.333363
177.6		0.333363
177.7		0.333363
177.8		0.333363
177.9		0.333363
178		0.333363
178.1		0.334414
178.2		0.334414
178.3		0.334414
178.4		0.334414
178.5		0.334414
178.6		0.334414
178.7		0.334414
178.8		0.334414
178.9		0.334414
179		0.334414
179.1		0.336299
179.2		0.336299
179.3		0.336299
179.4		0.336299
179.5		0.336299
179.6		0.336299
179.7		0.336299
179.8		0.336299
179.9		0.336299
180		0.336299
180.1		0.338534
180.2		0.338534
180.3		0.338534
180.4		0.338534
180.5		0.338534
180.6		0.338534
180.7		0.338534
180.8		0.338534
180.9		0.338534
181		0.338534
181.1		0.34055
181.2		0.34055
181.3		0.34055
181.4		0.34055
181.5		0.34055
181.6		0.34055
181.7		0.34055
181.8		0.34055
181.9		0.34055
182		0.34055
182.1		0.341207
182.2		0.341207
182.3		0.341207
182.4		0.341207
182.5		0.341207
182.6		0.341207
182.7		0.341207
182.8		0.341207
182.9		0.341207
183		0.341207
183.1		0.344669
183.2		0.344669
183.3		0.344669
183.4		0.344669
183.5		0.344669
183.6		0.344669
183.7		0.344669
183.8		0.344669
183.9		0.344669
184		0.344669
184.1		0.345852
184.2		0.345852
184.3		0.345852
184.4		0.345852
184.5		0.345852
184.6		0.345852
184.7		0.345852
184.8		0.345852
184.9		0.345852
185		0.345852
185.1		0.349709
185.2		0.349709
185.3		0.349709
185.4		0.349709
185.5		0.349709
185.6		0.349709
185.7		0.349709
185.8		0.349709
185.9		0.349709
186		0.349709
186.1		0.350454
186.2		0.350454
186.3		0.350454
186.4		0.350454
186.5		0.350454
186.6		0.350454
186.7		0.350454
186.8		0.350454
186.9		0.350454
187		0.350454
187.1		0.351242
187.2		0.351242
187.3		0.351242
187.4		0.351242
187.5		0.351242
187.6		0.351242
187.7		0.351242
187.8		0.351242
187.9		0.351242
188		0.351242
188.1		0.3519
188.2		0.3519
188.3		0.3519
188.4		0.3519
188.5		0.3519
188.6		0.3519
188.7		0.3519
188.8		0.3519
188.9		0.3519
189		0.3519
189.1		0.355975
189.2		0.355975
189.3		0.355975
189.4		0.355975
189.5		0.355975
189.6		0.355975
189.7		0.355975
189.8		0.355975
189.9		0.355975
190		0.355975
190.1		0.358298
190.2		0.358298
190.3		0.358298
190.4		0.358298
190.5		0.358298
190.6		0.358298
190.7		0.358298
190.8		0.358298
190.9		0.358298
191		0.358298
191.1		0.361541
191.2		0.361541
191.3		0.361541
191.4		0.361541
191.5		0.361541
191.6		0.361541
191.7		0.361541
191.8		0.361541
191.9		0.361541
192		0.361541
192.1		0.361979
192.2		0.361979
192.3		0.361979
192.4		0.361979
192.5		0.361979
192.6		0.361979
192.7		0.361979
192.8		0.361979
192.9		0.361979
193		0.361979
193.1		0.363513
193.2		0.363513
193.3		0.363513
193.4		0.363513
193.5		0.363513
193.6		0.363513
193.7		0.363513
193.8		0.363513
193.9		0.363513
194		0.363513
194.1		0.36956
194.2		0.36956
194.3		0.36956
194.4		0.36956
194.5		0.36956
194.6		0.36956
194.7		0.36956
194.8		0.36956
194.9		0.36956
195		0.36956
195.1		0.369955
195.2		0.369955
195.3		0.369955
195.4		0.369955
195.5		0.369955
195.6		0.369955
195.7		0.369955
195.8		0.369955
195.9		0.369955
196		0.369955
196.1		0.370174
196.2		0.370174
196.3		0.370174
196.4		0.370174
196.5		0.370174
196.6		0.370174
196.7		0.370174
196.8		0.370174
196.9		0.370174
197		0.370174
197.1		0.372277
197.2		0.372277
197.3		0.372277
197.4		0.372277
197.5		0.372277
197.6		0.372277
197.7		0.372277
197.8		0.372277
197.9		0.372277
198		0.372277
198.1		0.372584
198.2		0.372584
198.3		0.372584
198.4		0.372584
198.5		0.372584
198.6		0.372584
198.7		0.372584
198.8		0.372584
198.9		0.372584
199		0.372584
199.1		0.378325
199.2		0.378325
199.3		0.378325
199.4		0.378325
199.5		0.378325
199.6		0.378325
199.7		0.378325
199.8		0.378325
199.9		0.378325
200		0.378325
200.1		0.378982
200.2		0.378982
200.3		0.378982
200.4		0.378982
200.5		0.378982
200.6		0.378982
200.7		0.378982
200.8		0.378982
200.9		0.378982
201		0.378982
201.1		0.381831
201.2		0.381831
201.3		0.381831
201.4		0.381831
201.5		0.381831
201.6		0.381831
201.7		0.381831
201.8		0.381831
201.9		0.381831
202		0.381831
202.1		0.383759
202.2		0.383759
202.3		0.383759
202.4		0.383759
202.5		0.383759
202.6		0.383759
202.7		0.383759
202.8		0.383759
202.9		0.383759
203		0.383759
203.1		0.383934
203.2		0.383934
203.3		0.383934
203.4		0.383934
203.5		0.383934
203.6		0.383934
203.7		0.383934
203.8		0.383934
203.9		0.383934
204		0.383934
204.1		0.387177
204.2		0.387177
204.3		0.387177
204.4		0.387177
204.5		0.387177
204.6		0.387177
204.7		0.387177
204.8		0.387177
204.9		0.387177
205		0.387177
205.1		0.390508
205.2		0.390508
205.3		0.390508
205.4		0.390508
205.5		0.390508
205.6		0.390508
205.7		0.390508
205.8		0.390508
205.9		0.390508
206		0.390508
206.1		0.39156
206.2		0.39156
206.3		0.39156
206.4		0.39156
206.5		0.39156
206.6		0.39156
206.7		0.39156
206.8		0.39156
206.9		0.39156
207		0.39156
207.1		0.392042
207.2		0.392042
207.3		0.392042
207.4		0.392042
207.5		0.392042
207.6		0.392042
207.7		0.392042
207.8		0.392042
207.9		0.392042
208		0.392042
208.1		0.395285
208.2		0.395285
208.3		0.395285
208.4		0.395285
208.5		0.395285
208.6		0.395285
208.7		0.395285
208.8		0.395285
208.9		0.395285
209		0.395285
209.1		0.397432
209.2		0.397432
209.3		0.397432
209.4		0.397432
209.5		0.397432
209.6		0.397432
209.7		0.397432
209.8		0.397432
209.9		0.397432
210		0.397432
210.1		0.400456
210.2		0.400456
210.3		0.400456
210.4		0.400456
210.5		0.400456
210.6		0.400456
210.7		0.400456
210.8		0.400456
210.9		0.400456
211		0.400456
211.1		0.401858
211.2		0.401858
211.3		0.401858
211.4		0.401858
211.5		0.401858
211.6		0.401858
211.7		0.401858
211.8		0.401858
211.9		0.401858
212		0.401858
212.1		0.403392
212.2		0.403392
212.3		0.403392
212.4		0.403392
212.5		0.403392
212.6		0.403392
212.7		0.403392
212.8		0.403392
212.9		0.403392
213		0.403392
213.1		0.405539
213.2		0.405539
213.3		0.405539
213.4		0.405539
213.5		0.405539
213.6		0.405539
213.7		0.405539
213.8		0.405539
213.9		0.405539
214		0.405539
214.1		0.407073
214.2		0.407073
214.3		0.407073
214.4		0.407073
214.5		0.407073
214.6		0.407073
214.7		0.407073
214.8		0.407073
214.9		0.407073
215		0.407073
215.1		0.409659
215.2		0.409659
215.3		0.409659
215.4		0.409659
215.5		0.409659
215.6		0.409659
215.7		0.409659
215.8		0.409659
215.9		0.409659
216		0.409659
216.1		0.412595
216.2		0.412595
216.3		0.412595
216.4		0.412595
216.5		0.412595
216.6		0.412595
216.7		0.412595
216.8		0.412595
216.9		0.412595
217		0.412595
217.1		0.414304
217.2		0.414304
217.3		0.414304
217.4		0.414304
217.5		0.414304
217.6		0.414304
217.7		0.414304
217.8		0.414304
217.9		0.414304
218		0.414304
218.1		0.415137
218.2		0.415137
218.3		0.415137
218.4		0.415137
218.5		0.415137
218.6		0.415137
218.7		0.415137
218.8		0.415137
218.9		0.415137
219		0.415137
219.1		0.417196
219.2		0.417196
219.3		0.417196
219.4		0.417196
219.5		0.417196
219.6		0.417196
219.7		0.417196
219.8		0.417196
219.9		0.417196
220		0.417196
220.1		0.422148
220.2		0.422148
220.3		0.422148
220.4		0.422148
220.5		0.422148
220.6		0.422148
220.7		0.422148
220.8		0.422148
220.9		0.422148
221		0.422148
221.1		0.423068
221.2		0.423068
221.3		0.423068
221.4		0.423068
221.5		0.423068
221.6		0.423068
221.7		0.423068
221.8		0.423068
221.9		0.423068
222		0.423068
222.1		0.423244
222.2		0.423244
222.3		0.423244
222.4		0.423244
222.5		0.423244
222.6		0.423244
222.7		0.423244
222.8		0.423244
222.9		0.423244
223		0.423244
223.1		0.425041
223.2		0.425041
223.3		0.425041
223.4		0.425041
223.5		0.425041
223.6		0.425041
223.7		0.425041
223.8		0.425041
223.9		0.425041
224		0.425041
224.1		0.430168
224.2		0.430168
224.3		0.430168
224.4		0.430168
224.5		0.430168
224.6		0.430168
224.7		0.430168
224.8		0.430168
224.9		0.430168
225		0.430168
225.1		0.431044
225.2		0.431044
225.3		0.431044
225.4		0.431044
225.5		0.431044
225.6		0.431044
225.7		0.431044
225.8		0.431044
225.9		0.431044
226		0.431044
226.1		0.431263
226.2		0.431263
226.3		0.431263
226.4		0.431263
226.5		0.431263
226.6		0.431263
226.7		0.431263
226.8		0.431263
226.9		0.431263
227		0.431263
227.1		0.433586
227.2		0.433586
227.3		0.433586
227.4		0.433586
227.5		0.433586
227.6		0.433586
227.7		0.433586
227.8		0.433586
227.9		0.433586
228		0.433586
228.1		0.436259
228.2		0.436259
228.3		0.436259
228.4		0.436259
228.5		0.436259
228.6		0.436259
228.7		0.436259
228.8		0.436259
228.9		0.436259
229		0.436259
229.1		0.438626
229.2		0.438626
229.3		0.438626
229.4		0.438626
229.5		0.438626
229.6		0.438626
229.7		0.438626
229.8		0.438626
229.9		0.438626
230		0.438626
230.1		0.441474
230.2		0.441474
230.3		0.441474
230.4		0.441474
230.5		0.441474
230.6		0.441474
230.7		0.441474
230.8		0.441474
230.9		0.441474
231		0.441474
231.1		0.442526
231.2		0.442526
231.3		0.442526
231.4		0.442526
231.5		0.442526
231.6		0.442526
231.7		0.442526
231.8		0.442526
231.9		0.442526
232		0.442526
232.1		0.442657
232.2		0.442657
232.3		0.442657
232.4		0.442657
232.5		0.442657
232.6		0.442657
232.7		0.442657
232.8		0.442657
232.9		0.442657
233		0.442657
233.1		0.44555
233.2		0.44555
233.3		0.44555
233.4		0.44555
233.5		0.44555
233.6		0.44555
233.7		0.44555
233.8		0.44555
233.9		0.44555
234		0.44555
234.1		0.447697
234.2		0.447697
234.3		0.447697
234.4		0.447697
234.5		0.447697
234.6		0.447697
234.7		0.447697
234.8		0.447697
234.9		0.447697
235		0.447697
235.1		0.450502
235.2		0.450502
235.3		0.450502
235.4		0.450502
235.5		0.450502
235.6		0.450502
235.7		0.450502
235.8		0.450502
235.9		0.450502
236		0.450502
236.1		0.452605
236.2		0.452605
236.3		0.452605
236.4		0.452605
236.5		0.452605
236.6		0.452605
236.7		0.452605
236.8		0.452605
236.9		0.452605
237		0.452605
237.1		0.453745
237.2		0.453745
237.3		0.453745
237.4		0.453745
237.5		0.453745
237.6		0.453745
237.7		0.453745
237.8		0.453745
237.9		0.453745
238		0.453745
238.1		0.457601
238.2		0.457601
238.3		0.457601
238.4		0.457601
238.5		0.457601
238.6		0.457601
238.7		0.457601
238.8		0.457601
238.9		0.457601
239		0.457601
239.1		0.459968
239.2		0.459968
239.3		0.459968
239.4		0.459968
239.5		0.459968
239.6		0.459968
239.7		0.459968
239.8		0.459968
239.9		0.459968
240		0.459968
240.1		0.460187
240.2		0.460187
240.3		0.460187
240.4		0.460187
240.5		0.460187
240.6		0.460187
240.7		0.460187
240.8		0.460187
240.9		0.460187
241		0.460187
241.1		0.461983
241.2		0.461983
241.3		0.461983
241.4		0.461983
241.5		0.461983
241.6		0.461983
241.7		0.461983
241.8		0.461983
241.9		0.461983
242		0.461983
242.1		0.462597
242.2		0.462597
242.3		0.462597
242.4		0.462597
242.5		0.462597
242.6		0.462597
242.7		0.462597
242.8		0.462597
242.9		0.462597
243		0.462597
243.1		0.466322
243.2		0.466322
243.3		0.466322
243.4		0.466322
243.5		0.466322
243.6		0.466322
243.7		0.466322
243.8		0.466322
243.9		0.466322
244		0.466322
244.1		0.467812
244.2		0.467812
244.3		0.467812
244.4		0.467812
244.5		0.467812
244.6		0.467812
244.7		0.467812
244.8		0.467812
244.9		0.467812
245		0.467812
245.1		0.470354
245.2		0.470354
245.3		0.470354
245.4		0.470354
245.5		0.470354
245.6		0.470354
245.7		0.470354
245.8		0.470354
245.9		0.470354
246		0.470354
246.1		0.472413
246.2		0.472413
246.3		0.472413
246.4		0.472413
246.5		0.472413
246.6		0.472413
246.7		0.472413
246.8		0.472413
246.9		0.472413
247		0.472413
247.1		0.472501
247.2		0.472501
247.3		0.472501
247.4		0.472501
247.5		0.472501
247.6		0.472501
247.7		0.472501
247.8		0.472501
247.9		0.472501
248		0.472501
248.1		0.475262
248.2		0.475262
248.3		0.475262
248.4		0.475262
248.5		0.475262
248.6		0.475262
248.7		0.475262
248.8		0.475262
248.9		0.475262
249		0.475262
249.1		0.476051
249.2		0.476051
249.3		0.476051
249.4		0.476051
249.5		0.476051
249.6		0.476051
249.7		0.476051
249.8		0.476051
249.9		0.476051
250		0.476051
250.1		0.482756
250.2		0.482756
250.3		0.482756
250.4		0.482756
250.5		0.482756
250.6		0.482756
250.7		0.482756
250.8		0.482756
250.9		0.482756
251		0.482756
251.1		0.483544
251.2		0.483544
251.3		0.483544
251.4		0.483544
251.5		0.483544
251.6		0.483544
251.7		0.483544
251.8		0.483544
251.9		0.483544
252		0.483544
252.1		0.483851
252.2		0.483851
252.3		0.483851
252.4		0.483851
252.5		0.483851
252.6		0.483851
252.7		0.483851
252.8		0.483851
252.9		0.483851
253		0.483851
253.1		0.485429
253.2		0.485429
253.3		0.485429
253.4		0.485429
253.5		0.485429
253.6		0.485429
253.7		0.485429
253.8		0.485429
253.9		0.485429
254		0.485429
254.1		0.492178
254.2		0.492178
254.3		0.492178
254.4		0.492178
254.5		0.492178
254.6		0.492178
254.7		0.492178
254.8		0.492178
254.9		0.492178
255		0.492178
255.1		0.492528
255.2		0.492528
255.3		0.492528
255.4		0.492528
255.5		0.492528
255.6		0.492528
255.7		0.492528
255.8		0.492528
255.9		0.492528
256		0.492528
256.1		0.494062
256.2		0.494062
256.3		0.494062
256.4		0.494062
256.5		0.494062
256.6		0.494062
256.7		0.494062
256.8		0.494062
256.9		0.494062
257		0.494062
257.1		0.494237
257.2		0.494237
257.3		0.494237
257.4		0.494237
257.5		0.494237
257.6		0.494237
257.7		0.494237
257.8		0.494237
257.9		0.494237
258		0.494237
258.1		0.499365
258.2		0.499365
258.3		0.499365
258.4		0.499365
258.5		0.499365
258.6		0.499365
258.7		0.499365
258.8		0.499365
258.9		0.499365
259		0.499365
259.1		0.499584
259.2		0.499584
259.3		0.499584
259.4		0.499584
259.5		0.499584
259.6		0.499584
259.7		0.499584
259.8		0.499584
259.9		0.499584
260		0.499584
260.1		0.500241
260.2		0.500241
260.3		0.500241
260.4		0.500241
260.5		0.500241
260.6		0.500241
260.7		0.500241
260.8		0.500241
260.9		0.500241
261		0.500241
261.1		0.504097
261.2		0.504097
261.3		0.504097
261.4		0.504097
261.5		0.504097
261.6		0.504097
261.7		0.504097
261.8		0.504097
261.9		0.504097
262		0.504097
262.1		0.506289
262.2		0.506289
262.3		0.506289
262.4		0.506289
262.5		0.506289
262.6		0.506289
262.7		0.506289
262.8		0.506289
262.9		0.506289
263		0.506289
263.1		0.506289
263.2		0.506289
263.3		0.506289
263.4		0.506289
263.5		0.506289
263.6		0.506289
263.7		0.506289
263.8		0.506289
263.9		0.506289
264		0.506289
264.1		0.510539
264.2		0.510539
264.3		0.510539
264.4		0.510539
264.5		0.510539
264.6		0.510539
264.7		0.510539
264.8		0.510539
264.9		0.510539
265		0.510539
265.1		0.512073
265.2		0.512073
265.3		0.512073
265.4		0.512073
265.5		0.512073
265.6		0.512073
265.7		0.512073
265.8		0.512073
265.9		0.512073
266		0.512073
266.1		0.514177
266.2		0.514177
266.3		0.514177
266.4		0.514177
266.5		0.514177
266.6		0.514177
266.7		0.514177
266.8		0.514177
266.9		0.514177
267		0.514177
267.1		0.515974
267.2		0.515974
267.3		0.515974
267.4		0.515974
267.5		0.515974
267.6		0.515974
267.7		0.515974
267.8		0.515974
267.9		0.515974
268		0.515974
268.1		0.516762
268.2		0.516762
268.3		0.516762
268.4		0.516762
268.5		0.516762
268.6		0.516762
268.7		0.516762
268.8		0.516762
268.9		0.516762
269		0.516762
269.1		0.521933
269.2		0.521933
269.3		0.521933
269.4		0.521933
269.5		0.521933
269.6		0.521933
269.7		0.521933
269.8		0.521933
269.9		0.521933
270		0.521933
270.1		0.522722
270.2		0.522722
270.3		0.522722
270.4		0.522722
270.5		0.522722
270.6		0.522722
270.7		0.522722
270.8		0.522722
270.9		0.522722
271		0.522722
271.1		0.52338
271.2		0.52338
271.3		0.52338
271.4		0.52338
271.5		0.52338
271.6		0.52338
271.7		0.52338
271.8		0.52338
271.9		0.52338
272		0.52338
272.1		0.52636
272.2		0.52636
272.3		0.52636
272.4		0.52636
272.5		0.52636
272.6		0.52636
272.7		0.52636
272.8		0.52636
272.9		0.52636
273		0.52636
273.1		0.5282
273.2		0.5282
273.3		0.5282
273.4		0.5282
273.5		0.5282
273.6		0.5282
273.7		0.5282
273.8		0.5282
273.9		0.5282
274		0.5282
274.1		0.529997
274.2		0.529997
274.3		0.529997
274.4		0.529997
274.5		0.529997
274.6		0.529997
274.7		0.529997
274.8		0.529997
274.9		0.529997
275		0.529997
275.1		0.531136
275.2		0.531136
275.3		0.531136
275.4		0.531136
275.5		0.531136
275.6		0.531136
275.7		0.531136
275.8		0.531136
275.9		0.531136
276		0.531136
276.1		0.532495
276.2		0.532495
276.3		0.532495
276.4		0.532495
276.5		0.532495
276.6		0.532495
276.7		0.532495
276.8		0.532495
276.9		0.532495
277		0.532495
277.1		0.533503
277.2		0.533503
277.3		0.533503
277.4		0.533503
277.5		0.533503
277.6		0.533503
277.7		0.533503
277.8		0.533503
277.9		0.533503
278		0.533503
278.1		0.534905
278.2		0.534905
278.3		0.534905
278.4		0.534905
278.5		0.534905
278.6		0.534905
278.7		0.534905
278.8		0.534905
278.9		0.534905
279		0.534905
279.1		0.539244
279.2		0.539244
279.3		0.539244
279.4		0.539244
279.5		0.539244
279.6		0.539244
279.7		0.539244
279.8		0.539244
279.9		0.539244
280		0.539244
280.1		0.540602
280.2		0.540602
280.3		0.540602
280.4		0.540602
280.5		0.540602
280.6		0.540602
280.7		0.540602
280.8		0.540602
280.9		0.540602
281		0.540602
281.1		0.542092
281.2		0.542092
281.3		0.542092
281.4		0.542092
281.5		0.542092
281.6		0.542092
281.7		0.542092
281.8		0.542092
281.9		0.542092
282		0.542092
282.1		0.5431
282.2		0.5431
282.3		0.5431
282.4		0.5431
282.5		0.5431
282.6		0.5431
282.7		0.5431
282.8		0.5431
282.9		0.5431
283		0.5431
283.1		0.543757
283.2		0.543757
283.3		0.543757
283.4		0.543757
283.5		0.543757
283.6		0.543757
283.7		0.543757
283.8		0.543757
283.9		0.543757
284		0.543757
284.1		0.550725
284.2		0.550725
284.3		0.550725
284.4		0.550725
284.5		0.550725
284.6		0.550725
284.7		0.550725
284.8		0.550725
284.9		0.550725
285		0.550725
285.1		0.551383
285.2		0.551383
285.3		0.551383
285.4		0.551383
285.5		0.551383
285.6		0.551383
285.7		0.551383
285.8		0.551383
285.9		0.551383
286		0.551383
286.1		0.552478
286.2		0.552478
286.3		0.552478
286.4		0.552478
286.5		0.552478
286.6		0.552478
286.7		0.552478
286.8		0.552478
286.9		0.552478
287		0.552478
287.1		0.558394
287.2		0.558394
287.3		0.558394
287.4		0.558394
287.5		0.558394
287.6		0.558394
287.7		0.558394
287.8		0.558394
287.9		0.558394
288		0.558394
288.1		0.560585
288.2		0.560585
288.3		0.560585
288.4		0.560585
288.5		0.560585
288.6		0.560585
288.7		0.560585
288.8		0.560585
288.9		0.560585
289		0.560585
289.1		0.562689
289.2		0.562689
289.3		0.562689
289.4		0.562689
289.5		0.562689
289.6		0.562689
289.7		0.562689
289.8		0.562689
289.9		0.562689
290		0.562689
290.1		0.563697
290.2		0.563697
290.3		0.563697
290.4		0.563697
290.5		0.563697
290.6		0.563697
290.7		0.563697
290.8		0.563697
290.9		0.563697
291		0.563697
291.1		0.567466
291.2		0.567466
291.3		0.567466
291.4		0.567466
291.5		0.567466
291.6		0.567466
291.7		0.567466
291.8		0.567466
291.9		0.567466
292		0.567466
292.1		0.570314
292.2		0.570314
292.3		0.570314
292.4		0.570314
292.5		0.570314
292.6		0.570314
292.7		0.570314
292.8		0.570314
292.9		0.570314
293		0.570314
293.1		0.57141
293.2		0.57141
293.3		0.57141
293.4		0.57141
293.5		0.57141
293.6		0.57141
293.7		0.57141
293.8		0.57141
293.9		0.57141
294		0.57141
294.1		0.57141
294.2		0.57141
294.3		0.57141
294.4		0.57141
294.5		0.57141
294.6		0.57141
294.7		0.57141
294.8		0.57141
294.9		0.57141
295		0.57141
295.1		0.57141
295.2		0.57141
295.3		0.57141
295.4		0.57141
295.5		0.57141
295.6		0.57141
295.7		0.57141
295.8		0.57141
295.9		0.57141
296		0.57141
296.1		0.573601
296.2		0.573601
296.3		0.573601
296.4		0.573601
296.5		0.573601
296.6		0.573601
296.7		0.573601
296.8		0.573601
296.9		0.573601
297		0.573601
297.1		0.575792
297.2		0.575792
297.3		0.575792
297.4		0.575792
297.5		0.575792
297.6		0.575792
297.7		0.575792
297.8		0.575792
297.9		0.575792
298		0.575792
298.1		0.575967
298.2		0.575967
298.3		0.575967
298.4		0.575967
298.5		0.575967
298.6		0.575967
298.7		0.575967
298.8		0.575967
298.9		0.575967
299		0.575967
299.1		0.57623
299.2		0.57623
299.3		0.57623
299.4		0.57623
299.5		0.57623
299.6		0.57623
299.7		0.57623
299.8		0.57623
299.9		0.57623
300		0.57623
300.1		0.577326
300.2		0.577326
300.3		0.577326
300.4		0.577326
300.5		0.577326
300.6		0.577326
300.7		0.577326
300.8		0.577326
300.9		0.577326
301		0.577326
301.1		0.581226
301.2		0.581226
301.3		0.581226
301.4		0.581226
301.5		0.581226
301.6		0.581226
301.7		0.581226
301.8		0.581226
301.9		0.581226
302		0.581226
302.1		0.583505
302.2		0.583505
302.3		0.583505
302.4		0.583505
302.5		0.583505
302.6		0.583505
302.7		0.583505
302.8		0.583505
302.9		0.583505
303		0.583505
303.1		0.587318
303.2		0.587318
303.3		0.587318
303.4		0.587318
303.5		0.587318
303.6		0.587318
303.7		0.587318
303.8		0.587318
303.9		0.587318
304		0.587318
304.1		0.587493
304.2		0.587493
304.3		0.587493
304.4		0.587493
304.5		0.587493
304.6		0.587493
304.7		0.587493
304.8		0.587493
304.9		0.587493
305		0.587493
305.1		0.587887
305.2		0.587887
305.3		0.587887
305.4		0.587887
305.5		0.587887
305.6		0.587887
305.7		0.587887
305.8		0.587887
305.9		0.587887
306		0.587887
306.1		0.590473
306.2		0.590473
306.3		0.590473
306.4		0.590473
306.5		0.590473
306.6		0.590473
306.7		0.590473
306.8		0.590473
306.9		0.590473
307		0.590473
307.1		0.594066
307.2		0.594066
307.3		0.594066
307.4		0.594066
307.5		0.594066
307.6		0.594066
307.7		0.594066
307.8		0.594066
307.9		0.594066
308		0.594066
308.1		0.595425
308.2		0.595425
308.3		0.595425
308.4		0.595425
308.5		0.595425
308.6		0.595425
308.7		0.595425
308.8		0.595425
308.9		0.595425
309		0.595425
309.1		0.596783
309.2		0.596783
309.3		0.596783
309.4		0.596783
309.5		0.596783
309.6		0.596783
309.7		0.596783
309.8		0.596783
309.9		0.596783
310		0.596783
310.1		0.599062
310.2		0.599062
310.3		0.599062
310.4		0.599062
310.5		0.599062
310.6		0.599062
310.7		0.599062
310.8		0.599062
310.9		0.599062
311		0.599062
311.1		0.601385
311.2		0.601385
311.3		0.601385
311.4		0.601385
311.5		0.601385
311.6		0.601385
311.7		0.601385
311.8		0.601385
311.9		0.601385
312		0.601385
312.1		0.601955
312.2		0.601955
312.3		0.601955
312.4		0.601955
312.5		0.601955
312.6		0.601955
312.7		0.601955
312.8		0.601955
312.9		0.601955
313		0.601955
313.1		0.60454
313.2		0.60454
313.3		0.60454
313.4		0.60454
313.5		0.60454
313.6		0.60454
313.7		0.60454
313.8		0.60454
313.9		0.60454
314		0.60454
314.1		0.607432
314.2		0.607432
314.3		0.607432
314.4		0.607432
314.5		0.607432
314.6		0.607432
314.7		0.607432
314.8		0.607432
314.9		0.607432
315		0.607432
315.1		0.607739
315.2		0.607739
315.3		0.607739
315.4		0.607739
315.5		0.607739
315.6		0.607739
315.7		0.607739
315.8		0.607739
315.9		0.607739
316		0.607739
316.1		0.611639
316.2		0.611639
316.3		0.611639
316.4		0.611639
316.5		0.611639
316.6		0.611639
316.7		0.611639
316.8		0.611639
316.9		0.611639
317		0.611639
317.1		0.612121
317.2		0.612121
317.3		0.612121
317.4		0.612121
317.5		0.612121
317.6		0.612121
317.7		0.612121
317.8		0.612121
317.9		0.612121
318		0.612121
318.1		0.612779
318.2		0.612779
318.3		0.612779
318.4		0.612779
318.5		0.612779
318.6		0.612779
318.7		0.612779
318.8		0.612779
318.9		0.612779
319		0.612779
319.1		0.617599
319.2		0.617599
319.3		0.617599
319.4		0.617599
319.5		0.617599
319.6		0.617599
319.7		0.617599
319.8		0.617599
319.9		0.617599
320		0.617599
320.1		0.621982
320.2		0.621982
320.3		0.621982
320.4		0.621982
320.5		0.621982
320.6		0.621982
320.7		0.621982
320.8		0.621982
320.9		0.621982
321		0.621982
321.1		0.622902
321.2		0.622902
321.3		0.622902
321.4		0.622902
321.5		0.622902
321.6		0.622902
321.7		0.622902
321.8		0.622902
321.9		0.622902
322		0.622902
322.1		0.623384
322.2		0.623384
322.3		0.623384
322.4		0.623384
322.5		0.623384
322.6		0.623384
322.7		0.623384
322.8		0.623384
322.9		0.623384
323		0.623384
323.1		0.623603
323.2		0.623603
323.3		0.623603
323.4		0.623603
323.5		0.623603
323.6		0.623603
323.7		0.623603
323.8		0.623603
323.9		0.623603
324		0.623603
324.1		0.63044
324.2		0.63044
324.3		0.63044
324.4		0.63044
324.5		0.63044
324.6		0.63044
324.7		0.63044
324.8		0.63044
324.9		0.63044
325		0.63044
325.1		0.631272
325.2		0.631272
325.3		0.631272
325.4		0.631272
325.5		0.631272
325.6		0.631272
325.7		0.631272
325.8		0.631272
325.9		0.631272
326		0.631272
326.1		0.632368
326.2		0.632368
326.3		0.632368
326.4		0.632368
326.5		0.632368
326.6		0.632368
326.7		0.632368
326.8		0.632368
326.9		0.632368
327		0.632368
327.1		0.634033
327.2		0.634033
327.3		0.634033
327.4		0.634033
327.5		0.634033
327.6		0.634033
327.7		0.634033
327.8		0.634033
327.9		0.634033
328		0.634033
328.1		0.638941
328.2		0.638941
328.3		0.638941
328.4		0.638941
328.5		0.638941
328.6		0.638941
328.7		0.638941
328.8		0.638941
328.9		0.638941
329		0.638941
329.1		0.63916
329.2		0.63916
329.3		0.63916
329.4		0.63916
329.5		0.63916
329.6		0.63916
329.7		0.63916
329.8		0.63916
329.9		0.63916
330		0.63916
330.1		0.640782
330.2		0.640782
330.3		0.640782
330.4		0.640782
330.5		0.640782
330.6		0.640782
330.7		0.640782
330.8		0.640782
330.9		0.640782
331		0.640782
331.1		0.641176
331.2		0.641176
331.3		0.641176
331.4		0.641176
331.5		0.641176
331.6		0.641176
331.7		0.641176
331.8		0.641176
331.9		0.641176
332		0.641176
332.1		0.644112
332.2		0.644112
332.3		0.644112
332.4		0.644112
332.5		0.644112
332.6		0.644112
332.7		0.644112
332.8		0.644112
332.9		0.644112
333		0.644112
333.1		0.645602
333.2		0.645602
333.3		0.645602
333.4		0.645602
333.5		0.645602
333.6		0.645602
333.7		0.645602
333.8		0.645602
333.9		0.645602
334		0.645602
334.1		0.648144
334.2		0.648144
334.3		0.648144
334.4		0.648144
334.5		0.648144
334.6		0.648144
334.7		0.648144
334.8		0.648144
334.9		0.648144
335		0.648144
335.1		0.650379
335.2		0.650379
335.3		0.650379
335.4		0.650379
335.5		0.650379
335.6		0.650379
335.7		0.650379
335.8		0.650379
335.9		0.650379
336		0.650379
336.1		0.651431
336.2		0.651431
336.3		0.651431
336.4		0.651431
336.5		0.651431
336.6		0.651431
336.7		0.651431
336.8		0.651431
336.9		0.651431
337		0.651431
337.1		0.653491
337.2		0.653491
337.3		0.653491
337.4		0.653491
337.5		0.653491
337.6		0.653491
337.7		0.653491
337.8		0.653491
337.9		0.653491
338		0.653491
338.1		0.654192
338.2		0.654192
338.3		0.654192
338.4		0.654192
338.5		0.654192
338.6		0.654192
338.7		0.654192
338.8		0.654192
338.9		0.654192
339		0.654192
339.1		0.657522
339.2		0.657522
339.3		0.657522
339.4		0.657522
339.5		0.657522
339.6		0.657522
339.7		0.657522
339.8		0.657522
339.9		0.657522
340		0.657522
340.1		0.662343
340.2		0.662343
340.3		0.662343
340.4		0.662343
340.5		0.662343
340.6		0.662343
340.7		0.662343
340.8		0.662343
340.9		0.662343
341		0.662343
341.1		0.663964
341.2		0.663964
341.3		0.663964
341.4		0.663964
341.5		0.663964
341.6		0.663964
341.7		0.663964
341.8		0.663964
341.9		0.663964
342		0.663964
342.1		0.666506
342.2		0.666506
342.3		0.666506
342.4		0.666506
342.5		0.666506
342.6		0.666506
342.7		0.666506
342.8		0.666506
342.9		0.666506
343		0.666506
343.1		0.669135
343.2		0.669135
343.3		0.669135
343.4		0.669135
343.5		0.669135
343.6		0.669135
343.7		0.669135
343.8		0.669135
343.9		0.669135
344		0.669135
344.1		0.673342
344.2		0.673342
344.3		0.673342
344.4		0.673342
344.5		0.673342
344.6		0.673342
344.7		0.673342
344.8		0.673342
344.9		0.673342
345		0.673342
345.1		0.677243
345.2		0.677243
345.3		0.677243
345.4		0.677243
345.5		0.677243
345.6		0.677243
345.7		0.677243
345.8		0.677243
345.9		0.677243
346		0.677243
346.1		0.678075
346.2		0.678075
346.3		0.678075
346.4		0.678075
346.5		0.678075
346.6		0.678075
346.7		0.678075
346.8		0.678075
346.9		0.678075
347		0.678075
347.1		0.678557
347.2		0.678557
347.3		0.678557
347.4		0.678557
347.5		0.678557
347.6		0.678557
347.7		0.678557
347.8		0.678557
347.9		0.678557
348		0.678557
348.1		0.681143
348.2		0.681143
348.3		0.681143
348.4		0.681143
348.5		0.681143
348.6		0.681143
348.7		0.681143
348.8		0.681143
348.9		0.681143
349		0.681143
349.1		0.683027
349.2		0.683027
349.3		0.683027
349.4		0.683027
349.5		0.683027
349.6		0.683027
349.7		0.683027
349.8		0.683027
349.9		0.683027
350		0.683027
350.1		0.687804
350.2		0.687804
350.3		0.687804
350.4		0.687804
350.5		0.687804
350.6		0.687804
350.7		0.687804
350.8		0.687804
350.9		0.687804
351		0.687804
351.1		0.688242
351.2		0.688242
351.3		0.688242
351.4		0.688242
351.5		0.688242
351.6		0.688242
351.7		0.688242
351.8		0.688242
351.9		0.688242
352		0.688242
352.1		0.688374
352.2		0.688374
352.3		0.688374
352.4		0.688374
352.5		0.688374
352.6		0.688374
352.7		0.688374
352.8		0.688374
352.9		0.688374
353		0.688374
353.1		0.689031
353.2		0.689031
353.3		0.689031
353.4		0.689031
353.5		0.689031
353.6		0.689031
353.7		0.689031
353.8		0.689031
353.9		0.689031
354		0.689031
354.1		0.689031
354.2		0.689031
354.3		0.689031
354.4		0.689031
354.5		0.689031
354.6		0.689031
354.7		0.689031
354.8		0.689031
354.9		0.689031
355		0.689031
355.1		0.691792
355.2		0.691792
355.3		0.691792
355.4		0.691792
355.5		0.691792
355.6		0.691792
355.7		0.691792
355.8		0.691792
355.9		0.691792
356		0.691792
356.1		0.69315
356.2		0.69315
356.3		0.69315
356.4		0.69315
356.5		0.69315
356.6		0.69315
356.7		0.69315
356.8		0.69315
356.9		0.69315
357		0.69315
357.1		0.698365
357.2		0.698365
357.3		0.698365
357.4		0.698365
357.5		0.698365
357.6		0.698365
357.7		0.698365
357.8		0.698365
357.9		0.698365
358		0.698365
358.1		0.698365
358.2		0.698365
358.3		0.698365
358.4		0.698365
358.5		0.698365
358.6		0.698365
358.7		0.698365
358.8		0.698365
358.9		0.698365
359		0.698365
359.1		0.700162
359.2		0.700162
359.3		0.700162
359.4		0.700162
359.5		0.700162
359.6		0.700162
359.7		0.700162
359.8		0.700162
359.9		0.700162
360		0.700162
360.1		0.700951
360.2		0.700951
360.3		0.700951
360.4		0.700951
360.5		0.700951
360.6		0.700951
360.7		0.700951
360.8		0.700951
360.9		0.700951
361		0.700951
361.1		0.702178
361.2		0.702178
361.3		0.702178
361.4		0.702178
361.5		0.702178
361.6		0.702178
361.7		0.702178
361.8		0.702178
361.9		0.702178
362		0.702178
362.1		0.704851
362.2		0.704851
362.3		0.704851
362.4		0.704851
362.5		0.704851
362.6		0.704851
362.7		0.704851
362.8		0.704851
362.9		0.704851
363		0.704851
363.1		0.706122
363.2		0.706122
363.3		0.706122
363.4		0.706122
363.5		0.706122
363.6		0.706122
363.7		0.706122
363.8		0.706122
363.9		0.706122
364		0.706122
364.1		0.707568
364.2		0.707568
364.3		0.707568
364.4		0.707568
364.5		0.707568
364.6		0.707568
364.7		0.707568
364.8		0.707568
364.9		0.707568
365		0.707568
365.1		0.709496
365.2		0.709496
365.3		0.709496
365.4		0.709496
365.5		0.709496
365.6		0.709496
365.7		0.709496
365.8		0.709496
365.9		0.709496
366		0.709496
366.1		0.711688
366.2		0.711688
366.3		0.711688
366.4		0.711688
366.5		0.711688
366.6		0.711688
366.7		0.711688
366.8		0.711688
366.9		0.711688
367		0.711688
367.1		0.713879
367.2		0.713879
367.3		0.713879
367.4		0.713879
367.5		0.713879
367.6		0.713879
367.7		0.713879
367.8		0.713879
367.9		0.713879
368		0.713879
368.1		0.715237
368.2		0.715237
368.3		0.715237
368.4		0.715237
368.5		0.715237
368.6		0.715237
368.7		0.715237
368.8		0.715237
368.9		0.715237
369		0.715237
369.1		0.715719
369.2		0.715719
369.3		0.715719
369.4		0.715719
369.5		0.715719
369.6		0.715719
369.7		0.715719
369.8		0.715719
369.9		0.715719
370		0.715719
370.1		0.720145
370.2		0.720145
370.3		0.720145
370.4		0.720145
370.5		0.720145
370.6		0.720145
370.7		0.720145
370.8		0.720145
370.9		0.720145
371		0.720145
371.1		0.72089
371.2		0.72089
371.3		0.72089
371.4		0.72089
371.5		0.72089
371.6		0.72089
371.7		0.72089
371.8		0.72089
371.9		0.72089
372		0.72089
372.1		0.721635
372.2		0.721635
372.3		0.721635
372.4		0.721635
372.5		0.721635
372.6		0.721635
372.7		0.721635
372.8		0.721635
372.9		0.721635
373		0.721635
373.1		0.72203
373.2		0.72203
373.3		0.72203
373.4		0.72203
373.5		0.72203
373.6		0.72203
373.7		0.72203
373.8		0.72203
373.9		0.72203
374		0.72203
374.1		0.728603
374.2		0.728603
374.3		0.728603
374.4		0.728603
374.5		0.728603
374.6		0.728603
374.7		0.728603
374.8		0.728603
374.9		0.728603
375		0.728603
375.1		0.729611
375.2		0.729611
375.3		0.729611
375.4		0.729611
375.5		0.729611
375.6		0.729611
375.7		0.729611
375.8		0.729611
375.9		0.729611
376		0.729611
376.1		0.730356
376.2		0.730356
376.3		0.730356
376.4		0.730356
376.5		0.730356
376.6		0.730356
376.7		0.730356
376.8		0.730356
376.9		0.730356
377		0.730356
377.1		0.730488
377.2		0.730488
377.3		0.730488
377.4		0.730488
377.5		0.730488
377.6		0.730488
377.7		0.730488
377.8		0.730488
377.9		0.730488
378		0.730488
378.1		0.736623
378.2		0.736623
378.3		0.736623
378.4		0.736623
378.5		0.736623
378.6		0.736623
378.7		0.736623
378.8		0.736623
378.9		0.736623
379		0.736623
379.1		0.73785
379.2		0.73785
379.3		0.73785
379.4		0.73785
379.5		0.73785
379.6		0.73785
379.7		0.73785
379.8		0.73785
379.9		0.73785
380		0.73785
380.1		0.738157
380.2		0.738157
380.3		0.738157
380.4		0.738157
380.5		0.738157
380.6		0.738157
380.7		0.738157
380.8		0.738157
380.9		0.738157
381		0.738157
381.1		0.739209
381.2		0.739209
381.3		0.739209
381.4		0.739209
381.5		0.739209
381.6		0.739209
381.7		0.739209
381.8		0.739209
381.9		0.739209
382		0.739209
382.1		0.742189
382.2		0.742189
382.3		0.742189
382.4		0.742189
382.5		0.742189
382.6		0.742189
382.7		0.742189
382.8		0.742189
382.9		0.742189
383		0.742189
383.1		0.747053
383.2		0.747053
383.3		0.747053
383.4		0.747053
383.5		0.747053
383.6		0.747053
383.7		0.747053
383.8		0.747053
383.9		0.747053
384		0.747053
384.1		0.747491
384.2		0.747491
384.3		0.747491
384.4		0.747491
384.5		0.747491
384.6		0.747491
384.7		0.747491
384.8		0.747491
384.9		0.747491
385		0.747491
385.1		0.748192
385.2		0.748192
385.3		0.748192
385.4		0.748192
385.5		0.748192
385.6		0.748192
385.7		0.748192
385.8		0.748192
385.9		0.748192
386		0.748192
386.1		0.750383
386.2		0.750383
386.3		0.750383
386.4		0.750383
386.5		0.750383
386.6		0.750383
386.7		0.750383
386.8		0.750383
386.9		0.750383
387		0.750383
387.1		0.753495
387.2		0.753495
387.3		0.753495
387.4		0.753495
387.5		0.753495
387.6		0.753495
387.7		0.753495
387.8		0.753495
387.9		0.753495
388		0.753495
388.1		0.756563
388.2		0.756563
388.3		0.756563
388.4		0.756563
388.5		0.756563
388.6		0.756563
388.7		0.756563
388.8		0.756563
388.9		0.756563
389		0.756563
389.1		0.757833
389.2		0.757833
389.3		0.757833
389.4		0.757833
389.5		0.757833
389.6		0.757833
389.7		0.757833
389.8		0.757833
389.9		0.757833
390		0.757833
390.1		0.758535
390.2		0.758535
390.3		0.758535
390.4		0.758535
390.5		0.758535
390.6		0.758535
390.7		0.758535
390.8		0.758535
390.9		0.758535
391		0.758535
391.1		0.762435
391.2		0.762435
391.3		0.762435
391.4		0.762435
391.5		0.762435
391.6		0.762435
391.7		0.762435
391.8		0.762435
391.9		0.762435
392		0.762435
392.1		0.76616
392.2		0.76616
392.3		0.76616
392.4		0.76616
392.5		0.76616
392.6		0.76616
392.7		0.76616
392.8		0.76616
392.9		0.76616
393		0.76616
393.1		0.766467
393.2		0.766467
393.3		0.766467
393.4		0.766467
393.5		0.766467
393.6		0.766467
393.7		0.766467
393.8		0.766467
393.9		0.766467
394		0.766467
394.1		0.766817
394.2		0.766817
394.3		0.766817
394.4		0.766817
394.5		0.766817
394.6		0.766817
394.7		0.766817
394.8		0.766817
394.9		0.766817
395		0.766817
395.1		0.767431
395.2		0.767431
395.3		0.767431
395.4		0.767431
395.5		0.767431
395.6		0.767431
395.7		0.767431
395.8		0.767431
395.9		0.767431
396		0.767431
396.1		0.774004
396.2		0.774004
396.3		0.774004
396.4		0.774004
396.5		0.774004
396.6		0.774004
396.7		0.774004
396.8		0.774004
396.9		0.774004
397		0.774004
397.1		0.775144
397.2		0.775144
397.3		0.775144
397.4		0.775144
397.5		0.775144
397.6		0.775144
397.7		0.775144
397.8		0.775144
397.9		0.775144
398		0.775144
398.1		0.776896
398.2		0.776896
398.3		0.776896
398.4		0.776896
398.5		0.776896
398.6		0.776896
398.7		0.776896
398.8		0.776896
398.9		0.776896
399		0.776896
399.1		0.77808
399.2		0.77808
399.3		0.77808
399.4		0.77808
399.5		0.77808
399.6		0.77808
399.7		0.77808
399.8		0.77808
399.9		0.77808
400		0.77808
400.1		0.780183
400.2		0.780183
400.3		0.780183
400.4		0.780183
400.5		0.780183
400.6		0.780183
400.7		0.780183
400.8		0.780183
400.9		0.780183
401		0.780183
401.1		0.780797
401.2		0.780797
401.3		0.780797
401.4		0.780797
401.5		0.780797
401.6		0.780797
401.7		0.780797
401.8		0.780797
401.9		0.780797
402		0.780797
402.1		0.783076
402.2		0.783076
402.3		0.783076
402.4		0.783076
402.5		0.783076
402.6		0.783076
402.7		0.783076
402.8		0.783076
402.9		0.783076
403		0.783076
403.1		0.784346
403.2		0.784346
403.3		0.784346
403.4		0.784346
403.5		0.784346
403.6		0.784346
403.7		0.784346
403.8		0.784346
403.9		0.784346
404		0.784346
404.1		0.787239
404.2		0.787239
404.3		0.787239
404.4		0.787239
404.5		0.787239
404.6		0.787239
404.7		0.787239
404.8		0.787239
404.9		0.787239
405		0.787239
405.1		0.789605
405.2		0.789605
405.3		0.789605
405.4		0.789605
405.5		0.789605
405.6		0.789605
405.7		0.789605
405.8		0.789605
405.9		0.789605
406		0.789605
406.1		0.791928
406.2		0.791928
406.3		0.791928
406.4		0.791928
406.5		0.791928
406.6		0.791928
406.7		0.791928
406.8		0.791928
406.9		0.791928
407		0.791928
407.1		0.793987
407.2		0.793987
407.3		0.793987
407.4		0.793987
407.5		0.793987
407.6		0.793987
407.7		0.793987
407.8		0.793987
407.9		0.793987
408		0.793987
408.1		0.797055
408.2		0.797055
408.3		0.797055
408.4		0.797055
408.5		0.797055
408.6		0.797055
408.7		0.797055
408.8		0.797055
408.9		0.797055
409		0.797055
409.1		0.799027
409.2		0.799027
409.3		0.799027
409.4		0.799027
409.5		0.799027
409.6		0.799027
409.7		0.799027
409.8		0.799027
409.9		0.799027
410		0.799027
410.1		0.799684
410.2		0.799684
410.3		0.799684
410.4		0.799684
410.5		0.799684
410.6		0.799684
410.7		0.799684
410.8		0.799684
410.9		0.799684
411		0.799684
411.1		0.805294
411.2		0.805294
411.3		0.805294
411.4		0.805294
411.5		0.805294
411.6		0.805294
411.7		0.805294
411.8		0.805294
411.9		0.805294
412		0.805294
412.1		0.805995
412.2		0.805995
412.3		0.805995
412.4		0.805995
412.5		0.805995
412.6		0.805995
412.7		0.805995
412.8		0.805995
412.9		0.805995
413		0.805995
413.1		0.808055
413.2		0.808055
413.3		0.808055
413.4		0.808055
413.5		0.808055
413.6		0.808055
413.7		0.808055
413.8		0.808055
413.9		0.808055
414		0.808055
414.1		0.810947
414.2		0.810947
414.3		0.810947
414.4		0.810947
414.5		0.810947
414.6		0.810947
414.7		0.810947
414.8		0.810947
414.9		0.810947
415		0.810947
415.1		0.811736
415.2		0.811736
415.3		0.811736
415.4		0.811736
415.5		0.811736
415.6		0.811736
415.7		0.811736
415.8		0.811736
415.9		0.811736
416		0.811736
416.1		0.812788
416.2		0.812788
416.3		0.812788
416.4		0.812788
416.5		0.812788
416.6		0.812788
416.7		0.812788
416.8		0.812788
416.9		0.812788
417		0.812788
417.1		0.814672
417.2		0.814672
417.3		0.814672
417.4		0.814672
417.5		0.814672
417.6		0.814672
417.7		0.814672
417.8		0.814672
417.9		0.814672
418		0.814672
418.1		0.818397
418.2		0.818397
418.3		0.818397
418.4		0.818397
418.5		0.818397
418.6		0.818397
418.7		0.818397
418.8		0.818397
418.9		0.818397
419		0.818397
419.1		0.818835
419.2		0.818835
419.3		0.818835
419.4		0.818835
419.5		0.818835
419.6		0.818835
419.7		0.818835
419.8		0.818835
419.9		0.818835
420		0.818835
420.1		0.82072
420.2		0.82072
420.3		0.82072
420.4		0.82072
420.5		0.82072
420.6		0.82072
420.7		0.82072
420.8		0.82072
420.9		0.82072
421		0.82072
421.1		0.824357
421.2		0.824357
421.3		0.824357
421.4		0.824357
421.5		0.824357
421.6		0.824357
421.7		0.824357
421.8		0.824357
421.9		0.824357
422		0.824357
422.1		0.825715
422.2		0.825715
422.3		0.825715
422.4		0.825715
422.5		0.825715
422.6		0.825715
422.7		0.825715
422.8		0.825715
422.9		0.825715
423		0.825715
423.1		0.826767
423.2		0.826767
423.3		0.826767
423.4		0.826767
423.5		0.826767
423.6		0.826767
423.7		0.826767
423.8		0.826767
423.9		0.826767
424		0.826767
424.1		0.827819
424.2		0.827819
424.3		0.827819
424.4		0.827819
424.5		0.827819
424.6		0.827819
424.7		0.827819
424.8		0.827819
424.9		0.827819
425		0.827819
425.1		0.82817
425.2		0.82817
425.3		0.82817
425.4		0.82817
425.5		0.82817
425.6		0.82817
425.7		0.82817
425.8		0.82817
425.9		0.82817
426		0.82817
426.1		0.835269
426.2		0.835269
426.3		0.835269
426.4		0.835269
426.5		0.835269
426.6		0.835269
426.7		0.835269
426.8		0.835269
426.9		0.835269
427		0.835269
427.1		0.837022
427.2		0.837022
427.3		0.837022
427.4		0.837022
427.5		0.837022
427.6		0.837022
427.7		0.837022
427.8		0.837022
427.9		0.837022
428		0.837022
428.1		0.838249
428.2		0.838249
428.3		0.838249
428.4		0.838249
428.5		0.838249
428.6		0.838249
428.7		0.838249
428.8		0.838249
428.9		0.838249
429		0.838249
429.1		0.838775
429.2		0.838775
429.3		0.838775
429.4		0.838775
429.5		0.838775
429.6		0.838775
429.7		0.838775
429.8		0.838775
429.9		0.838775
430		0.838775
430.1		0.843858
430.2		0.843858
430.3		0.843858
430.4		0.843858
430.5		0.843858
430.6		0.843858
430.7		0.843858
430.8		0.843858
430.9		0.843858
431		0.843858
431.1		0.844209
431.2		0.844209
431.3		0.844209
431.4		0.844209
431.5		0.844209
431.6		0.844209
431.7		0.844209
431.8		0.844209
431.9		0.844209
432		0.844209
432.1		0.844735
432.2		0.844735
432.3		0.844735
432.4		0.844735
432.5		0.844735
432.6		0.844735
432.7		0.844735
432.8		0.844735
432.9		0.844735
433		0.844735
433.1		0.847408
433.2		0.847408
433.3		0.847408
433.4		0.847408
433.5		0.847408
433.6		0.847408
433.7		0.847408
433.8		0.847408
433.9		0.847408
434		0.847408
434.1		0.852141
434.2		0.852141
434.3		0.852141
434.4		0.852141
434.5		0.852141
434.6		0.852141
434.7		0.852141
434.8		0.852141
434.9		0.852141
435		0.852141
435.1		0.854551
435.2		0.854551
435.3		0.854551
435.4		0.854551
435.5		0.854551
435.6		0.854551
435.7		0.854551
435.8		0.854551
435.9		0.854551
436		0.854551
436.1		0.856655
436.2		0.856655
436.3		0.856655
436.4		0.856655
436.5		0.856655
436.6		0.856655
436.7		0.856655
436.8		0.856655
436.9		0.856655
437		0.856655
437.1		0.857093
437.2		0.857093
437.3		0.857093
437.4		0.857093
437.5		0.857093
437.6		0.857093
437.7		0.857093
437.8		0.857093
437.9		0.857093
438		0.857093
438.1		0.858758
438.2		0.858758
438.3		0.858758
438.4		0.858758
438.5		0.858758
438.6		0.858758
438.7		0.858758
438.8		0.858758
438.9		0.858758
439		0.858758
439.1		0.859985
439.2		0.859985
439.3		0.859985
439.4		0.859985
439.5		0.859985
439.6		0.859985
439.7		0.859985
439.8		0.859985
439.9		0.859985
440		0.859985
440.1		0.861256
440.2		0.861256
440.3		0.861256
440.4		0.861256
440.5		0.861256
440.6		0.861256
440.7		0.861256
440.8		0.861256
440.9		0.861256
441		0.861256
441.1		0.863228
441.2		0.863228
441.3		0.863228
441.4		0.863228
441.5		0.863228
441.6		0.863228
441.7		0.863228
441.8		0.863228
441.9		0.863228
442		0.863228
442.1		0.86612
442.2		0.86612
442.3		0.86612
442.4		0.86612
442.5		0.86612
442.6		0.86612
442.7		0.86612
442.8		0.86612
442.9		0.86612
443		0.86612
443.1		0.867917
443.2		0.867917
443.3		0.867917
443.4		0.867917
443.5		0.867917
443.6		0.867917
443.7		0.867917
443.8		0.867917
443.9		0.867917
444		0.867917
444.1		0.868706
444.2		0.868706
444.3		0.868706
444.4		0.868706
444.5		0.868706
444.6		0.868706
444.7		0.868706
444.8		0.868706
444.9		0.868706
445		0.868706
445.1		0.871204
445.2		0.871204
445.3		0.871204
445.4		0.871204
445.5		0.871204
445.6		0.871204
445.7		0.871204
445.8		0.871204
445.9		0.871204
446		0.871204
446.1		0.87357
446.2		0.87357
446.3		0.87357
446.4		0.87357
446.5		0.87357
446.6		0.87357
446.7		0.87357
446.8		0.87357
446.9		0.87357
447		0.87357
447.1		0.876463
447.2		0.876463
447.3		0.876463
447.4		0.876463
447.5		0.876463
447.6		0.876463
447.7		0.876463
447.8		0.876463
447.9		0.876463
448		0.876463
448.1		0.877383
448.2		0.877383
448.3		0.877383
448.4		0.877383
448.5		0.877383
448.6		0.877383
448.7		0.877383
448.8		0.877383
448.9		0.877383
449		0.877383
449.1		0.880363
449.2		0.880363
449.3		0.880363
449.4		0.880363
449.5		0.880363
449.6		0.880363
449.7		0.880363
449.8		0.880363
449.9		0.880363
450		0.880363
450.1		0.880976
450.2		0.880976
450.3		0.880976
450.4		0.880976
450.5		0.880976
450.6		0.880976
450.7		0.880976
450.8		0.880976
450.9		0.880976
451		0.880976
451.1		0.883036
451.2		0.883036
451.3		0.883036
451.4		0.883036
451.5		0.883036
451.6		0.883036
451.7		0.883036
451.8		0.883036
451.9		0.883036
452		0.883036
452.1		0.884964
452.2		0.884964
452.3		0.884964
452.4		0.884964
452.5		0.884964
452.6		0.884964
452.7		0.884964
452.8		0.884964
452.9		0.884964
453		0.884964
453.1		0.88847
453.2		0.88847
453.3		0.88847
453.4		0.88847
453.5		0.88847
453.6		0.88847
453.7		0.88847
453.8		0.88847
453.9		0.88847
454		0.88847
454.1		0.888865
454.2		0.888865
454.3		0.888865
454.4		0.888865
454.5		0.888865
454.6		0.888865
454.7		0.888865
454.8		0.888865
454.9		0.888865
455		0.888865
455.1		0.892283
455.2		0.892283
455.3		0.892283
455.4		0.892283
455.5		0.892283
455.6		0.892283
455.7		0.892283
455.8		0.892283
455.9		0.892283
456		0.892283
456.1		0.894605
456.2		0.894605
456.3		0.894605
456.4		0.894605
456.5		0.894605
456.6		0.894605
456.7		0.894605
456.8		0.894605
456.9		0.894605
457		0.894605
457.1		0.896446
457.2		0.896446
457.3		0.896446
457.4		0.896446
457.5		0.896446
457.6		0.896446
457.7		0.896446
457.8		0.896446
457.9		0.896446
458		0.896446
458.1		0.896753
458.2		0.896753
458.3		0.896753
458.4		0.896753
458.5		0.896753
458.6		0.896753
458.7		0.896753
458.8		0.896753
458.9		0.896753
459		0.896753
459.1		0.90245
459.2		0.90245
459.3		0.90245
459.4		0.90245
459.5		0.90245
459.6		0.90245
459.7		0.90245
459.8		0.90245
459.9		0.90245
460		0.90245
460.1		0.903984
460.2		0.903984
460.3		0.903984
460.4		0.903984
460.5		0.903984
460.6		0.903984
460.7		0.903984
460.8		0.903984
460.9		0.903984
461		0.903984
461.1		0.904729
461.2		0.904729
461.3		0.904729
461.4		0.904729
461.5		0.904729
461.6		0.904729
461.7		0.904729
461.8		0.904729
461.9		0.904729
462		0.904729
462.1		0.906832
462.2		0.906832
462.3		0.906832
462.4		0.906832
462.5		0.906832
462.6		0.906832
462.7		0.906832
462.8		0.906832
462.9		0.906832
463		0.906832
463.1		0.908147
463.2		0.908147
463.3		0.908147
463.4		0.908147
463.5		0.908147
463.6		0.908147
463.7		0.908147
463.8		0.908147
463.9		0.908147
464		0.908147
464.1		0.912178
464.2		0.912178
464.3		0.912178
464.4		0.912178
464.5		0.912178
464.6		0.912178
464.7		0.912178
464.8		0.912178
464.9		0.912178
465		0.912178
465.1		0.912923
465.2		0.912923
465.3		0.912923
465.4		0.912923
465.5		0.912923
465.6		0.912923
465.7		0.912923
465.8		0.912923
465.9		0.912923
466		0.912923
466.1		0.913844
466.2		0.913844
466.3		0.913844
466.4		0.913844
466.5		0.913844
466.6		0.913844
466.7		0.913844
466.8		0.913844
466.9		0.913844
467		0.913844
467.1		0.916429
467.2		0.916429
467.3		0.916429
467.4		0.916429
467.5		0.916429
467.6		0.916429
467.7		0.916429
467.8		0.916429
467.9		0.916429
468		0.916429
468.1		0.91919
468.2		0.91919
468.3		0.91919
468.4		0.91919
468.5		0.91919
468.6		0.91919
468.7		0.91919
468.8		0.91919
468.9		0.91919
469		0.91919
469.1		0.921644
469.2		0.921644
469.3		0.921644
469.4		0.921644
469.5		0.921644
469.6		0.921644
469.7		0.921644
469.8		0.921644
469.9		0.921644
470		0.921644
470.1		0.921776
470.2		0.921776
470.3		0.921776
470.4		0.921776
470.5		0.921776
470.6		0.921776
470.7		0.921776
470.8		0.921776
470.9		0.921776
471		0.921776
471.1		0.922082
471.2		0.922082
471.3		0.922082
471.4		0.922082
471.5		0.922082
471.6		0.922082
471.7		0.922082
471.8		0.922082
471.9		0.922082
472		0.922082
472.1		0.926202
472.2		0.926202
472.3		0.926202
472.4		0.926202
472.5		0.926202
472.6		0.926202
472.7		0.926202
472.8		0.926202
472.9		0.926202
473		0.926202
473.1		0.927648
473.2		0.927648
473.3		0.927648
473.4		0.927648
473.5		0.927648
473.6		0.927648
473.7		0.927648
473.8		0.927648
473.9		0.927648
474		0.927648
474.1		0.927955
474.2		0.927955
474.3		0.927955
474.4		0.927955
474.5		0.927955
474.6		0.927955
474.7		0.927955
474.8		0.927955
474.9		0.927955
475		0.927955
475.1		0.932206
475.2		0.932206
475.3		0.932206
475.4		0.932206
475.5		0.932206
475.6		0.932206
475.7		0.932206
475.8		0.932206
475.9		0.932206
476		0.932206
476.1		0.936369
476.2		0.936369
476.3		0.936369
476.4		0.936369
476.5		0.936369
476.6		0.936369
476.7		0.936369
476.8		0.936369
476.9		0.936369
477		0.936369
477.1		0.936544
477.2		0.936544
477.3		0.936544
477.4		0.936544
477.5		0.936544
477.6		0.936544
477.7		0.936544
477.8		0.936544
477.9		0.936544
478		0.936544
478.1		0.936939
478.2		0.936939
478.3		0.936939
478.4		0.936939
478.5		0.936939
478.6		0.936939
478.7		0.936939
478.8		0.936939
478.9		0.936939
479		0.936939
479.1		0.937815
479.2		0.937815
479.3		0.937815
479.4		0.937815
479.5		0.937815
479.6		0.937815
479.7		0.937815
479.8		0.937815
479.9		0.937815
480		0.937815
480.1		0.944608
480.2		0.944608
480.3		0.944608
480.4		0.944608
480.5		0.944608
480.6		0.944608
480.7		0.944608
480.8		0.944608
480.9		0.944608
481		0.944608
481.1		0.947982
481.2		0.947982
481.3		0.947982
481.4		0.947982
481.5		0.947982
481.6		0.947982
481.7		0.947982
481.8		0.947982
481.9		0.947982
482		0.947982
482.1		0.948771
482.2		0.948771
482.3		0.948771
482.4		0.948771
482.5		0.948771
482.6		0.948771
482.7		0.948771
482.8		0.948771
482.9		0.948771
483		0.948771
483.1		0.94956
483.2		0.94956
483.3		0.94956
483.4		0.94956
483.5		0.94956
483.6		0.94956
483.7		0.94956
483.8		0.94956
483.9		0.94956
484		0.94956
484.1		0.950787
484.2		0.950787
484.3		0.950787
484.4		0.950787
484.5		0.950787
484.6		0.950787
484.7		0.950787
484.8		0.950787
484.9		0.950787
485		0.950787
485.1		0.951444
485.2		0.951444
485.3		0.951444
485.4		0.951444
485.5		0.951444
485.6		0.951444
485.7		0.951444
485.8		0.951444
485.9		0.951444
486		0.951444
486.1		0.955826
486.2		0.955826
486.3		0.955826
486.4		0.955826
486.5		0.955826
486.6		0.955826
486.7		0.955826
486.8		0.955826
486.9		0.955826
487		0.955826
487.1		0.958587
487.2		0.958587
487.3		0.958587
487.4		0.958587
487.5		0.958587
487.6		0.958587
487.7		0.958587
487.8		0.958587
487.9		0.958587
488		0.958587
488.1		0.959683
488.2		0.959683
488.3		0.959683
488.4		0.959683
488.5		0.959683
488.6		0.959683
488.7		0.959683
488.8		0.959683
488.9		0.959683
489		0.959683
489.1		0.962575
489.2		0.962575
489.3		0.962575
489.4		0.962575
489.5		0.962575
489.6		0.962575
489.7		0.962575
489.8		0.962575
489.9		0.962575
490		0.962575
490.1		0.96481
490.2		0.96481
490.3		0.96481
490.4		0.96481
490.5		0.96481
490.6		0.96481
490.7		0.96481
490.8		0.96481
490.9		0.96481
491		0.96481
491.1		0.965555
491.2		0.965555
491.3		0.965555
491.4		0.965555
491.5		0.965555
491.6		0.965555
491.7		0.965555
491.8		0.965555
491.9		0.965555
492		0.965555
492.1		0.966475
492.2		0.966475
492.3		0.966475
492.4		0.966475
492.5		0.966475
492.6		0.966475
492.7		0.966475
492.8		0.966475
492.9		0.966475
493		0.966475
493.1		0.969587
493.2		0.969587
493.3		0.969587
493.4		0.969587
493.5		0.969587
493.6		0.969587
493.7		0.969587
493.8		0.969587
493.9		0.969587
494		0.969587
494.1		0.971208
494.2		0.971208
494.3		0.971208
494.4		0.971208
494.5		0.971208
494.6		0.971208
494.7		0.971208
494.8		0.971208
494.9		0.971208
495		0.971208
495.1		0.97318
495.2		0.97318
495.3		0.97318
495.4		0.97318
495.5		0.97318
495.6		0.97318
495.7		0.97318
495.8		0.97318
495.9		0.97318
496		0.97318
496.1		0.974013
496.2		0.974013
496.3		0.974013
496.4		0.974013
496.5		0.974013
496.6		0.974013
496.7		0.974013
496.8		0.974013
496.9		0.974013
497		0.974013
497.1		0.974933
497.2		0.974933
497.3		0.974933
497.4		0.974933
497.5		0.974933
497.6		0.974933
497.7		0.974933
497.8		0.974933
497.9		0.974933
498		0.974933
498.1		0.980586
498.2		0.980586
498.3		0.980586
498.4		0.980586
498.5		0.980586
498.6		0.980586
498.7		0.980586
498.8		0.980586
498.9		0.980586
499		0.980586
499.1		0.982076
499.2		0.982076
499.3		0.982076
499.4		0.982076
499.5		0.982076
499.6		0.982076
499.7		0.982076
499.8		0.982076
499.9		0.982076
500		0.982076
500.1		0.982208
500.2		0.982208
500.3		0.982208
500.4		0.982208
500.5		0.982208
500.6		0.982208
500.7		0.982208
500.8		0.982208
500.9		0.982208
501		0.982208
501.1		0.982953
501.2		0.982953
501.3		0.982953
501.4		0.982953
501.5		0.982953
501.6		0.982953
501.7		0.982953
501.8		0.982953
501.9		0.982953
502		0.982953
502.1		0.987116
502.2		0.987116
502.3		0.987116
502.4		0.987116
502.5		0.987116
502.6		0.987116
502.7		0.987116
502.8		0.987116
502.9		0.987116
503		0.987116
503.1		0.989088
503.2		0.989088
503.3		0.989088
503.4		0.989088
503.5		0.989088
503.6		0.989088
503.7		0.989088
503.8		0.989088
503.9		0.989088
504		0.989088
504.1		0.990227
504.2		0.990227
504.3		0.990227
504.4		0.990227
504.5		0.990227
504.6		0.990227
504.7		0.990227
504.8		0.990227
504.9		0.990227
505		0.990227
505.1		0.99049
505.2		0.99049
505.3		0.99049
505.4		0.99049
505.5		0.99049
505.6		0.99049
505.7		0.99049
505.8		0.99049
505.9		0.99049
506		0.99049
506.1		0.995048
506.2		0.995048
506.3		0.995048
506.4		0.995048
506.5		0.995048
506.6		0.995048
506.7		0.995048
506.8		0.995048
506.9		0.995048
507		0.995048
507.1		0.998466
507.2		0.998466
507.3		0.998466
507.4		0.998466
507.5		0.998466
507.6		0.998466
507.7		0.998466
507.8		0.998466
507.9		0.998466
508		0.998466
508.1		0.999606
508.2		0.999606
508.3		0.999606
508.4		0.999606
508.5		0.999606
508.6		0.999606
508.7		0.999606
508.8		0.999606
508.9		0.999606
509		0.999606
509.1		0.999869
509.2		0.999869
509.3		0.999869
509.4		0.999869
509.5		0.999869
509.6		0.999869
509.7		0.999869
509.8		0.999869
509.9		0.999869
510		0.999869
510.1		1
510.2		1
510.3		1
510.4		1
510.5		1
510.6		1
510.7		1
510.8		1
510.9		1
511		1
511.1		1
511.2		1
511.3		1
511.4		1
511.5		1
511.6		1
511.7		1
511.8		1
511.9		1
512		1
512.1		1
512.2		1
512.3		1
512.4		1
512.5		1
512.6		1
512.7		1
512.8		1
512.9		1
513		1
513.1		1
513.2		1
513.3		1
513.4		1
513.5		1
513.6		1
513.7		1
513.8		1
513.9		1
514		1
514.1		1
514.2		1
514.3		1
514.4		1
514.5		1
514.6		1
514.7		1
514.8		1
514.9		1
515		1
515.1		1
515.2		1
515.3		1
515.4		1
515.5		1
515.6		1
515.7		1
515.8		1
515.9		1
516		1
516.1		1
516.2		1
516.3		1
516.4		1
516.5		1
516.6		1
516.7		1
516.8		1
516.9		1
517		1
517.1		1
517.2		1
517.3		1
517.4		1
517.5		1
517.6		1
517.7		1
517.8		1
517.9		1
518		1
518.1		1
518.2		1
518.3		1
518.4		1
518.5		1
518.6		1
518.7		1
518.8		1
518.9		1
519		1
519.1		1
519.2		1
519.3		1
519.4		1
519.5		1
519.6		1
519.7		1
519.8		1
519.9		1
520		1
520.1		1
520.2		1
520.3		1
520.4		1
520.5		1
520.6		1
520.7		1
520.8		1
520.9		1
521		1
521.1		1
521.2		1
521.3		1
521.4		1
521.5		1
521.6		1
521.7		1
521.8		1
521.9		1
522		1
522.1		1
522.2		1
522.3		1
522.4		1
522.5		1
522.6		1
522.7		1
522.8		1
522.9		1
523		1
523.1		1
523.2		1
523.3		1
523.4		1
523.5		1
523.6		1
523.7		1
523.8		1
523.9		1
524		1
524.1		1
524.2		1
524.3		1
524.4		1
524.5		1
524.6		1
524.7		1
524.8		1
524.9		1
525		1
525.1		1
525.2		1
525.3		1
525.4		1
525.5		1
525.6		1
525.7		1
525.8		1
525.9		1
526		1
526.1		1
526.2		1
526.3		1
526.4		1
526.5		1
526.6		1
526.7		1
526.8		1
526.9		1
527		1
527.1		1
527.2		1
527.3		1
527.4		1
527.5		1
527.6		1
527.7		1
527.8		1
527.9		1
528		1
528.1		1
528.2		1
528.3		1
528.4		1
528.5		1
528.6		1
528.7		1
528.8		1
528.9		1
529		1
529.1		1
529.2		1
529.3		1
529.4		1
529.5		1
529.6		1
529.7		1
529.8		1
529.9		1
530		1
530.1		1
530.2		1
530.3		1
530.4		1
530.5		1
530.6		1
530.7		1
530.8		1
530.9		1
531		1
531.1		1
531.2		1
531.3		1
531.4		1
531.5		1
531.6		1
531.7		1
531.8		1
531.9		1
532		1
532.1		1
532.2		1
532.3		1
532.4		1
532.5		1
532.6		1
532.7		1
532.8		1
532.9		1
533		1
533.1		1
533.2		1
533.3		1
533.4		1
533.5		1
533.6		1
533.7		1
533.8		1
533.9		1
534		1
534.1		1
534.2		1
534.3		1
534.4		1
534.5		1
534.6		1
534.7		1
534.8		1
534.9		1
535		1
535.1		1
535.2		1
535.3		1
535.4		1
535.5		1
535.6		1
535.7		1
535.8		1
535.9		1
536		1
536.1		1
536.2		1
536.3		1
536.4		1
536.5		1
536.6		1
536.7		1
536.8		1
536.9		1
537		1
537.1		1
537.2		1
537.3		1
537.4		1
537.5		1
537.6		1
537.7		1
537.8		1
537.9		1
538		1
538.1		1
538.2		1
538.3		1
538.4		1
538.5		1
538.6		1
538.7		1
538.8		1
538.9		1
539		1
539.1		1
539.2		1
539.3		1
539.4		1
539.5		1
539.6		1
539.7		1
539.8		1
539.9		1
540		1
540.1		1
540.2		1
540.3		1
540.4		1
540.5		1
540.6		1
540.7		1
540.8		1
540.9		1
541		1
541.1		1
541.2		1
541.3		1
541.4		1
541.5		1
541.6		1
541.7		1
541.8		1
541.9		1
542		1
542.1		1
542.2		1
542.3		1
542.4		1
542.5		1
542.6		1
542.7		1
542.8		1
542.9		1
543		1
543.1		1
543.2		1
543.3		1
543.4		1
543.5		1
543.6		1
543.7		1
543.8		1
543.9		1
544		1
544.1		1
544.2		1
544.3		1
544.4		1
544.5		1
544.6		1
544.7		1
544.8		1
544.9		1
545		1
545.1		1
545.2		1
545.3		1
545.4		1
545.5		1
545.6		1
545.7		1
545.8		1
545.9		1
546		1
546.1		1
546.2		1
546.3		1
546.4		1
546.5		1
546.6		1
546.7		1
546.8		1
546.9		1
547		1
547.1		1
547.2		1
547.3		1
547.4		1
547.5		1
547.6		1
547.7		1
547.8		1
547.9		1
548		1
548.1		1
548.2		1
548.3		1
548.4		1
548.5		1
548.6		1
548.7		1
548.8		1
548.9		1
549		1
549.1		1
549.2		1
549.3		1
549.4		1
549.5		1
549.6		1
549.7		1
549.8		1
549.9		1
550		1
550.1		1
550.2		1
550.3		1
550.4		1
550.5		1
550.6		1
550.7		1
550.8		1
550.9		1
551		1
551.1		1
551.2		1
551.3		1
551.4		1
551.5		1
551.6		1
551.7		1
551.8		1
551.9		1
552		1
552.1		1
552.2		1
552.3		1
552.4		1
552.5		1
552.6		1
552.7		1
552.8		1
552.9		1
553		1
553.1		1
553.2		1
553.3		1
553.4		1
553.5		1
553.6		1
553.7		1
553.8		1
553.9		1
554		1
554.1		1
554.2		1
554.3		1
554.4		1
554.5		1
554.6		1
554.7		1
554.8		1
554.9		1
555		1
555.1		1
555.2		1
555.3		1
555.4		1
555.5		1
555.6		1
555.7		1
555.8		1
555.9		1
556		1
556.1		1
556.2		1
556.3		1
556.4		1
556.5		1
556.6		1
556.7		1
556.8		1
556.9		1
557		1
557.1		1
557.2		1
557.3		1
557.4		1
557.5		1
557.6		1
557.7		1
557.8		1
557.9		1
558		1
558.1		1
558.2		1
558.3		1
558.4		1
558.5		1
558.6		1
558.7		1
558.8		1
558.9		1
559		1
559.1		1
559.2		1
559.3		1
559.4		1
559.5		1
559.6		1
559.7		1
559.8		1
559.9		1
560		1
560.1		1
560.2		1
560.3		1
560.4		1
560.5		1
560.6		1
560.7		1
560.8		1
560.9		1
561		1
561.1		1
561.2		1
561.3		1
561.4		1
561.5		1
561.6		1
561.7		1
561.8		1
561.9		1
562		1
562.1		1
562.2		1
562.3		1
562.4		1
562.5		1
562.6		1
562.7		1
562.8		1
562.9		1
563		1
563.1		1
563.2		1
563.3		1
563.4		1
563.5		1
563.6		1
563.7		1
563.8		1
563.9		1
564		1
564.1		1
564.2		1
564.3		1
564.4		1
564.5		1
564.6		1
564.7		1
564.8		1
564.9		1
565		1
565.1		1
565.2		1
565.3		1
565.4		1
565.5		1
565.6		1
565.7		1
565.8		1
565.9		1
566		1
566.1		1
566.2		1
566.3		1
566.4		1
566.5		1
566.6		1
566.7		1
566.8		1
566.9		1
567		1
567.1		1
567.2		1
567.3		1
567.4		1
567.5		1
567.6		1
567.7		1
567.8		1
567.9		1
568		1
568.1		1
568.2		1
568.3		1
568.4		1
568.5		1
568.6		1
568.7		1
568.8		1
568.9		1
569		1
569.1		1
569.2		1
569.3		1
569.4		1
569.5		1
569.6		1
569.7		1
569.8		1
569.9		1
570		1
570.1		1
570.2		1
570.3		1
570.4		1
570.5		1
570.6		1
570.7		1
570.8		1
570.9		1
571		1
571.1		1
571.2		1
571.3		1
571.4		1
571.5		1
571.6		1
571.7		1
571.8		1
571.9		1
572		1
572.1		1
572.2		1
572.3		1
572.4		1
572.5		1
572.6		1
572.7		1
572.8		1
572.9		1
573		1
573.1		1
573.2		1
573.3		1
573.4		1
573.5		1
573.6		1
573.7		1
573.8		1
573.9		1
574		1
574.1		1
574.2		1
574.3		1
574.4		1
574.5		1
574.6		1
574.7		1
574.8		1
574.9		1
575		1
575.1		1
575.2		1
575.3		1
575.4		1
575.5		1
575.6		1
575.7		1
575.8		1
575.9		1
576		1
576.1		1
576.2		1
576.3		1
576.4		1
576.5		1
576.6		1
576.7		1
576.8		1
576.9		1
577		1
577.1		1
577.2		1
577.3		1
577.4		1
577.5		1
577.6		1
577.7		1
577.8		1
577.9		1
578		1
578.1		1
578.2		1
578.3		1
578.4		1
578.5		1
578.6		1
578.7		1
578.8		1
578.9		1
579		1
579.1		1
579.2		1
579.3		1
579.4		1
579.5		1
579.6		1
579.7		1
579.8		1
579.9		1
580		1
580.1		1
580.2		1
580.3		1
580.4		1
580.5		1
580.6		1
580.7		1
580.8		1
580.9		1
581		1
581.1		1
581.2		1
581.3		1
581.4		1
581.5		1
581.6		1
581.7		1
581.8		1
581.9		1
582		1
582.1		1
582.2		1
582.3		1
582.4		1
582.5		1
582.6		1
582.7		1
582.8		1
582.9		1
583		1
583.1		1
583.2		1
583.3		1
583.4		1
583.5		1
583.6		1
583.7		1
583.8		1
583.9		1
584		1
584.1		1
584.2		1
584.3		1
584.4		1
584.5		1
584.6		1
584.7		1
584.8		1
584.9		1
585		1
585.1		1
585.2		1
585.3		1
585.4		1
585.5		1
585.6		1
585.7		1
585.8		1
585.9		1
586		1
586.1		1
586.2		1
586.3		1
586.4		1
586.5		1
586.6		1
586.7		1
586.8		1
586.9		1
587		1
587.1		1
587.2		1
587.3		1
587.4		1
587.5		1
587.6		1
587.7		1
587.8		1
587.9		1
588		1
588.1		1
588.2		1
588.3		1
588.4		1
588.5		1
588.6		1
588.7		1
588.8		1
588.9		1
589		1
589.1		1
589.2		1
589.3		1
589.4		1
589.5		1
589.6		1
589.7		1
589.8		1
589.9		1
590		1
590.1		1
590.2		1
590.3		1
590.4		1
590.5		1
590.6		1
590.7		1
590.8		1
590.9		1
591		1
591.1		1
591.2		1
591.3		1
591.4		1
591.5		1
591.6		1
591.7		1
591.8		1
591.9		1
592		1
592.1		1
592.2		1
592.3		1
592.4		1
592.5		1
592.6		1
592.7		1
592.8		1
592.9		1
593		1
593.1		1
593.2		1
593.3		1
593.4		1
593.5		1
593.6		1
593.7		1
593.8		1
593.9		1
594		1
594.1		1
594.2		1
594.3		1
594.4		1
594.5		1
594.6		1
594.7		1
594.8		1
594.9		1
595		1
595.1		1
595.2		1
595.3		1
595.4		1
595.5		1
595.6		1
595.7		1
595.8		1
595.9		1
596		1
596.1		1
596.2		1
596.3		1
596.4		1
596.5		1
596.6		1
596.7		1
596.8		1
596.9		1
597		1
597.1		1
597.2		1
597.3		1
597.4		1
597.5		1
597.6		1
597.7		1
597.8		1
597.9		1
598		1
598.1		1
598.2		1
598.3		1
598.4		1
598.5		1
598.6		1
598.7		1
598.8		1
598.9		1
599		1
599.1		1
599.2		1
599.3		1
599.4		1
599.5		1
599.6		1
599.7		1
599.8		1
599.9		1
600		1
