# Calibration file of tamex_id 0 @ channel 24
# fine_T bin		 Calibration value
0.1		0
0.2		0
0.3		0
0.4		0
0.5		0
0.6		0
0.7		0
0.8		0
0.9		0
1		0
1.1		0
1.2		0
1.3		0
1.4		0
1.5		0
1.6		0
1.7		0
1.8		0
1.9		0
2		0
2.1		0
2.2		0
2.3		0
2.4		0
2.5		0
2.6		0
2.7		0
2.8		0
2.9		0
3		0
3.1		0
3.2		0
3.3		0
3.4		0
3.5		0
3.6		0
3.7		0
3.8		0
3.9		0
4		0
4.1		0
4.2		0
4.3		0
4.4		0
4.5		0
4.6		0
4.7		0
4.8		0
4.9		0
5		0
5.1		0
5.2		0
5.3		0
5.4		0
5.5		0
5.6		0
5.7		0
5.8		0
5.9		0
6		0
6.1		0
6.2		0
6.3		0
6.4		0
6.5		0
6.6		0
6.7		0
6.8		0
6.9		0
7		0
7.1		0
7.2		0
7.3		0
7.4		0
7.5		0
7.6		0
7.7		0
7.8		0
7.9		0
8		0
8.1		0
8.2		0
8.3		0
8.4		0
8.5		0
8.6		0
8.7		0
8.8		0
8.9		0
9		0
9.1		0
9.2		0
9.3		0
9.4		0
9.5		0
9.6		0
9.7		0
9.8		0
9.9		0
10		0
10.1		0
10.2		0
10.3		0
10.4		0
10.5		0
10.6		0
10.7		0
10.8		0
10.9		0
11		0
11.1		0
11.2		0
11.3		0
11.4		0
11.5		0
11.6		0
11.7		0
11.8		0
11.9		0
12		0
12.1		0
12.2		0
12.3		0
12.4		0
12.5		0
12.6		0
12.7		0
12.8		0
12.9		0
13		0
13.1		0
13.2		0
13.3		0
13.4		0
13.5		0
13.6		0
13.7		0
13.8		0
13.9		0
14		0
14.1		0
14.2		0
14.3		0
14.4		0
14.5		0
14.6		0
14.7		0
14.8		0
14.9		0
15		0
15.1		0
15.2		0
15.3		0
15.4		0
15.5		0
15.6		0
15.7		0
15.8		0
15.9		0
16		0
16.1		0.00485583
16.2		0.00485583
16.3		0.00485583
16.4		0.00485583
16.5		0.00485583
16.6		0.00485583
16.7		0.00485583
16.8		0.00485583
16.9		0.00485583
17		0.00485583
17.1		0.00798012
17.2		0.00798012
17.3		0.00798012
17.4		0.00798012
17.5		0.00798012
17.6		0.00798012
17.7		0.00798012
17.8		0.00798012
17.9		0.00798012
18		0.00798012
18.1		0.010728
18.2		0.010728
18.3		0.010728
18.4		0.010728
18.5		0.010728
18.6		0.010728
18.7		0.010728
18.8		0.010728
18.9		0.010728
19		0.010728
19.1		0.0109162
19.2		0.0109162
19.3		0.0109162
19.4		0.0109162
19.5		0.0109162
19.6		0.0109162
19.7		0.0109162
19.8		0.0109162
19.9		0.0109162
20		0.0109162
20.1		0.0201762
20.2		0.0201762
20.3		0.0201762
20.4		0.0201762
20.5		0.0201762
20.6		0.0201762
20.7		0.0201762
20.8		0.0201762
20.9		0.0201762
21		0.0201762
21.1		0.0205149
21.2		0.0205149
21.3		0.0205149
21.4		0.0205149
21.5		0.0205149
21.6		0.0205149
21.7		0.0205149
21.8		0.0205149
21.9		0.0205149
22		0.0205149
22.1		0.0213431
22.2		0.0213431
22.3		0.0213431
22.4		0.0213431
22.5		0.0213431
22.6		0.0213431
22.7		0.0213431
22.8		0.0213431
22.9		0.0213431
23		0.0213431
23.1		0.0216818
23.2		0.0216818
23.3		0.0216818
23.4		0.0216818
23.5		0.0216818
23.6		0.0216818
23.7		0.0216818
23.8		0.0216818
23.9		0.0216818
24		0.0216818
24.1		0.0274034
24.2		0.0274034
24.3		0.0274034
24.4		0.0274034
24.5		0.0274034
24.6		0.0274034
24.7		0.0274034
24.8		0.0274034
24.9		0.0274034
25		0.0274034
25.1		0.0289468
25.2		0.0289468
25.3		0.0289468
25.4		0.0289468
25.5		0.0289468
25.6		0.0289468
25.7		0.0289468
25.8		0.0289468
25.9		0.0289468
26		0.0289468
26.1		0.0292103
26.2		0.0292103
26.3		0.0292103
26.4		0.0292103
26.5		0.0292103
26.6		0.0292103
26.7		0.0292103
26.8		0.0292103
26.9		0.0292103
27		0.0292103
27.1		0.0305277
27.2		0.0305277
27.3		0.0305277
27.4		0.0305277
27.5		0.0305277
27.6		0.0305277
27.7		0.0305277
27.8		0.0305277
27.9		0.0305277
28		0.0305277
28.1		0.0345178
28.2		0.0345178
28.3		0.0345178
28.4		0.0345178
28.5		0.0345178
28.6		0.0345178
28.7		0.0345178
28.8		0.0345178
28.9		0.0345178
29		0.0345178
29.1		0.0358729
29.2		0.0358729
29.3		0.0358729
29.4		0.0358729
29.5		0.0358729
29.6		0.0358729
29.7		0.0358729
29.8		0.0358729
29.9		0.0358729
30		0.0358729
30.1		0.0389972
30.2		0.0389972
30.3		0.0389972
30.4		0.0389972
30.5		0.0389972
30.6		0.0389972
30.7		0.0389972
30.8		0.0389972
30.9		0.0389972
31		0.0389972
31.1		0.0397124
31.2		0.0397124
31.3		0.0397124
31.4		0.0397124
31.5		0.0397124
31.6		0.0397124
31.7		0.0397124
31.8		0.0397124
31.9		0.0397124
32		0.0397124
32.1		0.0433261
32.2		0.0433261
32.3		0.0433261
32.4		0.0433261
32.5		0.0433261
32.6		0.0433261
32.7		0.0433261
32.8		0.0433261
32.9		0.0433261
33		0.0433261
33.1		0.0451705
33.2		0.0451705
33.3		0.0451705
33.4		0.0451705
33.5		0.0451705
33.6		0.0451705
33.7		0.0451705
33.8		0.0451705
33.9		0.0451705
34		0.0451705
34.1		0.0455846
34.2		0.0455846
34.3		0.0455846
34.4		0.0455846
34.5		0.0455846
34.6		0.0455846
34.7		0.0455846
34.8		0.0455846
34.9		0.0455846
35		0.0455846
35.1		0.0473538
35.2		0.0473538
35.3		0.0473538
35.4		0.0473538
35.5		0.0473538
35.6		0.0473538
35.7		0.0473538
35.8		0.0473538
35.9		0.0473538
36		0.0473538
36.1		0.0535271
36.2		0.0535271
36.3		0.0535271
36.4		0.0535271
36.5		0.0535271
36.6		0.0535271
36.7		0.0535271
36.8		0.0535271
36.9		0.0535271
37		0.0535271
37.1		0.0538282
37.2		0.0538282
37.3		0.0538282
37.4		0.0538282
37.5		0.0538282
37.6		0.0538282
37.7		0.0538282
37.8		0.0538282
37.9		0.0538282
38		0.0538282
38.1		0.054167
38.2		0.054167
38.3		0.054167
38.4		0.054167
38.5		0.054167
38.6		0.054167
38.7		0.054167
38.8		0.054167
38.9		0.054167
39		0.054167
39.1		0.0583453
39.2		0.0583453
39.3		0.0583453
39.4		0.0583453
39.5		0.0583453
39.6		0.0583453
39.7		0.0583453
39.8		0.0583453
39.9		0.0583453
40		0.0583453
40.1		0.060265
40.2		0.060265
40.3		0.060265
40.4		0.060265
40.5		0.060265
40.6		0.060265
40.7		0.060265
40.8		0.060265
40.9		0.060265
41		0.060265
41.1		0.0634269
41.2		0.0634269
41.3		0.0634269
41.4		0.0634269
41.5		0.0634269
41.6		0.0634269
41.7		0.0634269
41.8		0.0634269
41.9		0.0634269
42		0.0634269
42.1		0.0642174
42.2		0.0642174
42.3		0.0642174
42.4		0.0642174
42.5		0.0642174
42.6		0.0642174
42.7		0.0642174
42.8		0.0642174
42.9		0.0642174
43		0.0642174
43.1		0.0644809
43.2		0.0644809
43.3		0.0644809
43.4		0.0644809
43.5		0.0644809
43.6		0.0644809
43.7		0.0644809
43.8		0.0644809
43.9		0.0644809
44		0.0644809
44.1		0.0677558
44.2		0.0677558
44.3		0.0677558
44.4		0.0677558
44.5		0.0677558
44.6		0.0677558
44.7		0.0677558
44.8		0.0677558
44.9		0.0677558
45		0.0677558
45.1		0.0705037
45.2		0.0705037
45.3		0.0705037
45.4		0.0705037
45.5		0.0705037
45.6		0.0705037
45.7		0.0705037
45.8		0.0705037
45.9		0.0705037
46		0.0705037
46.1		0.0743055
46.2		0.0743055
46.3		0.0743055
46.4		0.0743055
46.5		0.0743055
46.6		0.0743055
46.7		0.0743055
46.8		0.0743055
46.9		0.0743055
47		0.0743055
47.1		0.0755853
47.2		0.0755853
47.3		0.0755853
47.4		0.0755853
47.5		0.0755853
47.6		0.0755853
47.7		0.0755853
47.8		0.0755853
47.9		0.0755853
48		0.0755853
48.1		0.0761123
48.2		0.0761123
48.3		0.0761123
48.4		0.0761123
48.5		0.0761123
48.6		0.0761123
48.7		0.0761123
48.8		0.0761123
48.9		0.0761123
49		0.0761123
49.1		0.0774298
49.2		0.0774298
49.3		0.0774298
49.4		0.0774298
49.5		0.0774298
49.6		0.0774298
49.7		0.0774298
49.8		0.0774298
49.9		0.0774298
50		0.0774298
50.1		0.0799518
50.2		0.0799518
50.3		0.0799518
50.4		0.0799518
50.5		0.0799518
50.6		0.0799518
50.7		0.0799518
50.8		0.0799518
50.9		0.0799518
51		0.0799518
51.1		0.0820221
51.2		0.0820221
51.3		0.0820221
51.4		0.0820221
51.5		0.0820221
51.6		0.0820221
51.7		0.0820221
51.8		0.0820221
51.9		0.0820221
52		0.0820221
52.1		0.0855228
52.2		0.0855228
52.3		0.0855228
52.4		0.0855228
52.5		0.0855228
52.6		0.0855228
52.7		0.0855228
52.8		0.0855228
52.9		0.0855228
53		0.0855228
53.1		0.0857487
53.2		0.0857487
53.3		0.0857487
53.4		0.0857487
53.5		0.0857487
53.6		0.0857487
53.7		0.0857487
53.8		0.0857487
53.9		0.0857487
54		0.0857487
54.1		0.0891365
54.2		0.0891365
54.3		0.0891365
54.4		0.0891365
54.5		0.0891365
54.6		0.0891365
54.7		0.0891365
54.8		0.0891365
54.9		0.0891365
55		0.0891365
55.1		0.0911692
55.2		0.0911692
55.3		0.0911692
55.4		0.0911692
55.5		0.0911692
55.6		0.0911692
55.7		0.0911692
55.8		0.0911692
55.9		0.0911692
56		0.0911692
56.1		0.0913574
56.2		0.0913574
56.3		0.0913574
56.4		0.0913574
56.5		0.0913574
56.6		0.0913574
56.7		0.0913574
56.8		0.0913574
56.9		0.0913574
57		0.0913574
57.1		0.0914703
57.2		0.0914703
57.3		0.0914703
57.4		0.0914703
57.5		0.0914703
57.6		0.0914703
57.7		0.0914703
57.8		0.0914703
57.9		0.0914703
58		0.0914703
58.1		0.0982835
58.2		0.0982835
58.3		0.0982835
58.4		0.0982835
58.5		0.0982835
58.6		0.0982835
58.7		0.0982835
58.8		0.0982835
58.9		0.0982835
59		0.0982835
59.1		0.0994504
59.2		0.0994504
59.3		0.0994504
59.4		0.0994504
59.5		0.0994504
59.6		0.0994504
59.7		0.0994504
59.8		0.0994504
59.9		0.0994504
60		0.0994504
60.1		0.0998268
60.2		0.0998268
60.3		0.0998268
60.4		0.0998268
60.5		0.0998268
60.6		0.0998268
60.7		0.0998268
60.8		0.0998268
60.9		0.0998268
61		0.0998268
61.1		0.101408
61.2		0.101408
61.3		0.101408
61.4		0.101408
61.5		0.101408
61.6		0.101408
61.7		0.101408
61.8		0.101408
61.9		0.101408
62		0.101408
62.1		0.106226
62.2		0.106226
62.3		0.106226
62.4		0.106226
62.5		0.106226
62.6		0.106226
62.7		0.106226
62.8		0.106226
62.9		0.106226
63		0.106226
63.1		0.107543
63.2		0.107543
63.3		0.107543
63.4		0.107543
63.5		0.107543
63.6		0.107543
63.7		0.107543
63.8		0.107543
63.9		0.107543
64		0.107543
64.1		0.109275
64.2		0.109275
64.3		0.109275
64.4		0.109275
64.5		0.109275
64.6		0.109275
64.7		0.109275
64.8		0.109275
64.9		0.109275
65		0.109275
65.1		0.110668
65.2		0.110668
65.3		0.110668
65.4		0.110668
65.5		0.110668
65.6		0.110668
65.7		0.110668
65.8		0.110668
65.9		0.110668
66		0.110668
66.1		0.114808
66.2		0.114808
66.3		0.114808
66.4		0.114808
66.5		0.114808
66.6		0.114808
66.7		0.114808
66.8		0.114808
66.9		0.114808
67		0.114808
67.1		0.115674
67.2		0.115674
67.3		0.115674
67.4		0.115674
67.5		0.115674
67.6		0.115674
67.7		0.115674
67.8		0.115674
67.9		0.115674
68		0.115674
68.1		0.116502
68.2		0.116502
68.3		0.116502
68.4		0.116502
68.5		0.116502
68.6		0.116502
68.7		0.116502
68.8		0.116502
68.9		0.116502
69		0.116502
69.1		0.116954
69.2		0.116954
69.3		0.116954
69.4		0.116954
69.5		0.116954
69.6		0.116954
69.7		0.116954
69.8		0.116954
69.9		0.116954
70		0.116954
70.1		0.123014
70.2		0.123014
70.3		0.123014
70.4		0.123014
70.5		0.123014
70.6		0.123014
70.7		0.123014
70.8		0.123014
70.9		0.123014
71		0.123014
71.1		0.124407
71.2		0.124407
71.3		0.124407
71.4		0.124407
71.5		0.124407
71.6		0.124407
71.7		0.124407
71.8		0.124407
71.9		0.124407
72		0.124407
72.1		0.124784
72.2		0.124784
72.3		0.124784
72.4		0.124784
72.5		0.124784
72.6		0.124784
72.7		0.124784
72.8		0.124784
72.9		0.124784
73		0.124784
73.1		0.128924
73.2		0.128924
73.3		0.128924
73.4		0.128924
73.5		0.128924
73.6		0.128924
73.7		0.128924
73.8		0.128924
73.9		0.128924
74		0.128924
74.1		0.132425
74.2		0.132425
74.3		0.132425
74.4		0.132425
74.5		0.132425
74.6		0.132425
74.7		0.132425
74.8		0.132425
74.9		0.132425
75		0.132425
75.1		0.132914
75.2		0.132914
75.3		0.132914
75.4		0.132914
75.5		0.132914
75.6		0.132914
75.7		0.132914
75.8		0.132914
75.9		0.132914
76		0.132914
76.1		0.133404
76.2		0.133404
76.3		0.133404
76.4		0.133404
76.5		0.133404
76.6		0.133404
76.7		0.133404
76.8		0.133404
76.9		0.133404
77		0.133404
77.1		0.137469
77.2		0.137469
77.3		0.137469
77.4		0.137469
77.5		0.137469
77.6		0.137469
77.7		0.137469
77.8		0.137469
77.9		0.137469
78		0.137469
78.1		0.137883
78.2		0.137883
78.3		0.137883
78.4		0.137883
78.5		0.137883
78.6		0.137883
78.7		0.137883
78.8		0.137883
78.9		0.137883
79		0.137883
79.1		0.142061
79.2		0.142061
79.3		0.142061
79.4		0.142061
79.5		0.142061
79.6		0.142061
79.7		0.142061
79.8		0.142061
79.9		0.142061
80		0.142061
80.1		0.142287
80.2		0.142287
80.3		0.142287
80.4		0.142287
80.5		0.142287
80.6		0.142287
80.7		0.142287
80.8		0.142287
80.9		0.142287
81		0.142287
81.1		0.142664
81.2		0.142664
81.3		0.142664
81.4		0.142664
81.5		0.142664
81.6		0.142664
81.7		0.142664
81.8		0.142664
81.9		0.142664
82		0.142664
82.1		0.144508
82.2		0.144508
82.3		0.144508
82.4		0.144508
82.5		0.144508
82.6		0.144508
82.7		0.144508
82.8		0.144508
82.9		0.144508
83		0.144508
83.1		0.147896
83.2		0.147896
83.3		0.147896
83.4		0.147896
83.5		0.147896
83.6		0.147896
83.7		0.147896
83.8		0.147896
83.9		0.147896
84		0.147896
84.1		0.152149
84.2		0.152149
84.3		0.152149
84.4		0.152149
84.5		0.152149
84.6		0.152149
84.7		0.152149
84.8		0.152149
84.9		0.152149
85		0.152149
85.1		0.152488
85.2		0.152488
85.3		0.152488
85.4		0.152488
85.5		0.152488
85.6		0.152488
85.7		0.152488
85.8		0.152488
85.9		0.152488
86		0.152488
86.1		0.152789
86.2		0.152789
86.3		0.152789
86.4		0.152789
86.5		0.152789
86.6		0.152789
86.7		0.152789
86.8		0.152789
86.9		0.152789
87		0.152789
87.1		0.156817
87.2		0.156817
87.3		0.156817
87.4		0.156817
87.5		0.156817
87.6		0.156817
87.7		0.156817
87.8		0.156817
87.9		0.156817
88		0.156817
88.1		0.160017
88.2		0.160017
88.3		0.160017
88.4		0.160017
88.5		0.160017
88.6		0.160017
88.7		0.160017
88.8		0.160017
88.9		0.160017
89		0.160017
89.1		0.160205
89.2		0.160205
89.3		0.160205
89.4		0.160205
89.5		0.160205
89.6		0.160205
89.7		0.160205
89.8		0.160205
89.9		0.160205
90		0.160205
90.1		0.161748
90.2		0.161748
90.3		0.161748
90.4		0.161748
90.5		0.161748
90.6		0.161748
90.7		0.161748
90.8		0.161748
90.9		0.161748
91		0.161748
91.1		0.163178
91.2		0.163178
91.3		0.163178
91.4		0.163178
91.5		0.163178
91.6		0.163178
91.7		0.163178
91.8		0.163178
91.9		0.163178
92		0.163178
92.1		0.168524
92.2		0.168524
92.3		0.168524
92.4		0.168524
92.5		0.168524
92.6		0.168524
92.7		0.168524
92.8		0.168524
92.9		0.168524
93		0.168524
93.1		0.168825
93.2		0.168825
93.3		0.168825
93.4		0.168825
93.5		0.168825
93.6		0.168825
93.7		0.168825
93.8		0.168825
93.9		0.168825
94		0.168825
94.1		0.170105
94.2		0.170105
94.3		0.170105
94.4		0.170105
94.5		0.170105
94.6		0.170105
94.7		0.170105
94.8		0.170105
94.9		0.170105
95		0.170105
95.1		0.17082
95.2		0.17082
95.3		0.17082
95.4		0.17082
95.5		0.17082
95.6		0.17082
95.7		0.17082
95.8		0.17082
95.9		0.17082
96		0.17082
96.1		0.175676
96.2		0.175676
96.3		0.175676
96.4		0.175676
96.5		0.175676
96.6		0.175676
96.7		0.175676
96.8		0.175676
96.9		0.175676
97		0.175676
97.1		0.178988
97.2		0.178988
97.3		0.178988
97.4		0.178988
97.5		0.178988
97.6		0.178988
97.7		0.178988
97.8		0.178988
97.9		0.178988
98		0.178988
98.1		0.179365
98.2		0.179365
98.3		0.179365
98.4		0.179365
98.5		0.179365
98.6		0.179365
98.7		0.179365
98.8		0.179365
98.9		0.179365
99		0.179365
99.1		0.17959
99.2		0.17959
99.3		0.17959
99.4		0.17959
99.5		0.17959
99.6		0.17959
99.7		0.17959
99.8		0.17959
99.9		0.17959
100		0.17959
100.1		0.185237
100.2		0.185237
100.3		0.185237
100.4		0.185237
100.5		0.185237
100.6		0.185237
100.7		0.185237
100.8		0.185237
100.9		0.185237
101		0.185237
101.1		0.186328
101.2		0.186328
101.3		0.186328
101.4		0.186328
101.5		0.186328
101.6		0.186328
101.7		0.186328
101.8		0.186328
101.9		0.186328
102		0.186328
102.1		0.188323
102.2		0.188323
102.3		0.188323
102.4		0.188323
102.5		0.188323
102.6		0.188323
102.7		0.188323
102.8		0.188323
102.9		0.188323
103		0.188323
103.1		0.19141
103.2		0.19141
103.3		0.19141
103.4		0.19141
103.5		0.19141
103.6		0.19141
103.7		0.19141
103.8		0.19141
103.9		0.19141
104		0.19141
104.1		0.192351
104.2		0.192351
104.3		0.192351
104.4		0.192351
104.5		0.192351
104.6		0.192351
104.7		0.192351
104.8		0.192351
104.9		0.192351
105		0.192351
105.1		0.193556
105.2		0.193556
105.3		0.193556
105.4		0.193556
105.5		0.193556
105.6		0.193556
105.7		0.193556
105.8		0.193556
105.9		0.193556
106		0.193556
106.1		0.193932
106.2		0.193932
106.3		0.193932
106.4		0.193932
106.5		0.193932
106.6		0.193932
106.7		0.193932
106.8		0.193932
106.9		0.193932
107		0.193932
107.1		0.199202
107.2		0.199202
107.3		0.199202
107.4		0.199202
107.5		0.199202
107.6		0.199202
107.7		0.199202
107.8		0.199202
107.9		0.199202
108		0.199202
108.1		0.19988
108.2		0.19988
108.3		0.19988
108.4		0.19988
108.5		0.19988
108.6		0.19988
108.7		0.19988
108.8		0.19988
108.9		0.19988
109		0.19988
109.1		0.202929
109.2		0.202929
109.3		0.202929
109.4		0.202929
109.5		0.202929
109.6		0.202929
109.7		0.202929
109.8		0.202929
109.9		0.202929
110		0.202929
110.1		0.204848
110.2		0.204848
110.3		0.204848
110.4		0.204848
110.5		0.204848
110.6		0.204848
110.7		0.204848
110.8		0.204848
110.9		0.204848
111		0.204848
111.1		0.206354
111.2		0.206354
111.3		0.206354
111.4		0.206354
111.5		0.206354
111.6		0.206354
111.7		0.206354
111.8		0.206354
111.9		0.206354
112		0.206354
112.1		0.206956
112.2		0.206956
112.3		0.206956
112.4		0.206956
112.5		0.206956
112.6		0.206956
112.7		0.206956
112.8		0.206956
112.9		0.206956
113		0.206956
113.1		0.209817
113.2		0.209817
113.3		0.209817
113.4		0.209817
113.5		0.209817
113.6		0.209817
113.7		0.209817
113.8		0.209817
113.9		0.209817
114		0.209817
114.1		0.215125
114.2		0.215125
114.3		0.215125
114.4		0.215125
114.5		0.215125
114.6		0.215125
114.7		0.215125
114.8		0.215125
114.9		0.215125
115		0.215125
115.1		0.216894
115.2		0.216894
115.3		0.216894
115.4		0.216894
115.5		0.216894
115.6		0.216894
115.7		0.216894
115.8		0.216894
115.9		0.216894
116		0.216894
116.1		0.218437
116.2		0.218437
116.3		0.218437
116.4		0.218437
116.5		0.218437
116.6		0.218437
116.7		0.218437
116.8		0.218437
116.9		0.218437
117		0.218437
117.1		0.218588
117.2		0.218588
117.3		0.218588
117.4		0.218588
117.5		0.218588
117.6		0.218588
117.7		0.218588
117.8		0.218588
117.9		0.218588
118		0.218588
118.1		0.221336
118.2		0.221336
118.3		0.221336
118.4		0.221336
118.5		0.221336
118.6		0.221336
118.7		0.221336
118.8		0.221336
118.9		0.221336
119		0.221336
119.1		0.223105
119.2		0.223105
119.3		0.223105
119.4		0.223105
119.5		0.223105
119.6		0.223105
119.7		0.223105
119.8		0.223105
119.9		0.223105
120		0.223105
120.1		0.224272
120.2		0.224272
120.3		0.224272
120.4		0.224272
120.5		0.224272
120.6		0.224272
120.7		0.224272
120.8		0.224272
120.9		0.224272
121		0.224272
121.1		0.229956
121.2		0.229956
121.3		0.229956
121.4		0.229956
121.5		0.229956
121.6		0.229956
121.7		0.229956
121.8		0.229956
121.9		0.229956
122		0.229956
122.1		0.232553
122.2		0.232553
122.3		0.232553
122.4		0.232553
122.5		0.232553
122.6		0.232553
122.7		0.232553
122.8		0.232553
122.9		0.232553
123		0.232553
123.1		0.234021
123.2		0.234021
123.3		0.234021
123.4		0.234021
123.5		0.234021
123.6		0.234021
123.7		0.234021
123.8		0.234021
123.9		0.234021
124		0.234021
124.1		0.23579
124.2		0.23579
124.3		0.23579
124.4		0.23579
124.5		0.23579
124.6		0.23579
124.7		0.23579
124.8		0.23579
124.9		0.23579
125		0.23579
125.1		0.236204
125.2		0.236204
125.3		0.236204
125.4		0.236204
125.5		0.236204
125.6		0.236204
125.7		0.236204
125.8		0.236204
125.9		0.236204
126		0.236204
126.1		0.240119
126.2		0.240119
126.3		0.240119
126.4		0.240119
126.5		0.240119
126.6		0.240119
126.7		0.240119
126.8		0.240119
126.9		0.240119
127		0.240119
127.1		0.242001
127.2		0.242001
127.3		0.242001
127.4		0.242001
127.5		0.242001
127.6		0.242001
127.7		0.242001
127.8		0.242001
127.9		0.242001
128		0.242001
128.1		0.24313
128.2		0.24313
128.3		0.24313
128.4		0.24313
128.5		0.24313
128.6		0.24313
128.7		0.24313
128.8		0.24313
128.9		0.24313
129		0.24313
129.1		0.244184
129.2		0.244184
129.3		0.244184
129.4		0.244184
129.5		0.244184
129.6		0.244184
129.7		0.244184
129.8		0.244184
129.9		0.244184
130		0.244184
130.1		0.251637
130.2		0.251637
130.3		0.251637
130.4		0.251637
130.5		0.251637
130.6		0.251637
130.7		0.251637
130.8		0.251637
130.9		0.251637
131		0.251637
131.1		0.251939
131.2		0.251939
131.3		0.251939
131.4		0.251939
131.5		0.251939
131.6		0.251939
131.7		0.251939
131.8		0.251939
131.9		0.251939
132		0.251939
132.1		0.252089
132.2		0.252089
132.3		0.252089
132.4		0.252089
132.5		0.252089
132.6		0.252089
132.7		0.252089
132.8		0.252089
132.9		0.252089
133		0.252089
133.1		0.252541
133.2		0.252541
133.3		0.252541
133.4		0.252541
133.5		0.252541
133.6		0.252541
133.7		0.252541
133.8		0.252541
133.9		0.252541
134		0.252541
134.1		0.261048
134.2		0.261048
134.3		0.261048
134.4		0.261048
134.5		0.261048
134.6		0.261048
134.7		0.261048
134.8		0.261048
134.9		0.261048
135		0.261048
135.1		0.261537
135.2		0.261537
135.3		0.261537
135.4		0.261537
135.5		0.261537
135.6		0.261537
135.7		0.261537
135.8		0.261537
135.9		0.261537
136		0.261537
136.1		0.262855
136.2		0.262855
136.3		0.262855
136.4		0.262855
136.5		0.262855
136.6		0.262855
136.7		0.262855
136.8		0.262855
136.9		0.262855
137		0.262855
137.1		0.263081
137.2		0.263081
137.3		0.263081
137.4		0.263081
137.5		0.263081
137.6		0.263081
137.7		0.263081
137.8		0.263081
137.9		0.263081
138		0.263081
138.1		0.266619
138.2		0.266619
138.3		0.266619
138.4		0.266619
138.5		0.266619
138.6		0.266619
138.7		0.266619
138.8		0.266619
138.9		0.266619
139		0.266619
139.1		0.267485
139.2		0.267485
139.3		0.267485
139.4		0.267485
139.5		0.267485
139.6		0.267485
139.7		0.267485
139.8		0.267485
139.9		0.267485
140		0.267485
140.1		0.270835
140.2		0.270835
140.3		0.270835
140.4		0.270835
140.5		0.270835
140.6		0.270835
140.7		0.270835
140.8		0.270835
140.9		0.270835
141		0.270835
141.1		0.271738
141.2		0.271738
141.3		0.271738
141.4		0.271738
141.5		0.271738
141.6		0.271738
141.7		0.271738
141.8		0.271738
141.9		0.271738
142		0.271738
142.1		0.274449
142.2		0.274449
142.3		0.274449
142.4		0.274449
142.5		0.274449
142.6		0.274449
142.7		0.274449
142.8		0.274449
142.9		0.274449
143		0.274449
143.1		0.275691
143.2		0.275691
143.3		0.275691
143.4		0.275691
143.5		0.275691
143.6		0.275691
143.7		0.275691
143.8		0.275691
143.9		0.275691
144		0.275691
144.1		0.276782
144.2		0.276782
144.3		0.276782
144.4		0.276782
144.5		0.276782
144.6		0.276782
144.7		0.276782
144.8		0.276782
144.9		0.276782
145		0.276782
145.1		0.278363
145.2		0.278363
145.3		0.278363
145.4		0.278363
145.5		0.278363
145.6		0.278363
145.7		0.278363
145.8		0.278363
145.9		0.278363
146		0.278363
146.1		0.281488
146.2		0.281488
146.3		0.281488
146.4		0.281488
146.5		0.281488
146.6		0.281488
146.7		0.281488
146.8		0.281488
146.9		0.281488
147		0.281488
147.1		0.283633
147.2		0.283633
147.3		0.283633
147.4		0.283633
147.5		0.283633
147.6		0.283633
147.7		0.283633
147.8		0.283633
147.9		0.283633
148		0.283633
148.1		0.285741
148.2		0.285741
148.3		0.285741
148.4		0.285741
148.5		0.285741
148.6		0.285741
148.7		0.285741
148.8		0.285741
148.9		0.285741
149		0.285741
149.1		0.290559
149.2		0.290559
149.3		0.290559
149.4		0.290559
149.5		0.290559
149.6		0.290559
149.7		0.290559
149.8		0.290559
149.9		0.290559
150		0.290559
150.1		0.29071
150.2		0.29071
150.3		0.29071
150.4		0.29071
150.5		0.29071
150.6		0.29071
150.7		0.29071
150.8		0.29071
150.9		0.29071
151		0.29071
151.1		0.291689
151.2		0.291689
151.3		0.291689
151.4		0.291689
151.5		0.291689
151.6		0.291689
151.7		0.291689
151.8		0.291689
151.9		0.291689
152		0.291689
152.1		0.292027
152.2		0.292027
152.3		0.292027
152.4		0.292027
152.5		0.292027
152.6		0.292027
152.7		0.292027
152.8		0.292027
152.9		0.292027
153		0.292027
153.1		0.295378
153.2		0.295378
153.3		0.295378
153.4		0.295378
153.5		0.295378
153.6		0.295378
153.7		0.295378
153.8		0.295378
153.9		0.295378
154		0.295378
154.1		0.300685
154.2		0.300685
154.3		0.300685
154.4		0.300685
154.5		0.300685
154.6		0.300685
154.7		0.300685
154.8		0.300685
154.9		0.300685
155		0.300685
155.1		0.300949
155.2		0.300949
155.3		0.300949
155.4		0.300949
155.5		0.300949
155.6		0.300949
155.7		0.300949
155.8		0.300949
155.9		0.300949
156		0.300949
156.1		0.303019
156.2		0.303019
156.3		0.303019
156.4		0.303019
156.5		0.303019
156.6		0.303019
156.7		0.303019
156.8		0.303019
156.9		0.303019
157		0.303019
157.1		0.305541
157.2		0.305541
157.3		0.305541
157.4		0.305541
157.5		0.305541
157.6		0.305541
157.7		0.305541
157.8		0.305541
157.9		0.305541
158		0.305541
158.1		0.306256
158.2		0.306256
158.3		0.306256
158.4		0.306256
158.5		0.306256
158.6		0.306256
158.7		0.306256
158.8		0.306256
158.9		0.306256
159		0.306256
159.1		0.306369
159.2		0.306369
159.3		0.306369
159.4		0.306369
159.5		0.306369
159.6		0.306369
159.7		0.306369
159.8		0.306369
159.9		0.306369
160		0.306369
160.1		0.314236
160.2		0.314236
160.3		0.314236
160.4		0.314236
160.5		0.314236
160.6		0.314236
160.7		0.314236
160.8		0.314236
160.9		0.314236
161		0.314236
161.1		0.31578
161.2		0.31578
161.3		0.31578
161.4		0.31578
161.5		0.31578
161.6		0.31578
161.7		0.31578
161.8		0.31578
161.9		0.31578
162		0.31578
162.1		0.316194
162.2		0.316194
162.3		0.316194
162.4		0.316194
162.5		0.316194
162.6		0.316194
162.7		0.316194
162.8		0.316194
162.9		0.316194
163		0.316194
163.1		0.318302
163.2		0.318302
163.3		0.318302
163.4		0.318302
163.5		0.318302
163.6		0.318302
163.7		0.318302
163.8		0.318302
163.9		0.318302
164		0.318302
164.1		0.322028
164.2		0.322028
164.3		0.322028
164.4		0.322028
164.5		0.322028
164.6		0.322028
164.7		0.322028
164.8		0.322028
164.9		0.322028
165		0.322028
165.1		0.325265
165.2		0.325265
165.3		0.325265
165.4		0.325265
165.5		0.325265
165.6		0.325265
165.7		0.325265
165.8		0.325265
165.9		0.325265
166		0.325265
166.1		0.325529
166.2		0.325529
166.3		0.325529
166.4		0.325529
166.5		0.325529
166.6		0.325529
166.7		0.325529
166.8		0.325529
166.9		0.325529
167		0.325529
167.1		0.326357
167.2		0.326357
167.3		0.326357
167.4		0.326357
167.5		0.326357
167.6		0.326357
167.7		0.326357
167.8		0.326357
167.9		0.326357
168		0.326357
168.1		0.331514
168.2		0.331514
168.3		0.331514
168.4		0.331514
168.5		0.331514
168.6		0.331514
168.7		0.331514
168.8		0.331514
168.9		0.331514
169		0.331514
169.1		0.333697
169.2		0.333697
169.3		0.333697
169.4		0.333697
169.5		0.333697
169.6		0.333697
169.7		0.333697
169.8		0.333697
169.9		0.333697
170		0.333697
170.1		0.334601
170.2		0.334601
170.3		0.334601
170.4		0.334601
170.5		0.334601
170.6		0.334601
170.7		0.334601
170.8		0.334601
170.9		0.334601
171		0.334601
171.1		0.336219
171.2		0.336219
171.3		0.336219
171.4		0.336219
171.5		0.336219
171.6		0.336219
171.7		0.336219
171.8		0.336219
171.9		0.336219
172		0.336219
172.1		0.340661
172.2		0.340661
172.3		0.340661
172.4		0.340661
172.5		0.340661
172.6		0.340661
172.7		0.340661
172.8		0.340661
172.9		0.340661
173		0.340661
173.1		0.343371
173.2		0.343371
173.3		0.343371
173.4		0.343371
173.5		0.343371
173.6		0.343371
173.7		0.343371
173.8		0.343371
173.9		0.343371
174		0.343371
174.1		0.344199
174.2		0.344199
174.3		0.344199
174.4		0.344199
174.5		0.344199
174.6		0.344199
174.7		0.344199
174.8		0.344199
174.9		0.344199
175		0.344199
175.1		0.347324
175.2		0.347324
175.3		0.347324
175.4		0.347324
175.5		0.347324
175.6		0.347324
175.7		0.347324
175.8		0.347324
175.9		0.347324
176		0.347324
176.1		0.350072
176.2		0.350072
176.3		0.350072
176.4		0.350072
176.5		0.350072
176.6		0.350072
176.7		0.350072
176.8		0.350072
176.9		0.350072
177		0.350072
177.1		0.353459
177.2		0.353459
177.3		0.353459
177.4		0.353459
177.5		0.353459
177.6		0.353459
177.7		0.353459
177.8		0.353459
177.9		0.353459
178		0.353459
178.1		0.354701
178.2		0.354701
178.3		0.354701
178.4		0.354701
178.5		0.354701
178.6		0.354701
178.7		0.354701
178.8		0.354701
178.9		0.354701
179		0.354701
179.1		0.356847
179.2		0.356847
179.3		0.356847
179.4		0.356847
179.5		0.356847
179.6		0.356847
179.7		0.356847
179.8		0.356847
179.9		0.356847
180		0.356847
180.1		0.357901
180.2		0.357901
180.3		0.357901
180.4		0.357901
180.5		0.357901
180.6		0.357901
180.7		0.357901
180.8		0.357901
180.9		0.357901
181		0.357901
181.1		0.361853
181.2		0.361853
181.3		0.361853
181.4		0.361853
181.5		0.361853
181.6		0.361853
181.7		0.361853
181.8		0.361853
181.9		0.361853
182		0.361853
182.1		0.362832
182.2		0.362832
182.3		0.362832
182.4		0.362832
182.5		0.362832
182.6		0.362832
182.7		0.362832
182.8		0.362832
182.9		0.362832
183		0.362832
183.1		0.363359
183.2		0.363359
183.3		0.363359
183.4		0.363359
183.5		0.363359
183.6		0.363359
183.7		0.363359
183.8		0.363359
183.9		0.363359
184		0.363359
184.1		0.365919
184.2		0.365919
184.3		0.365919
184.4		0.365919
184.5		0.365919
184.6		0.365919
184.7		0.365919
184.8		0.365919
184.9		0.365919
185		0.365919
185.1		0.368215
185.2		0.368215
185.3		0.368215
185.4		0.368215
185.5		0.368215
185.6		0.368215
185.7		0.368215
185.8		0.368215
185.9		0.368215
186		0.368215
186.1		0.371753
186.2		0.371753
186.3		0.371753
186.4		0.371753
186.5		0.371753
186.6		0.371753
186.7		0.371753
186.8		0.371753
186.9		0.371753
187		0.371753
187.1		0.372017
187.2		0.372017
187.3		0.372017
187.4		0.372017
187.5		0.372017
187.6		0.372017
187.7		0.372017
187.8		0.372017
187.9		0.372017
188		0.372017
188.1		0.372356
188.2		0.372356
188.3		0.372356
188.4		0.372356
188.5		0.372356
188.6		0.372356
188.7		0.372356
188.8		0.372356
188.9		0.372356
189		0.372356
189.1		0.373485
189.2		0.373485
189.3		0.373485
189.4		0.373485
189.5		0.373485
189.6		0.373485
189.7		0.373485
189.8		0.373485
189.9		0.373485
190		0.373485
190.1		0.37691
190.2		0.37691
190.3		0.37691
190.4		0.37691
190.5		0.37691
190.6		0.37691
190.7		0.37691
190.8		0.37691
190.9		0.37691
191		0.37691
191.1		0.379207
191.2		0.379207
191.3		0.379207
191.4		0.379207
191.5		0.379207
191.6		0.379207
191.7		0.379207
191.8		0.379207
191.9		0.379207
192		0.379207
192.1		0.381729
192.2		0.381729
192.3		0.381729
192.4		0.381729
192.5		0.381729
192.6		0.381729
192.7		0.381729
192.8		0.381729
192.9		0.381729
193		0.381729
193.1		0.381879
193.2		0.381879
193.3		0.381879
193.4		0.381879
193.5		0.381879
193.6		0.381879
193.7		0.381879
193.8		0.381879
193.9		0.381879
194		0.381879
194.1		0.385869
194.2		0.385869
194.3		0.385869
194.4		0.385869
194.5		0.385869
194.6		0.385869
194.7		0.385869
194.8		0.385869
194.9		0.385869
195		0.385869
195.1		0.387563
195.2		0.387563
195.3		0.387563
195.4		0.387563
195.5		0.387563
195.6		0.387563
195.7		0.387563
195.8		0.387563
195.9		0.387563
196		0.387563
196.1		0.389069
196.2		0.389069
196.3		0.389069
196.4		0.389069
196.5		0.389069
196.6		0.389069
196.7		0.389069
196.8		0.389069
196.9		0.389069
197		0.389069
197.1		0.390537
197.2		0.390537
197.3		0.390537
197.4		0.390537
197.5		0.390537
197.6		0.390537
197.7		0.390537
197.8		0.390537
197.9		0.390537
198		0.390537
198.1		0.392607
198.2		0.392607
198.3		0.392607
198.4		0.392607
198.5		0.392607
198.6		0.392607
198.7		0.392607
198.8		0.392607
198.9		0.392607
199		0.392607
199.1		0.396861
199.2		0.396861
199.3		0.396861
199.4		0.396861
199.5		0.396861
199.6		0.396861
199.7		0.396861
199.8		0.396861
199.9		0.396861
200		0.396861
200.1		0.397275
200.2		0.397275
200.3		0.397275
200.4		0.397275
200.5		0.397275
200.6		0.397275
200.7		0.397275
200.8		0.397275
200.9		0.397275
201		0.397275
201.1		0.400663
201.2		0.400663
201.3		0.400663
201.4		0.400663
201.5		0.400663
201.6		0.400663
201.7		0.400663
201.8		0.400663
201.9		0.400663
202		0.400663
202.1		0.403072
202.2		0.403072
202.3		0.403072
202.4		0.403072
202.5		0.403072
202.6		0.403072
202.7		0.403072
202.8		0.403072
202.9		0.403072
203		0.403072
203.1		0.404653
203.2		0.404653
203.3		0.404653
203.4		0.404653
203.5		0.404653
203.6		0.404653
203.7		0.404653
203.8		0.404653
203.9		0.404653
204		0.404653
204.1		0.410111
204.2		0.410111
204.3		0.410111
204.4		0.410111
204.5		0.410111
204.6		0.410111
204.7		0.410111
204.8		0.410111
204.9		0.410111
205		0.410111
205.1		0.410562
205.2		0.410562
205.3		0.410562
205.4		0.410562
205.5		0.410562
205.6		0.410562
205.7		0.410562
205.8		0.410562
205.9		0.410562
206		0.410562
206.1		0.414854
206.2		0.414854
206.3		0.414854
206.4		0.414854
206.5		0.414854
206.6		0.414854
206.7		0.414854
206.8		0.414854
206.9		0.414854
207		0.414854
207.1		0.41587
207.2		0.41587
207.3		0.41587
207.4		0.41587
207.5		0.41587
207.6		0.41587
207.7		0.41587
207.8		0.41587
207.9		0.41587
208		0.41587
208.1		0.419898
208.2		0.419898
208.3		0.419898
208.4		0.419898
208.5		0.419898
208.6		0.419898
208.7		0.419898
208.8		0.419898
208.9		0.419898
209		0.419898
209.1		0.422457
209.2		0.422457
209.3		0.422457
209.4		0.422457
209.5		0.422457
209.6		0.422457
209.7		0.422457
209.8		0.422457
209.9		0.422457
210		0.422457
210.1		0.424226
210.2		0.424226
210.3		0.424226
210.4		0.424226
210.5		0.424226
210.6		0.424226
210.7		0.424226
210.8		0.424226
210.9		0.424226
211		0.424226
211.1		0.426146
211.2		0.426146
211.3		0.426146
211.4		0.426146
211.5		0.426146
211.6		0.426146
211.7		0.426146
211.8		0.426146
211.9		0.426146
212		0.426146
212.1		0.431115
212.2		0.431115
212.3		0.431115
212.4		0.431115
212.5		0.431115
212.6		0.431115
212.7		0.431115
212.8		0.431115
212.9		0.431115
213		0.431115
213.1		0.43119
213.2		0.43119
213.3		0.43119
213.4		0.43119
213.5		0.43119
213.6		0.43119
213.7		0.43119
213.8		0.43119
213.9		0.43119
214		0.43119
214.1		0.432207
214.2		0.432207
214.3		0.432207
214.4		0.432207
214.5		0.432207
214.6		0.432207
214.7		0.432207
214.8		0.432207
214.9		0.432207
215		0.432207
215.1		0.432621
215.2		0.432621
215.3		0.432621
215.4		0.432621
215.5		0.432621
215.6		0.432621
215.7		0.432621
215.8		0.432621
215.9		0.432621
216		0.432621
216.1		0.436874
216.2		0.436874
216.3		0.436874
216.4		0.436874
216.5		0.436874
216.6		0.436874
216.7		0.436874
216.8		0.436874
216.9		0.436874
217		0.436874
217.1		0.437966
217.2		0.437966
217.3		0.437966
217.4		0.437966
217.5		0.437966
217.6		0.437966
217.7		0.437966
217.8		0.437966
217.9		0.437966
218		0.437966
218.1		0.441165
218.2		0.441165
218.3		0.441165
218.4		0.441165
218.5		0.441165
218.6		0.441165
218.7		0.441165
218.8		0.441165
218.9		0.441165
219		0.441165
219.1		0.441881
219.2		0.441881
219.3		0.441881
219.4		0.441881
219.5		0.441881
219.6		0.441881
219.7		0.441881
219.8		0.441881
219.9		0.441881
220		0.441881
220.1		0.445607
220.2		0.445607
220.3		0.445607
220.4		0.445607
220.5		0.445607
220.6		0.445607
220.7		0.445607
220.8		0.445607
220.9		0.445607
221		0.445607
221.1		0.446586
221.2		0.446586
221.3		0.446586
221.4		0.446586
221.5		0.446586
221.6		0.446586
221.7		0.446586
221.8		0.446586
221.9		0.446586
222		0.446586
222.1		0.448129
222.2		0.448129
222.3		0.448129
222.4		0.448129
222.5		0.448129
222.6		0.448129
222.7		0.448129
222.8		0.448129
222.9		0.448129
223		0.448129
223.1		0.448656
223.2		0.448656
223.3		0.448656
223.4		0.448656
223.5		0.448656
223.6		0.448656
223.7		0.448656
223.8		0.448656
223.9		0.448656
224		0.448656
224.1		0.451442
224.2		0.451442
224.3		0.451442
224.4		0.451442
224.5		0.451442
224.6		0.451442
224.7		0.451442
224.8		0.451442
224.9		0.451442
225		0.451442
225.1		0.455658
225.2		0.455658
225.3		0.455658
225.4		0.455658
225.5		0.455658
225.6		0.455658
225.7		0.455658
225.8		0.455658
225.9		0.455658
226		0.455658
226.1		0.45626
226.2		0.45626
226.3		0.45626
226.4		0.45626
226.5		0.45626
226.6		0.45626
226.7		0.45626
226.8		0.45626
226.9		0.45626
227		0.45626
227.1		0.456674
227.2		0.456674
227.3		0.456674
227.4		0.456674
227.5		0.456674
227.6		0.456674
227.7		0.456674
227.8		0.456674
227.9		0.456674
228		0.456674
228.1		0.459422
228.2		0.459422
228.3		0.459422
228.4		0.459422
228.5		0.459422
228.6		0.459422
228.7		0.459422
228.8		0.459422
228.9		0.459422
229		0.459422
229.1		0.463977
229.2		0.463977
229.3		0.463977
229.4		0.463977
229.5		0.463977
229.6		0.463977
229.7		0.463977
229.8		0.463977
229.9		0.463977
230		0.463977
230.1		0.464504
230.2		0.464504
230.3		0.464504
230.4		0.464504
230.5		0.464504
230.6		0.464504
230.7		0.464504
230.8		0.464504
230.9		0.464504
231		0.464504
231.1		0.46488
231.2		0.46488
231.3		0.46488
231.4		0.46488
231.5		0.46488
231.6		0.46488
231.7		0.46488
231.8		0.46488
231.9		0.46488
232		0.46488
232.1		0.471467
232.2		0.471467
232.3		0.471467
232.4		0.471467
232.5		0.471467
232.6		0.471467
232.7		0.471467
232.8		0.471467
232.9		0.471467
233		0.471467
233.1		0.47158
233.2		0.47158
233.3		0.47158
233.4		0.47158
233.5		0.47158
233.6		0.47158
233.7		0.47158
233.8		0.47158
233.9		0.47158
234		0.47158
234.1		0.474215
234.2		0.474215
234.3		0.474215
234.4		0.474215
234.5		0.474215
234.6		0.474215
234.7		0.474215
234.8		0.474215
234.9		0.474215
235		0.474215
235.1		0.475834
235.2		0.475834
235.3		0.475834
235.4		0.475834
235.5		0.475834
235.6		0.475834
235.7		0.475834
235.8		0.475834
235.9		0.475834
236		0.475834
236.1		0.478356
236.2		0.478356
236.3		0.478356
236.4		0.478356
236.5		0.478356
236.6		0.478356
236.7		0.478356
236.8		0.478356
236.9		0.478356
237		0.478356
237.1		0.480577
237.2		0.480577
237.3		0.480577
237.4		0.480577
237.5		0.480577
237.6		0.480577
237.7		0.480577
237.8		0.480577
237.9		0.480577
238		0.480577
238.1		0.483475
238.2		0.483475
238.3		0.483475
238.4		0.483475
238.5		0.483475
238.6		0.483475
238.7		0.483475
238.8		0.483475
238.9		0.483475
239		0.483475
239.1		0.485922
239.2		0.485922
239.3		0.485922
239.4		0.485922
239.5		0.485922
239.6		0.485922
239.7		0.485922
239.8		0.485922
239.9		0.485922
240		0.485922
240.1		0.486562
240.2		0.486562
240.3		0.486562
240.4		0.486562
240.5		0.486562
240.6		0.486562
240.7		0.486562
240.8		0.486562
240.9		0.486562
241		0.486562
241.1		0.489121
241.2		0.489121
241.3		0.489121
241.4		0.489121
241.5		0.489121
241.6		0.489121
241.7		0.489121
241.8		0.489121
241.9		0.489121
242		0.489121
242.1		0.490627
242.2		0.490627
242.3		0.490627
242.4		0.490627
242.5		0.490627
242.6		0.490627
242.7		0.490627
242.8		0.490627
242.9		0.490627
243		0.490627
243.1		0.495558
243.2		0.495558
243.3		0.495558
243.4		0.495558
243.5		0.495558
243.6		0.495558
243.7		0.495558
243.8		0.495558
243.9		0.495558
244		0.495558
244.1		0.496499
244.2		0.496499
244.3		0.496499
244.4		0.496499
244.5		0.496499
244.6		0.496499
244.7		0.496499
244.8		0.496499
244.9		0.496499
245		0.496499
245.1		0.498532
245.2		0.498532
245.3		0.498532
245.4		0.498532
245.5		0.498532
245.6		0.498532
245.7		0.498532
245.8		0.498532
245.9		0.498532
246		0.498532
246.1		0.501092
246.2		0.501092
246.3		0.501092
246.4		0.501092
246.5		0.501092
246.6		0.501092
246.7		0.501092
246.8		0.501092
246.9		0.501092
247		0.501092
247.1		0.502447
247.2		0.502447
247.3		0.502447
247.4		0.502447
247.5		0.502447
247.6		0.502447
247.7		0.502447
247.8		0.502447
247.9		0.502447
248		0.502447
248.1		0.504141
248.2		0.504141
248.3		0.504141
248.4		0.504141
248.5		0.504141
248.6		0.504141
248.7		0.504141
248.8		0.504141
248.9		0.504141
249		0.504141
249.1		0.505458
249.2		0.505458
249.3		0.505458
249.4		0.505458
249.5		0.505458
249.6		0.505458
249.7		0.505458
249.8		0.505458
249.9		0.505458
250		0.505458
250.1		0.511857
250.2		0.511857
250.3		0.511857
250.4		0.511857
250.5		0.511857
250.6		0.511857
250.7		0.511857
250.8		0.511857
250.9		0.511857
251		0.511857
251.1		0.512874
251.2		0.512874
251.3		0.512874
251.4		0.512874
251.5		0.512874
251.6		0.512874
251.7		0.512874
251.8		0.512874
251.9		0.512874
252		0.512874
252.1		0.513325
252.2		0.513325
252.3		0.513325
252.4		0.513325
252.5		0.513325
252.6		0.513325
252.7		0.513325
252.8		0.513325
252.9		0.513325
253		0.513325
253.1		0.51517
253.2		0.51517
253.3		0.51517
253.4		0.51517
253.5		0.51517
253.6		0.51517
253.7		0.51517
253.8		0.51517
253.9		0.51517
254		0.51517
254.1		0.520402
254.2		0.520402
254.3		0.520402
254.4		0.520402
254.5		0.520402
254.6		0.520402
254.7		0.520402
254.8		0.520402
254.9		0.520402
255		0.520402
255.1		0.520854
255.2		0.520854
255.3		0.520854
255.4		0.520854
255.5		0.520854
255.6		0.520854
255.7		0.520854
255.8		0.520854
255.9		0.520854
256		0.520854
256.1		0.524204
256.2		0.524204
256.3		0.524204
256.4		0.524204
256.5		0.524204
256.6		0.524204
256.7		0.524204
256.8		0.524204
256.9		0.524204
257		0.524204
257.1		0.524806
257.2		0.524806
257.3		0.524806
257.4		0.524806
257.5		0.524806
257.6		0.524806
257.7		0.524806
257.8		0.524806
257.9		0.524806
258		0.524806
258.1		0.528683
258.2		0.528683
258.3		0.528683
258.4		0.528683
258.5		0.528683
258.6		0.528683
258.7		0.528683
258.8		0.528683
258.9		0.528683
259		0.528683
259.1		0.530227
259.2		0.530227
259.3		0.530227
259.4		0.530227
259.5		0.530227
259.6		0.530227
259.7		0.530227
259.8		0.530227
259.9		0.530227
260		0.530227
260.1		0.530528
260.2		0.530528
260.3		0.530528
260.4		0.530528
260.5		0.530528
260.6		0.530528
260.7		0.530528
260.8		0.530528
260.9		0.530528
261		0.530528
261.1		0.531845
261.2		0.531845
261.3		0.531845
261.4		0.531845
261.5		0.531845
261.6		0.531845
261.7		0.531845
261.8		0.531845
261.9		0.531845
262		0.531845
262.1		0.53497
262.2		0.53497
262.3		0.53497
262.4		0.53497
262.5		0.53497
262.6		0.53497
262.7		0.53497
262.8		0.53497
262.9		0.53497
263		0.53497
263.1		0.539035
263.2		0.539035
263.3		0.539035
263.4		0.539035
263.5		0.539035
263.6		0.539035
263.7		0.539035
263.8		0.539035
263.9		0.539035
264		0.539035
264.1		0.539449
264.2		0.539449
264.3		0.539449
264.4		0.539449
264.5		0.539449
264.6		0.539449
264.7		0.539449
264.8		0.539449
264.9		0.539449
265		0.539449
265.1		0.54118
265.2		0.54118
265.3		0.54118
265.4		0.54118
265.5		0.54118
265.6		0.54118
265.7		0.54118
265.8		0.54118
265.9		0.54118
266		0.54118
266.1		0.542122
266.2		0.542122
266.3		0.542122
266.4		0.542122
266.5		0.542122
266.6		0.542122
266.7		0.542122
266.8		0.542122
266.9		0.542122
267		0.542122
267.1		0.546714
267.2		0.546714
267.3		0.546714
267.4		0.546714
267.5		0.546714
267.6		0.546714
267.7		0.546714
267.8		0.546714
267.9		0.546714
268		0.546714
268.1		0.54822
268.2		0.54822
268.3		0.54822
268.4		0.54822
268.5		0.54822
268.6		0.54822
268.7		0.54822
268.8		0.54822
268.9		0.54822
269		0.54822
269.1		0.549725
269.2		0.549725
269.3		0.549725
269.4		0.549725
269.5		0.549725
269.6		0.549725
269.7		0.549725
269.8		0.549725
269.9		0.549725
270		0.549725
270.1		0.550403
270.2		0.550403
270.3		0.550403
270.4		0.550403
270.5		0.550403
270.6		0.550403
270.7		0.550403
270.8		0.550403
270.9		0.550403
271		0.550403
271.1		0.554845
271.2		0.554845
271.3		0.554845
271.4		0.554845
271.5		0.554845
271.6		0.554845
271.7		0.554845
271.8		0.554845
271.9		0.554845
272		0.554845
272.1		0.555259
272.2		0.555259
272.3		0.555259
272.4		0.555259
272.5		0.555259
272.6		0.555259
272.7		0.555259
272.8		0.555259
272.9		0.555259
273		0.555259
273.1		0.559286
273.2		0.559286
273.3		0.559286
273.4		0.559286
273.5		0.559286
273.6		0.559286
273.7		0.559286
273.8		0.559286
273.9		0.559286
274		0.559286
274.1		0.559475
274.2		0.559475
274.3		0.559475
274.4		0.559475
274.5		0.559475
274.6		0.559475
274.7		0.559475
274.8		0.559475
274.9		0.559475
275		0.559475
275.1		0.561771
275.2		0.561771
275.3		0.561771
275.4		0.561771
275.5		0.561771
275.6		0.561771
275.7		0.561771
275.8		0.561771
275.9		0.561771
276		0.561771
276.1		0.564707
276.2		0.564707
276.3		0.564707
276.4		0.564707
276.5		0.564707
276.6		0.564707
276.7		0.564707
276.8		0.564707
276.9		0.564707
277		0.564707
277.1		0.565987
277.2		0.565987
277.3		0.565987
277.4		0.565987
277.5		0.565987
277.6		0.565987
277.7		0.565987
277.8		0.565987
277.9		0.565987
278		0.565987
278.1		0.56625
278.2		0.56625
278.3		0.56625
278.4		0.56625
278.5		0.56625
278.6		0.56625
278.7		0.56625
278.8		0.56625
278.9		0.56625
279		0.56625
279.1		0.5696
279.2		0.5696
279.3		0.5696
279.4		0.5696
279.5		0.5696
279.6		0.5696
279.7		0.5696
279.8		0.5696
279.9		0.5696
280		0.5696
280.1		0.573289
280.2		0.573289
280.3		0.573289
280.4		0.573289
280.5		0.573289
280.6		0.573289
280.7		0.573289
280.8		0.573289
280.9		0.573289
281		0.573289
281.1		0.574155
281.2		0.574155
281.3		0.574155
281.4		0.574155
281.5		0.574155
281.6		0.574155
281.7		0.574155
281.8		0.574155
281.9		0.574155
282		0.574155
282.1		0.574607
282.2		0.574607
282.3		0.574607
282.4		0.574607
282.5		0.574607
282.6		0.574607
282.7		0.574607
282.8		0.574607
282.9		0.574607
283		0.574607
283.1		0.577919
283.2		0.577919
283.3		0.577919
283.4		0.577919
283.5		0.577919
283.6		0.577919
283.7		0.577919
283.8		0.577919
283.9		0.577919
284		0.577919
284.1		0.581156
284.2		0.581156
284.3		0.581156
284.4		0.581156
284.5		0.581156
284.6		0.581156
284.7		0.581156
284.8		0.581156
284.9		0.581156
285		0.581156
285.1		0.583415
285.2		0.583415
285.3		0.583415
285.4		0.583415
285.5		0.583415
285.6		0.583415
285.7		0.583415
285.8		0.583415
285.9		0.583415
286		0.583415
286.1		0.584996
286.2		0.584996
286.3		0.584996
286.4		0.584996
286.5		0.584996
286.6		0.584996
286.7		0.584996
286.8		0.584996
286.9		0.584996
287		0.584996
287.1		0.592186
287.2		0.592186
287.3		0.592186
287.4		0.592186
287.5		0.592186
287.6		0.592186
287.7		0.592186
287.8		0.592186
287.9		0.592186
288		0.592186
288.1		0.592261
288.2		0.592261
288.3		0.592261
288.4		0.592261
288.5		0.592261
288.6		0.592261
288.7		0.592261
288.8		0.592261
288.9		0.592261
289		0.592261
289.1		0.593842
289.2		0.593842
289.3		0.593842
289.4		0.593842
289.5		0.593842
289.6		0.593842
289.7		0.593842
289.8		0.593842
289.9		0.593842
290		0.593842
290.1		0.594971
290.2		0.594971
290.3		0.594971
290.4		0.594971
290.5		0.594971
290.6		0.594971
290.7		0.594971
290.8		0.594971
290.9		0.594971
291		0.594971
291.1		0.599827
291.2		0.599827
291.3		0.599827
291.4		0.599827
291.5		0.599827
291.6		0.599827
291.7		0.599827
291.8		0.599827
291.9		0.599827
292		0.599827
292.1		0.601558
292.2		0.601558
292.3		0.601558
292.4		0.601558
292.5		0.601558
292.6		0.601558
292.7		0.601558
292.8		0.601558
292.9		0.601558
293		0.601558
293.1		0.601558
293.2		0.601558
293.3		0.601558
293.4		0.601558
293.5		0.601558
293.6		0.601558
293.7		0.601558
293.8		0.601558
293.9		0.601558
294		0.601558
294.1		0.601558
294.2		0.601558
294.3		0.601558
294.4		0.601558
294.5		0.601558
294.6		0.601558
294.7		0.601558
294.8		0.601558
294.9		0.601558
295		0.601558
295.1		0.601558
295.2		0.601558
295.3		0.601558
295.4		0.601558
295.5		0.601558
295.6		0.601558
295.7		0.601558
295.8		0.601558
295.9		0.601558
296		0.601558
296.1		0.60265
296.2		0.60265
296.3		0.60265
296.4		0.60265
296.5		0.60265
296.6		0.60265
296.7		0.60265
296.8		0.60265
296.9		0.60265
297		0.60265
297.1		0.607807
297.2		0.607807
297.3		0.607807
297.4		0.607807
297.5		0.607807
297.6		0.607807
297.7		0.607807
297.8		0.607807
297.9		0.607807
298		0.607807
298.1		0.610969
298.2		0.610969
298.3		0.610969
298.4		0.610969
298.5		0.610969
298.6		0.610969
298.7		0.610969
298.8		0.610969
298.9		0.610969
299		0.610969
299.1		0.611571
299.2		0.611571
299.3		0.611571
299.4		0.611571
299.5		0.611571
299.6		0.611571
299.7		0.611571
299.8		0.611571
299.9		0.611571
300		0.611571
300.1		0.612588
300.2		0.612588
300.3		0.612588
300.4		0.612588
300.5		0.612588
300.6		0.612588
300.7		0.612588
300.8		0.612588
300.9		0.612588
301		0.612588
301.1		0.613265
301.2		0.613265
301.3		0.613265
301.4		0.613265
301.5		0.613265
301.6		0.613265
301.7		0.613265
301.8		0.613265
301.9		0.613265
302		0.613265
302.1		0.618347
302.2		0.618347
302.3		0.618347
302.4		0.618347
302.5		0.618347
302.6		0.618347
302.7		0.618347
302.8		0.618347
302.9		0.618347
303		0.618347
303.1		0.619551
303.2		0.619551
303.3		0.619551
303.4		0.619551
303.5		0.619551
303.6		0.619551
303.7		0.619551
303.8		0.619551
303.9		0.619551
304		0.619551
304.1		0.619777
304.2		0.619777
304.3		0.619777
304.4		0.619777
304.5		0.619777
304.6		0.619777
304.7		0.619777
304.8		0.619777
304.9		0.619777
305		0.619777
305.1		0.620116
305.2		0.620116
305.3		0.620116
305.4		0.620116
305.5		0.620116
305.6		0.620116
305.7		0.620116
305.8		0.620116
305.9		0.620116
306		0.620116
306.1		0.625612
306.2		0.625612
306.3		0.625612
306.4		0.625612
306.5		0.625612
306.6		0.625612
306.7		0.625612
306.8		0.625612
306.9		0.625612
307		0.625612
307.1		0.626477
307.2		0.626477
307.3		0.626477
307.4		0.626477
307.5		0.626477
307.6		0.626477
307.7		0.626477
307.8		0.626477
307.9		0.626477
308		0.626477
308.1		0.626666
308.2		0.626666
308.3		0.626666
308.4		0.626666
308.5		0.626666
308.6		0.626666
308.7		0.626666
308.8		0.626666
308.9		0.626666
309		0.626666
309.1		0.630392
309.2		0.630392
309.3		0.630392
309.4		0.630392
309.5		0.630392
309.6		0.630392
309.7		0.630392
309.8		0.630392
309.9		0.630392
310		0.630392
310.1		0.63058
310.2		0.63058
310.3		0.63058
310.4		0.63058
310.5		0.63058
310.6		0.63058
310.7		0.63058
310.8		0.63058
310.9		0.63058
311		0.63058
311.1		0.635775
311.2		0.635775
311.3		0.635775
311.4		0.635775
311.5		0.635775
311.6		0.635775
311.7		0.635775
311.8		0.635775
311.9		0.635775
312		0.635775
312.1		0.636114
312.2		0.636114
312.3		0.636114
312.4		0.636114
312.5		0.636114
312.6		0.636114
312.7		0.636114
312.8		0.636114
312.9		0.636114
313		0.636114
313.1		0.636415
313.2		0.636415
313.3		0.636415
313.4		0.636415
313.5		0.636415
313.6		0.636415
313.7		0.636415
313.8		0.636415
313.9		0.636415
314		0.636415
314.1		0.640857
314.2		0.640857
314.3		0.640857
314.4		0.640857
314.5		0.640857
314.6		0.640857
314.7		0.640857
314.8		0.640857
314.9		0.640857
315		0.640857
315.1		0.643115
315.2		0.643115
315.3		0.643115
315.4		0.643115
315.5		0.643115
315.6		0.643115
315.7		0.643115
315.8		0.643115
315.9		0.643115
316		0.643115
316.1		0.645938
316.2		0.645938
316.3		0.645938
316.4		0.645938
316.5		0.645938
316.6		0.645938
316.7		0.645938
316.8		0.645938
316.9		0.645938
317		0.645938
317.1		0.647482
317.2		0.647482
317.3		0.647482
317.4		0.647482
317.5		0.647482
317.6		0.647482
317.7		0.647482
317.8		0.647482
317.9		0.647482
318		0.647482
318.1		0.650154
318.2		0.650154
318.3		0.650154
318.4		0.650154
318.5		0.650154
318.6		0.650154
318.7		0.650154
318.8		0.650154
318.9		0.650154
319		0.650154
319.1		0.652639
319.2		0.652639
319.3		0.652639
319.4		0.652639
319.5		0.652639
319.6		0.652639
319.7		0.652639
319.8		0.652639
319.9		0.652639
320		0.652639
320.1		0.653166
320.2		0.653166
320.3		0.653166
320.4		0.653166
320.5		0.653166
320.6		0.653166
320.7		0.653166
320.8		0.653166
320.9		0.653166
321		0.653166
321.1		0.655612
321.2		0.655612
321.3		0.655612
321.4		0.655612
321.5		0.655612
321.6		0.655612
321.7		0.655612
321.8		0.655612
321.9		0.655612
322		0.655612
322.1		0.657193
322.2		0.657193
322.3		0.657193
322.4		0.657193
322.5		0.657193
322.6		0.657193
322.7		0.657193
322.8		0.657193
322.9		0.657193
323		0.657193
323.1		0.660054
323.2		0.660054
323.3		0.660054
323.4		0.660054
323.5		0.660054
323.6		0.660054
323.7		0.660054
323.8		0.660054
323.9		0.660054
324		0.660054
324.1		0.662764
324.2		0.662764
324.3		0.662764
324.4		0.662764
324.5		0.662764
324.6		0.662764
324.7		0.662764
324.8		0.662764
324.9		0.662764
325		0.662764
325.1		0.663894
325.2		0.663894
325.3		0.663894
325.4		0.663894
325.5		0.663894
325.6		0.663894
325.7		0.663894
325.8		0.663894
325.9		0.663894
326		0.663894
326.1		0.664609
326.2		0.664609
326.3		0.664609
326.4		0.664609
326.5		0.664609
326.6		0.664609
326.7		0.664609
326.8		0.664609
326.9		0.664609
327		0.664609
327.1		0.665512
327.2		0.665512
327.3		0.665512
327.4		0.665512
327.5		0.665512
327.6		0.665512
327.7		0.665512
327.8		0.665512
327.9		0.665512
328		0.665512
328.1		0.673191
328.2		0.673191
328.3		0.673191
328.4		0.673191
328.5		0.673191
328.6		0.673191
328.7		0.673191
328.8		0.673191
328.9		0.673191
329		0.673191
329.1		0.673869
329.2		0.673869
329.3		0.673869
329.4		0.673869
329.5		0.673869
329.6		0.673869
329.7		0.673869
329.8		0.673869
329.9		0.673869
330		0.673869
330.1		0.674321
330.2		0.674321
330.3		0.674321
330.4		0.674321
330.5		0.674321
330.6		0.674321
330.7		0.674321
330.8		0.674321
330.9		0.674321
331		0.674321
331.1		0.674659
331.2		0.674659
331.3		0.674659
331.4		0.674659
331.5		0.674659
331.6		0.674659
331.7		0.674659
331.8		0.674659
331.9		0.674659
332		0.674659
332.1		0.679289
332.2		0.679289
332.3		0.679289
332.4		0.679289
332.5		0.679289
332.6		0.679289
332.7		0.679289
332.8		0.679289
332.9		0.679289
333		0.679289
333.1		0.682828
333.2		0.682828
333.3		0.682828
333.4		0.682828
333.5		0.682828
333.6		0.682828
333.7		0.682828
333.8		0.682828
333.9		0.682828
334		0.682828
334.1		0.683844
334.2		0.683844
334.3		0.683844
334.4		0.683844
334.5		0.683844
334.6		0.683844
334.7		0.683844
334.8		0.683844
334.9		0.683844
335		0.683844
335.1		0.684823
335.2		0.684823
335.3		0.684823
335.4		0.684823
335.5		0.684823
335.6		0.684823
335.7		0.684823
335.8		0.684823
335.9		0.684823
336		0.684823
336.1		0.689114
336.2		0.689114
336.3		0.689114
336.4		0.689114
336.5		0.689114
336.6		0.689114
336.7		0.689114
336.8		0.689114
336.9		0.689114
337		0.689114
337.1		0.689867
337.2		0.689867
337.3		0.689867
337.4		0.689867
337.5		0.689867
337.6		0.689867
337.7		0.689867
337.8		0.689867
337.9		0.689867
338		0.689867
338.1		0.691335
338.2		0.691335
338.3		0.691335
338.4		0.691335
338.5		0.691335
338.6		0.691335
338.7		0.691335
338.8		0.691335
338.9		0.691335
339		0.691335
339.1		0.693405
339.2		0.693405
339.3		0.693405
339.4		0.693405
339.5		0.693405
339.6		0.693405
339.7		0.693405
339.8		0.693405
339.9		0.693405
340		0.693405
340.1		0.698938
340.2		0.698938
340.3		0.698938
340.4		0.698938
340.5		0.698938
340.6		0.698938
340.7		0.698938
340.8		0.698938
340.9		0.698938
341		0.698938
341.1		0.699051
341.2		0.699051
341.3		0.699051
341.4		0.699051
341.5		0.699051
341.6		0.699051
341.7		0.699051
341.8		0.699051
341.9		0.699051
342		0.699051
342.1		0.702514
342.2		0.702514
342.3		0.702514
342.4		0.702514
342.5		0.702514
342.6		0.702514
342.7		0.702514
342.8		0.702514
342.9		0.702514
343		0.702514
343.1		0.703757
343.2		0.703757
343.3		0.703757
343.4		0.703757
343.5		0.703757
343.6		0.703757
343.7		0.703757
343.8		0.703757
343.9		0.703757
344		0.703757
344.1		0.707897
344.2		0.707897
344.3		0.707897
344.4		0.707897
344.5		0.707897
344.6		0.707897
344.7		0.707897
344.8		0.707897
344.9		0.707897
345		0.707897
345.1		0.711774
345.2		0.711774
345.3		0.711774
345.4		0.711774
345.5		0.711774
345.6		0.711774
345.7		0.711774
345.8		0.711774
345.9		0.711774
346		0.711774
346.1		0.712866
346.2		0.712866
346.3		0.712866
346.4		0.712866
346.5		0.712866
346.6		0.712866
346.7		0.712866
346.8		0.712866
346.9		0.712866
347		0.712866
347.1		0.715125
347.2		0.715125
347.3		0.715125
347.4		0.715125
347.5		0.715125
347.6		0.715125
347.7		0.715125
347.8		0.715125
347.9		0.715125
348		0.715125
348.1		0.716856
348.2		0.716856
348.3		0.716856
348.4		0.716856
348.5		0.716856
348.6		0.716856
348.7		0.716856
348.8		0.716856
348.9		0.716856
349		0.716856
349.1		0.720319
349.2		0.720319
349.3		0.720319
349.4		0.720319
349.5		0.720319
349.6		0.720319
349.7		0.720319
349.8		0.720319
349.9		0.720319
350		0.720319
350.1		0.722691
350.2		0.722691
350.3		0.722691
350.4		0.722691
350.5		0.722691
350.6		0.722691
350.7		0.722691
350.8		0.722691
350.9		0.722691
351		0.722691
351.1		0.723895
351.2		0.723895
351.3		0.723895
351.4		0.723895
351.5		0.723895
351.6		0.723895
351.7		0.723895
351.8		0.723895
351.9		0.723895
352		0.723895
352.1		0.723895
352.2		0.723895
352.3		0.723895
352.4		0.723895
352.5		0.723895
352.6		0.723895
352.7		0.723895
352.8		0.723895
352.9		0.723895
353		0.723895
353.1		0.725966
353.2		0.725966
353.3		0.725966
353.4		0.725966
353.5		0.725966
353.6		0.725966
353.7		0.725966
353.8		0.725966
353.9		0.725966
354		0.725966
354.1		0.726229
354.2		0.726229
354.3		0.726229
354.4		0.726229
354.5		0.726229
354.6		0.726229
354.7		0.726229
354.8		0.726229
354.9		0.726229
355		0.726229
355.1		0.726568
355.2		0.726568
355.3		0.726568
355.4		0.726568
355.5		0.726568
355.6		0.726568
355.7		0.726568
355.8		0.726568
355.9		0.726568
356		0.726568
356.1		0.729504
356.2		0.729504
356.3		0.729504
356.4		0.729504
356.5		0.729504
356.6		0.729504
356.7		0.729504
356.8		0.729504
356.9		0.729504
357		0.729504
357.1		0.735414
357.2		0.735414
357.3		0.735414
357.4		0.735414
357.5		0.735414
357.6		0.735414
357.7		0.735414
357.8		0.735414
357.9		0.735414
358		0.735414
358.1		0.735414
358.2		0.735414
358.3		0.735414
358.4		0.735414
358.5		0.735414
358.6		0.735414
358.7		0.735414
358.8		0.735414
358.9		0.735414
359		0.735414
359.1		0.736731
359.2		0.736731
359.3		0.736731
359.4		0.736731
359.5		0.736731
359.6		0.736731
359.7		0.736731
359.8		0.736731
359.9		0.736731
360		0.736731
360.1		0.736919
360.2		0.736919
360.3		0.736919
360.4		0.736919
360.5		0.736919
360.6		0.736919
360.7		0.736919
360.8		0.736919
360.9		0.736919
361		0.736919
361.1		0.737258
361.2		0.737258
361.3		0.737258
361.4		0.737258
361.5		0.737258
361.6		0.737258
361.7		0.737258
361.8		0.737258
361.9		0.737258
362		0.737258
362.1		0.742942
362.2		0.742942
362.3		0.742942
362.4		0.742942
362.5		0.742942
362.6		0.742942
362.7		0.742942
362.8		0.742942
362.9		0.742942
363		0.742942
363.1		0.743281
363.2		0.743281
363.3		0.743281
363.4		0.743281
363.5		0.743281
363.6		0.743281
363.7		0.743281
363.8		0.743281
363.9		0.743281
364		0.743281
364.1		0.746857
364.2		0.746857
364.3		0.746857
364.4		0.746857
364.5		0.746857
364.6		0.746857
364.7		0.746857
364.8		0.746857
364.9		0.746857
365		0.746857
365.1		0.749191
365.2		0.749191
365.3		0.749191
365.4		0.749191
365.5		0.749191
365.6		0.749191
365.7		0.749191
365.8		0.749191
365.9		0.749191
366		0.749191
366.1		0.750395
366.2		0.750395
366.3		0.750395
366.4		0.750395
366.5		0.750395
366.6		0.750395
366.7		0.750395
366.8		0.750395
366.9		0.750395
367		0.750395
367.1		0.75352
367.2		0.75352
367.3		0.75352
367.4		0.75352
367.5		0.75352
367.6		0.75352
367.7		0.75352
367.8		0.75352
367.9		0.75352
368		0.75352
368.1		0.754348
368.2		0.754348
368.3		0.754348
368.4		0.754348
368.5		0.754348
368.6		0.754348
368.7		0.754348
368.8		0.754348
368.9		0.754348
369		0.754348
369.1		0.755213
369.2		0.755213
369.3		0.755213
369.4		0.755213
369.5		0.755213
369.6		0.755213
369.7		0.755213
369.8		0.755213
369.9		0.755213
370		0.755213
370.1		0.758789
370.2		0.758789
370.3		0.758789
370.4		0.758789
370.5		0.758789
370.6		0.758789
370.7		0.758789
370.8		0.758789
370.9		0.758789
371		0.758789
371.1		0.759203
371.2		0.759203
371.3		0.759203
371.4		0.759203
371.5		0.759203
371.6		0.759203
371.7		0.759203
371.8		0.759203
371.9		0.759203
372		0.759203
372.1		0.759806
372.2		0.759806
372.3		0.759806
372.4		0.759806
372.5		0.759806
372.6		0.759806
372.7		0.759806
372.8		0.759806
372.9		0.759806
373		0.759806
373.1		0.763118
373.2		0.763118
373.3		0.763118
373.4		0.763118
373.5		0.763118
373.6		0.763118
373.7		0.763118
373.8		0.763118
373.9		0.763118
374		0.763118
374.1		0.768125
374.2		0.768125
374.3		0.768125
374.4		0.768125
374.5		0.768125
374.6		0.768125
374.7		0.768125
374.8		0.768125
374.9		0.768125
375		0.768125
375.1		0.768878
375.2		0.768878
375.3		0.768878
375.4		0.768878
375.5		0.768878
375.6		0.768878
375.7		0.768878
375.8		0.768878
375.9		0.768878
376		0.768878
376.1		0.769555
376.2		0.769555
376.3		0.769555
376.4		0.769555
376.5		0.769555
376.6		0.769555
376.7		0.769555
376.8		0.769555
376.9		0.769555
377		0.769555
377.1		0.771738
377.2		0.771738
377.3		0.771738
377.4		0.771738
377.5		0.771738
377.6		0.771738
377.7		0.771738
377.8		0.771738
377.9		0.771738
378		0.771738
378.1		0.775051
378.2		0.775051
378.3		0.775051
378.4		0.775051
378.5		0.775051
378.6		0.775051
378.7		0.775051
378.8		0.775051
378.9		0.775051
379		0.775051
379.1		0.777234
379.2		0.777234
379.3		0.777234
379.4		0.777234
379.5		0.777234
379.6		0.777234
379.7		0.777234
379.8		0.777234
379.9		0.777234
380		0.777234
380.1		0.779944
380.2		0.779944
380.3		0.779944
380.4		0.779944
380.5		0.779944
380.6		0.779944
380.7		0.779944
380.8		0.779944
380.9		0.779944
381		0.779944
381.1		0.780396
381.2		0.780396
381.3		0.780396
381.4		0.780396
381.5		0.780396
381.6		0.780396
381.7		0.780396
381.8		0.780396
381.9		0.780396
382		0.780396
382.1		0.783483
382.2		0.783483
382.3		0.783483
382.4		0.783483
382.5		0.783483
382.6		0.783483
382.7		0.783483
382.8		0.783483
382.9		0.783483
383		0.783483
383.1		0.785967
383.2		0.785967
383.3		0.785967
383.4		0.785967
383.5		0.785967
383.6		0.785967
383.7		0.785967
383.8		0.785967
383.9		0.785967
384		0.785967
384.1		0.786456
384.2		0.786456
384.3		0.786456
384.4		0.786456
384.5		0.786456
384.6		0.786456
384.7		0.786456
384.8		0.786456
384.9		0.786456
385		0.786456
385.1		0.792253
385.2		0.792253
385.3		0.792253
385.4		0.792253
385.5		0.792253
385.6		0.792253
385.7		0.792253
385.8		0.792253
385.9		0.792253
386		0.792253
386.1		0.793194
386.2		0.793194
386.3		0.793194
386.4		0.793194
386.5		0.793194
386.6		0.793194
386.7		0.793194
386.8		0.793194
386.9		0.793194
387		0.793194
387.1		0.796093
387.2		0.796093
387.3		0.796093
387.4		0.796093
387.5		0.796093
387.6		0.796093
387.7		0.796093
387.8		0.796093
387.9		0.796093
388		0.796093
388.1		0.797523
388.2		0.797523
388.3		0.797523
388.4		0.797523
388.5		0.797523
388.6		0.797523
388.7		0.797523
388.8		0.797523
388.9		0.797523
389		0.797523
389.1		0.7979
389.2		0.7979
389.3		0.7979
389.4		0.7979
389.5		0.7979
389.6		0.7979
389.7		0.7979
389.8		0.7979
389.9		0.7979
390		0.7979
390.1		0.798991
390.2		0.798991
390.3		0.798991
390.4		0.798991
390.5		0.798991
390.6		0.798991
390.7		0.798991
390.8		0.798991
390.9		0.798991
391		0.798991
391.1		0.806331
391.2		0.806331
391.3		0.806331
391.4		0.806331
391.5		0.806331
391.6		0.806331
391.7		0.806331
391.8		0.806331
391.9		0.806331
392		0.806331
392.1		0.808176
392.2		0.808176
392.3		0.808176
392.4		0.808176
392.5		0.808176
392.6		0.808176
392.7		0.808176
392.8		0.808176
392.9		0.808176
393		0.808176
393.1		0.808628
393.2		0.808628
393.3		0.808628
393.4		0.808628
393.5		0.808628
393.6		0.808628
393.7		0.808628
393.8		0.808628
393.9		0.808628
394		0.808628
394.1		0.80923
394.2		0.80923
394.3		0.80923
394.4		0.80923
394.5		0.80923
394.6		0.80923
394.7		0.80923
394.8		0.80923
394.9		0.80923
395		0.80923
395.1		0.810434
395.2		0.810434
395.3		0.810434
395.4		0.810434
395.5		0.810434
395.6		0.810434
395.7		0.810434
395.8		0.810434
395.9		0.810434
396		0.810434
396.1		0.816532
396.2		0.816532
396.3		0.816532
396.4		0.816532
396.5		0.816532
396.6		0.816532
396.7		0.816532
396.8		0.816532
396.9		0.816532
397		0.816532
397.1		0.818753
397.2		0.818753
397.3		0.818753
397.4		0.818753
397.5		0.818753
397.6		0.818753
397.7		0.818753
397.8		0.818753
397.9		0.818753
398		0.818753
398.1		0.821275
398.2		0.821275
398.3		0.821275
398.4		0.821275
398.5		0.821275
398.6		0.821275
398.7		0.821275
398.8		0.821275
398.9		0.821275
399		0.821275
399.1		0.821991
399.2		0.821991
399.3		0.821991
399.4		0.821991
399.5		0.821991
399.6		0.821991
399.7		0.821991
399.8		0.821991
399.9		0.821991
400		0.821991
400.1		0.826206
400.2		0.826206
400.3		0.826206
400.4		0.826206
400.5		0.826206
400.6		0.826206
400.7		0.826206
400.8		0.826206
400.9		0.826206
401		0.826206
401.1		0.827373
401.2		0.827373
401.3		0.827373
401.4		0.827373
401.5		0.827373
401.6		0.827373
401.7		0.827373
401.8		0.827373
401.9		0.827373
402		0.827373
402.1		0.828314
402.2		0.828314
402.3		0.828314
402.4		0.828314
402.5		0.828314
402.6		0.828314
402.7		0.828314
402.8		0.828314
402.9		0.828314
403		0.828314
403.1		0.830309
403.2		0.830309
403.3		0.830309
403.4		0.830309
403.5		0.830309
403.6		0.830309
403.7		0.830309
403.8		0.830309
403.9		0.830309
404		0.830309
404.1		0.834111
404.2		0.834111
404.3		0.834111
404.4		0.834111
404.5		0.834111
404.6		0.834111
404.7		0.834111
404.8		0.834111
404.9		0.834111
405		0.834111
405.1		0.835353
405.2		0.835353
405.3		0.835353
405.4		0.835353
405.5		0.835353
405.6		0.835353
405.7		0.835353
405.8		0.835353
405.9		0.835353
406		0.835353
406.1		0.836859
406.2		0.836859
406.3		0.836859
406.4		0.836859
406.5		0.836859
406.6		0.836859
406.7		0.836859
406.8		0.836859
406.9		0.836859
407		0.836859
407.1		0.83844
407.2		0.83844
407.3		0.83844
407.4		0.83844
407.5		0.83844
407.6		0.83844
407.7		0.83844
407.8		0.83844
407.9		0.83844
408		0.83844
408.1		0.843296
408.2		0.843296
408.3		0.843296
408.4		0.843296
408.5		0.843296
408.6		0.843296
408.7		0.843296
408.8		0.843296
408.9		0.843296
409		0.843296
409.1		0.844312
409.2		0.844312
409.3		0.844312
409.4		0.844312
409.5		0.844312
409.6		0.844312
409.7		0.844312
409.8		0.844312
409.9		0.844312
410		0.844312
410.1		0.84499
410.2		0.84499
410.3		0.84499
410.4		0.84499
410.5		0.84499
410.6		0.84499
410.7		0.84499
410.8		0.84499
410.9		0.84499
411		0.84499
411.1		0.849356
411.2		0.849356
411.3		0.849356
411.4		0.849356
411.5		0.849356
411.6		0.849356
411.7		0.849356
411.8		0.849356
411.9		0.849356
412		0.849356
412.1		0.850297
412.2		0.850297
412.3		0.850297
412.4		0.850297
412.5		0.850297
412.6		0.850297
412.7		0.850297
412.8		0.850297
412.9		0.850297
413		0.850297
413.1		0.853045
413.2		0.853045
413.3		0.853045
413.4		0.853045
413.5		0.853045
413.6		0.853045
413.7		0.853045
413.8		0.853045
413.9		0.853045
414		0.853045
414.1		0.853158
414.2		0.853158
414.3		0.853158
414.4		0.853158
414.5		0.853158
414.6		0.853158
414.7		0.853158
414.8		0.853158
414.9		0.853158
415		0.853158
415.1		0.855454
415.2		0.855454
415.3		0.855454
415.4		0.855454
415.5		0.855454
415.6		0.855454
415.7		0.855454
415.8		0.855454
415.9		0.855454
416		0.855454
416.1		0.857261
416.2		0.857261
416.3		0.857261
416.4		0.857261
416.5		0.857261
416.6		0.857261
416.7		0.857261
416.8		0.857261
416.9		0.857261
417		0.857261
417.1		0.861138
417.2		0.861138
417.3		0.861138
417.4		0.861138
417.5		0.861138
417.6		0.861138
417.7		0.861138
417.8		0.861138
417.9		0.861138
418		0.861138
418.1		0.863359
418.2		0.863359
418.3		0.863359
418.4		0.863359
418.5		0.863359
418.6		0.863359
418.7		0.863359
418.8		0.863359
418.9		0.863359
419		0.863359
419.1		0.864677
419.2		0.864677
419.3		0.864677
419.4		0.864677
419.5		0.864677
419.6		0.864677
419.7		0.864677
419.8		0.864677
419.9		0.864677
420		0.864677
420.1		0.865881
420.2		0.865881
420.3		0.865881
420.4		0.865881
420.5		0.865881
420.6		0.865881
420.7		0.865881
420.8		0.865881
420.9		0.865881
421		0.865881
421.1		0.868215
421.2		0.868215
421.3		0.868215
421.4		0.868215
421.5		0.868215
421.6		0.868215
421.7		0.868215
421.8		0.868215
421.9		0.868215
422		0.868215
422.1		0.870022
422.2		0.870022
422.3		0.870022
422.4		0.870022
422.5		0.870022
422.6		0.870022
422.7		0.870022
422.8		0.870022
422.9		0.870022
423		0.870022
423.1		0.872431
423.2		0.872431
423.3		0.872431
423.4		0.872431
423.5		0.872431
423.6		0.872431
423.7		0.872431
423.8		0.872431
423.9		0.872431
424		0.872431
424.1		0.874125
424.2		0.874125
424.3		0.874125
424.4		0.874125
424.5		0.874125
424.6		0.874125
424.7		0.874125
424.8		0.874125
424.9		0.874125
425		0.874125
425.1		0.875329
425.2		0.875329
425.3		0.875329
425.4		0.875329
425.5		0.875329
425.6		0.875329
425.7		0.875329
425.8		0.875329
425.9		0.875329
426		0.875329
426.1		0.8809
426.2		0.8809
426.3		0.8809
426.4		0.8809
426.5		0.8809
426.6		0.8809
426.7		0.8809
426.8		0.8809
426.9		0.8809
427		0.8809
427.1		0.881051
427.2		0.881051
427.3		0.881051
427.4		0.881051
427.5		0.881051
427.6		0.881051
427.7		0.881051
427.8		0.881051
427.9		0.881051
428		0.881051
428.1		0.881616
428.2		0.881616
428.3		0.881616
428.4		0.881616
428.5		0.881616
428.6		0.881616
428.7		0.881616
428.8		0.881616
428.9		0.881616
429		0.881616
429.1		0.882143
429.2		0.882143
429.3		0.882143
429.4		0.882143
429.5		0.882143
429.6		0.882143
429.7		0.882143
429.8		0.882143
429.9		0.882143
430		0.882143
430.1		0.890311
430.2		0.890311
430.3		0.890311
430.4		0.890311
430.5		0.890311
430.6		0.890311
430.7		0.890311
430.8		0.890311
430.9		0.890311
431		0.890311
431.1		0.890763
431.2		0.890763
431.3		0.890763
431.4		0.890763
431.5		0.890763
431.6		0.890763
431.7		0.890763
431.8		0.890763
431.9		0.890763
432		0.890763
432.1		0.891892
432.2		0.891892
432.3		0.891892
432.4		0.891892
432.5		0.891892
432.6		0.891892
432.7		0.891892
432.8		0.891892
432.9		0.891892
433		0.891892
433.1		0.893134
433.2		0.893134
433.3		0.893134
433.4		0.893134
433.5		0.893134
433.6		0.893134
433.7		0.893134
433.8		0.893134
433.9		0.893134
434		0.893134
434.1		0.897199
434.2		0.897199
434.3		0.897199
434.4		0.897199
434.5		0.897199
434.6		0.897199
434.7		0.897199
434.8		0.897199
434.9		0.897199
435		0.897199
435.1		0.898479
435.2		0.898479
435.3		0.898479
435.4		0.898479
435.5		0.898479
435.6		0.898479
435.7		0.898479
435.8		0.898479
435.9		0.898479
436		0.898479
436.1		0.900248
436.2		0.900248
436.3		0.900248
436.4		0.900248
436.5		0.900248
436.6		0.900248
436.7		0.900248
436.8		0.900248
436.9		0.900248
437		0.900248
437.1		0.900775
437.2		0.900775
437.3		0.900775
437.4		0.900775
437.5		0.900775
437.6		0.900775
437.7		0.900775
437.8		0.900775
437.9		0.900775
438		0.900775
438.1		0.905104
438.2		0.905104
438.3		0.905104
438.4		0.905104
438.5		0.905104
438.6		0.905104
438.7		0.905104
438.8		0.905104
438.9		0.905104
439		0.905104
439.1		0.907438
439.2		0.907438
439.3		0.907438
439.4		0.907438
439.5		0.907438
439.6		0.907438
439.7		0.907438
439.8		0.907438
439.9		0.907438
440		0.907438
440.1		0.907739
440.2		0.907739
440.3		0.907739
440.4		0.907739
440.5		0.907739
440.6		0.907739
440.7		0.907739
440.8		0.907739
440.9		0.907739
441		0.907739
441.1		0.90868
441.2		0.90868
441.3		0.90868
441.4		0.90868
441.5		0.90868
441.6		0.90868
441.7		0.90868
441.8		0.90868
441.9		0.90868
442		0.90868
442.1		0.915569
442.2		0.915569
442.3		0.915569
442.4		0.915569
442.5		0.915569
442.6		0.915569
442.7		0.915569
442.8		0.915569
442.9		0.915569
443		0.915569
443.1		0.915757
443.2		0.915757
443.3		0.915757
443.4		0.915757
443.5		0.915757
443.6		0.915757
443.7		0.915757
443.8		0.915757
443.9		0.915757
444		0.915757
444.1		0.917413
444.2		0.917413
444.3		0.917413
444.4		0.917413
444.5		0.917413
444.6		0.917413
444.7		0.917413
444.8		0.917413
444.9		0.917413
445		0.917413
445.1		0.91922
445.2		0.91922
445.3		0.91922
445.4		0.91922
445.5		0.91922
445.6		0.91922
445.7		0.91922
445.8		0.91922
445.9		0.91922
446		0.91922
446.1		0.91986
446.2		0.91986
446.3		0.91986
446.4		0.91986
446.5		0.91986
446.6		0.91986
446.7		0.91986
446.8		0.91986
446.9		0.91986
447		0.91986
447.1		0.923737
447.2		0.923737
447.3		0.923737
447.4		0.923737
447.5		0.923737
447.6		0.923737
447.7		0.923737
447.8		0.923737
447.9		0.923737
448		0.923737
448.1		0.925958
448.2		0.925958
448.3		0.925958
448.4		0.925958
448.5		0.925958
448.6		0.925958
448.7		0.925958
448.8		0.925958
448.9		0.925958
449		0.925958
449.1		0.926334
449.2		0.926334
449.3		0.926334
449.4		0.926334
449.5		0.926334
449.6		0.926334
449.7		0.926334
449.8		0.926334
449.9		0.926334
450		0.926334
450.1		0.930212
450.2		0.930212
450.3		0.930212
450.4		0.930212
450.5		0.930212
450.6		0.930212
450.7		0.930212
450.8		0.930212
450.9		0.930212
451		0.930212
451.1		0.931266
451.2		0.931266
451.3		0.931266
451.4		0.931266
451.5		0.931266
451.6		0.931266
451.7		0.931266
451.8		0.931266
451.9		0.931266
452		0.931266
452.1		0.933185
452.2		0.933185
452.3		0.933185
452.4		0.933185
452.5		0.933185
452.6		0.933185
452.7		0.933185
452.8		0.933185
452.9		0.933185
453		0.933185
453.1		0.935557
453.2		0.935557
453.3		0.935557
453.4		0.935557
453.5		0.935557
453.6		0.935557
453.7		0.935557
453.8		0.935557
453.9		0.935557
454		0.935557
454.1		0.93853
454.2		0.93853
454.3		0.93853
454.4		0.93853
454.5		0.93853
454.6		0.93853
454.7		0.93853
454.8		0.93853
454.9		0.93853
455		0.93853
455.1		0.942633
455.2		0.942633
455.3		0.942633
455.4		0.942633
455.5		0.942633
455.6		0.942633
455.7		0.942633
455.8		0.942633
455.9		0.942633
456		0.942633
456.1		0.943612
456.2		0.943612
456.3		0.943612
456.4		0.943612
456.5		0.943612
456.6		0.943612
456.7		0.943612
456.8		0.943612
456.9		0.943612
457		0.943612
457.1		0.944628
457.2		0.944628
457.3		0.944628
457.4		0.944628
457.5		0.944628
457.6		0.944628
457.7		0.944628
457.8		0.944628
457.9		0.944628
458		0.944628
458.1		0.94779
458.2		0.94779
458.3		0.94779
458.4		0.94779
458.5		0.94779
458.6		0.94779
458.7		0.94779
458.8		0.94779
458.9		0.94779
459		0.94779
459.1		0.950764
459.2		0.950764
459.3		0.950764
459.4		0.950764
459.5		0.950764
459.6		0.950764
459.7		0.950764
459.8		0.950764
459.9		0.950764
460		0.950764
460.1		0.952985
460.2		0.952985
460.3		0.952985
460.4		0.952985
460.5		0.952985
460.6		0.952985
460.7		0.952985
460.8		0.952985
460.9		0.952985
461		0.952985
461.1		0.95419
461.2		0.95419
461.3		0.95419
461.4		0.95419
461.5		0.95419
461.6		0.95419
461.7		0.95419
461.8		0.95419
461.9		0.95419
462		0.95419
462.1		0.954491
462.2		0.954491
462.3		0.954491
462.4		0.954491
462.5		0.954491
462.6		0.954491
462.7		0.954491
462.8		0.954491
462.9		0.954491
463		0.954491
463.1		0.958518
463.2		0.958518
463.3		0.958518
463.4		0.958518
463.5		0.958518
463.6		0.958518
463.7		0.958518
463.8		0.958518
463.9		0.958518
464		0.958518
464.1		0.962923
464.2		0.962923
464.3		0.962923
464.4		0.962923
464.5		0.962923
464.6		0.962923
464.7		0.962923
464.8		0.962923
464.9		0.962923
465		0.962923
465.1		0.963148
465.2		0.963148
465.3		0.963148
465.4		0.963148
465.5		0.963148
465.6		0.963148
465.7		0.963148
465.8		0.963148
465.9		0.963148
466		0.963148
466.1		0.964353
466.2		0.964353
466.3		0.964353
466.4		0.964353
466.5		0.964353
466.6		0.964353
466.7		0.964353
466.8		0.964353
466.9		0.964353
467		0.964353
467.1		0.964955
467.2		0.964955
467.3		0.964955
467.4		0.964955
467.5		0.964955
467.6		0.964955
467.7		0.964955
467.8		0.964955
467.9		0.964955
468		0.964955
468.1		0.971204
468.2		0.971204
468.3		0.971204
468.4		0.971204
468.5		0.971204
468.6		0.971204
468.7		0.971204
468.8		0.971204
468.9		0.971204
469		0.971204
469.1		0.97286
469.2		0.97286
469.3		0.97286
469.4		0.97286
469.5		0.97286
469.6		0.97286
469.7		0.97286
469.8		0.97286
469.9		0.97286
470		0.97286
470.1		0.973801
470.2		0.973801
470.3		0.973801
470.4		0.973801
470.5		0.973801
470.6		0.973801
470.7		0.973801
470.8		0.973801
470.9		0.973801
471		0.973801
471.1		0.975156
471.2		0.975156
471.3		0.975156
471.4		0.975156
471.5		0.975156
471.6		0.975156
471.7		0.975156
471.8		0.975156
471.9		0.975156
472		0.975156
472.1		0.979523
472.2		0.979523
472.3		0.979523
472.4		0.979523
472.5		0.979523
472.6		0.979523
472.7		0.979523
472.8		0.979523
472.9		0.979523
473		0.979523
473.1		0.979861
473.2		0.979861
473.3		0.979861
473.4		0.979861
473.5		0.979861
473.6		0.979861
473.7		0.979861
473.8		0.979861
473.9		0.979861
474		0.979861
474.1		0.983739
474.2		0.983739
474.3		0.983739
474.4		0.983739
474.5		0.983739
474.6		0.983739
474.7		0.983739
474.8		0.983739
474.9		0.983739
475		0.983739
475.1		0.98483
475.2		0.98483
475.3		0.98483
475.4		0.98483
475.5		0.98483
475.6		0.98483
475.7		0.98483
475.8		0.98483
475.9		0.98483
476		0.98483
476.1		0.987202
476.2		0.987202
476.3		0.987202
476.4		0.987202
476.5		0.987202
476.6		0.987202
476.7		0.987202
476.8		0.987202
476.9		0.987202
477		0.987202
477.1		0.988256
477.2		0.988256
477.3		0.988256
477.4		0.988256
477.5		0.988256
477.6		0.988256
477.7		0.988256
477.8		0.988256
477.9		0.988256
478		0.988256
478.1		0.989009
478.2		0.989009
478.3		0.989009
478.4		0.989009
478.5		0.989009
478.6		0.989009
478.7		0.989009
478.8		0.989009
478.9		0.989009
479		0.989009
479.1		0.990288
479.2		0.990288
479.3		0.990288
479.4		0.990288
479.5		0.990288
479.6		0.990288
479.7		0.990288
479.8		0.990288
479.9		0.990288
480		0.990288
480.1		0.996424
480.2		0.996424
480.3		0.996424
480.4		0.996424
480.5		0.996424
480.6		0.996424
480.7		0.996424
480.8		0.996424
480.9		0.996424
481		0.996424
481.1		0.99872
481.2		0.99872
481.3		0.99872
481.4		0.99872
481.5		0.99872
481.6		0.99872
481.7		0.99872
481.8		0.99872
481.9		0.99872
482		0.99872
482.1		0.998871
482.2		0.998871
482.3		0.998871
482.4		0.998871
482.5		0.998871
482.6		0.998871
482.7		0.998871
482.8		0.998871
482.9		0.998871
483		0.998871
483.1		0.999511
483.2		0.999511
483.3		0.999511
483.4		0.999511
483.5		0.999511
483.6		0.999511
483.7		0.999511
483.8		0.999511
483.9		0.999511
484		0.999511
484.1		1
484.2		1
484.3		1
484.4		1
484.5		1
484.6		1
484.7		1
484.8		1
484.9		1
485		1
485.1		1
485.2		1
485.3		1
485.4		1
485.5		1
485.6		1
485.7		1
485.8		1
485.9		1
486		1
486.1		1
486.2		1
486.3		1
486.4		1
486.5		1
486.6		1
486.7		1
486.8		1
486.9		1
487		1
487.1		1
487.2		1
487.3		1
487.4		1
487.5		1
487.6		1
487.7		1
487.8		1
487.9		1
488		1
488.1		1
488.2		1
488.3		1
488.4		1
488.5		1
488.6		1
488.7		1
488.8		1
488.9		1
489		1
489.1		1
489.2		1
489.3		1
489.4		1
489.5		1
489.6		1
489.7		1
489.8		1
489.9		1
490		1
490.1		1
490.2		1
490.3		1
490.4		1
490.5		1
490.6		1
490.7		1
490.8		1
490.9		1
491		1
491.1		1
491.2		1
491.3		1
491.4		1
491.5		1
491.6		1
491.7		1
491.8		1
491.9		1
492		1
492.1		1
492.2		1
492.3		1
492.4		1
492.5		1
492.6		1
492.7		1
492.8		1
492.9		1
493		1
493.1		1
493.2		1
493.3		1
493.4		1
493.5		1
493.6		1
493.7		1
493.8		1
493.9		1
494		1
494.1		1
494.2		1
494.3		1
494.4		1
494.5		1
494.6		1
494.7		1
494.8		1
494.9		1
495		1
495.1		1
495.2		1
495.3		1
495.4		1
495.5		1
495.6		1
495.7		1
495.8		1
495.9		1
496		1
496.1		1
496.2		1
496.3		1
496.4		1
496.5		1
496.6		1
496.7		1
496.8		1
496.9		1
497		1
497.1		1
497.2		1
497.3		1
497.4		1
497.5		1
497.6		1
497.7		1
497.8		1
497.9		1
498		1
498.1		1
498.2		1
498.3		1
498.4		1
498.5		1
498.6		1
498.7		1
498.8		1
498.9		1
499		1
499.1		1
499.2		1
499.3		1
499.4		1
499.5		1
499.6		1
499.7		1
499.8		1
499.9		1
500		1
500.1		1
500.2		1
500.3		1
500.4		1
500.5		1
500.6		1
500.7		1
500.8		1
500.9		1
501		1
501.1		1
501.2		1
501.3		1
501.4		1
501.5		1
501.6		1
501.7		1
501.8		1
501.9		1
502		1
502.1		1
502.2		1
502.3		1
502.4		1
502.5		1
502.6		1
502.7		1
502.8		1
502.9		1
503		1
503.1		1
503.2		1
503.3		1
503.4		1
503.5		1
503.6		1
503.7		1
503.8		1
503.9		1
504		1
504.1		1
504.2		1
504.3		1
504.4		1
504.5		1
504.6		1
504.7		1
504.8		1
504.9		1
505		1
505.1		1
505.2		1
505.3		1
505.4		1
505.5		1
505.6		1
505.7		1
505.8		1
505.9		1
506		1
506.1		1
506.2		1
506.3		1
506.4		1
506.5		1
506.6		1
506.7		1
506.8		1
506.9		1
507		1
507.1		1
507.2		1
507.3		1
507.4		1
507.5		1
507.6		1
507.7		1
507.8		1
507.9		1
508		1
508.1		1
508.2		1
508.3		1
508.4		1
508.5		1
508.6		1
508.7		1
508.8		1
508.9		1
509		1
509.1		1
509.2		1
509.3		1
509.4		1
509.5		1
509.6		1
509.7		1
509.8		1
509.9		1
510		1
510.1		1
510.2		1
510.3		1
510.4		1
510.5		1
510.6		1
510.7		1
510.8		1
510.9		1
511		1
511.1		1
511.2		1
511.3		1
511.4		1
511.5		1
511.6		1
511.7		1
511.8		1
511.9		1
512		1
512.1		1
512.2		1
512.3		1
512.4		1
512.5		1
512.6		1
512.7		1
512.8		1
512.9		1
513		1
513.1		1
513.2		1
513.3		1
513.4		1
513.5		1
513.6		1
513.7		1
513.8		1
513.9		1
514		1
514.1		1
514.2		1
514.3		1
514.4		1
514.5		1
514.6		1
514.7		1
514.8		1
514.9		1
515		1
515.1		1
515.2		1
515.3		1
515.4		1
515.5		1
515.6		1
515.7		1
515.8		1
515.9		1
516		1
516.1		1
516.2		1
516.3		1
516.4		1
516.5		1
516.6		1
516.7		1
516.8		1
516.9		1
517		1
517.1		1
517.2		1
517.3		1
517.4		1
517.5		1
517.6		1
517.7		1
517.8		1
517.9		1
518		1
518.1		1
518.2		1
518.3		1
518.4		1
518.5		1
518.6		1
518.7		1
518.8		1
518.9		1
519		1
519.1		1
519.2		1
519.3		1
519.4		1
519.5		1
519.6		1
519.7		1
519.8		1
519.9		1
520		1
520.1		1
520.2		1
520.3		1
520.4		1
520.5		1
520.6		1
520.7		1
520.8		1
520.9		1
521		1
521.1		1
521.2		1
521.3		1
521.4		1
521.5		1
521.6		1
521.7		1
521.8		1
521.9		1
522		1
522.1		1
522.2		1
522.3		1
522.4		1
522.5		1
522.6		1
522.7		1
522.8		1
522.9		1
523		1
523.1		1
523.2		1
523.3		1
523.4		1
523.5		1
523.6		1
523.7		1
523.8		1
523.9		1
524		1
524.1		1
524.2		1
524.3		1
524.4		1
524.5		1
524.6		1
524.7		1
524.8		1
524.9		1
525		1
525.1		1
525.2		1
525.3		1
525.4		1
525.5		1
525.6		1
525.7		1
525.8		1
525.9		1
526		1
526.1		1
526.2		1
526.3		1
526.4		1
526.5		1
526.6		1
526.7		1
526.8		1
526.9		1
527		1
527.1		1
527.2		1
527.3		1
527.4		1
527.5		1
527.6		1
527.7		1
527.8		1
527.9		1
528		1
528.1		1
528.2		1
528.3		1
528.4		1
528.5		1
528.6		1
528.7		1
528.8		1
528.9		1
529		1
529.1		1
529.2		1
529.3		1
529.4		1
529.5		1
529.6		1
529.7		1
529.8		1
529.9		1
530		1
530.1		1
530.2		1
530.3		1
530.4		1
530.5		1
530.6		1
530.7		1
530.8		1
530.9		1
531		1
531.1		1
531.2		1
531.3		1
531.4		1
531.5		1
531.6		1
531.7		1
531.8		1
531.9		1
532		1
532.1		1
532.2		1
532.3		1
532.4		1
532.5		1
532.6		1
532.7		1
532.8		1
532.9		1
533		1
533.1		1
533.2		1
533.3		1
533.4		1
533.5		1
533.6		1
533.7		1
533.8		1
533.9		1
534		1
534.1		1
534.2		1
534.3		1
534.4		1
534.5		1
534.6		1
534.7		1
534.8		1
534.9		1
535		1
535.1		1
535.2		1
535.3		1
535.4		1
535.5		1
535.6		1
535.7		1
535.8		1
535.9		1
536		1
536.1		1
536.2		1
536.3		1
536.4		1
536.5		1
536.6		1
536.7		1
536.8		1
536.9		1
537		1
537.1		1
537.2		1
537.3		1
537.4		1
537.5		1
537.6		1
537.7		1
537.8		1
537.9		1
538		1
538.1		1
538.2		1
538.3		1
538.4		1
538.5		1
538.6		1
538.7		1
538.8		1
538.9		1
539		1
539.1		1
539.2		1
539.3		1
539.4		1
539.5		1
539.6		1
539.7		1
539.8		1
539.9		1
540		1
540.1		1
540.2		1
540.3		1
540.4		1
540.5		1
540.6		1
540.7		1
540.8		1
540.9		1
541		1
541.1		1
541.2		1
541.3		1
541.4		1
541.5		1
541.6		1
541.7		1
541.8		1
541.9		1
542		1
542.1		1
542.2		1
542.3		1
542.4		1
542.5		1
542.6		1
542.7		1
542.8		1
542.9		1
543		1
543.1		1
543.2		1
543.3		1
543.4		1
543.5		1
543.6		1
543.7		1
543.8		1
543.9		1
544		1
544.1		1
544.2		1
544.3		1
544.4		1
544.5		1
544.6		1
544.7		1
544.8		1
544.9		1
545		1
545.1		1
545.2		1
545.3		1
545.4		1
545.5		1
545.6		1
545.7		1
545.8		1
545.9		1
546		1
546.1		1
546.2		1
546.3		1
546.4		1
546.5		1
546.6		1
546.7		1
546.8		1
546.9		1
547		1
547.1		1
547.2		1
547.3		1
547.4		1
547.5		1
547.6		1
547.7		1
547.8		1
547.9		1
548		1
548.1		1
548.2		1
548.3		1
548.4		1
548.5		1
548.6		1
548.7		1
548.8		1
548.9		1
549		1
549.1		1
549.2		1
549.3		1
549.4		1
549.5		1
549.6		1
549.7		1
549.8		1
549.9		1
550		1
550.1		1
550.2		1
550.3		1
550.4		1
550.5		1
550.6		1
550.7		1
550.8		1
550.9		1
551		1
551.1		1
551.2		1
551.3		1
551.4		1
551.5		1
551.6		1
551.7		1
551.8		1
551.9		1
552		1
552.1		1
552.2		1
552.3		1
552.4		1
552.5		1
552.6		1
552.7		1
552.8		1
552.9		1
553		1
553.1		1
553.2		1
553.3		1
553.4		1
553.5		1
553.6		1
553.7		1
553.8		1
553.9		1
554		1
554.1		1
554.2		1
554.3		1
554.4		1
554.5		1
554.6		1
554.7		1
554.8		1
554.9		1
555		1
555.1		1
555.2		1
555.3		1
555.4		1
555.5		1
555.6		1
555.7		1
555.8		1
555.9		1
556		1
556.1		1
556.2		1
556.3		1
556.4		1
556.5		1
556.6		1
556.7		1
556.8		1
556.9		1
557		1
557.1		1
557.2		1
557.3		1
557.4		1
557.5		1
557.6		1
557.7		1
557.8		1
557.9		1
558		1
558.1		1
558.2		1
558.3		1
558.4		1
558.5		1
558.6		1
558.7		1
558.8		1
558.9		1
559		1
559.1		1
559.2		1
559.3		1
559.4		1
559.5		1
559.6		1
559.7		1
559.8		1
559.9		1
560		1
560.1		1
560.2		1
560.3		1
560.4		1
560.5		1
560.6		1
560.7		1
560.8		1
560.9		1
561		1
561.1		1
561.2		1
561.3		1
561.4		1
561.5		1
561.6		1
561.7		1
561.8		1
561.9		1
562		1
562.1		1
562.2		1
562.3		1
562.4		1
562.5		1
562.6		1
562.7		1
562.8		1
562.9		1
563		1
563.1		1
563.2		1
563.3		1
563.4		1
563.5		1
563.6		1
563.7		1
563.8		1
563.9		1
564		1
564.1		1
564.2		1
564.3		1
564.4		1
564.5		1
564.6		1
564.7		1
564.8		1
564.9		1
565		1
565.1		1
565.2		1
565.3		1
565.4		1
565.5		1
565.6		1
565.7		1
565.8		1
565.9		1
566		1
566.1		1
566.2		1
566.3		1
566.4		1
566.5		1
566.6		1
566.7		1
566.8		1
566.9		1
567		1
567.1		1
567.2		1
567.3		1
567.4		1
567.5		1
567.6		1
567.7		1
567.8		1
567.9		1
568		1
568.1		1
568.2		1
568.3		1
568.4		1
568.5		1
568.6		1
568.7		1
568.8		1
568.9		1
569		1
569.1		1
569.2		1
569.3		1
569.4		1
569.5		1
569.6		1
569.7		1
569.8		1
569.9		1
570		1
570.1		1
570.2		1
570.3		1
570.4		1
570.5		1
570.6		1
570.7		1
570.8		1
570.9		1
571		1
571.1		1
571.2		1
571.3		1
571.4		1
571.5		1
571.6		1
571.7		1
571.8		1
571.9		1
572		1
572.1		1
572.2		1
572.3		1
572.4		1
572.5		1
572.6		1
572.7		1
572.8		1
572.9		1
573		1
573.1		1
573.2		1
573.3		1
573.4		1
573.5		1
573.6		1
573.7		1
573.8		1
573.9		1
574		1
574.1		1
574.2		1
574.3		1
574.4		1
574.5		1
574.6		1
574.7		1
574.8		1
574.9		1
575		1
575.1		1
575.2		1
575.3		1
575.4		1
575.5		1
575.6		1
575.7		1
575.8		1
575.9		1
576		1
576.1		1
576.2		1
576.3		1
576.4		1
576.5		1
576.6		1
576.7		1
576.8		1
576.9		1
577		1
577.1		1
577.2		1
577.3		1
577.4		1
577.5		1
577.6		1
577.7		1
577.8		1
577.9		1
578		1
578.1		1
578.2		1
578.3		1
578.4		1
578.5		1
578.6		1
578.7		1
578.8		1
578.9		1
579		1
579.1		1
579.2		1
579.3		1
579.4		1
579.5		1
579.6		1
579.7		1
579.8		1
579.9		1
580		1
580.1		1
580.2		1
580.3		1
580.4		1
580.5		1
580.6		1
580.7		1
580.8		1
580.9		1
581		1
581.1		1
581.2		1
581.3		1
581.4		1
581.5		1
581.6		1
581.7		1
581.8		1
581.9		1
582		1
582.1		1
582.2		1
582.3		1
582.4		1
582.5		1
582.6		1
582.7		1
582.8		1
582.9		1
583		1
583.1		1
583.2		1
583.3		1
583.4		1
583.5		1
583.6		1
583.7		1
583.8		1
583.9		1
584		1
584.1		1
584.2		1
584.3		1
584.4		1
584.5		1
584.6		1
584.7		1
584.8		1
584.9		1
585		1
585.1		1
585.2		1
585.3		1
585.4		1
585.5		1
585.6		1
585.7		1
585.8		1
585.9		1
586		1
586.1		1
586.2		1
586.3		1
586.4		1
586.5		1
586.6		1
586.7		1
586.8		1
586.9		1
587		1
587.1		1
587.2		1
587.3		1
587.4		1
587.5		1
587.6		1
587.7		1
587.8		1
587.9		1
588		1
588.1		1
588.2		1
588.3		1
588.4		1
588.5		1
588.6		1
588.7		1
588.8		1
588.9		1
589		1
589.1		1
589.2		1
589.3		1
589.4		1
589.5		1
589.6		1
589.7		1
589.8		1
589.9		1
590		1
590.1		1
590.2		1
590.3		1
590.4		1
590.5		1
590.6		1
590.7		1
590.8		1
590.9		1
591		1
591.1		1
591.2		1
591.3		1
591.4		1
591.5		1
591.6		1
591.7		1
591.8		1
591.9		1
592		1
592.1		1
592.2		1
592.3		1
592.4		1
592.5		1
592.6		1
592.7		1
592.8		1
592.9		1
593		1
593.1		1
593.2		1
593.3		1
593.4		1
593.5		1
593.6		1
593.7		1
593.8		1
593.9		1
594		1
594.1		1
594.2		1
594.3		1
594.4		1
594.5		1
594.6		1
594.7		1
594.8		1
594.9		1
595		1
595.1		1
595.2		1
595.3		1
595.4		1
595.5		1
595.6		1
595.7		1
595.8		1
595.9		1
596		1
596.1		1
596.2		1
596.3		1
596.4		1
596.5		1
596.6		1
596.7		1
596.8		1
596.9		1
597		1
597.1		1
597.2		1
597.3		1
597.4		1
597.5		1
597.6		1
597.7		1
597.8		1
597.9		1
598		1
598.1		1
598.2		1
598.3		1
598.4		1
598.5		1
598.6		1
598.7		1
598.8		1
598.9		1
599		1
599.1		1
599.2		1
599.3		1
599.4		1
599.5		1
599.6		1
599.7		1
599.8		1
599.9		1
600		1
