# Calibration file of tamex_id 2 @ channel 5
# fine_T bin		 Calibration value
0.1		0
0.2		0
0.3		0
0.4		0
0.5		0
0.6		0
0.7		0
0.8		0
0.9		0
1		0
1.1		0
1.2		0
1.3		0
1.4		0
1.5		0
1.6		0
1.7		0
1.8		0
1.9		0
2		0
2.1		0
2.2		0
2.3		0
2.4		0
2.5		0
2.6		0
2.7		0
2.8		0
2.9		0
3		0
3.1		0
3.2		0
3.3		0
3.4		0
3.5		0
3.6		0
3.7		0
3.8		0
3.9		0
4		0
4.1		0
4.2		0
4.3		0
4.4		0
4.5		0
4.6		0
4.7		0
4.8		0
4.9		0
5		0
5.1		0
5.2		0
5.3		0
5.4		0
5.5		0
5.6		0
5.7		0
5.8		0
5.9		0
6		0
6.1		0
6.2		0
6.3		0
6.4		0
6.5		0
6.6		0
6.7		0
6.8		0
6.9		0
7		0
7.1		0
7.2		0
7.3		0
7.4		0
7.5		0
7.6		0
7.7		0
7.8		0
7.9		0
8		0
8.1		0
8.2		0
8.3		0
8.4		0
8.5		0
8.6		0
8.7		0
8.8		0
8.9		0
9		0
9.1		0
9.2		0
9.3		0
9.4		0
9.5		0
9.6		0
9.7		0
9.8		0
9.9		0
10		0
10.1		0
10.2		0
10.3		0
10.4		0
10.5		0
10.6		0
10.7		0
10.8		0
10.9		0
11		0
11.1		0
11.2		0
11.3		0
11.4		0
11.5		0
11.6		0
11.7		0
11.8		0
11.9		0
12		0
12.1		0
12.2		0
12.3		0
12.4		0
12.5		0
12.6		0
12.7		0
12.8		0
12.9		0
13		0
13.1		0
13.2		0
13.3		0
13.4		0
13.5		0
13.6		0
13.7		0
13.8		0
13.9		0
14		0
14.1		0
14.2		0
14.3		0
14.4		0
14.5		0
14.6		0
14.7		0
14.8		0
14.9		0
15		0
15.1		0
15.2		0
15.3		0
15.4		0
15.5		0
15.6		0
15.7		0
15.8		0
15.9		0
16		0
16.1		0.00569235
16.2		0.00569235
16.3		0.00569235
16.4		0.00569235
16.5		0.00569235
16.6		0.00569235
16.7		0.00569235
16.8		0.00569235
16.9		0.00569235
17		0.00569235
17.1		0.00833995
17.2		0.00833995
17.3		0.00833995
17.4		0.00833995
17.5		0.00833995
17.6		0.00833995
17.7		0.00833995
17.8		0.00833995
17.9		0.00833995
18		0.00833995
18.1		0.010458
18.2		0.010458
18.3		0.010458
18.4		0.010458
18.5		0.010458
18.6		0.010458
18.7		0.010458
18.8		0.010458
18.9		0.010458
19		0.010458
19.1		0.0141647
19.2		0.0141647
19.3		0.0141647
19.4		0.0141647
19.5		0.0141647
19.6		0.0141647
19.7		0.0141647
19.8		0.0141647
19.9		0.0141647
20		0.0141647
20.1		0.0190627
20.2		0.0190627
20.3		0.0190627
20.4		0.0190627
20.5		0.0190627
20.6		0.0190627
20.7		0.0190627
20.8		0.0190627
20.9		0.0190627
21		0.0190627
21.1		0.0209161
21.2		0.0209161
21.3		0.0209161
21.4		0.0209161
21.5		0.0209161
21.6		0.0209161
21.7		0.0209161
21.8		0.0209161
21.9		0.0209161
22		0.0209161
22.1		0.0213132
22.2		0.0213132
22.3		0.0213132
22.4		0.0213132
22.5		0.0213132
22.6		0.0213132
22.7		0.0213132
22.8		0.0213132
22.9		0.0213132
23		0.0213132
23.1		0.021578
23.2		0.021578
23.3		0.021578
23.4		0.021578
23.5		0.021578
23.6		0.021578
23.7		0.021578
23.8		0.021578
23.9		0.021578
24		0.021578
24.1		0.0236961
24.2		0.0236961
24.3		0.0236961
24.4		0.0236961
24.5		0.0236961
24.6		0.0236961
24.7		0.0236961
24.8		0.0236961
24.9		0.0236961
25		0.0236961
25.1		0.0239608
25.2		0.0239608
25.3		0.0239608
25.4		0.0239608
25.5		0.0239608
25.6		0.0239608
25.7		0.0239608
25.8		0.0239608
25.9		0.0239608
26		0.0239608
26.1		0.0267408
26.2		0.0267408
26.3		0.0267408
26.4		0.0267408
26.5		0.0267408
26.6		0.0267408
26.7		0.0267408
26.8		0.0267408
26.9		0.0267408
27		0.0267408
27.1		0.0268732
27.2		0.0268732
27.3		0.0268732
27.4		0.0268732
27.5		0.0268732
27.6		0.0268732
27.7		0.0268732
27.8		0.0268732
27.9		0.0268732
28		0.0268732
28.1		0.029256
28.2		0.029256
28.3		0.029256
28.4		0.029256
28.5		0.029256
28.6		0.029256
28.7		0.029256
28.8		0.029256
28.9		0.029256
29		0.029256
29.1		0.0311093
29.2		0.0311093
29.3		0.0311093
29.4		0.0311093
29.5		0.0311093
29.6		0.0311093
29.7		0.0311093
29.8		0.0311093
29.9		0.0311093
30		0.0311093
30.1		0.0350808
30.2		0.0350808
30.3		0.0350808
30.4		0.0350808
30.5		0.0350808
30.6		0.0350808
30.7		0.0350808
30.8		0.0350808
30.9		0.0350808
31		0.0350808
31.1		0.0366693
31.2		0.0366693
31.3		0.0366693
31.4		0.0366693
31.5		0.0366693
31.6		0.0366693
31.7		0.0366693
31.8		0.0366693
31.9		0.0366693
32		0.0366693
32.1		0.0369341
32.2		0.0369341
32.3		0.0369341
32.4		0.0369341
32.5		0.0369341
32.6		0.0369341
32.7		0.0369341
32.8		0.0369341
32.9		0.0369341
33		0.0369341
33.1		0.0370665
33.2		0.0370665
33.3		0.0370665
33.4		0.0370665
33.5		0.0370665
33.6		0.0370665
33.7		0.0370665
33.8		0.0370665
33.9		0.0370665
34		0.0370665
34.1		0.0426264
34.2		0.0426264
34.3		0.0426264
34.4		0.0426264
34.5		0.0426264
34.6		0.0426264
34.7		0.0426264
34.8		0.0426264
34.9		0.0426264
35		0.0426264
35.1		0.0447445
35.2		0.0447445
35.3		0.0447445
35.4		0.0447445
35.5		0.0447445
35.6		0.0447445
35.7		0.0447445
35.8		0.0447445
35.9		0.0447445
36		0.0447445
36.1		0.0455388
36.2		0.0455388
36.3		0.0455388
36.4		0.0455388
36.5		0.0455388
36.6		0.0455388
36.7		0.0455388
36.8		0.0455388
36.9		0.0455388
37		0.0455388
37.1		0.0458035
37.2		0.0458035
37.3		0.0458035
37.4		0.0458035
37.5		0.0458035
37.6		0.0458035
37.7		0.0458035
37.8		0.0458035
37.9		0.0458035
38		0.0458035
38.1		0.0477893
38.2		0.0477893
38.3		0.0477893
38.4		0.0477893
38.5		0.0477893
38.6		0.0477893
38.7		0.0477893
38.8		0.0477893
38.9		0.0477893
39		0.0477893
39.1		0.048054
39.2		0.048054
39.3		0.048054
39.4		0.048054
39.5		0.048054
39.6		0.048054
39.7		0.048054
39.8		0.048054
39.9		0.048054
40		0.048054
40.1		0.0520254
40.2		0.0520254
40.3		0.0520254
40.4		0.0520254
40.5		0.0520254
40.6		0.0520254
40.7		0.0520254
40.8		0.0520254
40.9		0.0520254
41		0.0520254
41.1		0.0549378
41.2		0.0549378
41.3		0.0549378
41.4		0.0549378
41.5		0.0549378
41.6		0.0549378
41.7		0.0549378
41.8		0.0549378
41.9		0.0549378
42		0.0549378
42.1		0.0549378
42.2		0.0549378
42.3		0.0549378
42.4		0.0549378
42.5		0.0549378
42.6		0.0549378
42.7		0.0549378
42.8		0.0549378
42.9		0.0549378
43		0.0549378
43.1		0.0582473
43.2		0.0582473
43.3		0.0582473
43.4		0.0582473
43.5		0.0582473
43.6		0.0582473
43.7		0.0582473
43.8		0.0582473
43.9		0.0582473
44		0.0582473
44.1		0.0597035
44.2		0.0597035
44.3		0.0597035
44.4		0.0597035
44.5		0.0597035
44.6		0.0597035
44.7		0.0597035
44.8		0.0597035
44.9		0.0597035
45		0.0597035
45.1		0.0598358
45.2		0.0598358
45.3		0.0598358
45.4		0.0598358
45.5		0.0598358
45.6		0.0598358
45.7		0.0598358
45.8		0.0598358
45.9		0.0598358
46		0.0598358
46.1		0.0636749
46.2		0.0636749
46.3		0.0636749
46.4		0.0636749
46.5		0.0636749
46.6		0.0636749
46.7		0.0636749
46.8		0.0636749
46.9		0.0636749
47		0.0636749
47.1		0.0667196
47.2		0.0667196
47.3		0.0667196
47.4		0.0667196
47.5		0.0667196
47.6		0.0667196
47.7		0.0667196
47.8		0.0667196
47.9		0.0667196
48		0.0667196
48.1		0.0669844
48.2		0.0669844
48.3		0.0669844
48.4		0.0669844
48.5		0.0669844
48.6		0.0669844
48.7		0.0669844
48.8		0.0669844
48.9		0.0669844
49		0.0669844
49.1		0.0673815
49.2		0.0673815
49.3		0.0673815
49.4		0.0673815
49.5		0.0673815
49.6		0.0673815
49.7		0.0673815
49.8		0.0673815
49.9		0.0673815
50		0.0673815
50.1		0.0687053
50.2		0.0687053
50.3		0.0687053
50.4		0.0687053
50.5		0.0687053
50.6		0.0687053
50.7		0.0687053
50.8		0.0687053
50.9		0.0687053
51		0.0687053
51.1		0.0726767
51.2		0.0726767
51.3		0.0726767
51.4		0.0726767
51.5		0.0726767
51.6		0.0726767
51.7		0.0726767
51.8		0.0726767
51.9		0.0726767
52		0.0726767
52.1		0.0742653
52.2		0.0742653
52.3		0.0742653
52.4		0.0742653
52.5		0.0742653
52.6		0.0742653
52.7		0.0742653
52.8		0.0742653
52.9		0.0742653
53		0.0742653
53.1		0.0771777
53.2		0.0771777
53.3		0.0771777
53.4		0.0771777
53.5		0.0771777
53.6		0.0771777
53.7		0.0771777
53.8		0.0771777
53.9		0.0771777
54		0.0771777
54.1		0.0796929
54.2		0.0796929
54.3		0.0796929
54.4		0.0796929
54.5		0.0796929
54.6		0.0796929
54.7		0.0796929
54.8		0.0796929
54.9		0.0796929
55		0.0796929
55.1		0.0803548
55.2		0.0803548
55.3		0.0803548
55.4		0.0803548
55.5		0.0803548
55.6		0.0803548
55.7		0.0803548
55.8		0.0803548
55.9		0.0803548
56		0.0803548
56.1		0.0814138
56.2		0.0814138
56.3		0.0814138
56.4		0.0814138
56.5		0.0814138
56.6		0.0814138
56.7		0.0814138
56.8		0.0814138
56.9		0.0814138
57		0.0814138
57.1		0.0823405
57.2		0.0823405
57.3		0.0823405
57.4		0.0823405
57.5		0.0823405
57.6		0.0823405
57.7		0.0823405
57.8		0.0823405
57.9		0.0823405
58		0.0823405
58.1		0.0888271
58.2		0.0888271
58.3		0.0888271
58.4		0.0888271
58.5		0.0888271
58.6		0.0888271
58.7		0.0888271
58.8		0.0888271
58.9		0.0888271
59		0.0888271
59.1		0.0918719
59.2		0.0918719
59.3		0.0918719
59.4		0.0918719
59.5		0.0918719
59.6		0.0918719
59.7		0.0918719
59.8		0.0918719
59.9		0.0918719
60		0.0918719
60.1		0.0926661
60.2		0.0926661
60.3		0.0926661
60.4		0.0926661
60.5		0.0926661
60.6		0.0926661
60.7		0.0926661
60.8		0.0926661
60.9		0.0926661
61		0.0926661
61.1		0.093328
61.2		0.093328
61.3		0.093328
61.4		0.093328
61.5		0.093328
61.6		0.093328
61.7		0.093328
61.8		0.093328
61.9		0.093328
62		0.093328
62.1		0.0953137
62.2		0.0953137
62.3		0.0953137
62.4		0.0953137
62.5		0.0953137
62.6		0.0953137
62.7		0.0953137
62.8		0.0953137
62.9		0.0953137
63		0.0953137
63.1		0.0965052
63.2		0.0965052
63.3		0.0965052
63.4		0.0965052
63.5		0.0965052
63.6		0.0965052
63.7		0.0965052
63.8		0.0965052
63.9		0.0965052
64		0.0965052
64.1		0.0990204
64.2		0.0990204
64.3		0.0990204
64.4		0.0990204
64.5		0.0990204
64.6		0.0990204
64.7		0.0990204
64.8		0.0990204
64.9		0.0990204
65		0.0990204
65.1		0.102065
65.2		0.102065
65.3		0.102065
65.4		0.102065
65.5		0.102065
65.6		0.102065
65.7		0.102065
65.8		0.102065
65.9		0.102065
66		0.102065
66.1		0.102462
66.2		0.102462
66.3		0.102462
66.4		0.102462
66.5		0.102462
66.6		0.102462
66.7		0.102462
66.8		0.102462
66.9		0.102462
67		0.102462
67.1		0.104448
67.2		0.104448
67.3		0.104448
67.4		0.104448
67.5		0.104448
67.6		0.104448
67.7		0.104448
67.8		0.104448
67.9		0.104448
68		0.104448
68.1		0.105772
68.2		0.105772
68.3		0.105772
68.4		0.105772
68.5		0.105772
68.6		0.105772
68.7		0.105772
68.8		0.105772
68.9		0.105772
69		0.105772
69.1		0.10736
69.2		0.10736
69.3		0.10736
69.4		0.10736
69.5		0.10736
69.6		0.10736
69.7		0.10736
69.8		0.10736
69.9		0.10736
70		0.10736
70.1		0.107625
70.2		0.107625
70.3		0.107625
70.4		0.107625
70.5		0.107625
70.6		0.107625
70.7		0.107625
70.8		0.107625
70.9		0.107625
71		0.107625
71.1		0.112656
71.2		0.112656
71.3		0.112656
71.4		0.112656
71.5		0.112656
71.6		0.112656
71.7		0.112656
71.8		0.112656
71.9		0.112656
72		0.112656
72.1		0.113979
72.2		0.113979
72.3		0.113979
72.4		0.113979
72.5		0.113979
72.6		0.113979
72.7		0.113979
72.8		0.113979
72.9		0.113979
73		0.113979
73.1		0.114112
73.2		0.114112
73.3		0.114112
73.4		0.114112
73.5		0.114112
73.6		0.114112
73.7		0.114112
73.8		0.114112
73.9		0.114112
74		0.114112
74.1		0.114774
74.2		0.114774
74.3		0.114774
74.4		0.114774
74.5		0.114774
74.6		0.114774
74.7		0.114774
74.8		0.114774
74.9		0.114774
75		0.114774
75.1		0.117156
75.2		0.117156
75.3		0.117156
75.4		0.117156
75.5		0.117156
75.6		0.117156
75.7		0.117156
75.8		0.117156
75.9		0.117156
76		0.117156
76.1		0.122452
76.2		0.122452
76.3		0.122452
76.4		0.122452
76.5		0.122452
76.6		0.122452
76.7		0.122452
76.8		0.122452
76.9		0.122452
77		0.122452
77.1		0.126423
77.2		0.126423
77.3		0.126423
77.4		0.126423
77.5		0.126423
77.6		0.126423
77.7		0.126423
77.8		0.126423
77.9		0.126423
78		0.126423
78.1		0.126555
78.2		0.126555
78.3		0.126555
78.4		0.126555
78.5		0.126555
78.6		0.126555
78.7		0.126555
78.8		0.126555
78.9		0.126555
79		0.126555
79.1		0.128938
79.2		0.128938
79.3		0.128938
79.4		0.128938
79.5		0.128938
79.6		0.128938
79.7		0.128938
79.8		0.128938
79.9		0.128938
80		0.128938
80.1		0.132513
80.2		0.132513
80.3		0.132513
80.4		0.132513
80.5		0.132513
80.6		0.132513
80.7		0.132513
80.8		0.132513
80.9		0.132513
81		0.132513
81.1		0.133042
81.2		0.133042
81.3		0.133042
81.4		0.133042
81.5		0.133042
81.6		0.133042
81.7		0.133042
81.8		0.133042
81.9		0.133042
82		0.133042
82.1		0.133969
82.2		0.133969
82.3		0.133969
82.4		0.133969
82.5		0.133969
82.6		0.133969
82.7		0.133969
82.8		0.133969
82.9		0.133969
83		0.133969
83.1		0.135822
83.2		0.135822
83.3		0.135822
83.4		0.135822
83.5		0.135822
83.6		0.135822
83.7		0.135822
83.8		0.135822
83.9		0.135822
84		0.135822
84.1		0.138999
84.2		0.138999
84.3		0.138999
84.4		0.138999
84.5		0.138999
84.6		0.138999
84.7		0.138999
84.8		0.138999
84.9		0.138999
85		0.138999
85.1		0.139926
85.2		0.139926
85.3		0.139926
85.4		0.139926
85.5		0.139926
85.6		0.139926
85.7		0.139926
85.8		0.139926
85.9		0.139926
86		0.139926
86.1		0.14125
86.2		0.14125
86.3		0.14125
86.4		0.14125
86.5		0.14125
86.6		0.14125
86.7		0.14125
86.8		0.14125
86.9		0.14125
87		0.14125
87.1		0.144162
87.2		0.144162
87.3		0.144162
87.4		0.144162
87.5		0.144162
87.6		0.144162
87.7		0.144162
87.8		0.144162
87.9		0.144162
88		0.144162
88.1		0.147869
88.2		0.147869
88.3		0.147869
88.4		0.147869
88.5		0.147869
88.6		0.147869
88.7		0.147869
88.8		0.147869
88.9		0.147869
89		0.147869
89.1		0.14959
89.2		0.14959
89.3		0.14959
89.4		0.14959
89.5		0.14959
89.6		0.14959
89.7		0.14959
89.8		0.14959
89.9		0.14959
90		0.14959
90.1		0.149854
90.2		0.149854
90.3		0.149854
90.4		0.149854
90.5		0.149854
90.6		0.149854
90.7		0.149854
90.8		0.149854
90.9		0.149854
91		0.149854
91.1		0.15237
91.2		0.15237
91.3		0.15237
91.4		0.15237
91.5		0.15237
91.6		0.15237
91.7		0.15237
91.8		0.15237
91.9		0.15237
92		0.15237
92.1		0.154091
92.2		0.154091
92.3		0.154091
92.4		0.154091
92.5		0.154091
92.6		0.154091
92.7		0.154091
92.8		0.154091
92.9		0.154091
93		0.154091
93.1		0.156209
93.2		0.156209
93.3		0.156209
93.4		0.156209
93.5		0.156209
93.6		0.156209
93.7		0.156209
93.8		0.156209
93.9		0.156209
94		0.156209
94.1		0.156341
94.2		0.156341
94.3		0.156341
94.4		0.156341
94.5		0.156341
94.6		0.156341
94.7		0.156341
94.8		0.156341
94.9		0.156341
95		0.156341
95.1		0.159651
95.2		0.159651
95.3		0.159651
95.4		0.159651
95.5		0.159651
95.6		0.159651
95.7		0.159651
95.8		0.159651
95.9		0.159651
96		0.159651
96.1		0.160312
96.2		0.160312
96.3		0.160312
96.4		0.160312
96.5		0.160312
96.6		0.160312
96.7		0.160312
96.8		0.160312
96.9		0.160312
97		0.160312
97.1		0.161636
97.2		0.161636
97.3		0.161636
97.4		0.161636
97.5		0.161636
97.6		0.161636
97.7		0.161636
97.8		0.161636
97.9		0.161636
98		0.161636
98.1		0.164019
98.2		0.164019
98.3		0.164019
98.4		0.164019
98.5		0.164019
98.6		0.164019
98.7		0.164019
98.8		0.164019
98.9		0.164019
99		0.164019
99.1		0.166799
99.2		0.166799
99.3		0.166799
99.4		0.166799
99.5		0.166799
99.6		0.166799
99.7		0.166799
99.8		0.166799
99.9		0.166799
100		0.166799
100.1		0.169182
100.2		0.169182
100.3		0.169182
100.4		0.169182
100.5		0.169182
100.6		0.169182
100.7		0.169182
100.8		0.169182
100.9		0.169182
101		0.169182
101.1		0.170373
101.2		0.170373
101.3		0.170373
101.4		0.170373
101.5		0.170373
101.6		0.170373
101.7		0.170373
101.8		0.170373
101.9		0.170373
102		0.170373
102.1		0.172227
102.2		0.172227
102.3		0.172227
102.4		0.172227
102.5		0.172227
102.6		0.172227
102.7		0.172227
102.8		0.172227
102.9		0.172227
103		0.172227
103.1		0.173683
103.2		0.173683
103.3		0.173683
103.4		0.173683
103.5		0.173683
103.6		0.173683
103.7		0.173683
103.8		0.173683
103.9		0.173683
104		0.173683
104.1		0.175271
104.2		0.175271
104.3		0.175271
104.4		0.175271
104.5		0.175271
104.6		0.175271
104.7		0.175271
104.8		0.175271
104.9		0.175271
105		0.175271
105.1		0.176728
105.2		0.176728
105.3		0.176728
105.4		0.176728
105.5		0.176728
105.6		0.176728
105.7		0.176728
105.8		0.176728
105.9		0.176728
106		0.176728
106.1		0.178581
106.2		0.178581
106.3		0.178581
106.4		0.178581
106.5		0.178581
106.6		0.178581
106.7		0.178581
106.8		0.178581
106.9		0.178581
107		0.178581
107.1		0.181096
107.2		0.181096
107.3		0.181096
107.4		0.181096
107.5		0.181096
107.6		0.181096
107.7		0.181096
107.8		0.181096
107.9		0.181096
108		0.181096
108.1		0.181626
108.2		0.181626
108.3		0.181626
108.4		0.181626
108.5		0.181626
108.6		0.181626
108.7		0.181626
108.8		0.181626
108.9		0.181626
109		0.181626
109.1		0.185729
109.2		0.185729
109.3		0.185729
109.4		0.185729
109.5		0.185729
109.6		0.185729
109.7		0.185729
109.8		0.185729
109.9		0.185729
110		0.185729
110.1		0.18798
110.2		0.18798
110.3		0.18798
110.4		0.18798
110.5		0.18798
110.6		0.18798
110.7		0.18798
110.8		0.18798
110.9		0.18798
111		0.18798
111.1		0.190495
111.2		0.190495
111.3		0.190495
111.4		0.190495
111.5		0.190495
111.6		0.190495
111.7		0.190495
111.8		0.190495
111.9		0.190495
112		0.190495
112.1		0.190495
112.2		0.190495
112.3		0.190495
112.4		0.190495
112.5		0.190495
112.6		0.190495
112.7		0.190495
112.8		0.190495
112.9		0.190495
113		0.190495
113.1		0.191951
113.2		0.191951
113.3		0.191951
113.4		0.191951
113.5		0.191951
113.6		0.191951
113.7		0.191951
113.8		0.191951
113.9		0.191951
114		0.191951
114.1		0.197776
114.2		0.197776
114.3		0.197776
114.4		0.197776
114.5		0.197776
114.6		0.197776
114.7		0.197776
114.8		0.197776
114.9		0.197776
115		0.197776
115.1		0.200159
115.2		0.200159
115.3		0.200159
115.4		0.200159
115.5		0.200159
115.6		0.200159
115.7		0.200159
115.8		0.200159
115.9		0.200159
116		0.200159
116.1		0.200688
116.2		0.200688
116.3		0.200688
116.4		0.200688
116.5		0.200688
116.6		0.200688
116.7		0.200688
116.8		0.200688
116.9		0.200688
117		0.200688
117.1		0.203336
117.2		0.203336
117.3		0.203336
117.4		0.203336
117.5		0.203336
117.6		0.203336
117.7		0.203336
117.8		0.203336
117.9		0.203336
118		0.203336
118.1		0.207307
118.2		0.207307
118.3		0.207307
118.4		0.207307
118.5		0.207307
118.6		0.207307
118.7		0.207307
118.8		0.207307
118.9		0.207307
119		0.207307
119.1		0.207705
119.2		0.207705
119.3		0.207705
119.4		0.207705
119.5		0.207705
119.6		0.207705
119.7		0.207705
119.8		0.207705
119.9		0.207705
120		0.207705
120.1		0.209028
120.2		0.209028
120.3		0.209028
120.4		0.209028
120.5		0.209028
120.6		0.209028
120.7		0.209028
120.8		0.209028
120.9		0.209028
121		0.209028
121.1		0.21022
121.2		0.21022
121.3		0.21022
121.4		0.21022
121.5		0.21022
121.6		0.21022
121.7		0.21022
121.8		0.21022
121.9		0.21022
122		0.21022
122.1		0.212603
122.2		0.212603
122.3		0.212603
122.4		0.212603
122.5		0.212603
122.6		0.212603
122.7		0.212603
122.8		0.212603
122.9		0.212603
123		0.212603
123.1		0.213794
123.2		0.213794
123.3		0.213794
123.4		0.213794
123.5		0.213794
123.6		0.213794
123.7		0.213794
123.8		0.213794
123.9		0.213794
124		0.213794
124.1		0.214985
124.2		0.214985
124.3		0.214985
124.4		0.214985
124.5		0.214985
124.6		0.214985
124.7		0.214985
124.8		0.214985
124.9		0.214985
125		0.214985
125.1		0.216044
125.2		0.216044
125.3		0.216044
125.4		0.216044
125.5		0.216044
125.6		0.216044
125.7		0.216044
125.8		0.216044
125.9		0.216044
126		0.216044
126.1		0.222002
126.2		0.222002
126.3		0.222002
126.4		0.222002
126.5		0.222002
126.6		0.222002
126.7		0.222002
126.8		0.222002
126.9		0.222002
127		0.222002
127.1		0.222531
127.2		0.222531
127.3		0.222531
127.4		0.222531
127.5		0.222531
127.6		0.222531
127.7		0.222531
127.8		0.222531
127.9		0.222531
128		0.222531
128.1		0.224914
128.2		0.224914
128.3		0.224914
128.4		0.224914
128.5		0.224914
128.6		0.224914
128.7		0.224914
128.8		0.224914
128.9		0.224914
129		0.224914
129.1		0.225311
129.2		0.225311
129.3		0.225311
129.4		0.225311
129.5		0.225311
129.6		0.225311
129.7		0.225311
129.8		0.225311
129.9		0.225311
130		0.225311
130.1		0.227694
130.2		0.227694
130.3		0.227694
130.4		0.227694
130.5		0.227694
130.6		0.227694
130.7		0.227694
130.8		0.227694
130.9		0.227694
131		0.227694
131.1		0.231401
131.2		0.231401
131.3		0.231401
131.4		0.231401
131.5		0.231401
131.6		0.231401
131.7		0.231401
131.8		0.231401
131.9		0.231401
132		0.231401
132.1		0.234048
132.2		0.234048
132.3		0.234048
132.4		0.234048
132.5		0.234048
132.6		0.234048
132.7		0.234048
132.8		0.234048
132.9		0.234048
133		0.234048
133.1		0.234975
133.2		0.234975
133.3		0.234975
133.4		0.234975
133.5		0.234975
133.6		0.234975
133.7		0.234975
133.8		0.234975
133.9		0.234975
134		0.234975
134.1		0.23802
134.2		0.23802
134.3		0.23802
134.4		0.23802
134.5		0.23802
134.6		0.23802
134.7		0.23802
134.8		0.23802
134.9		0.23802
135		0.23802
135.1		0.238814
135.2		0.238814
135.3		0.238814
135.4		0.238814
135.5		0.238814
135.6		0.238814
135.7		0.238814
135.8		0.238814
135.9		0.238814
136		0.238814
136.1		0.242785
136.2		0.242785
136.3		0.242785
136.4		0.242785
136.5		0.242785
136.6		0.242785
136.7		0.242785
136.8		0.242785
136.9		0.242785
137		0.242785
137.1		0.243315
137.2		0.243315
137.3		0.243315
137.4		0.243315
137.5		0.243315
137.6		0.243315
137.7		0.243315
137.8		0.243315
137.9		0.243315
138		0.243315
138.1		0.245168
138.2		0.245168
138.3		0.245168
138.4		0.245168
138.5		0.245168
138.6		0.245168
138.7		0.245168
138.8		0.245168
138.9		0.245168
139		0.245168
139.1		0.247948
139.2		0.247948
139.3		0.247948
139.4		0.247948
139.5		0.247948
139.6		0.247948
139.7		0.247948
139.8		0.247948
139.9		0.247948
140		0.247948
140.1		0.250199
140.2		0.250199
140.3		0.250199
140.4		0.250199
140.5		0.250199
140.6		0.250199
140.7		0.250199
140.8		0.250199
140.9		0.250199
141		0.250199
141.1		0.251522
141.2		0.251522
141.3		0.251522
141.4		0.251522
141.5		0.251522
141.6		0.251522
141.7		0.251522
141.8		0.251522
141.9		0.251522
142		0.251522
142.1		0.253111
142.2		0.253111
142.3		0.253111
142.4		0.253111
142.5		0.253111
142.6		0.253111
142.7		0.253111
142.8		0.253111
142.9		0.253111
143		0.253111
143.1		0.255626
143.2		0.255626
143.3		0.255626
143.4		0.255626
143.5		0.255626
143.6		0.255626
143.7		0.255626
143.8		0.255626
143.9		0.255626
144		0.255626
144.1		0.259995
144.2		0.259995
144.3		0.259995
144.4		0.259995
144.5		0.259995
144.6		0.259995
144.7		0.259995
144.8		0.259995
144.9		0.259995
145		0.259995
145.1		0.261054
145.2		0.261054
145.3		0.261054
145.4		0.261054
145.5		0.261054
145.6		0.261054
145.7		0.261054
145.8		0.261054
145.9		0.261054
146		0.261054
146.1		0.262907
146.2		0.262907
146.3		0.262907
146.4		0.262907
146.5		0.262907
146.6		0.262907
146.7		0.262907
146.8		0.262907
146.9		0.262907
147		0.262907
147.1		0.263304
147.2		0.263304
147.3		0.263304
147.4		0.263304
147.5		0.263304
147.6		0.263304
147.7		0.263304
147.8		0.263304
147.9		0.263304
148		0.263304
148.1		0.26807
148.2		0.26807
148.3		0.26807
148.4		0.26807
148.5		0.26807
148.6		0.26807
148.7		0.26807
148.8		0.26807
148.9		0.26807
149		0.26807
149.1		0.268335
149.2		0.268335
149.3		0.268335
149.4		0.268335
149.5		0.268335
149.6		0.268335
149.7		0.268335
149.8		0.268335
149.9		0.268335
150		0.268335
150.1		0.270188
150.2		0.270188
150.3		0.270188
150.4		0.270188
150.5		0.270188
150.6		0.270188
150.7		0.270188
150.8		0.270188
150.9		0.270188
151		0.270188
151.1		0.271115
151.2		0.271115
151.3		0.271115
151.4		0.271115
151.5		0.271115
151.6		0.271115
151.7		0.271115
151.8		0.271115
151.9		0.271115
152		0.271115
152.1		0.273365
152.2		0.273365
152.3		0.273365
152.4		0.273365
152.5		0.273365
152.6		0.273365
152.7		0.273365
152.8		0.273365
152.9		0.273365
153		0.273365
153.1		0.274424
153.2		0.274424
153.3		0.274424
153.4		0.274424
153.5		0.274424
153.6		0.274424
153.7		0.274424
153.8		0.274424
153.9		0.274424
154		0.274424
154.1		0.276939
154.2		0.276939
154.3		0.276939
154.4		0.276939
154.5		0.276939
154.6		0.276939
154.7		0.276939
154.8		0.276939
154.9		0.276939
155		0.276939
155.1		0.281043
155.2		0.281043
155.3		0.281043
155.4		0.281043
155.5		0.281043
155.6		0.281043
155.7		0.281043
155.8		0.281043
155.9		0.281043
156		0.281043
156.1		0.284485
156.2		0.284485
156.3		0.284485
156.4		0.284485
156.5		0.284485
156.6		0.284485
156.7		0.284485
156.8		0.284485
156.9		0.284485
157		0.284485
157.1		0.284882
157.2		0.284882
157.3		0.284882
157.4		0.284882
157.5		0.284882
157.6		0.284882
157.7		0.284882
157.8		0.284882
157.9		0.284882
158		0.284882
158.1		0.285809
158.2		0.285809
158.3		0.285809
158.4		0.285809
158.5		0.285809
158.6		0.285809
158.7		0.285809
158.8		0.285809
158.9		0.285809
159		0.285809
159.1		0.287133
159.2		0.287133
159.3		0.287133
159.4		0.287133
159.5		0.287133
159.6		0.287133
159.7		0.287133
159.8		0.287133
159.9		0.287133
160		0.287133
160.1		0.292163
160.2		0.292163
160.3		0.292163
160.4		0.292163
160.5		0.292163
160.6		0.292163
160.7		0.292163
160.8		0.292163
160.9		0.292163
161		0.292163
161.1		0.293884
161.2		0.293884
161.3		0.293884
161.4		0.293884
161.5		0.293884
161.6		0.293884
161.7		0.293884
161.8		0.293884
161.9		0.293884
162		0.293884
162.1		0.296796
162.2		0.296796
162.3		0.296796
162.4		0.296796
162.5		0.296796
162.6		0.296796
162.7		0.296796
162.8		0.296796
162.9		0.296796
163		0.296796
163.1		0.297458
163.2		0.297458
163.3		0.297458
163.4		0.297458
163.5		0.297458
163.6		0.297458
163.7		0.297458
163.8		0.297458
163.9		0.297458
164		0.297458
164.1		0.29812
164.2		0.29812
164.3		0.29812
164.4		0.29812
164.5		0.29812
164.6		0.29812
164.7		0.29812
164.8		0.29812
164.9		0.29812
165		0.29812
165.1		0.3009
165.2		0.3009
165.3		0.3009
165.4		0.3009
165.5		0.3009
165.6		0.3009
165.7		0.3009
165.8		0.3009
165.9		0.3009
166		0.3009
166.1		0.301827
166.2		0.301827
166.3		0.301827
166.4		0.301827
166.5		0.301827
166.6		0.301827
166.7		0.301827
166.8		0.301827
166.9		0.301827
167		0.301827
167.1		0.305666
167.2		0.305666
167.3		0.305666
167.4		0.305666
167.5		0.305666
167.6		0.305666
167.7		0.305666
167.8		0.305666
167.9		0.305666
168		0.305666
168.1		0.306593
168.2		0.306593
168.3		0.306593
168.4		0.306593
168.5		0.306593
168.6		0.306593
168.7		0.306593
168.8		0.306593
168.9		0.306593
169		0.306593
169.1		0.308578
169.2		0.308578
169.3		0.308578
169.4		0.308578
169.5		0.308578
169.6		0.308578
169.7		0.308578
169.8		0.308578
169.9		0.308578
170		0.308578
170.1		0.311491
170.2		0.311491
170.3		0.311491
170.4		0.311491
170.5		0.311491
170.6		0.311491
170.7		0.311491
170.8		0.311491
170.9		0.311491
171		0.311491
171.1		0.311888
171.2		0.311888
171.3		0.311888
171.4		0.311888
171.5		0.311888
171.6		0.311888
171.7		0.311888
171.8		0.311888
171.9		0.311888
172		0.311888
172.1		0.31255
172.2		0.31255
172.3		0.31255
172.4		0.31255
172.5		0.31255
172.6		0.31255
172.7		0.31255
172.8		0.31255
172.9		0.31255
173		0.31255
173.1		0.317712
173.2		0.317712
173.3		0.317712
173.4		0.317712
173.5		0.317712
173.6		0.317712
173.7		0.317712
173.8		0.317712
173.9		0.317712
174		0.317712
174.1		0.318904
174.2		0.318904
174.3		0.318904
174.4		0.318904
174.5		0.318904
174.6		0.318904
174.7		0.318904
174.8		0.318904
174.9		0.318904
175		0.318904
175.1		0.322611
175.2		0.322611
175.3		0.322611
175.4		0.322611
175.5		0.322611
175.6		0.322611
175.7		0.322611
175.8		0.322611
175.9		0.322611
176		0.322611
176.1		0.322875
176.2		0.322875
176.3		0.322875
176.4		0.322875
176.5		0.322875
176.6		0.322875
176.7		0.322875
176.8		0.322875
176.9		0.322875
177		0.322875
177.1		0.324596
177.2		0.324596
177.3		0.324596
177.4		0.324596
177.5		0.324596
177.6		0.324596
177.7		0.324596
177.8		0.324596
177.9		0.324596
178		0.324596
178.1		0.328171
178.2		0.328171
178.3		0.328171
178.4		0.328171
178.5		0.328171
178.6		0.328171
178.7		0.328171
178.8		0.328171
178.9		0.328171
179		0.328171
179.1		0.330421
179.2		0.330421
179.3		0.330421
179.4		0.330421
179.5		0.330421
179.6		0.330421
179.7		0.330421
179.8		0.330421
179.9		0.330421
180		0.330421
180.1		0.331083
180.2		0.331083
180.3		0.331083
180.4		0.331083
180.5		0.331083
180.6		0.331083
180.7		0.331083
180.8		0.331083
180.9		0.331083
181		0.331083
181.1		0.332142
181.2		0.332142
181.3		0.332142
181.4		0.332142
181.5		0.332142
181.6		0.332142
181.7		0.332142
181.8		0.332142
181.9		0.332142
182		0.332142
182.1		0.335849
182.2		0.335849
182.3		0.335849
182.4		0.335849
182.5		0.335849
182.6		0.335849
182.7		0.335849
182.8		0.335849
182.9		0.335849
183		0.335849
183.1		0.337172
183.2		0.337172
183.3		0.337172
183.4		0.337172
183.5		0.337172
183.6		0.337172
183.7		0.337172
183.8		0.337172
183.9		0.337172
184		0.337172
184.1		0.340085
184.2		0.340085
184.3		0.340085
184.4		0.340085
184.5		0.340085
184.6		0.340085
184.7		0.340085
184.8		0.340085
184.9		0.340085
185		0.340085
185.1		0.340217
185.2		0.340217
185.3		0.340217
185.4		0.340217
185.5		0.340217
185.6		0.340217
185.7		0.340217
185.8		0.340217
185.9		0.340217
186		0.340217
186.1		0.345115
186.2		0.345115
186.3		0.345115
186.4		0.345115
186.5		0.345115
186.6		0.345115
186.7		0.345115
186.8		0.345115
186.9		0.345115
187		0.345115
187.1		0.345248
187.2		0.345248
187.3		0.345248
187.4		0.345248
187.5		0.345248
187.6		0.345248
187.7		0.345248
187.8		0.345248
187.9		0.345248
188		0.345248
188.1		0.347498
188.2		0.347498
188.3		0.347498
188.4		0.347498
188.5		0.347498
188.6		0.347498
188.7		0.347498
188.8		0.347498
188.9		0.347498
189		0.347498
189.1		0.349351
189.2		0.349351
189.3		0.349351
189.4		0.349351
189.5		0.349351
189.6		0.349351
189.7		0.349351
189.8		0.349351
189.9		0.349351
190		0.349351
190.1		0.351867
190.2		0.351867
190.3		0.351867
190.4		0.351867
190.5		0.351867
190.6		0.351867
190.7		0.351867
190.8		0.351867
190.9		0.351867
191		0.351867
191.1		0.352793
191.2		0.352793
191.3		0.352793
191.4		0.352793
191.5		0.352793
191.6		0.352793
191.7		0.352793
191.8		0.352793
191.9		0.352793
192		0.352793
192.1		0.355441
192.2		0.355441
192.3		0.355441
192.4		0.355441
192.5		0.355441
192.6		0.355441
192.7		0.355441
192.8		0.355441
192.9		0.355441
193		0.355441
193.1		0.356367
193.2		0.356367
193.3		0.356367
193.4		0.356367
193.5		0.356367
193.6		0.356367
193.7		0.356367
193.8		0.356367
193.9		0.356367
194		0.356367
194.1		0.35875
194.2		0.35875
194.3		0.35875
194.4		0.35875
194.5		0.35875
194.6		0.35875
194.7		0.35875
194.8		0.35875
194.9		0.35875
195		0.35875
195.1		0.361398
195.2		0.361398
195.3		0.361398
195.4		0.361398
195.5		0.361398
195.6		0.361398
195.7		0.361398
195.8		0.361398
195.9		0.361398
196		0.361398
196.1		0.363251
196.2		0.363251
196.3		0.363251
196.4		0.363251
196.5		0.363251
196.6		0.363251
196.7		0.363251
196.8		0.363251
196.9		0.363251
197		0.363251
197.1		0.365369
197.2		0.365369
197.3		0.365369
197.4		0.365369
197.5		0.365369
197.6		0.365369
197.7		0.365369
197.8		0.365369
197.9		0.365369
198		0.365369
198.1		0.368149
198.2		0.368149
198.3		0.368149
198.4		0.368149
198.5		0.368149
198.6		0.368149
198.7		0.368149
198.8		0.368149
198.9		0.368149
199		0.368149
199.1		0.36987
199.2		0.36987
199.3		0.36987
199.4		0.36987
199.5		0.36987
199.6		0.36987
199.7		0.36987
199.8		0.36987
199.9		0.36987
200		0.36987
200.1		0.37318
200.2		0.37318
200.3		0.37318
200.4		0.37318
200.5		0.37318
200.6		0.37318
200.7		0.37318
200.8		0.37318
200.9		0.37318
201		0.37318
201.1		0.374239
201.2		0.374239
201.3		0.374239
201.4		0.374239
201.5		0.374239
201.6		0.374239
201.7		0.374239
201.8		0.374239
201.9		0.374239
202		0.374239
202.1		0.374504
202.2		0.374504
202.3		0.374504
202.4		0.374504
202.5		0.374504
202.6		0.374504
202.7		0.374504
202.8		0.374504
202.9		0.374504
203		0.374504
203.1		0.37596
203.2		0.37596
203.3		0.37596
203.4		0.37596
203.5		0.37596
203.6		0.37596
203.7		0.37596
203.8		0.37596
203.9		0.37596
204		0.37596
204.1		0.379534
204.2		0.379534
204.3		0.379534
204.4		0.379534
204.5		0.379534
204.6		0.379534
204.7		0.379534
204.8		0.379534
204.9		0.379534
205		0.379534
205.1		0.380858
205.2		0.380858
205.3		0.380858
205.4		0.380858
205.5		0.380858
205.6		0.380858
205.7		0.380858
205.8		0.380858
205.9		0.380858
206		0.380858
206.1		0.38377
206.2		0.38377
206.3		0.38377
206.4		0.38377
206.5		0.38377
206.6		0.38377
206.7		0.38377
206.8		0.38377
206.9		0.38377
207		0.38377
207.1		0.383903
207.2		0.383903
207.3		0.383903
207.4		0.383903
207.5		0.383903
207.6		0.383903
207.7		0.383903
207.8		0.383903
207.9		0.383903
208		0.383903
208.1		0.38708
208.2		0.38708
208.3		0.38708
208.4		0.38708
208.5		0.38708
208.6		0.38708
208.7		0.38708
208.8		0.38708
208.9		0.38708
209		0.38708
209.1		0.390124
209.2		0.390124
209.3		0.390124
209.4		0.390124
209.5		0.390124
209.6		0.390124
209.7		0.390124
209.8		0.390124
209.9		0.390124
210		0.390124
210.1		0.390654
210.2		0.390654
210.3		0.390654
210.4		0.390654
210.5		0.390654
210.6		0.390654
210.7		0.390654
210.8		0.390654
210.9		0.390654
211		0.390654
211.1		0.392507
211.2		0.392507
211.3		0.392507
211.4		0.392507
211.5		0.392507
211.6		0.392507
211.7		0.392507
211.8		0.392507
211.9		0.392507
212		0.392507
212.1		0.39767
212.2		0.39767
212.3		0.39767
212.4		0.39767
212.5		0.39767
212.6		0.39767
212.7		0.39767
212.8		0.39767
212.9		0.39767
213		0.39767
213.1		0.398464
213.2		0.398464
213.3		0.398464
213.4		0.398464
213.5		0.398464
213.6		0.398464
213.7		0.398464
213.8		0.398464
213.9		0.398464
214		0.398464
214.1		0.399656
214.2		0.399656
214.3		0.399656
214.4		0.399656
214.5		0.399656
214.6		0.399656
214.7		0.399656
214.8		0.399656
214.9		0.399656
215		0.399656
215.1		0.400053
215.2		0.400053
215.3		0.400053
215.4		0.400053
215.5		0.400053
215.6		0.400053
215.7		0.400053
215.8		0.400053
215.9		0.400053
216		0.400053
216.1		0.406407
216.2		0.406407
216.3		0.406407
216.4		0.406407
216.5		0.406407
216.6		0.406407
216.7		0.406407
216.8		0.406407
216.9		0.406407
217		0.406407
217.1		0.40654
217.2		0.40654
217.3		0.40654
217.4		0.40654
217.5		0.40654
217.6		0.40654
217.7		0.40654
217.8		0.40654
217.9		0.40654
218		0.40654
218.1		0.408128
218.2		0.408128
218.3		0.408128
218.4		0.408128
218.5		0.408128
218.6		0.408128
218.7		0.408128
218.8		0.408128
218.9		0.408128
219		0.408128
219.1		0.408922
219.2		0.408922
219.3		0.408922
219.4		0.408922
219.5		0.408922
219.6		0.408922
219.7		0.408922
219.8		0.408922
219.9		0.408922
220		0.408922
220.1		0.412232
220.2		0.412232
220.3		0.412232
220.4		0.412232
220.5		0.412232
220.6		0.412232
220.7		0.412232
220.8		0.412232
220.9		0.412232
221		0.412232
221.1		0.413556
221.2		0.413556
221.3		0.413556
221.4		0.413556
221.5		0.413556
221.6		0.413556
221.7		0.413556
221.8		0.413556
221.9		0.413556
222		0.413556
222.1		0.415674
222.2		0.415674
222.3		0.415674
222.4		0.415674
222.5		0.415674
222.6		0.415674
222.7		0.415674
222.8		0.415674
222.9		0.415674
223		0.415674
223.1		0.418189
223.2		0.418189
223.3		0.418189
223.4		0.418189
223.5		0.418189
223.6		0.418189
223.7		0.418189
223.8		0.418189
223.9		0.418189
224		0.418189
224.1		0.41991
224.2		0.41991
224.3		0.41991
224.4		0.41991
224.5		0.41991
224.6		0.41991
224.7		0.41991
224.8		0.41991
224.9		0.41991
225		0.41991
225.1		0.421499
225.2		0.421499
225.3		0.421499
225.4		0.421499
225.5		0.421499
225.6		0.421499
225.7		0.421499
225.8		0.421499
225.9		0.421499
226		0.421499
226.1		0.424279
226.2		0.424279
226.3		0.424279
226.4		0.424279
226.5		0.424279
226.6		0.424279
226.7		0.424279
226.8		0.424279
226.9		0.424279
227		0.424279
227.1		0.425073
227.2		0.425073
227.3		0.425073
227.4		0.425073
227.5		0.425073
227.6		0.425073
227.7		0.425073
227.8		0.425073
227.9		0.425073
228		0.425073
228.1		0.427853
228.2		0.427853
228.3		0.427853
228.4		0.427853
228.5		0.427853
228.6		0.427853
228.7		0.427853
228.8		0.427853
228.9		0.427853
229		0.427853
229.1		0.428515
229.2		0.428515
229.3		0.428515
229.4		0.428515
229.5		0.428515
229.6		0.428515
229.7		0.428515
229.8		0.428515
229.9		0.428515
230		0.428515
230.1		0.431559
230.2		0.431559
230.3		0.431559
230.4		0.431559
230.5		0.431559
230.6		0.431559
230.7		0.431559
230.8		0.431559
230.9		0.431559
231		0.431559
231.1		0.432354
231.2		0.432354
231.3		0.432354
231.4		0.432354
231.5		0.432354
231.6		0.432354
231.7		0.432354
231.8		0.432354
231.9		0.432354
232		0.432354
232.1		0.435663
232.2		0.435663
232.3		0.435663
232.4		0.435663
232.5		0.435663
232.6		0.435663
232.7		0.435663
232.8		0.435663
232.9		0.435663
233		0.435663
233.1		0.438311
233.2		0.438311
233.3		0.438311
233.4		0.438311
233.5		0.438311
233.6		0.438311
233.7		0.438311
233.8		0.438311
233.9		0.438311
234		0.438311
234.1		0.441753
234.2		0.441753
234.3		0.441753
234.4		0.441753
234.5		0.441753
234.6		0.441753
234.7		0.441753
234.8		0.441753
234.9		0.441753
235		0.441753
235.1		0.441885
235.2		0.441885
235.3		0.441885
235.4		0.441885
235.5		0.441885
235.6		0.441885
235.7		0.441885
235.8		0.441885
235.9		0.441885
236		0.441885
236.1		0.444136
236.2		0.444136
236.3		0.444136
236.4		0.444136
236.5		0.444136
236.6		0.444136
236.7		0.444136
236.8		0.444136
236.9		0.444136
237		0.444136
237.1		0.444665
237.2		0.444665
237.3		0.444665
237.4		0.444665
237.5		0.444665
237.6		0.444665
237.7		0.444665
237.8		0.444665
237.9		0.444665
238		0.444665
238.1		0.44771
238.2		0.44771
238.3		0.44771
238.4		0.44771
238.5		0.44771
238.6		0.44771
238.7		0.44771
238.8		0.44771
238.9		0.44771
239		0.44771
239.1		0.448769
239.2		0.448769
239.3		0.448769
239.4		0.448769
239.5		0.448769
239.6		0.448769
239.7		0.448769
239.8		0.448769
239.9		0.448769
240		0.448769
240.1		0.448901
240.2		0.448901
240.3		0.448901
240.4		0.448901
240.5		0.448901
240.6		0.448901
240.7		0.448901
240.8		0.448901
240.9		0.448901
241		0.448901
241.1		0.453402
241.2		0.453402
241.3		0.453402
241.4		0.453402
241.5		0.453402
241.6		0.453402
241.7		0.453402
241.8		0.453402
241.9		0.453402
242		0.453402
242.1		0.453799
242.2		0.453799
242.3		0.453799
242.4		0.453799
242.5		0.453799
242.6		0.453799
242.7		0.453799
242.8		0.453799
242.9		0.453799
243		0.453799
243.1		0.454726
243.2		0.454726
243.3		0.454726
243.4		0.454726
243.5		0.454726
243.6		0.454726
243.7		0.454726
243.8		0.454726
243.9		0.454726
244		0.454726
244.1		0.455653
244.2		0.455653
244.3		0.455653
244.4		0.455653
244.5		0.455653
244.6		0.455653
244.7		0.455653
244.8		0.455653
244.9		0.455653
245		0.455653
245.1		0.459227
245.2		0.459227
245.3		0.459227
245.4		0.459227
245.5		0.459227
245.6		0.459227
245.7		0.459227
245.8		0.459227
245.9		0.459227
246		0.459227
246.1		0.463066
246.2		0.463066
246.3		0.463066
246.4		0.463066
246.5		0.463066
246.6		0.463066
246.7		0.463066
246.8		0.463066
246.9		0.463066
247		0.463066
247.1		0.463198
247.2		0.463198
247.3		0.463198
247.4		0.463198
247.5		0.463198
247.6		0.463198
247.7		0.463198
247.8		0.463198
247.9		0.463198
248		0.463198
248.1		0.464257
248.2		0.464257
248.3		0.464257
248.4		0.464257
248.5		0.464257
248.6		0.464257
248.7		0.464257
248.8		0.464257
248.9		0.464257
249		0.464257
249.1		0.465316
249.2		0.465316
249.3		0.465316
249.4		0.465316
249.5		0.465316
249.6		0.465316
249.7		0.465316
249.8		0.465316
249.9		0.465316
250		0.465316
250.1		0.470479
250.2		0.470479
250.3		0.470479
250.4		0.470479
250.5		0.470479
250.6		0.470479
250.7		0.470479
250.8		0.470479
250.9		0.470479
251		0.470479
251.1		0.471803
251.2		0.471803
251.3		0.471803
251.4		0.471803
251.5		0.471803
251.6		0.471803
251.7		0.471803
251.8		0.471803
251.9		0.471803
252		0.471803
252.1		0.471935
252.2		0.471935
252.3		0.471935
252.4		0.471935
252.5		0.471935
252.6		0.471935
252.7		0.471935
252.8		0.471935
252.9		0.471935
253		0.471935
253.1		0.476966
253.2		0.476966
253.3		0.476966
253.4		0.476966
253.5		0.476966
253.6		0.476966
253.7		0.476966
253.8		0.476966
253.9		0.476966
254		0.476966
254.1		0.479746
254.2		0.479746
254.3		0.479746
254.4		0.479746
254.5		0.479746
254.6		0.479746
254.7		0.479746
254.8		0.479746
254.9		0.479746
255		0.479746
255.1		0.480408
255.2		0.480408
255.3		0.480408
255.4		0.480408
255.5		0.480408
255.6		0.480408
255.7		0.480408
255.8		0.480408
255.9		0.480408
256		0.480408
256.1		0.483452
256.2		0.483452
256.3		0.483452
256.4		0.483452
256.5		0.483452
256.6		0.483452
256.7		0.483452
256.8		0.483452
256.9		0.483452
257		0.483452
257.1		0.484909
257.2		0.484909
257.3		0.484909
257.4		0.484909
257.5		0.484909
257.6		0.484909
257.7		0.484909
257.8		0.484909
257.9		0.484909
258		0.484909
258.1		0.487953
258.2		0.487953
258.3		0.487953
258.4		0.487953
258.5		0.487953
258.6		0.487953
258.7		0.487953
258.8		0.487953
258.9		0.487953
259		0.487953
259.1		0.491131
259.2		0.491131
259.3		0.491131
259.4		0.491131
259.5		0.491131
259.6		0.491131
259.7		0.491131
259.8		0.491131
259.9		0.491131
260		0.491131
260.1		0.492587
260.2		0.492587
260.3		0.492587
260.4		0.492587
260.5		0.492587
260.6		0.492587
260.7		0.492587
260.8		0.492587
260.9		0.492587
261		0.492587
261.1		0.493911
261.2		0.493911
261.3		0.493911
261.4		0.493911
261.5		0.493911
261.6		0.493911
261.7		0.493911
261.8		0.493911
261.9		0.493911
262		0.493911
262.1		0.494572
262.2		0.494572
262.3		0.494572
262.4		0.494572
262.5		0.494572
262.6		0.494572
262.7		0.494572
262.8		0.494572
262.9		0.494572
263		0.494572
263.1		0.499603
263.2		0.499603
263.3		0.499603
263.4		0.499603
263.5		0.499603
263.6		0.499603
263.7		0.499603
263.8		0.499603
263.9		0.499603
264		0.499603
264.1		0.501059
264.2		0.501059
264.3		0.501059
264.4		0.501059
264.5		0.501059
264.6		0.501059
264.7		0.501059
264.8		0.501059
264.9		0.501059
265		0.501059
265.1		0.504633
265.2		0.504633
265.3		0.504633
265.4		0.504633
265.5		0.504633
265.6		0.504633
265.7		0.504633
265.8		0.504633
265.9		0.504633
266		0.504633
266.1		0.50556
266.2		0.50556
266.3		0.50556
266.4		0.50556
266.5		0.50556
266.6		0.50556
266.7		0.50556
266.8		0.50556
266.9		0.50556
267		0.50556
267.1		0.505957
267.2		0.505957
267.3		0.505957
267.4		0.505957
267.5		0.505957
267.6		0.505957
267.7		0.505957
267.8		0.505957
267.9		0.505957
268		0.505957
268.1		0.508737
268.2		0.508737
268.3		0.508737
268.4		0.508737
268.5		0.508737
268.6		0.508737
268.7		0.508737
268.8		0.508737
268.9		0.508737
269		0.508737
269.1		0.511649
269.2		0.511649
269.3		0.511649
269.4		0.511649
269.5		0.511649
269.6		0.511649
269.7		0.511649
269.8		0.511649
269.9		0.511649
270		0.511649
270.1		0.511649
270.2		0.511649
270.3		0.511649
270.4		0.511649
270.5		0.511649
270.6		0.511649
270.7		0.511649
270.8		0.511649
270.9		0.511649
271		0.511649
271.1		0.512708
271.2		0.512708
271.3		0.512708
271.4		0.512708
271.5		0.512708
271.6		0.512708
271.7		0.512708
271.8		0.512708
271.9		0.512708
272		0.512708
272.1		0.515488
272.2		0.515488
272.3		0.515488
272.4		0.515488
272.5		0.515488
272.6		0.515488
272.7		0.515488
272.8		0.515488
272.9		0.515488
273		0.515488
273.1		0.516548
273.2		0.516548
273.3		0.516548
273.4		0.516548
273.5		0.516548
273.6		0.516548
273.7		0.516548
273.8		0.516548
273.9		0.516548
274		0.516548
274.1		0.518004
274.2		0.518004
274.3		0.518004
274.4		0.518004
274.5		0.518004
274.6		0.518004
274.7		0.518004
274.8		0.518004
274.9		0.518004
275		0.518004
275.1		0.51893
275.2		0.51893
275.3		0.51893
275.4		0.51893
275.5		0.51893
275.6		0.51893
275.7		0.51893
275.8		0.51893
275.9		0.51893
276		0.51893
276.1		0.522505
276.2		0.522505
276.3		0.522505
276.4		0.522505
276.5		0.522505
276.6		0.522505
276.7		0.522505
276.8		0.522505
276.9		0.522505
277		0.522505
277.1		0.524755
277.2		0.524755
277.3		0.524755
277.4		0.524755
277.5		0.524755
277.6		0.524755
277.7		0.524755
277.8		0.524755
277.9		0.524755
278		0.524755
278.1		0.525152
278.2		0.525152
278.3		0.525152
278.4		0.525152
278.5		0.525152
278.6		0.525152
278.7		0.525152
278.8		0.525152
278.9		0.525152
279		0.525152
279.1		0.528462
279.2		0.528462
279.3		0.528462
279.4		0.528462
279.5		0.528462
279.6		0.528462
279.7		0.528462
279.8		0.528462
279.9		0.528462
280		0.528462
280.1		0.529388
280.2		0.529388
280.3		0.529388
280.4		0.529388
280.5		0.529388
280.6		0.529388
280.7		0.529388
280.8		0.529388
280.9		0.529388
281		0.529388
281.1		0.530447
281.2		0.530447
281.3		0.530447
281.4		0.530447
281.5		0.530447
281.6		0.530447
281.7		0.530447
281.8		0.530447
281.9		0.530447
282		0.530447
282.1		0.532168
282.2		0.532168
282.3		0.532168
282.4		0.532168
282.5		0.532168
282.6		0.532168
282.7		0.532168
282.8		0.532168
282.9		0.532168
283		0.532168
283.1		0.536537
283.2		0.536537
283.3		0.536537
283.4		0.536537
283.5		0.536537
283.6		0.536537
283.7		0.536537
283.8		0.536537
283.9		0.536537
284		0.536537
284.1		0.53839
284.2		0.53839
284.3		0.53839
284.4		0.53839
284.5		0.53839
284.6		0.53839
284.7		0.53839
284.8		0.53839
284.9		0.53839
285		0.53839
285.1		0.539317
285.2		0.539317
285.3		0.539317
285.4		0.539317
285.5		0.539317
285.6		0.539317
285.7		0.539317
285.8		0.539317
285.9		0.539317
286		0.539317
286.1		0.539449
286.2		0.539449
286.3		0.539449
286.4		0.539449
286.5		0.539449
286.6		0.539449
286.7		0.539449
286.8		0.539449
286.9		0.539449
287		0.539449
287.1		0.545406
287.2		0.545406
287.3		0.545406
287.4		0.545406
287.5		0.545406
287.6		0.545406
287.7		0.545406
287.8		0.545406
287.9		0.545406
288		0.545406
288.1		0.545804
288.2		0.545804
288.3		0.545804
288.4		0.545804
288.5		0.545804
288.6		0.545804
288.7		0.545804
288.8		0.545804
288.9		0.545804
289		0.545804
289.1		0.547922
289.2		0.547922
289.3		0.547922
289.4		0.547922
289.5		0.547922
289.6		0.547922
289.7		0.547922
289.8		0.547922
289.9		0.547922
290		0.547922
290.1		0.548716
290.2		0.548716
290.3		0.548716
290.4		0.548716
290.5		0.548716
290.6		0.548716
290.7		0.548716
290.8		0.548716
290.9		0.548716
291		0.548716
291.1		0.552555
291.2		0.552555
291.3		0.552555
291.4		0.552555
291.5		0.552555
291.6		0.552555
291.7		0.552555
291.8		0.552555
291.9		0.552555
292		0.552555
292.1		0.554805
292.2		0.554805
292.3		0.554805
292.4		0.554805
292.5		0.554805
292.6		0.554805
292.7		0.554805
292.8		0.554805
292.9		0.554805
293		0.554805
293.1		0.554805
293.2		0.554805
293.3		0.554805
293.4		0.554805
293.5		0.554805
293.6		0.554805
293.7		0.554805
293.8		0.554805
293.9		0.554805
294		0.554805
294.1		0.555732
294.2		0.555732
294.3		0.555732
294.4		0.555732
294.5		0.555732
294.6		0.555732
294.7		0.555732
294.8		0.555732
294.9		0.555732
295		0.555732
295.1		0.558115
295.2		0.558115
295.3		0.558115
295.4		0.558115
295.5		0.558115
295.6		0.558115
295.7		0.558115
295.8		0.558115
295.9		0.558115
296		0.558115
296.1		0.562351
296.2		0.562351
296.3		0.562351
296.4		0.562351
296.5		0.562351
296.6		0.562351
296.7		0.562351
296.8		0.562351
296.9		0.562351
297		0.562351
297.1		0.56394
297.2		0.56394
297.3		0.56394
297.4		0.56394
297.5		0.56394
297.6		0.56394
297.7		0.56394
297.8		0.56394
297.9		0.56394
298		0.56394
298.1		0.565131
298.2		0.565131
298.3		0.565131
298.4		0.565131
298.5		0.565131
298.6		0.565131
298.7		0.565131
298.8		0.565131
298.9		0.565131
299		0.565131
299.1		0.569367
299.2		0.569367
299.3		0.569367
299.4		0.569367
299.5		0.569367
299.6		0.569367
299.7		0.569367
299.8		0.569367
299.9		0.569367
300		0.569367
300.1		0.571088
300.2		0.571088
300.3		0.571088
300.4		0.571088
300.5		0.571088
300.6		0.571088
300.7		0.571088
300.8		0.571088
300.9		0.571088
301		0.571088
301.1		0.576251
301.2		0.576251
301.3		0.576251
301.4		0.576251
301.5		0.576251
301.6		0.576251
301.7		0.576251
301.8		0.576251
301.9		0.576251
302		0.576251
302.1		0.57731
302.2		0.57731
302.3		0.57731
302.4		0.57731
302.5		0.57731
302.6		0.57731
302.7		0.57731
302.8		0.57731
302.9		0.57731
303		0.57731
303.1		0.580884
303.2		0.580884
303.3		0.580884
303.4		0.580884
303.5		0.580884
303.6		0.580884
303.7		0.580884
303.8		0.580884
303.9		0.580884
304		0.580884
304.1		0.582208
304.2		0.582208
304.3		0.582208
304.4		0.582208
304.5		0.582208
304.6		0.582208
304.7		0.582208
304.8		0.582208
304.9		0.582208
305		0.582208
305.1		0.585385
305.2		0.585385
305.3		0.585385
305.4		0.585385
305.5		0.585385
305.6		0.585385
305.7		0.585385
305.8		0.585385
305.9		0.585385
306		0.585385
306.1		0.585518
306.2		0.585518
306.3		0.585518
306.4		0.585518
306.5		0.585518
306.6		0.585518
306.7		0.585518
306.8		0.585518
306.9		0.585518
307		0.585518
307.1		0.587106
307.2		0.587106
307.3		0.587106
307.4		0.587106
307.5		0.587106
307.6		0.587106
307.7		0.587106
307.8		0.587106
307.9		0.587106
308		0.587106
308.1		0.589621
308.2		0.589621
308.3		0.589621
308.4		0.589621
308.5		0.589621
308.6		0.589621
308.7		0.589621
308.8		0.589621
308.9		0.589621
309		0.589621
309.1		0.590416
309.2		0.590416
309.3		0.590416
309.4		0.590416
309.5		0.590416
309.6		0.590416
309.7		0.590416
309.8		0.590416
309.9		0.590416
310		0.590416
310.1		0.591739
310.2		0.591739
310.3		0.591739
310.4		0.591739
310.5		0.591739
310.6		0.591739
310.7		0.591739
310.8		0.591739
310.9		0.591739
311		0.591739
311.1		0.594255
311.2		0.594255
311.3		0.594255
311.4		0.594255
311.5		0.594255
311.6		0.594255
311.7		0.594255
311.8		0.594255
311.9		0.594255
312		0.594255
312.1		0.594387
312.2		0.594387
312.3		0.594387
312.4		0.594387
312.5		0.594387
312.6		0.594387
312.7		0.594387
312.8		0.594387
312.9		0.594387
313		0.594387
313.1		0.596638
313.2		0.596638
313.3		0.596638
313.4		0.596638
313.5		0.596638
313.6		0.596638
313.7		0.596638
313.8		0.596638
313.9		0.596638
314		0.596638
314.1		0.600874
314.2		0.600874
314.3		0.600874
314.4		0.600874
314.5		0.600874
314.6		0.600874
314.7		0.600874
314.8		0.600874
314.9		0.600874
315		0.600874
315.1		0.601271
315.2		0.601271
315.3		0.601271
315.4		0.601271
315.5		0.601271
315.6		0.601271
315.7		0.601271
315.8		0.601271
315.9		0.601271
316		0.601271
316.1		0.602462
316.2		0.602462
316.3		0.602462
316.4		0.602462
316.5		0.602462
316.6		0.602462
316.7		0.602462
316.8		0.602462
316.9		0.602462
317		0.602462
317.1		0.604051
317.2		0.604051
317.3		0.604051
317.4		0.604051
317.5		0.604051
317.6		0.604051
317.7		0.604051
317.8		0.604051
317.9		0.604051
318		0.604051
318.1		0.609081
318.2		0.609081
318.3		0.609081
318.4		0.609081
318.5		0.609081
318.6		0.609081
318.7		0.609081
318.8		0.609081
318.9		0.609081
319		0.609081
319.1		0.610537
319.2		0.610537
319.3		0.610537
319.4		0.610537
319.5		0.610537
319.6		0.610537
319.7		0.610537
319.8		0.610537
319.9		0.610537
320		0.610537
320.1		0.610537
320.2		0.610537
320.3		0.610537
320.4		0.610537
320.5		0.610537
320.6		0.610537
320.7		0.610537
320.8		0.610537
320.9		0.610537
321		0.610537
321.1		0.611464
321.2		0.611464
321.3		0.611464
321.4		0.611464
321.5		0.611464
321.6		0.611464
321.7		0.611464
321.8		0.611464
321.9		0.611464
322		0.611464
322.1		0.617686
322.2		0.617686
322.3		0.617686
322.4		0.617686
322.5		0.617686
322.6		0.617686
322.7		0.617686
322.8		0.617686
322.9		0.617686
323		0.617686
323.1		0.619672
323.2		0.619672
323.3		0.619672
323.4		0.619672
323.5		0.619672
323.6		0.619672
323.7		0.619672
323.8		0.619672
323.9		0.619672
324		0.619672
324.1		0.619672
324.2		0.619672
324.3		0.619672
324.4		0.619672
324.5		0.619672
324.6		0.619672
324.7		0.619672
324.8		0.619672
324.9		0.619672
325		0.619672
325.1		0.620201
325.2		0.620201
325.3		0.620201
325.4		0.620201
325.5		0.620201
325.6		0.620201
325.7		0.620201
325.8		0.620201
325.9		0.620201
326		0.620201
326.1		0.62404
326.2		0.62404
326.3		0.62404
326.4		0.62404
326.5		0.62404
326.6		0.62404
326.7		0.62404
326.8		0.62404
326.9		0.62404
327		0.62404
327.1		0.62457
327.2		0.62457
327.3		0.62457
327.4		0.62457
327.5		0.62457
327.6		0.62457
327.7		0.62457
327.8		0.62457
327.9		0.62457
328		0.62457
328.1		0.628409
328.2		0.628409
328.3		0.628409
328.4		0.628409
328.5		0.628409
328.6		0.628409
328.7		0.628409
328.8		0.628409
328.9		0.628409
329		0.628409
329.1		0.629335
329.2		0.629335
329.3		0.629335
329.4		0.629335
329.5		0.629335
329.6		0.629335
329.7		0.629335
329.8		0.629335
329.9		0.629335
330		0.629335
330.1		0.632645
330.2		0.632645
330.3		0.632645
330.4		0.632645
330.5		0.632645
330.6		0.632645
330.7		0.632645
330.8		0.632645
330.9		0.632645
331		0.632645
331.1		0.632777
331.2		0.632777
331.3		0.632777
331.4		0.632777
331.5		0.632777
331.6		0.632777
331.7		0.632777
331.8		0.632777
331.9		0.632777
332		0.632777
332.1		0.634234
332.2		0.634234
332.3		0.634234
332.4		0.634234
332.5		0.634234
332.6		0.634234
332.7		0.634234
332.8		0.634234
332.9		0.634234
333		0.634234
333.1		0.636749
333.2		0.636749
333.3		0.636749
333.4		0.636749
333.5		0.636749
333.6		0.636749
333.7		0.636749
333.8		0.636749
333.9		0.636749
334		0.636749
334.1		0.645089
334.2		0.645089
334.3		0.645089
334.4		0.645089
334.5		0.645089
334.6		0.645089
334.7		0.645089
334.8		0.645089
334.9		0.645089
335		0.645089
335.1		0.645751
335.2		0.645751
335.3		0.645751
335.4		0.645751
335.5		0.645751
335.6		0.645751
335.7		0.645751
335.8		0.645751
335.9		0.645751
336		0.645751
336.1		0.647736
336.2		0.647736
336.3		0.647736
336.4		0.647736
336.5		0.647736
336.6		0.647736
336.7		0.647736
336.8		0.647736
336.9		0.647736
337		0.647736
337.1		0.648133
337.2		0.648133
337.3		0.648133
337.4		0.648133
337.5		0.648133
337.6		0.648133
337.7		0.648133
337.8		0.648133
337.9		0.648133
338		0.648133
338.1		0.65515
338.2		0.65515
338.3		0.65515
338.4		0.65515
338.5		0.65515
338.6		0.65515
338.7		0.65515
338.8		0.65515
338.9		0.65515
339		0.65515
339.1		0.658724
339.2		0.658724
339.3		0.658724
339.4		0.658724
339.5		0.658724
339.6		0.658724
339.7		0.658724
339.8		0.658724
339.9		0.658724
340		0.658724
340.1		0.659783
340.2		0.659783
340.3		0.659783
340.4		0.659783
340.5		0.659783
340.6		0.659783
340.7		0.659783
340.8		0.659783
340.9		0.659783
341		0.659783
341.1		0.661769
341.2		0.661769
341.3		0.661769
341.4		0.661769
341.5		0.661769
341.6		0.661769
341.7		0.661769
341.8		0.661769
341.9		0.661769
342		0.661769
342.1		0.663887
342.2		0.663887
342.3		0.663887
342.4		0.663887
342.5		0.663887
342.6		0.663887
342.7		0.663887
342.8		0.663887
342.9		0.663887
343		0.663887
343.1		0.664416
343.2		0.664416
343.3		0.664416
343.4		0.664416
343.5		0.664416
343.6		0.664416
343.7		0.664416
343.8		0.664416
343.9		0.664416
344		0.664416
344.1		0.669844
344.2		0.669844
344.3		0.669844
344.4		0.669844
344.5		0.669844
344.6		0.669844
344.7		0.669844
344.8		0.669844
344.9		0.669844
345		0.669844
345.1		0.67408
345.2		0.67408
345.3		0.67408
345.4		0.67408
345.5		0.67408
345.6		0.67408
345.7		0.67408
345.8		0.67408
345.9		0.67408
346		0.67408
346.1		0.67408
346.2		0.67408
346.3		0.67408
346.4		0.67408
346.5		0.67408
346.6		0.67408
346.7		0.67408
346.8		0.67408
346.9		0.67408
347		0.67408
347.1		0.675271
347.2		0.675271
347.3		0.675271
347.4		0.675271
347.5		0.675271
347.6		0.675271
347.7		0.675271
347.8		0.675271
347.9		0.675271
348		0.675271
348.1		0.676066
348.2		0.676066
348.3		0.676066
348.4		0.676066
348.5		0.676066
348.6		0.676066
348.7		0.676066
348.8		0.676066
348.9		0.676066
349		0.676066
349.1		0.676463
349.2		0.676463
349.3		0.676463
349.4		0.676463
349.5		0.676463
349.6		0.676463
349.7		0.676463
349.8		0.676463
349.9		0.676463
350		0.676463
350.1		0.682685
350.2		0.682685
350.3		0.682685
350.4		0.682685
350.5		0.682685
350.6		0.682685
350.7		0.682685
350.8		0.682685
350.9		0.682685
351		0.682685
351.1		0.683082
351.2		0.683082
351.3		0.683082
351.4		0.683082
351.5		0.683082
351.6		0.683082
351.7		0.683082
351.8		0.683082
351.9		0.683082
352		0.683082
352.1		0.683347
352.2		0.683347
352.3		0.683347
352.4		0.683347
352.5		0.683347
352.6		0.683347
352.7		0.683347
352.8		0.683347
352.9		0.683347
353		0.683347
353.1		0.692481
353.2		0.692481
353.3		0.692481
353.4		0.692481
353.5		0.692481
353.6		0.692481
353.7		0.692481
353.8		0.692481
353.9		0.692481
354		0.692481
354.1		0.694202
354.2		0.694202
354.3		0.694202
354.4		0.694202
354.5		0.694202
354.6		0.694202
354.7		0.694202
354.8		0.694202
354.9		0.694202
355		0.694202
355.1		0.696452
355.2		0.696452
355.3		0.696452
355.4		0.696452
355.5		0.696452
355.6		0.696452
355.7		0.696452
355.8		0.696452
355.9		0.696452
356		0.696452
356.1		0.699762
356.2		0.699762
356.3		0.699762
356.4		0.699762
356.5		0.699762
356.6		0.699762
356.7		0.699762
356.8		0.699762
356.9		0.699762
357		0.699762
357.1		0.703336
357.2		0.703336
357.3		0.703336
357.4		0.703336
357.5		0.703336
357.6		0.703336
357.7		0.703336
357.8		0.703336
357.9		0.703336
358		0.703336
358.1		0.706116
358.2		0.706116
358.3		0.706116
358.4		0.706116
358.5		0.706116
358.6		0.706116
358.7		0.706116
358.8		0.706116
358.9		0.706116
359		0.706116
359.1		0.707307
359.2		0.707307
359.3		0.707307
359.4		0.707307
359.5		0.707307
359.6		0.707307
359.7		0.707307
359.8		0.707307
359.9		0.707307
360		0.707307
360.1		0.709293
360.2		0.709293
360.3		0.709293
360.4		0.709293
360.5		0.709293
360.6		0.709293
360.7		0.709293
360.8		0.709293
360.9		0.709293
361		0.709293
361.1		0.709823
361.2		0.709823
361.3		0.709823
361.4		0.709823
361.5		0.709823
361.6		0.709823
361.7		0.709823
361.8		0.709823
361.9		0.709823
362		0.709823
362.1		0.716177
362.2		0.716177
362.3		0.716177
362.4		0.716177
362.5		0.716177
362.6		0.716177
362.7		0.716177
362.8		0.716177
362.9		0.716177
363		0.716177
363.1		0.716442
363.2		0.716442
363.3		0.716442
363.4		0.716442
363.5		0.716442
363.6		0.716442
363.7		0.716442
363.8		0.716442
363.9		0.716442
364		0.716442
364.1		0.716839
364.2		0.716839
364.3		0.716839
364.4		0.716839
364.5		0.716839
364.6		0.716839
364.7		0.716839
364.8		0.716839
364.9		0.716839
365		0.716839
365.1		0.717368
365.2		0.717368
365.3		0.717368
365.4		0.717368
365.5		0.717368
365.6		0.717368
365.7		0.717368
365.8		0.717368
365.9		0.717368
366		0.717368
366.1		0.722002
366.2		0.722002
366.3		0.722002
366.4		0.722002
366.5		0.722002
366.6		0.722002
366.7		0.722002
366.8		0.722002
366.9		0.722002
367		0.722002
367.1		0.72412
367.2		0.72412
367.3		0.72412
367.4		0.72412
367.5		0.72412
367.6		0.72412
367.7		0.72412
367.8		0.72412
367.9		0.72412
368		0.72412
368.1		0.725708
368.2		0.725708
368.3		0.725708
368.4		0.725708
368.5		0.725708
368.6		0.725708
368.7		0.725708
368.8		0.725708
368.9		0.725708
369		0.725708
369.1		0.728091
369.2		0.728091
369.3		0.728091
369.4		0.728091
369.5		0.728091
369.6		0.728091
369.7		0.728091
369.8		0.728091
369.9		0.728091
370		0.728091
370.1		0.72915
370.2		0.72915
370.3		0.72915
370.4		0.72915
370.5		0.72915
370.6		0.72915
370.7		0.72915
370.8		0.72915
370.9		0.72915
371		0.72915
371.1		0.730871
371.2		0.730871
371.3		0.730871
371.4		0.730871
371.5		0.730871
371.6		0.730871
371.7		0.730871
371.8		0.730871
371.9		0.730871
372		0.730871
372.1		0.732592
372.2		0.732592
372.3		0.732592
372.4		0.732592
372.5		0.732592
372.6		0.732592
372.7		0.732592
372.8		0.732592
372.9		0.732592
373		0.732592
373.1		0.737225
373.2		0.737225
373.3		0.737225
373.4		0.737225
373.5		0.737225
373.6		0.737225
373.7		0.737225
373.8		0.737225
373.9		0.737225
374		0.737225
374.1		0.738946
374.2		0.738946
374.3		0.738946
374.4		0.738946
374.5		0.738946
374.6		0.738946
374.7		0.738946
374.8		0.738946
374.9		0.738946
375		0.738946
375.1		0.739873
375.2		0.739873
375.3		0.739873
375.4		0.739873
375.5		0.739873
375.6		0.739873
375.7		0.739873
375.8		0.739873
375.9		0.739873
376		0.739873
376.1		0.740535
376.2		0.740535
376.3		0.740535
376.4		0.740535
376.5		0.740535
376.6		0.740535
376.7		0.740535
376.8		0.740535
376.9		0.740535
377		0.740535
377.1		0.741594
377.2		0.741594
377.3		0.741594
377.4		0.741594
377.5		0.741594
377.6		0.741594
377.7		0.741594
377.8		0.741594
377.9		0.741594
378		0.741594
378.1		0.744903
378.2		0.744903
378.3		0.744903
378.4		0.744903
378.5		0.744903
378.6		0.744903
378.7		0.744903
378.8		0.744903
378.9		0.744903
379		0.744903
379.1		0.749007
379.2		0.749007
379.3		0.749007
379.4		0.749007
379.5		0.749007
379.6		0.749007
379.7		0.749007
379.8		0.749007
379.9		0.749007
380		0.749007
380.1		0.751258
380.2		0.751258
380.3		0.751258
380.4		0.751258
380.5		0.751258
380.6		0.751258
380.7		0.751258
380.8		0.751258
380.9		0.751258
381		0.751258
381.1		0.752184
381.2		0.752184
381.3		0.752184
381.4		0.752184
381.5		0.752184
381.6		0.752184
381.7		0.752184
381.8		0.752184
381.9		0.752184
382		0.752184
382.1		0.754038
382.2		0.754038
382.3		0.754038
382.4		0.754038
382.5		0.754038
382.6		0.754038
382.7		0.754038
382.8		0.754038
382.9		0.754038
383		0.754038
383.1		0.754038
383.2		0.754038
383.3		0.754038
383.4		0.754038
383.5		0.754038
383.6		0.754038
383.7		0.754038
383.8		0.754038
383.9		0.754038
384		0.754038
384.1		0.758141
384.2		0.758141
384.3		0.758141
384.4		0.758141
384.5		0.758141
384.6		0.758141
384.7		0.758141
384.8		0.758141
384.9		0.758141
385		0.758141
385.1		0.758406
385.2		0.758406
385.3		0.758406
385.4		0.758406
385.5		0.758406
385.6		0.758406
385.7		0.758406
385.8		0.758406
385.9		0.758406
386		0.758406
386.1		0.759862
386.2		0.759862
386.3		0.759862
386.4		0.759862
386.5		0.759862
386.6		0.759862
386.7		0.759862
386.8		0.759862
386.9		0.759862
387		0.759862
387.1		0.764098
387.2		0.764098
387.3		0.764098
387.4		0.764098
387.5		0.764098
387.6		0.764098
387.7		0.764098
387.8		0.764098
387.9		0.764098
388		0.764098
388.1		0.765422
388.2		0.765422
388.3		0.765422
388.4		0.765422
388.5		0.765422
388.6		0.765422
388.7		0.765422
388.8		0.765422
388.9		0.765422
389		0.765422
389.1		0.767143
389.2		0.767143
389.3		0.767143
389.4		0.767143
389.5		0.767143
389.6		0.767143
389.7		0.767143
389.8		0.767143
389.9		0.767143
390		0.767143
390.1		0.768335
390.2		0.768335
390.3		0.768335
390.4		0.768335
390.5		0.768335
390.6		0.768335
390.7		0.768335
390.8		0.768335
390.9		0.768335
391		0.768335
391.1		0.768732
391.2		0.768732
391.3		0.768732
391.4		0.768732
391.5		0.768732
391.6		0.768732
391.7		0.768732
391.8		0.768732
391.9		0.768732
392		0.768732
392.1		0.775086
392.2		0.775086
392.3		0.775086
392.4		0.775086
392.5		0.775086
392.6		0.775086
392.7		0.775086
392.8		0.775086
392.9		0.775086
393		0.775086
393.1		0.776939
393.2		0.776939
393.3		0.776939
393.4		0.776939
393.5		0.776939
393.6		0.776939
393.7		0.776939
393.8		0.776939
393.9		0.776939
394		0.776939
394.1		0.777734
394.2		0.777734
394.3		0.777734
394.4		0.777734
394.5		0.777734
394.6		0.777734
394.7		0.777734
394.8		0.777734
394.9		0.777734
395		0.777734
395.1		0.778528
395.2		0.778528
395.3		0.778528
395.4		0.778528
395.5		0.778528
395.6		0.778528
395.7		0.778528
395.8		0.778528
395.9		0.778528
396		0.778528
396.1		0.782499
396.2		0.782499
396.3		0.782499
396.4		0.782499
396.5		0.782499
396.6		0.782499
396.7		0.782499
396.8		0.782499
396.9		0.782499
397		0.782499
397.1		0.783294
397.2		0.783294
397.3		0.783294
397.4		0.783294
397.5		0.783294
397.6		0.783294
397.7		0.783294
397.8		0.783294
397.9		0.783294
398		0.783294
398.1		0.784485
398.2		0.784485
398.3		0.784485
398.4		0.784485
398.5		0.784485
398.6		0.784485
398.7		0.784485
398.8		0.784485
398.9		0.784485
399		0.784485
399.1		0.786206
399.2		0.786206
399.3		0.786206
399.4		0.786206
399.5		0.786206
399.6		0.786206
399.7		0.786206
399.8		0.786206
399.9		0.786206
400		0.786206
400.1		0.789383
400.2		0.789383
400.3		0.789383
400.4		0.789383
400.5		0.789383
400.6		0.789383
400.7		0.789383
400.8		0.789383
400.9		0.789383
401		0.789383
401.1		0.790707
401.2		0.790707
401.3		0.790707
401.4		0.790707
401.5		0.790707
401.6		0.790707
401.7		0.790707
401.8		0.790707
401.9		0.790707
402		0.790707
402.1		0.792428
402.2		0.792428
402.3		0.792428
402.4		0.792428
402.5		0.792428
402.6		0.792428
402.7		0.792428
402.8		0.792428
402.9		0.792428
403		0.792428
403.1		0.79256
403.2		0.79256
403.3		0.79256
403.4		0.79256
403.5		0.79256
403.6		0.79256
403.7		0.79256
403.8		0.79256
403.9		0.79256
404		0.79256
404.1		0.796267
404.2		0.796267
404.3		0.796267
404.4		0.796267
404.5		0.796267
404.6		0.796267
404.7		0.796267
404.8		0.796267
404.9		0.796267
405		0.796267
405.1		0.796532
405.2		0.796532
405.3		0.796532
405.4		0.796532
405.5		0.796532
405.6		0.796532
405.7		0.796532
405.8		0.796532
405.9		0.796532
406		0.796532
406.1		0.799576
406.2		0.799576
406.3		0.799576
406.4		0.799576
406.5		0.799576
406.6		0.799576
406.7		0.799576
406.8		0.799576
406.9		0.799576
407		0.799576
407.1		0.799841
407.2		0.799841
407.3		0.799841
407.4		0.799841
407.5		0.799841
407.6		0.799841
407.7		0.799841
407.8		0.799841
407.9		0.799841
408		0.799841
408.1		0.803018
408.2		0.803018
408.3		0.803018
408.4		0.803018
408.5		0.803018
408.6		0.803018
408.7		0.803018
408.8		0.803018
408.9		0.803018
409		0.803018
409.1		0.805401
409.2		0.805401
409.3		0.805401
409.4		0.805401
409.5		0.805401
409.6		0.805401
409.7		0.805401
409.8		0.805401
409.9		0.805401
410		0.805401
410.1		0.805931
410.2		0.805931
410.3		0.805931
410.4		0.805931
410.5		0.805931
410.6		0.805931
410.7		0.805931
410.8		0.805931
410.9		0.805931
411		0.805931
411.1		0.80646
411.2		0.80646
411.3		0.80646
411.4		0.80646
411.5		0.80646
411.6		0.80646
411.7		0.80646
411.8		0.80646
411.9		0.80646
412		0.80646
412.1		0.813079
412.2		0.813079
412.3		0.813079
412.4		0.813079
412.5		0.813079
412.6		0.813079
412.7		0.813079
412.8		0.813079
412.9		0.813079
413		0.813079
413.1		0.814138
413.2		0.814138
413.3		0.814138
413.4		0.814138
413.5		0.814138
413.6		0.814138
413.7		0.814138
413.8		0.814138
413.9		0.814138
414		0.814138
414.1		0.814668
414.2		0.814668
414.3		0.814668
414.4		0.814668
414.5		0.814668
414.6		0.814668
414.7		0.814668
414.8		0.814668
414.9		0.814668
415		0.814668
415.1		0.8148
415.2		0.8148
415.3		0.8148
415.4		0.8148
415.5		0.8148
415.6		0.8148
415.7		0.8148
415.8		0.8148
415.9		0.8148
416		0.8148
416.1		0.818242
416.2		0.818242
416.3		0.818242
416.4		0.818242
416.5		0.818242
416.6		0.818242
416.7		0.818242
416.8		0.818242
416.9		0.818242
417		0.818242
417.1		0.819301
417.2		0.819301
417.3		0.819301
417.4		0.819301
417.5		0.819301
417.6		0.819301
417.7		0.819301
417.8		0.819301
417.9		0.819301
418		0.819301
418.1		0.820625
418.2		0.820625
418.3		0.820625
418.4		0.820625
418.5		0.820625
418.6		0.820625
418.7		0.820625
418.8		0.820625
418.9		0.820625
419		0.820625
419.1		0.822611
419.2		0.822611
419.3		0.822611
419.4		0.822611
419.5		0.822611
419.6		0.822611
419.7		0.822611
419.8		0.822611
419.9		0.822611
420		0.822611
420.1		0.822875
420.2		0.822875
420.3		0.822875
420.4		0.822875
420.5		0.822875
420.6		0.822875
420.7		0.822875
420.8		0.822875
420.9		0.822875
421		0.822875
421.1		0.829627
421.2		0.829627
421.3		0.829627
421.4		0.829627
421.5		0.829627
421.6		0.829627
421.7		0.829627
421.8		0.829627
421.9		0.829627
422		0.829627
422.1		0.830156
422.2		0.830156
422.3		0.830156
422.4		0.830156
422.5		0.830156
422.6		0.830156
422.7		0.830156
422.8		0.830156
422.9		0.830156
423		0.830156
423.1		0.83095
423.2		0.83095
423.3		0.83095
423.4		0.83095
423.5		0.83095
423.6		0.83095
423.7		0.83095
423.8		0.83095
423.9		0.83095
424		0.83095
424.1		0.831348
424.2		0.831348
424.3		0.831348
424.4		0.831348
424.5		0.831348
424.6		0.831348
424.7		0.831348
424.8		0.831348
424.9		0.831348
425		0.831348
425.1		0.831348
425.2		0.831348
425.3		0.831348
425.4		0.831348
425.5		0.831348
425.6		0.831348
425.7		0.831348
425.8		0.831348
425.9		0.831348
426		0.831348
426.1		0.837305
426.2		0.837305
426.3		0.837305
426.4		0.837305
426.5		0.837305
426.6		0.837305
426.7		0.837305
426.8		0.837305
426.9		0.837305
427		0.837305
427.1		0.837834
427.2		0.837834
427.3		0.837834
427.4		0.837834
427.5		0.837834
427.6		0.837834
427.7		0.837834
427.8		0.837834
427.9		0.837834
428		0.837834
428.1		0.842335
428.2		0.842335
428.3		0.842335
428.4		0.842335
428.5		0.842335
428.6		0.842335
428.7		0.842335
428.8		0.842335
428.9		0.842335
429		0.842335
429.1		0.843527
429.2		0.843527
429.3		0.843527
429.4		0.843527
429.5		0.843527
429.6		0.843527
429.7		0.843527
429.8		0.843527
429.9		0.843527
430		0.843527
430.1		0.844321
430.2		0.844321
430.3		0.844321
430.4		0.844321
430.5		0.844321
430.6		0.844321
430.7		0.844321
430.8		0.844321
430.9		0.844321
431		0.844321
431.1		0.848292
431.2		0.848292
431.3		0.848292
431.4		0.848292
431.5		0.848292
431.6		0.848292
431.7		0.848292
431.8		0.848292
431.9		0.848292
432		0.848292
432.1		0.849219
432.2		0.849219
432.3		0.849219
432.4		0.849219
432.5		0.849219
432.6		0.849219
432.7		0.849219
432.8		0.849219
432.9		0.849219
433		0.849219
433.1		0.849484
433.2		0.849484
433.3		0.849484
433.4		0.849484
433.5		0.849484
433.6		0.849484
433.7		0.849484
433.8		0.849484
433.9		0.849484
434		0.849484
434.1		0.851867
434.2		0.851867
434.3		0.851867
434.4		0.851867
434.5		0.851867
434.6		0.851867
434.7		0.851867
434.8		0.851867
434.9		0.851867
435		0.851867
435.1		0.853852
435.2		0.853852
435.3		0.853852
435.4		0.853852
435.5		0.853852
435.6		0.853852
435.7		0.853852
435.8		0.853852
435.9		0.853852
436		0.853852
436.1		0.853852
436.2		0.853852
436.3		0.853852
436.4		0.853852
436.5		0.853852
436.6		0.853852
436.7		0.853852
436.8		0.853852
436.9		0.853852
437		0.853852
437.1		0.857427
437.2		0.857427
437.3		0.857427
437.4		0.857427
437.5		0.857427
437.6		0.857427
437.7		0.857427
437.8		0.857427
437.9		0.857427
438		0.857427
438.1		0.859147
438.2		0.859147
438.3		0.859147
438.4		0.859147
438.5		0.859147
438.6		0.859147
438.7		0.859147
438.8		0.859147
438.9		0.859147
439		0.859147
439.1		0.86153
439.2		0.86153
439.3		0.86153
439.4		0.86153
439.5		0.86153
439.6		0.86153
439.7		0.86153
439.8		0.86153
439.9		0.86153
440		0.86153
440.1		0.861663
440.2		0.861663
440.3		0.861663
440.4		0.861663
440.5		0.861663
440.6		0.861663
440.7		0.861663
440.8		0.861663
440.9		0.861663
441		0.861663
441.1		0.864972
441.2		0.864972
441.3		0.864972
441.4		0.864972
441.5		0.864972
441.6		0.864972
441.7		0.864972
441.8		0.864972
441.9		0.864972
442		0.864972
442.1		0.86709
442.2		0.86709
442.3		0.86709
442.4		0.86709
442.5		0.86709
442.6		0.86709
442.7		0.86709
442.8		0.86709
442.9		0.86709
443		0.86709
443.1		0.869341
443.2		0.869341
443.3		0.869341
443.4		0.869341
443.5		0.869341
443.6		0.869341
443.7		0.869341
443.8		0.869341
443.9		0.869341
444		0.869341
444.1		0.873047
444.2		0.873047
444.3		0.873047
444.4		0.873047
444.5		0.873047
444.6		0.873047
444.7		0.873047
444.8		0.873047
444.9		0.873047
445		0.873047
445.1		0.873445
445.2		0.873445
445.3		0.873445
445.4		0.873445
445.5		0.873445
445.6		0.873445
445.7		0.873445
445.8		0.873445
445.9		0.873445
446		0.873445
446.1		0.873709
446.2		0.873709
446.3		0.873709
446.4		0.873709
446.5		0.873709
446.6		0.873709
446.7		0.873709
446.8		0.873709
446.9		0.873709
447		0.873709
447.1		0.876754
447.2		0.876754
447.3		0.876754
447.4		0.876754
447.5		0.876754
447.6		0.876754
447.7		0.876754
447.8		0.876754
447.9		0.876754
448		0.876754
448.1		0.881652
448.2		0.881652
448.3		0.881652
448.4		0.881652
448.5		0.881652
448.6		0.881652
448.7		0.881652
448.8		0.881652
448.9		0.881652
449		0.881652
449.1		0.882976
449.2		0.882976
449.3		0.882976
449.4		0.882976
449.5		0.882976
449.6		0.882976
449.7		0.882976
449.8		0.882976
449.9		0.882976
450		0.882976
450.1		0.8843
450.2		0.8843
450.3		0.8843
450.4		0.8843
450.5		0.8843
450.6		0.8843
450.7		0.8843
450.8		0.8843
450.9		0.8843
451		0.8843
451.1		0.884432
451.2		0.884432
451.3		0.884432
451.4		0.884432
451.5		0.884432
451.6		0.884432
451.7		0.884432
451.8		0.884432
451.9		0.884432
452		0.884432
452.1		0.890124
452.2		0.890124
452.3		0.890124
452.4		0.890124
452.5		0.890124
452.6		0.890124
452.7		0.890124
452.8		0.890124
452.9		0.890124
453		0.890124
453.1		0.891448
453.2		0.891448
453.3		0.891448
453.4		0.891448
453.5		0.891448
453.6		0.891448
453.7		0.891448
453.8		0.891448
453.9		0.891448
454		0.891448
454.1		0.891581
454.2		0.891581
454.3		0.891581
454.4		0.891581
454.5		0.891581
454.6		0.891581
454.7		0.891581
454.8		0.891581
454.9		0.891581
455		0.891581
455.1		0.89211
455.2		0.89211
455.3		0.89211
455.4		0.89211
455.5		0.89211
455.6		0.89211
455.7		0.89211
455.8		0.89211
455.9		0.89211
456		0.89211
456.1		0.895949
456.2		0.895949
456.3		0.895949
456.4		0.895949
456.5		0.895949
456.6		0.895949
456.7		0.895949
456.8		0.895949
456.9		0.895949
457		0.895949
457.1		0.899126
457.2		0.899126
457.3		0.899126
457.4		0.899126
457.5		0.899126
457.6		0.899126
457.7		0.899126
457.8		0.899126
457.9		0.899126
458		0.899126
458.1		0.899656
458.2		0.899656
458.3		0.899656
458.4		0.899656
458.5		0.899656
458.6		0.899656
458.7		0.899656
458.8		0.899656
458.9		0.899656
459		0.899656
459.1		0.899921
459.2		0.899921
459.3		0.899921
459.4		0.899921
459.5		0.899921
459.6		0.899921
459.7		0.899921
459.8		0.899921
459.9		0.899921
460		0.899921
460.1		0.903362
460.2		0.903362
460.3		0.903362
460.4		0.903362
460.5		0.903362
460.6		0.903362
460.7		0.903362
460.8		0.903362
460.9		0.903362
461		0.903362
461.1		0.904289
461.2		0.904289
461.3		0.904289
461.4		0.904289
461.5		0.904289
461.6		0.904289
461.7		0.904289
461.8		0.904289
461.9		0.904289
462		0.904289
462.1		0.90601
462.2		0.90601
462.3		0.90601
462.4		0.90601
462.5		0.90601
462.6		0.90601
462.7		0.90601
462.8		0.90601
462.9		0.90601
463		0.90601
463.1		0.907334
463.2		0.907334
463.3		0.907334
463.4		0.907334
463.5		0.907334
463.6		0.907334
463.7		0.907334
463.8		0.907334
463.9		0.907334
464		0.907334
464.1		0.910511
464.2		0.910511
464.3		0.910511
464.4		0.910511
464.5		0.910511
464.6		0.910511
464.7		0.910511
464.8		0.910511
464.9		0.910511
465		0.910511
465.1		0.911967
465.2		0.911967
465.3		0.911967
465.4		0.911967
465.5		0.911967
465.6		0.911967
465.7		0.911967
465.8		0.911967
465.9		0.911967
466		0.911967
466.1		0.912497
466.2		0.912497
466.3		0.912497
466.4		0.912497
466.5		0.912497
466.6		0.912497
466.7		0.912497
466.8		0.912497
466.9		0.912497
467		0.912497
467.1		0.915277
467.2		0.915277
467.3		0.915277
467.4		0.915277
467.5		0.915277
467.6		0.915277
467.7		0.915277
467.8		0.915277
467.9		0.915277
468		0.915277
468.1		0.91938
468.2		0.91938
468.3		0.91938
468.4		0.91938
468.5		0.91938
468.6		0.91938
468.7		0.91938
468.8		0.91938
468.9		0.91938
469		0.91938
469.1		0.920307
469.2		0.920307
469.3		0.920307
469.4		0.920307
469.5		0.920307
469.6		0.920307
469.7		0.920307
469.8		0.920307
469.9		0.920307
470		0.920307
470.1		0.920969
470.2		0.920969
470.3		0.920969
470.4		0.920969
470.5		0.920969
470.6		0.920969
470.7		0.920969
470.8		0.920969
470.9		0.920969
471		0.920969
471.1		0.922028
471.2		0.922028
471.3		0.922028
471.4		0.922028
471.5		0.922028
471.6		0.922028
471.7		0.922028
471.8		0.922028
471.9		0.922028
472		0.922028
472.1		0.928779
472.2		0.928779
472.3		0.928779
472.4		0.928779
472.5		0.928779
472.6		0.928779
472.7		0.928779
472.8		0.928779
472.9		0.928779
473		0.928779
473.1		0.9305
473.2		0.9305
473.3		0.9305
473.4		0.9305
473.5		0.9305
473.6		0.9305
473.7		0.9305
473.8		0.9305
473.9		0.9305
474		0.9305
474.1		0.932089
474.2		0.932089
474.3		0.932089
474.4		0.932089
474.5		0.932089
474.6		0.932089
474.7		0.932089
474.8		0.932089
474.9		0.932089
475		0.932089
475.1		0.934472
475.2		0.934472
475.3		0.934472
475.4		0.934472
475.5		0.934472
475.6		0.934472
475.7		0.934472
475.8		0.934472
475.9		0.934472
476		0.934472
476.1		0.937252
476.2		0.937252
476.3		0.937252
476.4		0.937252
476.5		0.937252
476.6		0.937252
476.7		0.937252
476.8		0.937252
476.9		0.937252
477		0.937252
477.1		0.938973
477.2		0.938973
477.3		0.938973
477.4		0.938973
477.5		0.938973
477.6		0.938973
477.7		0.938973
477.8		0.938973
477.9		0.938973
478		0.938973
478.1		0.939899
478.2		0.939899
478.3		0.939899
478.4		0.939899
478.5		0.939899
478.6		0.939899
478.7		0.939899
478.8		0.939899
478.9		0.939899
479		0.939899
479.1		0.941223
479.2		0.941223
479.3		0.941223
479.4		0.941223
479.5		0.941223
479.6		0.941223
479.7		0.941223
479.8		0.941223
479.9		0.941223
480		0.941223
480.1		0.941885
480.2		0.941885
480.3		0.941885
480.4		0.941885
480.5		0.941885
480.6		0.941885
480.7		0.941885
480.8		0.941885
480.9		0.941885
481		0.941885
481.1		0.946121
481.2		0.946121
481.3		0.946121
481.4		0.946121
481.5		0.946121
481.6		0.946121
481.7		0.946121
481.8		0.946121
481.9		0.946121
482		0.946121
482.1		0.948504
482.2		0.948504
482.3		0.948504
482.4		0.948504
482.5		0.948504
482.6		0.948504
482.7		0.948504
482.8		0.948504
482.9		0.948504
483		0.948504
483.1		0.948636
483.2		0.948636
483.3		0.948636
483.4		0.948636
483.5		0.948636
483.6		0.948636
483.7		0.948636
483.8		0.948636
483.9		0.948636
484		0.948636
484.1		0.950093
484.2		0.950093
484.3		0.950093
484.4		0.950093
484.5		0.950093
484.6		0.950093
484.7		0.950093
484.8		0.950093
484.9		0.950093
485		0.950093
485.1		0.951284
485.2		0.951284
485.3		0.951284
485.4		0.951284
485.5		0.951284
485.6		0.951284
485.7		0.951284
485.8		0.951284
485.9		0.951284
486		0.951284
486.1		0.956447
486.2		0.956447
486.3		0.956447
486.4		0.956447
486.5		0.956447
486.6		0.956447
486.7		0.956447
486.8		0.956447
486.9		0.956447
487		0.956447
487.1		0.9583
487.2		0.9583
487.3		0.9583
487.4		0.9583
487.5		0.9583
487.6		0.9583
487.7		0.9583
487.8		0.9583
487.9		0.9583
488		0.9583
488.1		0.960154
488.2		0.960154
488.3		0.960154
488.4		0.960154
488.5		0.960154
488.6		0.960154
488.7		0.960154
488.8		0.960154
488.9		0.960154
489		0.960154
489.1		0.961875
489.2		0.961875
489.3		0.961875
489.4		0.961875
489.5		0.961875
489.6		0.961875
489.7		0.961875
489.8		0.961875
489.9		0.961875
490		0.961875
490.1		0.963595
490.2		0.963595
490.3		0.963595
490.4		0.963595
490.5		0.963595
490.6		0.963595
490.7		0.963595
490.8		0.963595
490.9		0.963595
491		0.963595
491.1		0.965714
491.2		0.965714
491.3		0.965714
491.4		0.965714
491.5		0.965714
491.6		0.965714
491.7		0.965714
491.8		0.965714
491.9		0.965714
492		0.965714
492.1		0.965846
492.2		0.965846
492.3		0.965846
492.4		0.965846
492.5		0.965846
492.6		0.965846
492.7		0.965846
492.8		0.965846
492.9		0.965846
493		0.965846
493.1		0.966111
493.2		0.966111
493.3		0.966111
493.4		0.966111
493.5		0.966111
493.6		0.966111
493.7		0.966111
493.8		0.966111
493.9		0.966111
494		0.966111
494.1		0.9722
494.2		0.9722
494.3		0.9722
494.4		0.9722
494.5		0.9722
494.6		0.9722
494.7		0.9722
494.8		0.9722
494.9		0.9722
495		0.9722
495.1		0.973524
495.2		0.973524
495.3		0.973524
495.4		0.973524
495.5		0.973524
495.6		0.973524
495.7		0.973524
495.8		0.973524
495.9		0.973524
496		0.973524
496.1		0.973921
496.2		0.973921
496.3		0.973921
496.4		0.973921
496.5		0.973921
496.6		0.973921
496.7		0.973921
496.8		0.973921
496.9		0.973921
497		0.973921
497.1		0.974186
497.2		0.974186
497.3		0.974186
497.4		0.974186
497.5		0.974186
497.6		0.974186
497.7		0.974186
497.8		0.974186
497.9		0.974186
498		0.974186
498.1		0.980011
498.2		0.980011
498.3		0.980011
498.4		0.980011
498.5		0.980011
498.6		0.980011
498.7		0.980011
498.8		0.980011
498.9		0.980011
499		0.980011
499.1		0.980937
499.2		0.980937
499.3		0.980937
499.4		0.980937
499.5		0.980937
499.6		0.980937
499.7		0.980937
499.8		0.980937
499.9		0.980937
500		0.980937
500.1		0.983982
500.2		0.983982
500.3		0.983982
500.4		0.983982
500.5		0.983982
500.6		0.983982
500.7		0.983982
500.8		0.983982
500.9		0.983982
501		0.983982
501.1		0.984114
501.2		0.984114
501.3		0.984114
501.4		0.984114
501.5		0.984114
501.6		0.984114
501.7		0.984114
501.8		0.984114
501.9		0.984114
502		0.984114
502.1		0.986497
502.2		0.986497
502.3		0.986497
502.4		0.986497
502.5		0.986497
502.6		0.986497
502.7		0.986497
502.8		0.986497
502.9		0.986497
503		0.986497
503.1		0.987556
503.2		0.987556
503.3		0.987556
503.4		0.987556
503.5		0.987556
503.6		0.987556
503.7		0.987556
503.8		0.987556
503.9		0.987556
504		0.987556
504.1		0.989542
504.2		0.989542
504.3		0.989542
504.4		0.989542
504.5		0.989542
504.6		0.989542
504.7		0.989542
504.8		0.989542
504.9		0.989542
505		0.989542
505.1		0.99219
505.2		0.99219
505.3		0.99219
505.4		0.99219
505.5		0.99219
505.6		0.99219
505.7		0.99219
505.8		0.99219
505.9		0.99219
506		0.99219
506.1		0.994043
506.2		0.994043
506.3		0.994043
506.4		0.994043
506.5		0.994043
506.6		0.994043
506.7		0.994043
506.8		0.994043
506.9		0.994043
507		0.994043
507.1		0.99444
507.2		0.99444
507.3		0.99444
507.4		0.99444
507.5		0.99444
507.6		0.99444
507.7		0.99444
507.8		0.99444
507.9		0.99444
508		0.99444
508.1		0.995896
508.2		0.995896
508.3		0.995896
508.4		0.995896
508.5		0.995896
508.6		0.995896
508.7		0.995896
508.8		0.995896
508.9		0.995896
509		0.995896
509.1		0.996426
509.2		0.996426
509.3		0.996426
509.4		0.996426
509.5		0.996426
509.6		0.996426
509.7		0.996426
509.8		0.996426
509.9		0.996426
510		0.996426
510.1		0.999338
510.2		0.999338
510.3		0.999338
510.4		0.999338
510.5		0.999338
510.6		0.999338
510.7		0.999338
510.8		0.999338
510.9		0.999338
511		0.999338
511.1		1
511.2		1
511.3		1
511.4		1
511.5		1
511.6		1
511.7		1
511.8		1
511.9		1
512		1
512.1		1
512.2		1
512.3		1
512.4		1
512.5		1
512.6		1
512.7		1
512.8		1
512.9		1
513		1
513.1		1
513.2		1
513.3		1
513.4		1
513.5		1
513.6		1
513.7		1
513.8		1
513.9		1
514		1
514.1		1
514.2		1
514.3		1
514.4		1
514.5		1
514.6		1
514.7		1
514.8		1
514.9		1
515		1
515.1		1
515.2		1
515.3		1
515.4		1
515.5		1
515.6		1
515.7		1
515.8		1
515.9		1
516		1
516.1		1
516.2		1
516.3		1
516.4		1
516.5		1
516.6		1
516.7		1
516.8		1
516.9		1
517		1
517.1		1
517.2		1
517.3		1
517.4		1
517.5		1
517.6		1
517.7		1
517.8		1
517.9		1
518		1
518.1		1
518.2		1
518.3		1
518.4		1
518.5		1
518.6		1
518.7		1
518.8		1
518.9		1
519		1
519.1		1
519.2		1
519.3		1
519.4		1
519.5		1
519.6		1
519.7		1
519.8		1
519.9		1
520		1
520.1		1
520.2		1
520.3		1
520.4		1
520.5		1
520.6		1
520.7		1
520.8		1
520.9		1
521		1
521.1		1
521.2		1
521.3		1
521.4		1
521.5		1
521.6		1
521.7		1
521.8		1
521.9		1
522		1
522.1		1
522.2		1
522.3		1
522.4		1
522.5		1
522.6		1
522.7		1
522.8		1
522.9		1
523		1
523.1		1
523.2		1
523.3		1
523.4		1
523.5		1
523.6		1
523.7		1
523.8		1
523.9		1
524		1
524.1		1
524.2		1
524.3		1
524.4		1
524.5		1
524.6		1
524.7		1
524.8		1
524.9		1
525		1
525.1		1
525.2		1
525.3		1
525.4		1
525.5		1
525.6		1
525.7		1
525.8		1
525.9		1
526		1
526.1		1
526.2		1
526.3		1
526.4		1
526.5		1
526.6		1
526.7		1
526.8		1
526.9		1
527		1
527.1		1
527.2		1
527.3		1
527.4		1
527.5		1
527.6		1
527.7		1
527.8		1
527.9		1
528		1
528.1		1
528.2		1
528.3		1
528.4		1
528.5		1
528.6		1
528.7		1
528.8		1
528.9		1
529		1
529.1		1
529.2		1
529.3		1
529.4		1
529.5		1
529.6		1
529.7		1
529.8		1
529.9		1
530		1
530.1		1
530.2		1
530.3		1
530.4		1
530.5		1
530.6		1
530.7		1
530.8		1
530.9		1
531		1
531.1		1
531.2		1
531.3		1
531.4		1
531.5		1
531.6		1
531.7		1
531.8		1
531.9		1
532		1
532.1		1
532.2		1
532.3		1
532.4		1
532.5		1
532.6		1
532.7		1
532.8		1
532.9		1
533		1
533.1		1
533.2		1
533.3		1
533.4		1
533.5		1
533.6		1
533.7		1
533.8		1
533.9		1
534		1
534.1		1
534.2		1
534.3		1
534.4		1
534.5		1
534.6		1
534.7		1
534.8		1
534.9		1
535		1
535.1		1
535.2		1
535.3		1
535.4		1
535.5		1
535.6		1
535.7		1
535.8		1
535.9		1
536		1
536.1		1
536.2		1
536.3		1
536.4		1
536.5		1
536.6		1
536.7		1
536.8		1
536.9		1
537		1
537.1		1
537.2		1
537.3		1
537.4		1
537.5		1
537.6		1
537.7		1
537.8		1
537.9		1
538		1
538.1		1
538.2		1
538.3		1
538.4		1
538.5		1
538.6		1
538.7		1
538.8		1
538.9		1
539		1
539.1		1
539.2		1
539.3		1
539.4		1
539.5		1
539.6		1
539.7		1
539.8		1
539.9		1
540		1
540.1		1
540.2		1
540.3		1
540.4		1
540.5		1
540.6		1
540.7		1
540.8		1
540.9		1
541		1
541.1		1
541.2		1
541.3		1
541.4		1
541.5		1
541.6		1
541.7		1
541.8		1
541.9		1
542		1
542.1		1
542.2		1
542.3		1
542.4		1
542.5		1
542.6		1
542.7		1
542.8		1
542.9		1
543		1
543.1		1
543.2		1
543.3		1
543.4		1
543.5		1
543.6		1
543.7		1
543.8		1
543.9		1
544		1
544.1		1
544.2		1
544.3		1
544.4		1
544.5		1
544.6		1
544.7		1
544.8		1
544.9		1
545		1
545.1		1
545.2		1
545.3		1
545.4		1
545.5		1
545.6		1
545.7		1
545.8		1
545.9		1
546		1
546.1		1
546.2		1
546.3		1
546.4		1
546.5		1
546.6		1
546.7		1
546.8		1
546.9		1
547		1
547.1		1
547.2		1
547.3		1
547.4		1
547.5		1
547.6		1
547.7		1
547.8		1
547.9		1
548		1
548.1		1
548.2		1
548.3		1
548.4		1
548.5		1
548.6		1
548.7		1
548.8		1
548.9		1
549		1
549.1		1
549.2		1
549.3		1
549.4		1
549.5		1
549.6		1
549.7		1
549.8		1
549.9		1
550		1
550.1		1
550.2		1
550.3		1
550.4		1
550.5		1
550.6		1
550.7		1
550.8		1
550.9		1
551		1
551.1		1
551.2		1
551.3		1
551.4		1
551.5		1
551.6		1
551.7		1
551.8		1
551.9		1
552		1
552.1		1
552.2		1
552.3		1
552.4		1
552.5		1
552.6		1
552.7		1
552.8		1
552.9		1
553		1
553.1		1
553.2		1
553.3		1
553.4		1
553.5		1
553.6		1
553.7		1
553.8		1
553.9		1
554		1
554.1		1
554.2		1
554.3		1
554.4		1
554.5		1
554.6		1
554.7		1
554.8		1
554.9		1
555		1
555.1		1
555.2		1
555.3		1
555.4		1
555.5		1
555.6		1
555.7		1
555.8		1
555.9		1
556		1
556.1		1
556.2		1
556.3		1
556.4		1
556.5		1
556.6		1
556.7		1
556.8		1
556.9		1
557		1
557.1		1
557.2		1
557.3		1
557.4		1
557.5		1
557.6		1
557.7		1
557.8		1
557.9		1
558		1
558.1		1
558.2		1
558.3		1
558.4		1
558.5		1
558.6		1
558.7		1
558.8		1
558.9		1
559		1
559.1		1
559.2		1
559.3		1
559.4		1
559.5		1
559.6		1
559.7		1
559.8		1
559.9		1
560		1
560.1		1
560.2		1
560.3		1
560.4		1
560.5		1
560.6		1
560.7		1
560.8		1
560.9		1
561		1
561.1		1
561.2		1
561.3		1
561.4		1
561.5		1
561.6		1
561.7		1
561.8		1
561.9		1
562		1
562.1		1
562.2		1
562.3		1
562.4		1
562.5		1
562.6		1
562.7		1
562.8		1
562.9		1
563		1
563.1		1
563.2		1
563.3		1
563.4		1
563.5		1
563.6		1
563.7		1
563.8		1
563.9		1
564		1
564.1		1
564.2		1
564.3		1
564.4		1
564.5		1
564.6		1
564.7		1
564.8		1
564.9		1
565		1
565.1		1
565.2		1
565.3		1
565.4		1
565.5		1
565.6		1
565.7		1
565.8		1
565.9		1
566		1
566.1		1
566.2		1
566.3		1
566.4		1
566.5		1
566.6		1
566.7		1
566.8		1
566.9		1
567		1
567.1		1
567.2		1
567.3		1
567.4		1
567.5		1
567.6		1
567.7		1
567.8		1
567.9		1
568		1
568.1		1
568.2		1
568.3		1
568.4		1
568.5		1
568.6		1
568.7		1
568.8		1
568.9		1
569		1
569.1		1
569.2		1
569.3		1
569.4		1
569.5		1
569.6		1
569.7		1
569.8		1
569.9		1
570		1
570.1		1
570.2		1
570.3		1
570.4		1
570.5		1
570.6		1
570.7		1
570.8		1
570.9		1
571		1
571.1		1
571.2		1
571.3		1
571.4		1
571.5		1
571.6		1
571.7		1
571.8		1
571.9		1
572		1
572.1		1
572.2		1
572.3		1
572.4		1
572.5		1
572.6		1
572.7		1
572.8		1
572.9		1
573		1
573.1		1
573.2		1
573.3		1
573.4		1
573.5		1
573.6		1
573.7		1
573.8		1
573.9		1
574		1
574.1		1
574.2		1
574.3		1
574.4		1
574.5		1
574.6		1
574.7		1
574.8		1
574.9		1
575		1
575.1		1
575.2		1
575.3		1
575.4		1
575.5		1
575.6		1
575.7		1
575.8		1
575.9		1
576		1
576.1		1
576.2		1
576.3		1
576.4		1
576.5		1
576.6		1
576.7		1
576.8		1
576.9		1
577		1
577.1		1
577.2		1
577.3		1
577.4		1
577.5		1
577.6		1
577.7		1
577.8		1
577.9		1
578		1
578.1		1
578.2		1
578.3		1
578.4		1
578.5		1
578.6		1
578.7		1
578.8		1
578.9		1
579		1
579.1		1
579.2		1
579.3		1
579.4		1
579.5		1
579.6		1
579.7		1
579.8		1
579.9		1
580		1
580.1		1
580.2		1
580.3		1
580.4		1
580.5		1
580.6		1
580.7		1
580.8		1
580.9		1
581		1
581.1		1
581.2		1
581.3		1
581.4		1
581.5		1
581.6		1
581.7		1
581.8		1
581.9		1
582		1
582.1		1
582.2		1
582.3		1
582.4		1
582.5		1
582.6		1
582.7		1
582.8		1
582.9		1
583		1
583.1		1
583.2		1
583.3		1
583.4		1
583.5		1
583.6		1
583.7		1
583.8		1
583.9		1
584		1
584.1		1
584.2		1
584.3		1
584.4		1
584.5		1
584.6		1
584.7		1
584.8		1
584.9		1
585		1
585.1		1
585.2		1
585.3		1
585.4		1
585.5		1
585.6		1
585.7		1
585.8		1
585.9		1
586		1
586.1		1
586.2		1
586.3		1
586.4		1
586.5		1
586.6		1
586.7		1
586.8		1
586.9		1
587		1
587.1		1
587.2		1
587.3		1
587.4		1
587.5		1
587.6		1
587.7		1
587.8		1
587.9		1
588		1
588.1		1
588.2		1
588.3		1
588.4		1
588.5		1
588.6		1
588.7		1
588.8		1
588.9		1
589		1
589.1		1
589.2		1
589.3		1
589.4		1
589.5		1
589.6		1
589.7		1
589.8		1
589.9		1
590		1
590.1		1
590.2		1
590.3		1
590.4		1
590.5		1
590.6		1
590.7		1
590.8		1
590.9		1
591		1
591.1		1
591.2		1
591.3		1
591.4		1
591.5		1
591.6		1
591.7		1
591.8		1
591.9		1
592		1
592.1		1
592.2		1
592.3		1
592.4		1
592.5		1
592.6		1
592.7		1
592.8		1
592.9		1
593		1
593.1		1
593.2		1
593.3		1
593.4		1
593.5		1
593.6		1
593.7		1
593.8		1
593.9		1
594		1
594.1		1
594.2		1
594.3		1
594.4		1
594.5		1
594.6		1
594.7		1
594.8		1
594.9		1
595		1
595.1		1
595.2		1
595.3		1
595.4		1
595.5		1
595.6		1
595.7		1
595.8		1
595.9		1
596		1
596.1		1
596.2		1
596.3		1
596.4		1
596.5		1
596.6		1
596.7		1
596.8		1
596.9		1
597		1
597.1		1
597.2		1
597.3		1
597.4		1
597.5		1
597.6		1
597.7		1
597.8		1
597.9		1
598		1
598.1		1
598.2		1
598.3		1
598.4		1
598.5		1
598.6		1
598.7		1
598.8		1
598.9		1
599		1
599.1		1
599.2		1
599.3		1
599.4		1
599.5		1
599.6		1
599.7		1
599.8		1
599.9		1
600		1
