# Calibration file of tamex_id 2 @ channel 2
# fine_T bin		 Calibration value
0.1		0
0.2		0
0.3		0
0.4		0
0.5		0
0.6		0
0.7		0
0.8		0
0.9		0
1		0
1.1		0
1.2		0
1.3		0
1.4		0
1.5		0
1.6		0
1.7		0
1.8		0
1.9		0
2		0
2.1		0
2.2		0
2.3		0
2.4		0
2.5		0
2.6		0
2.7		0
2.8		0
2.9		0
3		0
3.1		0
3.2		0
3.3		0
3.4		0
3.5		0
3.6		0
3.7		0
3.8		0
3.9		0
4		0
4.1		0
4.2		0
4.3		0
4.4		0
4.5		0
4.6		0
4.7		0
4.8		0
4.9		0
5		0
5.1		0
5.2		0
5.3		0
5.4		0
5.5		0
5.6		0
5.7		0
5.8		0
5.9		0
6		0
6.1		0
6.2		0
6.3		0
6.4		0
6.5		0
6.6		0
6.7		0
6.8		0
6.9		0
7		0
7.1		0
7.2		0
7.3		0
7.4		0
7.5		0
7.6		0
7.7		0
7.8		0
7.9		0
8		0
8.1		0
8.2		0
8.3		0
8.4		0
8.5		0
8.6		0
8.7		0
8.8		0
8.9		0
9		0
9.1		0
9.2		0
9.3		0
9.4		0
9.5		0
9.6		0
9.7		0
9.8		0
9.9		0
10		0
10.1		0
10.2		0
10.3		0
10.4		0
10.5		0
10.6		0
10.7		0
10.8		0
10.9		0
11		0
11.1		0
11.2		0
11.3		0
11.4		0
11.5		0
11.6		0
11.7		0
11.8		0
11.9		0
12		0
12.1		0
12.2		0
12.3		0
12.4		0
12.5		0
12.6		0
12.7		0
12.8		0
12.9		0
13		0
13.1		0
13.2		0
13.3		0
13.4		0
13.5		0
13.6		0
13.7		0
13.8		0
13.9		0
14		0
14.1		0
14.2		0
14.3		0
14.4		0
14.5		0
14.6		0
14.7		0
14.8		0
14.9		0
15		0
15.1		0
15.2		0
15.3		0
15.4		0
15.5		0
15.6		0
15.7		0
15.8		0
15.9		0
16		0
16.1		0
16.2		0
16.3		0
16.4		0
16.5		0
16.6		0
16.7		0
16.8		0
16.9		0
17		0
17.1		0.0046797
17.2		0.0046797
17.3		0.0046797
17.4		0.0046797
17.5		0.0046797
17.6		0.0046797
17.7		0.0046797
17.8		0.0046797
17.9		0.0046797
18		0.0046797
18.1		0.00946339
18.2		0.00946339
18.3		0.00946339
18.4		0.00946339
18.5		0.00946339
18.6		0.00946339
18.7		0.00946339
18.8		0.00946339
18.9		0.00946339
19		0.00946339
19.1		0.0124792
19.2		0.0124792
19.3		0.0124792
19.4		0.0124792
19.5		0.0124792
19.6		0.0124792
19.7		0.0124792
19.8		0.0124792
19.9		0.0124792
20		0.0124792
20.1		0.015807
20.2		0.015807
20.3		0.015807
20.4		0.015807
20.5		0.015807
20.6		0.015807
20.7		0.015807
20.8		0.015807
20.9		0.015807
21		0.015807
21.1		0.0169509
21.2		0.0169509
21.3		0.0169509
21.4		0.0169509
21.5		0.0169509
21.6		0.0169509
21.7		0.0169509
21.8		0.0169509
21.9		0.0169509
22		0.0169509
22.1		0.0199667
22.2		0.0199667
22.3		0.0199667
22.4		0.0199667
22.5		0.0199667
22.6		0.0199667
22.7		0.0199667
22.8		0.0199667
22.9		0.0199667
23		0.0199667
23.1		0.0214226
23.2		0.0214226
23.3		0.0214226
23.4		0.0214226
23.5		0.0214226
23.6		0.0214226
23.7		0.0214226
23.8		0.0214226
23.9		0.0214226
24		0.0214226
24.1		0.0235025
24.2		0.0235025
24.3		0.0235025
24.4		0.0235025
24.5		0.0235025
24.6		0.0235025
24.7		0.0235025
24.8		0.0235025
24.9		0.0235025
25		0.0235025
25.1		0.0271423
25.2		0.0271423
25.3		0.0271423
25.4		0.0271423
25.5		0.0271423
25.6		0.0271423
25.7		0.0271423
25.8		0.0271423
25.9		0.0271423
26		0.0271423
26.1		0.0279742
26.2		0.0279742
26.3		0.0279742
26.4		0.0279742
26.5		0.0279742
26.6		0.0279742
26.7		0.0279742
26.8		0.0279742
26.9		0.0279742
27		0.0279742
27.1		0.0299501
27.2		0.0299501
27.3		0.0299501
27.4		0.0299501
27.5		0.0299501
27.6		0.0299501
27.7		0.0299501
27.8		0.0299501
27.9		0.0299501
28		0.0299501
28.1		0.0300541
28.2		0.0300541
28.3		0.0300541
28.4		0.0300541
28.5		0.0300541
28.6		0.0300541
28.7		0.0300541
28.8		0.0300541
28.9		0.0300541
29		0.0300541
29.1		0.0331739
29.2		0.0331739
29.3		0.0331739
29.4		0.0331739
29.5		0.0331739
29.6		0.0331739
29.7		0.0331739
29.8		0.0331739
29.9		0.0331739
30		0.0331739
30.1		0.0357737
30.2		0.0357737
30.3		0.0357737
30.4		0.0357737
30.5		0.0357737
30.6		0.0357737
30.7		0.0357737
30.8		0.0357737
30.9		0.0357737
31		0.0357737
31.1		0.0392055
31.2		0.0392055
31.3		0.0392055
31.4		0.0392055
31.5		0.0392055
31.6		0.0392055
31.7		0.0392055
31.8		0.0392055
31.9		0.0392055
32		0.0392055
32.1		0.0393095
32.2		0.0393095
32.3		0.0393095
32.4		0.0393095
32.5		0.0393095
32.6		0.0393095
32.7		0.0393095
32.8		0.0393095
32.9		0.0393095
33		0.0393095
33.1		0.0422213
33.2		0.0422213
33.3		0.0422213
33.4		0.0422213
33.5		0.0422213
33.6		0.0422213
33.7		0.0422213
33.8		0.0422213
33.9		0.0422213
34		0.0422213
34.1		0.0459651
34.2		0.0459651
34.3		0.0459651
34.4		0.0459651
34.5		0.0459651
34.6		0.0459651
34.7		0.0459651
34.8		0.0459651
34.9		0.0459651
35		0.0459651
35.1		0.046173
35.2		0.046173
35.3		0.046173
35.4		0.046173
35.5		0.046173
35.6		0.046173
35.7		0.046173
35.8		0.046173
35.9		0.046173
36		0.046173
36.1		0.0480449
36.2		0.0480449
36.3		0.0480449
36.4		0.0480449
36.5		0.0480449
36.6		0.0480449
36.7		0.0480449
36.8		0.0480449
36.9		0.0480449
37		0.0480449
37.1		0.0507488
37.2		0.0507488
37.3		0.0507488
37.4		0.0507488
37.5		0.0507488
37.6		0.0507488
37.7		0.0507488
37.8		0.0507488
37.9		0.0507488
38		0.0507488
38.1		0.0523087
38.2		0.0523087
38.3		0.0523087
38.4		0.0523087
38.5		0.0523087
38.6		0.0523087
38.7		0.0523087
38.8		0.0523087
38.9		0.0523087
39		0.0523087
39.1		0.0528286
39.2		0.0528286
39.3		0.0528286
39.4		0.0528286
39.5		0.0528286
39.6		0.0528286
39.7		0.0528286
39.8		0.0528286
39.9		0.0528286
40		0.0528286
40.1		0.0553245
40.2		0.0553245
40.3		0.0553245
40.4		0.0553245
40.5		0.0553245
40.6		0.0553245
40.7		0.0553245
40.8		0.0553245
40.9		0.0553245
41		0.0553245
41.1		0.0563644
41.2		0.0563644
41.3		0.0563644
41.4		0.0563644
41.5		0.0563644
41.6		0.0563644
41.7		0.0563644
41.8		0.0563644
41.9		0.0563644
42		0.0563644
42.1		0.0604201
42.2		0.0604201
42.3		0.0604201
42.4		0.0604201
42.5		0.0604201
42.6		0.0604201
42.7		0.0604201
42.8		0.0604201
42.9		0.0604201
43		0.0604201
43.1		0.0605241
43.2		0.0605241
43.3		0.0605241
43.4		0.0605241
43.5		0.0605241
43.6		0.0605241
43.7		0.0605241
43.8		0.0605241
43.9		0.0605241
44		0.0605241
44.1		0.062604
44.2		0.062604
44.3		0.062604
44.4		0.062604
44.5		0.062604
44.6		0.062604
44.7		0.062604
44.8		0.062604
44.9		0.062604
45		0.062604
45.1		0.0636439
45.2		0.0636439
45.3		0.0636439
45.4		0.0636439
45.5		0.0636439
45.6		0.0636439
45.7		0.0636439
45.8		0.0636439
45.9		0.0636439
46		0.0636439
46.1		0.0685316
46.2		0.0685316
46.3		0.0685316
46.4		0.0685316
46.5		0.0685316
46.6		0.0685316
46.7		0.0685316
46.8		0.0685316
46.9		0.0685316
47		0.0685316
47.1		0.0692596
47.2		0.0692596
47.3		0.0692596
47.4		0.0692596
47.5		0.0692596
47.6		0.0692596
47.7		0.0692596
47.8		0.0692596
47.9		0.0692596
48		0.0692596
48.1		0.0693636
48.2		0.0693636
48.3		0.0693636
48.4		0.0693636
48.5		0.0693636
48.6		0.0693636
48.7		0.0693636
48.8		0.0693636
48.9		0.0693636
49		0.0693636
49.1		0.0719634
49.2		0.0719634
49.3		0.0719634
49.4		0.0719634
49.5		0.0719634
49.6		0.0719634
49.7		0.0719634
49.8		0.0719634
49.9		0.0719634
50		0.0719634
50.1		0.0745632
50.2		0.0745632
50.3		0.0745632
50.4		0.0745632
50.5		0.0745632
50.6		0.0745632
50.7		0.0745632
50.8		0.0745632
50.9		0.0745632
51		0.0745632
51.1		0.0759151
51.2		0.0759151
51.3		0.0759151
51.4		0.0759151
51.5		0.0759151
51.6		0.0759151
51.7		0.0759151
51.8		0.0759151
51.9		0.0759151
52		0.0759151
52.1		0.078515
52.2		0.078515
52.3		0.078515
52.4		0.078515
52.5		0.078515
52.6		0.078515
52.7		0.078515
52.8		0.078515
52.9		0.078515
53		0.078515
53.1		0.078723
53.2		0.078723
53.3		0.078723
53.4		0.078723
53.5		0.078723
53.6		0.078723
53.7		0.078723
53.8		0.078723
53.9		0.078723
54		0.078723
54.1		0.0820507
54.2		0.0820507
54.3		0.0820507
54.4		0.0820507
54.5		0.0820507
54.6		0.0820507
54.7		0.0820507
54.8		0.0820507
54.9		0.0820507
55		0.0820507
55.1		0.0821547
55.2		0.0821547
55.3		0.0821547
55.4		0.0821547
55.5		0.0821547
55.6		0.0821547
55.7		0.0821547
55.8		0.0821547
55.9		0.0821547
56		0.0821547
56.1		0.0835067
56.2		0.0835067
56.3		0.0835067
56.4		0.0835067
56.5		0.0835067
56.6		0.0835067
56.7		0.0835067
56.8		0.0835067
56.9		0.0835067
57		0.0835067
57.1		0.0845466
57.2		0.0845466
57.3		0.0845466
57.4		0.0845466
57.5		0.0845466
57.6		0.0845466
57.7		0.0845466
57.8		0.0845466
57.9		0.0845466
58		0.0845466
58.1		0.0898502
58.2		0.0898502
58.3		0.0898502
58.4		0.0898502
58.5		0.0898502
58.6		0.0898502
58.7		0.0898502
58.8		0.0898502
58.9		0.0898502
59		0.0898502
59.1		0.0900582
59.2		0.0900582
59.3		0.0900582
59.4		0.0900582
59.5		0.0900582
59.6		0.0900582
59.7		0.0900582
59.8		0.0900582
59.9		0.0900582
60		0.0900582
60.1		0.0915141
60.2		0.0915141
60.3		0.0915141
60.4		0.0915141
60.5		0.0915141
60.6		0.0915141
60.7		0.0915141
60.8		0.0915141
60.9		0.0915141
61		0.0915141
61.1		0.094218
61.2		0.094218
61.3		0.094218
61.4		0.094218
61.5		0.094218
61.6		0.094218
61.7		0.094218
61.8		0.094218
61.9		0.094218
62		0.094218
62.1		0.0957779
62.2		0.0957779
62.3		0.0957779
62.4		0.0957779
62.5		0.0957779
62.6		0.0957779
62.7		0.0957779
62.8		0.0957779
62.9		0.0957779
63		0.0957779
63.1		0.0967138
63.2		0.0967138
63.3		0.0967138
63.4		0.0967138
63.5		0.0967138
63.6		0.0967138
63.7		0.0967138
63.8		0.0967138
63.9		0.0967138
64		0.0967138
64.1		0.0973378
64.2		0.0973378
64.3		0.0973378
64.4		0.0973378
64.5		0.0973378
64.6		0.0973378
64.7		0.0973378
64.8		0.0973378
64.9		0.0973378
65		0.0973378
65.1		0.100666
65.2		0.100666
65.3		0.100666
65.4		0.100666
65.5		0.100666
65.6		0.100666
65.7		0.100666
65.8		0.100666
65.9		0.100666
66		0.100666
66.1		0.102225
66.2		0.102225
66.3		0.102225
66.4		0.102225
66.5		0.102225
66.6		0.102225
66.7		0.102225
66.8		0.102225
66.9		0.102225
67		0.102225
67.1		0.105033
67.2		0.105033
67.3		0.105033
67.4		0.105033
67.5		0.105033
67.6		0.105033
67.7		0.105033
67.8		0.105033
67.9		0.105033
68		0.105033
68.1		0.107217
68.2		0.107217
68.3		0.107217
68.4		0.107217
68.5		0.107217
68.6		0.107217
68.7		0.107217
68.8		0.107217
68.9		0.107217
69		0.107217
69.1		0.108569
69.2		0.108569
69.3		0.108569
69.4		0.108569
69.5		0.108569
69.6		0.108569
69.7		0.108569
69.8		0.108569
69.9		0.108569
70		0.108569
70.1		0.108673
70.2		0.108673
70.3		0.108673
70.4		0.108673
70.5		0.108673
70.6		0.108673
70.7		0.108673
70.8		0.108673
70.9		0.108673
71		0.108673
71.1		0.112729
71.2		0.112729
71.3		0.112729
71.4		0.112729
71.5		0.112729
71.6		0.112729
71.7		0.112729
71.8		0.112729
71.9		0.112729
72		0.112729
72.1		0.116473
72.2		0.116473
72.3		0.116473
72.4		0.116473
72.5		0.116473
72.6		0.116473
72.7		0.116473
72.8		0.116473
72.9		0.116473
73		0.116473
73.1		0.117928
73.2		0.117928
73.3		0.117928
73.4		0.117928
73.5		0.117928
73.6		0.117928
73.7		0.117928
73.8		0.117928
73.9		0.117928
74		0.117928
74.1		0.11824
74.2		0.11824
74.3		0.11824
74.4		0.11824
74.5		0.11824
74.6		0.11824
74.7		0.11824
74.8		0.11824
74.9		0.11824
75		0.11824
75.1		0.119488
75.2		0.119488
75.3		0.119488
75.4		0.119488
75.5		0.119488
75.6		0.119488
75.7		0.119488
75.8		0.119488
75.9		0.119488
76		0.119488
76.1		0.124688
76.2		0.124688
76.3		0.124688
76.4		0.124688
76.5		0.124688
76.6		0.124688
76.7		0.124688
76.8		0.124688
76.9		0.124688
77		0.124688
77.1		0.127288
77.2		0.127288
77.3		0.127288
77.4		0.127288
77.5		0.127288
77.6		0.127288
77.7		0.127288
77.8		0.127288
77.9		0.127288
78		0.127288
78.1		0.1302
78.2		0.1302
78.3		0.1302
78.4		0.1302
78.5		0.1302
78.6		0.1302
78.7		0.1302
78.8		0.1302
78.9		0.1302
79		0.1302
79.1		0.13072
79.2		0.13072
79.3		0.13072
79.4		0.13072
79.5		0.13072
79.6		0.13072
79.7		0.13072
79.8		0.13072
79.9		0.13072
80		0.13072
80.1		0.135711
80.2		0.135711
80.3		0.135711
80.4		0.135711
80.5		0.135711
80.6		0.135711
80.7		0.135711
80.8		0.135711
80.9		0.135711
81		0.135711
81.1		0.136023
81.2		0.136023
81.3		0.136023
81.4		0.136023
81.5		0.136023
81.6		0.136023
81.7		0.136023
81.8		0.136023
81.9		0.136023
82		0.136023
82.1		0.136439
82.2		0.136439
82.3		0.136439
82.4		0.136439
82.5		0.136439
82.6		0.136439
82.7		0.136439
82.8		0.136439
82.9		0.136439
83		0.136439
83.1		0.138831
83.2		0.138831
83.3		0.138831
83.4		0.138831
83.5		0.138831
83.6		0.138831
83.7		0.138831
83.8		0.138831
83.9		0.138831
84		0.138831
84.1		0.142471
84.2		0.142471
84.3		0.142471
84.4		0.142471
84.5		0.142471
84.6		0.142471
84.7		0.142471
84.8		0.142471
84.9		0.142471
85		0.142471
85.1		0.144551
85.2		0.144551
85.3		0.144551
85.4		0.144551
85.5		0.144551
85.6		0.144551
85.7		0.144551
85.8		0.144551
85.9		0.144551
86		0.144551
86.1		0.145903
86.2		0.145903
86.3		0.145903
86.4		0.145903
86.5		0.145903
86.6		0.145903
86.7		0.145903
86.8		0.145903
86.9		0.145903
87		0.145903
87.1		0.147047
87.2		0.147047
87.3		0.147047
87.4		0.147047
87.5		0.147047
87.6		0.147047
87.7		0.147047
87.8		0.147047
87.9		0.147047
88		0.147047
88.1		0.148191
88.2		0.148191
88.3		0.148191
88.4		0.148191
88.5		0.148191
88.6		0.148191
88.7		0.148191
88.8		0.148191
88.9		0.148191
89		0.148191
89.1		0.151726
89.2		0.151726
89.3		0.151726
89.4		0.151726
89.5		0.151726
89.6		0.151726
89.7		0.151726
89.8		0.151726
89.9		0.151726
90		0.151726
90.1		0.153182
90.2		0.153182
90.3		0.153182
90.4		0.153182
90.5		0.153182
90.6		0.153182
90.7		0.153182
90.8		0.153182
90.9		0.153182
91		0.153182
91.1		0.155782
91.2		0.155782
91.3		0.155782
91.4		0.155782
91.5		0.155782
91.6		0.155782
91.7		0.155782
91.8		0.155782
91.9		0.155782
92		0.155782
92.1		0.159318
92.2		0.159318
92.3		0.159318
92.4		0.159318
92.5		0.159318
92.6		0.159318
92.7		0.159318
92.8		0.159318
92.9		0.159318
93		0.159318
93.1		0.16067
93.2		0.16067
93.3		0.16067
93.4		0.16067
93.5		0.16067
93.6		0.16067
93.7		0.16067
93.8		0.16067
93.9		0.16067
94		0.16067
94.1		0.16067
94.2		0.16067
94.3		0.16067
94.4		0.16067
94.5		0.16067
94.6		0.16067
94.7		0.16067
94.8		0.16067
94.9		0.16067
95		0.16067
95.1		0.16327
95.2		0.16327
95.3		0.16327
95.4		0.16327
95.5		0.16327
95.6		0.16327
95.7		0.16327
95.8		0.16327
95.9		0.16327
96		0.16327
96.1		0.165557
96.2		0.165557
96.3		0.165557
96.4		0.165557
96.5		0.165557
96.6		0.165557
96.7		0.165557
96.8		0.165557
96.9		0.165557
97		0.165557
97.1		0.171381
97.2		0.171381
97.3		0.171381
97.4		0.171381
97.5		0.171381
97.6		0.171381
97.7		0.171381
97.8		0.171381
97.9		0.171381
98		0.171381
98.1		0.172317
98.2		0.172317
98.3		0.172317
98.4		0.172317
98.5		0.172317
98.6		0.172317
98.7		0.172317
98.8		0.172317
98.9		0.172317
99		0.172317
99.1		0.172941
99.2		0.172941
99.3		0.172941
99.4		0.172941
99.5		0.172941
99.6		0.172941
99.7		0.172941
99.8		0.172941
99.9		0.172941
100		0.172941
100.1		0.173461
100.2		0.173461
100.3		0.173461
100.4		0.173461
100.5		0.173461
100.6		0.173461
100.7		0.173461
100.8		0.173461
100.9		0.173461
101		0.173461
101.1		0.176165
101.2		0.176165
101.3		0.176165
101.4		0.176165
101.5		0.176165
101.6		0.176165
101.7		0.176165
101.8		0.176165
101.9		0.176165
102		0.176165
102.1		0.177725
102.2		0.177725
102.3		0.177725
102.4		0.177725
102.5		0.177725
102.6		0.177725
102.7		0.177725
102.8		0.177725
102.9		0.177725
103		0.177725
103.1		0.181676
103.2		0.181676
103.3		0.181676
103.4		0.181676
103.5		0.181676
103.6		0.181676
103.7		0.181676
103.8		0.181676
103.9		0.181676
104		0.181676
104.1		0.183444
104.2		0.183444
104.3		0.183444
104.4		0.183444
104.5		0.183444
104.6		0.183444
104.7		0.183444
104.8		0.183444
104.9		0.183444
105		0.183444
105.1		0.183964
105.2		0.183964
105.3		0.183964
105.4		0.183964
105.5		0.183964
105.6		0.183964
105.7		0.183964
105.8		0.183964
105.9		0.183964
106		0.183964
106.1		0.18698
106.2		0.18698
106.3		0.18698
106.4		0.18698
106.5		0.18698
106.6		0.18698
106.7		0.18698
106.8		0.18698
106.9		0.18698
107		0.18698
107.1		0.18906
107.2		0.18906
107.3		0.18906
107.4		0.18906
107.5		0.18906
107.6		0.18906
107.7		0.18906
107.8		0.18906
107.9		0.18906
108		0.18906
108.1		0.191244
108.2		0.191244
108.3		0.191244
108.4		0.191244
108.5		0.191244
108.6		0.191244
108.7		0.191244
108.8		0.191244
108.9		0.191244
109		0.191244
109.1		0.19166
109.2		0.19166
109.3		0.19166
109.4		0.19166
109.5		0.19166
109.6		0.19166
109.7		0.19166
109.8		0.19166
109.9		0.19166
110		0.19166
110.1		0.199459
110.2		0.199459
110.3		0.199459
110.4		0.199459
110.5		0.199459
110.6		0.199459
110.7		0.199459
110.8		0.199459
110.9		0.199459
111		0.199459
111.1		0.199667
111.2		0.199667
111.3		0.199667
111.4		0.199667
111.5		0.199667
111.6		0.199667
111.7		0.199667
111.8		0.199667
111.9		0.199667
112		0.199667
112.1		0.200603
112.2		0.200603
112.3		0.200603
112.4		0.200603
112.5		0.200603
112.6		0.200603
112.7		0.200603
112.8		0.200603
112.9		0.200603
113		0.200603
113.1		0.200707
113.2		0.200707
113.3		0.200707
113.4		0.200707
113.5		0.200707
113.6		0.200707
113.7		0.200707
113.8		0.200707
113.9		0.200707
114		0.200707
114.1		0.205803
114.2		0.205803
114.3		0.205803
114.4		0.205803
114.5		0.205803
114.6		0.205803
114.7		0.205803
114.8		0.205803
114.9		0.205803
115		0.205803
115.1		0.208091
115.2		0.208091
115.3		0.208091
115.4		0.208091
115.5		0.208091
115.6		0.208091
115.7		0.208091
115.8		0.208091
115.9		0.208091
116		0.208091
116.1		0.209651
116.2		0.209651
116.3		0.209651
116.4		0.209651
116.5		0.209651
116.6		0.209651
116.7		0.209651
116.8		0.209651
116.9		0.209651
117		0.209651
117.1		0.211938
117.2		0.211938
117.3		0.211938
117.4		0.211938
117.5		0.211938
117.6		0.211938
117.7		0.211938
117.8		0.211938
117.9		0.211938
118		0.211938
118.1		0.212042
118.2		0.212042
118.3		0.212042
118.4		0.212042
118.5		0.212042
118.6		0.212042
118.7		0.212042
118.8		0.212042
118.9		0.212042
119		0.212042
119.1		0.213706
119.2		0.213706
119.3		0.213706
119.4		0.213706
119.5		0.213706
119.6		0.213706
119.7		0.213706
119.8		0.213706
119.9		0.213706
120		0.213706
120.1		0.215994
120.2		0.215994
120.3		0.215994
120.4		0.215994
120.5		0.215994
120.6		0.215994
120.7		0.215994
120.8		0.215994
120.9		0.215994
121		0.215994
121.1		0.21693
121.2		0.21693
121.3		0.21693
121.4		0.21693
121.5		0.21693
121.6		0.21693
121.7		0.21693
121.8		0.21693
121.9		0.21693
122		0.21693
122.1		0.21797
122.2		0.21797
122.3		0.21797
122.4		0.21797
122.5		0.21797
122.6		0.21797
122.7		0.21797
122.8		0.21797
122.9		0.21797
123		0.21797
123.1		0.219946
123.2		0.219946
123.3		0.219946
123.4		0.219946
123.5		0.219946
123.6		0.219946
123.7		0.219946
123.8		0.219946
123.9		0.219946
124		0.219946
124.1		0.224626
124.2		0.224626
124.3		0.224626
124.4		0.224626
124.5		0.224626
124.6		0.224626
124.7		0.224626
124.8		0.224626
124.9		0.224626
125		0.224626
125.1		0.22473
125.2		0.22473
125.3		0.22473
125.4		0.22473
125.5		0.22473
125.6		0.22473
125.7		0.22473
125.8		0.22473
125.9		0.22473
126		0.22473
126.1		0.226705
126.2		0.226705
126.3		0.226705
126.4		0.226705
126.5		0.226705
126.6		0.226705
126.7		0.226705
126.8		0.226705
126.9		0.226705
127		0.226705
127.1		0.228993
127.2		0.228993
127.3		0.228993
127.4		0.228993
127.5		0.228993
127.6		0.228993
127.7		0.228993
127.8		0.228993
127.9		0.228993
128		0.228993
128.1		0.231905
128.2		0.231905
128.3		0.231905
128.4		0.231905
128.5		0.231905
128.6		0.231905
128.7		0.231905
128.8		0.231905
128.9		0.231905
129		0.231905
129.1		0.233673
129.2		0.233673
129.3		0.233673
129.4		0.233673
129.5		0.233673
129.6		0.233673
129.7		0.233673
129.8		0.233673
129.9		0.233673
130		0.233673
130.1		0.236273
130.2		0.236273
130.3		0.236273
130.4		0.236273
130.5		0.236273
130.6		0.236273
130.7		0.236273
130.8		0.236273
130.9		0.236273
131		0.236273
131.1		0.236793
131.2		0.236793
131.3		0.236793
131.4		0.236793
131.5		0.236793
131.6		0.236793
131.7		0.236793
131.8		0.236793
131.9		0.236793
132		0.236793
132.1		0.238249
132.2		0.238249
132.3		0.238249
132.4		0.238249
132.5		0.238249
132.6		0.238249
132.7		0.238249
132.8		0.238249
132.9		0.238249
133		0.238249
133.1		0.240745
133.2		0.240745
133.3		0.240745
133.4		0.240745
133.5		0.240745
133.6		0.240745
133.7		0.240745
133.8		0.240745
133.9		0.240745
134		0.240745
134.1		0.241057
134.2		0.241057
134.3		0.241057
134.4		0.241057
134.5		0.241057
134.6		0.241057
134.7		0.241057
134.8		0.241057
134.9		0.241057
135		0.241057
135.1		0.24376
135.2		0.24376
135.3		0.24376
135.4		0.24376
135.5		0.24376
135.6		0.24376
135.7		0.24376
135.8		0.24376
135.9		0.24376
136		0.24376
136.1		0.24792
136.2		0.24792
136.3		0.24792
136.4		0.24792
136.5		0.24792
136.6		0.24792
136.7		0.24792
136.8		0.24792
136.9		0.24792
137		0.24792
137.1		0.248336
137.2		0.248336
137.3		0.248336
137.4		0.248336
137.5		0.248336
137.6		0.248336
137.7		0.248336
137.8		0.248336
137.9		0.248336
138		0.248336
138.1		0.250624
138.2		0.250624
138.3		0.250624
138.4		0.250624
138.5		0.250624
138.6		0.250624
138.7		0.250624
138.8		0.250624
138.9		0.250624
139		0.250624
139.1		0.250728
139.2		0.250728
139.3		0.250728
139.4		0.250728
139.5		0.250728
139.6		0.250728
139.7		0.250728
139.8		0.250728
139.9		0.250728
140		0.250728
140.1		0.25416
140.2		0.25416
140.3		0.25416
140.4		0.25416
140.5		0.25416
140.6		0.25416
140.7		0.25416
140.8		0.25416
140.9		0.25416
141		0.25416
141.1		0.25676
141.2		0.25676
141.3		0.25676
141.4		0.25676
141.5		0.25676
141.6		0.25676
141.7		0.25676
141.8		0.25676
141.9		0.25676
142		0.25676
142.1		0.258111
142.2		0.258111
142.3		0.258111
142.4		0.258111
142.5		0.258111
142.6		0.258111
142.7		0.258111
142.8		0.258111
142.9		0.258111
143		0.258111
143.1		0.258319
143.2		0.258319
143.3		0.258319
143.4		0.258319
143.5		0.258319
143.6		0.258319
143.7		0.258319
143.8		0.258319
143.9		0.258319
144		0.258319
144.1		0.262375
144.2		0.262375
144.3		0.262375
144.4		0.262375
144.5		0.262375
144.6		0.262375
144.7		0.262375
144.8		0.262375
144.9		0.262375
145		0.262375
145.1		0.262895
145.2		0.262895
145.3		0.262895
145.4		0.262895
145.5		0.262895
145.6		0.262895
145.7		0.262895
145.8		0.262895
145.9		0.262895
146		0.262895
146.1		0.263311
146.2		0.263311
146.3		0.263311
146.4		0.263311
146.5		0.263311
146.6		0.263311
146.7		0.263311
146.8		0.263311
146.9		0.263311
147		0.263311
147.1		0.263623
147.2		0.263623
147.3		0.263623
147.4		0.263623
147.5		0.263623
147.6		0.263623
147.7		0.263623
147.8		0.263623
147.9		0.263623
148		0.263623
148.1		0.269551
148.2		0.269551
148.3		0.269551
148.4		0.269551
148.5		0.269551
148.6		0.269551
148.7		0.269551
148.8		0.269551
148.9		0.269551
149		0.269551
149.1		0.270487
149.2		0.270487
149.3		0.270487
149.4		0.270487
149.5		0.270487
149.6		0.270487
149.7		0.270487
149.8		0.270487
149.9		0.270487
150		0.270487
150.1		0.271111
150.2		0.271111
150.3		0.271111
150.4		0.271111
150.5		0.271111
150.6		0.271111
150.7		0.271111
150.8		0.271111
150.9		0.271111
151		0.271111
151.1		0.273502
151.2		0.273502
151.3		0.273502
151.4		0.273502
151.5		0.273502
151.6		0.273502
151.7		0.273502
151.8		0.273502
151.9		0.273502
152		0.273502
152.1		0.276622
152.2		0.276622
152.3		0.276622
152.4		0.276622
152.5		0.276622
152.6		0.276622
152.7		0.276622
152.8		0.276622
152.9		0.276622
153		0.276622
153.1		0.27943
153.2		0.27943
153.3		0.27943
153.4		0.27943
153.5		0.27943
153.6		0.27943
153.7		0.27943
153.8		0.27943
153.9		0.27943
154		0.27943
154.1		0.27995
154.2		0.27995
154.3		0.27995
154.4		0.27995
154.5		0.27995
154.6		0.27995
154.7		0.27995
154.8		0.27995
154.9		0.27995
155		0.27995
155.1		0.282654
155.2		0.282654
155.3		0.282654
155.4		0.282654
155.5		0.282654
155.6		0.282654
155.7		0.282654
155.8		0.282654
155.9		0.282654
156		0.282654
156.1		0.285358
156.2		0.285358
156.3		0.285358
156.4		0.285358
156.5		0.285358
156.6		0.285358
156.7		0.285358
156.8		0.285358
156.9		0.285358
157		0.285358
157.1		0.285774
157.2		0.285774
157.3		0.285774
157.4		0.285774
157.5		0.285774
157.6		0.285774
157.7		0.285774
157.8		0.285774
157.9		0.285774
158		0.285774
158.1		0.288374
158.2		0.288374
158.3		0.288374
158.4		0.288374
158.5		0.288374
158.6		0.288374
158.7		0.288374
158.8		0.288374
158.9		0.288374
159		0.288374
159.1		0.290037
159.2		0.290037
159.3		0.290037
159.4		0.290037
159.5		0.290037
159.6		0.290037
159.7		0.290037
159.8		0.290037
159.9		0.290037
160		0.290037
160.1		0.291909
160.2		0.291909
160.3		0.291909
160.4		0.291909
160.5		0.291909
160.6		0.291909
160.7		0.291909
160.8		0.291909
160.9		0.291909
161		0.291909
161.1		0.295029
161.2		0.295029
161.3		0.295029
161.4		0.295029
161.5		0.295029
161.6		0.295029
161.7		0.295029
161.8		0.295029
161.9		0.295029
162		0.295029
162.1		0.296173
162.2		0.296173
162.3		0.296173
162.4		0.296173
162.5		0.296173
162.6		0.296173
162.7		0.296173
162.8		0.296173
162.9		0.296173
163		0.296173
163.1		0.297421
163.2		0.297421
163.3		0.297421
163.4		0.297421
163.5		0.297421
163.6		0.297421
163.7		0.297421
163.8		0.297421
163.9		0.297421
164		0.297421
164.1		0.299813
164.2		0.299813
164.3		0.299813
164.4		0.299813
164.5		0.299813
164.6		0.299813
164.7		0.299813
164.8		0.299813
164.9		0.299813
165		0.299813
165.1		0.302933
165.2		0.302933
165.3		0.302933
165.4		0.302933
165.5		0.302933
165.6		0.302933
165.7		0.302933
165.8		0.302933
165.9		0.302933
166		0.302933
166.1		0.304077
166.2		0.304077
166.3		0.304077
166.4		0.304077
166.5		0.304077
166.6		0.304077
166.7		0.304077
166.8		0.304077
166.9		0.304077
167		0.304077
167.1		0.306572
167.2		0.306572
167.3		0.306572
167.4		0.306572
167.5		0.306572
167.6		0.306572
167.7		0.306572
167.8		0.306572
167.9		0.306572
168		0.306572
168.1		0.307508
168.2		0.307508
168.3		0.307508
168.4		0.307508
168.5		0.307508
168.6		0.307508
168.7		0.307508
168.8		0.307508
168.9		0.307508
169		0.307508
169.1		0.307924
169.2		0.307924
169.3		0.307924
169.4		0.307924
169.5		0.307924
169.6		0.307924
169.7		0.307924
169.8		0.307924
169.9		0.307924
170		0.307924
170.1		0.312396
170.2		0.312396
170.3		0.312396
170.4		0.312396
170.5		0.312396
170.6		0.312396
170.7		0.312396
170.8		0.312396
170.9		0.312396
171		0.312396
171.1		0.31562
171.2		0.31562
171.3		0.31562
171.4		0.31562
171.5		0.31562
171.6		0.31562
171.7		0.31562
171.8		0.31562
171.9		0.31562
172		0.31562
172.1		0.315828
172.2		0.315828
172.3		0.315828
172.4		0.315828
172.5		0.315828
172.6		0.315828
172.7		0.315828
172.8		0.315828
172.9		0.315828
173		0.315828
173.1		0.316036
173.2		0.316036
173.3		0.316036
173.4		0.316036
173.5		0.316036
173.6		0.316036
173.7		0.316036
173.8		0.316036
173.9		0.316036
174		0.316036
174.1		0.322483
174.2		0.322483
174.3		0.322483
174.4		0.322483
174.5		0.322483
174.6		0.322483
174.7		0.322483
174.8		0.322483
174.9		0.322483
175		0.322483
175.1		0.323315
175.2		0.323315
175.3		0.323315
175.4		0.323315
175.5		0.323315
175.6		0.323315
175.7		0.323315
175.8		0.323315
175.9		0.323315
176		0.323315
176.1		0.324355
176.2		0.324355
176.3		0.324355
176.4		0.324355
176.5		0.324355
176.6		0.324355
176.7		0.324355
176.8		0.324355
176.9		0.324355
177		0.324355
177.1		0.325395
177.2		0.325395
177.3		0.325395
177.4		0.325395
177.5		0.325395
177.6		0.325395
177.7		0.325395
177.8		0.325395
177.9		0.325395
178		0.325395
178.1		0.329555
178.2		0.329555
178.3		0.329555
178.4		0.329555
178.5		0.329555
178.6		0.329555
178.7		0.329555
178.8		0.329555
178.9		0.329555
179		0.329555
179.1		0.331219
179.2		0.331219
179.3		0.331219
179.4		0.331219
179.5		0.331219
179.6		0.331219
179.7		0.331219
179.8		0.331219
179.9		0.331219
180		0.331219
180.1		0.331947
180.2		0.331947
180.3		0.331947
180.4		0.331947
180.5		0.331947
180.6		0.331947
180.7		0.331947
180.8		0.331947
180.9		0.331947
181		0.331947
181.1		0.332259
181.2		0.332259
181.3		0.332259
181.4		0.332259
181.5		0.332259
181.6		0.332259
181.7		0.332259
181.8		0.332259
181.9		0.332259
182		0.332259
182.1		0.337666
182.2		0.337666
182.3		0.337666
182.4		0.337666
182.5		0.337666
182.6		0.337666
182.7		0.337666
182.8		0.337666
182.9		0.337666
183		0.337666
183.1		0.339122
183.2		0.339122
183.3		0.339122
183.4		0.339122
183.5		0.339122
183.6		0.339122
183.7		0.339122
183.8		0.339122
183.9		0.339122
184		0.339122
184.1		0.339642
184.2		0.339642
184.3		0.339642
184.4		0.339642
184.5		0.339642
184.6		0.339642
184.7		0.339642
184.8		0.339642
184.9		0.339642
185		0.339642
185.1		0.341722
185.2		0.341722
185.3		0.341722
185.4		0.341722
185.5		0.341722
185.6		0.341722
185.7		0.341722
185.8		0.341722
185.9		0.341722
186		0.341722
186.1		0.344322
186.2		0.344322
186.3		0.344322
186.4		0.344322
186.5		0.344322
186.6		0.344322
186.7		0.344322
186.8		0.344322
186.9		0.344322
187		0.344322
187.1		0.345882
187.2		0.345882
187.3		0.345882
187.4		0.345882
187.5		0.345882
187.6		0.345882
187.7		0.345882
187.8		0.345882
187.9		0.345882
188		0.345882
188.1		0.348794
188.2		0.348794
188.3		0.348794
188.4		0.348794
188.5		0.348794
188.6		0.348794
188.7		0.348794
188.8		0.348794
188.9		0.348794
189		0.348794
189.1		0.34973
189.2		0.34973
189.3		0.34973
189.4		0.34973
189.5		0.34973
189.6		0.34973
189.7		0.34973
189.8		0.34973
189.9		0.34973
190		0.34973
190.1		0.352433
190.2		0.352433
190.3		0.352433
190.4		0.352433
190.5		0.352433
190.6		0.352433
190.7		0.352433
190.8		0.352433
190.9		0.352433
191		0.352433
191.1		0.353473
191.2		0.353473
191.3		0.353473
191.4		0.353473
191.5		0.353473
191.6		0.353473
191.7		0.353473
191.8		0.353473
191.9		0.353473
192		0.353473
192.1		0.353785
192.2		0.353785
192.3		0.353785
192.4		0.353785
192.5		0.353785
192.6		0.353785
192.7		0.353785
192.8		0.353785
192.9		0.353785
193		0.353785
193.1		0.360025
193.2		0.360025
193.3		0.360025
193.4		0.360025
193.5		0.360025
193.6		0.360025
193.7		0.360025
193.8		0.360025
193.9		0.360025
194		0.360025
194.1		0.361065
194.2		0.361065
194.3		0.361065
194.4		0.361065
194.5		0.361065
194.6		0.361065
194.7		0.361065
194.8		0.361065
194.9		0.361065
195		0.361065
195.1		0.364289
195.2		0.364289
195.3		0.364289
195.4		0.364289
195.5		0.364289
195.6		0.364289
195.7		0.364289
195.8		0.364289
195.9		0.364289
196		0.364289
196.1		0.365225
196.2		0.365225
196.3		0.365225
196.4		0.365225
196.5		0.365225
196.6		0.365225
196.7		0.365225
196.8		0.365225
196.9		0.365225
197		0.365225
197.1		0.366057
197.2		0.366057
197.3		0.366057
197.4		0.366057
197.5		0.366057
197.6		0.366057
197.7		0.366057
197.8		0.366057
197.9		0.366057
198		0.366057
198.1		0.366785
198.2		0.366785
198.3		0.366785
198.4		0.366785
198.5		0.366785
198.6		0.366785
198.7		0.366785
198.8		0.366785
198.9		0.366785
199		0.366785
199.1		0.371464
199.2		0.371464
199.3		0.371464
199.4		0.371464
199.5		0.371464
199.6		0.371464
199.7		0.371464
199.8		0.371464
199.9		0.371464
200		0.371464
200.1		0.373232
200.2		0.373232
200.3		0.373232
200.4		0.373232
200.5		0.373232
200.6		0.373232
200.7		0.373232
200.8		0.373232
200.9		0.373232
201		0.373232
201.1		0.373648
201.2		0.373648
201.3		0.373648
201.4		0.373648
201.5		0.373648
201.6		0.373648
201.7		0.373648
201.8		0.373648
201.9		0.373648
202		0.373648
202.1		0.373856
202.2		0.373856
202.3		0.373856
202.4		0.373856
202.5		0.373856
202.6		0.373856
202.7		0.373856
202.8		0.373856
202.9		0.373856
203		0.373856
203.1		0.375104
203.2		0.375104
203.3		0.375104
203.4		0.375104
203.5		0.375104
203.6		0.375104
203.7		0.375104
203.8		0.375104
203.9		0.375104
204		0.375104
204.1		0.380616
204.2		0.380616
204.3		0.380616
204.4		0.380616
204.5		0.380616
204.6		0.380616
204.7		0.380616
204.8		0.380616
204.9		0.380616
205		0.380616
205.1		0.384879
205.2		0.384879
205.3		0.384879
205.4		0.384879
205.5		0.384879
205.6		0.384879
205.7		0.384879
205.8		0.384879
205.9		0.384879
206		0.384879
206.1		0.385399
206.2		0.385399
206.3		0.385399
206.4		0.385399
206.5		0.385399
206.6		0.385399
206.7		0.385399
206.8		0.385399
206.9		0.385399
207		0.385399
207.1		0.385711
207.2		0.385711
207.3		0.385711
207.4		0.385711
207.5		0.385711
207.6		0.385711
207.7		0.385711
207.8		0.385711
207.9		0.385711
208		0.385711
208.1		0.389871
208.2		0.389871
208.3		0.389871
208.4		0.389871
208.5		0.389871
208.6		0.389871
208.7		0.389871
208.8		0.389871
208.9		0.389871
209		0.389871
209.1		0.390079
209.2		0.390079
209.3		0.390079
209.4		0.390079
209.5		0.390079
209.6		0.390079
209.7		0.390079
209.8		0.390079
209.9		0.390079
210		0.390079
210.1		0.392575
210.2		0.392575
210.3		0.392575
210.4		0.392575
210.5		0.392575
210.6		0.392575
210.7		0.392575
210.8		0.392575
210.9		0.392575
211		0.392575
211.1		0.395383
211.2		0.395383
211.3		0.395383
211.4		0.395383
211.5		0.395383
211.6		0.395383
211.7		0.395383
211.8		0.395383
211.9		0.395383
212		0.395383
212.1		0.398814
212.2		0.398814
212.3		0.398814
212.4		0.398814
212.5		0.398814
212.6		0.398814
212.7		0.398814
212.8		0.398814
212.9		0.398814
213		0.398814
213.1		0.398918
213.2		0.398918
213.3		0.398918
213.4		0.398918
213.5		0.398918
213.6		0.398918
213.7		0.398918
213.8		0.398918
213.9		0.398918
214		0.398918
214.1		0.399334
214.2		0.399334
214.3		0.399334
214.4		0.399334
214.5		0.399334
214.6		0.399334
214.7		0.399334
214.8		0.399334
214.9		0.399334
215		0.399334
215.1		0.400062
215.2		0.400062
215.3		0.400062
215.4		0.400062
215.5		0.400062
215.6		0.400062
215.7		0.400062
215.8		0.400062
215.9		0.400062
216		0.400062
216.1		0.406302
216.2		0.406302
216.3		0.406302
216.4		0.406302
216.5		0.406302
216.6		0.406302
216.7		0.406302
216.8		0.406302
216.9		0.406302
217		0.406302
217.1		0.40651
217.2		0.40651
217.3		0.40651
217.4		0.40651
217.5		0.40651
217.6		0.40651
217.7		0.40651
217.8		0.40651
217.9		0.40651
218		0.40651
218.1		0.407446
218.2		0.407446
218.3		0.407446
218.4		0.407446
218.5		0.407446
218.6		0.407446
218.7		0.407446
218.8		0.407446
218.9		0.407446
219		0.407446
219.1		0.409526
219.2		0.409526
219.3		0.409526
219.4		0.409526
219.5		0.409526
219.6		0.409526
219.7		0.409526
219.8		0.409526
219.9		0.409526
220		0.409526
220.1		0.414829
220.2		0.414829
220.3		0.414829
220.4		0.414829
220.5		0.414829
220.6		0.414829
220.7		0.414829
220.8		0.414829
220.9		0.414829
221		0.414829
221.1		0.415869
221.2		0.415869
221.3		0.415869
221.4		0.415869
221.5		0.415869
221.6		0.415869
221.7		0.415869
221.8		0.415869
221.9		0.415869
222		0.415869
222.1		0.416805
222.2		0.416805
222.3		0.416805
222.4		0.416805
222.5		0.416805
222.6		0.416805
222.7		0.416805
222.8		0.416805
222.9		0.416805
223		0.416805
223.1		0.417637
223.2		0.417637
223.3		0.417637
223.4		0.417637
223.5		0.417637
223.6		0.417637
223.7		0.417637
223.8		0.417637
223.9		0.417637
224		0.417637
224.1		0.423461
224.2		0.423461
224.3		0.423461
224.4		0.423461
224.5		0.423461
224.6		0.423461
224.7		0.423461
224.8		0.423461
224.9		0.423461
225		0.423461
225.1		0.426685
225.2		0.426685
225.3		0.426685
225.4		0.426685
225.5		0.426685
225.6		0.426685
225.7		0.426685
225.8		0.426685
225.9		0.426685
226		0.426685
226.1		0.426997
226.2		0.426997
226.3		0.426997
226.4		0.426997
226.5		0.426997
226.6		0.426997
226.7		0.426997
226.8		0.426997
226.9		0.426997
227		0.426997
227.1		0.428661
227.2		0.428661
227.3		0.428661
227.4		0.428661
227.5		0.428661
227.6		0.428661
227.7		0.428661
227.8		0.428661
227.9		0.428661
228		0.428661
228.1		0.432404
228.2		0.432404
228.3		0.432404
228.4		0.432404
228.5		0.432404
228.6		0.432404
228.7		0.432404
228.8		0.432404
228.9		0.432404
229		0.432404
229.1		0.432716
229.2		0.432716
229.3		0.432716
229.4		0.432716
229.5		0.432716
229.6		0.432716
229.7		0.432716
229.8		0.432716
229.9		0.432716
230		0.432716
230.1		0.433444
230.2		0.433444
230.3		0.433444
230.4		0.433444
230.5		0.433444
230.6		0.433444
230.7		0.433444
230.8		0.433444
230.9		0.433444
231		0.433444
231.1		0.4375
231.2		0.4375
231.3		0.4375
231.4		0.4375
231.5		0.4375
231.6		0.4375
231.7		0.4375
231.8		0.4375
231.9		0.4375
232		0.4375
232.1		0.4375
232.2		0.4375
232.3		0.4375
232.4		0.4375
232.5		0.4375
232.6		0.4375
232.7		0.4375
232.8		0.4375
232.9		0.4375
233		0.4375
233.1		0.44166
233.2		0.44166
233.3		0.44166
233.4		0.44166
233.5		0.44166
233.6		0.44166
233.7		0.44166
233.8		0.44166
233.9		0.44166
234		0.44166
234.1		0.442076
234.2		0.442076
234.3		0.442076
234.4		0.442076
234.5		0.442076
234.6		0.442076
234.7		0.442076
234.8		0.442076
234.9		0.442076
235		0.442076
235.1		0.443948
235.2		0.443948
235.3		0.443948
235.4		0.443948
235.5		0.443948
235.6		0.443948
235.7		0.443948
235.8		0.443948
235.9		0.443948
236		0.443948
236.1		0.447899
236.2		0.447899
236.3		0.447899
236.4		0.447899
236.5		0.447899
236.6		0.447899
236.7		0.447899
236.8		0.447899
236.9		0.447899
237		0.447899
237.1		0.448107
237.2		0.448107
237.3		0.448107
237.4		0.448107
237.5		0.448107
237.6		0.448107
237.7		0.448107
237.8		0.448107
237.9		0.448107
238		0.448107
238.1		0.452787
238.2		0.452787
238.3		0.452787
238.4		0.452787
238.5		0.452787
238.6		0.452787
238.7		0.452787
238.8		0.452787
238.9		0.452787
239		0.452787
239.1		0.453099
239.2		0.453099
239.3		0.453099
239.4		0.453099
239.5		0.453099
239.6		0.453099
239.7		0.453099
239.8		0.453099
239.9		0.453099
240		0.453099
240.1		0.454347
240.2		0.454347
240.3		0.454347
240.4		0.454347
240.5		0.454347
240.6		0.454347
240.7		0.454347
240.8		0.454347
240.9		0.454347
241		0.454347
241.1		0.458403
241.2		0.458403
241.3		0.458403
241.4		0.458403
241.5		0.458403
241.6		0.458403
241.7		0.458403
241.8		0.458403
241.9		0.458403
242		0.458403
242.1		0.459859
242.2		0.459859
242.3		0.459859
242.4		0.459859
242.5		0.459859
242.6		0.459859
242.7		0.459859
242.8		0.459859
242.9		0.459859
243		0.459859
243.1		0.461002
243.2		0.461002
243.3		0.461002
243.4		0.461002
243.5		0.461002
243.6		0.461002
243.7		0.461002
243.8		0.461002
243.9		0.461002
244		0.461002
244.1		0.464122
244.2		0.464122
244.3		0.464122
244.4		0.464122
244.5		0.464122
244.6		0.464122
244.7		0.464122
244.8		0.464122
244.9		0.464122
245		0.464122
245.1		0.46589
245.2		0.46589
245.3		0.46589
245.4		0.46589
245.5		0.46589
245.6		0.46589
245.7		0.46589
245.8		0.46589
245.9		0.46589
246		0.46589
246.1		0.469322
246.2		0.469322
246.3		0.469322
246.4		0.469322
246.5		0.469322
246.6		0.469322
246.7		0.469322
246.8		0.469322
246.9		0.469322
247		0.469322
247.1		0.469842
247.2		0.469842
247.3		0.469842
247.4		0.469842
247.5		0.469842
247.6		0.469842
247.7		0.469842
247.8		0.469842
247.9		0.469842
248		0.469842
248.1		0.47005
248.2		0.47005
248.3		0.47005
248.4		0.47005
248.5		0.47005
248.6		0.47005
248.7		0.47005
248.8		0.47005
248.9		0.47005
249		0.47005
249.1		0.471194
249.2		0.471194
249.3		0.471194
249.4		0.471194
249.5		0.471194
249.6		0.471194
249.7		0.471194
249.8		0.471194
249.9		0.471194
250		0.471194
250.1		0.478369
250.2		0.478369
250.3		0.478369
250.4		0.478369
250.5		0.478369
250.6		0.478369
250.7		0.478369
250.8		0.478369
250.9		0.478369
251		0.478369
251.1		0.480553
251.2		0.480553
251.3		0.480553
251.4		0.480553
251.5		0.480553
251.6		0.480553
251.7		0.480553
251.8		0.480553
251.9		0.480553
252		0.480553
252.1		0.480657
252.2		0.480657
252.3		0.480657
252.4		0.480657
252.5		0.480657
252.6		0.480657
252.7		0.480657
252.8		0.480657
252.9		0.480657
253		0.480657
253.1		0.481073
253.2		0.481073
253.3		0.481073
253.4		0.481073
253.5		0.481073
253.6		0.481073
253.7		0.481073
253.8		0.481073
253.9		0.481073
254		0.481073
254.1		0.484921
254.2		0.484921
254.3		0.484921
254.4		0.484921
254.5		0.484921
254.6		0.484921
254.7		0.484921
254.8		0.484921
254.9		0.484921
255		0.484921
255.1		0.487729
255.2		0.487729
255.3		0.487729
255.4		0.487729
255.5		0.487729
255.6		0.487729
255.7		0.487729
255.8		0.487729
255.9		0.487729
256		0.487729
256.1		0.489601
256.2		0.489601
256.3		0.489601
256.4		0.489601
256.5		0.489601
256.6		0.489601
256.7		0.489601
256.8		0.489601
256.9		0.489601
257		0.489601
257.1		0.490849
257.2		0.490849
257.3		0.490849
257.4		0.490849
257.5		0.490849
257.6		0.490849
257.7		0.490849
257.8		0.490849
257.9		0.490849
258		0.490849
258.1		0.492097
258.2		0.492097
258.3		0.492097
258.4		0.492097
258.5		0.492097
258.6		0.492097
258.7		0.492097
258.8		0.492097
258.9		0.492097
259		0.492097
259.1		0.493552
259.2		0.493552
259.3		0.493552
259.4		0.493552
259.5		0.493552
259.6		0.493552
259.7		0.493552
259.8		0.493552
259.9		0.493552
260		0.493552
260.1		0.496464
260.2		0.496464
260.3		0.496464
260.4		0.496464
260.5		0.496464
260.6		0.496464
260.7		0.496464
260.8		0.496464
260.9		0.496464
261		0.496464
261.1		0.496984
261.2		0.496984
261.3		0.496984
261.4		0.496984
261.5		0.496984
261.6		0.496984
261.7		0.496984
261.8		0.496984
261.9		0.496984
262		0.496984
262.1		0.497712
262.2		0.497712
262.3		0.497712
262.4		0.497712
262.5		0.497712
262.6		0.497712
262.7		0.497712
262.8		0.497712
262.9		0.497712
263		0.497712
263.1		0.50312
263.2		0.50312
263.3		0.50312
263.4		0.50312
263.5		0.50312
263.6		0.50312
263.7		0.50312
263.8		0.50312
263.9		0.50312
264		0.50312
264.1		0.5052
264.2		0.5052
264.3		0.5052
264.4		0.5052
264.5		0.5052
264.6		0.5052
264.7		0.5052
264.8		0.5052
264.9		0.5052
265		0.5052
265.1		0.505616
265.2		0.505616
265.3		0.505616
265.4		0.505616
265.5		0.505616
265.6		0.505616
265.7		0.505616
265.8		0.505616
265.9		0.505616
266		0.505616
266.1		0.507903
266.2		0.507903
266.3		0.507903
266.4		0.507903
266.5		0.507903
266.6		0.507903
266.7		0.507903
266.8		0.507903
266.9		0.507903
267		0.507903
267.1		0.508007
267.2		0.508007
267.3		0.508007
267.4		0.508007
267.5		0.508007
267.6		0.508007
267.7		0.508007
267.8		0.508007
267.9		0.508007
268		0.508007
268.1		0.511023
268.2		0.511023
268.3		0.511023
268.4		0.511023
268.5		0.511023
268.6		0.511023
268.7		0.511023
268.8		0.511023
268.9		0.511023
269		0.511023
269.1		0.512999
269.2		0.512999
269.3		0.512999
269.4		0.512999
269.5		0.512999
269.6		0.512999
269.7		0.512999
269.8		0.512999
269.9		0.512999
270		0.512999
270.1		0.513623
270.2		0.513623
270.3		0.513623
270.4		0.513623
270.5		0.513623
270.6		0.513623
270.7		0.513623
270.8		0.513623
270.9		0.513623
271		0.513623
271.1		0.514039
271.2		0.514039
271.3		0.514039
271.4		0.514039
271.5		0.514039
271.6		0.514039
271.7		0.514039
271.8		0.514039
271.9		0.514039
272		0.514039
272.1		0.520903
272.2		0.520903
272.3		0.520903
272.4		0.520903
272.5		0.520903
272.6		0.520903
272.7		0.520903
272.8		0.520903
272.9		0.520903
273		0.520903
273.1		0.522047
273.2		0.522047
273.3		0.522047
273.4		0.522047
273.5		0.522047
273.6		0.522047
273.7		0.522047
273.8		0.522047
273.9		0.522047
274		0.522047
274.1		0.522255
274.2		0.522255
274.3		0.522255
274.4		0.522255
274.5		0.522255
274.6		0.522255
274.7		0.522255
274.8		0.522255
274.9		0.522255
275		0.522255
275.1		0.522879
275.2		0.522879
275.3		0.522879
275.4		0.522879
275.5		0.522879
275.6		0.522879
275.7		0.522879
275.8		0.522879
275.9		0.522879
276		0.522879
276.1		0.530158
276.2		0.530158
276.3		0.530158
276.4		0.530158
276.5		0.530158
276.6		0.530158
276.7		0.530158
276.8		0.530158
276.9		0.530158
277		0.530158
277.1		0.531198
277.2		0.531198
277.3		0.531198
277.4		0.531198
277.5		0.531198
277.6		0.531198
277.7		0.531198
277.8		0.531198
277.9		0.531198
278		0.531198
278.1		0.532342
278.2		0.532342
278.3		0.532342
278.4		0.532342
278.5		0.532342
278.6		0.532342
278.7		0.532342
278.8		0.532342
278.9		0.532342
279		0.532342
279.1		0.53411
279.2		0.53411
279.3		0.53411
279.4		0.53411
279.5		0.53411
279.6		0.53411
279.7		0.53411
279.8		0.53411
279.9		0.53411
280		0.53411
280.1		0.537854
280.2		0.537854
280.3		0.537854
280.4		0.537854
280.5		0.537854
280.6		0.537854
280.7		0.537854
280.8		0.537854
280.9		0.537854
281		0.537854
281.1		0.539413
281.2		0.539413
281.3		0.539413
281.4		0.539413
281.5		0.539413
281.6		0.539413
281.7		0.539413
281.8		0.539413
281.9		0.539413
282		0.539413
282.1		0.541493
282.2		0.541493
282.3		0.541493
282.4		0.541493
282.5		0.541493
282.6		0.541493
282.7		0.541493
282.8		0.541493
282.9		0.541493
283		0.541493
283.1		0.545549
283.2		0.545549
283.3		0.545549
283.4		0.545549
283.5		0.545549
283.6		0.545549
283.7		0.545549
283.8		0.545549
283.9		0.545549
284		0.545549
284.1		0.547005
284.2		0.547005
284.3		0.547005
284.4		0.547005
284.5		0.547005
284.6		0.547005
284.7		0.547005
284.8		0.547005
284.9		0.547005
285		0.547005
285.1		0.550645
285.2		0.550645
285.3		0.550645
285.4		0.550645
285.5		0.550645
285.6		0.550645
285.7		0.550645
285.8		0.550645
285.9		0.550645
286		0.550645
286.1		0.552205
286.2		0.552205
286.3		0.552205
286.4		0.552205
286.5		0.552205
286.6		0.552205
286.7		0.552205
286.8		0.552205
286.9		0.552205
287		0.552205
287.1		0.556364
287.2		0.556364
287.3		0.556364
287.4		0.556364
287.5		0.556364
287.6		0.556364
287.7		0.556364
287.8		0.556364
287.9		0.556364
288		0.556364
288.1		0.560108
288.2		0.560108
288.3		0.560108
288.4		0.560108
288.5		0.560108
288.6		0.560108
288.7		0.560108
288.8		0.560108
288.9		0.560108
289		0.560108
289.1		0.562084
289.2		0.562084
289.3		0.562084
289.4		0.562084
289.5		0.562084
289.6		0.562084
289.7		0.562084
289.8		0.562084
289.9		0.562084
290		0.562084
290.1		0.56406
290.2		0.56406
290.3		0.56406
290.4		0.56406
290.5		0.56406
290.6		0.56406
290.7		0.56406
290.8		0.56406
290.9		0.56406
291		0.56406
291.1		0.568844
291.2		0.568844
291.3		0.568844
291.4		0.568844
291.5		0.568844
291.6		0.568844
291.7		0.568844
291.8		0.568844
291.9		0.568844
292		0.568844
292.1		0.569052
292.2		0.569052
292.3		0.569052
292.4		0.569052
292.5		0.569052
292.6		0.569052
292.7		0.569052
292.8		0.569052
292.9		0.569052
293		0.569052
293.1		0.569052
293.2		0.569052
293.3		0.569052
293.4		0.569052
293.5		0.569052
293.6		0.569052
293.7		0.569052
293.8		0.569052
293.9		0.569052
294		0.569052
294.1		0.570715
294.2		0.570715
294.3		0.570715
294.4		0.570715
294.5		0.570715
294.6		0.570715
294.7		0.570715
294.8		0.570715
294.9		0.570715
295		0.570715
295.1		0.573419
295.2		0.573419
295.3		0.573419
295.4		0.573419
295.5		0.573419
295.6		0.573419
295.7		0.573419
295.8		0.573419
295.9		0.573419
296		0.573419
296.1		0.577059
296.2		0.577059
296.3		0.577059
296.4		0.577059
296.5		0.577059
296.6		0.577059
296.7		0.577059
296.8		0.577059
296.9		0.577059
297		0.577059
297.1		0.578203
297.2		0.578203
297.3		0.578203
297.4		0.578203
297.5		0.578203
297.6		0.578203
297.7		0.578203
297.8		0.578203
297.9		0.578203
298		0.578203
298.1		0.578203
298.2		0.578203
298.3		0.578203
298.4		0.578203
298.5		0.578203
298.6		0.578203
298.7		0.578203
298.8		0.578203
298.9		0.578203
299		0.578203
299.1		0.584547
299.2		0.584547
299.3		0.584547
299.4		0.584547
299.5		0.584547
299.6		0.584547
299.7		0.584547
299.8		0.584547
299.9		0.584547
300		0.584547
300.1		0.586106
300.2		0.586106
300.3		0.586106
300.4		0.586106
300.5		0.586106
300.6		0.586106
300.7		0.586106
300.8		0.586106
300.9		0.586106
301		0.586106
301.1		0.589122
301.2		0.589122
301.3		0.589122
301.4		0.589122
301.5		0.589122
301.6		0.589122
301.7		0.589122
301.8		0.589122
301.9		0.589122
302		0.589122
302.1		0.591722
302.2		0.591722
302.3		0.591722
302.4		0.591722
302.5		0.591722
302.6		0.591722
302.7		0.591722
302.8		0.591722
302.9		0.591722
303		0.591722
303.1		0.595466
303.2		0.595466
303.3		0.595466
303.4		0.595466
303.5		0.595466
303.6		0.595466
303.7		0.595466
303.8		0.595466
303.9		0.595466
304		0.595466
304.1		0.596194
304.2		0.596194
304.3		0.596194
304.4		0.596194
304.5		0.596194
304.6		0.596194
304.7		0.596194
304.8		0.596194
304.9		0.596194
305		0.596194
305.1		0.597754
305.2		0.597754
305.3		0.597754
305.4		0.597754
305.5		0.597754
305.6		0.597754
305.7		0.597754
305.8		0.597754
305.9		0.597754
306		0.597754
306.1		0.60077
306.2		0.60077
306.3		0.60077
306.4		0.60077
306.5		0.60077
306.6		0.60077
306.7		0.60077
306.8		0.60077
306.9		0.60077
307		0.60077
307.1		0.601705
307.2		0.601705
307.3		0.601705
307.4		0.601705
307.5		0.601705
307.6		0.601705
307.7		0.601705
307.8		0.601705
307.9		0.601705
308		0.601705
308.1		0.602329
308.2		0.602329
308.3		0.602329
308.4		0.602329
308.5		0.602329
308.6		0.602329
308.7		0.602329
308.8		0.602329
308.9		0.602329
309		0.602329
309.1		0.606073
309.2		0.606073
309.3		0.606073
309.4		0.606073
309.5		0.606073
309.6		0.606073
309.7		0.606073
309.8		0.606073
309.9		0.606073
310		0.606073
310.1		0.609401
310.2		0.609401
310.3		0.609401
310.4		0.609401
310.5		0.609401
310.6		0.609401
310.7		0.609401
310.8		0.609401
310.9		0.609401
311		0.609401
311.1		0.609817
311.2		0.609817
311.3		0.609817
311.4		0.609817
311.5		0.609817
311.6		0.609817
311.7		0.609817
311.8		0.609817
311.9		0.609817
312		0.609817
312.1		0.611481
312.2		0.611481
312.3		0.611481
312.4		0.611481
312.5		0.611481
312.6		0.611481
312.7		0.611481
312.8		0.611481
312.9		0.611481
313		0.611481
313.1		0.611585
313.2		0.611585
313.3		0.611585
313.4		0.611585
313.5		0.611585
313.6		0.611585
313.7		0.611585
313.8		0.611585
313.9		0.611585
314		0.611585
314.1		0.616473
314.2		0.616473
314.3		0.616473
314.4		0.616473
314.5		0.616473
314.6		0.616473
314.7		0.616473
314.8		0.616473
314.9		0.616473
315		0.616473
315.1		0.616681
315.2		0.616681
315.3		0.616681
315.4		0.616681
315.5		0.616681
315.6		0.616681
315.7		0.616681
315.8		0.616681
315.9		0.616681
316		0.616681
316.1		0.618344
316.2		0.618344
316.3		0.618344
316.4		0.618344
316.5		0.618344
316.6		0.618344
316.7		0.618344
316.8		0.618344
316.9		0.618344
317		0.618344
317.1		0.621048
317.2		0.621048
317.3		0.621048
317.4		0.621048
317.5		0.621048
317.6		0.621048
317.7		0.621048
317.8		0.621048
317.9		0.621048
318		0.621048
318.1		0.622504
318.2		0.622504
318.3		0.622504
318.4		0.622504
318.5		0.622504
318.6		0.622504
318.7		0.622504
318.8		0.622504
318.9		0.622504
319		0.622504
319.1		0.622712
319.2		0.622712
319.3		0.622712
319.4		0.622712
319.5		0.622712
319.6		0.622712
319.7		0.622712
319.8		0.622712
319.9		0.622712
320		0.622712
320.1		0.625
320.2		0.625
320.3		0.625
320.4		0.625
320.5		0.625
320.6		0.625
320.7		0.625
320.8		0.625
320.9		0.625
321		0.625
321.1		0.62604
321.2		0.62604
321.3		0.62604
321.4		0.62604
321.5		0.62604
321.6		0.62604
321.7		0.62604
321.8		0.62604
321.9		0.62604
322		0.62604
322.1		0.631552
322.2		0.631552
322.3		0.631552
322.4		0.631552
322.5		0.631552
322.6		0.631552
322.7		0.631552
322.8		0.631552
322.9		0.631552
323		0.631552
323.1		0.631864
323.2		0.631864
323.3		0.631864
323.4		0.631864
323.5		0.631864
323.6		0.631864
323.7		0.631864
323.8		0.631864
323.9		0.631864
324		0.631864
324.1		0.632072
324.2		0.632072
324.3		0.632072
324.4		0.632072
324.5		0.632072
324.6		0.632072
324.7		0.632072
324.8		0.632072
324.9		0.632072
325		0.632072
325.1		0.632903
325.2		0.632903
325.3		0.632903
325.4		0.632903
325.5		0.632903
325.6		0.632903
325.7		0.632903
325.8		0.632903
325.9		0.632903
326		0.632903
326.1		0.638727
326.2		0.638727
326.3		0.638727
326.4		0.638727
326.5		0.638727
326.6		0.638727
326.7		0.638727
326.8		0.638727
326.9		0.638727
327		0.638727
327.1		0.639975
327.2		0.639975
327.3		0.639975
327.4		0.639975
327.5		0.639975
327.6		0.639975
327.7		0.639975
327.8		0.639975
327.9		0.639975
328		0.639975
328.1		0.640703
328.2		0.640703
328.3		0.640703
328.4		0.640703
328.5		0.640703
328.6		0.640703
328.7		0.640703
328.8		0.640703
328.9		0.640703
329		0.640703
329.1		0.641743
329.2		0.641743
329.3		0.641743
329.4		0.641743
329.5		0.641743
329.6		0.641743
329.7		0.641743
329.8		0.641743
329.9		0.641743
330		0.641743
330.1		0.644447
330.2		0.644447
330.3		0.644447
330.4		0.644447
330.5		0.644447
330.6		0.644447
330.7		0.644447
330.8		0.644447
330.9		0.644447
331		0.644447
331.1		0.647359
331.2		0.647359
331.3		0.647359
331.4		0.647359
331.5		0.647359
331.6		0.647359
331.7		0.647359
331.8		0.647359
331.9		0.647359
332		0.647359
332.1		0.647567
332.2		0.647567
332.3		0.647567
332.4		0.647567
332.5		0.647567
332.6		0.647567
332.7		0.647567
332.8		0.647567
332.9		0.647567
333		0.647567
333.1		0.650582
333.2		0.650582
333.3		0.650582
333.4		0.650582
333.5		0.650582
333.6		0.650582
333.7		0.650582
333.8		0.650582
333.9		0.650582
334		0.650582
334.1		0.652454
334.2		0.652454
334.3		0.652454
334.4		0.652454
334.5		0.652454
334.6		0.652454
334.7		0.652454
334.8		0.652454
334.9		0.652454
335		0.652454
335.1		0.654638
335.2		0.654638
335.3		0.654638
335.4		0.654638
335.5		0.654638
335.6		0.654638
335.7		0.654638
335.8		0.654638
335.9		0.654638
336		0.654638
336.1		0.65755
336.2		0.65755
336.3		0.65755
336.4		0.65755
336.5		0.65755
336.6		0.65755
336.7		0.65755
336.8		0.65755
336.9		0.65755
337		0.65755
337.1		0.660774
337.2		0.660774
337.3		0.660774
337.4		0.660774
337.5		0.660774
337.6		0.660774
337.7		0.660774
337.8		0.660774
337.9		0.660774
338		0.660774
338.1		0.66171
338.2		0.66171
338.3		0.66171
338.4		0.66171
338.5		0.66171
338.6		0.66171
338.7		0.66171
338.8		0.66171
338.9		0.66171
339		0.66171
339.1		0.666077
339.2		0.666077
339.3		0.666077
339.4		0.666077
339.5		0.666077
339.6		0.666077
339.7		0.666077
339.8		0.666077
339.9		0.666077
340		0.666077
340.1		0.668677
340.2		0.668677
340.3		0.668677
340.4		0.668677
340.5		0.668677
340.6		0.668677
340.7		0.668677
340.8		0.668677
340.9		0.668677
341		0.668677
341.1		0.670237
341.2		0.670237
341.3		0.670237
341.4		0.670237
341.5		0.670237
341.6		0.670237
341.7		0.670237
341.8		0.670237
341.9		0.670237
342		0.670237
342.1		0.672005
342.2		0.672005
342.3		0.672005
342.4		0.672005
342.5		0.672005
342.6		0.672005
342.7		0.672005
342.8		0.672005
342.9		0.672005
343		0.672005
343.1		0.674189
343.2		0.674189
343.3		0.674189
343.4		0.674189
343.5		0.674189
343.6		0.674189
343.7		0.674189
343.8		0.674189
343.9		0.674189
344		0.674189
344.1		0.676997
344.2		0.676997
344.3		0.676997
344.4		0.676997
344.5		0.676997
344.6		0.676997
344.7		0.676997
344.8		0.676997
344.9		0.676997
345		0.676997
345.1		0.679181
345.2		0.679181
345.3		0.679181
345.4		0.679181
345.5		0.679181
345.6		0.679181
345.7		0.679181
345.8		0.679181
345.9		0.679181
346		0.679181
346.1		0.680012
346.2		0.680012
346.3		0.680012
346.4		0.680012
346.5		0.680012
346.6		0.680012
346.7		0.680012
346.8		0.680012
346.9		0.680012
347		0.680012
347.1		0.680012
347.2		0.680012
347.3		0.680012
347.4		0.680012
347.5		0.680012
347.6		0.680012
347.7		0.680012
347.8		0.680012
347.9		0.680012
348		0.680012
348.1		0.682612
348.2		0.682612
348.3		0.682612
348.4		0.682612
348.5		0.682612
348.6		0.682612
348.7		0.682612
348.8		0.682612
348.9		0.682612
349		0.682612
349.1		0.685212
349.2		0.685212
349.3		0.685212
349.4		0.685212
349.5		0.685212
349.6		0.685212
349.7		0.685212
349.8		0.685212
349.9		0.685212
350		0.685212
350.1		0.69062
350.2		0.69062
350.3		0.69062
350.4		0.69062
350.5		0.69062
350.6		0.69062
350.7		0.69062
350.8		0.69062
350.9		0.69062
351		0.69062
351.1		0.691244
351.2		0.691244
351.3		0.691244
351.4		0.691244
351.5		0.691244
351.6		0.691244
351.7		0.691244
351.8		0.691244
351.9		0.691244
352		0.691244
352.1		0.691764
352.2		0.691764
352.3		0.691764
352.4		0.691764
352.5		0.691764
352.6		0.691764
352.7		0.691764
352.8		0.691764
352.9		0.691764
353		0.691764
353.1		0.696859
353.2		0.696859
353.3		0.696859
353.4		0.696859
353.5		0.696859
353.6		0.696859
353.7		0.696859
353.8		0.696859
353.9		0.696859
354		0.696859
354.1		0.701019
354.2		0.701019
354.3		0.701019
354.4		0.701019
354.5		0.701019
354.6		0.701019
354.7		0.701019
354.8		0.701019
354.9		0.701019
355		0.701019
355.1		0.703099
355.2		0.703099
355.3		0.703099
355.4		0.703099
355.5		0.703099
355.6		0.703099
355.7		0.703099
355.8		0.703099
355.9		0.703099
356		0.703099
356.1		0.704139
356.2		0.704139
356.3		0.704139
356.4		0.704139
356.5		0.704139
356.6		0.704139
356.7		0.704139
356.8		0.704139
356.9		0.704139
357		0.704139
357.1		0.706427
357.2		0.706427
357.3		0.706427
357.4		0.706427
357.5		0.706427
357.6		0.706427
357.7		0.706427
357.8		0.706427
357.9		0.706427
358		0.706427
358.1		0.709859
358.2		0.709859
358.3		0.709859
358.4		0.709859
358.5		0.709859
358.6		0.709859
358.7		0.709859
358.8		0.709859
358.9		0.709859
359		0.709859
359.1		0.710483
359.2		0.710483
359.3		0.710483
359.4		0.710483
359.5		0.710483
359.6		0.710483
359.7		0.710483
359.8		0.710483
359.9		0.710483
360		0.710483
360.1		0.712666
360.2		0.712666
360.3		0.712666
360.4		0.712666
360.5		0.712666
360.6		0.712666
360.7		0.712666
360.8		0.712666
360.9		0.712666
361		0.712666
361.1		0.71277
361.2		0.71277
361.3		0.71277
361.4		0.71277
361.5		0.71277
361.6		0.71277
361.7		0.71277
361.8		0.71277
361.9		0.71277
362		0.71277
362.1		0.718178
362.2		0.718178
362.3		0.718178
362.4		0.718178
362.5		0.718178
362.6		0.718178
362.7		0.718178
362.8		0.718178
362.9		0.718178
363		0.718178
363.1		0.718594
363.2		0.718594
363.3		0.718594
363.4		0.718594
363.5		0.718594
363.6		0.718594
363.7		0.718594
363.8		0.718594
363.9		0.718594
364		0.718594
364.1		0.718698
364.2		0.718698
364.3		0.718698
364.4		0.718698
364.5		0.718698
364.6		0.718698
364.7		0.718698
364.8		0.718698
364.9		0.718698
365		0.718698
365.1		0.72265
365.2		0.72265
365.3		0.72265
365.4		0.72265
365.5		0.72265
365.6		0.72265
365.7		0.72265
365.8		0.72265
365.9		0.72265
366		0.72265
366.1		0.724106
366.2		0.724106
366.3		0.724106
366.4		0.724106
366.5		0.724106
366.6		0.724106
366.7		0.724106
366.8		0.724106
366.9		0.724106
367		0.724106
367.1		0.727953
367.2		0.727953
367.3		0.727953
367.4		0.727953
367.5		0.727953
367.6		0.727953
367.7		0.727953
367.8		0.727953
367.9		0.727953
368		0.727953
368.1		0.728785
368.2		0.728785
368.3		0.728785
368.4		0.728785
368.5		0.728785
368.6		0.728785
368.7		0.728785
368.8		0.728785
368.9		0.728785
369		0.728785
369.1		0.729097
369.2		0.729097
369.3		0.729097
369.4		0.729097
369.5		0.729097
369.6		0.729097
369.7		0.729097
369.8		0.729097
369.9		0.729097
370		0.729097
370.1		0.733361
370.2		0.733361
370.3		0.733361
370.4		0.733361
370.5		0.733361
370.6		0.733361
370.7		0.733361
370.8		0.733361
370.9		0.733361
371		0.733361
371.1		0.733881
371.2		0.733881
371.3		0.733881
371.4		0.733881
371.5		0.733881
371.6		0.733881
371.7		0.733881
371.8		0.733881
371.9		0.733881
372		0.733881
372.1		0.737417
372.2		0.737417
372.3		0.737417
372.4		0.737417
372.5		0.737417
372.6		0.737417
372.7		0.737417
372.8		0.737417
372.9		0.737417
373		0.737417
373.1		0.739185
373.2		0.739185
373.3		0.739185
373.4		0.739185
373.5		0.739185
373.6		0.739185
373.7		0.739185
373.8		0.739185
373.9		0.739185
374		0.739185
374.1		0.741265
374.2		0.741265
374.3		0.741265
374.4		0.741265
374.5		0.741265
374.6		0.741265
374.7		0.741265
374.8		0.741265
374.9		0.741265
375		0.741265
375.1		0.74324
375.2		0.74324
375.3		0.74324
375.4		0.74324
375.5		0.74324
375.6		0.74324
375.7		0.74324
375.8		0.74324
375.9		0.74324
376		0.74324
376.1		0.745216
376.2		0.745216
376.3		0.745216
376.4		0.745216
376.5		0.745216
376.6		0.745216
376.7		0.745216
376.8		0.745216
376.9		0.745216
377		0.745216
377.1		0.74636
377.2		0.74636
377.3		0.74636
377.4		0.74636
377.5		0.74636
377.6		0.74636
377.7		0.74636
377.8		0.74636
377.9		0.74636
378		0.74636
378.1		0.74636
378.2		0.74636
378.3		0.74636
378.4		0.74636
378.5		0.74636
378.6		0.74636
378.7		0.74636
378.8		0.74636
378.9		0.74636
379		0.74636
379.1		0.749896
379.2		0.749896
379.3		0.749896
379.4		0.749896
379.5		0.749896
379.6		0.749896
379.7		0.749896
379.8		0.749896
379.9		0.749896
380		0.749896
380.1		0.753848
380.2		0.753848
380.3		0.753848
380.4		0.753848
380.5		0.753848
380.6		0.753848
380.7		0.753848
380.8		0.753848
380.9		0.753848
381		0.753848
381.1		0.754056
381.2		0.754056
381.3		0.754056
381.4		0.754056
381.5		0.754056
381.6		0.754056
381.7		0.754056
381.8		0.754056
381.9		0.754056
382		0.754056
382.1		0.757488
382.2		0.757488
382.3		0.757488
382.4		0.757488
382.5		0.757488
382.6		0.757488
382.7		0.757488
382.8		0.757488
382.9		0.757488
383		0.757488
383.1		0.758735
383.2		0.758735
383.3		0.758735
383.4		0.758735
383.5		0.758735
383.6		0.758735
383.7		0.758735
383.8		0.758735
383.9		0.758735
384		0.758735
384.1		0.763519
384.2		0.763519
384.3		0.763519
384.4		0.763519
384.5		0.763519
384.6		0.763519
384.7		0.763519
384.8		0.763519
384.9		0.763519
385		0.763519
385.1		0.765183
385.2		0.765183
385.3		0.765183
385.4		0.765183
385.5		0.765183
385.6		0.765183
385.7		0.765183
385.8		0.765183
385.9		0.765183
386		0.765183
386.1		0.766535
386.2		0.766535
386.3		0.766535
386.4		0.766535
386.5		0.766535
386.6		0.766535
386.7		0.766535
386.8		0.766535
386.9		0.766535
387		0.766535
387.1		0.766743
387.2		0.766743
387.3		0.766743
387.4		0.766743
387.5		0.766743
387.6		0.766743
387.7		0.766743
387.8		0.766743
387.9		0.766743
388		0.766743
388.1		0.770695
388.2		0.770695
388.3		0.770695
388.4		0.770695
388.5		0.770695
388.6		0.770695
388.7		0.770695
388.8		0.770695
388.9		0.770695
389		0.770695
389.1		0.771007
389.2		0.771007
389.3		0.771007
389.4		0.771007
389.5		0.771007
389.6		0.771007
389.7		0.771007
389.8		0.771007
389.9		0.771007
390		0.771007
390.1		0.771839
390.2		0.771839
390.3		0.771839
390.4		0.771839
390.5		0.771839
390.6		0.771839
390.7		0.771839
390.8		0.771839
390.9		0.771839
391		0.771839
391.1		0.774126
391.2		0.774126
391.3		0.774126
391.4		0.774126
391.5		0.774126
391.6		0.774126
391.7		0.774126
391.8		0.774126
391.9		0.774126
392		0.774126
392.1		0.776934
392.2		0.776934
392.3		0.776934
392.4		0.776934
392.5		0.776934
392.6		0.776934
392.7		0.776934
392.8		0.776934
392.9		0.776934
393		0.776934
393.1		0.777662
393.2		0.777662
393.3		0.777662
393.4		0.777662
393.5		0.777662
393.6		0.777662
393.7		0.777662
393.8		0.777662
393.9		0.777662
394		0.777662
394.1		0.779014
394.2		0.779014
394.3		0.779014
394.4		0.779014
394.5		0.779014
394.6		0.779014
394.7		0.779014
394.8		0.779014
394.9		0.779014
395		0.779014
395.1		0.779846
395.2		0.779846
395.3		0.779846
395.4		0.779846
395.5		0.779846
395.6		0.779846
395.7		0.779846
395.8		0.779846
395.9		0.779846
396		0.779846
396.1		0.782862
396.2		0.782862
396.3		0.782862
396.4		0.782862
396.5		0.782862
396.6		0.782862
396.7		0.782862
396.8		0.782862
396.9		0.782862
397		0.782862
397.1		0.786502
397.2		0.786502
397.3		0.786502
397.4		0.786502
397.5		0.786502
397.6		0.786502
397.7		0.786502
397.8		0.786502
397.9		0.786502
398		0.786502
398.1		0.789101
398.2		0.789101
398.3		0.789101
398.4		0.789101
398.5		0.789101
398.6		0.789101
398.7		0.789101
398.8		0.789101
398.9		0.789101
399		0.789101
399.1		0.789725
399.2		0.789725
399.3		0.789725
399.4		0.789725
399.5		0.789725
399.6		0.789725
399.7		0.789725
399.8		0.789725
399.9		0.789725
400		0.789725
400.1		0.791181
400.2		0.791181
400.3		0.791181
400.4		0.791181
400.5		0.791181
400.6		0.791181
400.7		0.791181
400.8		0.791181
400.9		0.791181
401		0.791181
401.1		0.793157
401.2		0.793157
401.3		0.793157
401.4		0.793157
401.5		0.793157
401.6		0.793157
401.7		0.793157
401.8		0.793157
401.9		0.793157
402		0.793157
402.1		0.797005
402.2		0.797005
402.3		0.797005
402.4		0.797005
402.5		0.797005
402.6		0.797005
402.7		0.797005
402.8		0.797005
402.9		0.797005
403		0.797005
403.1		0.798461
403.2		0.798461
403.3		0.798461
403.4		0.798461
403.5		0.798461
403.6		0.798461
403.7		0.798461
403.8		0.798461
403.9		0.798461
404		0.798461
404.1		0.799709
404.2		0.799709
404.3		0.799709
404.4		0.799709
404.5		0.799709
404.6		0.799709
404.7		0.799709
404.8		0.799709
404.9		0.799709
405		0.799709
405.1		0.800541
405.2		0.800541
405.3		0.800541
405.4		0.800541
405.5		0.800541
405.6		0.800541
405.7		0.800541
405.8		0.800541
405.9		0.800541
406		0.800541
406.1		0.804285
406.2		0.804285
406.3		0.804285
406.4		0.804285
406.5		0.804285
406.6		0.804285
406.7		0.804285
406.8		0.804285
406.9		0.804285
407		0.804285
407.1		0.80626
407.2		0.80626
407.3		0.80626
407.4		0.80626
407.5		0.80626
407.6		0.80626
407.7		0.80626
407.8		0.80626
407.9		0.80626
408		0.80626
408.1		0.806676
408.2		0.806676
408.3		0.806676
408.4		0.806676
408.5		0.806676
408.6		0.806676
408.7		0.806676
408.8		0.806676
408.9		0.806676
409		0.806676
409.1		0.808028
409.2		0.808028
409.3		0.808028
409.4		0.808028
409.5		0.808028
409.6		0.808028
409.7		0.808028
409.8		0.808028
409.9		0.808028
410		0.808028
410.1		0.809588
410.2		0.809588
410.3		0.809588
410.4		0.809588
410.5		0.809588
410.6		0.809588
410.7		0.809588
410.8		0.809588
410.9		0.809588
411		0.809588
411.1		0.813748
411.2		0.813748
411.3		0.813748
411.4		0.813748
411.5		0.813748
411.6		0.813748
411.7		0.813748
411.8		0.813748
411.9		0.813748
412		0.813748
412.1		0.814684
412.2		0.814684
412.3		0.814684
412.4		0.814684
412.5		0.814684
412.6		0.814684
412.7		0.814684
412.8		0.814684
412.9		0.814684
413		0.814684
413.1		0.816452
413.2		0.816452
413.3		0.816452
413.4		0.816452
413.5		0.816452
413.6		0.816452
413.7		0.816452
413.8		0.816452
413.9		0.816452
414		0.816452
414.1		0.820403
414.2		0.820403
414.3		0.820403
414.4		0.820403
414.5		0.820403
414.6		0.820403
414.7		0.820403
414.8		0.820403
414.9		0.820403
415		0.820403
415.1		0.821131
415.2		0.821131
415.3		0.821131
415.4		0.821131
415.5		0.821131
415.6		0.821131
415.7		0.821131
415.8		0.821131
415.9		0.821131
416		0.821131
416.1		0.821235
416.2		0.821235
416.3		0.821235
416.4		0.821235
416.5		0.821235
416.6		0.821235
416.7		0.821235
416.8		0.821235
416.9		0.821235
417		0.821235
417.1		0.822171
417.2		0.822171
417.3		0.822171
417.4		0.822171
417.5		0.822171
417.6		0.822171
417.7		0.822171
417.8		0.822171
417.9		0.822171
418		0.822171
418.1		0.829555
418.2		0.829555
418.3		0.829555
418.4		0.829555
418.5		0.829555
418.6		0.829555
418.7		0.829555
418.8		0.829555
418.9		0.829555
419		0.829555
419.1		0.830699
419.2		0.830699
419.3		0.830699
419.4		0.830699
419.5		0.830699
419.6		0.830699
419.7		0.830699
419.8		0.830699
419.9		0.830699
420		0.830699
420.1		0.831323
420.2		0.831323
420.3		0.831323
420.4		0.831323
420.5		0.831323
420.6		0.831323
420.7		0.831323
420.8		0.831323
420.9		0.831323
421		0.831323
421.1		0.832051
421.2		0.832051
421.3		0.832051
421.4		0.832051
421.5		0.832051
421.6		0.832051
421.7		0.832051
421.8		0.832051
421.9		0.832051
422		0.832051
422.1		0.83725
422.2		0.83725
422.3		0.83725
422.4		0.83725
422.5		0.83725
422.6		0.83725
422.7		0.83725
422.8		0.83725
422.9		0.83725
423		0.83725
423.1		0.837458
423.2		0.837458
423.3		0.837458
423.4		0.837458
423.5		0.837458
423.6		0.837458
423.7		0.837458
423.8		0.837458
423.9		0.837458
424		0.837458
424.1		0.84089
424.2		0.84089
424.3		0.84089
424.4		0.84089
424.5		0.84089
424.6		0.84089
424.7		0.84089
424.8		0.84089
424.9		0.84089
425		0.84089
425.1		0.841514
425.2		0.841514
425.3		0.841514
425.4		0.841514
425.5		0.841514
425.6		0.841514
425.7		0.841514
425.8		0.841514
425.9		0.841514
426		0.841514
426.1		0.84505
426.2		0.84505
426.3		0.84505
426.4		0.84505
426.5		0.84505
426.6		0.84505
426.7		0.84505
426.8		0.84505
426.9		0.84505
427		0.84505
427.1		0.845778
427.2		0.845778
427.3		0.845778
427.4		0.845778
427.5		0.845778
427.6		0.845778
427.7		0.845778
427.8		0.845778
427.9		0.845778
428		0.845778
428.1		0.84609
428.2		0.84609
428.3		0.84609
428.4		0.84609
428.5		0.84609
428.6		0.84609
428.7		0.84609
428.8		0.84609
428.9		0.84609
429		0.84609
429.1		0.848378
429.2		0.848378
429.3		0.848378
429.4		0.848378
429.5		0.848378
429.6		0.848378
429.7		0.848378
429.8		0.848378
429.9		0.848378
430		0.848378
430.1		0.851809
430.2		0.851809
430.3		0.851809
430.4		0.851809
430.5		0.851809
430.6		0.851809
430.7		0.851809
430.8		0.851809
430.9		0.851809
431		0.851809
431.1		0.854721
431.2		0.854721
431.3		0.854721
431.4		0.854721
431.5		0.854721
431.6		0.854721
431.7		0.854721
431.8		0.854721
431.9		0.854721
432		0.854721
432.1		0.855969
432.2		0.855969
432.3		0.855969
432.4		0.855969
432.5		0.855969
432.6		0.855969
432.7		0.855969
432.8		0.855969
432.9		0.855969
433		0.855969
433.1		0.856905
433.2		0.856905
433.3		0.856905
433.4		0.856905
433.5		0.856905
433.6		0.856905
433.7		0.856905
433.8		0.856905
433.9		0.856905
434		0.856905
434.1		0.857321
434.2		0.857321
434.3		0.857321
434.4		0.857321
434.5		0.857321
434.6		0.857321
434.7		0.857321
434.8		0.857321
434.9		0.857321
435		0.857321
435.1		0.861897
435.2		0.861897
435.3		0.861897
435.4		0.861897
435.5		0.861897
435.6		0.861897
435.7		0.861897
435.8		0.861897
435.9		0.861897
436		0.861897
436.1		0.863353
436.2		0.863353
436.3		0.863353
436.4		0.863353
436.5		0.863353
436.6		0.863353
436.7		0.863353
436.8		0.863353
436.9		0.863353
437		0.863353
437.1		0.864497
437.2		0.864497
437.3		0.864497
437.4		0.864497
437.5		0.864497
437.6		0.864497
437.7		0.864497
437.8		0.864497
437.9		0.864497
438		0.864497
438.1		0.866369
438.2		0.866369
438.3		0.866369
438.4		0.866369
438.5		0.866369
438.6		0.866369
438.7		0.866369
438.8		0.866369
438.9		0.866369
439		0.866369
439.1		0.868032
439.2		0.868032
439.3		0.868032
439.4		0.868032
439.5		0.868032
439.6		0.868032
439.7		0.868032
439.8		0.868032
439.9		0.868032
440		0.868032
440.1		0.871984
440.2		0.871984
440.3		0.871984
440.4		0.871984
440.5		0.871984
440.6		0.871984
440.7		0.871984
440.8		0.871984
440.9		0.871984
441		0.871984
441.1		0.87292
441.2		0.87292
441.3		0.87292
441.4		0.87292
441.5		0.87292
441.6		0.87292
441.7		0.87292
441.8		0.87292
441.9		0.87292
442		0.87292
442.1		0.874584
442.2		0.874584
442.3		0.874584
442.4		0.874584
442.5		0.874584
442.6		0.874584
442.7		0.874584
442.8		0.874584
442.9		0.874584
443		0.874584
443.1		0.875
443.2		0.875
443.3		0.875
443.4		0.875
443.5		0.875
443.6		0.875
443.7		0.875
443.8		0.875
443.9		0.875
444		0.875
444.1		0.878952
444.2		0.878952
444.3		0.878952
444.4		0.878952
444.5		0.878952
444.6		0.878952
444.7		0.878952
444.8		0.878952
444.9		0.878952
445		0.878952
445.1		0.880616
445.2		0.880616
445.3		0.880616
445.4		0.880616
445.5		0.880616
445.6		0.880616
445.7		0.880616
445.8		0.880616
445.9		0.880616
446		0.880616
446.1		0.88228
446.2		0.88228
446.3		0.88228
446.4		0.88228
446.5		0.88228
446.6		0.88228
446.7		0.88228
446.8		0.88228
446.9		0.88228
447		0.88228
447.1		0.883319
447.2		0.883319
447.3		0.883319
447.4		0.883319
447.5		0.883319
447.6		0.883319
447.7		0.883319
447.8		0.883319
447.9		0.883319
448		0.883319
448.1		0.886647
448.2		0.886647
448.3		0.886647
448.4		0.886647
448.5		0.886647
448.6		0.886647
448.7		0.886647
448.8		0.886647
448.9		0.886647
449		0.886647
449.1		0.887895
449.2		0.887895
449.3		0.887895
449.4		0.887895
449.5		0.887895
449.6		0.887895
449.7		0.887895
449.8		0.887895
449.9		0.887895
450		0.887895
450.1		0.888207
450.2		0.888207
450.3		0.888207
450.4		0.888207
450.5		0.888207
450.6		0.888207
450.7		0.888207
450.8		0.888207
450.9		0.888207
451		0.888207
451.1		0.891327
451.2		0.891327
451.3		0.891327
451.4		0.891327
451.5		0.891327
451.6		0.891327
451.7		0.891327
451.8		0.891327
451.9		0.891327
452		0.891327
452.1		0.894759
452.2		0.894759
452.3		0.894759
452.4		0.894759
452.5		0.894759
452.6		0.894759
452.7		0.894759
452.8		0.894759
452.9		0.894759
453		0.894759
453.1		0.896527
453.2		0.896527
453.3		0.896527
453.4		0.896527
453.5		0.896527
453.6		0.896527
453.7		0.896527
453.8		0.896527
453.9		0.896527
454		0.896527
454.1		0.897567
454.2		0.897567
454.3		0.897567
454.4		0.897567
454.5		0.897567
454.6		0.897567
454.7		0.897567
454.8		0.897567
454.9		0.897567
455		0.897567
455.1		0.897567
455.2		0.897567
455.3		0.897567
455.4		0.897567
455.5		0.897567
455.6		0.897567
455.7		0.897567
455.8		0.897567
455.9		0.897567
456		0.897567
456.1		0.902662
456.2		0.902662
456.3		0.902662
456.4		0.902662
456.5		0.902662
456.6		0.902662
456.7		0.902662
456.8		0.902662
456.9		0.902662
457		0.902662
457.1		0.904118
457.2		0.904118
457.3		0.904118
457.4		0.904118
457.5		0.904118
457.6		0.904118
457.7		0.904118
457.8		0.904118
457.9		0.904118
458		0.904118
458.1		0.905158
458.2		0.905158
458.3		0.905158
458.4		0.905158
458.5		0.905158
458.6		0.905158
458.7		0.905158
458.8		0.905158
458.9		0.905158
459		0.905158
459.1		0.90807
459.2		0.90807
459.3		0.90807
459.4		0.90807
459.5		0.90807
459.6		0.90807
459.7		0.90807
459.8		0.90807
459.9		0.90807
460		0.90807
460.1		0.909422
460.2		0.909422
460.3		0.909422
460.4		0.909422
460.5		0.909422
460.6		0.909422
460.7		0.909422
460.8		0.909422
460.9		0.909422
461		0.909422
461.1		0.91327
461.2		0.91327
461.3		0.91327
461.4		0.91327
461.5		0.91327
461.6		0.91327
461.7		0.91327
461.8		0.91327
461.9		0.91327
462		0.91327
462.1		0.915349
462.2		0.915349
462.3		0.915349
462.4		0.915349
462.5		0.915349
462.6		0.915349
462.7		0.915349
462.8		0.915349
462.9		0.915349
463		0.915349
463.1		0.916805
463.2		0.916805
463.3		0.916805
463.4		0.916805
463.5		0.916805
463.6		0.916805
463.7		0.916805
463.8		0.916805
463.9		0.916805
464		0.916805
464.1		0.920133
464.2		0.920133
464.3		0.920133
464.4		0.920133
464.5		0.920133
464.6		0.920133
464.7		0.920133
464.8		0.920133
464.9		0.920133
465		0.920133
465.1		0.922109
465.2		0.922109
465.3		0.922109
465.4		0.922109
465.5		0.922109
465.6		0.922109
465.7		0.922109
465.8		0.922109
465.9		0.922109
466		0.922109
466.1		0.925125
466.2		0.925125
466.3		0.925125
466.4		0.925125
466.5		0.925125
466.6		0.925125
466.7		0.925125
466.8		0.925125
466.9		0.925125
467		0.925125
467.1		0.926789
467.2		0.926789
467.3		0.926789
467.4		0.926789
467.5		0.926789
467.6		0.926789
467.7		0.926789
467.8		0.926789
467.9		0.926789
468		0.926789
468.1		0.927933
468.2		0.927933
468.3		0.927933
468.4		0.927933
468.5		0.927933
468.6		0.927933
468.7		0.927933
468.8		0.927933
468.9		0.927933
469		0.927933
469.1		0.929597
469.2		0.929597
469.3		0.929597
469.4		0.929597
469.5		0.929597
469.6		0.929597
469.7		0.929597
469.8		0.929597
469.9		0.929597
470		0.929597
470.1		0.93282
470.2		0.93282
470.3		0.93282
470.4		0.93282
470.5		0.93282
470.6		0.93282
470.7		0.93282
470.8		0.93282
470.9		0.93282
471		0.93282
471.1		0.934588
471.2		0.934588
471.3		0.934588
471.4		0.934588
471.5		0.934588
471.6		0.934588
471.7		0.934588
471.8		0.934588
471.9		0.934588
472		0.934588
472.1		0.935004
472.2		0.935004
472.3		0.935004
472.4		0.935004
472.5		0.935004
472.6		0.935004
472.7		0.935004
472.8		0.935004
472.9		0.935004
473		0.935004
473.1		0.936252
473.2		0.936252
473.3		0.936252
473.4		0.936252
473.5		0.936252
473.6		0.936252
473.7		0.936252
473.8		0.936252
473.9		0.936252
474		0.936252
474.1		0.938228
474.2		0.938228
474.3		0.938228
474.4		0.938228
474.5		0.938228
474.6		0.938228
474.7		0.938228
474.8		0.938228
474.9		0.938228
475		0.938228
475.1		0.940516
475.2		0.940516
475.3		0.940516
475.4		0.940516
475.5		0.940516
475.6		0.940516
475.7		0.940516
475.8		0.940516
475.9		0.940516
476		0.940516
476.1		0.943532
476.2		0.943532
476.3		0.943532
476.4		0.943532
476.5		0.943532
476.6		0.943532
476.7		0.943532
476.8		0.943532
476.9		0.943532
477		0.943532
477.1		0.943844
477.2		0.943844
477.3		0.943844
477.4		0.943844
477.5		0.943844
477.6		0.943844
477.7		0.943844
477.8		0.943844
477.9		0.943844
478		0.943844
478.1		0.947067
478.2		0.947067
478.3		0.947067
478.4		0.947067
478.5		0.947067
478.6		0.947067
478.7		0.947067
478.8		0.947067
478.9		0.947067
479		0.947067
479.1		0.948419
479.2		0.948419
479.3		0.948419
479.4		0.948419
479.5		0.948419
479.6		0.948419
479.7		0.948419
479.8		0.948419
479.9		0.948419
480		0.948419
480.1		0.948939
480.2		0.948939
480.3		0.948939
480.4		0.948939
480.5		0.948939
480.6		0.948939
480.7		0.948939
480.8		0.948939
480.9		0.948939
481		0.948939
481.1		0.951227
481.2		0.951227
481.3		0.951227
481.4		0.951227
481.5		0.951227
481.6		0.951227
481.7		0.951227
481.8		0.951227
481.9		0.951227
482		0.951227
482.1		0.954867
482.2		0.954867
482.3		0.954867
482.4		0.954867
482.5		0.954867
482.6		0.954867
482.7		0.954867
482.8		0.954867
482.9		0.954867
483		0.954867
483.1		0.957259
483.2		0.957259
483.3		0.957259
483.4		0.957259
483.5		0.957259
483.6		0.957259
483.7		0.957259
483.8		0.957259
483.9		0.957259
484		0.957259
484.1		0.959547
484.2		0.959547
484.3		0.959547
484.4		0.959547
484.5		0.959547
484.6		0.959547
484.7		0.959547
484.8		0.959547
484.9		0.959547
485		0.959547
485.1		0.959963
485.2		0.959963
485.3		0.959963
485.4		0.959963
485.5		0.959963
485.6		0.959963
485.7		0.959963
485.8		0.959963
485.9		0.959963
486		0.959963
486.1		0.963082
486.2		0.963082
486.3		0.963082
486.4		0.963082
486.5		0.963082
486.6		0.963082
486.7		0.963082
486.8		0.963082
486.9		0.963082
487		0.963082
487.1		0.964954
487.2		0.964954
487.3		0.964954
487.4		0.964954
487.5		0.964954
487.6		0.964954
487.7		0.964954
487.8		0.964954
487.9		0.964954
488		0.964954
488.1		0.966202
488.2		0.966202
488.3		0.966202
488.4		0.966202
488.5		0.966202
488.6		0.966202
488.7		0.966202
488.8		0.966202
488.9		0.966202
489		0.966202
489.1		0.969114
489.2		0.969114
489.3		0.969114
489.4		0.969114
489.5		0.969114
489.6		0.969114
489.7		0.969114
489.8		0.969114
489.9		0.969114
490		0.969114
490.1		0.971714
490.2		0.971714
490.3		0.971714
490.4		0.971714
490.5		0.971714
490.6		0.971714
490.7		0.971714
490.8		0.971714
490.9		0.971714
491		0.971714
491.1		0.972962
491.2		0.972962
491.3		0.972962
491.4		0.972962
491.5		0.972962
491.6		0.972962
491.7		0.972962
491.8		0.972962
491.9		0.972962
492		0.972962
492.1		0.975666
492.2		0.975666
492.3		0.975666
492.4		0.975666
492.5		0.975666
492.6		0.975666
492.7		0.975666
492.8		0.975666
492.9		0.975666
493		0.975666
493.1		0.978889
493.2		0.978889
493.3		0.978889
493.4		0.978889
493.5		0.978889
493.6		0.978889
493.7		0.978889
493.8		0.978889
493.9		0.978889
494		0.978889
494.1		0.980345
494.2		0.980345
494.3		0.980345
494.4		0.980345
494.5		0.980345
494.6		0.980345
494.7		0.980345
494.8		0.980345
494.9		0.980345
495		0.980345
495.1		0.983153
495.2		0.983153
495.3		0.983153
495.4		0.983153
495.5		0.983153
495.6		0.983153
495.7		0.983153
495.8		0.983153
495.9		0.983153
496		0.983153
496.1		0.986065
496.2		0.986065
496.3		0.986065
496.4		0.986065
496.5		0.986065
496.6		0.986065
496.7		0.986065
496.8		0.986065
496.9		0.986065
497		0.986065
497.1		0.986481
497.2		0.986481
497.3		0.986481
497.4		0.986481
497.5		0.986481
497.6		0.986481
497.7		0.986481
497.8		0.986481
497.9		0.986481
498		0.986481
498.1		0.987833
498.2		0.987833
498.3		0.987833
498.4		0.987833
498.5		0.987833
498.6		0.987833
498.7		0.987833
498.8		0.987833
498.9		0.987833
499		0.987833
499.1		0.990745
499.2		0.990745
499.3		0.990745
499.4		0.990745
499.5		0.990745
499.6		0.990745
499.7		0.990745
499.8		0.990745
499.9		0.990745
500		0.990745
500.1		0.99324
500.2		0.99324
500.3		0.99324
500.4		0.99324
500.5		0.99324
500.6		0.99324
500.7		0.99324
500.8		0.99324
500.9		0.99324
501		0.99324
501.1		0.995008
501.2		0.995008
501.3		0.995008
501.4		0.995008
501.5		0.995008
501.6		0.995008
501.7		0.995008
501.8		0.995008
501.9		0.995008
502		0.995008
502.1		0.99636
502.2		0.99636
502.3		0.99636
502.4		0.99636
502.5		0.99636
502.6		0.99636
502.7		0.99636
502.8		0.99636
502.9		0.99636
503		0.99636
503.1		0.998544
503.2		0.998544
503.3		0.998544
503.4		0.998544
503.5		0.998544
503.6		0.998544
503.7		0.998544
503.8		0.998544
503.9		0.998544
504		0.998544
504.1		1
504.2		1
504.3		1
504.4		1
504.5		1
504.6		1
504.7		1
504.8		1
504.9		1
505		1
505.1		1
505.2		1
505.3		1
505.4		1
505.5		1
505.6		1
505.7		1
505.8		1
505.9		1
506		1
506.1		1
506.2		1
506.3		1
506.4		1
506.5		1
506.6		1
506.7		1
506.8		1
506.9		1
507		1
507.1		1
507.2		1
507.3		1
507.4		1
507.5		1
507.6		1
507.7		1
507.8		1
507.9		1
508		1
508.1		1
508.2		1
508.3		1
508.4		1
508.5		1
508.6		1
508.7		1
508.8		1
508.9		1
509		1
509.1		1
509.2		1
509.3		1
509.4		1
509.5		1
509.6		1
509.7		1
509.8		1
509.9		1
510		1
510.1		1
510.2		1
510.3		1
510.4		1
510.5		1
510.6		1
510.7		1
510.8		1
510.9		1
511		1
511.1		1
511.2		1
511.3		1
511.4		1
511.5		1
511.6		1
511.7		1
511.8		1
511.9		1
512		1
512.1		1
512.2		1
512.3		1
512.4		1
512.5		1
512.6		1
512.7		1
512.8		1
512.9		1
513		1
513.1		1
513.2		1
513.3		1
513.4		1
513.5		1
513.6		1
513.7		1
513.8		1
513.9		1
514		1
514.1		1
514.2		1
514.3		1
514.4		1
514.5		1
514.6		1
514.7		1
514.8		1
514.9		1
515		1
515.1		1
515.2		1
515.3		1
515.4		1
515.5		1
515.6		1
515.7		1
515.8		1
515.9		1
516		1
516.1		1
516.2		1
516.3		1
516.4		1
516.5		1
516.6		1
516.7		1
516.8		1
516.9		1
517		1
517.1		1
517.2		1
517.3		1
517.4		1
517.5		1
517.6		1
517.7		1
517.8		1
517.9		1
518		1
518.1		1
518.2		1
518.3		1
518.4		1
518.5		1
518.6		1
518.7		1
518.8		1
518.9		1
519		1
519.1		1
519.2		1
519.3		1
519.4		1
519.5		1
519.6		1
519.7		1
519.8		1
519.9		1
520		1
520.1		1
520.2		1
520.3		1
520.4		1
520.5		1
520.6		1
520.7		1
520.8		1
520.9		1
521		1
521.1		1
521.2		1
521.3		1
521.4		1
521.5		1
521.6		1
521.7		1
521.8		1
521.9		1
522		1
522.1		1
522.2		1
522.3		1
522.4		1
522.5		1
522.6		1
522.7		1
522.8		1
522.9		1
523		1
523.1		1
523.2		1
523.3		1
523.4		1
523.5		1
523.6		1
523.7		1
523.8		1
523.9		1
524		1
524.1		1
524.2		1
524.3		1
524.4		1
524.5		1
524.6		1
524.7		1
524.8		1
524.9		1
525		1
525.1		1
525.2		1
525.3		1
525.4		1
525.5		1
525.6		1
525.7		1
525.8		1
525.9		1
526		1
526.1		1
526.2		1
526.3		1
526.4		1
526.5		1
526.6		1
526.7		1
526.8		1
526.9		1
527		1
527.1		1
527.2		1
527.3		1
527.4		1
527.5		1
527.6		1
527.7		1
527.8		1
527.9		1
528		1
528.1		1
528.2		1
528.3		1
528.4		1
528.5		1
528.6		1
528.7		1
528.8		1
528.9		1
529		1
529.1		1
529.2		1
529.3		1
529.4		1
529.5		1
529.6		1
529.7		1
529.8		1
529.9		1
530		1
530.1		1
530.2		1
530.3		1
530.4		1
530.5		1
530.6		1
530.7		1
530.8		1
530.9		1
531		1
531.1		1
531.2		1
531.3		1
531.4		1
531.5		1
531.6		1
531.7		1
531.8		1
531.9		1
532		1
532.1		1
532.2		1
532.3		1
532.4		1
532.5		1
532.6		1
532.7		1
532.8		1
532.9		1
533		1
533.1		1
533.2		1
533.3		1
533.4		1
533.5		1
533.6		1
533.7		1
533.8		1
533.9		1
534		1
534.1		1
534.2		1
534.3		1
534.4		1
534.5		1
534.6		1
534.7		1
534.8		1
534.9		1
535		1
535.1		1
535.2		1
535.3		1
535.4		1
535.5		1
535.6		1
535.7		1
535.8		1
535.9		1
536		1
536.1		1
536.2		1
536.3		1
536.4		1
536.5		1
536.6		1
536.7		1
536.8		1
536.9		1
537		1
537.1		1
537.2		1
537.3		1
537.4		1
537.5		1
537.6		1
537.7		1
537.8		1
537.9		1
538		1
538.1		1
538.2		1
538.3		1
538.4		1
538.5		1
538.6		1
538.7		1
538.8		1
538.9		1
539		1
539.1		1
539.2		1
539.3		1
539.4		1
539.5		1
539.6		1
539.7		1
539.8		1
539.9		1
540		1
540.1		1
540.2		1
540.3		1
540.4		1
540.5		1
540.6		1
540.7		1
540.8		1
540.9		1
541		1
541.1		1
541.2		1
541.3		1
541.4		1
541.5		1
541.6		1
541.7		1
541.8		1
541.9		1
542		1
542.1		1
542.2		1
542.3		1
542.4		1
542.5		1
542.6		1
542.7		1
542.8		1
542.9		1
543		1
543.1		1
543.2		1
543.3		1
543.4		1
543.5		1
543.6		1
543.7		1
543.8		1
543.9		1
544		1
544.1		1
544.2		1
544.3		1
544.4		1
544.5		1
544.6		1
544.7		1
544.8		1
544.9		1
545		1
545.1		1
545.2		1
545.3		1
545.4		1
545.5		1
545.6		1
545.7		1
545.8		1
545.9		1
546		1
546.1		1
546.2		1
546.3		1
546.4		1
546.5		1
546.6		1
546.7		1
546.8		1
546.9		1
547		1
547.1		1
547.2		1
547.3		1
547.4		1
547.5		1
547.6		1
547.7		1
547.8		1
547.9		1
548		1
548.1		1
548.2		1
548.3		1
548.4		1
548.5		1
548.6		1
548.7		1
548.8		1
548.9		1
549		1
549.1		1
549.2		1
549.3		1
549.4		1
549.5		1
549.6		1
549.7		1
549.8		1
549.9		1
550		1
550.1		1
550.2		1
550.3		1
550.4		1
550.5		1
550.6		1
550.7		1
550.8		1
550.9		1
551		1
551.1		1
551.2		1
551.3		1
551.4		1
551.5		1
551.6		1
551.7		1
551.8		1
551.9		1
552		1
552.1		1
552.2		1
552.3		1
552.4		1
552.5		1
552.6		1
552.7		1
552.8		1
552.9		1
553		1
553.1		1
553.2		1
553.3		1
553.4		1
553.5		1
553.6		1
553.7		1
553.8		1
553.9		1
554		1
554.1		1
554.2		1
554.3		1
554.4		1
554.5		1
554.6		1
554.7		1
554.8		1
554.9		1
555		1
555.1		1
555.2		1
555.3		1
555.4		1
555.5		1
555.6		1
555.7		1
555.8		1
555.9		1
556		1
556.1		1
556.2		1
556.3		1
556.4		1
556.5		1
556.6		1
556.7		1
556.8		1
556.9		1
557		1
557.1		1
557.2		1
557.3		1
557.4		1
557.5		1
557.6		1
557.7		1
557.8		1
557.9		1
558		1
558.1		1
558.2		1
558.3		1
558.4		1
558.5		1
558.6		1
558.7		1
558.8		1
558.9		1
559		1
559.1		1
559.2		1
559.3		1
559.4		1
559.5		1
559.6		1
559.7		1
559.8		1
559.9		1
560		1
560.1		1
560.2		1
560.3		1
560.4		1
560.5		1
560.6		1
560.7		1
560.8		1
560.9		1
561		1
561.1		1
561.2		1
561.3		1
561.4		1
561.5		1
561.6		1
561.7		1
561.8		1
561.9		1
562		1
562.1		1
562.2		1
562.3		1
562.4		1
562.5		1
562.6		1
562.7		1
562.8		1
562.9		1
563		1
563.1		1
563.2		1
563.3		1
563.4		1
563.5		1
563.6		1
563.7		1
563.8		1
563.9		1
564		1
564.1		1
564.2		1
564.3		1
564.4		1
564.5		1
564.6		1
564.7		1
564.8		1
564.9		1
565		1
565.1		1
565.2		1
565.3		1
565.4		1
565.5		1
565.6		1
565.7		1
565.8		1
565.9		1
566		1
566.1		1
566.2		1
566.3		1
566.4		1
566.5		1
566.6		1
566.7		1
566.8		1
566.9		1
567		1
567.1		1
567.2		1
567.3		1
567.4		1
567.5		1
567.6		1
567.7		1
567.8		1
567.9		1
568		1
568.1		1
568.2		1
568.3		1
568.4		1
568.5		1
568.6		1
568.7		1
568.8		1
568.9		1
569		1
569.1		1
569.2		1
569.3		1
569.4		1
569.5		1
569.6		1
569.7		1
569.8		1
569.9		1
570		1
570.1		1
570.2		1
570.3		1
570.4		1
570.5		1
570.6		1
570.7		1
570.8		1
570.9		1
571		1
571.1		1
571.2		1
571.3		1
571.4		1
571.5		1
571.6		1
571.7		1
571.8		1
571.9		1
572		1
572.1		1
572.2		1
572.3		1
572.4		1
572.5		1
572.6		1
572.7		1
572.8		1
572.9		1
573		1
573.1		1
573.2		1
573.3		1
573.4		1
573.5		1
573.6		1
573.7		1
573.8		1
573.9		1
574		1
574.1		1
574.2		1
574.3		1
574.4		1
574.5		1
574.6		1
574.7		1
574.8		1
574.9		1
575		1
575.1		1
575.2		1
575.3		1
575.4		1
575.5		1
575.6		1
575.7		1
575.8		1
575.9		1
576		1
576.1		1
576.2		1
576.3		1
576.4		1
576.5		1
576.6		1
576.7		1
576.8		1
576.9		1
577		1
577.1		1
577.2		1
577.3		1
577.4		1
577.5		1
577.6		1
577.7		1
577.8		1
577.9		1
578		1
578.1		1
578.2		1
578.3		1
578.4		1
578.5		1
578.6		1
578.7		1
578.8		1
578.9		1
579		1
579.1		1
579.2		1
579.3		1
579.4		1
579.5		1
579.6		1
579.7		1
579.8		1
579.9		1
580		1
580.1		1
580.2		1
580.3		1
580.4		1
580.5		1
580.6		1
580.7		1
580.8		1
580.9		1
581		1
581.1		1
581.2		1
581.3		1
581.4		1
581.5		1
581.6		1
581.7		1
581.8		1
581.9		1
582		1
582.1		1
582.2		1
582.3		1
582.4		1
582.5		1
582.6		1
582.7		1
582.8		1
582.9		1
583		1
583.1		1
583.2		1
583.3		1
583.4		1
583.5		1
583.6		1
583.7		1
583.8		1
583.9		1
584		1
584.1		1
584.2		1
584.3		1
584.4		1
584.5		1
584.6		1
584.7		1
584.8		1
584.9		1
585		1
585.1		1
585.2		1
585.3		1
585.4		1
585.5		1
585.6		1
585.7		1
585.8		1
585.9		1
586		1
586.1		1
586.2		1
586.3		1
586.4		1
586.5		1
586.6		1
586.7		1
586.8		1
586.9		1
587		1
587.1		1
587.2		1
587.3		1
587.4		1
587.5		1
587.6		1
587.7		1
587.8		1
587.9		1
588		1
588.1		1
588.2		1
588.3		1
588.4		1
588.5		1
588.6		1
588.7		1
588.8		1
588.9		1
589		1
589.1		1
589.2		1
589.3		1
589.4		1
589.5		1
589.6		1
589.7		1
589.8		1
589.9		1
590		1
590.1		1
590.2		1
590.3		1
590.4		1
590.5		1
590.6		1
590.7		1
590.8		1
590.9		1
591		1
591.1		1
591.2		1
591.3		1
591.4		1
591.5		1
591.6		1
591.7		1
591.8		1
591.9		1
592		1
592.1		1
592.2		1
592.3		1
592.4		1
592.5		1
592.6		1
592.7		1
592.8		1
592.9		1
593		1
593.1		1
593.2		1
593.3		1
593.4		1
593.5		1
593.6		1
593.7		1
593.8		1
593.9		1
594		1
594.1		1
594.2		1
594.3		1
594.4		1
594.5		1
594.6		1
594.7		1
594.8		1
594.9		1
595		1
595.1		1
595.2		1
595.3		1
595.4		1
595.5		1
595.6		1
595.7		1
595.8		1
595.9		1
596		1
596.1		1
596.2		1
596.3		1
596.4		1
596.5		1
596.6		1
596.7		1
596.8		1
596.9		1
597		1
597.1		1
597.2		1
597.3		1
597.4		1
597.5		1
597.6		1
597.7		1
597.8		1
597.9		1
598		1
598.1		1
598.2		1
598.3		1
598.4		1
598.5		1
598.6		1
598.7		1
598.8		1
598.9		1
599		1
599.1		1
599.2		1
599.3		1
599.4		1
599.5		1
599.6		1
599.7		1
599.8		1
599.9		1
600		1
