# Calibration file of tamex_id 0 @ channel 17
# fine_T bin		 Calibration value
0.1		0
0.2		0
0.3		0
0.4		0
0.5		0
0.6		0
0.7		0
0.8		0
0.9		0
1		0
1.1		0
1.2		0
1.3		0
1.4		0
1.5		0
1.6		0
1.7		0
1.8		0
1.9		0
2		0
2.1		0
2.2		0
2.3		0
2.4		0
2.5		0
2.6		0
2.7		0
2.8		0
2.9		0
3		0
3.1		0
3.2		0
3.3		0
3.4		0
3.5		0
3.6		0
3.7		0
3.8		0
3.9		0
4		0
4.1		0
4.2		0
4.3		0
4.4		0
4.5		0
4.6		0
4.7		0
4.8		0
4.9		0
5		0
5.1		0
5.2		0
5.3		0
5.4		0
5.5		0
5.6		0
5.7		0
5.8		0
5.9		0
6		0
6.1		0
6.2		0
6.3		0
6.4		0
6.5		0
6.6		0
6.7		0
6.8		0
6.9		0
7		0
7.1		0
7.2		0
7.3		0
7.4		0
7.5		0
7.6		0
7.7		0
7.8		0
7.9		0
8		0
8.1		0
8.2		0
8.3		0
8.4		0
8.5		0
8.6		0
8.7		0
8.8		0
8.9		0
9		0
9.1		0
9.2		0
9.3		0
9.4		0
9.5		0
9.6		0
9.7		0
9.8		0
9.9		0
10		0
10.1		0
10.2		0
10.3		0
10.4		0
10.5		0
10.6		0
10.7		0
10.8		0
10.9		0
11		0
11.1		0
11.2		0
11.3		0
11.4		0
11.5		0
11.6		0
11.7		0
11.8		0
11.9		0
12		0
12.1		0
12.2		0
12.3		0
12.4		0
12.5		0
12.6		0
12.7		0
12.8		0
12.9		0
13		0
13.1		0
13.2		0
13.3		0
13.4		0
13.5		0
13.6		0
13.7		0
13.8		0
13.9		0
14		0
14.1		0
14.2		0
14.3		0
14.4		0
14.5		0
14.6		0
14.7		0
14.8		0
14.9		0
15		0
15.1		0
15.2		0
15.3		0
15.4		0
15.5		0
15.6		0
15.7		0
15.8		0
15.9		0
16		0
16.1		0
16.2		0
16.3		0
16.4		0
16.5		0
16.6		0
16.7		0
16.8		0
16.9		0
17		0
17.1		0.0102236
17.2		0.0102236
17.3		0.0102236
17.4		0.0102236
17.5		0.0102236
17.6		0.0102236
17.7		0.0102236
17.8		0.0102236
17.9		0.0102236
18		0.0102236
18.1		0.0106192
18.2		0.0106192
18.3		0.0106192
18.4		0.0106192
18.5		0.0106192
18.6		0.0106192
18.7		0.0106192
18.8		0.0106192
18.9		0.0106192
19		0.0106192
19.1		0.0118059
19.2		0.0118059
19.3		0.0118059
19.4		0.0118059
19.5		0.0118059
19.6		0.0118059
19.7		0.0118059
19.8		0.0118059
19.9		0.0118059
20		0.0118059
20.1		0.0164613
20.2		0.0164613
20.3		0.0164613
20.4		0.0164613
20.5		0.0164613
20.6		0.0164613
20.7		0.0164613
20.8		0.0164613
20.9		0.0164613
21		0.0164613
21.1		0.0187433
21.2		0.0187433
21.3		0.0187433
21.4		0.0187433
21.5		0.0187433
21.6		0.0187433
21.7		0.0187433
21.8		0.0187433
21.9		0.0187433
22		0.0187433
22.1		0.0192606
22.2		0.0192606
22.3		0.0192606
22.4		0.0192606
22.5		0.0192606
22.6		0.0192606
22.7		0.0192606
22.8		0.0192606
22.9		0.0192606
23		0.0192606
23.1		0.0198083
23.2		0.0198083
23.3		0.0198083
23.4		0.0198083
23.5		0.0198083
23.6		0.0198083
23.7		0.0198083
23.8		0.0198083
23.9		0.0198083
24		0.0198083
24.1		0.0252853
24.2		0.0252853
24.3		0.0252853
24.4		0.0252853
24.5		0.0252853
24.6		0.0252853
24.7		0.0252853
24.8		0.0252853
24.9		0.0252853
25		0.0252853
25.1		0.0280542
25.2		0.0280542
25.3		0.0280542
25.4		0.0280542
25.5		0.0280542
25.6		0.0280542
25.7		0.0280542
25.8		0.0280542
25.9		0.0280542
26		0.0280542
26.1		0.0289061
26.2		0.0289061
26.3		0.0289061
26.4		0.0289061
26.5		0.0289061
26.6		0.0289061
26.7		0.0289061
26.8		0.0289061
26.9		0.0289061
27		0.0289061
27.1		0.0305492
27.2		0.0305492
27.3		0.0305492
27.4		0.0305492
27.5		0.0305492
27.6		0.0305492
27.7		0.0305492
27.8		0.0305492
27.9		0.0305492
28		0.0305492
28.1		0.0363609
28.2		0.0363609
28.3		0.0363609
28.4		0.0363609
28.5		0.0363609
28.6		0.0363609
28.7		0.0363609
28.8		0.0363609
28.9		0.0363609
29		0.0363609
29.1		0.0374867
29.2		0.0374867
29.3		0.0374867
29.4		0.0374867
29.5		0.0374867
29.6		0.0374867
29.7		0.0374867
29.8		0.0374867
29.9		0.0374867
30		0.0374867
30.1		0.0391602
30.2		0.0391602
30.3		0.0391602
30.4		0.0391602
30.5		0.0391602
30.6		0.0391602
30.7		0.0391602
30.8		0.0391602
30.9		0.0391602
31		0.0391602
31.1		0.0404077
31.2		0.0404077
31.3		0.0404077
31.4		0.0404077
31.5		0.0404077
31.6		0.0404077
31.7		0.0404077
31.8		0.0404077
31.9		0.0404077
32		0.0404077
32.1		0.0433896
32.2		0.0433896
32.3		0.0433896
32.4		0.0433896
32.5		0.0433896
32.6		0.0433896
32.7		0.0433896
32.8		0.0433896
32.9		0.0433896
33		0.0433896
33.1		0.0463715
33.2		0.0463715
33.3		0.0463715
33.4		0.0463715
33.5		0.0463715
33.6		0.0463715
33.7		0.0463715
33.8		0.0463715
33.9		0.0463715
34		0.0463715
34.1		0.0471322
34.2		0.0471322
34.3		0.0471322
34.4		0.0471322
34.5		0.0471322
34.6		0.0471322
34.7		0.0471322
34.8		0.0471322
34.9		0.0471322
35		0.0471322
35.1		0.0495968
35.2		0.0495968
35.3		0.0495968
35.4		0.0495968
35.5		0.0495968
35.6		0.0495968
35.7		0.0495968
35.8		0.0495968
35.9		0.0495968
36		0.0495968
36.1		0.0500532
36.2		0.0500532
36.3		0.0500532
36.4		0.0500532
36.5		0.0500532
36.6		0.0500532
36.7		0.0500532
36.8		0.0500532
36.9		0.0500532
37		0.0500532
37.1		0.0561996
37.2		0.0561996
37.3		0.0561996
37.4		0.0561996
37.5		0.0561996
37.6		0.0561996
37.7		0.0561996
37.8		0.0561996
37.9		0.0561996
38		0.0561996
38.1		0.0566256
38.2		0.0566256
38.3		0.0566256
38.4		0.0566256
38.5		0.0566256
38.6		0.0566256
38.7		0.0566256
38.8		0.0566256
38.9		0.0566256
39		0.0566256
39.1		0.057934
39.2		0.057934
39.3		0.057934
39.4		0.057934
39.5		0.057934
39.6		0.057934
39.7		0.057934
39.8		0.057934
39.9		0.057934
40		0.057934
40.1		0.0584817
40.2		0.0584817
40.3		0.0584817
40.4		0.0584817
40.5		0.0584817
40.6		0.0584817
40.7		0.0584817
40.8		0.0584817
40.9		0.0584817
41		0.0584817
41.1		0.0591206
41.2		0.0591206
41.3		0.0591206
41.4		0.0591206
41.5		0.0591206
41.6		0.0591206
41.7		0.0591206
41.8		0.0591206
41.9		0.0591206
42		0.0591206
42.1		0.0637152
42.2		0.0637152
42.3		0.0637152
42.4		0.0637152
42.5		0.0637152
42.6		0.0637152
42.7		0.0637152
42.8		0.0637152
42.9		0.0637152
43		0.0637152
43.1		0.0666971
43.2		0.0666971
43.3		0.0666971
43.4		0.0666971
43.5		0.0666971
43.6		0.0666971
43.7		0.0666971
43.8		0.0666971
43.9		0.0666971
44		0.0666971
44.1		0.0667884
44.2		0.0667884
44.3		0.0667884
44.4		0.0667884
44.5		0.0667884
44.6		0.0667884
44.7		0.0667884
44.8		0.0667884
44.9		0.0667884
45		0.0667884
45.1		0.0680359
45.2		0.0680359
45.3		0.0680359
45.4		0.0680359
45.5		0.0680359
45.6		0.0680359
45.7		0.0680359
45.8		0.0680359
45.9		0.0680359
46		0.0680359
46.1		0.0726913
46.2		0.0726913
46.3		0.0726913
46.4		0.0726913
46.5		0.0726913
46.6		0.0726913
46.7		0.0726913
46.8		0.0726913
46.9		0.0726913
47		0.0726913
47.1		0.0738171
47.2		0.0738171
47.3		0.0738171
47.4		0.0738171
47.5		0.0738171
47.6		0.0738171
47.7		0.0738171
47.8		0.0738171
47.9		0.0738171
48		0.0738171
48.1		0.074304
48.2		0.074304
48.3		0.074304
48.4		0.074304
48.5		0.074304
48.6		0.074304
48.7		0.074304
48.8		0.074304
48.9		0.074304
49		0.074304
49.1		0.0757645
49.2		0.0757645
49.3		0.0757645
49.4		0.0757645
49.5		0.0757645
49.6		0.0757645
49.7		0.0757645
49.8		0.0757645
49.9		0.0757645
50		0.0757645
50.1		0.0776206
50.2		0.0776206
50.3		0.0776206
50.4		0.0776206
50.5		0.0776206
50.6		0.0776206
50.7		0.0776206
50.8		0.0776206
50.9		0.0776206
51		0.0776206
51.1		0.0820326
51.2		0.0820326
51.3		0.0820326
51.4		0.0820326
51.5		0.0820326
51.6		0.0820326
51.7		0.0820326
51.8		0.0820326
51.9		0.0820326
52		0.0820326
52.1		0.0827324
52.2		0.0827324
52.3		0.0827324
52.4		0.0827324
52.5		0.0827324
52.6		0.0827324
52.7		0.0827324
52.8		0.0827324
52.9		0.0827324
53		0.0827324
53.1		0.0853796
53.2		0.0853796
53.3		0.0853796
53.4		0.0853796
53.5		0.0853796
53.6		0.0853796
53.7		0.0853796
53.8		0.0853796
53.9		0.0853796
54		0.0853796
54.1		0.0883006
54.2		0.0883006
54.3		0.0883006
54.4		0.0883006
54.5		0.0883006
54.6		0.0883006
54.7		0.0883006
54.8		0.0883006
54.9		0.0883006
55		0.0883006
55.1		0.0909478
55.2		0.0909478
55.3		0.0909478
55.4		0.0909478
55.5		0.0909478
55.6		0.0909478
55.7		0.0909478
55.8		0.0909478
55.9		0.0909478
56		0.0909478
56.1		0.0933516
56.2		0.0933516
56.3		0.0933516
56.4		0.0933516
56.5		0.0933516
56.6		0.0933516
56.7		0.0933516
56.8		0.0933516
56.9		0.0933516
57		0.0933516
57.1		0.0956337
57.2		0.0956337
57.3		0.0956337
57.4		0.0956337
57.5		0.0956337
57.6		0.0956337
57.7		0.0956337
57.8		0.0956337
57.9		0.0956337
58		0.0956337
58.1		0.0957554
58.2		0.0957554
58.3		0.0957554
58.4		0.0957554
58.5		0.0957554
58.6		0.0957554
58.7		0.0957554
58.8		0.0957554
58.9		0.0957554
59		0.0957554
59.1		0.0999239
59.2		0.0999239
59.3		0.0999239
59.4		0.0999239
59.5		0.0999239
59.6		0.0999239
59.7		0.0999239
59.8		0.0999239
59.9		0.0999239
60		0.0999239
60.1		0.100076
60.2		0.100076
60.3		0.100076
60.4		0.100076
60.5		0.100076
60.6		0.100076
60.7		0.100076
60.8		0.100076
60.9		0.100076
61		0.100076
61.1		0.103514
61.2		0.103514
61.3		0.103514
61.4		0.103514
61.5		0.103514
61.6		0.103514
61.7		0.103514
61.8		0.103514
61.9		0.103514
62		0.103514
62.1		0.103667
62.2		0.103667
62.3		0.103667
62.4		0.103667
62.5		0.103667
62.6		0.103667
62.7		0.103667
62.8		0.103667
62.9		0.103667
63		0.103667
63.1		0.107561
63.2		0.107561
63.3		0.107561
63.4		0.107561
63.5		0.107561
63.6		0.107561
63.7		0.107561
63.8		0.107561
63.9		0.107561
64		0.107561
64.1		0.108961
64.2		0.108961
64.3		0.108961
64.4		0.108961
64.5		0.108961
64.6		0.108961
64.7		0.108961
64.8		0.108961
64.9		0.108961
65		0.108961
65.1		0.110208
65.2		0.110208
65.3		0.110208
65.4		0.110208
65.5		0.110208
65.6		0.110208
65.7		0.110208
65.8		0.110208
65.9		0.110208
66		0.110208
66.1		0.11033
66.2		0.11033
66.3		0.11033
66.4		0.11033
66.5		0.11033
66.6		0.11033
66.7		0.11033
66.8		0.11033
66.9		0.11033
67		0.11033
67.1		0.113282
67.2		0.113282
67.3		0.113282
67.4		0.113282
67.5		0.113282
67.6		0.113282
67.7		0.113282
67.8		0.113282
67.9		0.113282
68		0.113282
68.1		0.11958
68.2		0.11958
68.3		0.11958
68.4		0.11958
68.5		0.11958
68.6		0.11958
68.7		0.11958
68.8		0.11958
68.9		0.11958
69		0.11958
69.1		0.119702
69.2		0.119702
69.3		0.119702
69.4		0.119702
69.5		0.119702
69.6		0.119702
69.7		0.119702
69.8		0.119702
69.9		0.119702
70		0.119702
70.1		0.119854
70.2		0.119854
70.3		0.119854
70.4		0.119854
70.5		0.119854
70.6		0.119854
70.7		0.119854
70.8		0.119854
70.9		0.119854
71		0.119854
71.1		0.121041
71.2		0.121041
71.3		0.121041
71.4		0.121041
71.5		0.121041
71.6		0.121041
71.7		0.121041
71.8		0.121041
71.9		0.121041
72		0.121041
72.1		0.126761
72.2		0.126761
72.3		0.126761
72.4		0.126761
72.5		0.126761
72.6		0.126761
72.7		0.126761
72.8		0.126761
72.9		0.126761
73		0.126761
73.1		0.130473
73.2		0.130473
73.3		0.130473
73.4		0.130473
73.5		0.130473
73.6		0.130473
73.7		0.130473
73.8		0.130473
73.9		0.130473
74		0.130473
74.1		0.130777
74.2		0.130777
74.3		0.130777
74.4		0.130777
74.5		0.130777
74.6		0.130777
74.7		0.130777
74.8		0.130777
74.9		0.130777
75		0.130777
75.1		0.131234
75.2		0.131234
75.3		0.131234
75.4		0.131234
75.5		0.131234
75.6		0.131234
75.7		0.131234
75.8		0.131234
75.9		0.131234
76		0.131234
76.1		0.134368
76.2		0.134368
76.3		0.134368
76.4		0.134368
76.5		0.134368
76.6		0.134368
76.7		0.134368
76.8		0.134368
76.9		0.134368
77		0.134368
77.1		0.13595
77.2		0.13595
77.3		0.13595
77.4		0.13595
77.5		0.13595
77.6		0.13595
77.7		0.13595
77.8		0.13595
77.9		0.13595
78		0.13595
78.1		0.137015
78.2		0.137015
78.3		0.137015
78.4		0.137015
78.5		0.137015
78.6		0.137015
78.7		0.137015
78.8		0.137015
78.9		0.137015
79		0.137015
79.1		0.138962
79.2		0.138962
79.3		0.138962
79.4		0.138962
79.5		0.138962
79.6		0.138962
79.7		0.138962
79.8		0.138962
79.9		0.138962
80		0.138962
80.1		0.14304
80.2		0.14304
80.3		0.14304
80.4		0.14304
80.5		0.14304
80.6		0.14304
80.7		0.14304
80.8		0.14304
80.9		0.14304
81		0.14304
81.1		0.144074
81.2		0.144074
81.3		0.144074
81.4		0.144074
81.5		0.144074
81.6		0.144074
81.7		0.144074
81.8		0.144074
81.9		0.144074
82		0.144074
82.1		0.144592
82.2		0.144592
82.3		0.144592
82.4		0.144592
82.5		0.144592
82.6		0.144592
82.7		0.144592
82.8		0.144592
82.9		0.144592
83		0.144592
83.1		0.146022
83.2		0.146022
83.3		0.146022
83.4		0.146022
83.5		0.146022
83.6		0.146022
83.7		0.146022
83.8		0.146022
83.9		0.146022
84		0.146022
84.1		0.149277
84.2		0.149277
84.3		0.149277
84.4		0.149277
84.5		0.149277
84.6		0.149277
84.7		0.149277
84.8		0.149277
84.9		0.149277
85		0.149277
85.1		0.151833
85.2		0.151833
85.3		0.151833
85.4		0.151833
85.5		0.151833
85.6		0.151833
85.7		0.151833
85.8		0.151833
85.9		0.151833
86		0.151833
86.1		0.152868
86.2		0.152868
86.3		0.152868
86.4		0.152868
86.5		0.152868
86.6		0.152868
86.7		0.152868
86.8		0.152868
86.9		0.152868
87		0.152868
87.1		0.153142
87.2		0.153142
87.3		0.153142
87.4		0.153142
87.5		0.153142
87.6		0.153142
87.7		0.153142
87.8		0.153142
87.9		0.153142
88		0.153142
88.1		0.159349
88.2		0.159349
88.3		0.159349
88.4		0.159349
88.5		0.159349
88.6		0.159349
88.7		0.159349
88.8		0.159349
88.9		0.159349
89		0.159349
89.1		0.160353
89.2		0.160353
89.3		0.160353
89.4		0.160353
89.5		0.160353
89.6		0.160353
89.7		0.160353
89.8		0.160353
89.9		0.160353
90		0.160353
90.1		0.160901
90.2		0.160901
90.3		0.160901
90.4		0.160901
90.5		0.160901
90.6		0.160901
90.7		0.160901
90.8		0.160901
90.9		0.160901
91		0.160901
91.1		0.164309
91.2		0.164309
91.3		0.164309
91.4		0.164309
91.5		0.164309
91.6		0.164309
91.7		0.164309
91.8		0.164309
91.9		0.164309
92		0.164309
92.1		0.166651
92.2		0.166651
92.3		0.166651
92.4		0.166651
92.5		0.166651
92.6		0.166651
92.7		0.166651
92.8		0.166651
92.9		0.166651
93		0.166651
93.1		0.169481
93.2		0.169481
93.3		0.169481
93.4		0.169481
93.5		0.169481
93.6		0.169481
93.7		0.169481
93.8		0.169481
93.9		0.169481
94		0.169481
94.1		0.17009
94.2		0.17009
94.3		0.17009
94.4		0.17009
94.5		0.17009
94.6		0.17009
94.7		0.17009
94.8		0.17009
94.9		0.17009
95		0.17009
95.1		0.171063
95.2		0.171063
95.3		0.171063
95.4		0.171063
95.5		0.171063
95.6		0.171063
95.7		0.171063
95.8		0.171063
95.9		0.171063
96		0.171063
96.1		0.171855
96.2		0.171855
96.3		0.171855
96.4		0.171855
96.5		0.171855
96.6		0.171855
96.7		0.171855
96.8		0.171855
96.9		0.171855
97		0.171855
97.1		0.178762
97.2		0.178762
97.3		0.178762
97.4		0.178762
97.5		0.178762
97.6		0.178762
97.7		0.178762
97.8		0.178762
97.9		0.178762
98		0.178762
98.1		0.180983
98.2		0.180983
98.3		0.180983
98.4		0.180983
98.5		0.180983
98.6		0.180983
98.7		0.180983
98.8		0.180983
98.9		0.180983
99		0.180983
99.1		0.181409
99.2		0.181409
99.3		0.181409
99.4		0.181409
99.5		0.181409
99.6		0.181409
99.7		0.181409
99.8		0.181409
99.9		0.181409
100		0.181409
100.1		0.182748
100.2		0.182748
100.3		0.182748
100.4		0.182748
100.5		0.182748
100.6		0.182748
100.7		0.182748
100.8		0.182748
100.9		0.182748
101		0.182748
101.1		0.182839
101.2		0.182839
101.3		0.182839
101.4		0.182839
101.5		0.182839
101.6		0.182839
101.7		0.182839
101.8		0.182839
101.9		0.182839
102		0.182839
102.1		0.188529
102.2		0.188529
102.3		0.188529
102.4		0.188529
102.5		0.188529
102.6		0.188529
102.7		0.188529
102.8		0.188529
102.9		0.188529
103		0.188529
103.1		0.189259
103.2		0.189259
103.3		0.189259
103.4		0.189259
103.5		0.189259
103.6		0.189259
103.7		0.189259
103.8		0.189259
103.9		0.189259
104		0.189259
104.1		0.192363
104.2		0.192363
104.3		0.192363
104.4		0.192363
104.5		0.192363
104.6		0.192363
104.7		0.192363
104.8		0.192363
104.9		0.192363
105		0.192363
105.1		0.193276
105.2		0.193276
105.3		0.193276
105.4		0.193276
105.5		0.193276
105.6		0.193276
105.7		0.193276
105.8		0.193276
105.9		0.193276
106		0.193276
106.1		0.1986
106.2		0.1986
106.3		0.1986
106.4		0.1986
106.5		0.1986
106.6		0.1986
106.7		0.1986
106.8		0.1986
106.9		0.1986
107		0.1986
107.1		0.200122
107.2		0.200122
107.3		0.200122
107.4		0.200122
107.5		0.200122
107.6		0.200122
107.7		0.200122
107.8		0.200122
107.9		0.200122
108		0.200122
108.1		0.200882
108.2		0.200882
108.3		0.200882
108.4		0.200882
108.5		0.200882
108.6		0.200882
108.7		0.200882
108.8		0.200882
108.9		0.200882
109		0.200882
109.1		0.201613
109.2		0.201613
109.3		0.201613
109.4		0.201613
109.5		0.201613
109.6		0.201613
109.7		0.201613
109.8		0.201613
109.9		0.201613
110		0.201613
110.1		0.207698
110.2		0.207698
110.3		0.207698
110.4		0.207698
110.5		0.207698
110.6		0.207698
110.7		0.207698
110.8		0.207698
110.9		0.207698
111		0.207698
111.1		0.208033
111.2		0.208033
111.3		0.208033
111.4		0.208033
111.5		0.208033
111.6		0.208033
111.7		0.208033
111.8		0.208033
111.9		0.208033
112		0.208033
112.1		0.209859
112.2		0.209859
112.3		0.209859
112.4		0.209859
112.5		0.209859
112.6		0.209859
112.7		0.209859
112.8		0.209859
112.9		0.209859
113		0.209859
113.1		0.210102
113.2		0.210102
113.3		0.210102
113.4		0.210102
113.5		0.210102
113.6		0.210102
113.7		0.210102
113.8		0.210102
113.9		0.210102
114		0.210102
114.1		0.216826
114.2		0.216826
114.3		0.216826
114.4		0.216826
114.5		0.216826
114.6		0.216826
114.7		0.216826
114.8		0.216826
114.9		0.216826
115		0.216826
115.1		0.217161
115.2		0.217161
115.3		0.217161
115.4		0.217161
115.5		0.217161
115.6		0.217161
115.7		0.217161
115.8		0.217161
115.9		0.217161
116		0.217161
116.1		0.218317
116.2		0.218317
116.3		0.218317
116.4		0.218317
116.5		0.218317
116.6		0.218317
116.7		0.218317
116.8		0.218317
116.9		0.218317
117		0.218317
117.1		0.219139
117.2		0.219139
117.3		0.219139
117.4		0.219139
117.5		0.219139
117.6		0.219139
117.7		0.219139
117.8		0.219139
117.9		0.219139
118		0.219139
118.1		0.225072
118.2		0.225072
118.3		0.225072
118.4		0.225072
118.5		0.225072
118.6		0.225072
118.7		0.225072
118.8		0.225072
118.9		0.225072
119		0.225072
119.1		0.227293
119.2		0.227293
119.3		0.227293
119.4		0.227293
119.5		0.227293
119.6		0.227293
119.7		0.227293
119.8		0.227293
119.9		0.227293
120		0.227293
120.1		0.227902
120.2		0.227902
120.3		0.227902
120.4		0.227902
120.5		0.227902
120.6		0.227902
120.7		0.227902
120.8		0.227902
120.9		0.227902
121		0.227902
121.1		0.228997
121.2		0.228997
121.3		0.228997
121.4		0.228997
121.5		0.228997
121.6		0.228997
121.7		0.228997
121.8		0.228997
121.9		0.228997
122		0.228997
122.1		0.233592
122.2		0.233592
122.3		0.233592
122.4		0.233592
122.5		0.233592
122.6		0.233592
122.7		0.233592
122.8		0.233592
122.9		0.233592
123		0.233592
123.1		0.234048
123.2		0.234048
123.3		0.234048
123.4		0.234048
123.5		0.234048
123.6		0.234048
123.7		0.234048
123.8		0.234048
123.9		0.234048
124		0.234048
124.1		0.235235
124.2		0.235235
124.3		0.235235
124.4		0.235235
124.5		0.235235
124.6		0.235235
124.7		0.235235
124.8		0.235235
124.9		0.235235
125		0.235235
125.1		0.238034
125.2		0.238034
125.3		0.238034
125.4		0.238034
125.5		0.238034
125.6		0.238034
125.7		0.238034
125.8		0.238034
125.9		0.238034
126		0.238034
126.1		0.241138
126.2		0.241138
126.3		0.241138
126.4		0.241138
126.5		0.241138
126.6		0.241138
126.7		0.241138
126.8		0.241138
126.9		0.241138
127		0.241138
127.1		0.241807
127.2		0.241807
127.3		0.241807
127.4		0.241807
127.5		0.241807
127.6		0.241807
127.7		0.241807
127.8		0.241807
127.9		0.241807
128		0.241807
128.1		0.242994
128.2		0.242994
128.3		0.242994
128.4		0.242994
128.5		0.242994
128.6		0.242994
128.7		0.242994
128.8		0.242994
128.9		0.242994
129		0.242994
129.1		0.247163
129.2		0.247163
129.3		0.247163
129.4		0.247163
129.5		0.247163
129.6		0.247163
129.7		0.247163
129.8		0.247163
129.9		0.247163
130		0.247163
130.1		0.247954
130.2		0.247954
130.3		0.247954
130.4		0.247954
130.5		0.247954
130.6		0.247954
130.7		0.247954
130.8		0.247954
130.9		0.247954
131		0.247954
131.1		0.251088
131.2		0.251088
131.3		0.251088
131.4		0.251088
131.5		0.251088
131.6		0.251088
131.7		0.251088
131.8		0.251088
131.9		0.251088
132		0.251088
132.1		0.251392
132.2		0.251392
132.3		0.251392
132.4		0.251392
132.5		0.251392
132.6		0.251392
132.7		0.251392
132.8		0.251392
132.9		0.251392
133		0.251392
133.1		0.252305
133.2		0.252305
133.3		0.252305
133.4		0.252305
133.5		0.252305
133.6		0.252305
133.7		0.252305
133.8		0.252305
133.9		0.252305
134		0.252305
134.1		0.256017
134.2		0.256017
134.3		0.256017
134.4		0.256017
134.5		0.256017
134.6		0.256017
134.7		0.256017
134.8		0.256017
134.9		0.256017
135		0.256017
135.1		0.257691
135.2		0.257691
135.3		0.257691
135.4		0.257691
135.5		0.257691
135.6		0.257691
135.7		0.257691
135.8		0.257691
135.9		0.257691
136		0.257691
136.1		0.259699
136.2		0.259699
136.3		0.259699
136.4		0.259699
136.5		0.259699
136.6		0.259699
136.7		0.259699
136.8		0.259699
136.9		0.259699
137		0.259699
137.1		0.261311
137.2		0.261311
137.3		0.261311
137.4		0.261311
137.5		0.261311
137.6		0.261311
137.7		0.261311
137.8		0.261311
137.9		0.261311
138		0.261311
138.1		0.26265
138.2		0.26265
138.3		0.26265
138.4		0.26265
138.5		0.26265
138.6		0.26265
138.7		0.26265
138.8		0.26265
138.9		0.26265
139		0.26265
139.1		0.266149
139.2		0.266149
139.3		0.266149
139.4		0.266149
139.5		0.266149
139.6		0.266149
139.7		0.266149
139.8		0.266149
139.9		0.266149
140		0.266149
140.1		0.269618
140.2		0.269618
140.3		0.269618
140.4		0.269618
140.5		0.269618
140.6		0.269618
140.7		0.269618
140.8		0.269618
140.9		0.269618
141		0.269618
141.1		0.26977
141.2		0.26977
141.3		0.26977
141.4		0.26977
141.5		0.26977
141.6		0.26977
141.7		0.26977
141.8		0.26977
141.9		0.26977
142		0.26977
142.1		0.27114
142.2		0.27114
142.3		0.27114
142.4		0.27114
142.5		0.27114
142.6		0.27114
142.7		0.27114
142.8		0.27114
142.9		0.27114
143		0.27114
143.1		0.271687
143.2		0.271687
143.3		0.271687
143.4		0.271687
143.5		0.271687
143.6		0.271687
143.7		0.271687
143.8		0.271687
143.9		0.271687
144		0.271687
144.1		0.278777
144.2		0.278777
144.3		0.278777
144.4		0.278777
144.5		0.278777
144.6		0.278777
144.7		0.278777
144.8		0.278777
144.9		0.278777
145		0.278777
145.1		0.278959
145.2		0.278959
145.3		0.278959
145.4		0.278959
145.5		0.278959
145.6		0.278959
145.7		0.278959
145.8		0.278959
145.9		0.278959
146		0.278959
146.1		0.280389
146.2		0.280389
146.3		0.280389
146.4		0.280389
146.5		0.280389
146.6		0.280389
146.7		0.280389
146.8		0.280389
146.9		0.280389
147		0.280389
147.1		0.281302
147.2		0.281302
147.3		0.281302
147.4		0.281302
147.5		0.281302
147.6		0.281302
147.7		0.281302
147.8		0.281302
147.9		0.281302
148		0.281302
148.1		0.28684
148.2		0.28684
148.3		0.28684
148.4		0.28684
148.5		0.28684
148.6		0.28684
148.7		0.28684
148.8		0.28684
148.9		0.28684
149		0.28684
149.1		0.288818
149.2		0.288818
149.3		0.288818
149.4		0.288818
149.5		0.288818
149.6		0.288818
149.7		0.288818
149.8		0.288818
149.9		0.288818
150		0.288818
150.1		0.290096
150.2		0.290096
150.3		0.290096
150.4		0.290096
150.5		0.290096
150.6		0.290096
150.7		0.290096
150.8		0.290096
150.9		0.290096
151		0.290096
151.1		0.290796
151.2		0.290796
151.3		0.290796
151.4		0.290796
151.5		0.290796
151.6		0.290796
151.7		0.290796
151.8		0.290796
151.9		0.290796
152		0.290796
152.1		0.295512
152.2		0.295512
152.3		0.295512
152.4		0.295512
152.5		0.295512
152.6		0.295512
152.7		0.295512
152.8		0.295512
152.9		0.295512
153		0.295512
153.1		0.298007
153.2		0.298007
153.3		0.298007
153.4		0.298007
153.5		0.298007
153.6		0.298007
153.7		0.298007
153.8		0.298007
153.9		0.298007
154		0.298007
154.1		0.29822
154.2		0.29822
154.3		0.29822
154.4		0.29822
154.5		0.29822
154.6		0.29822
154.7		0.29822
154.8		0.29822
154.9		0.29822
155		0.29822
155.1		0.300867
155.2		0.300867
155.3		0.300867
155.4		0.300867
155.5		0.300867
155.6		0.300867
155.7		0.300867
155.8		0.300867
155.9		0.300867
156		0.300867
156.1		0.30248
156.2		0.30248
156.3		0.30248
156.4		0.30248
156.5		0.30248
156.6		0.30248
156.7		0.30248
156.8		0.30248
156.9		0.30248
157		0.30248
157.1		0.307227
157.2		0.307227
157.3		0.307227
157.4		0.307227
157.5		0.307227
157.6		0.307227
157.7		0.307227
157.8		0.307227
157.9		0.307227
158		0.307227
158.1		0.308079
158.2		0.308079
158.3		0.308079
158.4		0.308079
158.5		0.308079
158.6		0.308079
158.7		0.308079
158.8		0.308079
158.9		0.308079
159		0.308079
159.1		0.310939
159.2		0.310939
159.3		0.310939
159.4		0.310939
159.5		0.310939
159.6		0.310939
159.7		0.310939
159.8		0.310939
159.9		0.310939
160		0.310939
160.1		0.31316
160.2		0.31316
160.3		0.31316
160.4		0.31316
160.5		0.31316
160.6		0.31316
160.7		0.31316
160.8		0.31316
160.9		0.31316
161		0.31316
161.1		0.314833
161.2		0.314833
161.3		0.314833
161.4		0.314833
161.5		0.314833
161.6		0.314833
161.7		0.314833
161.8		0.314833
161.9		0.314833
162		0.314833
162.1		0.31675
162.2		0.31675
162.3		0.31675
162.4		0.31675
162.5		0.31675
162.6		0.31675
162.7		0.31675
162.8		0.31675
162.9		0.31675
163		0.31675
163.1		0.319276
163.2		0.319276
163.3		0.319276
163.4		0.319276
163.5		0.319276
163.6		0.319276
163.7		0.319276
163.8		0.319276
163.9		0.319276
164		0.319276
164.1		0.322501
164.2		0.322501
164.3		0.322501
164.4		0.322501
164.5		0.322501
164.6		0.322501
164.7		0.322501
164.8		0.322501
164.9		0.322501
165		0.322501
165.1		0.325179
165.2		0.325179
165.3		0.325179
165.4		0.325179
165.5		0.325179
165.6		0.325179
165.7		0.325179
165.8		0.325179
165.9		0.325179
166		0.325179
166.1		0.325818
166.2		0.325818
166.3		0.325818
166.4		0.325818
166.5		0.325818
166.6		0.325818
166.7		0.325818
166.8		0.325818
166.9		0.325818
167		0.325818
167.1		0.327856
167.2		0.327856
167.3		0.327856
167.4		0.327856
167.5		0.327856
167.6		0.327856
167.7		0.327856
167.8		0.327856
167.9		0.327856
168		0.327856
168.1		0.330808
168.2		0.330808
168.3		0.330808
168.4		0.330808
168.5		0.330808
168.6		0.330808
168.7		0.330808
168.8		0.330808
168.9		0.330808
169		0.330808
169.1		0.33236
169.2		0.33236
169.3		0.33236
169.4		0.33236
169.5		0.33236
169.6		0.33236
169.7		0.33236
169.8		0.33236
169.9		0.33236
170		0.33236
170.1		0.333638
170.2		0.333638
170.3		0.333638
170.4		0.333638
170.5		0.333638
170.6		0.333638
170.7		0.333638
170.8		0.333638
170.9		0.333638
171		0.333638
171.1		0.335524
171.2		0.335524
171.3		0.335524
171.4		0.335524
171.5		0.335524
171.6		0.335524
171.7		0.335524
171.8		0.335524
171.9		0.335524
172		0.335524
172.1		0.339419
172.2		0.339419
172.3		0.339419
172.4		0.339419
172.5		0.339419
172.6		0.339419
172.7		0.339419
172.8		0.339419
172.9		0.339419
173		0.339419
173.1		0.341518
173.2		0.341518
173.3		0.341518
173.4		0.341518
173.5		0.341518
173.6		0.341518
173.7		0.341518
173.8		0.341518
173.9		0.341518
174		0.341518
174.1		0.341975
174.2		0.341975
174.3		0.341975
174.4		0.341975
174.5		0.341975
174.6		0.341975
174.7		0.341975
174.8		0.341975
174.9		0.341975
175		0.341975
175.1		0.347026
175.2		0.347026
175.3		0.347026
175.4		0.347026
175.5		0.347026
175.6		0.347026
175.7		0.347026
175.8		0.347026
175.9		0.347026
176		0.347026
176.1		0.347817
176.2		0.347817
176.3		0.347817
176.4		0.347817
176.5		0.347817
176.6		0.347817
176.7		0.347817
176.8		0.347817
176.9		0.347817
177		0.347817
177.1		0.351225
177.2		0.351225
177.3		0.351225
177.4		0.351225
177.5		0.351225
177.6		0.351225
177.7		0.351225
177.8		0.351225
177.9		0.351225
178		0.351225
178.1		0.352046
178.2		0.352046
178.3		0.352046
178.4		0.352046
178.5		0.352046
178.6		0.352046
178.7		0.352046
178.8		0.352046
178.9		0.352046
179		0.352046
179.1		0.353902
179.2		0.353902
179.3		0.353902
179.4		0.353902
179.5		0.353902
179.6		0.353902
179.7		0.353902
179.8		0.353902
179.9		0.353902
180		0.353902
180.1		0.354785
180.2		0.354785
180.3		0.354785
180.4		0.354785
180.5		0.354785
180.6		0.354785
180.7		0.354785
180.8		0.354785
180.9		0.354785
181		0.354785
181.1		0.357614
181.2		0.357614
181.3		0.357614
181.4		0.357614
181.5		0.357614
181.6		0.357614
181.7		0.357614
181.8		0.357614
181.9		0.357614
182		0.357614
182.1		0.363548
182.2		0.363548
182.3		0.363548
182.4		0.363548
182.5		0.363548
182.6		0.363548
182.7		0.363548
182.8		0.363548
182.9		0.363548
183		0.363548
183.1		0.363639
183.2		0.363639
183.3		0.363639
183.4		0.363639
183.5		0.363639
183.6		0.363639
183.7		0.363639
183.8		0.363639
183.9		0.363639
184		0.363639
184.1		0.36513
184.2		0.36513
184.3		0.36513
184.4		0.36513
184.5		0.36513
184.6		0.36513
184.7		0.36513
184.8		0.36513
184.9		0.36513
185		0.36513
185.1		0.366012
185.2		0.366012
185.3		0.366012
185.4		0.366012
185.5		0.366012
185.6		0.366012
185.7		0.366012
185.8		0.366012
185.9		0.366012
186		0.366012
186.1		0.371368
186.2		0.371368
186.3		0.371368
186.4		0.371368
186.5		0.371368
186.6		0.371368
186.7		0.371368
186.8		0.371368
186.9		0.371368
187		0.371368
187.1		0.371489
187.2		0.371489
187.3		0.371489
187.4		0.371489
187.5		0.371489
187.6		0.371489
187.7		0.371489
187.8		0.371489
187.9		0.371489
188		0.371489
188.1		0.37368
188.2		0.37368
188.3		0.37368
188.4		0.37368
188.5		0.37368
188.6		0.37368
188.7		0.37368
188.8		0.37368
188.9		0.37368
189		0.37368
189.1		0.378031
189.2		0.378031
189.3		0.378031
189.4		0.378031
189.5		0.378031
189.6		0.378031
189.7		0.378031
189.8		0.378031
189.9		0.378031
190		0.378031
190.1		0.380861
190.2		0.380861
190.3		0.380861
190.4		0.380861
190.5		0.380861
190.6		0.380861
190.7		0.380861
190.8		0.380861
190.9		0.380861
191		0.380861
191.1		0.38147
191.2		0.38147
191.3		0.38147
191.4		0.38147
191.5		0.38147
191.6		0.38147
191.7		0.38147
191.8		0.38147
191.9		0.38147
192		0.38147
192.1		0.384269
192.2		0.384269
192.3		0.384269
192.4		0.384269
192.5		0.384269
192.6		0.384269
192.7		0.384269
192.8		0.384269
192.9		0.384269
193		0.384269
193.1		0.384452
193.2		0.384452
193.3		0.384452
193.4		0.384452
193.5		0.384452
193.6		0.384452
193.7		0.384452
193.8		0.384452
193.9		0.384452
194		0.384452
194.1		0.386368
194.2		0.386368
194.3		0.386368
194.4		0.386368
194.5		0.386368
194.6		0.386368
194.7		0.386368
194.8		0.386368
194.9		0.386368
195		0.386368
195.1		0.389411
195.2		0.389411
195.3		0.389411
195.4		0.389411
195.5		0.389411
195.6		0.389411
195.7		0.389411
195.8		0.389411
195.9		0.389411
196		0.389411
196.1		0.391754
196.2		0.391754
196.3		0.391754
196.4		0.391754
196.5		0.391754
196.6		0.391754
196.7		0.391754
196.8		0.391754
196.9		0.391754
197		0.391754
197.1		0.392576
197.2		0.392576
197.3		0.392576
197.4		0.392576
197.5		0.392576
197.6		0.392576
197.7		0.392576
197.8		0.392576
197.9		0.392576
198		0.392576
198.1		0.394827
198.2		0.394827
198.3		0.394827
198.4		0.394827
198.5		0.394827
198.6		0.394827
198.7		0.394827
198.8		0.394827
198.9		0.394827
199		0.394827
199.1		0.398813
199.2		0.398813
199.3		0.398813
199.4		0.398813
199.5		0.398813
199.6		0.398813
199.7		0.398813
199.8		0.398813
199.9		0.398813
200		0.398813
200.1		0.401126
200.2		0.401126
200.3		0.401126
200.4		0.401126
200.5		0.401126
200.6		0.401126
200.7		0.401126
200.8		0.401126
200.9		0.401126
201		0.401126
201.1		0.401704
201.2		0.401704
201.3		0.401704
201.4		0.401704
201.5		0.401704
201.6		0.401704
201.7		0.401704
201.8		0.401704
201.9		0.401704
202		0.401704
202.1		0.40356
202.2		0.40356
202.3		0.40356
202.4		0.40356
202.5		0.40356
202.6		0.40356
202.7		0.40356
202.8		0.40356
202.9		0.40356
203		0.40356
203.1		0.406116
203.2		0.406116
203.3		0.406116
203.4		0.406116
203.5		0.406116
203.6		0.406116
203.7		0.406116
203.8		0.406116
203.9		0.406116
204		0.406116
204.1		0.407211
204.2		0.407211
204.3		0.407211
204.4		0.407211
204.5		0.407211
204.6		0.407211
204.7		0.407211
204.8		0.407211
204.9		0.407211
205		0.407211
205.1		0.411349
205.2		0.411349
205.3		0.411349
205.4		0.411349
205.5		0.411349
205.6		0.411349
205.7		0.411349
205.8		0.411349
205.9		0.411349
206		0.411349
206.1		0.414696
206.2		0.414696
206.3		0.414696
206.4		0.414696
206.5		0.414696
206.6		0.414696
206.7		0.414696
206.8		0.414696
206.9		0.414696
207		0.414696
207.1		0.415427
207.2		0.415427
207.3		0.415427
207.4		0.415427
207.5		0.415427
207.6		0.415427
207.7		0.415427
207.8		0.415427
207.9		0.415427
208		0.415427
208.1		0.418317
208.2		0.418317
208.3		0.418317
208.4		0.418317
208.5		0.418317
208.6		0.418317
208.7		0.418317
208.8		0.418317
208.9		0.418317
209		0.418317
209.1		0.421025
209.2		0.421025
209.3		0.421025
209.4		0.421025
209.5		0.421025
209.6		0.421025
209.7		0.421025
209.8		0.421025
209.9		0.421025
210		0.421025
210.1		0.421969
210.2		0.421969
210.3		0.421969
210.4		0.421969
210.5		0.421969
210.6		0.421969
210.7		0.421969
210.8		0.421969
210.9		0.421969
211		0.421969
211.1		0.427263
211.2		0.427263
211.3		0.427263
211.4		0.427263
211.5		0.427263
211.6		0.427263
211.7		0.427263
211.8		0.427263
211.9		0.427263
212		0.427263
212.1		0.428571
212.2		0.428571
212.3		0.428571
212.4		0.428571
212.5		0.428571
212.6		0.428571
212.7		0.428571
212.8		0.428571
212.9		0.428571
213		0.428571
213.1		0.431158
213.2		0.431158
213.3		0.431158
213.4		0.431158
213.5		0.431158
213.6		0.431158
213.7		0.431158
213.8		0.431158
213.9		0.431158
214		0.431158
214.1		0.431523
214.2		0.431523
214.3		0.431523
214.4		0.431523
214.5		0.431523
214.6		0.431523
214.7		0.431523
214.8		0.431523
214.9		0.431523
215		0.431523
215.1		0.432831
215.2		0.432831
215.3		0.432831
215.4		0.432831
215.5		0.432831
215.6		0.432831
215.7		0.432831
215.8		0.432831
215.9		0.432831
216		0.432831
216.1		0.437152
216.2		0.437152
216.3		0.437152
216.4		0.437152
216.5		0.437152
216.6		0.437152
216.7		0.437152
216.8		0.437152
216.9		0.437152
217		0.437152
217.1		0.439373
217.2		0.439373
217.3		0.439373
217.4		0.439373
217.5		0.439373
217.6		0.439373
217.7		0.439373
217.8		0.439373
217.9		0.439373
218		0.439373
218.1		0.439799
218.2		0.439799
218.3		0.439799
218.4		0.439799
218.5		0.439799
218.6		0.439799
218.7		0.439799
218.8		0.439799
218.9		0.439799
219		0.439799
219.1		0.443755
219.2		0.443755
219.3		0.443755
219.4		0.443755
219.5		0.443755
219.6		0.443755
219.7		0.443755
219.8		0.443755
219.9		0.443755
220		0.443755
220.1		0.446645
220.2		0.446645
220.3		0.446645
220.4		0.446645
220.5		0.446645
220.6		0.446645
220.7		0.446645
220.8		0.446645
220.9		0.446645
221		0.446645
221.1		0.447315
221.2		0.447315
221.3		0.447315
221.4		0.447315
221.5		0.447315
221.6		0.447315
221.7		0.447315
221.8		0.447315
221.9		0.447315
222		0.447315
222.1		0.447589
222.2		0.447589
222.3		0.447589
222.4		0.447589
222.5		0.447589
222.6		0.447589
222.7		0.447589
222.8		0.447589
222.9		0.447589
223		0.447589
223.1		0.448897
223.2		0.448897
223.3		0.448897
223.4		0.448897
223.5		0.448897
223.6		0.448897
223.7		0.448897
223.8		0.448897
223.9		0.448897
224		0.448897
224.1		0.455804
224.2		0.455804
224.3		0.455804
224.4		0.455804
224.5		0.455804
224.6		0.455804
224.7		0.455804
224.8		0.455804
224.9		0.455804
225		0.455804
225.1		0.456534
225.2		0.456534
225.3		0.456534
225.4		0.456534
225.5		0.456534
225.6		0.456534
225.7		0.456534
225.8		0.456534
225.9		0.456534
226		0.456534
226.1		0.45693
226.2		0.45693
226.3		0.45693
226.4		0.45693
226.5		0.45693
226.6		0.45693
226.7		0.45693
226.8		0.45693
226.9		0.45693
227		0.45693
227.1		0.458086
227.2		0.458086
227.3		0.458086
227.4		0.458086
227.5		0.458086
227.6		0.458086
227.7		0.458086
227.8		0.458086
227.9		0.458086
228		0.458086
228.1		0.463806
228.2		0.463806
228.3		0.463806
228.4		0.463806
228.5		0.463806
228.6		0.463806
228.7		0.463806
228.8		0.463806
228.9		0.463806
229		0.463806
229.1		0.465267
229.2		0.465267
229.3		0.465267
229.4		0.465267
229.5		0.465267
229.6		0.465267
229.7		0.465267
229.8		0.465267
229.9		0.465267
230		0.465267
230.1		0.467458
230.2		0.467458
230.3		0.467458
230.4		0.467458
230.5		0.467458
230.6		0.467458
230.7		0.467458
230.8		0.467458
230.9		0.467458
231		0.467458
231.1		0.467884
231.2		0.467884
231.3		0.467884
231.4		0.467884
231.5		0.467884
231.6		0.467884
231.7		0.467884
231.8		0.467884
231.9		0.467884
232		0.467884
232.1		0.469953
232.2		0.469953
232.3		0.469953
232.4		0.469953
232.5		0.469953
232.6		0.469953
232.7		0.469953
232.8		0.469953
232.9		0.469953
233		0.469953
233.1		0.47044
233.2		0.47044
233.3		0.47044
233.4		0.47044
233.5		0.47044
233.6		0.47044
233.7		0.47044
233.8		0.47044
233.9		0.47044
234		0.47044
234.1		0.47403
234.2		0.47403
234.3		0.47403
234.4		0.47403
234.5		0.47403
234.6		0.47403
234.7		0.47403
234.8		0.47403
234.9		0.47403
235		0.47403
235.1		0.475369
235.2		0.475369
235.3		0.475369
235.4		0.475369
235.5		0.475369
235.6		0.475369
235.7		0.475369
235.8		0.475369
235.9		0.475369
236		0.475369
236.1		0.47975
236.2		0.47975
236.3		0.47975
236.4		0.47975
236.5		0.47975
236.6		0.47975
236.7		0.47975
236.8		0.47975
236.9		0.47975
237		0.47975
237.1		0.480481
237.2		0.480481
237.3		0.480481
237.4		0.480481
237.5		0.480481
237.6		0.480481
237.7		0.480481
237.8		0.480481
237.9		0.480481
238		0.480481
238.1		0.481028
238.2		0.481028
238.3		0.481028
238.4		0.481028
238.5		0.481028
238.6		0.481028
238.7		0.481028
238.8		0.481028
238.9		0.481028
239		0.481028
239.1		0.483341
239.2		0.483341
239.3		0.483341
239.4		0.483341
239.5		0.483341
239.6		0.483341
239.7		0.483341
239.8		0.483341
239.9		0.483341
240		0.483341
240.1		0.486627
240.2		0.486627
240.3		0.486627
240.4		0.486627
240.5		0.486627
240.6		0.486627
240.7		0.486627
240.8		0.486627
240.9		0.486627
241		0.486627
241.1		0.489852
241.2		0.489852
241.3		0.489852
241.4		0.489852
241.5		0.489852
241.6		0.489852
241.7		0.489852
241.8		0.489852
241.9		0.489852
242		0.489852
242.1		0.490187
242.2		0.490187
242.3		0.490187
242.4		0.490187
242.5		0.490187
242.6		0.490187
242.7		0.490187
242.8		0.490187
242.9		0.490187
243		0.490187
243.1		0.492134
243.2		0.492134
243.3		0.492134
243.4		0.492134
243.5		0.492134
243.6		0.492134
243.7		0.492134
243.8		0.492134
243.9		0.492134
244		0.492134
244.1		0.495116
244.2		0.495116
244.3		0.495116
244.4		0.495116
244.5		0.495116
244.6		0.495116
244.7		0.495116
244.8		0.495116
244.9		0.495116
245		0.495116
245.1		0.497855
245.2		0.497855
245.3		0.497855
245.4		0.497855
245.5		0.497855
245.6		0.497855
245.7		0.497855
245.8		0.497855
245.9		0.497855
246		0.497855
246.1		0.49819
246.2		0.49819
246.3		0.49819
246.4		0.49819
246.5		0.49819
246.6		0.49819
246.7		0.49819
246.8		0.49819
246.9		0.49819
247		0.49819
247.1		0.502084
247.2		0.502084
247.3		0.502084
247.4		0.502084
247.5		0.502084
247.6		0.502084
247.7		0.502084
247.8		0.502084
247.9		0.502084
248		0.502084
248.1		0.505036
248.2		0.505036
248.3		0.505036
248.4		0.505036
248.5		0.505036
248.6		0.505036
248.7		0.505036
248.8		0.505036
248.9		0.505036
249		0.505036
249.1		0.505462
249.2		0.505462
249.3		0.505462
249.4		0.505462
249.5		0.505462
249.6		0.505462
249.7		0.505462
249.8		0.505462
249.9		0.505462
250		0.505462
250.1		0.510482
250.2		0.510482
250.3		0.510482
250.4		0.510482
250.5		0.510482
250.6		0.510482
250.7		0.510482
250.8		0.510482
250.9		0.510482
251		0.510482
251.1		0.512399
251.2		0.512399
251.3		0.512399
251.4		0.512399
251.5		0.512399
251.6		0.512399
251.7		0.512399
251.8		0.512399
251.9		0.512399
252		0.512399
252.1		0.51319
252.2		0.51319
252.3		0.51319
252.4		0.51319
252.5		0.51319
252.6		0.51319
252.7		0.51319
252.8		0.51319
252.9		0.51319
253		0.51319
253.1		0.514955
253.2		0.514955
253.3		0.514955
253.4		0.514955
253.5		0.514955
253.6		0.514955
253.7		0.514955
253.8		0.514955
253.9		0.514955
254		0.514955
254.1		0.520371
254.2		0.520371
254.3		0.520371
254.4		0.520371
254.5		0.520371
254.6		0.520371
254.7		0.520371
254.8		0.520371
254.9		0.520371
255		0.520371
255.1		0.520858
255.2		0.520858
255.3		0.520858
255.4		0.520858
255.5		0.520858
255.6		0.520858
255.7		0.520858
255.8		0.520858
255.9		0.520858
256		0.520858
256.1		0.524144
256.2		0.524144
256.3		0.524144
256.4		0.524144
256.5		0.524144
256.6		0.524144
256.7		0.524144
256.8		0.524144
256.9		0.524144
257		0.524144
257.1		0.524601
257.2		0.524601
257.3		0.524601
257.4		0.524601
257.5		0.524601
257.6		0.524601
257.7		0.524601
257.8		0.524601
257.9		0.524601
258		0.524601
258.1		0.5281
258.2		0.5281
258.3		0.5281
258.4		0.5281
258.5		0.5281
258.6		0.5281
258.7		0.5281
258.8		0.5281
258.9		0.5281
259		0.5281
259.1		0.529286
259.2		0.529286
259.3		0.529286
259.4		0.529286
259.5		0.529286
259.6		0.529286
259.7		0.529286
259.8		0.529286
259.9		0.529286
260		0.529286
260.1		0.53096
260.2		0.53096
260.3		0.53096
260.4		0.53096
260.5		0.53096
260.6		0.53096
260.7		0.53096
260.8		0.53096
260.9		0.53096
261		0.53096
261.1		0.531234
261.2		0.531234
261.3		0.531234
261.4		0.531234
261.5		0.531234
261.6		0.531234
261.7		0.531234
261.8		0.531234
261.9		0.531234
262		0.531234
262.1		0.536893
262.2		0.536893
262.3		0.536893
262.4		0.536893
262.5		0.536893
262.6		0.536893
262.7		0.536893
262.8		0.536893
262.9		0.536893
263		0.536893
263.1		0.537502
263.2		0.537502
263.3		0.537502
263.4		0.537502
263.5		0.537502
263.6		0.537502
263.7		0.537502
263.8		0.537502
263.9		0.537502
264		0.537502
264.1		0.54024
264.2		0.54024
264.3		0.54024
264.4		0.54024
264.5		0.54024
264.6		0.54024
264.7		0.54024
264.8		0.54024
264.9		0.54024
265		0.54024
265.1		0.542431
265.2		0.542431
265.3		0.542431
265.4		0.542431
265.5		0.542431
265.6		0.542431
265.7		0.542431
265.8		0.542431
265.9		0.542431
266		0.542431
266.1		0.543648
266.2		0.543648
266.3		0.543648
266.4		0.543648
266.5		0.543648
266.6		0.543648
266.7		0.543648
266.8		0.543648
266.9		0.543648
267		0.543648
267.1		0.547452
267.2		0.547452
267.3		0.547452
267.4		0.547452
267.5		0.547452
267.6		0.547452
267.7		0.547452
267.8		0.547452
267.9		0.547452
268		0.547452
268.1		0.549186
268.2		0.549186
268.3		0.549186
268.4		0.549186
268.5		0.549186
268.6		0.549186
268.7		0.549186
268.8		0.549186
268.9		0.549186
269		0.549186
269.1		0.549977
269.2		0.549977
269.3		0.549977
269.4		0.549977
269.5		0.549977
269.6		0.549977
269.7		0.549977
269.8		0.549977
269.9		0.549977
270		0.549977
270.1		0.552655
270.2		0.552655
270.3		0.552655
270.4		0.552655
270.5		0.552655
270.6		0.552655
270.7		0.552655
270.8		0.552655
270.9		0.552655
271		0.552655
271.1		0.552959
271.2		0.552959
271.3		0.552959
271.4		0.552959
271.5		0.552959
271.6		0.552959
271.7		0.552959
271.8		0.552959
271.9		0.552959
272		0.552959
272.1		0.558588
272.2		0.558588
272.3		0.558588
272.4		0.558588
272.5		0.558588
272.6		0.558588
272.7		0.558588
272.8		0.558588
272.9		0.558588
273		0.558588
273.1		0.559105
273.2		0.559105
273.3		0.559105
273.4		0.559105
273.5		0.559105
273.6		0.559105
273.7		0.559105
273.8		0.559105
273.9		0.559105
274		0.559105
274.1		0.55944
274.2		0.55944
274.3		0.55944
274.4		0.55944
274.5		0.55944
274.6		0.55944
274.7		0.55944
274.8		0.55944
274.9		0.55944
275		0.55944
275.1		0.561813
275.2		0.561813
275.3		0.561813
275.4		0.561813
275.5		0.561813
275.6		0.561813
275.7		0.561813
275.8		0.561813
275.9		0.561813
276		0.561813
276.1		0.56796
276.2		0.56796
276.3		0.56796
276.4		0.56796
276.5		0.56796
276.6		0.56796
276.7		0.56796
276.8		0.56796
276.9		0.56796
277		0.56796
277.1		0.568355
277.2		0.568355
277.3		0.568355
277.4		0.568355
277.5		0.568355
277.6		0.568355
277.7		0.568355
277.8		0.568355
277.9		0.568355
278		0.568355
278.1		0.569816
278.2		0.569816
278.3		0.569816
278.4		0.569816
278.5		0.569816
278.6		0.569816
278.7		0.569816
278.8		0.569816
278.9		0.569816
279		0.569816
279.1		0.570424
279.2		0.570424
279.3		0.570424
279.4		0.570424
279.5		0.570424
279.6		0.570424
279.7		0.570424
279.8		0.570424
279.9		0.570424
280		0.570424
280.1		0.573102
280.2		0.573102
280.3		0.573102
280.4		0.573102
280.5		0.573102
280.6		0.573102
280.7		0.573102
280.8		0.573102
280.9		0.573102
281		0.573102
281.1		0.575688
281.2		0.575688
281.3		0.575688
281.4		0.575688
281.5		0.575688
281.6		0.575688
281.7		0.575688
281.8		0.575688
281.9		0.575688
282		0.575688
282.1		0.57651
282.2		0.57651
282.3		0.57651
282.4		0.57651
282.5		0.57651
282.6		0.57651
282.7		0.57651
282.8		0.57651
282.9		0.57651
283		0.57651
283.1		0.577149
283.2		0.577149
283.3		0.577149
283.4		0.577149
283.5		0.577149
283.6		0.577149
283.7		0.577149
283.8		0.577149
283.9		0.577149
284		0.577149
284.1		0.583539
284.2		0.583539
284.3		0.583539
284.4		0.583539
284.5		0.583539
284.6		0.583539
284.7		0.583539
284.8		0.583539
284.9		0.583539
285		0.583539
285.1		0.584056
285.2		0.584056
285.3		0.584056
285.4		0.584056
285.5		0.584056
285.6		0.584056
285.7		0.584056
285.8		0.584056
285.9		0.584056
286		0.584056
286.1		0.586399
286.2		0.586399
286.3		0.586399
286.4		0.586399
286.5		0.586399
286.6		0.586399
286.7		0.586399
286.8		0.586399
286.9		0.586399
287		0.586399
287.1		0.592484
287.2		0.592484
287.3		0.592484
287.4		0.592484
287.5		0.592484
287.6		0.592484
287.7		0.592484
287.8		0.592484
287.9		0.592484
288		0.592484
288.1		0.594249
288.2		0.594249
288.3		0.594249
288.4		0.594249
288.5		0.594249
288.6		0.594249
288.7		0.594249
288.8		0.594249
288.9		0.594249
289		0.594249
289.1		0.594858
289.2		0.594858
289.3		0.594858
289.4		0.594858
289.5		0.594858
289.6		0.594858
289.7		0.594858
289.8		0.594858
289.9		0.594858
290		0.594858
290.1		0.598326
290.2		0.598326
290.3		0.598326
290.4		0.598326
290.5		0.598326
290.6		0.598326
290.7		0.598326
290.8		0.598326
290.9		0.598326
291		0.598326
291.1		0.602982
291.2		0.602982
291.3		0.602982
291.4		0.602982
291.5		0.602982
291.6		0.602982
291.7		0.602982
291.8		0.602982
291.9		0.602982
292		0.602982
292.1		0.604321
292.2		0.604321
292.3		0.604321
292.4		0.604321
292.5		0.604321
292.6		0.604321
292.7		0.604321
292.8		0.604321
292.9		0.604321
293		0.604321
293.1		0.604321
293.2		0.604321
293.3		0.604321
293.4		0.604321
293.5		0.604321
293.6		0.604321
293.7		0.604321
293.8		0.604321
293.9		0.604321
294		0.604321
294.1		0.604321
294.2		0.604321
294.3		0.604321
294.4		0.604321
294.5		0.604321
294.6		0.604321
294.7		0.604321
294.8		0.604321
294.9		0.604321
295		0.604321
295.1		0.604321
295.2		0.604321
295.3		0.604321
295.4		0.604321
295.5		0.604321
295.6		0.604321
295.7		0.604321
295.8		0.604321
295.9		0.604321
296		0.604321
296.1		0.604929
296.2		0.604929
296.3		0.604929
296.4		0.604929
296.5		0.604929
296.6		0.604929
296.7		0.604929
296.8		0.604929
296.9		0.604929
297		0.604929
297.1		0.611623
297.2		0.611623
297.3		0.611623
297.4		0.611623
297.5		0.611623
297.6		0.611623
297.7		0.611623
297.8		0.611623
297.9		0.611623
298		0.611623
298.1		0.611867
298.2		0.611867
298.3		0.611867
298.4		0.611867
298.5		0.611867
298.6		0.611867
298.7		0.611867
298.8		0.611867
298.9		0.611867
299		0.611867
299.1		0.612536
299.2		0.612536
299.3		0.612536
299.4		0.612536
299.5		0.612536
299.6		0.612536
299.7		0.612536
299.8		0.612536
299.9		0.612536
300		0.612536
300.1		0.612932
300.2		0.612932
300.3		0.612932
300.4		0.612932
300.5		0.612932
300.6		0.612932
300.7		0.612932
300.8		0.612932
300.9		0.612932
301		0.612932
301.1		0.614605
301.2		0.614605
301.3		0.614605
301.4		0.614605
301.5		0.614605
301.6		0.614605
301.7		0.614605
301.8		0.614605
301.9		0.614605
302		0.614605
302.1		0.621908
302.2		0.621908
302.3		0.621908
302.4		0.621908
302.5		0.621908
302.6		0.621908
302.7		0.621908
302.8		0.621908
302.9		0.621908
303		0.621908
303.1		0.623064
303.2		0.623064
303.3		0.623064
303.4		0.623064
303.5		0.623064
303.6		0.623064
303.7		0.623064
303.8		0.623064
303.9		0.623064
304		0.623064
304.1		0.62349
304.2		0.62349
304.3		0.62349
304.4		0.62349
304.5		0.62349
304.6		0.62349
304.7		0.62349
304.8		0.62349
304.9		0.62349
305		0.62349
305.1		0.626898
305.2		0.626898
305.3		0.626898
305.4		0.626898
305.5		0.626898
305.6		0.626898
305.7		0.626898
305.8		0.626898
305.9		0.626898
306		0.626898
306.1		0.628115
306.2		0.628115
306.3		0.628115
306.4		0.628115
306.5		0.628115
306.6		0.628115
306.7		0.628115
306.8		0.628115
306.9		0.628115
307		0.628115
307.1		0.630975
307.2		0.630975
307.3		0.630975
307.4		0.630975
307.5		0.630975
307.6		0.630975
307.7		0.630975
307.8		0.630975
307.9		0.630975
308		0.630975
308.1		0.63204
308.2		0.63204
308.3		0.63204
308.4		0.63204
308.5		0.63204
308.6		0.63204
308.7		0.63204
308.8		0.63204
308.9		0.63204
309		0.63204
309.1		0.634079
309.2		0.634079
309.3		0.634079
309.4		0.634079
309.5		0.634079
309.6		0.634079
309.7		0.634079
309.8		0.634079
309.9		0.634079
310		0.634079
310.1		0.637791
310.2		0.637791
310.3		0.637791
310.4		0.637791
310.5		0.637791
310.6		0.637791
310.7		0.637791
310.8		0.637791
310.9		0.637791
311		0.637791
311.1		0.641108
311.2		0.641108
311.3		0.641108
311.4		0.641108
311.5		0.641108
311.6		0.641108
311.7		0.641108
311.8		0.641108
311.9		0.641108
312		0.641108
312.1		0.641321
312.2		0.641321
312.3		0.641321
312.4		0.641321
312.5		0.641321
312.6		0.641321
312.7		0.641321
312.8		0.641321
312.9		0.641321
313		0.641321
313.1		0.643146
313.2		0.643146
313.3		0.643146
313.4		0.643146
313.5		0.643146
313.6		0.643146
313.7		0.643146
313.8		0.643146
313.9		0.643146
314		0.643146
314.1		0.644759
314.2		0.644759
314.3		0.644759
314.4		0.644759
314.5		0.644759
314.6		0.644759
314.7		0.644759
314.8		0.644759
314.9		0.644759
315		0.644759
315.1		0.649932
315.2		0.649932
315.3		0.649932
315.4		0.649932
315.5		0.649932
315.6		0.649932
315.7		0.649932
315.8		0.649932
315.9		0.649932
316		0.649932
316.1		0.650236
316.2		0.650236
316.3		0.650236
316.4		0.650236
316.5		0.650236
316.6		0.650236
316.7		0.650236
316.8		0.650236
316.9		0.650236
317		0.650236
317.1		0.652396
317.2		0.652396
317.3		0.652396
317.4		0.652396
317.5		0.652396
317.6		0.652396
317.7		0.652396
317.8		0.652396
317.9		0.652396
318		0.652396
318.1		0.653248
318.2		0.653248
318.3		0.653248
318.4		0.653248
318.5		0.653248
318.6		0.653248
318.7		0.653248
318.8		0.653248
318.9		0.653248
319		0.653248
319.1		0.655987
319.2		0.655987
319.3		0.655987
319.4		0.655987
319.5		0.655987
319.6		0.655987
319.7		0.655987
319.8		0.655987
319.9		0.655987
320		0.655987
320.1		0.659577
320.2		0.659577
320.3		0.659577
320.4		0.659577
320.5		0.659577
320.6		0.659577
320.7		0.659577
320.8		0.659577
320.9		0.659577
321		0.659577
321.1		0.661007
321.2		0.661007
321.3		0.661007
321.4		0.661007
321.5		0.661007
321.6		0.661007
321.7		0.661007
321.8		0.661007
321.9		0.661007
322		0.661007
322.1		0.661707
322.2		0.661707
322.3		0.661707
322.4		0.661707
322.5		0.661707
322.6		0.661707
322.7		0.661707
322.8		0.661707
322.9		0.661707
323		0.661707
323.1		0.666302
323.2		0.666302
323.3		0.666302
323.4		0.666302
323.5		0.666302
323.6		0.666302
323.7		0.666302
323.8		0.666302
323.9		0.666302
324		0.666302
324.1		0.668949
324.2		0.668949
324.3		0.668949
324.4		0.668949
324.5		0.668949
324.6		0.668949
324.7		0.668949
324.8		0.668949
324.9		0.668949
325		0.668949
325.1		0.671079
325.2		0.671079
325.3		0.671079
325.4		0.671079
325.5		0.671079
325.6		0.671079
325.7		0.671079
325.8		0.671079
325.9		0.671079
326		0.671079
326.1		0.671413
326.2		0.671413
326.3		0.671413
326.4		0.671413
326.5		0.671413
326.6		0.671413
326.7		0.671413
326.8		0.671413
326.9		0.671413
327		0.671413
327.1		0.67333
327.2		0.67333
327.3		0.67333
327.4		0.67333
327.5		0.67333
327.6		0.67333
327.7		0.67333
327.8		0.67333
327.9		0.67333
328		0.67333
328.1		0.677864
328.2		0.677864
328.3		0.677864
328.4		0.677864
328.5		0.677864
328.6		0.677864
328.7		0.677864
328.8		0.677864
328.9		0.677864
329		0.677864
329.1		0.678868
329.2		0.678868
329.3		0.678868
329.4		0.678868
329.5		0.678868
329.6		0.678868
329.7		0.678868
329.8		0.678868
329.9		0.678868
330		0.678868
330.1		0.680359
330.2		0.680359
330.3		0.680359
330.4		0.680359
330.5		0.680359
330.6		0.680359
330.7		0.680359
330.8		0.680359
330.9		0.680359
331		0.680359
331.1		0.682702
331.2		0.682702
331.3		0.682702
331.4		0.682702
331.5		0.682702
331.6		0.682702
331.7		0.682702
331.8		0.682702
331.9		0.682702
332		0.682702
332.1		0.686901
332.2		0.686901
332.3		0.686901
332.4		0.686901
332.5		0.686901
332.6		0.686901
332.7		0.686901
332.8		0.686901
332.9		0.686901
333		0.686901
333.1		0.687144
333.2		0.687144
333.3		0.687144
333.4		0.687144
333.5		0.687144
333.6		0.687144
333.7		0.687144
333.8		0.687144
333.9		0.687144
334		0.687144
334.1		0.688848
334.2		0.688848
334.3		0.688848
334.4		0.688848
334.5		0.688848
334.6		0.688848
334.7		0.688848
334.8		0.688848
334.9		0.688848
335		0.688848
335.1		0.690552
335.2		0.690552
335.3		0.690552
335.4		0.690552
335.5		0.690552
335.6		0.690552
335.7		0.690552
335.8		0.690552
335.9		0.690552
336		0.690552
336.1		0.694143
336.2		0.694143
336.3		0.694143
336.4		0.694143
336.5		0.694143
336.6		0.694143
336.7		0.694143
336.8		0.694143
336.9		0.694143
337		0.694143
337.1		0.694843
337.2		0.694843
337.3		0.694843
337.4		0.694843
337.5		0.694843
337.6		0.694843
337.7		0.694843
337.8		0.694843
337.9		0.694843
338		0.694843
338.1		0.697216
338.2		0.697216
338.3		0.697216
338.4		0.697216
338.5		0.697216
338.6		0.697216
338.7		0.697216
338.8		0.697216
338.9		0.697216
339		0.697216
339.1		0.697611
339.2		0.697611
339.3		0.697611
339.4		0.697611
339.5		0.697611
339.6		0.697611
339.7		0.697611
339.8		0.697611
339.9		0.697611
340		0.697611
340.1		0.702936
340.2		0.702936
340.3		0.702936
340.4		0.702936
340.5		0.702936
340.6		0.702936
340.7		0.702936
340.8		0.702936
340.9		0.702936
341		0.702936
341.1		0.705675
341.2		0.705675
341.3		0.705675
341.4		0.705675
341.5		0.705675
341.6		0.705675
341.7		0.705675
341.8		0.705675
341.9		0.705675
342		0.705675
342.1		0.706801
342.2		0.706801
342.3		0.706801
342.4		0.706801
342.5		0.706801
342.6		0.706801
342.7		0.706801
342.8		0.706801
342.9		0.706801
343		0.706801
343.1		0.709387
343.2		0.709387
343.3		0.709387
343.4		0.709387
343.5		0.709387
343.6		0.709387
343.7		0.709387
343.8		0.709387
343.9		0.709387
344		0.709387
344.1		0.713495
344.2		0.713495
344.3		0.713495
344.4		0.713495
344.5		0.713495
344.6		0.713495
344.7		0.713495
344.8		0.713495
344.9		0.713495
345		0.713495
345.1		0.716385
345.2		0.716385
345.3		0.716385
345.4		0.716385
345.5		0.716385
345.6		0.716385
345.7		0.716385
345.8		0.716385
345.9		0.716385
346		0.716385
346.1		0.717389
346.2		0.717389
346.3		0.717389
346.4		0.717389
346.5		0.717389
346.6		0.717389
346.7		0.717389
346.8		0.717389
346.9		0.717389
347		0.717389
347.1		0.720097
347.2		0.720097
347.3		0.720097
347.4		0.720097
347.5		0.720097
347.6		0.720097
347.7		0.720097
347.8		0.720097
347.9		0.720097
348		0.720097
348.1		0.721101
348.2		0.721101
348.3		0.721101
348.4		0.721101
348.5		0.721101
348.6		0.721101
348.7		0.721101
348.8		0.721101
348.9		0.721101
349		0.721101
349.1		0.72527
349.2		0.72527
349.3		0.72527
349.4		0.72527
349.5		0.72527
349.6		0.72527
349.7		0.72527
349.8		0.72527
349.9		0.72527
350		0.72527
350.1		0.727796
350.2		0.727796
350.3		0.727796
350.4		0.727796
350.5		0.727796
350.6		0.727796
350.7		0.727796
350.8		0.727796
350.9		0.727796
351		0.727796
351.1		0.729134
351.2		0.729134
351.3		0.729134
351.4		0.729134
351.5		0.729134
351.6		0.729134
351.7		0.729134
351.8		0.729134
351.9		0.729134
352		0.729134
352.1		0.729134
352.2		0.729134
352.3		0.729134
352.4		0.729134
352.5		0.729134
352.6		0.729134
352.7		0.729134
352.8		0.729134
352.9		0.729134
353		0.729134
353.1		0.729134
353.2		0.729134
353.3		0.729134
353.4		0.729134
353.5		0.729134
353.6		0.729134
353.7		0.729134
353.8		0.729134
353.9		0.729134
354		0.729134
354.1		0.729134
354.2		0.729134
354.3		0.729134
354.4		0.729134
354.5		0.729134
354.6		0.729134
354.7		0.729134
354.8		0.729134
354.9		0.729134
355		0.729134
355.1		0.731356
355.2		0.731356
355.3		0.731356
355.4		0.731356
355.5		0.731356
355.6		0.731356
355.7		0.731356
355.8		0.731356
355.9		0.731356
356		0.731356
356.1		0.736559
356.2		0.736559
356.3		0.736559
356.4		0.736559
356.5		0.736559
356.6		0.736559
356.7		0.736559
356.8		0.736559
356.9		0.736559
357		0.736559
357.1		0.737806
357.2		0.737806
357.3		0.737806
357.4		0.737806
357.5		0.737806
357.6		0.737806
357.7		0.737806
357.8		0.737806
357.9		0.737806
358		0.737806
358.1		0.737806
358.2		0.737806
358.3		0.737806
358.4		0.737806
358.5		0.737806
358.6		0.737806
358.7		0.737806
358.8		0.737806
358.9		0.737806
359		0.737806
359.1		0.740818
359.2		0.740818
359.3		0.740818
359.4		0.740818
359.5		0.740818
359.6		0.740818
359.7		0.740818
359.8		0.740818
359.9		0.740818
360		0.740818
360.1		0.741123
360.2		0.741123
360.3		0.741123
360.4		0.741123
360.5		0.741123
360.6		0.741123
360.7		0.741123
360.8		0.741123
360.9		0.741123
361		0.741123
361.1		0.742462
361.2		0.742462
361.3		0.742462
361.4		0.742462
361.5		0.742462
361.6		0.742462
361.7		0.742462
361.8		0.742462
361.9		0.742462
362		0.742462
362.1		0.747999
362.2		0.747999
362.3		0.747999
362.4		0.747999
362.5		0.747999
362.6		0.747999
362.7		0.747999
362.8		0.747999
362.9		0.747999
363		0.747999
363.1		0.74876
363.2		0.74876
363.3		0.74876
363.4		0.74876
363.5		0.74876
363.6		0.74876
363.7		0.74876
363.8		0.74876
363.9		0.74876
364		0.74876
364.1		0.75016
364.2		0.75016
364.3		0.75016
364.4		0.75016
364.5		0.75016
364.6		0.75016
364.7		0.75016
364.8		0.75016
364.9		0.75016
365		0.75016
365.1		0.751255
365.2		0.751255
365.3		0.751255
365.4		0.751255
365.5		0.751255
365.6		0.751255
365.7		0.751255
365.8		0.751255
365.9		0.751255
366		0.751255
366.1		0.75731
366.2		0.75731
366.3		0.75731
366.4		0.75731
366.5		0.75731
366.6		0.75731
366.7		0.75731
366.8		0.75731
366.9		0.75731
367		0.75731
367.1		0.75804
367.2		0.75804
367.3		0.75804
367.4		0.75804
367.5		0.75804
367.6		0.75804
367.7		0.75804
367.8		0.75804
367.9		0.75804
368		0.75804
368.1		0.758314
368.2		0.758314
368.3		0.758314
368.4		0.758314
368.5		0.758314
368.6		0.758314
368.7		0.758314
368.8		0.758314
368.9		0.758314
369		0.758314
369.1		0.761296
369.2		0.761296
369.3		0.761296
369.4		0.761296
369.5		0.761296
369.6		0.761296
369.7		0.761296
369.8		0.761296
369.9		0.761296
370		0.761296
370.1		0.764461
370.2		0.764461
370.3		0.764461
370.4		0.764461
370.5		0.764461
370.6		0.764461
370.7		0.764461
370.8		0.764461
370.9		0.764461
371		0.764461
371.1		0.767017
371.2		0.767017
371.3		0.767017
371.4		0.767017
371.5		0.767017
371.6		0.767017
371.7		0.767017
371.8		0.767017
371.9		0.767017
372		0.767017
372.1		0.768173
372.2		0.768173
372.3		0.768173
372.4		0.768173
372.5		0.768173
372.6		0.768173
372.7		0.768173
372.8		0.768173
372.9		0.768173
373		0.768173
373.1		0.768447
373.2		0.768447
373.3		0.768447
373.4		0.768447
373.5		0.768447
373.6		0.768447
373.7		0.768447
373.8		0.768447
373.9		0.768447
374		0.768447
374.1		0.771915
374.2		0.771915
374.3		0.771915
374.4		0.771915
374.5		0.771915
374.6		0.771915
374.7		0.771915
374.8		0.771915
374.9		0.771915
375		0.771915
375.1		0.77225
375.2		0.77225
375.3		0.77225
375.4		0.77225
375.5		0.77225
375.6		0.77225
375.7		0.77225
375.8		0.77225
375.9		0.77225
376		0.77225
376.1		0.773437
376.2		0.773437
376.3		0.773437
376.4		0.773437
376.5		0.773437
376.6		0.773437
376.7		0.773437
376.8		0.773437
376.9		0.773437
377		0.773437
377.1		0.776084
377.2		0.776084
377.3		0.776084
377.4		0.776084
377.5		0.776084
377.6		0.776084
377.7		0.776084
377.8		0.776084
377.9		0.776084
378		0.776084
378.1		0.778853
378.2		0.778853
378.3		0.778853
378.4		0.778853
378.5		0.778853
378.6		0.778853
378.7		0.778853
378.8		0.778853
378.9		0.778853
379		0.778853
379.1		0.780922
379.2		0.780922
379.3		0.780922
379.4		0.780922
379.5		0.780922
379.6		0.780922
379.7		0.780922
379.8		0.780922
379.9		0.780922
380		0.780922
380.1		0.782961
380.2		0.782961
380.3		0.782961
380.4		0.782961
380.5		0.782961
380.6		0.782961
380.7		0.782961
380.8		0.782961
380.9		0.782961
381		0.782961
381.1		0.784178
381.2		0.784178
381.3		0.784178
381.4		0.784178
381.5		0.784178
381.6		0.784178
381.7		0.784178
381.8		0.784178
381.9		0.784178
382		0.784178
382.1		0.786916
382.2		0.786916
382.3		0.786916
382.4		0.786916
382.5		0.786916
382.6		0.786916
382.7		0.786916
382.8		0.786916
382.9		0.786916
383		0.786916
383.1		0.790628
383.2		0.790628
383.3		0.790628
383.4		0.790628
383.5		0.790628
383.6		0.790628
383.7		0.790628
383.8		0.790628
383.9		0.790628
384		0.790628
384.1		0.791663
384.2		0.791663
384.3		0.791663
384.4		0.791663
384.5		0.791663
384.6		0.791663
384.7		0.791663
384.8		0.791663
384.9		0.791663
385		0.791663
385.1		0.794919
385.2		0.794919
385.3		0.794919
385.4		0.794919
385.5		0.794919
385.6		0.794919
385.7		0.794919
385.8		0.794919
385.9		0.794919
386		0.794919
386.1		0.79571
386.2		0.79571
386.3		0.79571
386.4		0.79571
386.5		0.79571
386.6		0.79571
386.7		0.79571
386.8		0.79571
386.9		0.79571
387		0.79571
387.1		0.797475
387.2		0.797475
387.3		0.797475
387.4		0.797475
387.5		0.797475
387.6		0.797475
387.7		0.797475
387.8		0.797475
387.9		0.797475
388		0.797475
388.1		0.802465
388.2		0.802465
388.3		0.802465
388.4		0.802465
388.5		0.802465
388.6		0.802465
388.7		0.802465
388.8		0.802465
388.9		0.802465
389		0.802465
389.1		0.80353
389.2		0.80353
389.3		0.80353
389.4		0.80353
389.5		0.80353
389.6		0.80353
389.7		0.80353
389.8		0.80353
389.9		0.80353
390		0.80353
390.1		0.804108
390.2		0.804108
390.3		0.804108
390.4		0.804108
390.5		0.804108
390.6		0.804108
390.7		0.804108
390.8		0.804108
390.9		0.804108
391		0.804108
391.1		0.807516
391.2		0.807516
391.3		0.807516
391.4		0.807516
391.5		0.807516
391.6		0.807516
391.7		0.807516
391.8		0.807516
391.9		0.807516
392		0.807516
392.1		0.812597
392.2		0.812597
392.3		0.812597
392.4		0.812597
392.5		0.812597
392.6		0.812597
392.7		0.812597
392.8		0.812597
392.9		0.812597
393		0.812597
393.1		0.813206
393.2		0.813206
393.3		0.813206
393.4		0.813206
393.5		0.813206
393.6		0.813206
393.7		0.813206
393.8		0.813206
393.9		0.813206
394		0.813206
394.1		0.813571
394.2		0.813571
394.3		0.813571
394.4		0.813571
394.5		0.813571
394.6		0.813571
394.7		0.813571
394.8		0.813571
394.9		0.813571
395		0.813571
395.1		0.814666
395.2		0.814666
395.3		0.814666
395.4		0.814666
395.5		0.814666
395.6		0.814666
395.7		0.814666
395.8		0.814666
395.9		0.814666
396		0.814666
396.1		0.821877
396.2		0.821877
396.3		0.821877
396.4		0.821877
396.5		0.821877
396.6		0.821877
396.7		0.821877
396.8		0.821877
396.9		0.821877
397		0.821877
397.1		0.822334
397.2		0.822334
397.3		0.822334
397.4		0.822334
397.5		0.822334
397.6		0.822334
397.7		0.822334
397.8		0.822334
397.9		0.822334
398		0.822334
398.1		0.824312
398.2		0.824312
398.3		0.824312
398.4		0.824312
398.5		0.824312
398.6		0.824312
398.7		0.824312
398.8		0.824312
398.9		0.824312
399		0.824312
399.1		0.824646
399.2		0.824646
399.3		0.824646
399.4		0.824646
399.5		0.824646
399.6		0.824646
399.7		0.824646
399.8		0.824646
399.9		0.824646
400		0.824646
400.1		0.82705
400.2		0.82705
400.3		0.82705
400.4		0.82705
400.5		0.82705
400.6		0.82705
400.7		0.82705
400.8		0.82705
400.9		0.82705
401		0.82705
401.1		0.829484
401.2		0.829484
401.3		0.829484
401.4		0.829484
401.5		0.829484
401.6		0.829484
401.7		0.829484
401.8		0.829484
401.9		0.829484
402		0.829484
402.1		0.830914
402.2		0.830914
402.3		0.830914
402.4		0.830914
402.5		0.830914
402.6		0.830914
402.7		0.830914
402.8		0.830914
402.9		0.830914
403		0.830914
403.1		0.832162
403.2		0.832162
403.3		0.832162
403.4		0.832162
403.5		0.832162
403.6		0.832162
403.7		0.832162
403.8		0.832162
403.9		0.832162
404		0.832162
404.1		0.836148
404.2		0.836148
404.3		0.836148
404.4		0.836148
404.5		0.836148
404.6		0.836148
404.7		0.836148
404.8		0.836148
404.9		0.836148
405		0.836148
405.1		0.83627
405.2		0.83627
405.3		0.83627
405.4		0.83627
405.5		0.83627
405.6		0.83627
405.7		0.83627
405.8		0.83627
405.9		0.83627
406		0.83627
406.1		0.840073
406.2		0.840073
406.3		0.840073
406.4		0.840073
406.5		0.840073
406.6		0.840073
406.7		0.840073
406.8		0.840073
406.9		0.840073
407		0.840073
407.1		0.84056
407.2		0.84056
407.3		0.84056
407.4		0.84056
407.5		0.84056
407.6		0.84056
407.7		0.84056
407.8		0.84056
407.9		0.84056
408		0.84056
408.1		0.842964
408.2		0.842964
408.3		0.842964
408.4		0.842964
408.5		0.842964
408.6		0.842964
408.7		0.842964
408.8		0.842964
408.9		0.842964
409		0.842964
409.1		0.846554
409.2		0.846554
409.3		0.846554
409.4		0.846554
409.5		0.846554
409.6		0.846554
409.7		0.846554
409.8		0.846554
409.9		0.846554
410		0.846554
410.1		0.849566
410.2		0.849566
410.3		0.849566
410.4		0.849566
410.5		0.849566
410.6		0.849566
410.7		0.849566
410.8		0.849566
410.9		0.849566
411		0.849566
411.1		0.850814
411.2		0.850814
411.3		0.850814
411.4		0.850814
411.5		0.850814
411.6		0.850814
411.7		0.850814
411.8		0.850814
411.9		0.850814
412		0.850814
412.1		0.851057
412.2		0.851057
412.3		0.851057
412.4		0.851057
412.5		0.851057
412.6		0.851057
412.7		0.851057
412.8		0.851057
412.9		0.851057
413		0.851057
413.1		0.853918
413.2		0.853918
413.3		0.853918
413.4		0.853918
413.5		0.853918
413.6		0.853918
413.7		0.853918
413.8		0.853918
413.9		0.853918
414		0.853918
414.1		0.857569
414.2		0.857569
414.3		0.857569
414.4		0.857569
414.5		0.857569
414.6		0.857569
414.7		0.857569
414.8		0.857569
414.9		0.857569
415		0.857569
415.1		0.859425
415.2		0.859425
415.3		0.859425
415.4		0.859425
415.5		0.859425
415.6		0.859425
415.7		0.859425
415.8		0.859425
415.9		0.859425
416		0.859425
416.1		0.85976
416.2		0.85976
416.3		0.85976
416.4		0.85976
416.5		0.85976
416.6		0.85976
416.7		0.85976
416.8		0.85976
416.9		0.85976
417		0.85976
417.1		0.861372
417.2		0.861372
417.3		0.861372
417.4		0.861372
417.5		0.861372
417.6		0.861372
417.7		0.861372
417.8		0.861372
417.9		0.861372
418		0.861372
418.1		0.867032
418.2		0.867032
418.3		0.867032
418.4		0.867032
418.5		0.867032
418.6		0.867032
418.7		0.867032
418.8		0.867032
418.9		0.867032
419		0.867032
419.1		0.867579
419.2		0.867579
419.3		0.867579
419.4		0.867579
419.5		0.867579
419.6		0.867579
419.7		0.867579
419.8		0.867579
419.9		0.867579
420		0.867579
420.1		0.868888
420.2		0.868888
420.3		0.868888
420.4		0.868888
420.5		0.868888
420.6		0.868888
420.7		0.868888
420.8		0.868888
420.9		0.868888
421		0.868888
421.1		0.870501
421.2		0.870501
421.3		0.870501
421.4		0.870501
421.5		0.870501
421.6		0.870501
421.7		0.870501
421.8		0.870501
421.9		0.870501
422		0.870501
422.1		0.873726
422.2		0.873726
422.3		0.873726
422.4		0.873726
422.5		0.873726
422.6		0.873726
422.7		0.873726
422.8		0.873726
422.9		0.873726
423		0.873726
423.1		0.876495
423.2		0.876495
423.3		0.876495
423.4		0.876495
423.5		0.876495
423.6		0.876495
423.7		0.876495
423.8		0.876495
423.9		0.876495
424		0.876495
424.1		0.877255
424.2		0.877255
424.3		0.877255
424.4		0.877255
424.5		0.877255
424.6		0.877255
424.7		0.877255
424.8		0.877255
424.9		0.877255
425		0.877255
425.1		0.880176
425.2		0.880176
425.3		0.880176
425.4		0.880176
425.5		0.880176
425.6		0.880176
425.7		0.880176
425.8		0.880176
425.9		0.880176
426		0.880176
426.1		0.883645
426.2		0.883645
426.3		0.883645
426.4		0.883645
426.5		0.883645
426.6		0.883645
426.7		0.883645
426.8		0.883645
426.9		0.883645
427		0.883645
427.1		0.884528
427.2		0.884528
427.3		0.884528
427.4		0.884528
427.5		0.884528
427.6		0.884528
427.7		0.884528
427.8		0.884528
427.9		0.884528
428		0.884528
428.1		0.886262
428.2		0.886262
428.3		0.886262
428.4		0.886262
428.5		0.886262
428.6		0.886262
428.7		0.886262
428.8		0.886262
428.9		0.886262
429		0.886262
429.1		0.888057
429.2		0.888057
429.3		0.888057
429.4		0.888057
429.5		0.888057
429.6		0.888057
429.7		0.888057
429.8		0.888057
429.9		0.888057
430		0.888057
430.1		0.893078
430.2		0.893078
430.3		0.893078
430.4		0.893078
430.5		0.893078
430.6		0.893078
430.7		0.893078
430.8		0.893078
430.9		0.893078
431		0.893078
431.1		0.894143
431.2		0.894143
431.3		0.894143
431.4		0.894143
431.5		0.894143
431.6		0.894143
431.7		0.894143
431.8		0.894143
431.9		0.894143
432		0.894143
432.1		0.894386
432.2		0.894386
432.3		0.894386
432.4		0.894386
432.5		0.894386
432.6		0.894386
432.7		0.894386
432.8		0.894386
432.9		0.894386
433		0.894386
433.1		0.896212
433.2		0.896212
433.3		0.896212
433.4		0.896212
433.5		0.896212
433.6		0.896212
433.7		0.896212
433.8		0.896212
433.9		0.896212
434		0.896212
434.1		0.901628
434.2		0.901628
434.3		0.901628
434.4		0.901628
434.5		0.901628
434.6		0.901628
434.7		0.901628
434.8		0.901628
434.9		0.901628
435		0.901628
435.1		0.903271
435.2		0.903271
435.3		0.903271
435.4		0.903271
435.5		0.903271
435.6		0.903271
435.7		0.903271
435.8		0.903271
435.9		0.903271
436		0.903271
436.1		0.904762
436.2		0.904762
436.3		0.904762
436.4		0.904762
436.5		0.904762
436.6		0.904762
436.7		0.904762
436.8		0.904762
436.9		0.904762
437		0.904762
437.1		0.905401
437.2		0.905401
437.3		0.905401
437.4		0.905401
437.5		0.905401
437.6		0.905401
437.7		0.905401
437.8		0.905401
437.9		0.905401
438		0.905401
438.1		0.909539
438.2		0.909539
438.3		0.909539
438.4		0.909539
438.5		0.909539
438.6		0.909539
438.7		0.909539
438.8		0.909539
438.9		0.909539
439		0.909539
439.1		0.911304
439.2		0.911304
439.3		0.911304
439.4		0.911304
439.5		0.911304
439.6		0.911304
439.7		0.911304
439.8		0.911304
439.9		0.911304
440		0.911304
440.1		0.912916
440.2		0.912916
440.3		0.912916
440.4		0.912916
440.5		0.912916
440.6		0.912916
440.7		0.912916
440.8		0.912916
440.9		0.912916
441		0.912916
441.1		0.914316
441.2		0.914316
441.3		0.914316
441.4		0.914316
441.5		0.914316
441.6		0.914316
441.7		0.914316
441.8		0.914316
441.9		0.914316
442		0.914316
442.1		0.918089
442.2		0.918089
442.3		0.918089
442.4		0.918089
442.5		0.918089
442.6		0.918089
442.7		0.918089
442.8		0.918089
442.9		0.918089
443		0.918089
443.1		0.921041
443.2		0.921041
443.3		0.921041
443.4		0.921041
443.5		0.921041
443.6		0.921041
443.7		0.921041
443.8		0.921041
443.9		0.921041
444		0.921041
444.1		0.921284
444.2		0.921284
444.3		0.921284
444.4		0.921284
444.5		0.921284
444.6		0.921284
444.7		0.921284
444.8		0.921284
444.9		0.921284
445		0.921284
445.1		0.921832
445.2		0.921832
445.3		0.921832
445.4		0.921832
445.5		0.921832
445.6		0.921832
445.7		0.921832
445.8		0.921832
445.9		0.921832
446		0.921832
446.1		0.925361
446.2		0.925361
446.3		0.925361
446.4		0.925361
446.5		0.925361
446.6		0.925361
446.7		0.925361
446.8		0.925361
446.9		0.925361
447		0.925361
447.1		0.928982
447.2		0.928982
447.3		0.928982
447.4		0.928982
447.5		0.928982
447.6		0.928982
447.7		0.928982
447.8		0.928982
447.9		0.928982
448		0.928982
448.1		0.92953
448.2		0.92953
448.3		0.92953
448.4		0.92953
448.5		0.92953
448.6		0.92953
448.7		0.92953
448.8		0.92953
448.9		0.92953
449		0.92953
449.1		0.932786
449.2		0.932786
449.3		0.932786
449.4		0.932786
449.5		0.932786
449.6		0.932786
449.7		0.932786
449.8		0.932786
449.9		0.932786
450		0.932786
450.1		0.933516
450.2		0.933516
450.3		0.933516
450.4		0.933516
450.5		0.933516
450.6		0.933516
450.7		0.933516
450.8		0.933516
450.9		0.933516
451		0.933516
451.1		0.936346
451.2		0.936346
451.3		0.936346
451.4		0.936346
451.5		0.936346
451.6		0.936346
451.7		0.936346
451.8		0.936346
451.9		0.936346
452		0.936346
452.1		0.93948
452.2		0.93948
452.3		0.93948
452.4		0.93948
452.5		0.93948
452.6		0.93948
452.7		0.93948
452.8		0.93948
452.9		0.93948
453		0.93948
453.1		0.939784
453.2		0.939784
453.3		0.939784
453.4		0.939784
453.5		0.939784
453.6		0.939784
453.7		0.939784
453.8		0.939784
453.9		0.939784
454		0.939784
454.1		0.94167
454.2		0.94167
454.3		0.94167
454.4		0.94167
454.5		0.94167
454.6		0.94167
454.7		0.94167
454.8		0.94167
454.9		0.94167
455		0.94167
455.1		0.943618
455.2		0.943618
455.3		0.943618
455.4		0.943618
455.5		0.943618
455.6		0.943618
455.7		0.943618
455.8		0.943618
455.9		0.943618
456		0.943618
456.1		0.946265
456.2		0.946265
456.3		0.946265
456.4		0.946265
456.5		0.946265
456.6		0.946265
456.7		0.946265
456.8		0.946265
456.9		0.946265
457		0.946265
457.1		0.949521
457.2		0.949521
457.3		0.949521
457.4		0.949521
457.5		0.949521
457.6		0.949521
457.7		0.949521
457.8		0.949521
457.9		0.949521
458		0.949521
458.1		0.950829
458.2		0.950829
458.3		0.950829
458.4		0.950829
458.5		0.950829
458.6		0.950829
458.7		0.950829
458.8		0.950829
458.9		0.950829
459		0.950829
459.1		0.951103
459.2		0.951103
459.3		0.951103
459.4		0.951103
459.5		0.951103
459.6		0.951103
459.7		0.951103
459.8		0.951103
459.9		0.951103
460		0.951103
460.1		0.956124
460.2		0.956124
460.3		0.956124
460.4		0.956124
460.5		0.956124
460.6		0.956124
460.7		0.956124
460.8		0.956124
460.9		0.956124
461		0.956124
461.1		0.957675
461.2		0.957675
461.3		0.957675
461.4		0.957675
461.5		0.957675
461.6		0.957675
461.7		0.957675
461.8		0.957675
461.9		0.957675
462		0.957675
462.1		0.958801
462.2		0.958801
462.3		0.958801
462.4		0.958801
462.5		0.958801
462.6		0.958801
462.7		0.958801
462.8		0.958801
462.9		0.958801
463		0.958801
463.1		0.960353
463.2		0.960353
463.3		0.960353
463.4		0.960353
463.5		0.960353
463.6		0.960353
463.7		0.960353
463.8		0.960353
463.9		0.960353
464		0.960353
464.1		0.963365
464.2		0.963365
464.3		0.963365
464.4		0.963365
464.5		0.963365
464.6		0.963365
464.7		0.963365
464.8		0.963365
464.9		0.963365
465		0.963365
465.1		0.966651
465.2		0.966651
465.3		0.966651
465.4		0.966651
465.5		0.966651
465.6		0.966651
465.7		0.966651
465.8		0.966651
465.9		0.966651
466		0.966651
466.1		0.967351
466.2		0.967351
466.3		0.967351
466.4		0.967351
466.5		0.967351
466.6		0.967351
466.7		0.967351
466.8		0.967351
466.9		0.967351
467		0.967351
467.1		0.968325
467.2		0.968325
467.3		0.968325
467.4		0.968325
467.5		0.968325
467.6		0.968325
467.7		0.968325
467.8		0.968325
467.9		0.968325
468		0.968325
468.1		0.972189
468.2		0.972189
468.3		0.972189
468.4		0.972189
468.5		0.972189
468.6		0.972189
468.7		0.972189
468.8		0.972189
468.9		0.972189
469		0.972189
469.1		0.97435
469.2		0.97435
469.3		0.97435
469.4		0.97435
469.5		0.97435
469.6		0.97435
469.7		0.97435
469.8		0.97435
469.9		0.97435
470		0.97435
470.1		0.975901
470.2		0.975901
470.3		0.975901
470.4		0.975901
470.5		0.975901
470.6		0.975901
470.7		0.975901
470.8		0.975901
470.9		0.975901
471		0.975901
471.1		0.97791
471.2		0.97791
471.3		0.97791
471.4		0.97791
471.5		0.97791
471.6		0.97791
471.7		0.97791
471.8		0.97791
471.9		0.97791
472		0.97791
472.1		0.981044
472.2		0.981044
472.3		0.981044
472.4		0.981044
472.5		0.981044
472.6		0.981044
472.7		0.981044
472.8		0.981044
472.9		0.981044
473		0.981044
473.1		0.981987
473.2		0.981987
473.3		0.981987
473.4		0.981987
473.5		0.981987
473.6		0.981987
473.7		0.981987
473.8		0.981987
473.9		0.981987
474		0.981987
474.1		0.983691
474.2		0.983691
474.3		0.983691
474.4		0.983691
474.5		0.983691
474.6		0.983691
474.7		0.983691
474.8		0.983691
474.9		0.983691
475		0.983691
475.1		0.987738
475.2		0.987738
475.3		0.987738
475.4		0.987738
475.5		0.987738
475.6		0.987738
475.7		0.987738
475.8		0.987738
475.9		0.987738
476		0.987738
476.1		0.990324
476.2		0.990324
476.3		0.990324
476.4		0.990324
476.5		0.990324
476.6		0.990324
476.7		0.990324
476.8		0.990324
476.9		0.990324
477		0.990324
477.1		0.992363
477.2		0.992363
477.3		0.992363
477.4		0.992363
477.5		0.992363
477.6		0.992363
477.7		0.992363
477.8		0.992363
477.9		0.992363
478		0.992363
478.1		0.994797
478.2		0.994797
478.3		0.994797
478.4		0.994797
478.5		0.994797
478.6		0.994797
478.7		0.994797
478.8		0.994797
478.9		0.994797
479		0.994797
479.1		0.995771
479.2		0.995771
479.3		0.995771
479.4		0.995771
479.5		0.995771
479.6		0.995771
479.7		0.995771
479.8		0.995771
479.9		0.995771
480		0.995771
480.1		0.998022
480.2		0.998022
480.3		0.998022
480.4		0.998022
480.5		0.998022
480.6		0.998022
480.7		0.998022
480.8		0.998022
480.9		0.998022
481		0.998022
481.1		0.999757
481.2		0.999757
481.3		0.999757
481.4		0.999757
481.5		0.999757
481.6		0.999757
481.7		0.999757
481.8		0.999757
481.9		0.999757
482		0.999757
482.1		0.99997
482.2		0.99997
482.3		0.99997
482.4		0.99997
482.5		0.99997
482.6		0.99997
482.7		0.99997
482.8		0.99997
482.9		0.99997
483		0.99997
483.1		1
483.2		1
483.3		1
483.4		1
483.5		1
483.6		1
483.7		1
483.8		1
483.9		1
484		1
484.1		1
484.2		1
484.3		1
484.4		1
484.5		1
484.6		1
484.7		1
484.8		1
484.9		1
485		1
485.1		1
485.2		1
485.3		1
485.4		1
485.5		1
485.6		1
485.7		1
485.8		1
485.9		1
486		1
486.1		1
486.2		1
486.3		1
486.4		1
486.5		1
486.6		1
486.7		1
486.8		1
486.9		1
487		1
487.1		1
487.2		1
487.3		1
487.4		1
487.5		1
487.6		1
487.7		1
487.8		1
487.9		1
488		1
488.1		1
488.2		1
488.3		1
488.4		1
488.5		1
488.6		1
488.7		1
488.8		1
488.9		1
489		1
489.1		1
489.2		1
489.3		1
489.4		1
489.5		1
489.6		1
489.7		1
489.8		1
489.9		1
490		1
490.1		1
490.2		1
490.3		1
490.4		1
490.5		1
490.6		1
490.7		1
490.8		1
490.9		1
491		1
491.1		1
491.2		1
491.3		1
491.4		1
491.5		1
491.6		1
491.7		1
491.8		1
491.9		1
492		1
492.1		1
492.2		1
492.3		1
492.4		1
492.5		1
492.6		1
492.7		1
492.8		1
492.9		1
493		1
493.1		1
493.2		1
493.3		1
493.4		1
493.5		1
493.6		1
493.7		1
493.8		1
493.9		1
494		1
494.1		1
494.2		1
494.3		1
494.4		1
494.5		1
494.6		1
494.7		1
494.8		1
494.9		1
495		1
495.1		1
495.2		1
495.3		1
495.4		1
495.5		1
495.6		1
495.7		1
495.8		1
495.9		1
496		1
496.1		1
496.2		1
496.3		1
496.4		1
496.5		1
496.6		1
496.7		1
496.8		1
496.9		1
497		1
497.1		1
497.2		1
497.3		1
497.4		1
497.5		1
497.6		1
497.7		1
497.8		1
497.9		1
498		1
498.1		1
498.2		1
498.3		1
498.4		1
498.5		1
498.6		1
498.7		1
498.8		1
498.9		1
499		1
499.1		1
499.2		1
499.3		1
499.4		1
499.5		1
499.6		1
499.7		1
499.8		1
499.9		1
500		1
500.1		1
500.2		1
500.3		1
500.4		1
500.5		1
500.6		1
500.7		1
500.8		1
500.9		1
501		1
501.1		1
501.2		1
501.3		1
501.4		1
501.5		1
501.6		1
501.7		1
501.8		1
501.9		1
502		1
502.1		1
502.2		1
502.3		1
502.4		1
502.5		1
502.6		1
502.7		1
502.8		1
502.9		1
503		1
503.1		1
503.2		1
503.3		1
503.4		1
503.5		1
503.6		1
503.7		1
503.8		1
503.9		1
504		1
504.1		1
504.2		1
504.3		1
504.4		1
504.5		1
504.6		1
504.7		1
504.8		1
504.9		1
505		1
505.1		1
505.2		1
505.3		1
505.4		1
505.5		1
505.6		1
505.7		1
505.8		1
505.9		1
506		1
506.1		1
506.2		1
506.3		1
506.4		1
506.5		1
506.6		1
506.7		1
506.8		1
506.9		1
507		1
507.1		1
507.2		1
507.3		1
507.4		1
507.5		1
507.6		1
507.7		1
507.8		1
507.9		1
508		1
508.1		1
508.2		1
508.3		1
508.4		1
508.5		1
508.6		1
508.7		1
508.8		1
508.9		1
509		1
509.1		1
509.2		1
509.3		1
509.4		1
509.5		1
509.6		1
509.7		1
509.8		1
509.9		1
510		1
510.1		1
510.2		1
510.3		1
510.4		1
510.5		1
510.6		1
510.7		1
510.8		1
510.9		1
511		1
511.1		1
511.2		1
511.3		1
511.4		1
511.5		1
511.6		1
511.7		1
511.8		1
511.9		1
512		1
512.1		1
512.2		1
512.3		1
512.4		1
512.5		1
512.6		1
512.7		1
512.8		1
512.9		1
513		1
513.1		1
513.2		1
513.3		1
513.4		1
513.5		1
513.6		1
513.7		1
513.8		1
513.9		1
514		1
514.1		1
514.2		1
514.3		1
514.4		1
514.5		1
514.6		1
514.7		1
514.8		1
514.9		1
515		1
515.1		1
515.2		1
515.3		1
515.4		1
515.5		1
515.6		1
515.7		1
515.8		1
515.9		1
516		1
516.1		1
516.2		1
516.3		1
516.4		1
516.5		1
516.6		1
516.7		1
516.8		1
516.9		1
517		1
517.1		1
517.2		1
517.3		1
517.4		1
517.5		1
517.6		1
517.7		1
517.8		1
517.9		1
518		1
518.1		1
518.2		1
518.3		1
518.4		1
518.5		1
518.6		1
518.7		1
518.8		1
518.9		1
519		1
519.1		1
519.2		1
519.3		1
519.4		1
519.5		1
519.6		1
519.7		1
519.8		1
519.9		1
520		1
520.1		1
520.2		1
520.3		1
520.4		1
520.5		1
520.6		1
520.7		1
520.8		1
520.9		1
521		1
521.1		1
521.2		1
521.3		1
521.4		1
521.5		1
521.6		1
521.7		1
521.8		1
521.9		1
522		1
522.1		1
522.2		1
522.3		1
522.4		1
522.5		1
522.6		1
522.7		1
522.8		1
522.9		1
523		1
523.1		1
523.2		1
523.3		1
523.4		1
523.5		1
523.6		1
523.7		1
523.8		1
523.9		1
524		1
524.1		1
524.2		1
524.3		1
524.4		1
524.5		1
524.6		1
524.7		1
524.8		1
524.9		1
525		1
525.1		1
525.2		1
525.3		1
525.4		1
525.5		1
525.6		1
525.7		1
525.8		1
525.9		1
526		1
526.1		1
526.2		1
526.3		1
526.4		1
526.5		1
526.6		1
526.7		1
526.8		1
526.9		1
527		1
527.1		1
527.2		1
527.3		1
527.4		1
527.5		1
527.6		1
527.7		1
527.8		1
527.9		1
528		1
528.1		1
528.2		1
528.3		1
528.4		1
528.5		1
528.6		1
528.7		1
528.8		1
528.9		1
529		1
529.1		1
529.2		1
529.3		1
529.4		1
529.5		1
529.6		1
529.7		1
529.8		1
529.9		1
530		1
530.1		1
530.2		1
530.3		1
530.4		1
530.5		1
530.6		1
530.7		1
530.8		1
530.9		1
531		1
531.1		1
531.2		1
531.3		1
531.4		1
531.5		1
531.6		1
531.7		1
531.8		1
531.9		1
532		1
532.1		1
532.2		1
532.3		1
532.4		1
532.5		1
532.6		1
532.7		1
532.8		1
532.9		1
533		1
533.1		1
533.2		1
533.3		1
533.4		1
533.5		1
533.6		1
533.7		1
533.8		1
533.9		1
534		1
534.1		1
534.2		1
534.3		1
534.4		1
534.5		1
534.6		1
534.7		1
534.8		1
534.9		1
535		1
535.1		1
535.2		1
535.3		1
535.4		1
535.5		1
535.6		1
535.7		1
535.8		1
535.9		1
536		1
536.1		1
536.2		1
536.3		1
536.4		1
536.5		1
536.6		1
536.7		1
536.8		1
536.9		1
537		1
537.1		1
537.2		1
537.3		1
537.4		1
537.5		1
537.6		1
537.7		1
537.8		1
537.9		1
538		1
538.1		1
538.2		1
538.3		1
538.4		1
538.5		1
538.6		1
538.7		1
538.8		1
538.9		1
539		1
539.1		1
539.2		1
539.3		1
539.4		1
539.5		1
539.6		1
539.7		1
539.8		1
539.9		1
540		1
540.1		1
540.2		1
540.3		1
540.4		1
540.5		1
540.6		1
540.7		1
540.8		1
540.9		1
541		1
541.1		1
541.2		1
541.3		1
541.4		1
541.5		1
541.6		1
541.7		1
541.8		1
541.9		1
542		1
542.1		1
542.2		1
542.3		1
542.4		1
542.5		1
542.6		1
542.7		1
542.8		1
542.9		1
543		1
543.1		1
543.2		1
543.3		1
543.4		1
543.5		1
543.6		1
543.7		1
543.8		1
543.9		1
544		1
544.1		1
544.2		1
544.3		1
544.4		1
544.5		1
544.6		1
544.7		1
544.8		1
544.9		1
545		1
545.1		1
545.2		1
545.3		1
545.4		1
545.5		1
545.6		1
545.7		1
545.8		1
545.9		1
546		1
546.1		1
546.2		1
546.3		1
546.4		1
546.5		1
546.6		1
546.7		1
546.8		1
546.9		1
547		1
547.1		1
547.2		1
547.3		1
547.4		1
547.5		1
547.6		1
547.7		1
547.8		1
547.9		1
548		1
548.1		1
548.2		1
548.3		1
548.4		1
548.5		1
548.6		1
548.7		1
548.8		1
548.9		1
549		1
549.1		1
549.2		1
549.3		1
549.4		1
549.5		1
549.6		1
549.7		1
549.8		1
549.9		1
550		1
550.1		1
550.2		1
550.3		1
550.4		1
550.5		1
550.6		1
550.7		1
550.8		1
550.9		1
551		1
551.1		1
551.2		1
551.3		1
551.4		1
551.5		1
551.6		1
551.7		1
551.8		1
551.9		1
552		1
552.1		1
552.2		1
552.3		1
552.4		1
552.5		1
552.6		1
552.7		1
552.8		1
552.9		1
553		1
553.1		1
553.2		1
553.3		1
553.4		1
553.5		1
553.6		1
553.7		1
553.8		1
553.9		1
554		1
554.1		1
554.2		1
554.3		1
554.4		1
554.5		1
554.6		1
554.7		1
554.8		1
554.9		1
555		1
555.1		1
555.2		1
555.3		1
555.4		1
555.5		1
555.6		1
555.7		1
555.8		1
555.9		1
556		1
556.1		1
556.2		1
556.3		1
556.4		1
556.5		1
556.6		1
556.7		1
556.8		1
556.9		1
557		1
557.1		1
557.2		1
557.3		1
557.4		1
557.5		1
557.6		1
557.7		1
557.8		1
557.9		1
558		1
558.1		1
558.2		1
558.3		1
558.4		1
558.5		1
558.6		1
558.7		1
558.8		1
558.9		1
559		1
559.1		1
559.2		1
559.3		1
559.4		1
559.5		1
559.6		1
559.7		1
559.8		1
559.9		1
560		1
560.1		1
560.2		1
560.3		1
560.4		1
560.5		1
560.6		1
560.7		1
560.8		1
560.9		1
561		1
561.1		1
561.2		1
561.3		1
561.4		1
561.5		1
561.6		1
561.7		1
561.8		1
561.9		1
562		1
562.1		1
562.2		1
562.3		1
562.4		1
562.5		1
562.6		1
562.7		1
562.8		1
562.9		1
563		1
563.1		1
563.2		1
563.3		1
563.4		1
563.5		1
563.6		1
563.7		1
563.8		1
563.9		1
564		1
564.1		1
564.2		1
564.3		1
564.4		1
564.5		1
564.6		1
564.7		1
564.8		1
564.9		1
565		1
565.1		1
565.2		1
565.3		1
565.4		1
565.5		1
565.6		1
565.7		1
565.8		1
565.9		1
566		1
566.1		1
566.2		1
566.3		1
566.4		1
566.5		1
566.6		1
566.7		1
566.8		1
566.9		1
567		1
567.1		1
567.2		1
567.3		1
567.4		1
567.5		1
567.6		1
567.7		1
567.8		1
567.9		1
568		1
568.1		1
568.2		1
568.3		1
568.4		1
568.5		1
568.6		1
568.7		1
568.8		1
568.9		1
569		1
569.1		1
569.2		1
569.3		1
569.4		1
569.5		1
569.6		1
569.7		1
569.8		1
569.9		1
570		1
570.1		1
570.2		1
570.3		1
570.4		1
570.5		1
570.6		1
570.7		1
570.8		1
570.9		1
571		1
571.1		1
571.2		1
571.3		1
571.4		1
571.5		1
571.6		1
571.7		1
571.8		1
571.9		1
572		1
572.1		1
572.2		1
572.3		1
572.4		1
572.5		1
572.6		1
572.7		1
572.8		1
572.9		1
573		1
573.1		1
573.2		1
573.3		1
573.4		1
573.5		1
573.6		1
573.7		1
573.8		1
573.9		1
574		1
574.1		1
574.2		1
574.3		1
574.4		1
574.5		1
574.6		1
574.7		1
574.8		1
574.9		1
575		1
575.1		1
575.2		1
575.3		1
575.4		1
575.5		1
575.6		1
575.7		1
575.8		1
575.9		1
576		1
576.1		1
576.2		1
576.3		1
576.4		1
576.5		1
576.6		1
576.7		1
576.8		1
576.9		1
577		1
577.1		1
577.2		1
577.3		1
577.4		1
577.5		1
577.6		1
577.7		1
577.8		1
577.9		1
578		1
578.1		1
578.2		1
578.3		1
578.4		1
578.5		1
578.6		1
578.7		1
578.8		1
578.9		1
579		1
579.1		1
579.2		1
579.3		1
579.4		1
579.5		1
579.6		1
579.7		1
579.8		1
579.9		1
580		1
580.1		1
580.2		1
580.3		1
580.4		1
580.5		1
580.6		1
580.7		1
580.8		1
580.9		1
581		1
581.1		1
581.2		1
581.3		1
581.4		1
581.5		1
581.6		1
581.7		1
581.8		1
581.9		1
582		1
582.1		1
582.2		1
582.3		1
582.4		1
582.5		1
582.6		1
582.7		1
582.8		1
582.9		1
583		1
583.1		1
583.2		1
583.3		1
583.4		1
583.5		1
583.6		1
583.7		1
583.8		1
583.9		1
584		1
584.1		1
584.2		1
584.3		1
584.4		1
584.5		1
584.6		1
584.7		1
584.8		1
584.9		1
585		1
585.1		1
585.2		1
585.3		1
585.4		1
585.5		1
585.6		1
585.7		1
585.8		1
585.9		1
586		1
586.1		1
586.2		1
586.3		1
586.4		1
586.5		1
586.6		1
586.7		1
586.8		1
586.9		1
587		1
587.1		1
587.2		1
587.3		1
587.4		1
587.5		1
587.6		1
587.7		1
587.8		1
587.9		1
588		1
588.1		1
588.2		1
588.3		1
588.4		1
588.5		1
588.6		1
588.7		1
588.8		1
588.9		1
589		1
589.1		1
589.2		1
589.3		1
589.4		1
589.5		1
589.6		1
589.7		1
589.8		1
589.9		1
590		1
590.1		1
590.2		1
590.3		1
590.4		1
590.5		1
590.6		1
590.7		1
590.8		1
590.9		1
591		1
591.1		1
591.2		1
591.3		1
591.4		1
591.5		1
591.6		1
591.7		1
591.8		1
591.9		1
592		1
592.1		1
592.2		1
592.3		1
592.4		1
592.5		1
592.6		1
592.7		1
592.8		1
592.9		1
593		1
593.1		1
593.2		1
593.3		1
593.4		1
593.5		1
593.6		1
593.7		1
593.8		1
593.9		1
594		1
594.1		1
594.2		1
594.3		1
594.4		1
594.5		1
594.6		1
594.7		1
594.8		1
594.9		1
595		1
595.1		1
595.2		1
595.3		1
595.4		1
595.5		1
595.6		1
595.7		1
595.8		1
595.9		1
596		1
596.1		1
596.2		1
596.3		1
596.4		1
596.5		1
596.6		1
596.7		1
596.8		1
596.9		1
597		1
597.1		1
597.2		1
597.3		1
597.4		1
597.5		1
597.6		1
597.7		1
597.8		1
597.9		1
598		1
598.1		1
598.2		1
598.3		1
598.4		1
598.5		1
598.6		1
598.7		1
598.8		1
598.9		1
599		1
599.1		1
599.2		1
599.3		1
599.4		1
599.5		1
599.6		1
599.7		1
599.8		1
599.9		1
600		1
