# Calibration file of tamex_id 2 @ channel 4
# fine_T bin		 Calibration value
0.1		0
0.2		0
0.3		0
0.4		0
0.5		0
0.6		0
0.7		0
0.8		0
0.9		0
1		0
1.1		0
1.2		0
1.3		0
1.4		0
1.5		0
1.6		0
1.7		0
1.8		0
1.9		0
2		0
2.1		0
2.2		0
2.3		0
2.4		0
2.5		0
2.6		0
2.7		0
2.8		0
2.9		0
3		0
3.1		0
3.2		0
3.3		0
3.4		0
3.5		0
3.6		0
3.7		0
3.8		0
3.9		0
4		0
4.1		0
4.2		0
4.3		0
4.4		0
4.5		0
4.6		0
4.7		0
4.8		0
4.9		0
5		0
5.1		0
5.2		0
5.3		0
5.4		0
5.5		0
5.6		0
5.7		0
5.8		0
5.9		0
6		0
6.1		0
6.2		0
6.3		0
6.4		0
6.5		0
6.6		0
6.7		0
6.8		0
6.9		0
7		0
7.1		0
7.2		0
7.3		0
7.4		0
7.5		0
7.6		0
7.7		0
7.8		0
7.9		0
8		0
8.1		0
8.2		0
8.3		0
8.4		0
8.5		0
8.6		0
8.7		0
8.8		0
8.9		0
9		0
9.1		0
9.2		0
9.3		0
9.4		0
9.5		0
9.6		0
9.7		0
9.8		0
9.9		0
10		0
10.1		0
10.2		0
10.3		0
10.4		0
10.5		0
10.6		0
10.7		0
10.8		0
10.9		0
11		0
11.1		0
11.2		0
11.3		0
11.4		0
11.5		0
11.6		0
11.7		0
11.8		0
11.9		0
12		0
12.1		0
12.2		0
12.3		0
12.4		0
12.5		0
12.6		0
12.7		0
12.8		0
12.9		0
13		0
13.1		0
13.2		0
13.3		0
13.4		0
13.5		0
13.6		0
13.7		0
13.8		0
13.9		0
14		0
14.1		0
14.2		0
14.3		0
14.4		0
14.5		0
14.6		0
14.7		0
14.8		0
14.9		0
15		0
15.1		0
15.2		0
15.3		0
15.4		0
15.5		0
15.6		0
15.7		0
15.8		0
15.9		0
16		0
16.1		0.00256171
16.2		0.00256171
16.3		0.00256171
16.4		0.00256171
16.5		0.00256171
16.6		0.00256171
16.7		0.00256171
16.8		0.00256171
16.9		0.00256171
17		0.00256171
17.1		0.00838379
17.2		0.00838379
17.3		0.00838379
17.4		0.00838379
17.5		0.00838379
17.6		0.00838379
17.7		0.00838379
17.8		0.00838379
17.9		0.00838379
18		0.00838379
18.1		0.0105962
18.2		0.0105962
18.3		0.0105962
18.4		0.0105962
18.5		0.0105962
18.6		0.0105962
18.7		0.0105962
18.8		0.0105962
18.9		0.0105962
19		0.0105962
19.1		0.0107126
19.2		0.0107126
19.3		0.0107126
19.4		0.0107126
19.5		0.0107126
19.6		0.0107126
19.7		0.0107126
19.8		0.0107126
19.9		0.0107126
20		0.0107126
20.1		0.0163018
20.2		0.0163018
20.3		0.0163018
20.4		0.0163018
20.5		0.0163018
20.6		0.0163018
20.7		0.0163018
20.8		0.0163018
20.9		0.0163018
21		0.0163018
21.1		0.0195622
21.2		0.0195622
21.3		0.0195622
21.4		0.0195622
21.5		0.0195622
21.6		0.0195622
21.7		0.0195622
21.8		0.0195622
21.9		0.0195622
22		0.0195622
22.1		0.0199115
22.2		0.0199115
22.3		0.0199115
22.4		0.0199115
22.5		0.0199115
22.6		0.0199115
22.7		0.0199115
22.8		0.0199115
22.9		0.0199115
23		0.0199115
23.1		0.0204937
23.2		0.0204937
23.3		0.0204937
23.4		0.0204937
23.5		0.0204937
23.6		0.0204937
23.7		0.0204937
23.8		0.0204937
23.9		0.0204937
24		0.0204937
24.1		0.0222403
24.2		0.0222403
24.3		0.0222403
24.4		0.0222403
24.5		0.0222403
24.6		0.0222403
24.7		0.0222403
24.8		0.0222403
24.9		0.0222403
25		0.0222403
25.1		0.0274802
25.2		0.0274802
25.3		0.0274802
25.4		0.0274802
25.5		0.0274802
25.6		0.0274802
25.7		0.0274802
25.8		0.0274802
25.9		0.0274802
26		0.0274802
26.1		0.0289939
26.2		0.0289939
26.3		0.0289939
26.4		0.0289939
26.5		0.0289939
26.6		0.0289939
26.7		0.0289939
26.8		0.0289939
26.9		0.0289939
27		0.0289939
27.1		0.0307406
27.2		0.0307406
27.3		0.0307406
27.4		0.0307406
27.5		0.0307406
27.6		0.0307406
27.7		0.0307406
27.8		0.0307406
27.9		0.0307406
28		0.0307406
28.1		0.0313228
28.2		0.0313228
28.3		0.0313228
28.4		0.0313228
28.5		0.0313228
28.6		0.0313228
28.7		0.0313228
28.8		0.0313228
28.9		0.0313228
29		0.0313228
29.1		0.0335352
29.2		0.0335352
29.3		0.0335352
29.4		0.0335352
29.5		0.0335352
29.6		0.0335352
29.7		0.0335352
29.8		0.0335352
29.9		0.0335352
30		0.0335352
30.1		0.0350489
30.2		0.0350489
30.3		0.0350489
30.4		0.0350489
30.5		0.0350489
30.6		0.0350489
30.7		0.0350489
30.8		0.0350489
30.9		0.0350489
31		0.0350489
31.1		0.0378435
31.2		0.0378435
31.3		0.0378435
31.4		0.0378435
31.5		0.0378435
31.6		0.0378435
31.7		0.0378435
31.8		0.0378435
31.9		0.0378435
32		0.0378435
32.1		0.0385422
32.2		0.0385422
32.3		0.0385422
32.4		0.0385422
32.5		0.0385422
32.6		0.0385422
32.7		0.0385422
32.8		0.0385422
32.9		0.0385422
33		0.0385422
33.1		0.0391244
33.2		0.0391244
33.3		0.0391244
33.4		0.0391244
33.5		0.0391244
33.6		0.0391244
33.7		0.0391244
33.8		0.0391244
33.9		0.0391244
34		0.0391244
34.1		0.0442478
34.2		0.0442478
34.3		0.0442478
34.4		0.0442478
34.5		0.0442478
34.6		0.0442478
34.7		0.0442478
34.8		0.0442478
34.9		0.0442478
35		0.0442478
35.1		0.0454122
35.2		0.0454122
35.3		0.0454122
35.4		0.0454122
35.5		0.0454122
35.6		0.0454122
35.7		0.0454122
35.8		0.0454122
35.9		0.0454122
36		0.0454122
36.1		0.0475082
36.2		0.0475082
36.3		0.0475082
36.4		0.0475082
36.5		0.0475082
36.6		0.0475082
36.7		0.0475082
36.8		0.0475082
36.9		0.0475082
37		0.0475082
37.1		0.0493712
37.2		0.0493712
37.3		0.0493712
37.4		0.0493712
37.5		0.0493712
37.6		0.0493712
37.7		0.0493712
37.8		0.0493712
37.9		0.0493712
38		0.0493712
38.1		0.0529809
38.2		0.0529809
38.3		0.0529809
38.4		0.0529809
38.5		0.0529809
38.6		0.0529809
38.7		0.0529809
38.8		0.0529809
38.9		0.0529809
39		0.0529809
39.1		0.0532138
39.2		0.0532138
39.3		0.0532138
39.4		0.0532138
39.5		0.0532138
39.6		0.0532138
39.7		0.0532138
39.8		0.0532138
39.9		0.0532138
40		0.0532138
40.1		0.0550769
40.2		0.0550769
40.3		0.0550769
40.4		0.0550769
40.5		0.0550769
40.6		0.0550769
40.7		0.0550769
40.8		0.0550769
40.9		0.0550769
41		0.0550769
41.1		0.0553097
41.2		0.0553097
41.3		0.0553097
41.4		0.0553097
41.5		0.0553097
41.6		0.0553097
41.7		0.0553097
41.8		0.0553097
41.9		0.0553097
42		0.0553097
42.1		0.0591523
42.2		0.0591523
42.3		0.0591523
42.4		0.0591523
42.5		0.0591523
42.6		0.0591523
42.7		0.0591523
42.8		0.0591523
42.9		0.0591523
43		0.0591523
43.1		0.059851
43.2		0.059851
43.3		0.059851
43.4		0.059851
43.5		0.059851
43.6		0.059851
43.7		0.059851
43.8		0.059851
43.9		0.059851
44		0.059851
44.1		0.0632278
44.2		0.0632278
44.3		0.0632278
44.4		0.0632278
44.5		0.0632278
44.6		0.0632278
44.7		0.0632278
44.8		0.0632278
44.9		0.0632278
45		0.0632278
45.1		0.0649744
45.2		0.0649744
45.3		0.0649744
45.4		0.0649744
45.5		0.0649744
45.6		0.0649744
45.7		0.0649744
45.8		0.0649744
45.9		0.0649744
46		0.0649744
46.1		0.0684676
46.2		0.0684676
46.3		0.0684676
46.4		0.0684676
46.5		0.0684676
46.6		0.0684676
46.7		0.0684676
46.8		0.0684676
46.9		0.0684676
47		0.0684676
47.1		0.0690498
47.2		0.0690498
47.3		0.0690498
47.4		0.0690498
47.5		0.0690498
47.6		0.0690498
47.7		0.0690498
47.8		0.0690498
47.9		0.0690498
48		0.0690498
48.1		0.0700978
48.2		0.0700978
48.3		0.0700978
48.4		0.0700978
48.5		0.0700978
48.6		0.0700978
48.7		0.0700978
48.8		0.0700978
48.9		0.0700978
49		0.0700978
49.1		0.0707965
49.2		0.0707965
49.3		0.0707965
49.4		0.0707965
49.5		0.0707965
49.6		0.0707965
49.7		0.0707965
49.8		0.0707965
49.9		0.0707965
50		0.0707965
50.1		0.072776
50.2		0.072776
50.3		0.072776
50.4		0.072776
50.5		0.072776
50.6		0.072776
50.7		0.072776
50.8		0.072776
50.9		0.072776
51		0.072776
51.1		0.074639
51.2		0.074639
51.3		0.074639
51.4		0.074639
51.5		0.074639
51.6		0.074639
51.7		0.074639
51.8		0.074639
51.9		0.074639
52		0.074639
52.1		0.0790638
52.2		0.0790638
52.3		0.0790638
52.4		0.0790638
52.5		0.0790638
52.6		0.0790638
52.7		0.0790638
52.8		0.0790638
52.9		0.0790638
53		0.0790638
53.1		0.0790638
53.2		0.0790638
53.3		0.0790638
53.4		0.0790638
53.5		0.0790638
53.6		0.0790638
53.7		0.0790638
53.8		0.0790638
53.9		0.0790638
54		0.0790638
54.1		0.0841872
54.2		0.0841872
54.3		0.0841872
54.4		0.0841872
54.5		0.0841872
54.6		0.0841872
54.7		0.0841872
54.8		0.0841872
54.9		0.0841872
55		0.0841872
55.1		0.0841872
55.2		0.0841872
55.3		0.0841872
55.4		0.0841872
55.5		0.0841872
55.6		0.0841872
55.7		0.0841872
55.8		0.0841872
55.9		0.0841872
56		0.0841872
56.1		0.0844201
56.2		0.0844201
56.3		0.0844201
56.4		0.0844201
56.5		0.0844201
56.6		0.0844201
56.7		0.0844201
56.8		0.0844201
56.9		0.0844201
57		0.0844201
57.1		0.0852352
57.2		0.0852352
57.3		0.0852352
57.4		0.0852352
57.5		0.0852352
57.6		0.0852352
57.7		0.0852352
57.8		0.0852352
57.9		0.0852352
58		0.0852352
58.1		0.0929204
58.2		0.0929204
58.3		0.0929204
58.4		0.0929204
58.5		0.0929204
58.6		0.0929204
58.7		0.0929204
58.8		0.0929204
58.9		0.0929204
59		0.0929204
59.1		0.0930368
59.2		0.0930368
59.3		0.0930368
59.4		0.0930368
59.5		0.0930368
59.6		0.0930368
59.7		0.0930368
59.8		0.0930368
59.9		0.0930368
60		0.0930368
60.1		0.0935026
60.2		0.0935026
60.3		0.0935026
60.4		0.0935026
60.5		0.0935026
60.6		0.0935026
60.7		0.0935026
60.8		0.0935026
60.9		0.0935026
61		0.0935026
61.1		0.0954821
61.2		0.0954821
61.3		0.0954821
61.4		0.0954821
61.5		0.0954821
61.6		0.0954821
61.7		0.0954821
61.8		0.0954821
61.9		0.0954821
62		0.0954821
62.1		0.098626
62.2		0.098626
62.3		0.098626
62.4		0.098626
62.5		0.098626
62.6		0.098626
62.7		0.098626
62.8		0.098626
62.9		0.098626
63		0.098626
63.1		0.0990918
63.2		0.0990918
63.3		0.0990918
63.4		0.0990918
63.5		0.0990918
63.6		0.0990918
63.7		0.0990918
63.8		0.0990918
63.9		0.0990918
64		0.0990918
64.1		0.103517
64.2		0.103517
64.3		0.103517
64.4		0.103517
64.5		0.103517
64.6		0.103517
64.7		0.103517
64.8		0.103517
64.9		0.103517
65		0.103517
65.1		0.103866
65.2		0.103866
65.3		0.103866
65.4		0.103866
65.5		0.103866
65.6		0.103866
65.7		0.103866
65.8		0.103866
65.9		0.103866
66		0.103866
66.1		0.104914
66.2		0.104914
66.3		0.104914
66.4		0.104914
66.5		0.104914
66.6		0.104914
66.7		0.104914
66.8		0.104914
66.9		0.104914
67		0.104914
67.1		0.107476
67.2		0.107476
67.3		0.107476
67.4		0.107476
67.5		0.107476
67.6		0.107476
67.7		0.107476
67.8		0.107476
67.9		0.107476
68		0.107476
68.1		0.108756
68.2		0.108756
68.3		0.108756
68.4		0.108756
68.5		0.108756
68.6		0.108756
68.7		0.108756
68.8		0.108756
68.9		0.108756
69		0.108756
69.1		0.111202
69.2		0.111202
69.3		0.111202
69.4		0.111202
69.5		0.111202
69.6		0.111202
69.7		0.111202
69.8		0.111202
69.9		0.111202
70		0.111202
70.1		0.112715
70.2		0.112715
70.3		0.112715
70.4		0.112715
70.5		0.112715
70.6		0.112715
70.7		0.112715
70.8		0.112715
70.9		0.112715
71		0.112715
71.1		0.116674
71.2		0.116674
71.3		0.116674
71.4		0.116674
71.5		0.116674
71.6		0.116674
71.7		0.116674
71.8		0.116674
71.9		0.116674
72		0.116674
72.1		0.118887
72.2		0.118887
72.3		0.118887
72.4		0.118887
72.5		0.118887
72.6		0.118887
72.7		0.118887
72.8		0.118887
72.9		0.118887
73		0.118887
73.1		0.120401
73.2		0.120401
73.3		0.120401
73.4		0.120401
73.5		0.120401
73.6		0.120401
73.7		0.120401
73.8		0.120401
73.9		0.120401
74		0.120401
74.1		0.12075
74.2		0.12075
74.3		0.12075
74.4		0.12075
74.5		0.12075
74.6		0.12075
74.7		0.12075
74.8		0.12075
74.9		0.12075
75		0.12075
75.1		0.122031
75.2		0.122031
75.3		0.122031
75.4		0.122031
75.5		0.122031
75.6		0.122031
75.7		0.122031
75.8		0.122031
75.9		0.122031
76		0.122031
76.1		0.12564
76.2		0.12564
76.3		0.12564
76.4		0.12564
76.5		0.12564
76.6		0.12564
76.7		0.12564
76.8		0.12564
76.9		0.12564
77		0.12564
77.1		0.128435
77.2		0.128435
77.3		0.128435
77.4		0.128435
77.5		0.128435
77.6		0.128435
77.7		0.128435
77.8		0.128435
77.9		0.128435
78		0.128435
78.1		0.129832
78.2		0.129832
78.3		0.129832
78.4		0.129832
78.5		0.129832
78.6		0.129832
78.7		0.129832
78.8		0.129832
78.9		0.129832
79		0.129832
79.1		0.132627
79.2		0.132627
79.3		0.132627
79.4		0.132627
79.5		0.132627
79.6		0.132627
79.7		0.132627
79.8		0.132627
79.9		0.132627
80		0.132627
80.1		0.136935
80.2		0.136935
80.3		0.136935
80.4		0.136935
80.5		0.136935
80.6		0.136935
80.7		0.136935
80.8		0.136935
80.9		0.136935
81		0.136935
81.1		0.137285
81.2		0.137285
81.3		0.137285
81.4		0.137285
81.5		0.137285
81.6		0.137285
81.7		0.137285
81.8		0.137285
81.9		0.137285
82		0.137285
82.1		0.139148
82.2		0.139148
82.3		0.139148
82.4		0.139148
82.5		0.139148
82.6		0.139148
82.7		0.139148
82.8		0.139148
82.9		0.139148
83		0.139148
83.1		0.140661
83.2		0.140661
83.3		0.140661
83.4		0.140661
83.5		0.140661
83.6		0.140661
83.7		0.140661
83.8		0.140661
83.9		0.140661
84		0.140661
84.1		0.144737
84.2		0.144737
84.3		0.144737
84.4		0.144737
84.5		0.144737
84.6		0.144737
84.7		0.144737
84.8		0.144737
84.9		0.144737
85		0.144737
85.1		0.1466
85.2		0.1466
85.3		0.1466
85.4		0.1466
85.5		0.1466
85.6		0.1466
85.7		0.1466
85.8		0.1466
85.9		0.1466
86		0.1466
86.1		0.148347
86.2		0.148347
86.3		0.148347
86.4		0.148347
86.5		0.148347
86.6		0.148347
86.7		0.148347
86.8		0.148347
86.9		0.148347
87		0.148347
87.1		0.149627
87.2		0.149627
87.3		0.149627
87.4		0.149627
87.5		0.149627
87.6		0.149627
87.7		0.149627
87.8		0.149627
87.9		0.149627
88		0.149627
88.1		0.153703
88.2		0.153703
88.3		0.153703
88.4		0.153703
88.5		0.153703
88.6		0.153703
88.7		0.153703
88.8		0.153703
88.9		0.153703
89		0.153703
89.1		0.155333
89.2		0.155333
89.3		0.155333
89.4		0.155333
89.5		0.155333
89.6		0.155333
89.7		0.155333
89.8		0.155333
89.9		0.155333
90		0.155333
90.1		0.155449
90.2		0.155449
90.3		0.155449
90.4		0.155449
90.5		0.155449
90.6		0.155449
90.7		0.155449
90.8		0.155449
90.9		0.155449
91		0.155449
91.1		0.161504
91.2		0.161504
91.3		0.161504
91.4		0.161504
91.5		0.161504
91.6		0.161504
91.7		0.161504
91.8		0.161504
91.9		0.161504
92		0.161504
92.1		0.162552
92.2		0.162552
92.3		0.162552
92.4		0.162552
92.5		0.162552
92.6		0.162552
92.7		0.162552
92.8		0.162552
92.9		0.162552
93		0.162552
93.1		0.16558
93.2		0.16558
93.3		0.16558
93.4		0.16558
93.5		0.16558
93.6		0.16558
93.7		0.16558
93.8		0.16558
93.9		0.16558
94		0.16558
94.1		0.165813
94.2		0.165813
94.3		0.165813
94.4		0.165813
94.5		0.165813
94.6		0.165813
94.7		0.165813
94.8		0.165813
94.9		0.165813
95		0.165813
95.1		0.166162
95.2		0.166162
95.3		0.166162
95.4		0.166162
95.5		0.166162
95.6		0.166162
95.7		0.166162
95.8		0.166162
95.9		0.166162
96		0.166162
96.1		0.173032
96.2		0.173032
96.3		0.173032
96.4		0.173032
96.5		0.173032
96.6		0.173032
96.7		0.173032
96.8		0.173032
96.9		0.173032
97		0.173032
97.1		0.173614
97.2		0.173614
97.3		0.173614
97.4		0.173614
97.5		0.173614
97.6		0.173614
97.7		0.173614
97.8		0.173614
97.9		0.173614
98		0.173614
98.1		0.173731
98.2		0.173731
98.3		0.173731
98.4		0.173731
98.5		0.173731
98.6		0.173731
98.7		0.173731
98.8		0.173731
98.9		0.173731
99		0.173731
99.1		0.175012
99.2		0.175012
99.3		0.175012
99.4		0.175012
99.5		0.175012
99.6		0.175012
99.7		0.175012
99.8		0.175012
99.9		0.175012
100		0.175012
100.1		0.177224
100.2		0.177224
100.3		0.177224
100.4		0.177224
100.5		0.177224
100.6		0.177224
100.7		0.177224
100.8		0.177224
100.9		0.177224
101		0.177224
101.1		0.182115
101.2		0.182115
101.3		0.182115
101.4		0.182115
101.5		0.182115
101.6		0.182115
101.7		0.182115
101.8		0.182115
101.9		0.182115
102		0.182115
102.1		0.182347
102.2		0.182347
102.3		0.182347
102.4		0.182347
102.5		0.182347
102.6		0.182347
102.7		0.182347
102.8		0.182347
102.9		0.182347
103		0.182347
103.1		0.185841
103.2		0.185841
103.3		0.185841
103.4		0.185841
103.5		0.185841
103.6		0.185841
103.7		0.185841
103.8		0.185841
103.9		0.185841
104		0.185841
104.1		0.18619
104.2		0.18619
104.3		0.18619
104.4		0.18619
104.5		0.18619
104.6		0.18619
104.7		0.18619
104.8		0.18619
104.9		0.18619
105		0.18619
105.1		0.190964
105.2		0.190964
105.3		0.190964
105.4		0.190964
105.5		0.190964
105.6		0.190964
105.7		0.190964
105.8		0.190964
105.9		0.190964
106		0.190964
106.1		0.192944
106.2		0.192944
106.3		0.192944
106.4		0.192944
106.5		0.192944
106.6		0.192944
106.7		0.192944
106.8		0.192944
106.9		0.192944
107		0.192944
107.1		0.19306
107.2		0.19306
107.3		0.19306
107.4		0.19306
107.5		0.19306
107.6		0.19306
107.7		0.19306
107.8		0.19306
107.9		0.19306
108		0.19306
108.1		0.193409
108.2		0.193409
108.3		0.193409
108.4		0.193409
108.5		0.193409
108.6		0.193409
108.7		0.193409
108.8		0.193409
108.9		0.193409
109		0.193409
109.1		0.199348
109.2		0.199348
109.3		0.199348
109.4		0.199348
109.5		0.199348
109.6		0.199348
109.7		0.199348
109.8		0.199348
109.9		0.199348
110		0.199348
110.1		0.200279
110.2		0.200279
110.3		0.200279
110.4		0.200279
110.5		0.200279
110.6		0.200279
110.7		0.200279
110.8		0.200279
110.9		0.200279
111		0.200279
111.1		0.203074
111.2		0.203074
111.3		0.203074
111.4		0.203074
111.5		0.203074
111.6		0.203074
111.7		0.203074
111.8		0.203074
111.9		0.203074
112		0.203074
112.1		0.203307
112.2		0.203307
112.3		0.203307
112.4		0.203307
112.5		0.203307
112.6		0.203307
112.7		0.203307
112.8		0.203307
112.9		0.203307
113		0.203307
113.1		0.203423
113.2		0.203423
113.3		0.203423
113.4		0.203423
113.5		0.203423
113.6		0.203423
113.7		0.203423
113.8		0.203423
113.9		0.203423
114		0.203423
114.1		0.209013
114.2		0.209013
114.3		0.209013
114.4		0.209013
114.5		0.209013
114.6		0.209013
114.7		0.209013
114.8		0.209013
114.9		0.209013
115		0.209013
115.1		0.211109
115.2		0.211109
115.3		0.211109
115.4		0.211109
115.5		0.211109
115.6		0.211109
115.7		0.211109
115.8		0.211109
115.9		0.211109
116		0.211109
116.1		0.211225
116.2		0.211225
116.3		0.211225
116.4		0.211225
116.5		0.211225
116.6		0.211225
116.7		0.211225
116.8		0.211225
116.9		0.211225
117		0.211225
117.1		0.212273
117.2		0.212273
117.3		0.212273
117.4		0.212273
117.5		0.212273
117.6		0.212273
117.7		0.212273
117.8		0.212273
117.9		0.212273
118		0.212273
118.1		0.214602
118.2		0.214602
118.3		0.214602
118.4		0.214602
118.5		0.214602
118.6		0.214602
118.7		0.214602
118.8		0.214602
118.9		0.214602
119		0.214602
119.1		0.218444
119.2		0.218444
119.3		0.218444
119.4		0.218444
119.5		0.218444
119.6		0.218444
119.7		0.218444
119.8		0.218444
119.9		0.218444
120		0.218444
120.1		0.219376
120.2		0.219376
120.3		0.219376
120.4		0.219376
120.5		0.219376
120.6		0.219376
120.7		0.219376
120.8		0.219376
120.9		0.219376
121		0.219376
121.1		0.221355
121.2		0.221355
121.3		0.221355
121.4		0.221355
121.5		0.221355
121.6		0.221355
121.7		0.221355
121.8		0.221355
121.9		0.221355
122		0.221355
122.1		0.223335
122.2		0.223335
122.3		0.223335
122.4		0.223335
122.5		0.223335
122.6		0.223335
122.7		0.223335
122.8		0.223335
122.9		0.223335
123		0.223335
123.1		0.226129
123.2		0.226129
123.3		0.226129
123.4		0.226129
123.5		0.226129
123.6		0.226129
123.7		0.226129
123.8		0.226129
123.9		0.226129
124		0.226129
124.1		0.22776
124.2		0.22776
124.3		0.22776
124.4		0.22776
124.5		0.22776
124.6		0.22776
124.7		0.22776
124.8		0.22776
124.9		0.22776
125		0.22776
125.1		0.229623
125.2		0.229623
125.3		0.229623
125.4		0.229623
125.5		0.229623
125.6		0.229623
125.7		0.229623
125.8		0.229623
125.9		0.229623
126		0.229623
126.1		0.234048
126.2		0.234048
126.3		0.234048
126.4		0.234048
126.5		0.234048
126.6		0.234048
126.7		0.234048
126.8		0.234048
126.9		0.234048
127		0.234048
127.1		0.236143
127.2		0.236143
127.3		0.236143
127.4		0.236143
127.5		0.236143
127.6		0.236143
127.7		0.236143
127.8		0.236143
127.9		0.236143
128		0.236143
128.1		0.237541
128.2		0.237541
128.3		0.237541
128.4		0.237541
128.5		0.237541
128.6		0.237541
128.7		0.237541
128.8		0.237541
128.9		0.237541
129		0.237541
129.1		0.238356
129.2		0.238356
129.3		0.238356
129.4		0.238356
129.5		0.238356
129.6		0.238356
129.7		0.238356
129.8		0.238356
129.9		0.238356
130		0.238356
130.1		0.240219
130.2		0.240219
130.3		0.240219
130.4		0.240219
130.5		0.240219
130.6		0.240219
130.7		0.240219
130.8		0.240219
130.9		0.240219
131		0.240219
131.1		0.24115
131.2		0.24115
131.3		0.24115
131.4		0.24115
131.5		0.24115
131.6		0.24115
131.7		0.24115
131.8		0.24115
131.9		0.24115
132		0.24115
132.1		0.24674
132.2		0.24674
132.3		0.24674
132.4		0.24674
132.5		0.24674
132.6		0.24674
132.7		0.24674
132.8		0.24674
132.9		0.24674
133		0.24674
133.1		0.24802
133.2		0.24802
133.3		0.24802
133.4		0.24802
133.5		0.24802
133.6		0.24802
133.7		0.24802
133.8		0.24802
133.9		0.24802
134		0.24802
134.1		0.248836
134.2		0.248836
134.3		0.248836
134.4		0.248836
134.5		0.248836
134.6		0.248836
134.7		0.248836
134.8		0.248836
134.9		0.248836
135		0.248836
135.1		0.249301
135.2		0.249301
135.3		0.249301
135.4		0.249301
135.5		0.249301
135.6		0.249301
135.7		0.249301
135.8		0.249301
135.9		0.249301
136		0.249301
136.1		0.255589
136.2		0.255589
136.3		0.255589
136.4		0.255589
136.5		0.255589
136.6		0.255589
136.7		0.255589
136.8		0.255589
136.9		0.255589
137		0.255589
137.1		0.256521
137.2		0.256521
137.3		0.256521
137.4		0.256521
137.5		0.256521
137.6		0.256521
137.7		0.256521
137.8		0.256521
137.9		0.256521
138		0.256521
138.1		0.258966
138.2		0.258966
138.3		0.258966
138.4		0.258966
138.5		0.258966
138.6		0.258966
138.7		0.258966
138.8		0.258966
138.9		0.258966
139		0.258966
139.1		0.259199
139.2		0.259199
139.3		0.259199
139.4		0.259199
139.5		0.259199
139.6		0.259199
139.7		0.259199
139.8		0.259199
139.9		0.259199
140		0.259199
140.1		0.261062
140.2		0.261062
140.3		0.261062
140.4		0.261062
140.5		0.261062
140.6		0.261062
140.7		0.261062
140.8		0.261062
140.9		0.261062
141		0.261062
141.1		0.263857
141.2		0.263857
141.3		0.263857
141.4		0.263857
141.5		0.263857
141.6		0.263857
141.7		0.263857
141.8		0.263857
141.9		0.263857
142		0.263857
142.1		0.267117
142.2		0.267117
142.3		0.267117
142.4		0.267117
142.5		0.267117
142.6		0.267117
142.7		0.267117
142.8		0.267117
142.9		0.267117
143		0.267117
143.1		0.267699
143.2		0.267699
143.3		0.267699
143.4		0.267699
143.5		0.267699
143.6		0.267699
143.7		0.267699
143.8		0.267699
143.9		0.267699
144		0.267699
144.1		0.270843
144.2		0.270843
144.3		0.270843
144.4		0.270843
144.5		0.270843
144.6		0.270843
144.7		0.270843
144.8		0.270843
144.9		0.270843
145		0.270843
145.1		0.271192
145.2		0.271192
145.3		0.271192
145.4		0.271192
145.5		0.271192
145.6		0.271192
145.7		0.271192
145.8		0.271192
145.9		0.271192
146		0.271192
146.1		0.271775
146.2		0.271775
146.3		0.271775
146.4		0.271775
146.5		0.271775
146.6		0.271775
146.7		0.271775
146.8		0.271775
146.9		0.271775
147		0.271775
147.1		0.274918
147.2		0.274918
147.3		0.274918
147.4		0.274918
147.5		0.274918
147.6		0.274918
147.7		0.274918
147.8		0.274918
147.9		0.274918
148		0.274918
148.1		0.27946
148.2		0.27946
148.3		0.27946
148.4		0.27946
148.5		0.27946
148.6		0.27946
148.7		0.27946
148.8		0.27946
148.9		0.27946
149		0.27946
149.1		0.280857
149.2		0.280857
149.3		0.280857
149.4		0.280857
149.5		0.280857
149.6		0.280857
149.7		0.280857
149.8		0.280857
149.9		0.280857
150		0.280857
150.1		0.281789
150.2		0.281789
150.3		0.281789
150.4		0.281789
150.5		0.281789
150.6		0.281789
150.7		0.281789
150.8		0.281789
150.9		0.281789
151		0.281789
151.1		0.28272
151.2		0.28272
151.3		0.28272
151.4		0.28272
151.5		0.28272
151.6		0.28272
151.7		0.28272
151.8		0.28272
151.9		0.28272
152		0.28272
152.1		0.28272
152.2		0.28272
152.3		0.28272
152.4		0.28272
152.5		0.28272
152.6		0.28272
152.7		0.28272
152.8		0.28272
152.9		0.28272
153		0.28272
153.1		0.287378
153.2		0.287378
153.3		0.287378
153.4		0.287378
153.5		0.287378
153.6		0.287378
153.7		0.287378
153.8		0.287378
153.9		0.287378
154		0.287378
154.1		0.289474
154.2		0.289474
154.3		0.289474
154.4		0.289474
154.5		0.289474
154.6		0.289474
154.7		0.289474
154.8		0.289474
154.9		0.289474
155		0.289474
155.1		0.290522
155.2		0.290522
155.3		0.290522
155.4		0.290522
155.5		0.290522
155.6		0.290522
155.7		0.290522
155.8		0.290522
155.9		0.290522
156		0.290522
156.1		0.291803
156.2		0.291803
156.3		0.291803
156.4		0.291803
156.5		0.291803
156.6		0.291803
156.7		0.291803
156.8		0.291803
156.9		0.291803
157		0.291803
157.1		0.29285
157.2		0.29285
157.3		0.29285
157.4		0.29285
157.5		0.29285
157.6		0.29285
157.7		0.29285
157.8		0.29285
157.9		0.29285
158		0.29285
158.1		0.295645
158.2		0.295645
158.3		0.295645
158.4		0.295645
158.5		0.295645
158.6		0.295645
158.7		0.295645
158.8		0.295645
158.9		0.295645
159		0.295645
159.1		0.297625
159.2		0.297625
159.3		0.297625
159.4		0.297625
159.5		0.297625
159.6		0.297625
159.7		0.297625
159.8		0.297625
159.9		0.297625
160		0.297625
160.1		0.300769
160.2		0.300769
160.3		0.300769
160.4		0.300769
160.5		0.300769
160.6		0.300769
160.7		0.300769
160.8		0.300769
160.9		0.300769
161		0.300769
161.1		0.302632
161.2		0.302632
161.3		0.302632
161.4		0.302632
161.5		0.302632
161.6		0.302632
161.7		0.302632
161.8		0.302632
161.9		0.302632
162		0.302632
162.1		0.30531
162.2		0.30531
162.3		0.30531
162.4		0.30531
162.5		0.30531
162.6		0.30531
162.7		0.30531
162.8		0.30531
162.9		0.30531
163		0.30531
163.1		0.305776
163.2		0.305776
163.3		0.305776
163.4		0.305776
163.5		0.305776
163.6		0.305776
163.7		0.305776
163.8		0.305776
163.9		0.305776
164		0.305776
164.1		0.306125
164.2		0.306125
164.3		0.306125
164.4		0.306125
164.5		0.306125
164.6		0.306125
164.7		0.306125
164.8		0.306125
164.9		0.306125
165		0.306125
165.1		0.309269
165.2		0.309269
165.3		0.309269
165.4		0.309269
165.5		0.309269
165.6		0.309269
165.7		0.309269
165.8		0.309269
165.9		0.309269
166		0.309269
166.1		0.312762
166.2		0.312762
166.3		0.312762
166.4		0.312762
166.5		0.312762
166.6		0.312762
166.7		0.312762
166.8		0.312762
166.9		0.312762
167		0.312762
167.1		0.313926
167.2		0.313926
167.3		0.313926
167.4		0.313926
167.5		0.313926
167.6		0.313926
167.7		0.313926
167.8		0.313926
167.9		0.313926
168		0.313926
168.1		0.313926
168.2		0.313926
168.3		0.313926
168.4		0.313926
168.5		0.313926
168.6		0.313926
168.7		0.313926
168.8		0.313926
168.9		0.313926
169		0.313926
169.1		0.314858
169.2		0.314858
169.3		0.314858
169.4		0.314858
169.5		0.314858
169.6		0.314858
169.7		0.314858
169.8		0.314858
169.9		0.314858
170		0.314858
170.1		0.320564
170.2		0.320564
170.3		0.320564
170.4		0.320564
170.5		0.320564
170.6		0.320564
170.7		0.320564
170.8		0.320564
170.9		0.320564
171		0.320564
171.1		0.321961
171.2		0.321961
171.3		0.321961
171.4		0.321961
171.5		0.321961
171.6		0.321961
171.7		0.321961
171.8		0.321961
171.9		0.321961
172		0.321961
172.1		0.323475
172.2		0.323475
172.3		0.323475
172.4		0.323475
172.5		0.323475
172.6		0.323475
172.7		0.323475
172.8		0.323475
172.9		0.323475
173		0.323475
173.1		0.323824
173.2		0.323824
173.3		0.323824
173.4		0.323824
173.5		0.323824
173.6		0.323824
173.7		0.323824
173.8		0.323824
173.9		0.323824
174		0.323824
174.1		0.329762
174.2		0.329762
174.3		0.329762
174.4		0.329762
174.5		0.329762
174.6		0.329762
174.7		0.329762
174.8		0.329762
174.9		0.329762
175		0.329762
175.1		0.329879
175.2		0.329879
175.3		0.329879
175.4		0.329879
175.5		0.329879
175.6		0.329879
175.7		0.329879
175.8		0.329879
175.9		0.329879
176		0.329879
176.1		0.331626
176.2		0.331626
176.3		0.331626
176.4		0.331626
176.5		0.331626
176.6		0.331626
176.7		0.331626
176.8		0.331626
176.9		0.331626
177		0.331626
177.1		0.332557
177.2		0.332557
177.3		0.332557
177.4		0.332557
177.5		0.332557
177.6		0.332557
177.7		0.332557
177.8		0.332557
177.9		0.332557
178		0.332557
178.1		0.334769
178.2		0.334769
178.3		0.334769
178.4		0.334769
178.5		0.334769
178.6		0.334769
178.7		0.334769
178.8		0.334769
178.9		0.334769
179		0.334769
179.1		0.335585
179.2		0.335585
179.3		0.335585
179.4		0.335585
179.5		0.335585
179.6		0.335585
179.7		0.335585
179.8		0.335585
179.9		0.335585
180		0.335585
180.1		0.337448
180.2		0.337448
180.3		0.337448
180.4		0.337448
180.5		0.337448
180.6		0.337448
180.7		0.337448
180.8		0.337448
180.9		0.337448
181		0.337448
181.1		0.337913
181.2		0.337913
181.3		0.337913
181.4		0.337913
181.5		0.337913
181.6		0.337913
181.7		0.337913
181.8		0.337913
181.9		0.337913
182		0.337913
182.1		0.345948
182.2		0.345948
182.3		0.345948
182.4		0.345948
182.5		0.345948
182.6		0.345948
182.7		0.345948
182.8		0.345948
182.9		0.345948
183		0.345948
183.1		0.346297
183.2		0.346297
183.3		0.346297
183.4		0.346297
183.5		0.346297
183.6		0.346297
183.7		0.346297
183.8		0.346297
183.9		0.346297
184		0.346297
184.1		0.346879
184.2		0.346879
184.3		0.346879
184.4		0.346879
184.5		0.346879
184.6		0.346879
184.7		0.346879
184.8		0.346879
184.9		0.346879
185		0.346879
185.1		0.347112
185.2		0.347112
185.3		0.347112
185.4		0.347112
185.5		0.347112
185.6		0.347112
185.7		0.347112
185.8		0.347112
185.9		0.347112
186		0.347112
186.1		0.349558
186.2		0.349558
186.3		0.349558
186.4		0.349558
186.5		0.349558
186.6		0.349558
186.7		0.349558
186.8		0.349558
186.9		0.349558
187		0.349558
187.1		0.354681
187.2		0.354681
187.3		0.354681
187.4		0.354681
187.5		0.354681
187.6		0.354681
187.7		0.354681
187.8		0.354681
187.9		0.354681
188		0.354681
188.1		0.355496
188.2		0.355496
188.3		0.355496
188.4		0.355496
188.5		0.355496
188.6		0.355496
188.7		0.355496
188.8		0.355496
188.9		0.355496
189		0.355496
189.1		0.355845
189.2		0.355845
189.3		0.355845
189.4		0.355845
189.5		0.355845
189.6		0.355845
189.7		0.355845
189.8		0.355845
189.9		0.355845
190		0.355845
190.1		0.356428
190.2		0.356428
190.3		0.356428
190.4		0.356428
190.5		0.356428
190.6		0.356428
190.7		0.356428
190.8		0.356428
190.9		0.356428
191		0.356428
191.1		0.357941
191.2		0.357941
191.3		0.357941
191.4		0.357941
191.5		0.357941
191.6		0.357941
191.7		0.357941
191.8		0.357941
191.9		0.357941
192		0.357941
192.1		0.360736
192.2		0.360736
192.3		0.360736
192.4		0.360736
192.5		0.360736
192.6		0.360736
192.7		0.360736
192.8		0.360736
192.9		0.360736
193		0.360736
193.1		0.363647
193.2		0.363647
193.3		0.363647
193.4		0.363647
193.5		0.363647
193.6		0.363647
193.7		0.363647
193.8		0.363647
193.9		0.363647
194		0.363647
194.1		0.367606
194.2		0.367606
194.3		0.367606
194.4		0.367606
194.5		0.367606
194.6		0.367606
194.7		0.367606
194.8		0.367606
194.9		0.367606
195		0.367606
195.1		0.368072
195.2		0.368072
195.3		0.368072
195.4		0.368072
195.5		0.368072
195.6		0.368072
195.7		0.368072
195.8		0.368072
195.9		0.368072
196		0.368072
196.1		0.368887
196.2		0.368887
196.3		0.368887
196.4		0.368887
196.5		0.368887
196.6		0.368887
196.7		0.368887
196.8		0.368887
196.9		0.368887
197		0.368887
197.1		0.370517
197.2		0.370517
197.3		0.370517
197.4		0.370517
197.5		0.370517
197.6		0.370517
197.7		0.370517
197.8		0.370517
197.9		0.370517
198		0.370517
198.1		0.371449
198.2		0.371449
198.3		0.371449
198.4		0.371449
198.5		0.371449
198.6		0.371449
198.7		0.371449
198.8		0.371449
198.9		0.371449
199		0.371449
199.1		0.372729
199.2		0.372729
199.3		0.372729
199.4		0.372729
199.5		0.372729
199.6		0.372729
199.7		0.372729
199.8		0.372729
199.9		0.372729
200		0.372729
200.1		0.379017
200.2		0.379017
200.3		0.379017
200.4		0.379017
200.5		0.379017
200.6		0.379017
200.7		0.379017
200.8		0.379017
200.9		0.379017
201		0.379017
201.1		0.38088
201.2		0.38088
201.3		0.38088
201.4		0.38088
201.5		0.38088
201.6		0.38088
201.7		0.38088
201.8		0.38088
201.9		0.38088
202		0.38088
202.1		0.381812
202.2		0.381812
202.3		0.381812
202.4		0.381812
202.5		0.381812
202.6		0.381812
202.7		0.381812
202.8		0.381812
202.9		0.381812
203		0.381812
203.1		0.381812
203.2		0.381812
203.3		0.381812
203.4		0.381812
203.5		0.381812
203.6		0.381812
203.7		0.381812
203.8		0.381812
203.9		0.381812
204		0.381812
204.1		0.386469
204.2		0.386469
204.3		0.386469
204.4		0.386469
204.5		0.386469
204.6		0.386469
204.7		0.386469
204.8		0.386469
204.9		0.386469
205		0.386469
205.1		0.388449
205.2		0.388449
205.3		0.388449
205.4		0.388449
205.5		0.388449
205.6		0.388449
205.7		0.388449
205.8		0.388449
205.9		0.388449
206		0.388449
206.1		0.38973
206.2		0.38973
206.3		0.38973
206.4		0.38973
206.5		0.38973
206.6		0.38973
206.7		0.38973
206.8		0.38973
206.9		0.38973
207		0.38973
207.1		0.391709
207.2		0.391709
207.3		0.391709
207.4		0.391709
207.5		0.391709
207.6		0.391709
207.7		0.391709
207.8		0.391709
207.9		0.391709
208		0.391709
208.1		0.394388
208.2		0.394388
208.3		0.394388
208.4		0.394388
208.5		0.394388
208.6		0.394388
208.7		0.394388
208.8		0.394388
208.9		0.394388
209		0.394388
209.1		0.396949
209.2		0.396949
209.3		0.396949
209.4		0.396949
209.5		0.396949
209.6		0.396949
209.7		0.396949
209.8		0.396949
209.9		0.396949
210		0.396949
210.1		0.398812
210.2		0.398812
210.3		0.398812
210.4		0.398812
210.5		0.398812
210.6		0.398812
210.7		0.398812
210.8		0.398812
210.9		0.398812
211		0.398812
211.1		0.39986
211.2		0.39986
211.3		0.39986
211.4		0.39986
211.5		0.39986
211.6		0.39986
211.7		0.39986
211.8		0.39986
211.9		0.39986
212		0.39986
212.1		0.402422
212.2		0.402422
212.3		0.402422
212.4		0.402422
212.5		0.402422
212.6		0.402422
212.7		0.402422
212.8		0.402422
212.9		0.402422
213		0.402422
213.1		0.406032
213.2		0.406032
213.3		0.406032
213.4		0.406032
213.5		0.406032
213.6		0.406032
213.7		0.406032
213.8		0.406032
213.9		0.406032
214		0.406032
214.1		0.407778
214.2		0.407778
214.3		0.407778
214.4		0.407778
214.5		0.407778
214.6		0.407778
214.7		0.407778
214.8		0.407778
214.9		0.407778
215		0.407778
215.1		0.408244
215.2		0.408244
215.3		0.408244
215.4		0.408244
215.5		0.408244
215.6		0.408244
215.7		0.408244
215.8		0.408244
215.9		0.408244
216		0.408244
216.1		0.414066
216.2		0.414066
216.3		0.414066
216.4		0.414066
216.5		0.414066
216.6		0.414066
216.7		0.414066
216.8		0.414066
216.9		0.414066
217		0.414066
217.1		0.414648
217.2		0.414648
217.3		0.414648
217.4		0.414648
217.5		0.414648
217.6		0.414648
217.7		0.414648
217.8		0.414648
217.9		0.414648
218		0.414648
218.1		0.416744
218.2		0.416744
218.3		0.416744
218.4		0.416744
218.5		0.416744
218.6		0.416744
218.7		0.416744
218.8		0.416744
218.9		0.416744
219		0.416744
219.1		0.41919
219.2		0.41919
219.3		0.41919
219.4		0.41919
219.5		0.41919
219.6		0.41919
219.7		0.41919
219.8		0.41919
219.9		0.41919
220		0.41919
220.1		0.421635
220.2		0.421635
220.3		0.421635
220.4		0.421635
220.5		0.421635
220.6		0.421635
220.7		0.421635
220.8		0.421635
220.9		0.421635
221		0.421635
221.1		0.423381
221.2		0.423381
221.3		0.423381
221.4		0.423381
221.5		0.423381
221.6		0.423381
221.7		0.423381
221.8		0.423381
221.9		0.423381
222		0.423381
222.1		0.424895
222.2		0.424895
222.3		0.424895
222.4		0.424895
222.5		0.424895
222.6		0.424895
222.7		0.424895
222.8		0.424895
222.9		0.424895
223		0.424895
223.1		0.425943
223.2		0.425943
223.3		0.425943
223.4		0.425943
223.5		0.425943
223.6		0.425943
223.7		0.425943
223.8		0.425943
223.9		0.425943
224		0.425943
224.1		0.42769
224.2		0.42769
224.3		0.42769
224.4		0.42769
224.5		0.42769
224.6		0.42769
224.7		0.42769
224.8		0.42769
224.9		0.42769
225		0.42769
225.1		0.429087
225.2		0.429087
225.3		0.429087
225.4		0.429087
225.5		0.429087
225.6		0.429087
225.7		0.429087
225.8		0.429087
225.9		0.429087
226		0.429087
226.1		0.434909
226.2		0.434909
226.3		0.434909
226.4		0.434909
226.5		0.434909
226.6		0.434909
226.7		0.434909
226.8		0.434909
226.9		0.434909
227		0.434909
227.1		0.435026
227.2		0.435026
227.3		0.435026
227.4		0.435026
227.5		0.435026
227.6		0.435026
227.7		0.435026
227.8		0.435026
227.9		0.435026
228		0.435026
228.1		0.435724
228.2		0.435724
228.3		0.435724
228.4		0.435724
228.5		0.435724
228.6		0.435724
228.7		0.435724
228.8		0.435724
228.9		0.435724
229		0.435724
229.1		0.437587
229.2		0.437587
229.3		0.437587
229.4		0.437587
229.5		0.437587
229.6		0.437587
229.7		0.437587
229.8		0.437587
229.9		0.437587
230		0.437587
230.1		0.441546
230.2		0.441546
230.3		0.441546
230.4		0.441546
230.5		0.441546
230.6		0.441546
230.7		0.441546
230.8		0.441546
230.9		0.441546
231		0.441546
231.1		0.443409
231.2		0.443409
231.3		0.443409
231.4		0.443409
231.5		0.443409
231.6		0.443409
231.7		0.443409
231.8		0.443409
231.9		0.443409
232		0.443409
232.1		0.446088
232.2		0.446088
232.3		0.446088
232.4		0.446088
232.5		0.446088
232.6		0.446088
232.7		0.446088
232.8		0.446088
232.9		0.446088
233		0.446088
233.1		0.447485
233.2		0.447485
233.3		0.447485
233.4		0.447485
233.5		0.447485
233.6		0.447485
233.7		0.447485
233.8		0.447485
233.9		0.447485
234		0.447485
234.1		0.450163
234.2		0.450163
234.3		0.450163
234.4		0.450163
234.5		0.450163
234.6		0.450163
234.7		0.450163
234.8		0.450163
234.9		0.450163
235		0.450163
235.1		0.450862
235.2		0.450862
235.3		0.450862
235.4		0.450862
235.5		0.450862
235.6		0.450862
235.7		0.450862
235.8		0.450862
235.9		0.450862
236		0.450862
236.1		0.450978
236.2		0.450978
236.3		0.450978
236.4		0.450978
236.5		0.450978
236.6		0.450978
236.7		0.450978
236.8		0.450978
236.9		0.450978
237		0.450978
237.1		0.452143
237.2		0.452143
237.3		0.452143
237.4		0.452143
237.5		0.452143
237.6		0.452143
237.7		0.452143
237.8		0.452143
237.9		0.452143
238		0.452143
238.1		0.4568
238.2		0.4568
238.3		0.4568
238.4		0.4568
238.5		0.4568
238.6		0.4568
238.7		0.4568
238.8		0.4568
238.9		0.4568
239		0.4568
239.1		0.460293
239.2		0.460293
239.3		0.460293
239.4		0.460293
239.5		0.460293
239.6		0.460293
239.7		0.460293
239.8		0.460293
239.9		0.460293
240		0.460293
240.1		0.46041
240.2		0.46041
240.3		0.46041
240.4		0.46041
240.5		0.46041
240.6		0.46041
240.7		0.46041
240.8		0.46041
240.9		0.46041
241		0.46041
241.1		0.460526
241.2		0.460526
241.3		0.460526
241.4		0.460526
241.5		0.460526
241.6		0.460526
241.7		0.460526
241.8		0.460526
241.9		0.460526
242		0.460526
242.1		0.46204
242.2		0.46204
242.3		0.46204
242.4		0.46204
242.5		0.46204
242.6		0.46204
242.7		0.46204
242.8		0.46204
242.9		0.46204
243		0.46204
243.1		0.465417
243.2		0.465417
243.3		0.465417
243.4		0.465417
243.5		0.465417
243.6		0.465417
243.7		0.465417
243.8		0.465417
243.9		0.465417
244		0.465417
244.1		0.466581
244.2		0.466581
244.3		0.466581
244.4		0.466581
244.5		0.466581
244.6		0.466581
244.7		0.466581
244.8		0.466581
244.9		0.466581
245		0.466581
245.1		0.468794
245.2		0.468794
245.3		0.468794
245.4		0.468794
245.5		0.468794
245.6		0.468794
245.7		0.468794
245.8		0.468794
245.9		0.468794
246		0.468794
246.1		0.469376
246.2		0.469376
246.3		0.469376
246.4		0.469376
246.5		0.469376
246.6		0.469376
246.7		0.469376
246.8		0.469376
246.9		0.469376
247		0.469376
247.1		0.472753
247.2		0.472753
247.3		0.472753
247.4		0.472753
247.5		0.472753
247.6		0.472753
247.7		0.472753
247.8		0.472753
247.9		0.472753
248		0.472753
248.1		0.478225
248.2		0.478225
248.3		0.478225
248.4		0.478225
248.5		0.478225
248.6		0.478225
248.7		0.478225
248.8		0.478225
248.9		0.478225
249		0.478225
249.1		0.478575
249.2		0.478575
249.3		0.478575
249.4		0.478575
249.5		0.478575
249.6		0.478575
249.7		0.478575
249.8		0.478575
249.9		0.478575
250		0.478575
250.1		0.479041
250.2		0.479041
250.3		0.479041
250.4		0.479041
250.5		0.479041
250.6		0.479041
250.7		0.479041
250.8		0.479041
250.9		0.479041
251		0.479041
251.1		0.479157
251.2		0.479157
251.3		0.479157
251.4		0.479157
251.5		0.479157
251.6		0.479157
251.7		0.479157
251.8		0.479157
251.9		0.479157
252		0.479157
252.1		0.484863
252.2		0.484863
252.3		0.484863
252.4		0.484863
252.5		0.484863
252.6		0.484863
252.7		0.484863
252.8		0.484863
252.9		0.484863
253		0.484863
253.1		0.48626
253.2		0.48626
253.3		0.48626
253.4		0.48626
253.5		0.48626
253.6		0.48626
253.7		0.48626
253.8		0.48626
253.9		0.48626
254		0.48626
254.1		0.48626
254.2		0.48626
254.3		0.48626
254.4		0.48626
254.5		0.48626
254.6		0.48626
254.7		0.48626
254.8		0.48626
254.9		0.48626
255		0.48626
255.1		0.488472
255.2		0.488472
255.3		0.488472
255.4		0.488472
255.5		0.488472
255.6		0.488472
255.7		0.488472
255.8		0.488472
255.9		0.488472
256		0.488472
256.1		0.491966
256.2		0.491966
256.3		0.491966
256.4		0.491966
256.5		0.491966
256.6		0.491966
256.7		0.491966
256.8		0.491966
256.9		0.491966
257		0.491966
257.1		0.492781
257.2		0.492781
257.3		0.492781
257.4		0.492781
257.5		0.492781
257.6		0.492781
257.7		0.492781
257.8		0.492781
257.9		0.492781
258		0.492781
258.1		0.495109
258.2		0.495109
258.3		0.495109
258.4		0.495109
258.5		0.495109
258.6		0.495109
258.7		0.495109
258.8		0.495109
258.9		0.495109
259		0.495109
259.1		0.496973
259.2		0.496973
259.3		0.496973
259.4		0.496973
259.5		0.496973
259.6		0.496973
259.7		0.496973
259.8		0.496973
259.9		0.496973
260		0.496973
260.1		0.500815
260.2		0.500815
260.3		0.500815
260.4		0.500815
260.5		0.500815
260.6		0.500815
260.7		0.500815
260.8		0.500815
260.9		0.500815
261		0.500815
261.1		0.500815
261.2		0.500815
261.3		0.500815
261.4		0.500815
261.5		0.500815
261.6		0.500815
261.7		0.500815
261.8		0.500815
261.9		0.500815
262		0.500815
262.1		0.501048
262.2		0.501048
262.3		0.501048
262.4		0.501048
262.5		0.501048
262.6		0.501048
262.7		0.501048
262.8		0.501048
262.9		0.501048
263		0.501048
263.1		0.503027
263.2		0.503027
263.3		0.503027
263.4		0.503027
263.5		0.503027
263.6		0.503027
263.7		0.503027
263.8		0.503027
263.9		0.503027
264		0.503027
264.1		0.503959
264.2		0.503959
264.3		0.503959
264.4		0.503959
264.5		0.503959
264.6		0.503959
264.7		0.503959
264.8		0.503959
264.9		0.503959
265		0.503959
265.1		0.510363
265.2		0.510363
265.3		0.510363
265.4		0.510363
265.5		0.510363
265.6		0.510363
265.7		0.510363
265.8		0.510363
265.9		0.510363
266		0.510363
266.1		0.511295
266.2		0.511295
266.3		0.511295
266.4		0.511295
266.5		0.511295
266.6		0.511295
266.7		0.511295
266.8		0.511295
266.9		0.511295
267		0.511295
267.1		0.512925
267.2		0.512925
267.3		0.512925
267.4		0.512925
267.5		0.512925
267.6		0.512925
267.7		0.512925
267.8		0.512925
267.9		0.512925
268		0.512925
268.1		0.51537
268.2		0.51537
268.3		0.51537
268.4		0.51537
268.5		0.51537
268.6		0.51537
268.7		0.51537
268.8		0.51537
268.9		0.51537
269		0.51537
269.1		0.516185
269.2		0.516185
269.3		0.516185
269.4		0.516185
269.5		0.516185
269.6		0.516185
269.7		0.516185
269.8		0.516185
269.9		0.516185
270		0.516185
270.1		0.520261
270.2		0.520261
270.3		0.520261
270.4		0.520261
270.5		0.520261
270.6		0.520261
270.7		0.520261
270.8		0.520261
270.9		0.520261
271		0.520261
271.1		0.523288
271.2		0.523288
271.3		0.523288
271.4		0.523288
271.5		0.523288
271.6		0.523288
271.7		0.523288
271.8		0.523288
271.9		0.523288
272		0.523288
272.1		0.526432
272.2		0.526432
272.3		0.526432
272.4		0.526432
272.5		0.526432
272.6		0.526432
272.7		0.526432
272.8		0.526432
272.9		0.526432
273		0.526432
273.1		0.527131
273.2		0.527131
273.3		0.527131
273.4		0.527131
273.5		0.527131
273.6		0.527131
273.7		0.527131
273.8		0.527131
273.9		0.527131
274		0.527131
274.1		0.52748
274.2		0.52748
274.3		0.52748
274.4		0.52748
274.5		0.52748
274.6		0.52748
274.7		0.52748
274.8		0.52748
274.9		0.52748
275		0.52748
275.1		0.530158
275.2		0.530158
275.3		0.530158
275.4		0.530158
275.5		0.530158
275.6		0.530158
275.7		0.530158
275.8		0.530158
275.9		0.530158
276		0.530158
276.1		0.530857
276.2		0.530857
276.3		0.530857
276.4		0.530857
276.5		0.530857
276.6		0.530857
276.7		0.530857
276.8		0.530857
276.9		0.530857
277		0.530857
277.1		0.53633
277.2		0.53633
277.3		0.53633
277.4		0.53633
277.5		0.53633
277.6		0.53633
277.7		0.53633
277.8		0.53633
277.9		0.53633
278		0.53633
278.1		0.536563
278.2		0.536563
278.3		0.536563
278.4		0.536563
278.5		0.536563
278.6		0.536563
278.7		0.536563
278.8		0.536563
278.9		0.536563
279		0.536563
279.1		0.538542
279.2		0.538542
279.3		0.538542
279.4		0.538542
279.5		0.538542
279.6		0.538542
279.7		0.538542
279.8		0.538542
279.9		0.538542
280		0.538542
280.1		0.53959
280.2		0.53959
280.3		0.53959
280.4		0.53959
280.5		0.53959
280.6		0.53959
280.7		0.53959
280.8		0.53959
280.9		0.53959
281		0.53959
281.1		0.541803
281.2		0.541803
281.3		0.541803
281.4		0.541803
281.5		0.541803
281.6		0.541803
281.7		0.541803
281.8		0.541803
281.9		0.541803
282		0.541803
282.1		0.544481
282.2		0.544481
282.3		0.544481
282.4		0.544481
282.5		0.544481
282.6		0.544481
282.7		0.544481
282.8		0.544481
282.9		0.544481
283		0.544481
283.1		0.547508
283.2		0.547508
283.3		0.547508
283.4		0.547508
283.5		0.547508
283.6		0.547508
283.7		0.547508
283.8		0.547508
283.9		0.547508
284		0.547508
284.1		0.548905
284.2		0.548905
284.3		0.548905
284.4		0.548905
284.5		0.548905
284.6		0.548905
284.7		0.548905
284.8		0.548905
284.9		0.548905
285		0.548905
285.1		0.55496
285.2		0.55496
285.3		0.55496
285.4		0.55496
285.5		0.55496
285.6		0.55496
285.7		0.55496
285.8		0.55496
285.9		0.55496
286		0.55496
286.1		0.556823
286.2		0.556823
286.3		0.556823
286.4		0.556823
286.5		0.556823
286.6		0.556823
286.7		0.556823
286.8		0.556823
286.9		0.556823
287		0.556823
287.1		0.557289
287.2		0.557289
287.3		0.557289
287.4		0.557289
287.5		0.557289
287.6		0.557289
287.7		0.557289
287.8		0.557289
287.9		0.557289
288		0.557289
288.1		0.560782
288.2		0.560782
288.3		0.560782
288.4		0.560782
288.5		0.560782
288.6		0.560782
288.7		0.560782
288.8		0.560782
288.9		0.560782
289		0.560782
289.1		0.563694
289.2		0.563694
289.3		0.563694
289.4		0.563694
289.5		0.563694
289.6		0.563694
289.7		0.563694
289.8		0.563694
289.9		0.563694
290		0.563694
290.1		0.567187
290.2		0.567187
290.3		0.567187
290.4		0.567187
290.5		0.567187
290.6		0.567187
290.7		0.567187
290.8		0.567187
290.9		0.567187
291		0.567187
291.1		0.567769
291.2		0.567769
291.3		0.567769
291.4		0.567769
291.5		0.567769
291.6		0.567769
291.7		0.567769
291.8		0.567769
291.9		0.567769
292		0.567769
292.1		0.567769
292.2		0.567769
292.3		0.567769
292.4		0.567769
292.5		0.567769
292.6		0.567769
292.7		0.567769
292.8		0.567769
292.9		0.567769
293		0.567769
293.1		0.573009
293.2		0.573009
293.3		0.573009
293.4		0.573009
293.5		0.573009
293.6		0.573009
293.7		0.573009
293.8		0.573009
293.9		0.573009
294		0.573009
294.1		0.573475
294.2		0.573475
294.3		0.573475
294.4		0.573475
294.5		0.573475
294.6		0.573475
294.7		0.573475
294.8		0.573475
294.9		0.573475
295		0.573475
295.1		0.575338
295.2		0.575338
295.3		0.575338
295.4		0.575338
295.5		0.575338
295.6		0.575338
295.7		0.575338
295.8		0.575338
295.9		0.575338
296		0.575338
296.1		0.578947
296.2		0.578947
296.3		0.578947
296.4		0.578947
296.5		0.578947
296.6		0.578947
296.7		0.578947
296.8		0.578947
296.9		0.578947
297		0.578947
297.1		0.580927
297.2		0.580927
297.3		0.580927
297.4		0.580927
297.5		0.580927
297.6		0.580927
297.7		0.580927
297.8		0.580927
297.9		0.580927
298		0.580927
298.1		0.581393
298.2		0.581393
298.3		0.581393
298.4		0.581393
298.5		0.581393
298.6		0.581393
298.7		0.581393
298.8		0.581393
298.9		0.581393
299		0.581393
299.1		0.590009
299.2		0.590009
299.3		0.590009
299.4		0.590009
299.5		0.590009
299.6		0.590009
299.7		0.590009
299.8		0.590009
299.9		0.590009
300		0.590009
300.1		0.59129
300.2		0.59129
300.3		0.59129
300.4		0.59129
300.5		0.59129
300.6		0.59129
300.7		0.59129
300.8		0.59129
300.9		0.59129
301		0.59129
301.1		0.59327
301.2		0.59327
301.3		0.59327
301.4		0.59327
301.5		0.59327
301.6		0.59327
301.7		0.59327
301.8		0.59327
301.9		0.59327
302		0.59327
302.1		0.59816
302.2		0.59816
302.3		0.59816
302.4		0.59816
302.5		0.59816
302.6		0.59816
302.7		0.59816
302.8		0.59816
302.9		0.59816
303		0.59816
303.1		0.598859
303.2		0.598859
303.3		0.598859
303.4		0.598859
303.5		0.598859
303.6		0.598859
303.7		0.598859
303.8		0.598859
303.9		0.598859
304		0.598859
304.1		0.602003
304.2		0.602003
304.3		0.602003
304.4		0.602003
304.5		0.602003
304.6		0.602003
304.7		0.602003
304.8		0.602003
304.9		0.602003
305		0.602003
305.1		0.602585
305.2		0.602585
305.3		0.602585
305.4		0.602585
305.5		0.602585
305.6		0.602585
305.7		0.602585
305.8		0.602585
305.9		0.602585
306		0.602585
306.1		0.607359
306.2		0.607359
306.3		0.607359
306.4		0.607359
306.5		0.607359
306.6		0.607359
306.7		0.607359
306.8		0.607359
306.9		0.607359
307		0.607359
307.1		0.608174
307.2		0.608174
307.3		0.608174
307.4		0.608174
307.5		0.608174
307.6		0.608174
307.7		0.608174
307.8		0.608174
307.9		0.608174
308		0.608174
308.1		0.609455
308.2		0.609455
308.3		0.609455
308.4		0.609455
308.5		0.609455
308.6		0.609455
308.7		0.609455
308.8		0.609455
308.9		0.609455
309		0.609455
309.1		0.609688
309.2		0.609688
309.3		0.609688
309.4		0.609688
309.5		0.609688
309.6		0.609688
309.7		0.609688
309.8		0.609688
309.9		0.609688
310		0.609688
310.1		0.614928
310.2		0.614928
310.3		0.614928
310.4		0.614928
310.5		0.614928
310.6		0.614928
310.7		0.614928
310.8		0.614928
310.9		0.614928
311		0.614928
311.1		0.617722
311.2		0.617722
311.3		0.617722
311.4		0.617722
311.5		0.617722
311.6		0.617722
311.7		0.617722
311.8		0.617722
311.9		0.617722
312		0.617722
312.1		0.618305
312.2		0.618305
312.3		0.618305
312.4		0.618305
312.5		0.618305
312.6		0.618305
312.7		0.618305
312.8		0.618305
312.9		0.618305
313		0.618305
313.1		0.618654
313.2		0.618654
313.3		0.618654
313.4		0.618654
313.5		0.618654
313.6		0.618654
313.7		0.618654
313.8		0.618654
313.9		0.618654
314		0.618654
314.1		0.620401
314.2		0.620401
314.3		0.620401
314.4		0.620401
314.5		0.620401
314.6		0.620401
314.7		0.620401
314.8		0.620401
314.9		0.620401
315		0.620401
315.1		0.62436
315.2		0.62436
315.3		0.62436
315.4		0.62436
315.5		0.62436
315.6		0.62436
315.7		0.62436
315.8		0.62436
315.9		0.62436
316		0.62436
316.1		0.625291
316.2		0.625291
316.3		0.625291
316.4		0.625291
316.5		0.625291
316.6		0.625291
316.7		0.625291
316.8		0.625291
316.9		0.625291
317		0.625291
317.1		0.629134
317.2		0.629134
317.3		0.629134
317.4		0.629134
317.5		0.629134
317.6		0.629134
317.7		0.629134
317.8		0.629134
317.9		0.629134
318		0.629134
318.1		0.629367
318.2		0.629367
318.3		0.629367
318.4		0.629367
318.5		0.629367
318.6		0.629367
318.7		0.629367
318.8		0.629367
318.9		0.629367
319		0.629367
319.1		0.629949
319.2		0.629949
319.3		0.629949
319.4		0.629949
319.5		0.629949
319.6		0.629949
319.7		0.629949
319.8		0.629949
319.9		0.629949
320		0.629949
320.1		0.634374
320.2		0.634374
320.3		0.634374
320.4		0.634374
320.5		0.634374
320.6		0.634374
320.7		0.634374
320.8		0.634374
320.9		0.634374
321		0.634374
321.1		0.634374
321.2		0.634374
321.3		0.634374
321.4		0.634374
321.5		0.634374
321.6		0.634374
321.7		0.634374
321.8		0.634374
321.9		0.634374
322		0.634374
322.1		0.637401
322.2		0.637401
322.3		0.637401
322.4		0.637401
322.5		0.637401
322.6		0.637401
322.7		0.637401
322.8		0.637401
322.9		0.637401
323		0.637401
323.1		0.639381
323.2		0.639381
323.3		0.639381
323.4		0.639381
323.5		0.639381
323.6		0.639381
323.7		0.639381
323.8		0.639381
323.9		0.639381
324		0.639381
324.1		0.64334
324.2		0.64334
324.3		0.64334
324.4		0.64334
324.5		0.64334
324.6		0.64334
324.7		0.64334
324.8		0.64334
324.9		0.64334
325		0.64334
325.1		0.643922
325.2		0.643922
325.3		0.643922
325.4		0.643922
325.5		0.643922
325.6		0.643922
325.7		0.643922
325.8		0.643922
325.9		0.643922
326		0.643922
326.1		0.644388
326.2		0.644388
326.3		0.644388
326.4		0.644388
326.5		0.644388
326.6		0.644388
326.7		0.644388
326.8		0.644388
326.9		0.644388
327		0.644388
327.1		0.64986
327.2		0.64986
327.3		0.64986
327.4		0.64986
327.5		0.64986
327.6		0.64986
327.7		0.64986
327.8		0.64986
327.9		0.64986
328		0.64986
328.1		0.651723
328.2		0.651723
328.3		0.651723
328.4		0.651723
328.5		0.651723
328.6		0.651723
328.7		0.651723
328.8		0.651723
328.9		0.651723
329		0.651723
329.1		0.65184
329.2		0.65184
329.3		0.65184
329.4		0.65184
329.5		0.65184
329.6		0.65184
329.7		0.65184
329.8		0.65184
329.9		0.65184
330		0.65184
330.1		0.654518
330.2		0.654518
330.3		0.654518
330.4		0.654518
330.5		0.654518
330.6		0.654518
330.7		0.654518
330.8		0.654518
330.9		0.654518
331		0.654518
331.1		0.655566
331.2		0.655566
331.3		0.655566
331.4		0.655566
331.5		0.655566
331.6		0.655566
331.7		0.655566
331.8		0.655566
331.9		0.655566
332		0.655566
332.1		0.659176
332.2		0.659176
332.3		0.659176
332.4		0.659176
332.5		0.659176
332.6		0.659176
332.7		0.659176
332.8		0.659176
332.9		0.659176
333		0.659176
333.1		0.660224
333.2		0.660224
333.3		0.660224
333.4		0.660224
333.5		0.660224
333.6		0.660224
333.7		0.660224
333.8		0.660224
333.9		0.660224
334		0.660224
334.1		0.661621
334.2		0.661621
334.3		0.661621
334.4		0.661621
334.5		0.661621
334.6		0.661621
334.7		0.661621
334.8		0.661621
334.9		0.661621
335		0.661621
335.1		0.662552
335.2		0.662552
335.3		0.662552
335.4		0.662552
335.5		0.662552
335.6		0.662552
335.7		0.662552
335.8		0.662552
335.9		0.662552
336		0.662552
336.1		0.667094
336.2		0.667094
336.3		0.667094
336.4		0.667094
336.5		0.667094
336.6		0.667094
336.7		0.667094
336.8		0.667094
336.9		0.667094
337		0.667094
337.1		0.670121
337.2		0.670121
337.3		0.670121
337.4		0.670121
337.5		0.670121
337.6		0.670121
337.7		0.670121
337.8		0.670121
337.9		0.670121
338		0.670121
338.1		0.671402
338.2		0.671402
338.3		0.671402
338.4		0.671402
338.5		0.671402
338.6		0.671402
338.7		0.671402
338.8		0.671402
338.9		0.671402
339		0.671402
339.1		0.677457
339.2		0.677457
339.3		0.677457
339.4		0.677457
339.5		0.677457
339.6		0.677457
339.7		0.677457
339.8		0.677457
339.9		0.677457
340		0.677457
340.1		0.677923
340.2		0.677923
340.3		0.677923
340.4		0.677923
340.5		0.677923
340.6		0.677923
340.7		0.677923
340.8		0.677923
340.9		0.677923
341		0.677923
341.1		0.683279
341.2		0.683279
341.3		0.683279
341.4		0.683279
341.5		0.683279
341.6		0.683279
341.7		0.683279
341.8		0.683279
341.9		0.683279
342		0.683279
342.1		0.683628
342.2		0.683628
342.3		0.683628
342.4		0.683628
342.5		0.683628
342.6		0.683628
342.7		0.683628
342.8		0.683628
342.9		0.683628
343		0.683628
343.1		0.684211
343.2		0.684211
343.3		0.684211
343.4		0.684211
343.5		0.684211
343.6		0.684211
343.7		0.684211
343.8		0.684211
343.9		0.684211
344		0.684211
344.1		0.687005
344.2		0.687005
344.3		0.687005
344.4		0.687005
344.5		0.687005
344.6		0.687005
344.7		0.687005
344.8		0.687005
344.9		0.687005
345		0.687005
345.1		0.690265
345.2		0.690265
345.3		0.690265
345.4		0.690265
345.5		0.690265
345.6		0.690265
345.7		0.690265
345.8		0.690265
345.9		0.690265
346		0.690265
346.1		0.690848
346.2		0.690848
346.3		0.690848
346.4		0.690848
346.5		0.690848
346.6		0.690848
346.7		0.690848
346.8		0.690848
346.9		0.690848
347		0.690848
347.1		0.690964
347.2		0.690964
347.3		0.690964
347.4		0.690964
347.5		0.690964
347.6		0.690964
347.7		0.690964
347.8		0.690964
347.9		0.690964
348		0.690964
348.1		0.693875
348.2		0.693875
348.3		0.693875
348.4		0.693875
348.5		0.693875
348.6		0.693875
348.7		0.693875
348.8		0.693875
348.9		0.693875
349		0.693875
349.1		0.694923
349.2		0.694923
349.3		0.694923
349.4		0.694923
349.5		0.694923
349.6		0.694923
349.7		0.694923
349.8		0.694923
349.9		0.694923
350		0.694923
350.1		0.698416
350.2		0.698416
350.3		0.698416
350.4		0.698416
350.5		0.698416
350.6		0.698416
350.7		0.698416
350.8		0.698416
350.9		0.698416
351		0.698416
351.1		0.700396
351.2		0.700396
351.3		0.700396
351.4		0.700396
351.5		0.700396
351.6		0.700396
351.7		0.700396
351.8		0.700396
351.9		0.700396
352		0.700396
352.1		0.703656
352.2		0.703656
352.3		0.703656
352.4		0.703656
352.5		0.703656
352.6		0.703656
352.7		0.703656
352.8		0.703656
352.9		0.703656
353		0.703656
353.1		0.706567
353.2		0.706567
353.3		0.706567
353.4		0.706567
353.5		0.706567
353.6		0.706567
353.7		0.706567
353.8		0.706567
353.9		0.706567
354		0.706567
354.1		0.707732
354.2		0.707732
354.3		0.707732
354.4		0.707732
354.5		0.707732
354.6		0.707732
354.7		0.707732
354.8		0.707732
354.9		0.707732
355		0.707732
355.1		0.710992
355.2		0.710992
355.3		0.710992
355.4		0.710992
355.5		0.710992
355.6		0.710992
355.7		0.710992
355.8		0.710992
355.9		0.710992
356		0.710992
356.1		0.715766
356.2		0.715766
356.3		0.715766
356.4		0.715766
356.5		0.715766
356.6		0.715766
356.7		0.715766
356.8		0.715766
356.9		0.715766
357		0.715766
357.1		0.716814
357.2		0.716814
357.3		0.716814
357.4		0.716814
357.5		0.716814
357.6		0.716814
357.7		0.716814
357.8		0.716814
357.9		0.716814
358		0.716814
358.1		0.720307
358.2		0.720307
358.3		0.720307
358.4		0.720307
358.5		0.720307
358.6		0.720307
358.7		0.720307
358.8		0.720307
358.9		0.720307
359		0.720307
359.1		0.721938
359.2		0.721938
359.3		0.721938
359.4		0.721938
359.5		0.721938
359.6		0.721938
359.7		0.721938
359.8		0.721938
359.9		0.721938
360		0.721938
360.1		0.723451
360.2		0.723451
360.3		0.723451
360.4		0.723451
360.5		0.723451
360.6		0.723451
360.7		0.723451
360.8		0.723451
360.9		0.723451
361		0.723451
361.1		0.727527
361.2		0.727527
361.3		0.727527
361.4		0.727527
361.5		0.727527
361.6		0.727527
361.7		0.727527
361.8		0.727527
361.9		0.727527
362		0.727527
362.1		0.728458
362.2		0.728458
362.3		0.728458
362.4		0.728458
362.5		0.728458
362.6		0.728458
362.7		0.728458
362.8		0.728458
362.9		0.728458
363		0.728458
363.1		0.729972
363.2		0.729972
363.3		0.729972
363.4		0.729972
363.5		0.729972
363.6		0.729972
363.7		0.729972
363.8		0.729972
363.9		0.729972
364		0.729972
364.1		0.731486
364.2		0.731486
364.3		0.731486
364.4		0.731486
364.5		0.731486
364.6		0.731486
364.7		0.731486
364.8		0.731486
364.9		0.731486
365		0.731486
365.1		0.732767
365.2		0.732767
365.3		0.732767
365.4		0.732767
365.5		0.732767
365.6		0.732767
365.7		0.732767
365.8		0.732767
365.9		0.732767
366		0.732767
366.1		0.73428
366.2		0.73428
366.3		0.73428
366.4		0.73428
366.5		0.73428
366.6		0.73428
366.7		0.73428
366.8		0.73428
366.9		0.73428
367		0.73428
367.1		0.735678
367.2		0.735678
367.3		0.735678
367.4		0.735678
367.5		0.735678
367.6		0.735678
367.7		0.735678
367.8		0.735678
367.9		0.735678
368		0.735678
368.1		0.738239
368.2		0.738239
368.3		0.738239
368.4		0.738239
368.5		0.738239
368.6		0.738239
368.7		0.738239
368.8		0.738239
368.9		0.738239
369		0.738239
369.1		0.738705
369.2		0.738705
369.3		0.738705
369.4		0.738705
369.5		0.738705
369.6		0.738705
369.7		0.738705
369.8		0.738705
369.9		0.738705
370		0.738705
370.1		0.739637
370.2		0.739637
370.3		0.739637
370.4		0.739637
370.5		0.739637
370.6		0.739637
370.7		0.739637
370.8		0.739637
370.9		0.739637
371		0.739637
371.1		0.73987
371.2		0.73987
371.3		0.73987
371.4		0.73987
371.5		0.73987
371.6		0.73987
371.7		0.73987
371.8		0.73987
371.9		0.73987
372		0.73987
372.1		0.745109
372.2		0.745109
372.3		0.745109
372.4		0.745109
372.5		0.745109
372.6		0.745109
372.7		0.745109
372.8		0.745109
372.9		0.745109
373		0.745109
373.1		0.745226
373.2		0.745226
373.3		0.745226
373.4		0.745226
373.5		0.745226
373.6		0.745226
373.7		0.745226
373.8		0.745226
373.9		0.745226
374		0.745226
374.1		0.749068
374.2		0.749068
374.3		0.749068
374.4		0.749068
374.5		0.749068
374.6		0.749068
374.7		0.749068
374.8		0.749068
374.9		0.749068
375		0.749068
375.1		0.749301
375.2		0.749301
375.3		0.749301
375.4		0.749301
375.5		0.749301
375.6		0.749301
375.7		0.749301
375.8		0.749301
375.9		0.749301
376		0.749301
376.1		0.753843
376.2		0.753843
376.3		0.753843
376.4		0.753843
376.5		0.753843
376.6		0.753843
376.7		0.753843
376.8		0.753843
376.9		0.753843
377		0.753843
377.1		0.754192
377.2		0.754192
377.3		0.754192
377.4		0.754192
377.5		0.754192
377.6		0.754192
377.7		0.754192
377.8		0.754192
377.9		0.754192
378		0.754192
378.1		0.755939
378.2		0.755939
378.3		0.755939
378.4		0.755939
378.5		0.755939
378.6		0.755939
378.7		0.755939
378.8		0.755939
378.9		0.755939
379		0.755939
379.1		0.756288
379.2		0.756288
379.3		0.756288
379.4		0.756288
379.5		0.756288
379.6		0.756288
379.7		0.756288
379.8		0.756288
379.9		0.756288
380		0.756288
380.1		0.761644
380.2		0.761644
380.3		0.761644
380.4		0.761644
380.5		0.761644
380.6		0.761644
380.7		0.761644
380.8		0.761644
380.9		0.761644
381		0.761644
381.1		0.764322
381.2		0.764322
381.3		0.764322
381.4		0.764322
381.5		0.764322
381.6		0.764322
381.7		0.764322
381.8		0.764322
381.9		0.764322
382		0.764322
382.1		0.765603
382.2		0.765603
382.3		0.765603
382.4		0.765603
382.5		0.765603
382.6		0.765603
382.7		0.765603
382.8		0.765603
382.9		0.765603
383		0.765603
383.1		0.766418
383.2		0.766418
383.3		0.766418
383.4		0.766418
383.5		0.766418
383.6		0.766418
383.7		0.766418
383.8		0.766418
383.9		0.766418
384		0.766418
384.1		0.767816
384.2		0.767816
384.3		0.767816
384.4		0.767816
384.5		0.767816
384.6		0.767816
384.7		0.767816
384.8		0.767816
384.9		0.767816
385		0.767816
385.1		0.76898
385.2		0.76898
385.3		0.76898
385.4		0.76898
385.5		0.76898
385.6		0.76898
385.7		0.76898
385.8		0.76898
385.9		0.76898
386		0.76898
386.1		0.772706
386.2		0.772706
386.3		0.772706
386.4		0.772706
386.5		0.772706
386.6		0.772706
386.7		0.772706
386.8		0.772706
386.9		0.772706
387		0.772706
387.1		0.773754
387.2		0.773754
387.3		0.773754
387.4		0.773754
387.5		0.773754
387.6		0.773754
387.7		0.773754
387.8		0.773754
387.9		0.773754
388		0.773754
388.1		0.776665
388.2		0.776665
388.3		0.776665
388.4		0.776665
388.5		0.776665
388.6		0.776665
388.7		0.776665
388.8		0.776665
388.9		0.776665
389		0.776665
389.1		0.778062
389.2		0.778062
389.3		0.778062
389.4		0.778062
389.5		0.778062
389.6		0.778062
389.7		0.778062
389.8		0.778062
389.9		0.778062
390		0.778062
390.1		0.778645
390.2		0.778645
390.3		0.778645
390.4		0.778645
390.5		0.778645
390.6		0.778645
390.7		0.778645
390.8		0.778645
390.9		0.778645
391		0.778645
391.1		0.78272
391.2		0.78272
391.3		0.78272
391.4		0.78272
391.5		0.78272
391.6		0.78272
391.7		0.78272
391.8		0.78272
391.9		0.78272
392		0.78272
392.1		0.784117
392.2		0.784117
392.3		0.784117
392.4		0.784117
392.5		0.784117
392.6		0.784117
392.7		0.784117
392.8		0.784117
392.9		0.784117
393		0.784117
393.1		0.784234
393.2		0.784234
393.3		0.784234
393.4		0.784234
393.5		0.784234
393.6		0.784234
393.7		0.784234
393.8		0.784234
393.9		0.784234
394		0.784234
394.1		0.788775
394.2		0.788775
394.3		0.788775
394.4		0.788775
394.5		0.788775
394.6		0.788775
394.7		0.788775
394.8		0.788775
394.9		0.788775
395		0.788775
395.1		0.789357
395.2		0.789357
395.3		0.789357
395.4		0.789357
395.5		0.789357
395.6		0.789357
395.7		0.789357
395.8		0.789357
395.9		0.789357
396		0.789357
396.1		0.790522
396.2		0.790522
396.3		0.790522
396.4		0.790522
396.5		0.790522
396.6		0.790522
396.7		0.790522
396.8		0.790522
396.9		0.790522
397		0.790522
397.1		0.79285
397.2		0.79285
397.3		0.79285
397.4		0.79285
397.5		0.79285
397.6		0.79285
397.7		0.79285
397.8		0.79285
397.9		0.79285
398		0.79285
398.1		0.795179
398.2		0.795179
398.3		0.795179
398.4		0.795179
398.5		0.795179
398.6		0.795179
398.7		0.795179
398.8		0.795179
398.9		0.795179
399		0.795179
399.1		0.796111
399.2		0.796111
399.3		0.796111
399.4		0.796111
399.5		0.796111
399.6		0.796111
399.7		0.796111
399.8		0.796111
399.9		0.796111
400		0.796111
400.1		0.798556
400.2		0.798556
400.3		0.798556
400.4		0.798556
400.5		0.798556
400.6		0.798556
400.7		0.798556
400.8		0.798556
400.9		0.798556
401		0.798556
401.1		0.799371
401.2		0.799371
401.3		0.799371
401.4		0.799371
401.5		0.799371
401.6		0.799371
401.7		0.799371
401.8		0.799371
401.9		0.799371
402		0.799371
402.1		0.803097
402.2		0.803097
402.3		0.803097
402.4		0.803097
402.5		0.803097
402.6		0.803097
402.7		0.803097
402.8		0.803097
402.9		0.803097
403		0.803097
403.1		0.805776
403.2		0.805776
403.3		0.805776
403.4		0.805776
403.5		0.805776
403.6		0.805776
403.7		0.805776
403.8		0.805776
403.9		0.805776
404		0.805776
404.1		0.806125
404.2		0.806125
404.3		0.806125
404.4		0.806125
404.5		0.806125
404.6		0.806125
404.7		0.806125
404.8		0.806125
404.9		0.806125
405		0.806125
405.1		0.808687
405.2		0.808687
405.3		0.808687
405.4		0.808687
405.5		0.808687
405.6		0.808687
405.7		0.808687
405.8		0.808687
405.9		0.808687
406		0.808687
406.1		0.810899
406.2		0.810899
406.3		0.810899
406.4		0.810899
406.5		0.810899
406.6		0.810899
406.7		0.810899
406.8		0.810899
406.9		0.810899
407		0.810899
407.1		0.812762
407.2		0.812762
407.3		0.812762
407.4		0.812762
407.5		0.812762
407.6		0.812762
407.7		0.812762
407.8		0.812762
407.9		0.812762
408		0.812762
408.1		0.814741
408.2		0.814741
408.3		0.814741
408.4		0.814741
408.5		0.814741
408.6		0.814741
408.7		0.814741
408.8		0.814741
408.9		0.814741
409		0.814741
409.1		0.816488
409.2		0.816488
409.3		0.816488
409.4		0.816488
409.5		0.816488
409.6		0.816488
409.7		0.816488
409.8		0.816488
409.9		0.816488
410		0.816488
410.1		0.820098
410.2		0.820098
410.3		0.820098
410.4		0.820098
410.5		0.820098
410.6		0.820098
410.7		0.820098
410.8		0.820098
410.9		0.820098
411		0.820098
411.1		0.82394
411.2		0.82394
411.3		0.82394
411.4		0.82394
411.5		0.82394
411.6		0.82394
411.7		0.82394
411.8		0.82394
411.9		0.82394
412		0.82394
412.1		0.82429
412.2		0.82429
412.3		0.82429
412.4		0.82429
412.5		0.82429
412.6		0.82429
412.7		0.82429
412.8		0.82429
412.9		0.82429
413		0.82429
413.1		0.826386
413.2		0.826386
413.3		0.826386
413.4		0.826386
413.5		0.826386
413.6		0.826386
413.7		0.826386
413.8		0.826386
413.9		0.826386
414		0.826386
414.1		0.829646
414.2		0.829646
414.3		0.829646
414.4		0.829646
414.5		0.829646
414.6		0.829646
414.7		0.829646
414.8		0.829646
414.9		0.829646
415		0.829646
415.1		0.831276
415.2		0.831276
415.3		0.831276
415.4		0.831276
415.5		0.831276
415.6		0.831276
415.7		0.831276
415.8		0.831276
415.9		0.831276
416		0.831276
416.1		0.835817
416.2		0.835817
416.3		0.835817
416.4		0.835817
416.5		0.835817
416.6		0.835817
416.7		0.835817
416.8		0.835817
416.9		0.835817
417		0.835817
417.1		0.836283
417.2		0.836283
417.3		0.836283
417.4		0.836283
417.5		0.836283
417.6		0.836283
417.7		0.836283
417.8		0.836283
417.9		0.836283
418		0.836283
418.1		0.83803
418.2		0.83803
418.3		0.83803
418.4		0.83803
418.5		0.83803
418.6		0.83803
418.7		0.83803
418.8		0.83803
418.9		0.83803
419		0.83803
419.1		0.840475
419.2		0.840475
419.3		0.840475
419.4		0.840475
419.5		0.840475
419.6		0.840475
419.7		0.840475
419.8		0.840475
419.9		0.840475
420		0.840475
420.1		0.841639
420.2		0.841639
420.3		0.841639
420.4		0.841639
420.5		0.841639
420.6		0.841639
420.7		0.841639
420.8		0.841639
420.9		0.841639
421		0.841639
421.1		0.84327
421.2		0.84327
421.3		0.84327
421.4		0.84327
421.5		0.84327
421.6		0.84327
421.7		0.84327
421.8		0.84327
421.9		0.84327
422		0.84327
422.1		0.844201
422.2		0.844201
422.3		0.844201
422.4		0.844201
422.5		0.844201
422.6		0.844201
422.7		0.844201
422.8		0.844201
422.9		0.844201
423		0.844201
423.1		0.849558
423.2		0.849558
423.3		0.849558
423.4		0.849558
423.5		0.849558
423.6		0.849558
423.7		0.849558
423.8		0.849558
423.9		0.849558
424		0.849558
424.1		0.849907
424.2		0.849907
424.3		0.849907
424.4		0.849907
424.5		0.849907
424.6		0.849907
424.7		0.849907
424.8		0.849907
424.9		0.849907
425		0.849907
425.1		0.852934
425.2		0.852934
425.3		0.852934
425.4		0.852934
425.5		0.852934
425.6		0.852934
425.7		0.852934
425.8		0.852934
425.9		0.852934
426		0.852934
426.1		0.853167
426.2		0.853167
426.3		0.853167
426.4		0.853167
426.5		0.853167
426.6		0.853167
426.7		0.853167
426.8		0.853167
426.9		0.853167
427		0.853167
427.1		0.854681
427.2		0.854681
427.3		0.854681
427.4		0.854681
427.5		0.854681
427.6		0.854681
427.7		0.854681
427.8		0.854681
427.9		0.854681
428		0.854681
428.1		0.859571
428.2		0.859571
428.3		0.859571
428.4		0.859571
428.5		0.859571
428.6		0.859571
428.7		0.859571
428.8		0.859571
428.9		0.859571
429		0.859571
429.1		0.860037
429.2		0.860037
429.3		0.860037
429.4		0.860037
429.5		0.860037
429.6		0.860037
429.7		0.860037
429.8		0.860037
429.9		0.860037
430		0.860037
430.1		0.860037
430.2		0.860037
430.3		0.860037
430.4		0.860037
430.5		0.860037
430.6		0.860037
430.7		0.860037
430.8		0.860037
430.9		0.860037
431		0.860037
431.1		0.864928
431.2		0.864928
431.3		0.864928
431.4		0.864928
431.5		0.864928
431.6		0.864928
431.7		0.864928
431.8		0.864928
431.9		0.864928
432		0.864928
432.1		0.865394
432.2		0.865394
432.3		0.865394
432.4		0.865394
432.5		0.865394
432.6		0.865394
432.7		0.865394
432.8		0.865394
432.9		0.865394
433		0.865394
433.1		0.86877
433.2		0.86877
433.3		0.86877
433.4		0.86877
433.5		0.86877
433.6		0.86877
433.7		0.86877
433.8		0.86877
433.9		0.86877
434		0.86877
434.1		0.869585
434.2		0.869585
434.3		0.869585
434.4		0.869585
434.5		0.869585
434.6		0.869585
434.7		0.869585
434.8		0.869585
434.9		0.869585
435		0.869585
435.1		0.870633
435.2		0.870633
435.3		0.870633
435.4		0.870633
435.5		0.870633
435.6		0.870633
435.7		0.870633
435.8		0.870633
435.9		0.870633
436		0.870633
436.1		0.874127
436.2		0.874127
436.3		0.874127
436.4		0.874127
436.5		0.874127
436.6		0.874127
436.7		0.874127
436.8		0.874127
436.9		0.874127
437		0.874127
437.1		0.874825
437.2		0.874825
437.3		0.874825
437.4		0.874825
437.5		0.874825
437.6		0.874825
437.7		0.874825
437.8		0.874825
437.9		0.874825
438		0.874825
438.1		0.874942
438.2		0.874942
438.3		0.874942
438.4		0.874942
438.5		0.874942
438.6		0.874942
438.7		0.874942
438.8		0.874942
438.9		0.874942
439		0.874942
439.1		0.880764
439.2		0.880764
439.3		0.880764
439.4		0.880764
439.5		0.880764
439.6		0.880764
439.7		0.880764
439.8		0.880764
439.9		0.880764
440		0.880764
440.1		0.884141
440.2		0.884141
440.3		0.884141
440.4		0.884141
440.5		0.884141
440.6		0.884141
440.7		0.884141
440.8		0.884141
440.9		0.884141
441		0.884141
441.1		0.884956
441.2		0.884956
441.3		0.884956
441.4		0.884956
441.5		0.884956
441.6		0.884956
441.7		0.884956
441.8		0.884956
441.9		0.884956
442		0.884956
442.1		0.885538
442.2		0.885538
442.3		0.885538
442.4		0.885538
442.5		0.885538
442.6		0.885538
442.7		0.885538
442.8		0.885538
442.9		0.885538
443		0.885538
443.1		0.885887
443.2		0.885887
443.3		0.885887
443.4		0.885887
443.5		0.885887
443.6		0.885887
443.7		0.885887
443.8		0.885887
443.9		0.885887
444		0.885887
444.1		0.891011
444.2		0.891011
444.3		0.891011
444.4		0.891011
444.5		0.891011
444.6		0.891011
444.7		0.891011
444.8		0.891011
444.9		0.891011
445		0.891011
445.1		0.89299
445.2		0.89299
445.3		0.89299
445.4		0.89299
445.5		0.89299
445.6		0.89299
445.7		0.89299
445.8		0.89299
445.9		0.89299
446		0.89299
446.1		0.893107
446.2		0.893107
446.3		0.893107
446.4		0.893107
446.5		0.893107
446.6		0.893107
446.7		0.893107
446.8		0.893107
446.9		0.893107
447		0.893107
447.1		0.894853
447.2		0.894853
447.3		0.894853
447.4		0.894853
447.5		0.894853
447.6		0.894853
447.7		0.894853
447.8		0.894853
447.9		0.894853
448		0.894853
448.1		0.896018
448.2		0.896018
448.3		0.896018
448.4		0.896018
448.5		0.896018
448.6		0.896018
448.7		0.896018
448.8		0.896018
448.9		0.896018
449		0.896018
449.1		0.897415
449.2		0.897415
449.3		0.897415
449.4		0.897415
449.5		0.897415
449.6		0.897415
449.7		0.897415
449.8		0.897415
449.9		0.897415
450		0.897415
450.1		0.901258
450.2		0.901258
450.3		0.901258
450.4		0.901258
450.5		0.901258
450.6		0.901258
450.7		0.901258
450.8		0.901258
450.9		0.901258
451		0.901258
451.1		0.902538
451.2		0.902538
451.3		0.902538
451.4		0.902538
451.5		0.902538
451.6		0.902538
451.7		0.902538
451.8		0.902538
451.9		0.902538
452		0.902538
452.1		0.902655
452.2		0.902655
452.3		0.902655
452.4		0.902655
452.5		0.902655
452.6		0.902655
452.7		0.902655
452.8		0.902655
452.9		0.902655
453		0.902655
453.1		0.90347
453.2		0.90347
453.3		0.90347
453.4		0.90347
453.5		0.90347
453.6		0.90347
453.7		0.90347
453.8		0.90347
453.9		0.90347
454		0.90347
454.1		0.907662
454.2		0.907662
454.3		0.907662
454.4		0.907662
454.5		0.907662
454.6		0.907662
454.7		0.907662
454.8		0.907662
454.9		0.907662
455		0.907662
455.1		0.909758
455.2		0.909758
455.3		0.909758
455.4		0.909758
455.5		0.909758
455.6		0.909758
455.7		0.909758
455.8		0.909758
455.9		0.909758
456		0.909758
456.1		0.910107
456.2		0.910107
456.3		0.910107
456.4		0.910107
456.5		0.910107
456.6		0.910107
456.7		0.910107
456.8		0.910107
456.9		0.910107
457		0.910107
457.1		0.910456
457.2		0.910456
457.3		0.910456
457.4		0.910456
457.5		0.910456
457.6		0.910456
457.7		0.910456
457.8		0.910456
457.9		0.910456
458		0.910456
458.1		0.914415
458.2		0.914415
458.3		0.914415
458.4		0.914415
458.5		0.914415
458.6		0.914415
458.7		0.914415
458.8		0.914415
458.9		0.914415
459		0.914415
459.1		0.916162
459.2		0.916162
459.3		0.916162
459.4		0.916162
459.5		0.916162
459.6		0.916162
459.7		0.916162
459.8		0.916162
459.9		0.916162
460		0.916162
460.1		0.917676
460.2		0.917676
460.3		0.917676
460.4		0.917676
460.5		0.917676
460.6		0.917676
460.7		0.917676
460.8		0.917676
460.9		0.917676
461		0.917676
461.1		0.917909
461.2		0.917909
461.3		0.917909
461.4		0.917909
461.5		0.917909
461.6		0.917909
461.7		0.917909
461.8		0.917909
461.9		0.917909
462		0.917909
462.1		0.922566
462.2		0.922566
462.3		0.922566
462.4		0.922566
462.5		0.922566
462.6		0.922566
462.7		0.922566
462.8		0.922566
462.9		0.922566
463		0.922566
463.1		0.925245
463.2		0.925245
463.3		0.925245
463.4		0.925245
463.5		0.925245
463.6		0.925245
463.7		0.925245
463.8		0.925245
463.9		0.925245
464		0.925245
464.1		0.92606
464.2		0.92606
464.3		0.92606
464.4		0.92606
464.5		0.92606
464.6		0.92606
464.7		0.92606
464.8		0.92606
464.9		0.92606
465		0.92606
465.1		0.928505
465.2		0.928505
465.3		0.928505
465.4		0.928505
465.5		0.928505
465.6		0.928505
465.7		0.928505
465.8		0.928505
465.9		0.928505
466		0.928505
466.1		0.932231
466.2		0.932231
466.3		0.932231
466.4		0.932231
466.5		0.932231
466.6		0.932231
466.7		0.932231
466.8		0.932231
466.9		0.932231
467		0.932231
467.1		0.93293
467.2		0.93293
467.3		0.93293
467.4		0.93293
467.5		0.93293
467.6		0.93293
467.7		0.93293
467.8		0.93293
467.9		0.93293
468		0.93293
468.1		0.934094
468.2		0.934094
468.3		0.934094
468.4		0.934094
468.5		0.934094
468.6		0.934094
468.7		0.934094
468.8		0.934094
468.9		0.934094
469		0.934094
469.1		0.934327
469.2		0.934327
469.3		0.934327
469.4		0.934327
469.5		0.934327
469.6		0.934327
469.7		0.934327
469.8		0.934327
469.9		0.934327
470		0.934327
470.1		0.9398
470.2		0.9398
470.3		0.9398
470.4		0.9398
470.5		0.9398
470.6		0.9398
470.7		0.9398
470.8		0.9398
470.9		0.9398
471		0.9398
471.1		0.940615
471.2		0.940615
471.3		0.940615
471.4		0.940615
471.5		0.940615
471.6		0.940615
471.7		0.940615
471.8		0.940615
471.9		0.940615
472		0.940615
472.1		0.940964
472.2		0.940964
472.3		0.940964
472.4		0.940964
472.5		0.940964
472.6		0.940964
472.7		0.940964
472.8		0.940964
472.9		0.940964
473		0.940964
473.1		0.943642
473.2		0.943642
473.3		0.943642
473.4		0.943642
473.5		0.943642
473.6		0.943642
473.7		0.943642
473.8		0.943642
473.9		0.943642
474		0.943642
474.1		0.943875
474.2		0.943875
474.3		0.943875
474.4		0.943875
474.5		0.943875
474.6		0.943875
474.7		0.943875
474.8		0.943875
474.9		0.943875
475		0.943875
475.1		0.945971
475.2		0.945971
475.3		0.945971
475.4		0.945971
475.5		0.945971
475.6		0.945971
475.7		0.945971
475.8		0.945971
475.9		0.945971
476		0.945971
476.1		0.946437
476.2		0.946437
476.3		0.946437
476.4		0.946437
476.5		0.946437
476.6		0.946437
476.7		0.946437
476.8		0.946437
476.9		0.946437
477		0.946437
477.1		0.950163
477.2		0.950163
477.3		0.950163
477.4		0.950163
477.5		0.950163
477.6		0.950163
477.7		0.950163
477.8		0.950163
477.9		0.950163
478		0.950163
478.1		0.952841
478.2		0.952841
478.3		0.952841
478.4		0.952841
478.5		0.952841
478.6		0.952841
478.7		0.952841
478.8		0.952841
478.9		0.952841
479		0.952841
479.1		0.952841
479.2		0.952841
479.3		0.952841
479.4		0.952841
479.5		0.952841
479.6		0.952841
479.7		0.952841
479.8		0.952841
479.9		0.952841
480		0.952841
480.1		0.955403
480.2		0.955403
480.3		0.955403
480.4		0.955403
480.5		0.955403
480.6		0.955403
480.7		0.955403
480.8		0.955403
480.9		0.955403
481		0.955403
481.1		0.957965
481.2		0.957965
481.3		0.957965
481.4		0.957965
481.5		0.957965
481.6		0.957965
481.7		0.957965
481.8		0.957965
481.9		0.957965
482		0.957965
482.1		0.958663
482.2		0.958663
482.3		0.958663
482.4		0.958663
482.5		0.958663
482.6		0.958663
482.7		0.958663
482.8		0.958663
482.9		0.958663
483		0.958663
483.1		0.962739
483.2		0.962739
483.3		0.962739
483.4		0.962739
483.5		0.962739
483.6		0.962739
483.7		0.962739
483.8		0.962739
483.9		0.962739
484		0.962739
484.1		0.96565
484.2		0.96565
484.3		0.96565
484.4		0.96565
484.5		0.96565
484.6		0.96565
484.7		0.96565
484.8		0.96565
484.9		0.96565
485		0.96565
485.1		0.968328
485.2		0.968328
485.3		0.968328
485.4		0.968328
485.5		0.968328
485.6		0.968328
485.7		0.968328
485.8		0.968328
485.9		0.968328
486		0.968328
486.1		0.969725
486.2		0.969725
486.3		0.969725
486.4		0.969725
486.5		0.969725
486.6		0.969725
486.7		0.969725
486.8		0.969725
486.9		0.969725
487		0.969725
487.1		0.969842
487.2		0.969842
487.3		0.969842
487.4		0.969842
487.5		0.969842
487.6		0.969842
487.7		0.969842
487.8		0.969842
487.9		0.969842
488		0.969842
488.1		0.973335
488.2		0.973335
488.3		0.973335
488.4		0.973335
488.5		0.973335
488.6		0.973335
488.7		0.973335
488.8		0.973335
488.9		0.973335
489		0.973335
489.1		0.975082
489.2		0.975082
489.3		0.975082
489.4		0.975082
489.5		0.975082
489.6		0.975082
489.7		0.975082
489.8		0.975082
489.9		0.975082
490		0.975082
490.1		0.975547
490.2		0.975547
490.3		0.975547
490.4		0.975547
490.5		0.975547
490.6		0.975547
490.7		0.975547
490.8		0.975547
490.9		0.975547
491		0.975547
491.1		0.980438
491.2		0.980438
491.3		0.980438
491.4		0.980438
491.5		0.980438
491.6		0.980438
491.7		0.980438
491.8		0.980438
491.9		0.980438
492		0.980438
492.1		0.983815
492.2		0.983815
492.3		0.983815
492.4		0.983815
492.5		0.983815
492.6		0.983815
492.7		0.983815
492.8		0.983815
492.9		0.983815
493		0.983815
493.1		0.98428
493.2		0.98428
493.3		0.98428
493.4		0.98428
493.5		0.98428
493.6		0.98428
493.7		0.98428
493.8		0.98428
493.9		0.98428
494		0.98428
494.1		0.984397
494.2		0.984397
494.3		0.984397
494.4		0.984397
494.5		0.984397
494.6		0.984397
494.7		0.984397
494.8		0.984397
494.9		0.984397
495		0.984397
495.1		0.985561
495.2		0.985561
495.3		0.985561
495.4		0.985561
495.5		0.985561
495.6		0.985561
495.7		0.985561
495.8		0.985561
495.9		0.985561
496		0.985561
496.1		0.989753
496.2		0.989753
496.3		0.989753
496.4		0.989753
496.5		0.989753
496.6		0.989753
496.7		0.989753
496.8		0.989753
496.9		0.989753
497		0.989753
497.1		0.9915
497.2		0.9915
497.3		0.9915
497.4		0.9915
497.5		0.9915
497.6		0.9915
497.7		0.9915
497.8		0.9915
497.9		0.9915
498		0.9915
498.1		0.9915
498.2		0.9915
498.3		0.9915
498.4		0.9915
498.5		0.9915
498.6		0.9915
498.7		0.9915
498.8		0.9915
498.9		0.9915
499		0.9915
499.1		0.992897
499.2		0.992897
499.3		0.992897
499.4		0.992897
499.5		0.992897
499.6		0.992897
499.7		0.992897
499.8		0.992897
499.9		0.992897
500		0.992897
500.1		0.997322
500.2		0.997322
500.3		0.997322
500.4		0.997322
500.5		0.997322
500.6		0.997322
500.7		0.997322
500.8		0.997322
500.9		0.997322
501		0.997322
501.1		0.998486
501.2		0.998486
501.3		0.998486
501.4		0.998486
501.5		0.998486
501.6		0.998486
501.7		0.998486
501.8		0.998486
501.9		0.998486
502		0.998486
502.1		0.999185
502.2		0.999185
502.3		0.999185
502.4		0.999185
502.5		0.999185
502.6		0.999185
502.7		0.999185
502.8		0.999185
502.9		0.999185
503		0.999185
503.1		1
503.2		1
503.3		1
503.4		1
503.5		1
503.6		1
503.7		1
503.8		1
503.9		1
504		1
504.1		1
504.2		1
504.3		1
504.4		1
504.5		1
504.6		1
504.7		1
504.8		1
504.9		1
505		1
505.1		1
505.2		1
505.3		1
505.4		1
505.5		1
505.6		1
505.7		1
505.8		1
505.9		1
506		1
506.1		1
506.2		1
506.3		1
506.4		1
506.5		1
506.6		1
506.7		1
506.8		1
506.9		1
507		1
507.1		1
507.2		1
507.3		1
507.4		1
507.5		1
507.6		1
507.7		1
507.8		1
507.9		1
508		1
508.1		1
508.2		1
508.3		1
508.4		1
508.5		1
508.6		1
508.7		1
508.8		1
508.9		1
509		1
509.1		1
509.2		1
509.3		1
509.4		1
509.5		1
509.6		1
509.7		1
509.8		1
509.9		1
510		1
510.1		1
510.2		1
510.3		1
510.4		1
510.5		1
510.6		1
510.7		1
510.8		1
510.9		1
511		1
511.1		1
511.2		1
511.3		1
511.4		1
511.5		1
511.6		1
511.7		1
511.8		1
511.9		1
512		1
512.1		1
512.2		1
512.3		1
512.4		1
512.5		1
512.6		1
512.7		1
512.8		1
512.9		1
513		1
513.1		1
513.2		1
513.3		1
513.4		1
513.5		1
513.6		1
513.7		1
513.8		1
513.9		1
514		1
514.1		1
514.2		1
514.3		1
514.4		1
514.5		1
514.6		1
514.7		1
514.8		1
514.9		1
515		1
515.1		1
515.2		1
515.3		1
515.4		1
515.5		1
515.6		1
515.7		1
515.8		1
515.9		1
516		1
516.1		1
516.2		1
516.3		1
516.4		1
516.5		1
516.6		1
516.7		1
516.8		1
516.9		1
517		1
517.1		1
517.2		1
517.3		1
517.4		1
517.5		1
517.6		1
517.7		1
517.8		1
517.9		1
518		1
518.1		1
518.2		1
518.3		1
518.4		1
518.5		1
518.6		1
518.7		1
518.8		1
518.9		1
519		1
519.1		1
519.2		1
519.3		1
519.4		1
519.5		1
519.6		1
519.7		1
519.8		1
519.9		1
520		1
520.1		1
520.2		1
520.3		1
520.4		1
520.5		1
520.6		1
520.7		1
520.8		1
520.9		1
521		1
521.1		1
521.2		1
521.3		1
521.4		1
521.5		1
521.6		1
521.7		1
521.8		1
521.9		1
522		1
522.1		1
522.2		1
522.3		1
522.4		1
522.5		1
522.6		1
522.7		1
522.8		1
522.9		1
523		1
523.1		1
523.2		1
523.3		1
523.4		1
523.5		1
523.6		1
523.7		1
523.8		1
523.9		1
524		1
524.1		1
524.2		1
524.3		1
524.4		1
524.5		1
524.6		1
524.7		1
524.8		1
524.9		1
525		1
525.1		1
525.2		1
525.3		1
525.4		1
525.5		1
525.6		1
525.7		1
525.8		1
525.9		1
526		1
526.1		1
526.2		1
526.3		1
526.4		1
526.5		1
526.6		1
526.7		1
526.8		1
526.9		1
527		1
527.1		1
527.2		1
527.3		1
527.4		1
527.5		1
527.6		1
527.7		1
527.8		1
527.9		1
528		1
528.1		1
528.2		1
528.3		1
528.4		1
528.5		1
528.6		1
528.7		1
528.8		1
528.9		1
529		1
529.1		1
529.2		1
529.3		1
529.4		1
529.5		1
529.6		1
529.7		1
529.8		1
529.9		1
530		1
530.1		1
530.2		1
530.3		1
530.4		1
530.5		1
530.6		1
530.7		1
530.8		1
530.9		1
531		1
531.1		1
531.2		1
531.3		1
531.4		1
531.5		1
531.6		1
531.7		1
531.8		1
531.9		1
532		1
532.1		1
532.2		1
532.3		1
532.4		1
532.5		1
532.6		1
532.7		1
532.8		1
532.9		1
533		1
533.1		1
533.2		1
533.3		1
533.4		1
533.5		1
533.6		1
533.7		1
533.8		1
533.9		1
534		1
534.1		1
534.2		1
534.3		1
534.4		1
534.5		1
534.6		1
534.7		1
534.8		1
534.9		1
535		1
535.1		1
535.2		1
535.3		1
535.4		1
535.5		1
535.6		1
535.7		1
535.8		1
535.9		1
536		1
536.1		1
536.2		1
536.3		1
536.4		1
536.5		1
536.6		1
536.7		1
536.8		1
536.9		1
537		1
537.1		1
537.2		1
537.3		1
537.4		1
537.5		1
537.6		1
537.7		1
537.8		1
537.9		1
538		1
538.1		1
538.2		1
538.3		1
538.4		1
538.5		1
538.6		1
538.7		1
538.8		1
538.9		1
539		1
539.1		1
539.2		1
539.3		1
539.4		1
539.5		1
539.6		1
539.7		1
539.8		1
539.9		1
540		1
540.1		1
540.2		1
540.3		1
540.4		1
540.5		1
540.6		1
540.7		1
540.8		1
540.9		1
541		1
541.1		1
541.2		1
541.3		1
541.4		1
541.5		1
541.6		1
541.7		1
541.8		1
541.9		1
542		1
542.1		1
542.2		1
542.3		1
542.4		1
542.5		1
542.6		1
542.7		1
542.8		1
542.9		1
543		1
543.1		1
543.2		1
543.3		1
543.4		1
543.5		1
543.6		1
543.7		1
543.8		1
543.9		1
544		1
544.1		1
544.2		1
544.3		1
544.4		1
544.5		1
544.6		1
544.7		1
544.8		1
544.9		1
545		1
545.1		1
545.2		1
545.3		1
545.4		1
545.5		1
545.6		1
545.7		1
545.8		1
545.9		1
546		1
546.1		1
546.2		1
546.3		1
546.4		1
546.5		1
546.6		1
546.7		1
546.8		1
546.9		1
547		1
547.1		1
547.2		1
547.3		1
547.4		1
547.5		1
547.6		1
547.7		1
547.8		1
547.9		1
548		1
548.1		1
548.2		1
548.3		1
548.4		1
548.5		1
548.6		1
548.7		1
548.8		1
548.9		1
549		1
549.1		1
549.2		1
549.3		1
549.4		1
549.5		1
549.6		1
549.7		1
549.8		1
549.9		1
550		1
550.1		1
550.2		1
550.3		1
550.4		1
550.5		1
550.6		1
550.7		1
550.8		1
550.9		1
551		1
551.1		1
551.2		1
551.3		1
551.4		1
551.5		1
551.6		1
551.7		1
551.8		1
551.9		1
552		1
552.1		1
552.2		1
552.3		1
552.4		1
552.5		1
552.6		1
552.7		1
552.8		1
552.9		1
553		1
553.1		1
553.2		1
553.3		1
553.4		1
553.5		1
553.6		1
553.7		1
553.8		1
553.9		1
554		1
554.1		1
554.2		1
554.3		1
554.4		1
554.5		1
554.6		1
554.7		1
554.8		1
554.9		1
555		1
555.1		1
555.2		1
555.3		1
555.4		1
555.5		1
555.6		1
555.7		1
555.8		1
555.9		1
556		1
556.1		1
556.2		1
556.3		1
556.4		1
556.5		1
556.6		1
556.7		1
556.8		1
556.9		1
557		1
557.1		1
557.2		1
557.3		1
557.4		1
557.5		1
557.6		1
557.7		1
557.8		1
557.9		1
558		1
558.1		1
558.2		1
558.3		1
558.4		1
558.5		1
558.6		1
558.7		1
558.8		1
558.9		1
559		1
559.1		1
559.2		1
559.3		1
559.4		1
559.5		1
559.6		1
559.7		1
559.8		1
559.9		1
560		1
560.1		1
560.2		1
560.3		1
560.4		1
560.5		1
560.6		1
560.7		1
560.8		1
560.9		1
561		1
561.1		1
561.2		1
561.3		1
561.4		1
561.5		1
561.6		1
561.7		1
561.8		1
561.9		1
562		1
562.1		1
562.2		1
562.3		1
562.4		1
562.5		1
562.6		1
562.7		1
562.8		1
562.9		1
563		1
563.1		1
563.2		1
563.3		1
563.4		1
563.5		1
563.6		1
563.7		1
563.8		1
563.9		1
564		1
564.1		1
564.2		1
564.3		1
564.4		1
564.5		1
564.6		1
564.7		1
564.8		1
564.9		1
565		1
565.1		1
565.2		1
565.3		1
565.4		1
565.5		1
565.6		1
565.7		1
565.8		1
565.9		1
566		1
566.1		1
566.2		1
566.3		1
566.4		1
566.5		1
566.6		1
566.7		1
566.8		1
566.9		1
567		1
567.1		1
567.2		1
567.3		1
567.4		1
567.5		1
567.6		1
567.7		1
567.8		1
567.9		1
568		1
568.1		1
568.2		1
568.3		1
568.4		1
568.5		1
568.6		1
568.7		1
568.8		1
568.9		1
569		1
569.1		1
569.2		1
569.3		1
569.4		1
569.5		1
569.6		1
569.7		1
569.8		1
569.9		1
570		1
570.1		1
570.2		1
570.3		1
570.4		1
570.5		1
570.6		1
570.7		1
570.8		1
570.9		1
571		1
571.1		1
571.2		1
571.3		1
571.4		1
571.5		1
571.6		1
571.7		1
571.8		1
571.9		1
572		1
572.1		1
572.2		1
572.3		1
572.4		1
572.5		1
572.6		1
572.7		1
572.8		1
572.9		1
573		1
573.1		1
573.2		1
573.3		1
573.4		1
573.5		1
573.6		1
573.7		1
573.8		1
573.9		1
574		1
574.1		1
574.2		1
574.3		1
574.4		1
574.5		1
574.6		1
574.7		1
574.8		1
574.9		1
575		1
575.1		1
575.2		1
575.3		1
575.4		1
575.5		1
575.6		1
575.7		1
575.8		1
575.9		1
576		1
576.1		1
576.2		1
576.3		1
576.4		1
576.5		1
576.6		1
576.7		1
576.8		1
576.9		1
577		1
577.1		1
577.2		1
577.3		1
577.4		1
577.5		1
577.6		1
577.7		1
577.8		1
577.9		1
578		1
578.1		1
578.2		1
578.3		1
578.4		1
578.5		1
578.6		1
578.7		1
578.8		1
578.9		1
579		1
579.1		1
579.2		1
579.3		1
579.4		1
579.5		1
579.6		1
579.7		1
579.8		1
579.9		1
580		1
580.1		1
580.2		1
580.3		1
580.4		1
580.5		1
580.6		1
580.7		1
580.8		1
580.9		1
581		1
581.1		1
581.2		1
581.3		1
581.4		1
581.5		1
581.6		1
581.7		1
581.8		1
581.9		1
582		1
582.1		1
582.2		1
582.3		1
582.4		1
582.5		1
582.6		1
582.7		1
582.8		1
582.9		1
583		1
583.1		1
583.2		1
583.3		1
583.4		1
583.5		1
583.6		1
583.7		1
583.8		1
583.9		1
584		1
584.1		1
584.2		1
584.3		1
584.4		1
584.5		1
584.6		1
584.7		1
584.8		1
584.9		1
585		1
585.1		1
585.2		1
585.3		1
585.4		1
585.5		1
585.6		1
585.7		1
585.8		1
585.9		1
586		1
586.1		1
586.2		1
586.3		1
586.4		1
586.5		1
586.6		1
586.7		1
586.8		1
586.9		1
587		1
587.1		1
587.2		1
587.3		1
587.4		1
587.5		1
587.6		1
587.7		1
587.8		1
587.9		1
588		1
588.1		1
588.2		1
588.3		1
588.4		1
588.5		1
588.6		1
588.7		1
588.8		1
588.9		1
589		1
589.1		1
589.2		1
589.3		1
589.4		1
589.5		1
589.6		1
589.7		1
589.8		1
589.9		1
590		1
590.1		1
590.2		1
590.3		1
590.4		1
590.5		1
590.6		1
590.7		1
590.8		1
590.9		1
591		1
591.1		1
591.2		1
591.3		1
591.4		1
591.5		1
591.6		1
591.7		1
591.8		1
591.9		1
592		1
592.1		1
592.2		1
592.3		1
592.4		1
592.5		1
592.6		1
592.7		1
592.8		1
592.9		1
593		1
593.1		1
593.2		1
593.3		1
593.4		1
593.5		1
593.6		1
593.7		1
593.8		1
593.9		1
594		1
594.1		1
594.2		1
594.3		1
594.4		1
594.5		1
594.6		1
594.7		1
594.8		1
594.9		1
595		1
595.1		1
595.2		1
595.3		1
595.4		1
595.5		1
595.6		1
595.7		1
595.8		1
595.9		1
596		1
596.1		1
596.2		1
596.3		1
596.4		1
596.5		1
596.6		1
596.7		1
596.8		1
596.9		1
597		1
597.1		1
597.2		1
597.3		1
597.4		1
597.5		1
597.6		1
597.7		1
597.8		1
597.9		1
598		1
598.1		1
598.2		1
598.3		1
598.4		1
598.5		1
598.6		1
598.7		1
598.8		1
598.9		1
599		1
599.1		1
599.2		1
599.3		1
599.4		1
599.5		1
599.6		1
599.7		1
599.8		1
599.9		1
600		1
