# Calibration file of tamex_id 1 @ channel 11
# fine_T bin		 Calibration value
0.1		0
0.2		0
0.3		0
0.4		0
0.5		0
0.6		0
0.7		0
0.8		0
0.9		0
1		0
1.1		0
1.2		0
1.3		0
1.4		0
1.5		0
1.6		0
1.7		0
1.8		0
1.9		0
2		0
2.1		0
2.2		0
2.3		0
2.4		0
2.5		0
2.6		0
2.7		0
2.8		0
2.9		0
3		0
3.1		0
3.2		0
3.3		0
3.4		0
3.5		0
3.6		0
3.7		0
3.8		0
3.9		0
4		0
4.1		0
4.2		0
4.3		0
4.4		0
4.5		0
4.6		0
4.7		0
4.8		0
4.9		0
5		0
5.1		0
5.2		0
5.3		0
5.4		0
5.5		0
5.6		0
5.7		0
5.8		0
5.9		0
6		0
6.1		0
6.2		0
6.3		0
6.4		0
6.5		0
6.6		0
6.7		0
6.8		0
6.9		0
7		0
7.1		0
7.2		0
7.3		0
7.4		0
7.5		0
7.6		0
7.7		0
7.8		0
7.9		0
8		0
8.1		0
8.2		0
8.3		0
8.4		0
8.5		0
8.6		0
8.7		0
8.8		0
8.9		0
9		0
9.1		0
9.2		0
9.3		0
9.4		0
9.5		0
9.6		0
9.7		0
9.8		0
9.9		0
10		0
10.1		0
10.2		0
10.3		0
10.4		0
10.5		0
10.6		0
10.7		0
10.8		0
10.9		0
11		0
11.1		0
11.2		0
11.3		0
11.4		0
11.5		0
11.6		0
11.7		0
11.8		0
11.9		0
12		0
12.1		0
12.2		0
12.3		0
12.4		0
12.5		0
12.6		0
12.7		0
12.8		0
12.9		0
13		0
13.1		0
13.2		0
13.3		0
13.4		0
13.5		0
13.6		0
13.7		0
13.8		0
13.9		0
14		0
14.1		0
14.2		0
14.3		0
14.4		0
14.5		0
14.6		0
14.7		0
14.8		0
14.9		0
15		0
15.1		0
15.2		0
15.3		0
15.4		0
15.5		0
15.6		0
15.7		0
15.8		0
15.9		0
16		0
16.1		0.00388266
16.2		0.00388266
16.3		0.00388266
16.4		0.00388266
16.5		0.00388266
16.6		0.00388266
16.7		0.00388266
16.8		0.00388266
16.9		0.00388266
17		0.00388266
17.1		0.00953016
17.2		0.00953016
17.3		0.00953016
17.4		0.00953016
17.5		0.00953016
17.6		0.00953016
17.7		0.00953016
17.8		0.00953016
17.9		0.00953016
18		0.00953016
18.1		0.0106283
18.2		0.0106283
18.3		0.0106283
18.4		0.0106283
18.5		0.0106283
18.6		0.0106283
18.7		0.0106283
18.8		0.0106283
18.9		0.0106283
19		0.0106283
19.1		0.0131383
19.2		0.0131383
19.3		0.0131383
19.4		0.0131383
19.5		0.0131383
19.6		0.0131383
19.7		0.0131383
19.8		0.0131383
19.9		0.0131383
20		0.0131383
20.1		0.0196878
20.2		0.0196878
20.3		0.0196878
20.4		0.0196878
20.5		0.0196878
20.6		0.0196878
20.7		0.0196878
20.8		0.0196878
20.9		0.0196878
21		0.0196878
21.1		0.0201192
21.2		0.0201192
21.3		0.0201192
21.4		0.0201192
21.5		0.0201192
21.6		0.0201192
21.7		0.0201192
21.8		0.0201192
21.9		0.0201192
22		0.0201192
22.1		0.0216095
22.2		0.0216095
22.3		0.0216095
22.4		0.0216095
22.5		0.0216095
22.6		0.0216095
22.7		0.0216095
22.8		0.0216095
22.9		0.0216095
23		0.0216095
23.1		0.0217272
23.2		0.0217272
23.3		0.0217272
23.4		0.0217272
23.5		0.0217272
23.6		0.0217272
23.7		0.0217272
23.8		0.0217272
23.9		0.0217272
24		0.0217272
24.1		0.0244725
24.2		0.0244725
24.3		0.0244725
24.4		0.0244725
24.5		0.0244725
24.6		0.0244725
24.7		0.0244725
24.8		0.0244725
24.9		0.0244725
25		0.0244725
25.1		0.0257667
25.2		0.0257667
25.3		0.0257667
25.4		0.0257667
25.5		0.0257667
25.6		0.0257667
25.7		0.0257667
25.8		0.0257667
25.9		0.0257667
26		0.0257667
26.1		0.0275316
26.2		0.0275316
26.3		0.0275316
26.4		0.0275316
26.5		0.0275316
26.6		0.0275316
26.7		0.0275316
26.8		0.0275316
26.9		0.0275316
27		0.0275316
27.1		0.0283944
27.2		0.0283944
27.3		0.0283944
27.4		0.0283944
27.5		0.0283944
27.6		0.0283944
27.7		0.0283944
27.8		0.0283944
27.9		0.0283944
28		0.0283944
28.1		0.0300416
28.2		0.0300416
28.3		0.0300416
28.4		0.0300416
28.5		0.0300416
28.6		0.0300416
28.7		0.0300416
28.8		0.0300416
28.9		0.0300416
29		0.0300416
29.1		0.0334144
29.2		0.0334144
29.3		0.0334144
29.4		0.0334144
29.5		0.0334144
29.6		0.0334144
29.7		0.0334144
29.8		0.0334144
29.9		0.0334144
30		0.0334144
30.1		0.034787
30.2		0.034787
30.3		0.034787
30.4		0.034787
30.5		0.034787
30.6		0.034787
30.7		0.034787
30.8		0.034787
30.9		0.034787
31		0.034787
31.1		0.03514
31.2		0.03514
31.3		0.03514
31.4		0.03514
31.5		0.03514
31.6		0.03514
31.7		0.03514
31.8		0.03514
31.9		0.03514
32		0.03514
32.1		0.0362774
32.2		0.0362774
32.3		0.0362774
32.4		0.0362774
32.5		0.0362774
32.6		0.0362774
32.7		0.0362774
32.8		0.0362774
32.9		0.0362774
33		0.0362774
33.1		0.0381599
33.2		0.0381599
33.3		0.0381599
33.4		0.0381599
33.5		0.0381599
33.6		0.0381599
33.7		0.0381599
33.8		0.0381599
33.9		0.0381599
34		0.0381599
34.1		0.042121
34.2		0.042121
34.3		0.042121
34.4		0.042121
34.5		0.042121
34.6		0.042121
34.7		0.042121
34.8		0.042121
34.9		0.042121
35		0.042121
35.1		0.0428661
35.2		0.0428661
35.3		0.0428661
35.4		0.0428661
35.5		0.0428661
35.6		0.0428661
35.7		0.0428661
35.8		0.0428661
35.9		0.0428661
36		0.0428661
36.1		0.0445917
36.2		0.0445917
36.3		0.0445917
36.4		0.0445917
36.5		0.0445917
36.6		0.0445917
36.7		0.0445917
36.8		0.0445917
36.9		0.0445917
37		0.0445917
37.1		0.0449839
37.2		0.0449839
37.3		0.0449839
37.4		0.0449839
37.5		0.0449839
37.6		0.0449839
37.7		0.0449839
37.8		0.0449839
37.9		0.0449839
38		0.0449839
38.1		0.0477685
38.2		0.0477685
38.3		0.0477685
38.4		0.0477685
38.5		0.0477685
38.6		0.0477685
38.7		0.0477685
38.8		0.0477685
38.9		0.0477685
39		0.0477685
39.1		0.051102
39.2		0.051102
39.3		0.051102
39.4		0.051102
39.5		0.051102
39.6		0.051102
39.7		0.051102
39.8		0.051102
39.9		0.051102
40		0.051102
40.1		0.0530238
40.2		0.0530238
40.3		0.0530238
40.4		0.0530238
40.5		0.0530238
40.6		0.0530238
40.7		0.0530238
40.8		0.0530238
40.9		0.0530238
41		0.0530238
41.1		0.0551024
41.2		0.0551024
41.3		0.0551024
41.4		0.0551024
41.5		0.0551024
41.6		0.0551024
41.7		0.0551024
41.8		0.0551024
41.9		0.0551024
42		0.0551024
42.1		0.0563574
42.2		0.0563574
42.3		0.0563574
42.4		0.0563574
42.5		0.0563574
42.6		0.0563574
42.7		0.0563574
42.8		0.0563574
42.9		0.0563574
43		0.0563574
43.1		0.0581614
43.2		0.0581614
43.3		0.0581614
43.4		0.0581614
43.5		0.0581614
43.6		0.0581614
43.7		0.0581614
43.8		0.0581614
43.9		0.0581614
44		0.0581614
44.1		0.058632
44.2		0.058632
44.3		0.058632
44.4		0.058632
44.5		0.058632
44.6		0.058632
44.7		0.058632
44.8		0.058632
44.9		0.058632
45		0.058632
45.1		0.0600047
45.2		0.0600047
45.3		0.0600047
45.4		0.0600047
45.5		0.0600047
45.6		0.0600047
45.7		0.0600047
45.8		0.0600047
45.9		0.0600047
46		0.0600047
46.1		0.0646717
46.2		0.0646717
46.3		0.0646717
46.4		0.0646717
46.5		0.0646717
46.6		0.0646717
46.7		0.0646717
46.8		0.0646717
46.9		0.0646717
47		0.0646717
47.1		0.067221
47.2		0.067221
47.3		0.067221
47.4		0.067221
47.5		0.067221
47.6		0.067221
47.7		0.067221
47.8		0.067221
47.9		0.067221
48		0.067221
48.1		0.068476
48.2		0.068476
48.3		0.068476
48.4		0.068476
48.5		0.068476
48.6		0.068476
48.7		0.068476
48.8		0.068476
48.9		0.068476
49		0.068476
49.1		0.0686328
49.2		0.0686328
49.3		0.0686328
49.4		0.0686328
49.5		0.0686328
49.6		0.0686328
49.7		0.0686328
49.8		0.0686328
49.9		0.0686328
50		0.0686328
50.1		0.0691427
50.2		0.0691427
50.3		0.0691427
50.4		0.0691427
50.5		0.0691427
50.6		0.0691427
50.7		0.0691427
50.8		0.0691427
50.9		0.0691427
51		0.0691427
51.1		0.0710252
51.2		0.0710252
51.3		0.0710252
51.4		0.0710252
51.5		0.0710252
51.6		0.0710252
51.7		0.0710252
51.8		0.0710252
51.9		0.0710252
52		0.0710252
52.1		0.0744764
52.2		0.0744764
52.3		0.0744764
52.4		0.0744764
52.5		0.0744764
52.6		0.0744764
52.7		0.0744764
52.8		0.0744764
52.9		0.0744764
53		0.0744764
53.1		0.0767903
53.2		0.0767903
53.3		0.0767903
53.4		0.0767903
53.5		0.0767903
53.6		0.0767903
53.7		0.0767903
53.8		0.0767903
53.9		0.0767903
54		0.0767903
54.1		0.0787121
54.2		0.0787121
54.3		0.0787121
54.4		0.0787121
54.5		0.0787121
54.6		0.0787121
54.7		0.0787121
54.8		0.0787121
54.9		0.0787121
55		0.0787121
55.1		0.0805553
55.2		0.0805553
55.3		0.0805553
55.4		0.0805553
55.5		0.0805553
55.6		0.0805553
55.7		0.0805553
55.8		0.0805553
55.9		0.0805553
56		0.0805553
56.1		0.081026
56.2		0.081026
56.3		0.081026
56.4		0.081026
56.5		0.081026
56.6		0.081026
56.7		0.081026
56.8		0.081026
56.9		0.081026
57		0.081026
57.1		0.0829477
57.2		0.0829477
57.3		0.0829477
57.4		0.0829477
57.5		0.0829477
57.6		0.0829477
57.7		0.0829477
57.8		0.0829477
57.9		0.0829477
58		0.0829477
58.1		0.0906346
58.2		0.0906346
58.3		0.0906346
58.4		0.0906346
58.5		0.0906346
58.6		0.0906346
58.7		0.0906346
58.8		0.0906346
58.9		0.0906346
59		0.0906346
59.1		0.0908699
59.2		0.0908699
59.3		0.0908699
59.4		0.0908699
59.5		0.0908699
59.6		0.0908699
59.7		0.0908699
59.8		0.0908699
59.9		0.0908699
60		0.0908699
60.1		0.0914974
60.2		0.0914974
60.3		0.0914974
60.4		0.0914974
60.5		0.0914974
60.6		0.0914974
60.7		0.0914974
60.8		0.0914974
60.9		0.0914974
61		0.0914974
61.1		0.0922033
61.2		0.0922033
61.3		0.0922033
61.4		0.0922033
61.5		0.0922033
61.6		0.0922033
61.7		0.0922033
61.8		0.0922033
61.9		0.0922033
62		0.0922033
62.1		0.0976939
62.2		0.0976939
62.3		0.0976939
62.4		0.0976939
62.5		0.0976939
62.6		0.0976939
62.7		0.0976939
62.8		0.0976939
62.9		0.0976939
63		0.0976939
63.1		0.0983999
63.2		0.0983999
63.3		0.0983999
63.4		0.0983999
63.5		0.0983999
63.6		0.0983999
63.7		0.0983999
63.8		0.0983999
63.9		0.0983999
64		0.0983999
64.1		0.0991058
64.2		0.0991058
64.3		0.0991058
64.4		0.0991058
64.5		0.0991058
64.6		0.0991058
64.7		0.0991058
64.8		0.0991058
64.9		0.0991058
65		0.0991058
65.1		0.0996549
65.2		0.0996549
65.3		0.0996549
65.4		0.0996549
65.5		0.0996549
65.6		0.0996549
65.7		0.0996549
65.8		0.0996549
65.9		0.0996549
66		0.0996549
66.1		0.103969
66.2		0.103969
66.3		0.103969
66.4		0.103969
66.5		0.103969
66.6		0.103969
66.7		0.103969
66.8		0.103969
66.9		0.103969
67		0.103969
67.1		0.105146
67.2		0.105146
67.3		0.105146
67.4		0.105146
67.5		0.105146
67.6		0.105146
67.7		0.105146
67.8		0.105146
67.9		0.105146
68		0.105146
68.1		0.106479
68.2		0.106479
68.3		0.106479
68.4		0.106479
68.5		0.106479
68.6		0.106479
68.7		0.106479
68.8		0.106479
68.9		0.106479
69		0.106479
69.1		0.108518
69.2		0.108518
69.3		0.108518
69.4		0.108518
69.5		0.108518
69.6		0.108518
69.7		0.108518
69.8		0.108518
69.9		0.108518
70		0.108518
70.1		0.111303
70.2		0.111303
70.3		0.111303
70.4		0.111303
70.5		0.111303
70.6		0.111303
70.7		0.111303
70.8		0.111303
70.9		0.111303
71		0.111303
71.1		0.113342
71.2		0.113342
71.3		0.113342
71.4		0.113342
71.5		0.113342
71.6		0.113342
71.7		0.113342
71.8		0.113342
71.9		0.113342
72		0.113342
72.1		0.115186
72.2		0.115186
72.3		0.115186
72.4		0.115186
72.5		0.115186
72.6		0.115186
72.7		0.115186
72.8		0.115186
72.9		0.115186
73		0.115186
73.1		0.116323
73.2		0.116323
73.3		0.116323
73.4		0.116323
73.5		0.116323
73.6		0.116323
73.7		0.116323
73.8		0.116323
73.9		0.116323
74		0.116323
74.1		0.116793
74.2		0.116793
74.3		0.116793
74.4		0.116793
74.5		0.116793
74.6		0.116793
74.7		0.116793
74.8		0.116793
74.9		0.116793
75		0.116793
75.1		0.121225
75.2		0.121225
75.3		0.121225
75.4		0.121225
75.5		0.121225
75.6		0.121225
75.7		0.121225
75.8		0.121225
75.9		0.121225
76		0.121225
76.1		0.122951
76.2		0.122951
76.3		0.122951
76.4		0.122951
76.5		0.122951
76.6		0.122951
76.7		0.122951
76.8		0.122951
76.9		0.122951
77		0.122951
77.1		0.126873
77.2		0.126873
77.3		0.126873
77.4		0.126873
77.5		0.126873
77.6		0.126873
77.7		0.126873
77.8		0.126873
77.9		0.126873
78		0.126873
78.1		0.1275
78.2		0.1275
78.3		0.1275
78.4		0.1275
78.5		0.1275
78.6		0.1275
78.7		0.1275
78.8		0.1275
78.9		0.1275
79		0.1275
79.1		0.128912
79.2		0.128912
79.3		0.128912
79.4		0.128912
79.5		0.128912
79.6		0.128912
79.7		0.128912
79.8		0.128912
79.9		0.128912
80		0.128912
80.1		0.133108
80.2		0.133108
80.3		0.133108
80.4		0.133108
80.5		0.133108
80.6		0.133108
80.7		0.133108
80.8		0.133108
80.9		0.133108
81		0.133108
81.1		0.133658
81.2		0.133658
81.3		0.133658
81.4		0.133658
81.5		0.133658
81.6		0.133658
81.7		0.133658
81.8		0.133658
81.9		0.133658
82		0.133658
82.1		0.135462
82.2		0.135462
82.3		0.135462
82.4		0.135462
82.5		0.135462
82.6		0.135462
82.7		0.135462
82.8		0.135462
82.9		0.135462
83		0.135462
83.1		0.13703
83.2		0.13703
83.3		0.13703
83.4		0.13703
83.5		0.13703
83.6		0.13703
83.7		0.13703
83.8		0.13703
83.9		0.13703
84		0.13703
84.1		0.14056
84.2		0.14056
84.3		0.14056
84.4		0.14056
84.5		0.14056
84.6		0.14056
84.7		0.14056
84.8		0.14056
84.9		0.14056
85		0.14056
85.1		0.141266
85.2		0.141266
85.3		0.141266
85.4		0.141266
85.5		0.141266
85.6		0.141266
85.7		0.141266
85.8		0.141266
85.9		0.141266
86		0.141266
86.1		0.14456
86.2		0.14456
86.3		0.14456
86.4		0.14456
86.5		0.14456
86.6		0.14456
86.7		0.14456
86.8		0.14456
86.9		0.14456
87		0.14456
87.1		0.145384
87.2		0.145384
87.3		0.145384
87.4		0.145384
87.5		0.145384
87.6		0.145384
87.7		0.145384
87.8		0.145384
87.9		0.145384
88		0.145384
88.1		0.148718
88.2		0.148718
88.3		0.148718
88.4		0.148718
88.5		0.148718
88.6		0.148718
88.7		0.148718
88.8		0.148718
88.9		0.148718
89		0.148718
89.1		0.15111
89.2		0.15111
89.3		0.15111
89.4		0.15111
89.5		0.15111
89.6		0.15111
89.7		0.15111
89.8		0.15111
89.9		0.15111
90		0.15111
90.1		0.152639
90.2		0.152639
90.3		0.152639
90.4		0.152639
90.5		0.152639
90.6		0.152639
90.7		0.152639
90.8		0.152639
90.9		0.152639
91		0.152639
91.1		0.153424
91.2		0.153424
91.3		0.153424
91.4		0.153424
91.5		0.153424
91.6		0.153424
91.7		0.153424
91.8		0.153424
91.9		0.153424
92		0.153424
92.1		0.157699
92.2		0.157699
92.3		0.157699
92.4		0.157699
92.5		0.157699
92.6		0.157699
92.7		0.157699
92.8		0.157699
92.9		0.157699
93		0.157699
93.1		0.158208
93.2		0.158208
93.3		0.158208
93.4		0.158208
93.5		0.158208
93.6		0.158208
93.7		0.158208
93.8		0.158208
93.9		0.158208
94		0.158208
94.1		0.15915
94.2		0.15915
94.3		0.15915
94.4		0.15915
94.5		0.15915
94.6		0.15915
94.7		0.15915
94.8		0.15915
94.9		0.15915
95		0.15915
95.1		0.160797
95.2		0.160797
95.3		0.160797
95.4		0.160797
95.5		0.160797
95.6		0.160797
95.7		0.160797
95.8		0.160797
95.9		0.160797
96		0.160797
96.1		0.165229
96.2		0.165229
96.3		0.165229
96.4		0.165229
96.5		0.165229
96.6		0.165229
96.7		0.165229
96.8		0.165229
96.9		0.165229
97		0.165229
97.1		0.166013
97.2		0.166013
97.3		0.166013
97.4		0.166013
97.5		0.166013
97.6		0.166013
97.7		0.166013
97.8		0.166013
97.9		0.166013
98		0.166013
98.1		0.168288
98.2		0.168288
98.3		0.168288
98.4		0.168288
98.5		0.168288
98.6		0.168288
98.7		0.168288
98.8		0.168288
98.9		0.168288
99		0.168288
99.1		0.16966
99.2		0.16966
99.3		0.16966
99.4		0.16966
99.5		0.16966
99.6		0.16966
99.7		0.16966
99.8		0.16966
99.9		0.16966
100		0.16966
100.1		0.172994
100.2		0.172994
100.3		0.172994
100.4		0.172994
100.5		0.172994
100.6		0.172994
100.7		0.172994
100.8		0.172994
100.9		0.172994
101		0.172994
101.1		0.173582
101.2		0.173582
101.3		0.173582
101.4		0.173582
101.5		0.173582
101.6		0.173582
101.7		0.173582
101.8		0.173582
101.9		0.173582
102		0.173582
102.1		0.176171
102.2		0.176171
102.3		0.176171
102.4		0.176171
102.5		0.176171
102.6		0.176171
102.7		0.176171
102.8		0.176171
102.9		0.176171
103		0.176171
103.1		0.17821
103.2		0.17821
103.3		0.17821
103.4		0.17821
103.5		0.17821
103.6		0.17821
103.7		0.17821
103.8		0.17821
103.9		0.17821
104		0.17821
104.1		0.180328
104.2		0.180328
104.3		0.180328
104.4		0.180328
104.5		0.180328
104.6		0.180328
104.7		0.180328
104.8		0.180328
104.9		0.180328
105		0.180328
105.1		0.183152
105.2		0.183152
105.3		0.183152
105.4		0.183152
105.5		0.183152
105.6		0.183152
105.7		0.183152
105.8		0.183152
105.9		0.183152
106		0.183152
106.1		0.184132
106.2		0.184132
106.3		0.184132
106.4		0.184132
106.5		0.184132
106.6		0.184132
106.7		0.184132
106.8		0.184132
106.9		0.184132
107		0.184132
107.1		0.184838
107.2		0.184838
107.3		0.184838
107.4		0.184838
107.5		0.184838
107.6		0.184838
107.7		0.184838
107.8		0.184838
107.9		0.184838
108		0.184838
108.1		0.18727
108.2		0.18727
108.3		0.18727
108.4		0.18727
108.5		0.18727
108.6		0.18727
108.7		0.18727
108.8		0.18727
108.9		0.18727
109		0.18727
109.1		0.191231
109.2		0.191231
109.3		0.191231
109.4		0.191231
109.5		0.191231
109.6		0.191231
109.7		0.191231
109.8		0.191231
109.9		0.191231
110		0.191231
110.1		0.19429
110.2		0.19429
110.3		0.19429
110.4		0.19429
110.5		0.19429
110.6		0.19429
110.7		0.19429
110.8		0.19429
110.9		0.19429
111		0.19429
111.1		0.1948
111.2		0.1948
111.3		0.1948
111.4		0.1948
111.5		0.1948
111.6		0.1948
111.7		0.1948
111.8		0.1948
111.9		0.1948
112		0.1948
112.1		0.195192
112.2		0.195192
112.3		0.195192
112.4		0.195192
112.5		0.195192
112.6		0.195192
112.7		0.195192
112.8		0.195192
112.9		0.195192
113		0.195192
113.1		0.199545
113.2		0.199545
113.3		0.199545
113.4		0.199545
113.5		0.199545
113.6		0.199545
113.7		0.199545
113.8		0.199545
113.9		0.199545
114		0.199545
114.1		0.201271
114.2		0.201271
114.3		0.201271
114.4		0.201271
114.5		0.201271
114.6		0.201271
114.7		0.201271
114.8		0.201271
114.9		0.201271
115		0.201271
115.1		0.201781
115.2		0.201781
115.3		0.201781
115.4		0.201781
115.5		0.201781
115.6		0.201781
115.7		0.201781
115.8		0.201781
115.9		0.201781
116		0.201781
116.1		0.205467
116.2		0.205467
116.3		0.205467
116.4		0.205467
116.5		0.205467
116.6		0.205467
116.7		0.205467
116.8		0.205467
116.9		0.205467
117		0.205467
117.1		0.205859
117.2		0.205859
117.3		0.205859
117.4		0.205859
117.5		0.205859
117.6		0.205859
117.7		0.205859
117.8		0.205859
117.9		0.205859
118		0.205859
118.1		0.20982
118.2		0.20982
118.3		0.20982
118.4		0.20982
118.5		0.20982
118.6		0.20982
118.7		0.20982
118.8		0.20982
118.9		0.20982
119		0.20982
119.1		0.211428
119.2		0.211428
119.3		0.211428
119.4		0.211428
119.5		0.211428
119.6		0.211428
119.7		0.211428
119.8		0.211428
119.9		0.211428
120		0.211428
120.1		0.211585
120.2		0.211585
120.3		0.211585
120.4		0.211585
120.5		0.211585
120.6		0.211585
120.7		0.211585
120.8		0.211585
120.9		0.211585
121		0.211585
121.1		0.212879
121.2		0.212879
121.3		0.212879
121.4		0.212879
121.5		0.212879
121.6		0.212879
121.7		0.212879
121.8		0.212879
121.9		0.212879
122		0.212879
122.1		0.218409
122.2		0.218409
122.3		0.218409
122.4		0.218409
122.5		0.218409
122.6		0.218409
122.7		0.218409
122.8		0.218409
122.9		0.218409
123		0.218409
123.1		0.219076
123.2		0.219076
123.3		0.219076
123.4		0.219076
123.5		0.219076
123.6		0.219076
123.7		0.219076
123.8		0.219076
123.9		0.219076
124		0.219076
124.1		0.222057
124.2		0.222057
124.3		0.222057
124.4		0.222057
124.5		0.222057
124.6		0.222057
124.7		0.222057
124.8		0.222057
124.9		0.222057
125		0.222057
125.1		0.223743
125.2		0.223743
125.3		0.223743
125.4		0.223743
125.5		0.223743
125.6		0.223743
125.7		0.223743
125.8		0.223743
125.9		0.223743
126		0.223743
126.1		0.228175
126.2		0.228175
126.3		0.228175
126.4		0.228175
126.5		0.228175
126.6		0.228175
126.7		0.228175
126.8		0.228175
126.9		0.228175
127		0.228175
127.1		0.229508
127.2		0.229508
127.3		0.229508
127.4		0.229508
127.5		0.229508
127.6		0.229508
127.7		0.229508
127.8		0.229508
127.9		0.229508
128		0.229508
128.1		0.231351
128.2		0.231351
128.3		0.231351
128.4		0.231351
128.5		0.231351
128.6		0.231351
128.7		0.231351
128.8		0.231351
128.9		0.231351
129		0.231351
129.1		0.232018
129.2		0.232018
129.3		0.232018
129.4		0.232018
129.5		0.232018
129.6		0.232018
129.7		0.232018
129.8		0.232018
129.9		0.232018
130		0.232018
130.1		0.233469
130.2		0.233469
130.3		0.233469
130.4		0.233469
130.5		0.233469
130.6		0.233469
130.7		0.233469
130.8		0.233469
130.9		0.233469
131		0.233469
131.1		0.239117
131.2		0.239117
131.3		0.239117
131.4		0.239117
131.5		0.239117
131.6		0.239117
131.7		0.239117
131.8		0.239117
131.9		0.239117
132		0.239117
132.1		0.239313
132.2		0.239313
132.3		0.239313
132.4		0.239313
132.5		0.239313
132.6		0.239313
132.7		0.239313
132.8		0.239313
132.9		0.239313
133		0.239313
133.1		0.239587
133.2		0.239587
133.3		0.239587
133.4		0.239587
133.5		0.239587
133.6		0.239587
133.7		0.239587
133.8		0.239587
133.9		0.239587
134		0.239587
134.1		0.241784
134.2		0.241784
134.3		0.241784
134.4		0.241784
134.5		0.241784
134.6		0.241784
134.7		0.241784
134.8		0.241784
134.9		0.241784
135		0.241784
135.1		0.24245
135.2		0.24245
135.3		0.24245
135.4		0.24245
135.5		0.24245
135.6		0.24245
135.7		0.24245
135.8		0.24245
135.9		0.24245
136		0.24245
136.1		0.249078
136.2		0.249078
136.3		0.249078
136.4		0.249078
136.5		0.249078
136.6		0.249078
136.7		0.249078
136.8		0.249078
136.9		0.249078
137		0.249078
137.1		0.249784
137.2		0.249784
137.3		0.249784
137.4		0.249784
137.5		0.249784
137.6		0.249784
137.7		0.249784
137.8		0.249784
137.9		0.249784
138		0.249784
138.1		0.250216
138.2		0.250216
138.3		0.250216
138.4		0.250216
138.5		0.250216
138.6		0.250216
138.7		0.250216
138.8		0.250216
138.9		0.250216
139		0.250216
139.1		0.251667
139.2		0.251667
139.3		0.251667
139.4		0.251667
139.5		0.251667
139.6		0.251667
139.7		0.251667
139.8		0.251667
139.9		0.251667
140		0.251667
140.1		0.255236
140.2		0.255236
140.3		0.255236
140.4		0.255236
140.5		0.255236
140.6		0.255236
140.7		0.255236
140.8		0.255236
140.9		0.255236
141		0.255236
141.1		0.256216
141.2		0.256216
141.3		0.256216
141.4		0.256216
141.5		0.256216
141.6		0.256216
141.7		0.256216
141.8		0.256216
141.9		0.256216
142		0.256216
142.1		0.258765
142.2		0.258765
142.3		0.258765
142.4		0.258765
142.5		0.258765
142.6		0.258765
142.7		0.258765
142.8		0.258765
142.9		0.258765
143		0.258765
143.1		0.259393
143.2		0.259393
143.3		0.259393
143.4		0.259393
143.5		0.259393
143.6		0.259393
143.7		0.259393
143.8		0.259393
143.9		0.259393
144		0.259393
144.1		0.264178
144.2		0.264178
144.3		0.264178
144.4		0.264178
144.5		0.264178
144.6		0.264178
144.7		0.264178
144.8		0.264178
144.9		0.264178
145		0.264178
145.1		0.265158
145.2		0.265158
145.3		0.265158
145.4		0.265158
145.5		0.265158
145.6		0.265158
145.7		0.265158
145.8		0.265158
145.9		0.265158
146		0.265158
146.1		0.265903
146.2		0.265903
146.3		0.265903
146.4		0.265903
146.5		0.265903
146.6		0.265903
146.7		0.265903
146.8		0.265903
146.9		0.265903
147		0.265903
147.1		0.267825
147.2		0.267825
147.3		0.267825
147.4		0.267825
147.5		0.267825
147.6		0.267825
147.7		0.267825
147.8		0.267825
147.9		0.267825
148		0.267825
148.1		0.273747
148.2		0.273747
148.3		0.273747
148.4		0.273747
148.5		0.273747
148.6		0.273747
148.7		0.273747
148.8		0.273747
148.9		0.273747
149		0.273747
149.1		0.274374
149.2		0.274374
149.3		0.274374
149.4		0.274374
149.5		0.274374
149.6		0.274374
149.7		0.274374
149.8		0.274374
149.9		0.274374
150		0.274374
150.1		0.276924
150.2		0.276924
150.3		0.276924
150.4		0.276924
150.5		0.276924
150.6		0.276924
150.7		0.276924
150.8		0.276924
150.9		0.276924
151		0.276924
151.1		0.277786
151.2		0.277786
151.3		0.277786
151.4		0.277786
151.5		0.277786
151.6		0.277786
151.7		0.277786
151.8		0.277786
151.9		0.277786
152		0.277786
152.1		0.281081
152.2		0.281081
152.3		0.281081
152.4		0.281081
152.5		0.281081
152.6		0.281081
152.7		0.281081
152.8		0.281081
152.9		0.281081
153		0.281081
153.1		0.283042
153.2		0.283042
153.3		0.283042
153.4		0.283042
153.5		0.283042
153.6		0.283042
153.7		0.283042
153.8		0.283042
153.9		0.283042
154		0.283042
154.1		0.284297
154.2		0.284297
154.3		0.284297
154.4		0.284297
154.5		0.284297
154.6		0.284297
154.7		0.284297
154.8		0.284297
154.9		0.284297
155		0.284297
155.1		0.286297
155.2		0.286297
155.3		0.286297
155.4		0.286297
155.5		0.286297
155.6		0.286297
155.7		0.286297
155.8		0.286297
155.9		0.286297
156		0.286297
156.1		0.287709
156.2		0.287709
156.3		0.287709
156.4		0.287709
156.5		0.287709
156.6		0.287709
156.7		0.287709
156.8		0.287709
156.9		0.287709
157		0.287709
157.1		0.290062
157.2		0.290062
157.3		0.290062
157.4		0.290062
157.5		0.290062
157.6		0.290062
157.7		0.290062
157.8		0.290062
157.9		0.290062
158		0.290062
158.1		0.292062
158.2		0.292062
158.3		0.292062
158.4		0.292062
158.5		0.292062
158.6		0.292062
158.7		0.292062
158.8		0.292062
158.9		0.292062
159		0.292062
159.1		0.293866
159.2		0.293866
159.3		0.293866
159.4		0.293866
159.5		0.293866
159.6		0.293866
159.7		0.293866
159.8		0.293866
159.9		0.293866
160		0.293866
160.1		0.296925
160.2		0.296925
160.3		0.296925
160.4		0.296925
160.5		0.296925
160.6		0.296925
160.7		0.296925
160.8		0.296925
160.9		0.296925
161		0.296925
161.1		0.29767
161.2		0.29767
161.3		0.29767
161.4		0.29767
161.5		0.29767
161.6		0.29767
161.7		0.29767
161.8		0.29767
161.9		0.29767
162		0.29767
162.1		0.301396
162.2		0.301396
162.3		0.301396
162.4		0.301396
162.5		0.301396
162.6		0.301396
162.7		0.301396
162.8		0.301396
162.9		0.301396
163		0.301396
163.1		0.302573
163.2		0.302573
163.3		0.302573
163.4		0.302573
163.5		0.302573
163.6		0.302573
163.7		0.302573
163.8		0.302573
163.9		0.302573
164		0.302573
164.1		0.303514
164.2		0.303514
164.3		0.303514
164.4		0.303514
164.5		0.303514
164.6		0.303514
164.7		0.303514
164.8		0.303514
164.9		0.303514
165		0.303514
165.1		0.308573
165.2		0.308573
165.3		0.308573
165.4		0.308573
165.5		0.308573
165.6		0.308573
165.7		0.308573
165.8		0.308573
165.9		0.308573
166		0.308573
166.1		0.308691
166.2		0.308691
166.3		0.308691
166.4		0.308691
166.5		0.308691
166.6		0.308691
166.7		0.308691
166.8		0.308691
166.9		0.308691
167		0.308691
167.1		0.311946
167.2		0.311946
167.3		0.311946
167.4		0.311946
167.5		0.311946
167.6		0.311946
167.7		0.311946
167.8		0.311946
167.9		0.311946
168		0.311946
168.1		0.312613
168.2		0.312613
168.3		0.312613
168.4		0.312613
168.5		0.312613
168.6		0.312613
168.7		0.312613
168.8		0.312613
168.9		0.312613
169		0.312613
169.1		0.314064
169.2		0.314064
169.3		0.314064
169.4		0.314064
169.5		0.314064
169.6		0.314064
169.7		0.314064
169.8		0.314064
169.9		0.314064
170		0.314064
170.1		0.314731
170.2		0.314731
170.3		0.314731
170.4		0.314731
170.5		0.314731
170.6		0.314731
170.7		0.314731
170.8		0.314731
170.9		0.314731
171		0.314731
171.1		0.318496
171.2		0.318496
171.3		0.318496
171.4		0.318496
171.5		0.318496
171.6		0.318496
171.7		0.318496
171.8		0.318496
171.9		0.318496
172		0.318496
172.1		0.319947
172.2		0.319947
172.3		0.319947
172.4		0.319947
172.5		0.319947
172.6		0.319947
172.7		0.319947
172.8		0.319947
172.9		0.319947
173		0.319947
173.1		0.322849
173.2		0.322849
173.3		0.322849
173.4		0.322849
173.5		0.322849
173.6		0.322849
173.7		0.322849
173.8		0.322849
173.9		0.322849
174		0.322849
174.1		0.326261
174.2		0.326261
174.3		0.326261
174.4		0.326261
174.5		0.326261
174.6		0.326261
174.7		0.326261
174.8		0.326261
174.9		0.326261
175		0.326261
175.1		0.326575
175.2		0.326575
175.3		0.326575
175.4		0.326575
175.5		0.326575
175.6		0.326575
175.7		0.326575
175.8		0.326575
175.9		0.326575
176		0.326575
176.1		0.327947
176.2		0.327947
176.3		0.327947
176.4		0.327947
176.5		0.327947
176.6		0.327947
176.7		0.327947
176.8		0.327947
176.9		0.327947
177		0.327947
177.1		0.331124
177.2		0.331124
177.3		0.331124
177.4		0.331124
177.5		0.331124
177.6		0.331124
177.7		0.331124
177.8		0.331124
177.9		0.331124
178		0.331124
178.1		0.333399
178.2		0.333399
178.3		0.333399
178.4		0.333399
178.5		0.333399
178.6		0.333399
178.7		0.333399
178.8		0.333399
178.9		0.333399
179		0.333399
179.1		0.335242
179.2		0.335242
179.3		0.335242
179.4		0.335242
179.5		0.335242
179.6		0.335242
179.7		0.335242
179.8		0.335242
179.9		0.335242
180		0.335242
180.1		0.336693
180.2		0.336693
180.3		0.336693
180.4		0.336693
180.5		0.336693
180.6		0.336693
180.7		0.336693
180.8		0.336693
180.9		0.336693
181		0.336693
181.1		0.338027
181.2		0.338027
181.3		0.338027
181.4		0.338027
181.5		0.338027
181.6		0.338027
181.7		0.338027
181.8		0.338027
181.9		0.338027
182		0.338027
182.1		0.341478
182.2		0.341478
182.3		0.341478
182.4		0.341478
182.5		0.341478
182.6		0.341478
182.7		0.341478
182.8		0.341478
182.9		0.341478
183		0.341478
183.1		0.343792
183.2		0.343792
183.3		0.343792
183.4		0.343792
183.5		0.343792
183.6		0.343792
183.7		0.343792
183.8		0.343792
183.9		0.343792
184		0.343792
184.1		0.346145
184.2		0.346145
184.3		0.346145
184.4		0.346145
184.5		0.346145
184.6		0.346145
184.7		0.346145
184.8		0.346145
184.9		0.346145
185		0.346145
185.1		0.347008
185.2		0.347008
185.3		0.347008
185.4		0.347008
185.5		0.347008
185.6		0.347008
185.7		0.347008
185.8		0.347008
185.9		0.347008
186		0.347008
186.1		0.349518
186.2		0.349518
186.3		0.349518
186.4		0.349518
186.5		0.349518
186.6		0.349518
186.7		0.349518
186.8		0.349518
186.9		0.349518
187		0.349518
187.1		0.352734
187.2		0.352734
187.3		0.352734
187.4		0.352734
187.5		0.352734
187.6		0.352734
187.7		0.352734
187.8		0.352734
187.9		0.352734
188		0.352734
188.1		0.354224
188.2		0.354224
188.3		0.354224
188.4		0.354224
188.5		0.354224
188.6		0.354224
188.7		0.354224
188.8		0.354224
188.9		0.354224
189		0.354224
189.1		0.355793
189.2		0.355793
189.3		0.355793
189.4		0.355793
189.5		0.355793
189.6		0.355793
189.7		0.355793
189.8		0.355793
189.9		0.355793
190		0.355793
190.1		0.358812
190.2		0.358812
190.3		0.358812
190.4		0.358812
190.5		0.358812
190.6		0.358812
190.7		0.358812
190.8		0.358812
190.9		0.358812
191		0.358812
191.1		0.35944
191.2		0.35944
191.3		0.35944
191.4		0.35944
191.5		0.35944
191.6		0.35944
191.7		0.35944
191.8		0.35944
191.9		0.35944
192		0.35944
192.1		0.361715
192.2		0.361715
192.3		0.361715
192.4		0.361715
192.5		0.361715
192.6		0.361715
192.7		0.361715
192.8		0.361715
192.9		0.361715
193		0.361715
193.1		0.365284
193.2		0.365284
193.3		0.365284
193.4		0.365284
193.5		0.365284
193.6		0.365284
193.7		0.365284
193.8		0.365284
193.9		0.365284
194		0.365284
194.1		0.367048
194.2		0.367048
194.3		0.367048
194.4		0.367048
194.5		0.367048
194.6		0.367048
194.7		0.367048
194.8		0.367048
194.9		0.367048
195		0.367048
195.1		0.36897
195.2		0.36897
195.3		0.36897
195.4		0.36897
195.5		0.36897
195.6		0.36897
195.7		0.36897
195.8		0.36897
195.9		0.36897
196		0.36897
196.1		0.370617
196.2		0.370617
196.3		0.370617
196.4		0.370617
196.5		0.370617
196.6		0.370617
196.7		0.370617
196.8		0.370617
196.9		0.370617
197		0.370617
197.1		0.373872
197.2		0.373872
197.3		0.373872
197.4		0.373872
197.5		0.373872
197.6		0.373872
197.7		0.373872
197.8		0.373872
197.9		0.373872
198		0.373872
198.1		0.374774
198.2		0.374774
198.3		0.374774
198.4		0.374774
198.5		0.374774
198.6		0.374774
198.7		0.374774
198.8		0.374774
198.9		0.374774
199		0.374774
199.1		0.377245
199.2		0.377245
199.3		0.377245
199.4		0.377245
199.5		0.377245
199.6		0.377245
199.7		0.377245
199.8		0.377245
199.9		0.377245
200		0.377245
200.1		0.381481
200.2		0.381481
200.3		0.381481
200.4		0.381481
200.5		0.381481
200.6		0.381481
200.7		0.381481
200.8		0.381481
200.9		0.381481
201		0.381481
201.1		0.38305
201.2		0.38305
201.3		0.38305
201.4		0.38305
201.5		0.38305
201.6		0.38305
201.7		0.38305
201.8		0.38305
201.9		0.38305
202		0.38305
202.1		0.384775
202.2		0.384775
202.3		0.384775
202.4		0.384775
202.5		0.384775
202.6		0.384775
202.7		0.384775
202.8		0.384775
202.9		0.384775
203		0.384775
203.1		0.384893
203.2		0.384893
203.3		0.384893
203.4		0.384893
203.5		0.384893
203.6		0.384893
203.7		0.384893
203.8		0.384893
203.9		0.384893
204		0.384893
204.1		0.390031
204.2		0.390031
204.3		0.390031
204.4		0.390031
204.5		0.390031
204.6		0.390031
204.7		0.390031
204.8		0.390031
204.9		0.390031
205		0.390031
205.1		0.390384
205.2		0.390384
205.3		0.390384
205.4		0.390384
205.5		0.390384
205.6		0.390384
205.7		0.390384
205.8		0.390384
205.9		0.390384
206		0.390384
206.1		0.393247
206.2		0.393247
206.3		0.393247
206.4		0.393247
206.5		0.393247
206.6		0.393247
206.7		0.393247
206.8		0.393247
206.9		0.393247
207		0.393247
207.1		0.393835
207.2		0.393835
207.3		0.393835
207.4		0.393835
207.5		0.393835
207.6		0.393835
207.7		0.393835
207.8		0.393835
207.9		0.393835
208		0.393835
208.1		0.397247
208.2		0.397247
208.3		0.397247
208.4		0.397247
208.5		0.397247
208.6		0.397247
208.7		0.397247
208.8		0.397247
208.9		0.397247
209		0.397247
209.1		0.3976
209.2		0.3976
209.3		0.3976
209.4		0.3976
209.5		0.3976
209.6		0.3976
209.7		0.3976
209.8		0.3976
209.9		0.3976
210		0.3976
210.1		0.397835
210.2		0.397835
210.3		0.397835
210.4		0.397835
210.5		0.397835
210.6		0.397835
210.7		0.397835
210.8		0.397835
210.9		0.397835
211		0.397835
211.1		0.400777
211.2		0.400777
211.3		0.400777
211.4		0.400777
211.5		0.400777
211.6		0.400777
211.7		0.400777
211.8		0.400777
211.9		0.400777
212		0.400777
212.1		0.405718
212.2		0.405718
212.3		0.405718
212.4		0.405718
212.5		0.405718
212.6		0.405718
212.7		0.405718
212.8		0.405718
212.9		0.405718
213		0.405718
213.1		0.405953
213.2		0.405953
213.3		0.405953
213.4		0.405953
213.5		0.405953
213.6		0.405953
213.7		0.405953
213.8		0.405953
213.9		0.405953
214		0.405953
214.1		0.407757
214.2		0.407757
214.3		0.407757
214.4		0.407757
214.5		0.407757
214.6		0.407757
214.7		0.407757
214.8		0.407757
214.9		0.407757
215		0.407757
215.1		0.409797
215.2		0.409797
215.3		0.409797
215.4		0.409797
215.5		0.409797
215.6		0.409797
215.7		0.409797
215.8		0.409797
215.9		0.409797
216		0.409797
216.1		0.414032
216.2		0.414032
216.3		0.414032
216.4		0.414032
216.5		0.414032
216.6		0.414032
216.7		0.414032
216.8		0.414032
216.9		0.414032
217		0.414032
217.1		0.417092
217.2		0.417092
217.3		0.417092
217.4		0.417092
217.5		0.417092
217.6		0.417092
217.7		0.417092
217.8		0.417092
217.9		0.417092
218		0.417092
218.1		0.41819
218.2		0.41819
218.3		0.41819
218.4		0.41819
218.5		0.41819
218.6		0.41819
218.7		0.41819
218.8		0.41819
218.9		0.41819
219		0.41819
219.1		0.419915
219.2		0.419915
219.3		0.419915
219.4		0.419915
219.5		0.419915
219.6		0.419915
219.7		0.419915
219.8		0.419915
219.9		0.419915
220		0.419915
220.1		0.421759
220.2		0.421759
220.3		0.421759
220.4		0.421759
220.5		0.421759
220.6		0.421759
220.7		0.421759
220.8		0.421759
220.9		0.421759
221		0.421759
221.1		0.42419
221.2		0.42419
221.3		0.42419
221.4		0.42419
221.5		0.42419
221.6		0.42419
221.7		0.42419
221.8		0.42419
221.9		0.42419
222		0.42419
222.1		0.424425
222.2		0.424425
222.3		0.424425
222.4		0.424425
222.5		0.424425
222.6		0.424425
222.7		0.424425
222.8		0.424425
222.9		0.424425
223		0.424425
223.1		0.426661
223.2		0.426661
223.3		0.426661
223.4		0.426661
223.5		0.426661
223.6		0.426661
223.7		0.426661
223.8		0.426661
223.9		0.426661
224		0.426661
224.1		0.429092
224.2		0.429092
224.3		0.429092
224.4		0.429092
224.5		0.429092
224.6		0.429092
224.7		0.429092
224.8		0.429092
224.9		0.429092
225		0.429092
225.1		0.43321
225.2		0.43321
225.3		0.43321
225.4		0.43321
225.5		0.43321
225.6		0.43321
225.7		0.43321
225.8		0.43321
225.9		0.43321
226		0.43321
226.1		0.433877
226.2		0.433877
226.3		0.433877
226.4		0.433877
226.5		0.433877
226.6		0.433877
226.7		0.433877
226.8		0.433877
226.9		0.433877
227		0.433877
227.1		0.435328
227.2		0.435328
227.3		0.435328
227.4		0.435328
227.5		0.435328
227.6		0.435328
227.7		0.435328
227.8		0.435328
227.9		0.435328
228		0.435328
228.1		0.438348
228.2		0.438348
228.3		0.438348
228.4		0.438348
228.5		0.438348
228.6		0.438348
228.7		0.438348
228.8		0.438348
228.9		0.438348
229		0.438348
229.1		0.438897
229.2		0.438897
229.3		0.438897
229.4		0.438897
229.5		0.438897
229.6		0.438897
229.7		0.438897
229.8		0.438897
229.9		0.438897
230		0.438897
230.1		0.441407
230.2		0.441407
230.3		0.441407
230.4		0.441407
230.5		0.441407
230.6		0.441407
230.7		0.441407
230.8		0.441407
230.9		0.441407
231		0.441407
231.1		0.443447
231.2		0.443447
231.3		0.443447
231.4		0.443447
231.5		0.443447
231.6		0.443447
231.7		0.443447
231.8		0.443447
231.9		0.443447
232		0.443447
232.1		0.44478
232.2		0.44478
232.3		0.44478
232.4		0.44478
232.5		0.44478
232.6		0.44478
232.7		0.44478
232.8		0.44478
232.9		0.44478
233		0.44478
233.1		0.447761
233.2		0.447761
233.3		0.447761
233.4		0.447761
233.5		0.447761
233.6		0.447761
233.7		0.447761
233.8		0.447761
233.9		0.447761
234		0.447761
234.1		0.449486
234.2		0.449486
234.3		0.449486
234.4		0.449486
234.5		0.449486
234.6		0.449486
234.7		0.449486
234.8		0.449486
234.9		0.449486
235		0.449486
235.1		0.450506
235.2		0.450506
235.3		0.450506
235.4		0.450506
235.5		0.450506
235.6		0.450506
235.7		0.450506
235.8		0.450506
235.9		0.450506
236		0.450506
236.1		0.451447
236.2		0.451447
236.3		0.451447
236.4		0.451447
236.5		0.451447
236.6		0.451447
236.7		0.451447
236.8		0.451447
236.9		0.451447
237		0.451447
237.1		0.452702
237.2		0.452702
237.3		0.452702
237.4		0.452702
237.5		0.452702
237.6		0.452702
237.7		0.452702
237.8		0.452702
237.9		0.452702
238		0.452702
238.1		0.457957
238.2		0.457957
238.3		0.457957
238.4		0.457957
238.5		0.457957
238.6		0.457957
238.7		0.457957
238.8		0.457957
238.9		0.457957
239		0.457957
239.1		0.459369
239.2		0.459369
239.3		0.459369
239.4		0.459369
239.5		0.459369
239.6		0.459369
239.7		0.459369
239.8		0.459369
239.9		0.459369
240		0.459369
240.1		0.460193
240.2		0.460193
240.3		0.460193
240.4		0.460193
240.5		0.460193
240.6		0.460193
240.7		0.460193
240.8		0.460193
240.9		0.460193
241		0.460193
241.1		0.461919
241.2		0.461919
241.3		0.461919
241.4		0.461919
241.5		0.461919
241.6		0.461919
241.7		0.461919
241.8		0.461919
241.9		0.461919
242		0.461919
242.1		0.467135
242.2		0.467135
242.3		0.467135
242.4		0.467135
242.5		0.467135
242.6		0.467135
242.7		0.467135
242.8		0.467135
242.9		0.467135
243		0.467135
243.1		0.468429
243.2		0.468429
243.3		0.468429
243.4		0.468429
243.5		0.468429
243.6		0.468429
243.7		0.468429
243.8		0.468429
243.9		0.468429
244		0.468429
244.1		0.46886
244.2		0.46886
244.3		0.46886
244.4		0.46886
244.5		0.46886
244.6		0.46886
244.7		0.46886
244.8		0.46886
244.9		0.46886
245		0.46886
245.1		0.470155
245.2		0.470155
245.3		0.470155
245.4		0.470155
245.5		0.470155
245.6		0.470155
245.7		0.470155
245.8		0.470155
245.9		0.470155
246		0.470155
246.1		0.47439
246.2		0.47439
246.3		0.47439
246.4		0.47439
246.5		0.47439
246.6		0.47439
246.7		0.47439
246.8		0.47439
246.9		0.47439
247		0.47439
247.1		0.477096
247.2		0.477096
247.3		0.477096
247.4		0.477096
247.5		0.477096
247.6		0.477096
247.7		0.477096
247.8		0.477096
247.9		0.477096
248		0.477096
248.1		0.477959
248.2		0.477959
248.3		0.477959
248.4		0.477959
248.5		0.477959
248.6		0.477959
248.7		0.477959
248.8		0.477959
248.9		0.477959
249		0.477959
249.1		0.478587
249.2		0.478587
249.3		0.478587
249.4		0.478587
249.5		0.478587
249.6		0.478587
249.7		0.478587
249.8		0.478587
249.9		0.478587
250		0.478587
250.1		0.482665
250.2		0.482665
250.3		0.482665
250.4		0.482665
250.5		0.482665
250.6		0.482665
250.7		0.482665
250.8		0.482665
250.9		0.482665
251		0.482665
251.1		0.483803
251.2		0.483803
251.3		0.483803
251.4		0.483803
251.5		0.483803
251.6		0.483803
251.7		0.483803
251.8		0.483803
251.9		0.483803
252		0.483803
252.1		0.48545
252.2		0.48545
252.3		0.48545
252.4		0.48545
252.5		0.48545
252.6		0.48545
252.7		0.48545
252.8		0.48545
252.9		0.48545
253		0.48545
253.1		0.487215
253.2		0.487215
253.3		0.487215
253.4		0.487215
253.5		0.487215
253.6		0.487215
253.7		0.487215
253.8		0.487215
253.9		0.487215
254		0.487215
254.1		0.48847
254.2		0.48847
254.3		0.48847
254.4		0.48847
254.5		0.48847
254.6		0.48847
254.7		0.48847
254.8		0.48847
254.9		0.48847
255		0.48847
255.1		0.492784
255.2		0.492784
255.3		0.492784
255.4		0.492784
255.5		0.492784
255.6		0.492784
255.7		0.492784
255.8		0.492784
255.9		0.492784
256		0.492784
256.1		0.493333
256.2		0.493333
256.3		0.493333
256.4		0.493333
256.5		0.493333
256.6		0.493333
256.7		0.493333
256.8		0.493333
256.9		0.493333
257		0.493333
257.1		0.495019
257.2		0.495019
257.3		0.495019
257.4		0.495019
257.5		0.495019
257.6		0.495019
257.7		0.495019
257.8		0.495019
257.9		0.495019
258		0.495019
258.1		0.496313
258.2		0.496313
258.3		0.496313
258.4		0.496313
258.5		0.496313
258.6		0.496313
258.7		0.496313
258.8		0.496313
258.9		0.496313
259		0.496313
259.1		0.496823
259.2		0.496823
259.3		0.496823
259.4		0.496823
259.5		0.496823
259.6		0.496823
259.7		0.496823
259.8		0.496823
259.9		0.496823
260		0.496823
260.1		0.501412
260.2		0.501412
260.3		0.501412
260.4		0.501412
260.5		0.501412
260.6		0.501412
260.7		0.501412
260.8		0.501412
260.9		0.501412
261		0.501412
261.1		0.501647
261.2		0.501647
261.3		0.501647
261.4		0.501647
261.5		0.501647
261.6		0.501647
261.7		0.501647
261.8		0.501647
261.9		0.501647
262		0.501647
262.1		0.501843
262.2		0.501843
262.3		0.501843
262.4		0.501843
262.5		0.501843
262.6		0.501843
262.7		0.501843
262.8		0.501843
262.9		0.501843
263		0.501843
263.1		0.502353
263.2		0.502353
263.3		0.502353
263.4		0.502353
263.5		0.502353
263.6		0.502353
263.7		0.502353
263.8		0.502353
263.9		0.502353
264		0.502353
264.1		0.508785
264.2		0.508785
264.3		0.508785
264.4		0.508785
264.5		0.508785
264.6		0.508785
264.7		0.508785
264.8		0.508785
264.9		0.508785
265		0.508785
265.1		0.510158
265.2		0.510158
265.3		0.510158
265.4		0.510158
265.5		0.510158
265.6		0.510158
265.7		0.510158
265.8		0.510158
265.9		0.510158
266		0.510158
266.1		0.510903
266.2		0.510903
266.3		0.510903
266.4		0.510903
266.5		0.510903
266.6		0.510903
266.7		0.510903
266.8		0.510903
266.9		0.510903
267		0.510903
267.1		0.511138
267.2		0.511138
267.3		0.511138
267.4		0.511138
267.5		0.511138
267.6		0.511138
267.7		0.511138
267.8		0.511138
267.9		0.511138
268		0.511138
268.1		0.515491
268.2		0.515491
268.3		0.515491
268.4		0.515491
268.5		0.515491
268.6		0.515491
268.7		0.515491
268.8		0.515491
268.9		0.515491
269		0.515491
269.1		0.518119
269.2		0.518119
269.3		0.518119
269.4		0.518119
269.5		0.518119
269.6		0.518119
269.7		0.518119
269.8		0.518119
269.9		0.518119
270		0.518119
270.1		0.521217
270.2		0.521217
270.3		0.521217
270.4		0.521217
270.5		0.521217
270.6		0.521217
270.7		0.521217
270.8		0.521217
270.9		0.521217
271		0.521217
271.1		0.521766
271.2		0.521766
271.3		0.521766
271.4		0.521766
271.5		0.521766
271.6		0.521766
271.7		0.521766
271.8		0.521766
271.9		0.521766
272		0.521766
272.1		0.525806
272.2		0.525806
272.3		0.525806
272.4		0.525806
272.5		0.525806
272.6		0.525806
272.7		0.525806
272.8		0.525806
272.9		0.525806
273		0.525806
273.1		0.526433
273.2		0.526433
273.3		0.526433
273.4		0.526433
273.5		0.526433
273.6		0.526433
273.7		0.526433
273.8		0.526433
273.9		0.526433
274		0.526433
274.1		0.527375
274.2		0.527375
274.3		0.527375
274.4		0.527375
274.5		0.527375
274.6		0.527375
274.7		0.527375
274.8		0.527375
274.9		0.527375
275		0.527375
275.1		0.530434
275.2		0.530434
275.3		0.530434
275.4		0.530434
275.5		0.530434
275.6		0.530434
275.7		0.530434
275.8		0.530434
275.9		0.530434
276		0.530434
276.1		0.533297
276.2		0.533297
276.3		0.533297
276.4		0.533297
276.5		0.533297
276.6		0.533297
276.7		0.533297
276.8		0.533297
276.9		0.533297
277		0.533297
277.1		0.536277
277.2		0.536277
277.3		0.536277
277.4		0.536277
277.5		0.536277
277.6		0.536277
277.7		0.536277
277.8		0.536277
277.9		0.536277
278		0.536277
278.1		0.537023
278.2		0.537023
278.3		0.537023
278.4		0.537023
278.5		0.537023
278.6		0.537023
278.7		0.537023
278.8		0.537023
278.9		0.537023
279		0.537023
279.1		0.539846
279.2		0.539846
279.3		0.539846
279.4		0.539846
279.5		0.539846
279.6		0.539846
279.7		0.539846
279.8		0.539846
279.9		0.539846
280		0.539846
280.1		0.542395
280.2		0.542395
280.3		0.542395
280.4		0.542395
280.5		0.542395
280.6		0.542395
280.7		0.542395
280.8		0.542395
280.9		0.542395
281		0.542395
281.1		0.545376
281.2		0.545376
281.3		0.545376
281.4		0.545376
281.5		0.545376
281.6		0.545376
281.7		0.545376
281.8		0.545376
281.9		0.545376
282		0.545376
282.1		0.545847
282.2		0.545847
282.3		0.545847
282.4		0.545847
282.5		0.545847
282.6		0.545847
282.7		0.545847
282.8		0.545847
282.9		0.545847
283		0.545847
283.1		0.547847
283.2		0.547847
283.3		0.547847
283.4		0.547847
283.5		0.547847
283.6		0.547847
283.7		0.547847
283.8		0.547847
283.9		0.547847
284		0.547847
284.1		0.553612
284.2		0.553612
284.3		0.553612
284.4		0.553612
284.5		0.553612
284.6		0.553612
284.7		0.553612
284.8		0.553612
284.9		0.553612
285		0.553612
285.1		0.554318
285.2		0.554318
285.3		0.554318
285.4		0.554318
285.5		0.554318
285.6		0.554318
285.7		0.554318
285.8		0.554318
285.9		0.554318
286		0.554318
286.1		0.554671
286.2		0.554671
286.3		0.554671
286.4		0.554671
286.5		0.554671
286.6		0.554671
286.7		0.554671
286.8		0.554671
286.9		0.554671
287		0.554671
287.1		0.555651
287.2		0.555651
287.3		0.555651
287.4		0.555651
287.5		0.555651
287.6		0.555651
287.7		0.555651
287.8		0.555651
287.9		0.555651
288		0.555651
288.1		0.562868
288.2		0.562868
288.3		0.562868
288.4		0.562868
288.5		0.562868
288.6		0.562868
288.7		0.562868
288.8		0.562868
288.9		0.562868
289		0.562868
289.1		0.564672
289.2		0.564672
289.3		0.564672
289.4		0.564672
289.5		0.564672
289.6		0.564672
289.7		0.564672
289.8		0.564672
289.9		0.564672
290		0.564672
290.1		0.568437
290.2		0.568437
290.3		0.568437
290.4		0.568437
290.5		0.568437
290.6		0.568437
290.7		0.568437
290.8		0.568437
290.9		0.568437
291		0.568437
291.1		0.569064
291.2		0.569064
291.3		0.569064
291.4		0.569064
291.5		0.569064
291.6		0.569064
291.7		0.569064
291.8		0.569064
291.9		0.569064
292		0.569064
292.1		0.571182
292.2		0.571182
292.3		0.571182
292.4		0.571182
292.5		0.571182
292.6		0.571182
292.7		0.571182
292.8		0.571182
292.9		0.571182
293		0.571182
293.1		0.5733
293.2		0.5733
293.3		0.5733
293.4		0.5733
293.5		0.5733
293.6		0.5733
293.7		0.5733
293.8		0.5733
293.9		0.5733
294		0.5733
294.1		0.574751
294.2		0.574751
294.3		0.574751
294.4		0.574751
294.5		0.574751
294.6		0.574751
294.7		0.574751
294.8		0.574751
294.9		0.574751
295		0.574751
295.1		0.574986
295.2		0.574986
295.3		0.574986
295.4		0.574986
295.5		0.574986
295.6		0.574986
295.7		0.574986
295.8		0.574986
295.9		0.574986
296		0.574986
296.1		0.580438
296.2		0.580438
296.3		0.580438
296.4		0.580438
296.5		0.580438
296.6		0.580438
296.7		0.580438
296.8		0.580438
296.9		0.580438
297		0.580438
297.1		0.582281
297.2		0.582281
297.3		0.582281
297.4		0.582281
297.5		0.582281
297.6		0.582281
297.7		0.582281
297.8		0.582281
297.9		0.582281
298		0.582281
298.1		0.585889
298.2		0.585889
298.3		0.585889
298.4		0.585889
298.5		0.585889
298.6		0.585889
298.7		0.585889
298.8		0.585889
298.9		0.585889
299		0.585889
299.1		0.590988
299.2		0.590988
299.3		0.590988
299.4		0.590988
299.5		0.590988
299.6		0.590988
299.7		0.590988
299.8		0.590988
299.9		0.590988
300		0.590988
300.1		0.591576
300.2		0.591576
300.3		0.591576
300.4		0.591576
300.5		0.591576
300.6		0.591576
300.7		0.591576
300.8		0.591576
300.9		0.591576
301		0.591576
301.1		0.594635
301.2		0.594635
301.3		0.594635
301.4		0.594635
301.5		0.594635
301.6		0.594635
301.7		0.594635
301.8		0.594635
301.9		0.594635
302		0.594635
302.1		0.599027
302.2		0.599027
302.3		0.599027
302.4		0.599027
302.5		0.599027
302.6		0.599027
302.7		0.599027
302.8		0.599027
302.9		0.599027
303		0.599027
303.1		0.599341
303.2		0.599341
303.3		0.599341
303.4		0.599341
303.5		0.599341
303.6		0.599341
303.7		0.599341
303.8		0.599341
303.9		0.599341
304		0.599341
304.1		0.599733
304.2		0.599733
304.3		0.599733
304.4		0.599733
304.5		0.599733
304.6		0.599733
304.7		0.599733
304.8		0.599733
304.9		0.599733
305		0.599733
305.1		0.603341
305.2		0.603341
305.3		0.603341
305.4		0.603341
305.5		0.603341
305.6		0.603341
305.7		0.603341
305.8		0.603341
305.9		0.603341
306		0.603341
306.1		0.606283
306.2		0.606283
306.3		0.606283
306.4		0.606283
306.5		0.606283
306.6		0.606283
306.7		0.606283
306.8		0.606283
306.9		0.606283
307		0.606283
307.1		0.608165
307.2		0.608165
307.3		0.608165
307.4		0.608165
307.5		0.608165
307.6		0.608165
307.7		0.608165
307.8		0.608165
307.9		0.608165
308		0.608165
308.1		0.60895
308.2		0.60895
308.3		0.60895
308.4		0.60895
308.5		0.60895
308.6		0.60895
308.7		0.60895
308.8		0.60895
308.9		0.60895
309		0.60895
309.1		0.608989
309.2		0.608989
309.3		0.608989
309.4		0.608989
309.5		0.608989
309.6		0.608989
309.7		0.608989
309.8		0.608989
309.9		0.608989
310		0.608989
310.1		0.614283
310.2		0.614283
310.3		0.614283
310.4		0.614283
310.5		0.614283
310.6		0.614283
310.7		0.614283
310.8		0.614283
310.9		0.614283
311		0.614283
311.1		0.616284
311.2		0.616284
311.3		0.616284
311.4		0.616284
311.5		0.616284
311.6		0.616284
311.7		0.616284
311.8		0.616284
311.9		0.616284
312		0.616284
312.1		0.617225
312.2		0.617225
312.3		0.617225
312.4		0.617225
312.5		0.617225
312.6		0.617225
312.7		0.617225
312.8		0.617225
312.9		0.617225
313		0.617225
313.1		0.617617
313.2		0.617617
313.3		0.617617
313.4		0.617617
313.5		0.617617
313.6		0.617617
313.7		0.617617
313.8		0.617617
313.9		0.617617
314		0.617617
314.1		0.622441
314.2		0.622441
314.3		0.622441
314.4		0.622441
314.5		0.622441
314.6		0.622441
314.7		0.622441
314.8		0.622441
314.9		0.622441
315		0.622441
315.1		0.625422
315.2		0.625422
315.3		0.625422
315.4		0.625422
315.5		0.625422
315.6		0.625422
315.7		0.625422
315.8		0.625422
315.9		0.625422
316		0.625422
316.1		0.625696
316.2		0.625696
316.3		0.625696
316.4		0.625696
316.5		0.625696
316.6		0.625696
316.7		0.625696
316.8		0.625696
316.9		0.625696
317		0.625696
317.1		0.629343
317.2		0.629343
317.3		0.629343
317.4		0.629343
317.5		0.629343
317.6		0.629343
317.7		0.629343
317.8		0.629343
317.9		0.629343
318		0.629343
318.1		0.630324
318.2		0.630324
318.3		0.630324
318.4		0.630324
318.5		0.630324
318.6		0.630324
318.7		0.630324
318.8		0.630324
318.9		0.630324
319		0.630324
319.1		0.633226
319.2		0.633226
319.3		0.633226
319.4		0.633226
319.5		0.633226
319.6		0.633226
319.7		0.633226
319.8		0.633226
319.9		0.633226
320		0.633226
320.1		0.633736
320.2		0.633736
320.3		0.633736
320.4		0.633736
320.5		0.633736
320.6		0.633736
320.7		0.633736
320.8		0.633736
320.9		0.633736
321		0.633736
321.1		0.635618
321.2		0.635618
321.3		0.635618
321.4		0.635618
321.5		0.635618
321.6		0.635618
321.7		0.635618
321.8		0.635618
321.9		0.635618
322		0.635618
322.1		0.638874
322.2		0.638874
322.3		0.638874
322.4		0.638874
322.5		0.638874
322.6		0.638874
322.7		0.638874
322.8		0.638874
322.9		0.638874
323		0.638874
323.1		0.640521
323.2		0.640521
323.3		0.640521
323.4		0.640521
323.5		0.640521
323.6		0.640521
323.7		0.640521
323.8		0.640521
323.9		0.640521
324		0.640521
324.1		0.642443
324.2		0.642443
324.3		0.642443
324.4		0.642443
324.5		0.642443
324.6		0.642443
324.7		0.642443
324.8		0.642443
324.9		0.642443
325		0.642443
325.1		0.644286
325.2		0.644286
325.3		0.644286
325.4		0.644286
325.5		0.644286
325.6		0.644286
325.7		0.644286
325.8		0.644286
325.9		0.644286
326		0.644286
326.1		0.647619
326.2		0.647619
326.3		0.647619
326.4		0.647619
326.5		0.647619
326.6		0.647619
326.7		0.647619
326.8		0.647619
326.9		0.647619
327		0.647619
327.1		0.649776
327.2		0.649776
327.3		0.649776
327.4		0.649776
327.5		0.649776
327.6		0.649776
327.7		0.649776
327.8		0.649776
327.9		0.649776
328		0.649776
328.1		0.651228
328.2		0.651228
328.3		0.651228
328.4		0.651228
328.5		0.651228
328.6		0.651228
328.7		0.651228
328.8		0.651228
328.9		0.651228
329		0.651228
329.1		0.654326
329.2		0.654326
329.3		0.654326
329.4		0.654326
329.5		0.654326
329.6		0.654326
329.7		0.654326
329.8		0.654326
329.9		0.654326
330		0.654326
330.1		0.656287
330.2		0.656287
330.3		0.656287
330.4		0.656287
330.5		0.656287
330.6		0.656287
330.7		0.656287
330.8		0.656287
330.9		0.656287
331		0.656287
331.1		0.658993
331.2		0.658993
331.3		0.658993
331.4		0.658993
331.5		0.658993
331.6		0.658993
331.7		0.658993
331.8		0.658993
331.9		0.658993
332		0.658993
332.1		0.661895
332.2		0.661895
332.3		0.661895
332.4		0.661895
332.5		0.661895
332.6		0.661895
332.7		0.661895
332.8		0.661895
332.9		0.661895
333		0.661895
333.1		0.66217
333.2		0.66217
333.3		0.66217
333.4		0.66217
333.5		0.66217
333.6		0.66217
333.7		0.66217
333.8		0.66217
333.9		0.66217
334		0.66217
334.1		0.665542
334.2		0.665542
334.3		0.665542
334.4		0.665542
334.5		0.665542
334.6		0.665542
334.7		0.665542
334.8		0.665542
334.9		0.665542
335		0.665542
335.1		0.666327
335.2		0.666327
335.3		0.666327
335.4		0.666327
335.5		0.666327
335.6		0.666327
335.7		0.666327
335.8		0.666327
335.9		0.666327
336		0.666327
336.1		0.669778
336.2		0.669778
336.3		0.669778
336.4		0.669778
336.5		0.669778
336.6		0.669778
336.7		0.669778
336.8		0.669778
336.9		0.669778
337		0.669778
337.1		0.672484
337.2		0.672484
337.3		0.672484
337.4		0.672484
337.5		0.672484
337.6		0.672484
337.7		0.672484
337.8		0.672484
337.9		0.672484
338		0.672484
338.1		0.673543
338.2		0.673543
338.3		0.673543
338.4		0.673543
338.5		0.673543
338.6		0.673543
338.7		0.673543
338.8		0.673543
338.9		0.673543
339		0.673543
339.1		0.677739
339.2		0.677739
339.3		0.677739
339.4		0.677739
339.5		0.677739
339.6		0.677739
339.7		0.677739
339.8		0.677739
339.9		0.677739
340		0.677739
340.1		0.677779
340.2		0.677779
340.3		0.677779
340.4		0.677779
340.5		0.677779
340.6		0.677779
340.7		0.677779
340.8		0.677779
340.9		0.677779
341		0.677779
341.1		0.680916
341.2		0.680916
341.3		0.680916
341.4		0.680916
341.5		0.680916
341.6		0.680916
341.7		0.680916
341.8		0.680916
341.9		0.680916
342		0.680916
342.1		0.681151
342.2		0.681151
342.3		0.681151
342.4		0.681151
342.5		0.681151
342.6		0.681151
342.7		0.681151
342.8		0.681151
342.9		0.681151
343		0.681151
343.1		0.685426
343.2		0.685426
343.3		0.685426
343.4		0.685426
343.5		0.685426
343.6		0.685426
343.7		0.685426
343.8		0.685426
343.9		0.685426
344		0.685426
344.1		0.685936
344.2		0.685936
344.3		0.685936
344.4		0.685936
344.5		0.685936
344.6		0.685936
344.7		0.685936
344.8		0.685936
344.9		0.685936
345		0.685936
345.1		0.687113
345.2		0.687113
345.3		0.687113
345.4		0.687113
345.5		0.687113
345.6		0.687113
345.7		0.687113
345.8		0.687113
345.9		0.687113
346		0.687113
346.1		0.690368
346.2		0.690368
346.3		0.690368
346.4		0.690368
346.5		0.690368
346.6		0.690368
346.7		0.690368
346.8		0.690368
346.9		0.690368
347		0.690368
347.1		0.690682
347.2		0.690682
347.3		0.690682
347.4		0.690682
347.5		0.690682
347.6		0.690682
347.7		0.690682
347.8		0.690682
347.9		0.690682
348		0.690682
348.1		0.69178
348.2		0.69178
348.3		0.69178
348.4		0.69178
348.5		0.69178
348.6		0.69178
348.7		0.69178
348.8		0.69178
348.9		0.69178
349		0.69178
349.1		0.693976
349.2		0.693976
349.3		0.693976
349.4		0.693976
349.5		0.693976
349.6		0.693976
349.7		0.693976
349.8		0.693976
349.9		0.693976
350		0.693976
350.1		0.695192
350.2		0.695192
350.3		0.695192
350.4		0.695192
350.5		0.695192
350.6		0.695192
350.7		0.695192
350.8		0.695192
350.9		0.695192
351		0.695192
351.1		0.695506
351.2		0.695506
351.3		0.695506
351.4		0.695506
351.5		0.695506
351.6		0.695506
351.7		0.695506
351.8		0.695506
351.9		0.695506
352		0.695506
352.1		0.702839
352.2		0.702839
352.3		0.702839
352.4		0.702839
352.5		0.702839
352.6		0.702839
352.7		0.702839
352.8		0.702839
352.9		0.702839
353		0.702839
353.1		0.703898
353.2		0.703898
353.3		0.703898
353.4		0.703898
353.5		0.703898
353.6		0.703898
353.7		0.703898
353.8		0.703898
353.9		0.703898
354		0.703898
354.1		0.707271
354.2		0.707271
354.3		0.707271
354.4		0.707271
354.5		0.707271
354.6		0.707271
354.7		0.707271
354.8		0.707271
354.9		0.707271
355		0.707271
355.1		0.708722
355.2		0.708722
355.3		0.708722
355.4		0.708722
355.5		0.708722
355.6		0.708722
355.7		0.708722
355.8		0.708722
355.9		0.708722
356		0.708722
356.1		0.712919
356.2		0.712919
356.3		0.712919
356.4		0.712919
356.5		0.712919
356.6		0.712919
356.7		0.712919
356.8		0.712919
356.9		0.712919
357		0.712919
357.1		0.713664
357.2		0.713664
357.3		0.713664
357.4		0.713664
357.5		0.713664
357.6		0.713664
357.7		0.713664
357.8		0.713664
357.9		0.713664
358		0.713664
358.1		0.71837
358.2		0.71837
358.3		0.71837
358.4		0.71837
358.5		0.71837
358.6		0.71837
358.7		0.71837
358.8		0.71837
358.9		0.71837
359		0.71837
359.1		0.720135
359.2		0.720135
359.3		0.720135
359.4		0.720135
359.5		0.720135
359.6		0.720135
359.7		0.720135
359.8		0.720135
359.9		0.720135
360		0.720135
360.1		0.724253
360.2		0.724253
360.3		0.724253
360.4		0.724253
360.5		0.724253
360.6		0.724253
360.7		0.724253
360.8		0.724253
360.9		0.724253
361		0.724253
361.1		0.725626
361.2		0.725626
361.3		0.725626
361.4		0.725626
361.5		0.725626
361.6		0.725626
361.7		0.725626
361.8		0.725626
361.9		0.725626
362		0.725626
362.1		0.7259
362.2		0.7259
362.3		0.7259
362.4		0.7259
362.5		0.7259
362.6		0.7259
362.7		0.7259
362.8		0.7259
362.9		0.7259
363		0.7259
363.1		0.728998
363.2		0.728998
363.3		0.728998
363.4		0.728998
363.5		0.728998
363.6		0.728998
363.7		0.728998
363.8		0.728998
363.9		0.728998
364		0.728998
364.1		0.732959
364.2		0.732959
364.3		0.732959
364.4		0.732959
364.5		0.732959
364.6		0.732959
364.7		0.732959
364.8		0.732959
364.9		0.732959
365		0.732959
365.1		0.733469
365.2		0.733469
365.3		0.733469
365.4		0.733469
365.5		0.733469
365.6		0.733469
365.7		0.733469
365.8		0.733469
365.9		0.733469
366		0.733469
366.1		0.734528
366.2		0.734528
366.3		0.734528
366.4		0.734528
366.5		0.734528
366.6		0.734528
366.7		0.734528
366.8		0.734528
366.9		0.734528
367		0.734528
367.1		0.735509
367.2		0.735509
367.3		0.735509
367.4		0.735509
367.5		0.735509
367.6		0.735509
367.7		0.735509
367.8		0.735509
367.9		0.735509
368		0.735509
368.1		0.740097
368.2		0.740097
368.3		0.740097
368.4		0.740097
368.5		0.740097
368.6		0.740097
368.7		0.740097
368.8		0.740097
368.9		0.740097
369		0.740097
369.1		0.741313
369.2		0.741313
369.3		0.741313
369.4		0.741313
369.5		0.741313
369.6		0.741313
369.7		0.741313
369.8		0.741313
369.9		0.741313
370		0.741313
370.1		0.742019
370.2		0.742019
370.3		0.742019
370.4		0.742019
370.5		0.742019
370.6		0.742019
370.7		0.742019
370.8		0.742019
370.9		0.742019
371		0.742019
371.1		0.74347
371.2		0.74347
371.3		0.74347
371.4		0.74347
371.5		0.74347
371.6		0.74347
371.7		0.74347
371.8		0.74347
371.9		0.74347
372		0.74347
372.1		0.747274
372.2		0.747274
372.3		0.747274
372.4		0.747274
372.5		0.747274
372.6		0.747274
372.7		0.747274
372.8		0.747274
372.9		0.747274
373		0.747274
373.1		0.748098
373.2		0.748098
373.3		0.748098
373.4		0.748098
373.5		0.748098
373.6		0.748098
373.7		0.748098
373.8		0.748098
373.9		0.748098
374		0.748098
374.1		0.748412
374.2		0.748412
374.3		0.748412
374.4		0.748412
374.5		0.748412
374.6		0.748412
374.7		0.748412
374.8		0.748412
374.9		0.748412
375		0.748412
375.1		0.752961
375.2		0.752961
375.3		0.752961
375.4		0.752961
375.5		0.752961
375.6		0.752961
375.7		0.752961
375.8		0.752961
375.9		0.752961
376		0.752961
376.1		0.753353
376.2		0.753353
376.3		0.753353
376.4		0.753353
376.5		0.753353
376.6		0.753353
376.7		0.753353
376.8		0.753353
376.9		0.753353
377		0.753353
377.1		0.757354
377.2		0.757354
377.3		0.757354
377.4		0.757354
377.5		0.757354
377.6		0.757354
377.7		0.757354
377.8		0.757354
377.9		0.757354
378		0.757354
378.1		0.75904
378.2		0.75904
378.3		0.75904
378.4		0.75904
378.5		0.75904
378.6		0.75904
378.7		0.75904
378.8		0.75904
378.9		0.75904
379		0.75904
379.1		0.759746
379.2		0.759746
379.3		0.759746
379.4		0.759746
379.5		0.759746
379.6		0.759746
379.7		0.759746
379.8		0.759746
379.9		0.759746
380		0.759746
380.1		0.763629
380.2		0.763629
380.3		0.763629
380.4		0.763629
380.5		0.763629
380.6		0.763629
380.7		0.763629
380.8		0.763629
380.9		0.763629
381		0.763629
381.1		0.76504
381.2		0.76504
381.3		0.76504
381.4		0.76504
381.5		0.76504
381.6		0.76504
381.7		0.76504
381.8		0.76504
381.9		0.76504
382		0.76504
382.1		0.76759
382.2		0.76759
382.3		0.76759
382.4		0.76759
382.5		0.76759
382.6		0.76759
382.7		0.76759
382.8		0.76759
382.9		0.76759
383		0.76759
383.1		0.767903
383.2		0.767903
383.3		0.767903
383.4		0.767903
383.5		0.767903
383.6		0.767903
383.7		0.767903
383.8		0.767903
383.9		0.767903
384		0.767903
384.1		0.768256
384.2		0.768256
384.3		0.768256
384.4		0.768256
384.5		0.768256
384.6		0.768256
384.7		0.768256
384.8		0.768256
384.9		0.768256
385		0.768256
385.1		0.77257
385.2		0.77257
385.3		0.77257
385.4		0.77257
385.5		0.77257
385.6		0.77257
385.7		0.77257
385.8		0.77257
385.9		0.77257
386		0.77257
386.1		0.774845
386.2		0.774845
386.3		0.774845
386.4		0.774845
386.5		0.774845
386.6		0.774845
386.7		0.774845
386.8		0.774845
386.9		0.774845
387		0.774845
387.1		0.777041
387.2		0.777041
387.3		0.777041
387.4		0.777041
387.5		0.777041
387.6		0.777041
387.7		0.777041
387.8		0.777041
387.9		0.777041
388		0.777041
388.1		0.778179
388.2		0.778179
388.3		0.778179
388.4		0.778179
388.5		0.778179
388.6		0.778179
388.7		0.778179
388.8		0.778179
388.9		0.778179
389		0.778179
389.1		0.780375
389.2		0.780375
389.3		0.780375
389.4		0.780375
389.5		0.780375
389.6		0.780375
389.7		0.780375
389.8		0.780375
389.9		0.780375
390		0.780375
390.1		0.783591
390.2		0.783591
390.3		0.783591
390.4		0.783591
390.5		0.783591
390.6		0.783591
390.7		0.783591
390.8		0.783591
390.9		0.783591
391		0.783591
391.1		0.785081
391.2		0.785081
391.3		0.785081
391.4		0.785081
391.5		0.785081
391.6		0.785081
391.7		0.785081
391.8		0.785081
391.9		0.785081
392		0.785081
392.1		0.785395
392.2		0.785395
392.3		0.785395
392.4		0.785395
392.5		0.785395
392.6		0.785395
392.7		0.785395
392.8		0.785395
392.9		0.785395
393		0.785395
393.1		0.788454
393.2		0.788454
393.3		0.788454
393.4		0.788454
393.5		0.788454
393.6		0.788454
393.7		0.788454
393.8		0.788454
393.9		0.788454
394		0.788454
394.1		0.792886
394.2		0.792886
394.3		0.792886
394.4		0.792886
394.5		0.792886
394.6		0.792886
394.7		0.792886
394.8		0.792886
394.9		0.792886
395		0.792886
395.1		0.793121
395.2		0.793121
395.3		0.793121
395.4		0.793121
395.5		0.793121
395.6		0.793121
395.7		0.793121
395.8		0.793121
395.9		0.793121
396		0.793121
396.1		0.794494
396.2		0.794494
396.3		0.794494
396.4		0.794494
396.5		0.794494
396.6		0.794494
396.7		0.794494
396.8		0.794494
396.9		0.794494
397		0.794494
397.1		0.794611
397.2		0.794611
397.3		0.794611
397.4		0.794611
397.5		0.794611
397.6		0.794611
397.7		0.794611
397.8		0.794611
397.9		0.794611
398		0.794611
398.1		0.797514
398.2		0.797514
398.3		0.797514
398.4		0.797514
398.5		0.797514
398.6		0.797514
398.7		0.797514
398.8		0.797514
398.9		0.797514
399		0.797514
399.1		0.800847
399.2		0.800847
399.3		0.800847
399.4		0.800847
399.5		0.800847
399.6		0.800847
399.7		0.800847
399.8		0.800847
399.9		0.800847
400		0.800847
400.1		0.802337
400.2		0.802337
400.3		0.802337
400.4		0.802337
400.5		0.802337
400.6		0.802337
400.7		0.802337
400.8		0.802337
400.9		0.802337
401		0.802337
401.1		0.803475
401.2		0.803475
401.3		0.803475
401.4		0.803475
401.5		0.803475
401.6		0.803475
401.7		0.803475
401.8		0.803475
401.9		0.803475
402		0.803475
402.1		0.807789
402.2		0.807789
402.3		0.807789
402.4		0.807789
402.5		0.807789
402.6		0.807789
402.7		0.807789
402.8		0.807789
402.9		0.807789
403		0.807789
403.1		0.808299
403.2		0.808299
403.3		0.808299
403.4		0.808299
403.5		0.808299
403.6		0.808299
403.7		0.808299
403.8		0.808299
403.9		0.808299
404		0.808299
404.1		0.809671
404.2		0.809671
404.3		0.809671
404.4		0.809671
404.5		0.809671
404.6		0.809671
404.7		0.809671
404.8		0.809671
404.9		0.809671
405		0.809671
405.1		0.810887
405.2		0.810887
405.3		0.810887
405.4		0.810887
405.5		0.810887
405.6		0.810887
405.7		0.810887
405.8		0.810887
405.9		0.810887
406		0.810887
406.1		0.81528
406.2		0.81528
406.3		0.81528
406.4		0.81528
406.5		0.81528
406.6		0.81528
406.7		0.81528
406.8		0.81528
406.9		0.81528
407		0.81528
407.1		0.816495
407.2		0.816495
407.3		0.816495
407.4		0.816495
407.5		0.816495
407.6		0.816495
407.7		0.816495
407.8		0.816495
407.9		0.816495
408		0.816495
408.1		0.816966
408.2		0.816966
408.3		0.816966
408.4		0.816966
408.5		0.816966
408.6		0.816966
408.7		0.816966
408.8		0.816966
408.9		0.816966
409		0.816966
409.1		0.820653
409.2		0.820653
409.3		0.820653
409.4		0.820653
409.5		0.820653
409.6		0.820653
409.7		0.820653
409.8		0.820653
409.9		0.820653
410		0.820653
410.1		0.820927
410.2		0.820927
410.3		0.820927
410.4		0.820927
410.5		0.820927
410.6		0.820927
410.7		0.820927
410.8		0.820927
410.9		0.820927
411		0.820927
411.1		0.824888
411.2		0.824888
411.3		0.824888
411.4		0.824888
411.5		0.824888
411.6		0.824888
411.7		0.824888
411.8		0.824888
411.9		0.824888
412		0.824888
412.1		0.825398
412.2		0.825398
412.3		0.825398
412.4		0.825398
412.5		0.825398
412.6		0.825398
412.7		0.825398
412.8		0.825398
412.9		0.825398
413		0.825398
413.1		0.828339
413.2		0.828339
413.3		0.828339
413.4		0.828339
413.5		0.828339
413.6		0.828339
413.7		0.828339
413.8		0.828339
413.9		0.828339
414		0.828339
414.1		0.828692
414.2		0.828692
414.3		0.828692
414.4		0.828692
414.5		0.828692
414.6		0.828692
414.7		0.828692
414.8		0.828692
414.9		0.828692
415		0.828692
415.1		0.833124
415.2		0.833124
415.3		0.833124
415.4		0.833124
415.5		0.833124
415.6		0.833124
415.7		0.833124
415.8		0.833124
415.9		0.833124
416		0.833124
416.1		0.835869
416.2		0.835869
416.3		0.835869
416.4		0.835869
416.5		0.835869
416.6		0.835869
416.7		0.835869
416.8		0.835869
416.9		0.835869
417		0.835869
417.1		0.836105
417.2		0.836105
417.3		0.836105
417.4		0.836105
417.5		0.836105
417.6		0.836105
417.7		0.836105
417.8		0.836105
417.9		0.836105
418		0.836105
418.1		0.837909
418.2		0.837909
418.3		0.837909
418.4		0.837909
418.5		0.837909
418.6		0.837909
418.7		0.837909
418.8		0.837909
418.9		0.837909
419		0.837909
419.1		0.839909
419.2		0.839909
419.3		0.839909
419.4		0.839909
419.5		0.839909
419.6		0.839909
419.7		0.839909
419.8		0.839909
419.9		0.839909
420		0.839909
420.1		0.843909
420.2		0.843909
420.3		0.843909
420.4		0.843909
420.5		0.843909
420.6		0.843909
420.7		0.843909
420.8		0.843909
420.9		0.843909
421		0.843909
421.1		0.845243
421.2		0.845243
421.3		0.845243
421.4		0.845243
421.5		0.845243
421.6		0.845243
421.7		0.845243
421.8		0.845243
421.9		0.845243
422		0.845243
422.1		0.84787
422.2		0.84787
422.3		0.84787
422.4		0.84787
422.5		0.84787
422.6		0.84787
422.7		0.84787
422.8		0.84787
422.9		0.84787
423		0.84787
423.1		0.849635
423.2		0.849635
423.3		0.849635
423.4		0.849635
423.5		0.849635
423.6		0.849635
423.7		0.849635
423.8		0.849635
423.9		0.849635
424		0.849635
424.1		0.853204
424.2		0.853204
424.3		0.853204
424.4		0.853204
424.5		0.853204
424.6		0.853204
424.7		0.853204
424.8		0.853204
424.9		0.853204
425		0.853204
425.1		0.854891
425.2		0.854891
425.3		0.854891
425.4		0.854891
425.5		0.854891
425.6		0.854891
425.7		0.854891
425.8		0.854891
425.9		0.854891
426		0.854891
426.1		0.856499
426.2		0.856499
426.3		0.856499
426.4		0.856499
426.5		0.856499
426.6		0.856499
426.7		0.856499
426.8		0.856499
426.9		0.856499
427		0.856499
427.1		0.857283
427.2		0.857283
427.3		0.857283
427.4		0.857283
427.5		0.857283
427.6		0.857283
427.7		0.857283
427.8		0.857283
427.9		0.857283
428		0.857283
428.1		0.862224
428.2		0.862224
428.3		0.862224
428.4		0.862224
428.5		0.862224
428.6		0.862224
428.7		0.862224
428.8		0.862224
428.9		0.862224
429		0.862224
429.1		0.863519
429.2		0.863519
429.3		0.863519
429.4		0.863519
429.5		0.863519
429.6		0.863519
429.7		0.863519
429.8		0.863519
429.9		0.863519
430		0.863519
430.1		0.865244
430.2		0.865244
430.3		0.865244
430.4		0.865244
430.5		0.865244
430.6		0.865244
430.7		0.865244
430.8		0.865244
430.9		0.865244
431		0.865244
431.1		0.86595
431.2		0.86595
431.3		0.86595
431.4		0.86595
431.5		0.86595
431.6		0.86595
431.7		0.86595
431.8		0.86595
431.9		0.86595
432		0.86595
432.1		0.867637
432.2		0.867637
432.3		0.867637
432.4		0.867637
432.5		0.867637
432.6		0.867637
432.7		0.867637
432.8		0.867637
432.9		0.867637
433		0.867637
433.1		0.870578
433.2		0.870578
433.3		0.870578
433.4		0.870578
433.5		0.870578
433.6		0.870578
433.7		0.870578
433.8		0.870578
433.9		0.870578
434		0.870578
434.1		0.87148
434.2		0.87148
434.3		0.87148
434.4		0.87148
434.5		0.87148
434.6		0.87148
434.7		0.87148
434.8		0.87148
434.9		0.87148
435		0.87148
435.1		0.874735
435.2		0.874735
435.3		0.874735
435.4		0.874735
435.5		0.874735
435.6		0.874735
435.7		0.874735
435.8		0.874735
435.9		0.874735
436		0.874735
436.1		0.877128
436.2		0.877128
436.3		0.877128
436.4		0.877128
436.5		0.877128
436.6		0.877128
436.7		0.877128
436.8		0.877128
436.9		0.877128
437		0.877128
437.1		0.877559
437.2		0.877559
437.3		0.877559
437.4		0.877559
437.5		0.877559
437.6		0.877559
437.7		0.877559
437.8		0.877559
437.9		0.877559
438		0.877559
438.1		0.880893
438.2		0.880893
438.3		0.880893
438.4		0.880893
438.5		0.880893
438.6		0.880893
438.7		0.880893
438.8		0.880893
438.9		0.880893
439		0.880893
439.1		0.884383
439.2		0.884383
439.3		0.884383
439.4		0.884383
439.5		0.884383
439.6		0.884383
439.7		0.884383
439.8		0.884383
439.9		0.884383
440		0.884383
440.1		0.886109
440.2		0.886109
440.3		0.886109
440.4		0.886109
440.5		0.886109
440.6		0.886109
440.7		0.886109
440.8		0.886109
440.9		0.886109
441		0.886109
441.1		0.888266
441.2		0.888266
441.3		0.888266
441.4		0.888266
441.5		0.888266
441.6		0.888266
441.7		0.888266
441.8		0.888266
441.9		0.888266
442		0.888266
442.1		0.890109
442.2		0.890109
442.3		0.890109
442.4		0.890109
442.5		0.890109
442.6		0.890109
442.7		0.890109
442.8		0.890109
442.9		0.890109
443		0.890109
443.1		0.890854
443.2		0.890854
443.3		0.890854
443.4		0.890854
443.5		0.890854
443.6		0.890854
443.7		0.890854
443.8		0.890854
443.9		0.890854
444		0.890854
444.1		0.893247
444.2		0.893247
444.3		0.893247
444.4		0.893247
444.5		0.893247
444.6		0.893247
444.7		0.893247
444.8		0.893247
444.9		0.893247
445		0.893247
445.1		0.894423
445.2		0.894423
445.3		0.894423
445.4		0.894423
445.5		0.894423
445.6		0.894423
445.7		0.894423
445.8		0.894423
445.9		0.894423
446		0.894423
446.1		0.899169
446.2		0.899169
446.3		0.899169
446.4		0.899169
446.5		0.899169
446.6		0.899169
446.7		0.899169
446.8		0.899169
446.9		0.899169
447		0.899169
447.1		0.899404
447.2		0.899404
447.3		0.899404
447.4		0.899404
447.5		0.899404
447.6		0.899404
447.7		0.899404
447.8		0.899404
447.9		0.899404
448		0.899404
448.1		0.899522
448.2		0.899522
448.3		0.899522
448.4		0.899522
448.5		0.899522
448.6		0.899522
448.7		0.899522
448.8		0.899522
448.9		0.899522
449		0.899522
449.1		0.901051
449.2		0.901051
449.3		0.901051
449.4		0.901051
449.5		0.901051
449.6		0.901051
449.7		0.901051
449.8		0.901051
449.9		0.901051
450		0.901051
450.1		0.904502
450.2		0.904502
450.3		0.904502
450.4		0.904502
450.5		0.904502
450.6		0.904502
450.7		0.904502
450.8		0.904502
450.9		0.904502
451		0.904502
451.1		0.905953
451.2		0.905953
451.3		0.905953
451.4		0.905953
451.5		0.905953
451.6		0.905953
451.7		0.905953
451.8		0.905953
451.9		0.905953
452		0.905953
452.1		0.90913
452.2		0.90913
452.3		0.90913
452.4		0.90913
452.5		0.90913
452.6		0.90913
452.7		0.90913
452.8		0.90913
452.9		0.90913
453		0.90913
453.1		0.909758
453.2		0.909758
453.3		0.909758
453.4		0.909758
453.5		0.909758
453.6		0.909758
453.7		0.909758
453.8		0.909758
453.9		0.909758
454		0.909758
454.1		0.911444
454.2		0.911444
454.3		0.911444
454.4		0.911444
454.5		0.911444
454.6		0.911444
454.7		0.911444
454.8		0.911444
454.9		0.911444
455		0.911444
455.1		0.913405
455.2		0.913405
455.3		0.913405
455.4		0.913405
455.5		0.913405
455.6		0.913405
455.7		0.913405
455.8		0.913405
455.9		0.913405
456		0.913405
456.1		0.915758
456.2		0.915758
456.3		0.915758
456.4		0.915758
456.5		0.915758
456.6		0.915758
456.7		0.915758
456.8		0.915758
456.9		0.915758
457		0.915758
457.1		0.916229
457.2		0.916229
457.3		0.916229
457.4		0.916229
457.5		0.916229
457.6		0.916229
457.7		0.916229
457.8		0.916229
457.9		0.916229
458		0.916229
458.1		0.920229
458.2		0.920229
458.3		0.920229
458.4		0.920229
458.5		0.920229
458.6		0.920229
458.7		0.920229
458.8		0.920229
458.9		0.920229
459		0.920229
459.1		0.9207
459.2		0.9207
459.3		0.9207
459.4		0.9207
459.5		0.9207
459.6		0.9207
459.7		0.9207
459.8		0.9207
459.9		0.9207
460		0.9207
460.1		0.921445
460.2		0.921445
460.3		0.921445
460.4		0.921445
460.5		0.921445
460.6		0.921445
460.7		0.921445
460.8		0.921445
460.9		0.921445
461		0.921445
461.1		0.923288
461.2		0.923288
461.3		0.923288
461.4		0.923288
461.5		0.923288
461.6		0.923288
461.7		0.923288
461.8		0.923288
461.9		0.923288
462		0.923288
462.1		0.925484
462.2		0.925484
462.3		0.925484
462.4		0.925484
462.5		0.925484
462.6		0.925484
462.7		0.925484
462.8		0.925484
462.9		0.925484
463		0.925484
463.1		0.930347
463.2		0.930347
463.3		0.930347
463.4		0.930347
463.5		0.930347
463.6		0.930347
463.7		0.930347
463.8		0.930347
463.9		0.930347
464		0.930347
464.1		0.931014
464.2		0.931014
464.3		0.931014
464.4		0.931014
464.5		0.931014
464.6		0.931014
464.7		0.931014
464.8		0.931014
464.9		0.931014
465		0.931014
465.1		0.93223
465.2		0.93223
465.3		0.93223
465.4		0.93223
465.5		0.93223
465.6		0.93223
465.7		0.93223
465.8		0.93223
465.9		0.93223
466		0.93223
466.1		0.935917
466.2		0.935917
466.3		0.935917
466.4		0.935917
466.5		0.935917
466.6		0.935917
466.7		0.935917
466.8		0.935917
466.9		0.935917
467		0.935917
467.1		0.937289
467.2		0.937289
467.3		0.937289
467.4		0.937289
467.5		0.937289
467.6		0.937289
467.7		0.937289
467.8		0.937289
467.9		0.937289
468		0.937289
468.1		0.937485
468.2		0.937485
468.3		0.937485
468.4		0.937485
468.5		0.937485
468.6		0.937485
468.7		0.937485
468.8		0.937485
468.9		0.937485
469		0.937485
469.1		0.940309
469.2		0.940309
469.3		0.940309
469.4		0.940309
469.5		0.940309
469.6		0.940309
469.7		0.940309
469.8		0.940309
469.9		0.940309
470		0.940309
470.1		0.94376
470.2		0.94376
470.3		0.94376
470.4		0.94376
470.5		0.94376
470.6		0.94376
470.7		0.94376
470.8		0.94376
470.9		0.94376
471		0.94376
471.1		0.945368
471.2		0.945368
471.3		0.945368
471.4		0.945368
471.5		0.945368
471.6		0.945368
471.7		0.945368
471.8		0.945368
471.9		0.945368
472		0.945368
472.1		0.947329
472.2		0.947329
472.3		0.947329
472.4		0.947329
472.5		0.947329
472.6		0.947329
472.7		0.947329
472.8		0.947329
472.9		0.947329
473		0.947329
473.1		0.947447
473.2		0.947447
473.3		0.947447
473.4		0.947447
473.5		0.947447
473.6		0.947447
473.7		0.947447
473.8		0.947447
473.9		0.947447
474		0.947447
474.1		0.949918
474.2		0.949918
474.3		0.949918
474.4		0.949918
474.5		0.949918
474.6		0.949918
474.7		0.949918
474.8		0.949918
474.9		0.949918
475		0.949918
475.1		0.954192
475.2		0.954192
475.3		0.954192
475.4		0.954192
475.5		0.954192
475.6		0.954192
475.7		0.954192
475.8		0.954192
475.9		0.954192
476		0.954192
476.1		0.955016
476.2		0.955016
476.3		0.955016
476.4		0.955016
476.5		0.955016
476.6		0.955016
476.7		0.955016
476.8		0.955016
476.9		0.955016
477		0.955016
477.1		0.956859
477.2		0.956859
477.3		0.956859
477.4		0.956859
477.5		0.956859
477.6		0.956859
477.7		0.956859
477.8		0.956859
477.9		0.956859
478		0.956859
478.1		0.958075
478.2		0.958075
478.3		0.958075
478.4		0.958075
478.5		0.958075
478.6		0.958075
478.7		0.958075
478.8		0.958075
478.9		0.958075
479		0.958075
479.1		0.959056
479.2		0.959056
479.3		0.959056
479.4		0.959056
479.5		0.959056
479.6		0.959056
479.7		0.959056
479.8		0.959056
479.9		0.959056
480		0.959056
480.1		0.962546
480.2		0.962546
480.3		0.962546
480.4		0.962546
480.5		0.962546
480.6		0.962546
480.7		0.962546
480.8		0.962546
480.9		0.962546
481		0.962546
481.1		0.964742
481.2		0.964742
481.3		0.964742
481.4		0.964742
481.5		0.964742
481.6		0.964742
481.7		0.964742
481.8		0.964742
481.9		0.964742
482		0.964742
482.1		0.964978
482.2		0.964978
482.3		0.964978
482.4		0.964978
482.5		0.964978
482.6		0.964978
482.7		0.964978
482.8		0.964978
482.9		0.964978
483		0.964978
483.1		0.968703
483.2		0.968703
483.3		0.968703
483.4		0.968703
483.5		0.968703
483.6		0.968703
483.7		0.968703
483.8		0.968703
483.9		0.968703
484		0.968703
484.1		0.973057
484.2		0.973057
484.3		0.973057
484.4		0.973057
484.5		0.973057
484.6		0.973057
484.7		0.973057
484.8		0.973057
484.9		0.973057
485		0.973057
485.1		0.973527
485.2		0.973527
485.3		0.973527
485.4		0.973527
485.5		0.973527
485.6		0.973527
485.7		0.973527
485.8		0.973527
485.9		0.973527
486		0.973527
486.1		0.973841
486.2		0.973841
486.3		0.973841
486.4		0.973841
486.5		0.973841
486.6		0.973841
486.7		0.973841
486.8		0.973841
486.9		0.973841
487		0.973841
487.1		0.976037
487.2		0.976037
487.3		0.976037
487.4		0.976037
487.5		0.976037
487.6		0.976037
487.7		0.976037
487.8		0.976037
487.9		0.976037
488		0.976037
488.1		0.981881
488.2		0.981881
488.3		0.981881
488.4		0.981881
488.5		0.981881
488.6		0.981881
488.7		0.981881
488.8		0.981881
488.9		0.981881
489		0.981881
489.1		0.982155
489.2		0.982155
489.3		0.982155
489.4		0.982155
489.5		0.982155
489.6		0.982155
489.7		0.982155
489.8		0.982155
489.9		0.982155
490		0.982155
490.1		0.984548
490.2		0.984548
490.3		0.984548
490.4		0.984548
490.5		0.984548
490.6		0.984548
490.7		0.984548
490.8		0.984548
490.9		0.984548
491		0.984548
491.1		0.987019
491.2		0.987019
491.3		0.987019
491.4		0.987019
491.5		0.987019
491.6		0.987019
491.7		0.987019
491.8		0.987019
491.9		0.987019
492		0.987019
492.1		0.988548
492.2		0.988548
492.3		0.988548
492.4		0.988548
492.5		0.988548
492.6		0.988548
492.7		0.988548
492.8		0.988548
492.9		0.988548
493		0.988548
493.1		0.991921
493.2		0.991921
493.3		0.991921
493.4		0.991921
493.5		0.991921
493.6		0.991921
493.7		0.991921
493.8		0.991921
493.9		0.991921
494		0.991921
494.1		0.992078
494.2		0.992078
494.3		0.992078
494.4		0.992078
494.5		0.992078
494.6		0.992078
494.7		0.992078
494.8		0.992078
494.9		0.992078
495		0.992078
495.1		0.992666
495.2		0.992666
495.3		0.992666
495.4		0.992666
495.5		0.992666
495.6		0.992666
495.7		0.992666
495.8		0.992666
495.9		0.992666
496		0.992666
496.1		0.997098
496.2		0.997098
496.3		0.997098
496.4		0.997098
496.5		0.997098
496.6		0.997098
496.7		0.997098
496.8		0.997098
496.9		0.997098
497		0.997098
497.1		0.999216
497.2		0.999216
497.3		0.999216
497.4		0.999216
497.5		0.999216
497.6		0.999216
497.7		0.999216
497.8		0.999216
497.9		0.999216
498		0.999216
498.1		1
498.2		1
498.3		1
498.4		1
498.5		1
498.6		1
498.7		1
498.8		1
498.9		1
499		1
499.1		1
499.2		1
499.3		1
499.4		1
499.5		1
499.6		1
499.7		1
499.8		1
499.9		1
500		1
500.1		1
500.2		1
500.3		1
500.4		1
500.5		1
500.6		1
500.7		1
500.8		1
500.9		1
501		1
501.1		1
501.2		1
501.3		1
501.4		1
501.5		1
501.6		1
501.7		1
501.8		1
501.9		1
502		1
502.1		1
502.2		1
502.3		1
502.4		1
502.5		1
502.6		1
502.7		1
502.8		1
502.9		1
503		1
503.1		1
503.2		1
503.3		1
503.4		1
503.5		1
503.6		1
503.7		1
503.8		1
503.9		1
504		1
504.1		1
504.2		1
504.3		1
504.4		1
504.5		1
504.6		1
504.7		1
504.8		1
504.9		1
505		1
505.1		1
505.2		1
505.3		1
505.4		1
505.5		1
505.6		1
505.7		1
505.8		1
505.9		1
506		1
506.1		1
506.2		1
506.3		1
506.4		1
506.5		1
506.6		1
506.7		1
506.8		1
506.9		1
507		1
507.1		1
507.2		1
507.3		1
507.4		1
507.5		1
507.6		1
507.7		1
507.8		1
507.9		1
508		1
508.1		1
508.2		1
508.3		1
508.4		1
508.5		1
508.6		1
508.7		1
508.8		1
508.9		1
509		1
509.1		1
509.2		1
509.3		1
509.4		1
509.5		1
509.6		1
509.7		1
509.8		1
509.9		1
510		1
510.1		1
510.2		1
510.3		1
510.4		1
510.5		1
510.6		1
510.7		1
510.8		1
510.9		1
511		1
511.1		1
511.2		1
511.3		1
511.4		1
511.5		1
511.6		1
511.7		1
511.8		1
511.9		1
512		1
512.1		1
512.2		1
512.3		1
512.4		1
512.5		1
512.6		1
512.7		1
512.8		1
512.9		1
513		1
513.1		1
513.2		1
513.3		1
513.4		1
513.5		1
513.6		1
513.7		1
513.8		1
513.9		1
514		1
514.1		1
514.2		1
514.3		1
514.4		1
514.5		1
514.6		1
514.7		1
514.8		1
514.9		1
515		1
515.1		1
515.2		1
515.3		1
515.4		1
515.5		1
515.6		1
515.7		1
515.8		1
515.9		1
516		1
516.1		1
516.2		1
516.3		1
516.4		1
516.5		1
516.6		1
516.7		1
516.8		1
516.9		1
517		1
517.1		1
517.2		1
517.3		1
517.4		1
517.5		1
517.6		1
517.7		1
517.8		1
517.9		1
518		1
518.1		1
518.2		1
518.3		1
518.4		1
518.5		1
518.6		1
518.7		1
518.8		1
518.9		1
519		1
519.1		1
519.2		1
519.3		1
519.4		1
519.5		1
519.6		1
519.7		1
519.8		1
519.9		1
520		1
520.1		1
520.2		1
520.3		1
520.4		1
520.5		1
520.6		1
520.7		1
520.8		1
520.9		1
521		1
521.1		1
521.2		1
521.3		1
521.4		1
521.5		1
521.6		1
521.7		1
521.8		1
521.9		1
522		1
522.1		1
522.2		1
522.3		1
522.4		1
522.5		1
522.6		1
522.7		1
522.8		1
522.9		1
523		1
523.1		1
523.2		1
523.3		1
523.4		1
523.5		1
523.6		1
523.7		1
523.8		1
523.9		1
524		1
524.1		1
524.2		1
524.3		1
524.4		1
524.5		1
524.6		1
524.7		1
524.8		1
524.9		1
525		1
525.1		1
525.2		1
525.3		1
525.4		1
525.5		1
525.6		1
525.7		1
525.8		1
525.9		1
526		1
526.1		1
526.2		1
526.3		1
526.4		1
526.5		1
526.6		1
526.7		1
526.8		1
526.9		1
527		1
527.1		1
527.2		1
527.3		1
527.4		1
527.5		1
527.6		1
527.7		1
527.8		1
527.9		1
528		1
528.1		1
528.2		1
528.3		1
528.4		1
528.5		1
528.6		1
528.7		1
528.8		1
528.9		1
529		1
529.1		1
529.2		1
529.3		1
529.4		1
529.5		1
529.6		1
529.7		1
529.8		1
529.9		1
530		1
530.1		1
530.2		1
530.3		1
530.4		1
530.5		1
530.6		1
530.7		1
530.8		1
530.9		1
531		1
531.1		1
531.2		1
531.3		1
531.4		1
531.5		1
531.6		1
531.7		1
531.8		1
531.9		1
532		1
532.1		1
532.2		1
532.3		1
532.4		1
532.5		1
532.6		1
532.7		1
532.8		1
532.9		1
533		1
533.1		1
533.2		1
533.3		1
533.4		1
533.5		1
533.6		1
533.7		1
533.8		1
533.9		1
534		1
534.1		1
534.2		1
534.3		1
534.4		1
534.5		1
534.6		1
534.7		1
534.8		1
534.9		1
535		1
535.1		1
535.2		1
535.3		1
535.4		1
535.5		1
535.6		1
535.7		1
535.8		1
535.9		1
536		1
536.1		1
536.2		1
536.3		1
536.4		1
536.5		1
536.6		1
536.7		1
536.8		1
536.9		1
537		1
537.1		1
537.2		1
537.3		1
537.4		1
537.5		1
537.6		1
537.7		1
537.8		1
537.9		1
538		1
538.1		1
538.2		1
538.3		1
538.4		1
538.5		1
538.6		1
538.7		1
538.8		1
538.9		1
539		1
539.1		1
539.2		1
539.3		1
539.4		1
539.5		1
539.6		1
539.7		1
539.8		1
539.9		1
540		1
540.1		1
540.2		1
540.3		1
540.4		1
540.5		1
540.6		1
540.7		1
540.8		1
540.9		1
541		1
541.1		1
541.2		1
541.3		1
541.4		1
541.5		1
541.6		1
541.7		1
541.8		1
541.9		1
542		1
542.1		1
542.2		1
542.3		1
542.4		1
542.5		1
542.6		1
542.7		1
542.8		1
542.9		1
543		1
543.1		1
543.2		1
543.3		1
543.4		1
543.5		1
543.6		1
543.7		1
543.8		1
543.9		1
544		1
544.1		1
544.2		1
544.3		1
544.4		1
544.5		1
544.6		1
544.7		1
544.8		1
544.9		1
545		1
545.1		1
545.2		1
545.3		1
545.4		1
545.5		1
545.6		1
545.7		1
545.8		1
545.9		1
546		1
546.1		1
546.2		1
546.3		1
546.4		1
546.5		1
546.6		1
546.7		1
546.8		1
546.9		1
547		1
547.1		1
547.2		1
547.3		1
547.4		1
547.5		1
547.6		1
547.7		1
547.8		1
547.9		1
548		1
548.1		1
548.2		1
548.3		1
548.4		1
548.5		1
548.6		1
548.7		1
548.8		1
548.9		1
549		1
549.1		1
549.2		1
549.3		1
549.4		1
549.5		1
549.6		1
549.7		1
549.8		1
549.9		1
550		1
550.1		1
550.2		1
550.3		1
550.4		1
550.5		1
550.6		1
550.7		1
550.8		1
550.9		1
551		1
551.1		1
551.2		1
551.3		1
551.4		1
551.5		1
551.6		1
551.7		1
551.8		1
551.9		1
552		1
552.1		1
552.2		1
552.3		1
552.4		1
552.5		1
552.6		1
552.7		1
552.8		1
552.9		1
553		1
553.1		1
553.2		1
553.3		1
553.4		1
553.5		1
553.6		1
553.7		1
553.8		1
553.9		1
554		1
554.1		1
554.2		1
554.3		1
554.4		1
554.5		1
554.6		1
554.7		1
554.8		1
554.9		1
555		1
555.1		1
555.2		1
555.3		1
555.4		1
555.5		1
555.6		1
555.7		1
555.8		1
555.9		1
556		1
556.1		1
556.2		1
556.3		1
556.4		1
556.5		1
556.6		1
556.7		1
556.8		1
556.9		1
557		1
557.1		1
557.2		1
557.3		1
557.4		1
557.5		1
557.6		1
557.7		1
557.8		1
557.9		1
558		1
558.1		1
558.2		1
558.3		1
558.4		1
558.5		1
558.6		1
558.7		1
558.8		1
558.9		1
559		1
559.1		1
559.2		1
559.3		1
559.4		1
559.5		1
559.6		1
559.7		1
559.8		1
559.9		1
560		1
560.1		1
560.2		1
560.3		1
560.4		1
560.5		1
560.6		1
560.7		1
560.8		1
560.9		1
561		1
561.1		1
561.2		1
561.3		1
561.4		1
561.5		1
561.6		1
561.7		1
561.8		1
561.9		1
562		1
562.1		1
562.2		1
562.3		1
562.4		1
562.5		1
562.6		1
562.7		1
562.8		1
562.9		1
563		1
563.1		1
563.2		1
563.3		1
563.4		1
563.5		1
563.6		1
563.7		1
563.8		1
563.9		1
564		1
564.1		1
564.2		1
564.3		1
564.4		1
564.5		1
564.6		1
564.7		1
564.8		1
564.9		1
565		1
565.1		1
565.2		1
565.3		1
565.4		1
565.5		1
565.6		1
565.7		1
565.8		1
565.9		1
566		1
566.1		1
566.2		1
566.3		1
566.4		1
566.5		1
566.6		1
566.7		1
566.8		1
566.9		1
567		1
567.1		1
567.2		1
567.3		1
567.4		1
567.5		1
567.6		1
567.7		1
567.8		1
567.9		1
568		1
568.1		1
568.2		1
568.3		1
568.4		1
568.5		1
568.6		1
568.7		1
568.8		1
568.9		1
569		1
569.1		1
569.2		1
569.3		1
569.4		1
569.5		1
569.6		1
569.7		1
569.8		1
569.9		1
570		1
570.1		1
570.2		1
570.3		1
570.4		1
570.5		1
570.6		1
570.7		1
570.8		1
570.9		1
571		1
571.1		1
571.2		1
571.3		1
571.4		1
571.5		1
571.6		1
571.7		1
571.8		1
571.9		1
572		1
572.1		1
572.2		1
572.3		1
572.4		1
572.5		1
572.6		1
572.7		1
572.8		1
572.9		1
573		1
573.1		1
573.2		1
573.3		1
573.4		1
573.5		1
573.6		1
573.7		1
573.8		1
573.9		1
574		1
574.1		1
574.2		1
574.3		1
574.4		1
574.5		1
574.6		1
574.7		1
574.8		1
574.9		1
575		1
575.1		1
575.2		1
575.3		1
575.4		1
575.5		1
575.6		1
575.7		1
575.8		1
575.9		1
576		1
576.1		1
576.2		1
576.3		1
576.4		1
576.5		1
576.6		1
576.7		1
576.8		1
576.9		1
577		1
577.1		1
577.2		1
577.3		1
577.4		1
577.5		1
577.6		1
577.7		1
577.8		1
577.9		1
578		1
578.1		1
578.2		1
578.3		1
578.4		1
578.5		1
578.6		1
578.7		1
578.8		1
578.9		1
579		1
579.1		1
579.2		1
579.3		1
579.4		1
579.5		1
579.6		1
579.7		1
579.8		1
579.9		1
580		1
580.1		1
580.2		1
580.3		1
580.4		1
580.5		1
580.6		1
580.7		1
580.8		1
580.9		1
581		1
581.1		1
581.2		1
581.3		1
581.4		1
581.5		1
581.6		1
581.7		1
581.8		1
581.9		1
582		1
582.1		1
582.2		1
582.3		1
582.4		1
582.5		1
582.6		1
582.7		1
582.8		1
582.9		1
583		1
583.1		1
583.2		1
583.3		1
583.4		1
583.5		1
583.6		1
583.7		1
583.8		1
583.9		1
584		1
584.1		1
584.2		1
584.3		1
584.4		1
584.5		1
584.6		1
584.7		1
584.8		1
584.9		1
585		1
585.1		1
585.2		1
585.3		1
585.4		1
585.5		1
585.6		1
585.7		1
585.8		1
585.9		1
586		1
586.1		1
586.2		1
586.3		1
586.4		1
586.5		1
586.6		1
586.7		1
586.8		1
586.9		1
587		1
587.1		1
587.2		1
587.3		1
587.4		1
587.5		1
587.6		1
587.7		1
587.8		1
587.9		1
588		1
588.1		1
588.2		1
588.3		1
588.4		1
588.5		1
588.6		1
588.7		1
588.8		1
588.9		1
589		1
589.1		1
589.2		1
589.3		1
589.4		1
589.5		1
589.6		1
589.7		1
589.8		1
589.9		1
590		1
590.1		1
590.2		1
590.3		1
590.4		1
590.5		1
590.6		1
590.7		1
590.8		1
590.9		1
591		1
591.1		1
591.2		1
591.3		1
591.4		1
591.5		1
591.6		1
591.7		1
591.8		1
591.9		1
592		1
592.1		1
592.2		1
592.3		1
592.4		1
592.5		1
592.6		1
592.7		1
592.8		1
592.9		1
593		1
593.1		1
593.2		1
593.3		1
593.4		1
593.5		1
593.6		1
593.7		1
593.8		1
593.9		1
594		1
594.1		1
594.2		1
594.3		1
594.4		1
594.5		1
594.6		1
594.7		1
594.8		1
594.9		1
595		1
595.1		1
595.2		1
595.3		1
595.4		1
595.5		1
595.6		1
595.7		1
595.8		1
595.9		1
596		1
596.1		1
596.2		1
596.3		1
596.4		1
596.5		1
596.6		1
596.7		1
596.8		1
596.9		1
597		1
597.1		1
597.2		1
597.3		1
597.4		1
597.5		1
597.6		1
597.7		1
597.8		1
597.9		1
598		1
598.1		1
598.2		1
598.3		1
598.4		1
598.5		1
598.6		1
598.7		1
598.8		1
598.9		1
599		1
599.1		1
599.2		1
599.3		1
599.4		1
599.5		1
599.6		1
599.7		1
599.8		1
599.9		1
600		1
