# Calibration file of tamex_id 0 @ channel 23
# fine_T bin		 Calibration value
0.1		0
0.2		0
0.3		0
0.4		0
0.5		0
0.6		0
0.7		0
0.8		0
0.9		0
1		0
1.1		0
1.2		0
1.3		0
1.4		0
1.5		0
1.6		0
1.7		0
1.8		0
1.9		0
2		0
2.1		0
2.2		0
2.3		0
2.4		0
2.5		0
2.6		0
2.7		0
2.8		0
2.9		0
3		0
3.1		0
3.2		0
3.3		0
3.4		0
3.5		0
3.6		0
3.7		0
3.8		0
3.9		0
4		0
4.1		0
4.2		0
4.3		0
4.4		0
4.5		0
4.6		0
4.7		0
4.8		0
4.9		0
5		0
5.1		0
5.2		0
5.3		0
5.4		0
5.5		0
5.6		0
5.7		0
5.8		0
5.9		0
6		0
6.1		0
6.2		0
6.3		0
6.4		0
6.5		0
6.6		0
6.7		0
6.8		0
6.9		0
7		0
7.1		0
7.2		0
7.3		0
7.4		0
7.5		0
7.6		0
7.7		0
7.8		0
7.9		0
8		0
8.1		0
8.2		0
8.3		0
8.4		0
8.5		0
8.6		0
8.7		0
8.8		0
8.9		0
9		0
9.1		0
9.2		0
9.3		0
9.4		0
9.5		0
9.6		0
9.7		0
9.8		0
9.9		0
10		0
10.1		0
10.2		0
10.3		0
10.4		0
10.5		0
10.6		0
10.7		0
10.8		0
10.9		0
11		0
11.1		0
11.2		0
11.3		0
11.4		0
11.5		0
11.6		0
11.7		0
11.8		0
11.9		0
12		0
12.1		0
12.2		0
12.3		0
12.4		0
12.5		0
12.6		0
12.7		0
12.8		0
12.9		0
13		0
13.1		0
13.2		0
13.3		0
13.4		0
13.5		0
13.6		0
13.7		0
13.8		0
13.9		0
14		0
14.1		0
14.2		0
14.3		0
14.4		0
14.5		0
14.6		0
14.7		0
14.8		0
14.9		0
15		0
15.1		0
15.2		0
15.3		0
15.4		0
15.5		0
15.6		0
15.7		0
15.8		0
15.9		0
16		0
16.1		0
16.2		0
16.3		0
16.4		0
16.5		0
16.6		0
16.7		0
16.8		0
16.9		0
17		0
17.1		0.00737202
17.2		0.00737202
17.3		0.00737202
17.4		0.00737202
17.5		0.00737202
17.6		0.00737202
17.7		0.00737202
17.8		0.00737202
17.9		0.00737202
18		0.00737202
18.1		0.00763531
18.2		0.00763531
18.3		0.00763531
18.4		0.00763531
18.5		0.00763531
18.6		0.00763531
18.7		0.00763531
18.8		0.00763531
18.9		0.00763531
19		0.00763531
19.1		0.00910219
19.2		0.00910219
19.3		0.00910219
19.4		0.00910219
19.5		0.00910219
19.6		0.00910219
19.7		0.00910219
19.8		0.00910219
19.9		0.00910219
20		0.00910219
20.1		0.0149697
20.2		0.0149697
20.3		0.0149697
20.4		0.0149697
20.5		0.0149697
20.6		0.0149697
20.7		0.0149697
20.8		0.0149697
20.9		0.0149697
21		0.0149697
21.1		0.0171889
21.2		0.0171889
21.3		0.0171889
21.4		0.0171889
21.5		0.0171889
21.6		0.0171889
21.7		0.0171889
21.8		0.0171889
21.9		0.0171889
22		0.0171889
22.1		0.0181668
22.2		0.0181668
22.3		0.0181668
22.4		0.0181668
22.5		0.0181668
22.6		0.0181668
22.7		0.0181668
22.8		0.0181668
22.9		0.0181668
23		0.0181668
23.1		0.0188814
23.2		0.0188814
23.3		0.0188814
23.4		0.0188814
23.5		0.0188814
23.6		0.0188814
23.7		0.0188814
23.8		0.0188814
23.9		0.0188814
24		0.0188814
24.1		0.0218152
24.2		0.0218152
24.3		0.0218152
24.4		0.0218152
24.5		0.0218152
24.6		0.0218152
24.7		0.0218152
24.8		0.0218152
24.9		0.0218152
25		0.0218152
25.1		0.0241848
25.2		0.0241848
25.3		0.0241848
25.4		0.0241848
25.5		0.0241848
25.6		0.0241848
25.7		0.0241848
25.8		0.0241848
25.9		0.0241848
26		0.0241848
26.1		0.0245233
26.2		0.0245233
26.3		0.0245233
26.4		0.0245233
26.5		0.0245233
26.6		0.0245233
26.7		0.0245233
26.8		0.0245233
26.9		0.0245233
27		0.0245233
27.1		0.0261782
27.2		0.0261782
27.3		0.0261782
27.4		0.0261782
27.5		0.0261782
27.6		0.0261782
27.7		0.0261782
27.8		0.0261782
27.9		0.0261782
28		0.0261782
28.1		0.0285478
28.2		0.0285478
28.3		0.0285478
28.4		0.0285478
28.5		0.0285478
28.6		0.0285478
28.7		0.0285478
28.8		0.0285478
28.9		0.0285478
29		0.0285478
29.1		0.0325347
29.2		0.0325347
29.3		0.0325347
29.4		0.0325347
29.5		0.0325347
29.6		0.0325347
29.7		0.0325347
29.8		0.0325347
29.9		0.0325347
30		0.0325347
30.1		0.0335878
30.2		0.0335878
30.3		0.0335878
30.4		0.0335878
30.5		0.0335878
30.6		0.0335878
30.7		0.0335878
30.8		0.0335878
30.9		0.0335878
31		0.0335878
31.1		0.0337759
31.2		0.0337759
31.3		0.0337759
31.4		0.0337759
31.5		0.0337759
31.6		0.0337759
31.7		0.0337759
31.8		0.0337759
31.9		0.0337759
32		0.0337759
32.1		0.0372362
32.2		0.0372362
32.3		0.0372362
32.4		0.0372362
32.5		0.0372362
32.6		0.0372362
32.7		0.0372362
32.8		0.0372362
32.9		0.0372362
33		0.0372362
33.1		0.0375371
33.2		0.0375371
33.3		0.0375371
33.4		0.0375371
33.5		0.0375371
33.6		0.0375371
33.7		0.0375371
33.8		0.0375371
33.9		0.0375371
34		0.0375371
34.1		0.0415617
34.2		0.0415617
34.3		0.0415617
34.4		0.0415617
34.5		0.0415617
34.6		0.0415617
34.7		0.0415617
34.8		0.0415617
34.9		0.0415617
35		0.0415617
35.1		0.0438936
35.2		0.0438936
35.3		0.0438936
35.4		0.0438936
35.5		0.0438936
35.6		0.0438936
35.7		0.0438936
35.8		0.0438936
35.9		0.0438936
36		0.0438936
36.1		0.0446083
36.2		0.0446083
36.3		0.0446083
36.4		0.0446083
36.5		0.0446083
36.6		0.0446083
36.7		0.0446083
36.8		0.0446083
36.9		0.0446083
37		0.0446083
37.1		0.0475796
37.2		0.0475796
37.3		0.0475796
37.4		0.0475796
37.5		0.0475796
37.6		0.0475796
37.7		0.0475796
37.8		0.0475796
37.9		0.0475796
38		0.0475796
38.1		0.049197
38.2		0.049197
38.3		0.049197
38.4		0.049197
38.5		0.049197
38.6		0.049197
38.7		0.049197
38.8		0.049197
38.9		0.049197
39		0.049197
39.1		0.0516794
39.2		0.0516794
39.3		0.0516794
39.4		0.0516794
39.5		0.0516794
39.6		0.0516794
39.7		0.0516794
39.8		0.0516794
39.9		0.0516794
40		0.0516794
40.1		0.0525445
40.2		0.0525445
40.3		0.0525445
40.4		0.0525445
40.5		0.0525445
40.6		0.0525445
40.7		0.0525445
40.8		0.0525445
40.9		0.0525445
41		0.0525445
41.1		0.0540114
41.2		0.0540114
41.3		0.0540114
41.4		0.0540114
41.5		0.0540114
41.6		0.0540114
41.7		0.0540114
41.8		0.0540114
41.9		0.0540114
42		0.0540114
42.1		0.057735
42.2		0.057735
42.3		0.057735
42.4		0.057735
42.5		0.057735
42.6		0.057735
42.7		0.057735
42.8		0.057735
42.9		0.057735
43		0.057735
43.1		0.0599165
43.2		0.0599165
43.3		0.0599165
43.4		0.0599165
43.5		0.0599165
43.6		0.0599165
43.7		0.0599165
43.8		0.0599165
43.9		0.0599165
44		0.0599165
44.1		0.060255
44.2		0.060255
44.3		0.060255
44.4		0.060255
44.5		0.060255
44.6		0.060255
44.7		0.060255
44.8		0.060255
44.9		0.060255
45		0.060255
45.1		0.0616843
45.2		0.0616843
45.3		0.0616843
45.4		0.0616843
45.5		0.0616843
45.6		0.0616843
45.7		0.0616843
45.8		0.0616843
45.9		0.0616843
46		0.0616843
46.1		0.0666867
46.2		0.0666867
46.3		0.0666867
46.4		0.0666867
46.5		0.0666867
46.6		0.0666867
46.7		0.0666867
46.8		0.0666867
46.9		0.0666867
47		0.0666867
47.1		0.0687178
47.2		0.0687178
47.3		0.0687178
47.4		0.0687178
47.5		0.0687178
47.6		0.0687178
47.7		0.0687178
47.8		0.0687178
47.9		0.0687178
48		0.0687178
48.1		0.0696957
48.2		0.0696957
48.3		0.0696957
48.4		0.0696957
48.5		0.0696957
48.6		0.0696957
48.7		0.0696957
48.8		0.0696957
48.9		0.0696957
49		0.0696957
49.1		0.0712002
49.2		0.0712002
49.3		0.0712002
49.4		0.0712002
49.5		0.0712002
49.6		0.0712002
49.7		0.0712002
49.8		0.0712002
49.9		0.0712002
50		0.0712002
50.1		0.0737955
50.2		0.0737955
50.3		0.0737955
50.4		0.0737955
50.5		0.0737955
50.6		0.0737955
50.7		0.0737955
50.8		0.0737955
50.9		0.0737955
51		0.0737955
51.1		0.0776319
51.2		0.0776319
51.3		0.0776319
51.4		0.0776319
51.5		0.0776319
51.6		0.0776319
51.7		0.0776319
51.8		0.0776319
51.9		0.0776319
52		0.0776319
52.1		0.0788355
52.2		0.0788355
52.3		0.0788355
52.4		0.0788355
52.5		0.0788355
52.6		0.0788355
52.7		0.0788355
52.8		0.0788355
52.9		0.0788355
53		0.0788355
53.1		0.0799639
53.2		0.0799639
53.3		0.0799639
53.4		0.0799639
53.5		0.0799639
53.6		0.0799639
53.7		0.0799639
53.8		0.0799639
53.9		0.0799639
54		0.0799639
54.1		0.0848911
54.2		0.0848911
54.3		0.0848911
54.4		0.0848911
54.5		0.0848911
54.6		0.0848911
54.7		0.0848911
54.8		0.0848911
54.9		0.0848911
55		0.0848911
55.1		0.0851544
55.2		0.0851544
55.3		0.0851544
55.4		0.0851544
55.5		0.0851544
55.6		0.0851544
55.7		0.0851544
55.8		0.0851544
55.9		0.0851544
56		0.0851544
56.1		0.0854553
56.2		0.0854553
56.3		0.0854553
56.4		0.0854553
56.5		0.0854553
56.6		0.0854553
56.7		0.0854553
56.8		0.0854553
56.9		0.0854553
57		0.0854553
57.1		0.0855305
57.2		0.0855305
57.3		0.0855305
57.4		0.0855305
57.5		0.0855305
57.6		0.0855305
57.7		0.0855305
57.8		0.0855305
57.9		0.0855305
58		0.0855305
58.1		0.091699
58.2		0.091699
58.3		0.091699
58.4		0.091699
58.5		0.091699
58.6		0.091699
58.7		0.091699
58.8		0.091699
58.9		0.091699
59		0.091699
59.1		0.0945575
59.2		0.0945575
59.3		0.0945575
59.4		0.0945575
59.5		0.0945575
59.6		0.0945575
59.7		0.0945575
59.8		0.0945575
59.9		0.0945575
60		0.0945575
60.1		0.0961372
60.2		0.0961372
60.3		0.0961372
60.4		0.0961372
60.5		0.0961372
60.6		0.0961372
60.7		0.0961372
60.8		0.0961372
60.9		0.0961372
61		0.0961372
61.1		0.0964005
61.2		0.0964005
61.3		0.0964005
61.4		0.0964005
61.5		0.0964005
61.6		0.0964005
61.7		0.0964005
61.8		0.0964005
61.9		0.0964005
62		0.0964005
62.1		0.100199
62.2		0.100199
62.3		0.100199
62.4		0.100199
62.5		0.100199
62.6		0.100199
62.7		0.100199
62.8		0.100199
62.9		0.100199
63		0.100199
63.1		0.101779
63.2		0.101779
63.3		0.101779
63.4		0.101779
63.5		0.101779
63.6		0.101779
63.7		0.101779
63.8		0.101779
63.9		0.101779
64		0.101779
64.1		0.102907
64.2		0.102907
64.3		0.102907
64.4		0.102907
64.5		0.102907
64.6		0.102907
64.7		0.102907
64.8		0.102907
64.9		0.102907
65		0.102907
65.1		0.106706
65.2		0.106706
65.3		0.106706
65.4		0.106706
65.5		0.106706
65.6		0.106706
65.7		0.106706
65.8		0.106706
65.9		0.106706
66		0.106706
66.1		0.108737
66.2		0.108737
66.3		0.108737
66.4		0.108737
66.5		0.108737
66.6		0.108737
66.7		0.108737
66.8		0.108737
66.9		0.108737
67		0.108737
67.1		0.110468
67.2		0.110468
67.3		0.110468
67.4		0.110468
67.5		0.110468
67.6		0.110468
67.7		0.110468
67.8		0.110468
67.9		0.110468
68		0.110468
68.1		0.112047
68.2		0.112047
68.3		0.112047
68.4		0.112047
68.5		0.112047
68.6		0.112047
68.7		0.112047
68.8		0.112047
68.9		0.112047
69		0.112047
69.1		0.112235
69.2		0.112235
69.3		0.112235
69.4		0.112235
69.5		0.112235
69.6		0.112235
69.7		0.112235
69.8		0.112235
69.9		0.112235
70		0.112235
70.1		0.117125
70.2		0.117125
70.3		0.117125
70.4		0.117125
70.5		0.117125
70.6		0.117125
70.7		0.117125
70.8		0.117125
70.9		0.117125
71		0.117125
71.1		0.119683
71.2		0.119683
71.3		0.119683
71.4		0.119683
71.5		0.119683
71.6		0.119683
71.7		0.119683
71.8		0.119683
71.9		0.119683
72		0.119683
72.1		0.121676
72.2		0.121676
72.3		0.121676
72.4		0.121676
72.5		0.121676
72.6		0.121676
72.7		0.121676
72.8		0.121676
72.9		0.121676
73		0.121676
73.1		0.122654
73.2		0.122654
73.3		0.122654
73.4		0.122654
73.5		0.122654
73.6		0.122654
73.7		0.122654
73.8		0.122654
73.9		0.122654
74		0.122654
74.1		0.125851
74.2		0.125851
74.3		0.125851
74.4		0.125851
74.5		0.125851
74.6		0.125851
74.7		0.125851
74.8		0.125851
74.9		0.125851
75		0.125851
75.1		0.128258
75.2		0.128258
75.3		0.128258
75.4		0.128258
75.5		0.128258
75.6		0.128258
75.7		0.128258
75.8		0.128258
75.9		0.128258
76		0.128258
76.1		0.129349
76.2		0.129349
76.3		0.129349
76.4		0.129349
76.5		0.129349
76.6		0.129349
76.7		0.129349
76.8		0.129349
76.9		0.129349
77		0.129349
77.1		0.134239
77.2		0.134239
77.3		0.134239
77.4		0.134239
77.5		0.134239
77.6		0.134239
77.7		0.134239
77.8		0.134239
77.9		0.134239
78		0.134239
78.1		0.134652
78.2		0.134652
78.3		0.134652
78.4		0.134652
78.5		0.134652
78.6		0.134652
78.7		0.134652
78.8		0.134652
78.9		0.134652
79		0.134652
79.1		0.134953
79.2		0.134953
79.3		0.134953
79.4		0.134953
79.5		0.134953
79.6		0.134953
79.7		0.134953
79.8		0.134953
79.9		0.134953
80		0.134953
80.1		0.139768
80.2		0.139768
80.3		0.139768
80.4		0.139768
80.5		0.139768
80.6		0.139768
80.7		0.139768
80.8		0.139768
80.9		0.139768
81		0.139768
81.1		0.140294
81.2		0.140294
81.3		0.140294
81.4		0.140294
81.5		0.140294
81.6		0.140294
81.7		0.140294
81.8		0.140294
81.9		0.140294
82		0.140294
82.1		0.141084
82.2		0.141084
82.3		0.141084
82.4		0.141084
82.5		0.141084
82.6		0.141084
82.7		0.141084
82.8		0.141084
82.9		0.141084
83		0.141084
83.1		0.143679
83.2		0.143679
83.3		0.143679
83.4		0.143679
83.5		0.143679
83.6		0.143679
83.7		0.143679
83.8		0.143679
83.9		0.143679
84		0.143679
84.1		0.147328
84.2		0.147328
84.3		0.147328
84.4		0.147328
84.5		0.147328
84.6		0.147328
84.7		0.147328
84.8		0.147328
84.9		0.147328
85		0.147328
85.1		0.147854
85.2		0.147854
85.3		0.147854
85.4		0.147854
85.5		0.147854
85.6		0.147854
85.7		0.147854
85.8		0.147854
85.9		0.147854
86		0.147854
86.1		0.150826
86.2		0.150826
86.3		0.150826
86.4		0.150826
86.5		0.150826
86.6		0.150826
86.7		0.150826
86.8		0.150826
86.9		0.150826
87		0.150826
87.1		0.152443
87.2		0.152443
87.3		0.152443
87.4		0.152443
87.5		0.152443
87.6		0.152443
87.7		0.152443
87.8		0.152443
87.9		0.152443
88		0.152443
88.1		0.155903
88.2		0.155903
88.3		0.155903
88.4		0.155903
88.5		0.155903
88.6		0.155903
88.7		0.155903
88.8		0.155903
88.9		0.155903
89		0.155903
89.1		0.157445
89.2		0.157445
89.3		0.157445
89.4		0.157445
89.5		0.157445
89.6		0.157445
89.7		0.157445
89.8		0.157445
89.9		0.157445
90		0.157445
90.1		0.158499
90.2		0.158499
90.3		0.158499
90.4		0.158499
90.5		0.158499
90.6		0.158499
90.7		0.158499
90.8		0.158499
90.9		0.158499
91		0.158499
91.1		0.161131
91.2		0.161131
91.3		0.161131
91.4		0.161131
91.5		0.161131
91.6		0.161131
91.7		0.161131
91.8		0.161131
91.9		0.161131
92		0.161131
92.1		0.164291
92.2		0.164291
92.3		0.164291
92.4		0.164291
92.5		0.164291
92.6		0.164291
92.7		0.164291
92.8		0.164291
92.9		0.164291
93		0.164291
93.1		0.166585
93.2		0.166585
93.3		0.166585
93.4		0.166585
93.5		0.166585
93.6		0.166585
93.7		0.166585
93.8		0.166585
93.9		0.166585
94		0.166585
94.1		0.168127
94.2		0.168127
94.3		0.168127
94.4		0.168127
94.5		0.168127
94.6		0.168127
94.7		0.168127
94.8		0.168127
94.9		0.168127
95		0.168127
95.1		0.169557
95.2		0.169557
95.3		0.169557
95.4		0.169557
95.5		0.169557
95.6		0.169557
95.7		0.169557
95.8		0.169557
95.9		0.169557
96		0.169557
96.1		0.17234
96.2		0.17234
96.3		0.17234
96.4		0.17234
96.5		0.17234
96.6		0.17234
96.7		0.17234
96.8		0.17234
96.9		0.17234
97		0.17234
97.1		0.175988
97.2		0.175988
97.3		0.175988
97.4		0.175988
97.5		0.175988
97.6		0.175988
97.7		0.175988
97.8		0.175988
97.9		0.175988
98		0.175988
98.1		0.17738
98.2		0.17738
98.3		0.17738
98.4		0.17738
98.5		0.17738
98.6		0.17738
98.7		0.17738
98.8		0.17738
98.9		0.17738
99		0.17738
99.1		0.180765
99.2		0.180765
99.3		0.180765
99.4		0.180765
99.5		0.180765
99.6		0.180765
99.7		0.180765
99.8		0.180765
99.9		0.180765
100		0.180765
100.1		0.182608
100.2		0.182608
100.3		0.182608
100.4		0.182608
100.5		0.182608
100.6		0.182608
100.7		0.182608
100.8		0.182608
100.9		0.182608
101		0.182608
101.1		0.183323
101.2		0.183323
101.3		0.183323
101.4		0.183323
101.5		0.183323
101.6		0.183323
101.7		0.183323
101.8		0.183323
101.9		0.183323
102		0.183323
102.1		0.188513
102.2		0.188513
102.3		0.188513
102.4		0.188513
102.5		0.188513
102.6		0.188513
102.7		0.188513
102.8		0.188513
102.9		0.188513
103		0.188513
103.1		0.189341
103.2		0.189341
103.3		0.189341
103.4		0.189341
103.5		0.189341
103.6		0.189341
103.7		0.189341
103.8		0.189341
103.9		0.189341
104		0.189341
104.1		0.190131
104.2		0.190131
104.3		0.190131
104.4		0.190131
104.5		0.190131
104.6		0.190131
104.7		0.190131
104.8		0.190131
104.9		0.190131
105		0.190131
105.1		0.194117
105.2		0.194117
105.3		0.194117
105.4		0.194117
105.5		0.194117
105.6		0.194117
105.7		0.194117
105.8		0.194117
105.9		0.194117
106		0.194117
106.1		0.198255
106.2		0.198255
106.3		0.198255
106.4		0.198255
106.5		0.198255
106.6		0.198255
106.7		0.198255
106.8		0.198255
106.9		0.198255
107		0.198255
107.1		0.198894
107.2		0.198894
107.3		0.198894
107.4		0.198894
107.5		0.198894
107.6		0.198894
107.7		0.198894
107.8		0.198894
107.9		0.198894
108		0.198894
108.1		0.199759
108.2		0.199759
108.3		0.199759
108.4		0.199759
108.5		0.199759
108.6		0.199759
108.7		0.199759
108.8		0.199759
108.9		0.199759
109		0.199759
109.1		0.200173
109.2		0.200173
109.3		0.200173
109.4		0.200173
109.5		0.200173
109.6		0.200173
109.7		0.200173
109.8		0.200173
109.9		0.200173
110		0.200173
110.1		0.206229
110.2		0.206229
110.3		0.206229
110.4		0.206229
110.5		0.206229
110.6		0.206229
110.7		0.206229
110.8		0.206229
110.9		0.206229
111		0.206229
111.1		0.207244
111.2		0.207244
111.3		0.207244
111.4		0.207244
111.5		0.207244
111.6		0.207244
111.7		0.207244
111.8		0.207244
111.9		0.207244
112		0.207244
112.1		0.209275
112.2		0.209275
112.3		0.209275
112.4		0.209275
112.5		0.209275
112.6		0.209275
112.7		0.209275
112.8		0.209275
112.9		0.209275
113		0.209275
113.1		0.210328
113.2		0.210328
113.3		0.210328
113.4		0.210328
113.5		0.210328
113.6		0.210328
113.7		0.210328
113.8		0.210328
113.9		0.210328
114		0.210328
114.1		0.213789
114.2		0.213789
114.3		0.213789
114.4		0.213789
114.5		0.213789
114.6		0.213789
114.7		0.213789
114.8		0.213789
114.9		0.213789
115		0.213789
115.1		0.216233
115.2		0.216233
115.3		0.216233
115.4		0.216233
115.5		0.216233
115.6		0.216233
115.7		0.216233
115.8		0.216233
115.9		0.216233
116		0.216233
116.1		0.217625
116.2		0.217625
116.3		0.217625
116.4		0.217625
116.5		0.217625
116.6		0.217625
116.7		0.217625
116.8		0.217625
116.9		0.217625
117		0.217625
117.1		0.218377
117.2		0.218377
117.3		0.218377
117.4		0.218377
117.5		0.218377
117.6		0.218377
117.7		0.218377
117.8		0.218377
117.9		0.218377
118		0.218377
118.1		0.223681
118.2		0.223681
118.3		0.223681
118.4		0.223681
118.5		0.223681
118.6		0.223681
118.7		0.223681
118.8		0.223681
118.9		0.223681
119		0.223681
119.1		0.225035
119.2		0.225035
119.3		0.225035
119.4		0.225035
119.5		0.225035
119.6		0.225035
119.7		0.225035
119.8		0.225035
119.9		0.225035
120		0.225035
120.1		0.225336
120.2		0.225336
120.3		0.225336
120.4		0.225336
120.5		0.225336
120.6		0.225336
120.7		0.225336
120.8		0.225336
120.9		0.225336
121		0.225336
121.1		0.229887
121.2		0.229887
121.3		0.229887
121.4		0.229887
121.5		0.229887
121.6		0.229887
121.7		0.229887
121.8		0.229887
121.9		0.229887
122		0.229887
122.1		0.232407
122.2		0.232407
122.3		0.232407
122.4		0.232407
122.5		0.232407
122.6		0.232407
122.7		0.232407
122.8		0.232407
122.9		0.232407
123		0.232407
123.1		0.232745
123.2		0.232745
123.3		0.232745
123.4		0.232745
123.5		0.232745
123.6		0.232745
123.7		0.232745
123.8		0.232745
123.9		0.232745
124		0.232745
124.1		0.237522
124.2		0.237522
124.3		0.237522
124.4		0.237522
124.5		0.237522
124.6		0.237522
124.7		0.237522
124.8		0.237522
124.9		0.237522
125		0.237522
125.1		0.238462
125.2		0.238462
125.3		0.238462
125.4		0.238462
125.5		0.238462
125.6		0.238462
125.7		0.238462
125.8		0.238462
125.9		0.238462
126		0.238462
126.1		0.241885
126.2		0.241885
126.3		0.241885
126.4		0.241885
126.5		0.241885
126.6		0.241885
126.7		0.241885
126.8		0.241885
126.9		0.241885
127		0.241885
127.1		0.24433
127.2		0.24433
127.3		0.24433
127.4		0.24433
127.5		0.24433
127.6		0.24433
127.7		0.24433
127.8		0.24433
127.9		0.24433
128		0.24433
128.1		0.245308
128.2		0.245308
128.3		0.245308
128.4		0.245308
128.5		0.245308
128.6		0.245308
128.7		0.245308
128.8		0.245308
128.9		0.245308
129		0.245308
129.1		0.245534
129.2		0.245534
129.3		0.245534
129.4		0.245534
129.5		0.245534
129.6		0.245534
129.7		0.245534
129.8		0.245534
129.9		0.245534
130		0.245534
130.1		0.251514
130.2		0.251514
130.3		0.251514
130.4		0.251514
130.5		0.251514
130.6		0.251514
130.7		0.251514
130.8		0.251514
130.9		0.251514
131		0.251514
131.1		0.25283
131.2		0.25283
131.3		0.25283
131.4		0.25283
131.5		0.25283
131.6		0.25283
131.7		0.25283
131.8		0.25283
131.9		0.25283
132		0.25283
132.1		0.253921
132.2		0.253921
132.3		0.253921
132.4		0.253921
132.5		0.253921
132.6		0.253921
132.7		0.253921
132.8		0.253921
132.9		0.253921
133		0.253921
133.1		0.25535
133.2		0.25535
133.3		0.25535
133.4		0.25535
133.5		0.25535
133.6		0.25535
133.7		0.25535
133.8		0.25535
133.9		0.25535
134		0.25535
134.1		0.259262
134.2		0.259262
134.3		0.259262
134.4		0.259262
134.5		0.259262
134.6		0.259262
134.7		0.259262
134.8		0.259262
134.9		0.259262
135		0.259262
135.1		0.260767
135.2		0.260767
135.3		0.260767
135.4		0.260767
135.5		0.260767
135.6		0.260767
135.7		0.260767
135.8		0.260767
135.9		0.260767
136		0.260767
136.1		0.262835
136.2		0.262835
136.3		0.262835
136.4		0.262835
136.5		0.262835
136.6		0.262835
136.7		0.262835
136.8		0.262835
136.9		0.262835
137		0.262835
137.1		0.265054
137.2		0.265054
137.3		0.265054
137.4		0.265054
137.5		0.265054
137.6		0.265054
137.7		0.265054
137.8		0.265054
137.9		0.265054
138		0.265054
138.1		0.265844
138.2		0.265844
138.3		0.265844
138.4		0.265844
138.5		0.265844
138.6		0.265844
138.7		0.265844
138.8		0.265844
138.9		0.265844
139		0.265844
139.1		0.268214
139.2		0.268214
139.3		0.268214
139.4		0.268214
139.5		0.268214
139.6		0.268214
139.7		0.268214
139.8		0.268214
139.9		0.268214
140		0.268214
140.1		0.272351
140.2		0.272351
140.3		0.272351
140.4		0.272351
140.5		0.272351
140.6		0.272351
140.7		0.272351
140.8		0.272351
140.9		0.272351
141		0.272351
141.1		0.27363
141.2		0.27363
141.3		0.27363
141.4		0.27363
141.5		0.27363
141.6		0.27363
141.7		0.27363
141.8		0.27363
141.9		0.27363
142		0.27363
142.1		0.274646
142.2		0.274646
142.3		0.274646
142.4		0.274646
142.5		0.274646
142.6		0.274646
142.7		0.274646
142.8		0.274646
142.9		0.274646
143		0.274646
143.1		0.275661
143.2		0.275661
143.3		0.275661
143.4		0.275661
143.5		0.275661
143.6		0.275661
143.7		0.275661
143.8		0.275661
143.9		0.275661
144		0.275661
144.1		0.279798
144.2		0.279798
144.3		0.279798
144.4		0.279798
144.5		0.279798
144.6		0.279798
144.7		0.279798
144.8		0.279798
144.9		0.279798
145		0.279798
145.1		0.281792
145.2		0.281792
145.3		0.281792
145.4		0.281792
145.5		0.281792
145.6		0.281792
145.7		0.281792
145.8		0.281792
145.9		0.281792
146		0.281792
146.1		0.282055
146.2		0.282055
146.3		0.282055
146.4		0.282055
146.5		0.282055
146.6		0.282055
146.7		0.282055
146.8		0.282055
146.9		0.282055
147		0.282055
147.1		0.282356
147.2		0.282356
147.3		0.282356
147.4		0.282356
147.5		0.282356
147.6		0.282356
147.7		0.282356
147.8		0.282356
147.9		0.282356
148		0.282356
148.1		0.288675
148.2		0.288675
148.3		0.288675
148.4		0.288675
148.5		0.288675
148.6		0.288675
148.7		0.288675
148.8		0.288675
148.9		0.288675
149		0.288675
149.1		0.29033
149.2		0.29033
149.3		0.29033
149.4		0.29033
149.5		0.29033
149.6		0.29033
149.7		0.29033
149.8		0.29033
149.9		0.29033
150		0.29033
150.1		0.290706
150.2		0.290706
150.3		0.290706
150.4		0.290706
150.5		0.290706
150.6		0.290706
150.7		0.290706
150.8		0.290706
150.9		0.290706
151		0.290706
151.1		0.291383
151.2		0.291383
151.3		0.291383
151.4		0.291383
151.5		0.291383
151.6		0.291383
151.7		0.291383
151.8		0.291383
151.9		0.291383
152		0.291383
152.1		0.295784
152.2		0.295784
152.3		0.295784
152.4		0.295784
152.5		0.295784
152.6		0.295784
152.7		0.295784
152.8		0.295784
152.9		0.295784
153		0.295784
153.1		0.297664
153.2		0.297664
153.3		0.297664
153.4		0.297664
153.5		0.297664
153.6		0.297664
153.7		0.297664
153.8		0.297664
153.9		0.297664
154		0.297664
154.1		0.298417
154.2		0.298417
154.3		0.298417
154.4		0.298417
154.5		0.298417
154.6		0.298417
154.7		0.298417
154.8		0.298417
154.9		0.298417
155		0.298417
155.1		0.300937
155.2		0.300937
155.3		0.300937
155.4		0.300937
155.5		0.300937
155.6		0.300937
155.7		0.300937
155.8		0.300937
155.9		0.300937
156		0.300937
156.1		0.303118
156.2		0.303118
156.3		0.303118
156.4		0.303118
156.5		0.303118
156.6		0.303118
156.7		0.303118
156.8		0.303118
156.9		0.303118
157		0.303118
157.1		0.305224
157.2		0.305224
157.3		0.305224
157.4		0.305224
157.5		0.305224
157.6		0.305224
157.7		0.305224
157.8		0.305224
157.9		0.305224
158		0.305224
158.1		0.306654
158.2		0.306654
158.3		0.306654
158.4		0.306654
158.5		0.306654
158.6		0.306654
158.7		0.306654
158.8		0.306654
158.9		0.306654
159		0.306654
159.1		0.308986
159.2		0.308986
159.3		0.308986
159.4		0.308986
159.5		0.308986
159.6		0.308986
159.7		0.308986
159.8		0.308986
159.9		0.308986
160		0.308986
160.1		0.311731
160.2		0.311731
160.3		0.311731
160.4		0.311731
160.5		0.311731
160.6		0.311731
160.7		0.311731
160.8		0.311731
160.9		0.311731
161		0.311731
161.1		0.312333
161.2		0.312333
161.3		0.312333
161.4		0.312333
161.5		0.312333
161.6		0.312333
161.7		0.312333
161.8		0.312333
161.9		0.312333
162		0.312333
162.1		0.314101
162.2		0.314101
162.3		0.314101
162.4		0.314101
162.5		0.314101
162.6		0.314101
162.7		0.314101
162.8		0.314101
162.9		0.314101
163		0.314101
163.1		0.317448
163.2		0.317448
163.3		0.317448
163.4		0.317448
163.5		0.317448
163.6		0.317448
163.7		0.317448
163.8		0.317448
163.9		0.317448
164		0.317448
164.1		0.318727
164.2		0.318727
164.3		0.318727
164.4		0.318727
164.5		0.318727
164.6		0.318727
164.7		0.318727
164.8		0.318727
164.9		0.318727
165		0.318727
165.1		0.323203
165.2		0.323203
165.3		0.323203
165.4		0.323203
165.5		0.323203
165.6		0.323203
165.7		0.323203
165.8		0.323203
165.9		0.323203
166		0.323203
166.1		0.324783
166.2		0.324783
166.3		0.324783
166.4		0.324783
166.5		0.324783
166.6		0.324783
166.7		0.324783
166.8		0.324783
166.9		0.324783
167		0.324783
167.1		0.326212
167.2		0.326212
167.3		0.326212
167.4		0.326212
167.5		0.326212
167.6		0.326212
167.7		0.326212
167.8		0.326212
167.9		0.326212
168		0.326212
168.1		0.326964
168.2		0.326964
168.3		0.326964
168.4		0.326964
168.5		0.326964
168.6		0.326964
168.7		0.326964
168.8		0.326964
168.9		0.326964
169		0.326964
169.1		0.331026
169.2		0.331026
169.3		0.331026
169.4		0.331026
169.5		0.331026
169.6		0.331026
169.7		0.331026
169.8		0.331026
169.9		0.331026
170		0.331026
170.1		0.334035
170.2		0.334035
170.3		0.334035
170.4		0.334035
170.5		0.334035
170.6		0.334035
170.7		0.334035
170.8		0.334035
170.9		0.334035
171		0.334035
171.1		0.335502
171.2		0.335502
171.3		0.335502
171.4		0.335502
171.5		0.335502
171.6		0.335502
171.7		0.335502
171.8		0.335502
171.9		0.335502
172		0.335502
172.1		0.336066
172.2		0.336066
172.3		0.336066
172.4		0.336066
172.5		0.336066
172.6		0.336066
172.7		0.336066
172.8		0.336066
172.9		0.336066
173		0.336066
173.1		0.339376
173.2		0.339376
173.3		0.339376
173.4		0.339376
173.5		0.339376
173.6		0.339376
173.7		0.339376
173.8		0.339376
173.9		0.339376
174		0.339376
174.1		0.342047
174.2		0.342047
174.3		0.342047
174.4		0.342047
174.5		0.342047
174.6		0.342047
174.7		0.342047
174.8		0.342047
174.9		0.342047
175		0.342047
175.1		0.342837
175.2		0.342837
175.3		0.342837
175.4		0.342837
175.5		0.342837
175.6		0.342837
175.7		0.342837
175.8		0.342837
175.9		0.342837
176		0.342837
176.1		0.343514
176.2		0.343514
176.3		0.343514
176.4		0.343514
176.5		0.343514
176.6		0.343514
176.7		0.343514
176.8		0.343514
176.9		0.343514
177		0.343514
177.1		0.345357
177.2		0.345357
177.3		0.345357
177.4		0.345357
177.5		0.345357
177.6		0.345357
177.7		0.345357
177.8		0.345357
177.9		0.345357
178		0.345357
178.1		0.350434
178.2		0.350434
178.3		0.350434
178.4		0.350434
178.5		0.350434
178.6		0.350434
178.7		0.350434
178.8		0.350434
178.9		0.350434
179		0.350434
179.1		0.351826
179.2		0.351826
179.3		0.351826
179.4		0.351826
179.5		0.351826
179.6		0.351826
179.7		0.351826
179.8		0.351826
179.9		0.351826
180		0.351826
180.1		0.35239
180.2		0.35239
180.3		0.35239
180.4		0.35239
180.5		0.35239
180.6		0.35239
180.7		0.35239
180.8		0.35239
180.9		0.35239
181		0.35239
181.1		0.352729
181.2		0.352729
181.3		0.352729
181.4		0.352729
181.5		0.352729
181.6		0.352729
181.7		0.352729
181.8		0.352729
181.9		0.352729
182		0.352729
182.1		0.35807
182.2		0.35807
182.3		0.35807
182.4		0.35807
182.5		0.35807
182.6		0.35807
182.7		0.35807
182.8		0.35807
182.9		0.35807
183		0.35807
183.1		0.359048
183.2		0.359048
183.3		0.359048
183.4		0.359048
183.5		0.359048
183.6		0.359048
183.7		0.359048
183.8		0.359048
183.9		0.359048
184		0.359048
184.1		0.359725
184.2		0.359725
184.3		0.359725
184.4		0.359725
184.5		0.359725
184.6		0.359725
184.7		0.359725
184.8		0.359725
184.9		0.359725
185		0.359725
185.1		0.361079
185.2		0.361079
185.3		0.361079
185.4		0.361079
185.5		0.361079
185.6		0.361079
185.7		0.361079
185.8		0.361079
185.9		0.361079
186		0.361079
186.1		0.362809
186.2		0.362809
186.3		0.362809
186.4		0.362809
186.5		0.362809
186.6		0.362809
186.7		0.362809
186.8		0.362809
186.9		0.362809
187		0.362809
187.1		0.369015
187.2		0.369015
187.3		0.369015
187.4		0.369015
187.5		0.369015
187.6		0.369015
187.7		0.369015
187.8		0.369015
187.9		0.369015
188		0.369015
188.1		0.369203
188.2		0.369203
188.3		0.369203
188.4		0.369203
188.5		0.369203
188.6		0.369203
188.7		0.369203
188.8		0.369203
188.9		0.369203
189		0.369203
189.1		0.371046
189.2		0.371046
189.3		0.371046
189.4		0.371046
189.5		0.371046
189.6		0.371046
189.7		0.371046
189.8		0.371046
189.9		0.371046
190		0.371046
190.1		0.373265
190.2		0.373265
190.3		0.373265
190.4		0.373265
190.5		0.373265
190.6		0.373265
190.7		0.373265
190.8		0.373265
190.9		0.373265
191		0.373265
191.1		0.374694
191.2		0.374694
191.3		0.374694
191.4		0.374694
191.5		0.374694
191.6		0.374694
191.7		0.374694
191.8		0.374694
191.9		0.374694
192		0.374694
192.1		0.377929
192.2		0.377929
192.3		0.377929
192.4		0.377929
192.5		0.377929
192.6		0.377929
192.7		0.377929
192.8		0.377929
192.9		0.377929
193		0.377929
193.1		0.378568
193.2		0.378568
193.3		0.378568
193.4		0.378568
193.5		0.378568
193.6		0.378568
193.7		0.378568
193.8		0.378568
193.9		0.378568
194		0.378568
194.1		0.383308
194.2		0.383308
194.3		0.383308
194.4		0.383308
194.5		0.383308
194.6		0.383308
194.7		0.383308
194.8		0.383308
194.9		0.383308
195		0.383308
195.1		0.385301
195.2		0.385301
195.3		0.385301
195.4		0.385301
195.5		0.385301
195.6		0.385301
195.7		0.385301
195.8		0.385301
195.9		0.385301
196		0.385301
196.1		0.385414
196.2		0.385414
196.3		0.385414
196.4		0.385414
196.5		0.385414
196.6		0.385414
196.7		0.385414
196.8		0.385414
196.9		0.385414
197		0.385414
197.1		0.387445
197.2		0.387445
197.3		0.387445
197.4		0.387445
197.5		0.387445
197.6		0.387445
197.7		0.387445
197.8		0.387445
197.9		0.387445
198		0.387445
198.1		0.388724
198.2		0.388724
198.3		0.388724
198.4		0.388724
198.5		0.388724
198.6		0.388724
198.7		0.388724
198.8		0.388724
198.9		0.388724
199		0.388724
199.1		0.395419
199.2		0.395419
199.3		0.395419
199.4		0.395419
199.5		0.395419
199.6		0.395419
199.7		0.395419
199.8		0.395419
199.9		0.395419
200		0.395419
200.1		0.396133
200.2		0.396133
200.3		0.396133
200.4		0.396133
200.5		0.396133
200.6		0.396133
200.7		0.396133
200.8		0.396133
200.9		0.396133
201		0.396133
201.1		0.397337
201.2		0.397337
201.3		0.397337
201.4		0.397337
201.5		0.397337
201.6		0.397337
201.7		0.397337
201.8		0.397337
201.9		0.397337
202		0.397337
202.1		0.397563
202.2		0.397563
202.3		0.397563
202.4		0.397563
202.5		0.397563
202.6		0.397563
202.7		0.397563
202.8		0.397563
202.9		0.397563
203		0.397563
203.1		0.398052
203.2		0.398052
203.3		0.398052
203.4		0.398052
203.5		0.398052
203.6		0.398052
203.7		0.398052
203.8		0.398052
203.9		0.398052
204		0.398052
204.1		0.404822
204.2		0.404822
204.3		0.404822
204.4		0.404822
204.5		0.404822
204.6		0.404822
204.7		0.404822
204.8		0.404822
204.9		0.404822
205		0.404822
205.1		0.405123
205.2		0.405123
205.3		0.405123
205.4		0.405123
205.5		0.405123
205.6		0.405123
205.7		0.405123
205.8		0.405123
205.9		0.405123
206		0.405123
206.1		0.406665
206.2		0.406665
206.3		0.406665
206.4		0.406665
206.5		0.406665
206.6		0.406665
206.7		0.406665
206.8		0.406665
206.9		0.406665
207		0.406665
207.1		0.407568
207.2		0.407568
207.3		0.407568
207.4		0.407568
207.5		0.407568
207.6		0.407568
207.7		0.407568
207.8		0.407568
207.9		0.407568
208		0.407568
208.1		0.413811
208.2		0.413811
208.3		0.413811
208.4		0.413811
208.5		0.413811
208.6		0.413811
208.7		0.413811
208.8		0.413811
208.9		0.413811
209		0.413811
209.1		0.413962
209.2		0.413962
209.3		0.413962
209.4		0.413962
209.5		0.413962
209.6		0.413962
209.7		0.413962
209.8		0.413962
209.9		0.413962
210		0.413962
210.1		0.416858
210.2		0.416858
210.3		0.416858
210.4		0.416858
210.5		0.416858
210.6		0.416858
210.7		0.416858
210.8		0.416858
210.9		0.416858
211		0.416858
211.1		0.418438
211.2		0.418438
211.3		0.418438
211.4		0.418438
211.5		0.418438
211.6		0.418438
211.7		0.418438
211.8		0.418438
211.9		0.418438
212		0.418438
212.1		0.422312
212.2		0.422312
212.3		0.422312
212.4		0.422312
212.5		0.422312
212.6		0.422312
212.7		0.422312
212.8		0.422312
212.9		0.422312
213		0.422312
213.1		0.423816
213.2		0.423816
213.3		0.423816
213.4		0.423816
213.5		0.423816
213.6		0.423816
213.7		0.423816
213.8		0.423816
213.9		0.423816
214		0.423816
214.1		0.424079
214.2		0.424079
214.3		0.424079
214.4		0.424079
214.5		0.424079
214.6		0.424079
214.7		0.424079
214.8		0.424079
214.9		0.424079
215		0.424079
215.1		0.424756
215.2		0.424756
215.3		0.424756
215.4		0.424756
215.5		0.424756
215.6		0.424756
215.7		0.424756
215.8		0.424756
215.9		0.424756
216		0.424756
216.1		0.429834
216.2		0.429834
216.3		0.429834
216.4		0.429834
216.5		0.429834
216.6		0.429834
216.7		0.429834
216.8		0.429834
216.9		0.429834
217		0.429834
217.1		0.431527
217.2		0.431527
217.3		0.431527
217.4		0.431527
217.5		0.431527
217.6		0.431527
217.7		0.431527
217.8		0.431527
217.9		0.431527
218		0.431527
218.1		0.433708
218.2		0.433708
218.3		0.433708
218.4		0.433708
218.5		0.433708
218.6		0.433708
218.7		0.433708
218.8		0.433708
218.9		0.433708
219		0.433708
219.1		0.43525
219.2		0.43525
219.3		0.43525
219.4		0.43525
219.5		0.43525
219.6		0.43525
219.7		0.43525
219.8		0.43525
219.9		0.43525
220		0.43525
220.1		0.43762
220.2		0.43762
220.3		0.43762
220.4		0.43762
220.5		0.43762
220.6		0.43762
220.7		0.43762
220.8		0.43762
220.9		0.43762
221		0.43762
221.1		0.440102
221.2		0.440102
221.3		0.440102
221.4		0.440102
221.5		0.440102
221.6		0.440102
221.7		0.440102
221.8		0.440102
221.9		0.440102
222		0.440102
222.1		0.440967
222.2		0.440967
222.3		0.440967
222.4		0.440967
222.5		0.440967
222.6		0.440967
222.7		0.440967
222.8		0.440967
222.9		0.440967
223		0.440967
223.1		0.444691
223.2		0.444691
223.3		0.444691
223.4		0.444691
223.5		0.444691
223.6		0.444691
223.7		0.444691
223.8		0.444691
223.9		0.444691
224		0.444691
224.1		0.447888
224.2		0.447888
224.3		0.447888
224.4		0.447888
224.5		0.447888
224.6		0.447888
224.7		0.447888
224.8		0.447888
224.9		0.447888
225		0.447888
225.1		0.449618
225.2		0.449618
225.3		0.449618
225.4		0.449618
225.5		0.449618
225.6		0.449618
225.7		0.449618
225.8		0.449618
225.9		0.449618
226		0.449618
226.1		0.449882
226.2		0.449882
226.3		0.449882
226.4		0.449882
226.5		0.449882
226.6		0.449882
226.7		0.449882
226.8		0.449882
226.9		0.449882
227		0.449882
227.1		0.451612
227.2		0.451612
227.3		0.451612
227.4		0.451612
227.5		0.451612
227.6		0.451612
227.7		0.451612
227.8		0.451612
227.9		0.451612
228		0.451612
228.1		0.453492
228.2		0.453492
228.3		0.453492
228.4		0.453492
228.5		0.453492
228.6		0.453492
228.7		0.453492
228.8		0.453492
228.9		0.453492
229		0.453492
229.1		0.455749
229.2		0.455749
229.3		0.455749
229.4		0.455749
229.5		0.455749
229.6		0.455749
229.7		0.455749
229.8		0.455749
229.9		0.455749
230		0.455749
230.1		0.456276
230.2		0.456276
230.3		0.456276
230.4		0.456276
230.5		0.456276
230.6		0.456276
230.7		0.456276
230.8		0.456276
230.9		0.456276
231		0.456276
231.1		0.462369
231.2		0.462369
231.3		0.462369
231.4		0.462369
231.5		0.462369
231.6		0.462369
231.7		0.462369
231.8		0.462369
231.9		0.462369
232		0.462369
232.1		0.463272
232.2		0.463272
232.3		0.463272
232.4		0.463272
232.5		0.463272
232.6		0.463272
232.7		0.463272
232.8		0.463272
232.9		0.463272
233		0.463272
233.1		0.464287
233.2		0.464287
233.3		0.464287
233.4		0.464287
233.5		0.464287
233.6		0.464287
233.7		0.464287
233.8		0.464287
233.9		0.464287
234		0.464287
234.1		0.467108
234.2		0.467108
234.3		0.467108
234.4		0.467108
234.5		0.467108
234.6		0.467108
234.7		0.467108
234.8		0.467108
234.9		0.467108
235		0.467108
235.1		0.467221
235.2		0.467221
235.3		0.467221
235.4		0.467221
235.5		0.467221
235.6		0.467221
235.7		0.467221
235.8		0.467221
235.9		0.467221
236		0.467221
236.1		0.472675
236.2		0.472675
236.3		0.472675
236.4		0.472675
236.5		0.472675
236.6		0.472675
236.7		0.472675
236.8		0.472675
236.9		0.472675
237		0.472675
237.1		0.472825
237.2		0.472825
237.3		0.472825
237.4		0.472825
237.5		0.472825
237.6		0.472825
237.7		0.472825
237.8		0.472825
237.9		0.472825
238		0.472825
238.1		0.478655
238.2		0.478655
238.3		0.478655
238.4		0.478655
238.5		0.478655
238.6		0.478655
238.7		0.478655
238.8		0.478655
238.9		0.478655
239		0.478655
239.1		0.480084
239.2		0.480084
239.3		0.480084
239.4		0.480084
239.5		0.480084
239.6		0.480084
239.7		0.480084
239.8		0.480084
239.9		0.480084
240		0.480084
240.1		0.480874
240.2		0.480874
240.3		0.480874
240.4		0.480874
240.5		0.480874
240.6		0.480874
240.7		0.480874
240.8		0.480874
240.9		0.480874
241		0.480874
241.1		0.482153
241.2		0.482153
241.3		0.482153
241.4		0.482153
241.5		0.482153
241.6		0.482153
241.7		0.482153
241.8		0.482153
241.9		0.482153
242		0.482153
242.1		0.483168
242.2		0.483168
242.3		0.483168
242.4		0.483168
242.5		0.483168
242.6		0.483168
242.7		0.483168
242.8		0.483168
242.9		0.483168
243		0.483168
243.1		0.485275
243.2		0.485275
243.3		0.485275
243.4		0.485275
243.5		0.485275
243.6		0.485275
243.7		0.485275
243.8		0.485275
243.9		0.485275
244		0.485275
244.1		0.48945
244.2		0.48945
244.3		0.48945
244.4		0.48945
244.5		0.48945
244.6		0.48945
244.7		0.48945
244.8		0.48945
244.9		0.48945
245		0.48945
245.1		0.490352
245.2		0.490352
245.3		0.490352
245.4		0.490352
245.5		0.490352
245.6		0.490352
245.7		0.490352
245.8		0.490352
245.9		0.490352
246		0.490352
246.1		0.492985
246.2		0.492985
246.3		0.492985
246.4		0.492985
246.5		0.492985
246.6		0.492985
246.7		0.492985
246.8		0.492985
246.9		0.492985
247		0.492985
247.1		0.493888
247.2		0.493888
247.3		0.493888
247.4		0.493888
247.5		0.493888
247.6		0.493888
247.7		0.493888
247.8		0.493888
247.9		0.493888
248		0.493888
248.1		0.496897
248.2		0.496897
248.3		0.496897
248.4		0.496897
248.5		0.496897
248.6		0.496897
248.7		0.496897
248.8		0.496897
248.9		0.496897
249		0.496897
249.1		0.498063
249.2		0.498063
249.3		0.498063
249.4		0.498063
249.5		0.498063
249.6		0.498063
249.7		0.498063
249.8		0.498063
249.9		0.498063
250		0.498063
250.1		0.504984
250.2		0.504984
250.3		0.504984
250.4		0.504984
250.5		0.504984
250.6		0.504984
250.7		0.504984
250.8		0.504984
250.9		0.504984
251		0.504984
251.1		0.505736
251.2		0.505736
251.3		0.505736
251.4		0.505736
251.5		0.505736
251.6		0.505736
251.7		0.505736
251.8		0.505736
251.9		0.505736
252		0.505736
252.1		0.50788
252.2		0.50788
252.3		0.50788
252.4		0.50788
252.5		0.50788
252.6		0.50788
252.7		0.50788
252.8		0.50788
252.9		0.50788
253		0.50788
253.1		0.508143
253.2		0.508143
253.3		0.508143
253.4		0.508143
253.5		0.508143
253.6		0.508143
253.7		0.508143
253.8		0.508143
253.9		0.508143
254		0.508143
254.1		0.513597
254.2		0.513597
254.3		0.513597
254.4		0.513597
254.5		0.513597
254.6		0.513597
254.7		0.513597
254.8		0.513597
254.9		0.513597
255		0.513597
255.1		0.5145
255.2		0.5145
255.3		0.5145
255.4		0.5145
255.5		0.5145
255.6		0.5145
255.7		0.5145
255.8		0.5145
255.9		0.5145
256		0.5145
256.1		0.516079
256.2		0.516079
256.3		0.516079
256.4		0.516079
256.5		0.516079
256.6		0.516079
256.7		0.516079
256.8		0.516079
256.9		0.516079
257		0.516079
257.1		0.517734
257.2		0.517734
257.3		0.517734
257.4		0.517734
257.5		0.517734
257.6		0.517734
257.7		0.517734
257.8		0.517734
257.9		0.517734
258		0.517734
258.1		0.521458
258.2		0.521458
258.3		0.521458
258.4		0.521458
258.5		0.521458
258.6		0.521458
258.7		0.521458
258.8		0.521458
258.9		0.521458
259		0.521458
259.1		0.522398
259.2		0.522398
259.3		0.522398
259.4		0.522398
259.5		0.522398
259.6		0.522398
259.7		0.522398
259.8		0.522398
259.9		0.522398
260		0.522398
260.1		0.522624
260.2		0.522624
260.3		0.522624
260.4		0.522624
260.5		0.522624
260.6		0.522624
260.7		0.522624
260.8		0.522624
260.9		0.522624
261		0.522624
261.1		0.524881
261.2		0.524881
261.3		0.524881
261.4		0.524881
261.5		0.524881
261.6		0.524881
261.7		0.524881
261.8		0.524881
261.9		0.524881
262		0.524881
262.1		0.529244
262.2		0.529244
262.3		0.529244
262.4		0.529244
262.5		0.529244
262.6		0.529244
262.7		0.529244
262.8		0.529244
262.9		0.529244
263		0.529244
263.1		0.531726
263.2		0.531726
263.3		0.531726
263.4		0.531726
263.5		0.531726
263.6		0.531726
263.7		0.531726
263.8		0.531726
263.9		0.531726
264		0.531726
264.1		0.533268
264.2		0.533268
264.3		0.533268
264.4		0.533268
264.5		0.533268
264.6		0.533268
264.7		0.533268
264.8		0.533268
264.9		0.533268
265		0.533268
265.1		0.535337
265.2		0.535337
265.3		0.535337
265.4		0.535337
265.5		0.535337
265.6		0.535337
265.7		0.535337
265.8		0.535337
265.9		0.535337
266		0.535337
266.1		0.537669
266.2		0.537669
266.3		0.537669
266.4		0.537669
266.5		0.537669
266.6		0.537669
266.7		0.537669
266.8		0.537669
266.9		0.537669
267		0.537669
267.1		0.538872
267.2		0.538872
267.3		0.538872
267.4		0.538872
267.5		0.538872
267.6		0.538872
267.7		0.538872
267.8		0.538872
267.9		0.538872
268		0.538872
268.1		0.540339
268.2		0.540339
268.3		0.540339
268.4		0.540339
268.5		0.540339
268.6		0.540339
268.7		0.540339
268.8		0.540339
268.9		0.540339
269		0.540339
269.1		0.542784
269.2		0.542784
269.3		0.542784
269.4		0.542784
269.5		0.542784
269.6		0.542784
269.7		0.542784
269.8		0.542784
269.9		0.542784
270		0.542784
270.1		0.545078
270.2		0.545078
270.3		0.545078
270.4		0.545078
270.5		0.545078
270.6		0.545078
270.7		0.545078
270.8		0.545078
270.9		0.545078
271		0.545078
271.1		0.545304
271.2		0.545304
271.3		0.545304
271.4		0.545304
271.5		0.545304
271.6		0.545304
271.7		0.545304
271.8		0.545304
271.9		0.545304
272		0.545304
272.1		0.549855
272.2		0.549855
272.3		0.549855
272.4		0.549855
272.5		0.549855
272.6		0.549855
272.7		0.549855
272.8		0.549855
272.9		0.549855
273		0.549855
273.1		0.550231
273.2		0.550231
273.3		0.550231
273.4		0.550231
273.5		0.550231
273.6		0.550231
273.7		0.550231
273.8		0.550231
273.9		0.550231
274		0.550231
274.1		0.551924
274.2		0.551924
274.3		0.551924
274.4		0.551924
274.5		0.551924
274.6		0.551924
274.7		0.551924
274.8		0.551924
274.9		0.551924
275		0.551924
275.1		0.553729
275.2		0.553729
275.3		0.553729
275.4		0.553729
275.5		0.553729
275.6		0.553729
275.7		0.553729
275.8		0.553729
275.9		0.553729
276		0.553729
276.1		0.560086
276.2		0.560086
276.3		0.560086
276.4		0.560086
276.5		0.560086
276.6		0.560086
276.7		0.560086
276.8		0.560086
276.9		0.560086
277		0.560086
277.1		0.561101
277.2		0.561101
277.3		0.561101
277.4		0.561101
277.5		0.561101
277.6		0.561101
277.7		0.561101
277.8		0.561101
277.9		0.561101
278		0.561101
278.1		0.561854
278.2		0.561854
278.3		0.561854
278.4		0.561854
278.5		0.561854
278.6		0.561854
278.7		0.561854
278.8		0.561854
278.9		0.561854
279		0.561854
279.1		0.562117
279.2		0.562117
279.3		0.562117
279.4		0.562117
279.5		0.562117
279.6		0.562117
279.7		0.562117
279.8		0.562117
279.9		0.562117
280		0.562117
280.1		0.567345
280.2		0.567345
280.3		0.567345
280.4		0.567345
280.5		0.567345
280.6		0.567345
280.7		0.567345
280.8		0.567345
280.9		0.567345
281		0.567345
281.1		0.567834
281.2		0.567834
281.3		0.567834
281.4		0.567834
281.5		0.567834
281.6		0.567834
281.7		0.567834
281.8		0.567834
281.9		0.567834
282		0.567834
282.1		0.570692
282.2		0.570692
282.3		0.570692
282.4		0.570692
282.5		0.570692
282.6		0.570692
282.7		0.570692
282.8		0.570692
282.9		0.570692
283		0.570692
283.1		0.571633
283.2		0.571633
283.3		0.571633
283.4		0.571633
283.5		0.571633
283.6		0.571633
283.7		0.571633
283.8		0.571633
283.9		0.571633
284		0.571633
284.1		0.576823
284.2		0.576823
284.3		0.576823
284.4		0.576823
284.5		0.576823
284.6		0.576823
284.7		0.576823
284.8		0.576823
284.9		0.576823
285		0.576823
285.1		0.577613
285.2		0.577613
285.3		0.577613
285.4		0.577613
285.5		0.577613
285.6		0.577613
285.7		0.577613
285.8		0.577613
285.9		0.577613
286		0.577613
286.1		0.578102
286.2		0.578102
286.3		0.578102
286.4		0.578102
286.5		0.578102
286.6		0.578102
286.7		0.578102
286.8		0.578102
286.9		0.578102
287		0.578102
287.1		0.583518
287.2		0.583518
287.3		0.583518
287.4		0.583518
287.5		0.583518
287.6		0.583518
287.7		0.583518
287.8		0.583518
287.9		0.583518
288		0.583518
288.1		0.585098
288.2		0.585098
288.3		0.585098
288.4		0.585098
288.5		0.585098
288.6		0.585098
288.7		0.585098
288.8		0.585098
288.9		0.585098
289		0.585098
289.1		0.586226
289.2		0.586226
289.3		0.586226
289.4		0.586226
289.5		0.586226
289.6		0.586226
289.7		0.586226
289.8		0.586226
289.9		0.586226
290		0.586226
290.1		0.588295
290.2		0.588295
290.3		0.588295
290.4		0.588295
290.5		0.588295
290.6		0.588295
290.7		0.588295
290.8		0.588295
290.9		0.588295
291		0.588295
291.1		0.593185
291.2		0.593185
291.3		0.593185
291.4		0.593185
291.5		0.593185
291.6		0.593185
291.7		0.593185
291.8		0.593185
291.9		0.593185
292		0.593185
292.1		0.595216
292.2		0.595216
292.3		0.595216
292.4		0.595216
292.5		0.595216
292.6		0.595216
292.7		0.595216
292.8		0.595216
292.9		0.595216
293		0.595216
293.1		0.59578
293.2		0.59578
293.3		0.59578
293.4		0.59578
293.5		0.59578
293.6		0.59578
293.7		0.59578
293.8		0.59578
293.9		0.59578
294		0.59578
294.1		0.59578
294.2		0.59578
294.3		0.59578
294.4		0.59578
294.5		0.59578
294.6		0.59578
294.7		0.59578
294.8		0.59578
294.9		0.59578
295		0.59578
295.1		0.597322
295.2		0.597322
295.3		0.597322
295.4		0.597322
295.5		0.597322
295.6		0.597322
295.7		0.597322
295.8		0.597322
295.9		0.597322
296		0.597322
296.1		0.597736
296.2		0.597736
296.3		0.597736
296.4		0.597736
296.5		0.597736
296.6		0.597736
296.7		0.597736
296.8		0.597736
296.9		0.597736
297		0.597736
297.1		0.601835
297.2		0.601835
297.3		0.601835
297.4		0.601835
297.5		0.601835
297.6		0.601835
297.7		0.601835
297.8		0.601835
297.9		0.601835
298		0.601835
298.1		0.603829
298.2		0.603829
298.3		0.603829
298.4		0.603829
298.5		0.603829
298.6		0.603829
298.7		0.603829
298.8		0.603829
298.9		0.603829
299		0.603829
299.1		0.604356
299.2		0.604356
299.3		0.604356
299.4		0.604356
299.5		0.604356
299.6		0.604356
299.7		0.604356
299.8		0.604356
299.9		0.604356
300		0.604356
300.1		0.607665
300.2		0.607665
300.3		0.607665
300.4		0.607665
300.5		0.607665
300.6		0.607665
300.7		0.607665
300.8		0.607665
300.9		0.607665
301		0.607665
301.1		0.609584
301.2		0.609584
301.3		0.609584
301.4		0.609584
301.5		0.609584
301.6		0.609584
301.7		0.609584
301.8		0.609584
301.9		0.609584
302		0.609584
302.1		0.613571
302.2		0.613571
302.3		0.613571
302.4		0.613571
302.5		0.613571
302.6		0.613571
302.7		0.613571
302.8		0.613571
302.9		0.613571
303		0.613571
303.1		0.613683
303.2		0.613683
303.3		0.613683
303.4		0.613683
303.5		0.613683
303.6		0.613683
303.7		0.613683
303.8		0.613683
303.9		0.613683
304		0.613683
304.1		0.614172
304.2		0.614172
304.3		0.614172
304.4		0.614172
304.5		0.614172
304.6		0.614172
304.7		0.614172
304.8		0.614172
304.9		0.614172
305		0.614172
305.1		0.616316
305.2		0.616316
305.3		0.616316
305.4		0.616316
305.5		0.616316
305.6		0.616316
305.7		0.616316
305.8		0.616316
305.9		0.616316
306		0.616316
306.1		0.62004
306.2		0.62004
306.3		0.62004
306.4		0.62004
306.5		0.62004
306.6		0.62004
306.7		0.62004
306.8		0.62004
306.9		0.62004
307		0.62004
307.1		0.622071
307.2		0.622071
307.3		0.622071
307.4		0.622071
307.5		0.622071
307.6		0.622071
307.7		0.622071
307.8		0.622071
307.9		0.622071
308		0.622071
308.1		0.6235
308.2		0.6235
308.3		0.6235
308.4		0.6235
308.5		0.6235
308.6		0.6235
308.7		0.6235
308.8		0.6235
308.9		0.6235
309		0.6235
309.1		0.625569
309.2		0.625569
309.3		0.625569
309.4		0.625569
309.5		0.625569
309.6		0.625569
309.7		0.625569
309.8		0.625569
309.9		0.625569
310		0.625569
310.1		0.626509
310.2		0.626509
310.3		0.626509
310.4		0.626509
310.5		0.626509
310.6		0.626509
310.7		0.626509
310.8		0.626509
310.9		0.626509
311		0.626509
311.1		0.632527
311.2		0.632527
311.3		0.632527
311.4		0.632527
311.5		0.632527
311.6		0.632527
311.7		0.632527
311.8		0.632527
311.9		0.632527
312		0.632527
312.1		0.63264
312.2		0.63264
312.3		0.63264
312.4		0.63264
312.5		0.63264
312.6		0.63264
312.7		0.63264
312.8		0.63264
312.9		0.63264
313		0.63264
313.1		0.63358
313.2		0.63358
313.3		0.63358
313.4		0.63358
313.5		0.63358
313.6		0.63358
313.7		0.63358
313.8		0.63358
313.9		0.63358
314		0.63358
314.1		0.635912
314.2		0.635912
314.3		0.635912
314.4		0.635912
314.5		0.635912
314.6		0.635912
314.7		0.635912
314.8		0.635912
314.9		0.635912
315		0.635912
315.1		0.636627
315.2		0.636627
315.3		0.636627
315.4		0.636627
315.5		0.636627
315.6		0.636627
315.7		0.636627
315.8		0.636627
315.9		0.636627
316		0.636627
316.1		0.643209
316.2		0.643209
316.3		0.643209
316.4		0.643209
316.5		0.643209
316.6		0.643209
316.7		0.643209
316.8		0.643209
316.9		0.643209
317		0.643209
317.1		0.643322
317.2		0.643322
317.3		0.643322
317.4		0.643322
317.5		0.643322
317.6		0.643322
317.7		0.643322
317.8		0.643322
317.9		0.643322
318		0.643322
318.1		0.64445
318.2		0.64445
318.3		0.64445
318.4		0.64445
318.5		0.64445
318.6		0.64445
318.7		0.64445
318.8		0.64445
318.9		0.64445
319		0.64445
319.1		0.649039
319.2		0.649039
319.3		0.649039
319.4		0.649039
319.5		0.649039
319.6		0.649039
319.7		0.649039
319.8		0.649039
319.9		0.649039
320		0.649039
320.1		0.650807
320.2		0.650807
320.3		0.650807
320.4		0.650807
320.5		0.650807
320.6		0.650807
320.7		0.650807
320.8		0.650807
320.9		0.650807
321		0.650807
321.1		0.652838
321.2		0.652838
321.3		0.652838
321.4		0.652838
321.5		0.652838
321.6		0.652838
321.7		0.652838
321.8		0.652838
321.9		0.652838
322		0.652838
322.1		0.653402
322.2		0.653402
322.3		0.653402
322.4		0.653402
322.5		0.653402
322.6		0.653402
322.7		0.653402
322.8		0.653402
322.9		0.653402
323		0.653402
323.1		0.654267
323.2		0.654267
323.3		0.654267
323.4		0.654267
323.5		0.654267
323.6		0.654267
323.7		0.654267
323.8		0.654267
323.9		0.654267
324		0.654267
324.1		0.657577
324.2		0.657577
324.3		0.657577
324.4		0.657577
324.5		0.657577
324.6		0.657577
324.7		0.657577
324.8		0.657577
324.9		0.657577
325		0.657577
325.1		0.659871
325.2		0.659871
325.3		0.659871
325.4		0.659871
325.5		0.659871
325.6		0.659871
325.7		0.659871
325.8		0.659871
325.9		0.659871
326		0.659871
326.1		0.660624
326.2		0.660624
326.3		0.660624
326.4		0.660624
326.5		0.660624
326.6		0.660624
326.7		0.660624
326.8		0.660624
326.9		0.660624
327		0.660624
327.1		0.664347
327.2		0.664347
327.3		0.664347
327.4		0.664347
327.5		0.664347
327.6		0.664347
327.7		0.664347
327.8		0.664347
327.9		0.664347
328		0.664347
328.1		0.667883
328.2		0.667883
328.3		0.667883
328.4		0.667883
328.5		0.667883
328.6		0.667883
328.7		0.667883
328.8		0.667883
328.9		0.667883
329		0.667883
329.1		0.668259
329.2		0.668259
329.3		0.668259
329.4		0.668259
329.5		0.668259
329.6		0.668259
329.7		0.668259
329.8		0.668259
329.9		0.668259
330		0.668259
330.1		0.669237
330.2		0.669237
330.3		0.669237
330.4		0.669237
330.5		0.669237
330.6		0.669237
330.7		0.669237
330.8		0.669237
330.9		0.669237
331		0.669237
331.1		0.671494
331.2		0.671494
331.3		0.671494
331.4		0.671494
331.5		0.671494
331.6		0.671494
331.7		0.671494
331.8		0.671494
331.9		0.671494
332		0.671494
332.1		0.675857
332.2		0.675857
332.3		0.675857
332.4		0.675857
332.5		0.675857
332.6		0.675857
332.7		0.675857
332.8		0.675857
332.9		0.675857
333		0.675857
333.1		0.678565
333.2		0.678565
333.3		0.678565
333.4		0.678565
333.5		0.678565
333.6		0.678565
333.7		0.678565
333.8		0.678565
333.9		0.678565
334		0.678565
334.1		0.679355
334.2		0.679355
334.3		0.679355
334.4		0.679355
334.5		0.679355
334.6		0.679355
334.7		0.679355
334.8		0.679355
334.9		0.679355
335		0.679355
335.1		0.67943
335.2		0.67943
335.3		0.67943
335.4		0.67943
335.5		0.67943
335.6		0.67943
335.7		0.67943
335.8		0.67943
335.9		0.67943
336		0.67943
336.1		0.684282
336.2		0.684282
336.3		0.684282
336.4		0.684282
336.5		0.684282
336.6		0.684282
336.7		0.684282
336.8		0.684282
336.9		0.684282
337		0.684282
337.1		0.685711
337.2		0.685711
337.3		0.685711
337.4		0.685711
337.5		0.685711
337.6		0.685711
337.7		0.685711
337.8		0.685711
337.9		0.685711
338		0.685711
338.1		0.686012
338.2		0.686012
338.3		0.686012
338.4		0.686012
338.5		0.686012
338.6		0.686012
338.7		0.686012
338.8		0.686012
338.9		0.686012
339		0.686012
339.1		0.689397
339.2		0.689397
339.3		0.689397
339.4		0.689397
339.5		0.689397
339.6		0.689397
339.7		0.689397
339.8		0.689397
339.9		0.689397
340		0.689397
340.1		0.69203
340.2		0.69203
340.3		0.69203
340.4		0.69203
340.5		0.69203
340.6		0.69203
340.7		0.69203
340.8		0.69203
340.9		0.69203
341		0.69203
341.1		0.694287
341.2		0.694287
341.3		0.694287
341.4		0.694287
341.5		0.694287
341.6		0.694287
341.7		0.694287
341.8		0.694287
341.9		0.694287
342		0.694287
342.1		0.696054
342.2		0.696054
342.3		0.696054
342.4		0.696054
342.5		0.696054
342.6		0.696054
342.7		0.696054
342.8		0.696054
342.9		0.696054
343		0.696054
343.1		0.697672
343.2		0.697672
343.3		0.697672
343.4		0.697672
343.5		0.697672
343.6		0.697672
343.7		0.697672
343.8		0.697672
343.9		0.697672
344		0.697672
344.1		0.701922
344.2		0.701922
344.3		0.701922
344.4		0.701922
344.5		0.701922
344.6		0.701922
344.7		0.701922
344.8		0.701922
344.9		0.701922
345		0.701922
345.1		0.707677
345.2		0.707677
345.3		0.707677
345.4		0.707677
345.5		0.707677
345.6		0.707677
345.7		0.707677
345.8		0.707677
345.9		0.707677
346		0.707677
346.1		0.708692
346.2		0.708692
346.3		0.708692
346.4		0.708692
346.5		0.708692
346.6		0.708692
346.7		0.708692
346.8		0.708692
346.9		0.708692
347		0.708692
347.1		0.70967
347.2		0.70967
347.3		0.70967
347.4		0.70967
347.5		0.70967
347.6		0.70967
347.7		0.70967
347.8		0.70967
347.9		0.70967
348		0.70967
348.1		0.710761
348.2		0.710761
348.3		0.710761
348.4		0.710761
348.5		0.710761
348.6		0.710761
348.7		0.710761
348.8		0.710761
348.9		0.710761
349		0.710761
349.1		0.715763
349.2		0.715763
349.3		0.715763
349.4		0.715763
349.5		0.715763
349.6		0.715763
349.7		0.715763
349.8		0.715763
349.9		0.715763
350		0.715763
350.1		0.7196
350.2		0.7196
350.3		0.7196
350.4		0.7196
350.5		0.7196
350.6		0.7196
350.7		0.7196
350.8		0.7196
350.9		0.7196
351		0.7196
351.1		0.719788
351.2		0.719788
351.3		0.719788
351.4		0.719788
351.5		0.719788
351.6		0.719788
351.7		0.719788
351.8		0.719788
351.9		0.719788
352		0.719788
352.1		0.719788
352.2		0.719788
352.3		0.719788
352.4		0.719788
352.5		0.719788
352.6		0.719788
352.7		0.719788
352.8		0.719788
352.9		0.719788
353		0.719788
353.1		0.720615
353.2		0.720615
353.3		0.720615
353.4		0.720615
353.5		0.720615
353.6		0.720615
353.7		0.720615
353.8		0.720615
353.9		0.720615
354		0.720615
354.1		0.720803
354.2		0.720803
354.3		0.720803
354.4		0.720803
354.5		0.720803
354.6		0.720803
354.7		0.720803
354.8		0.720803
354.9		0.720803
355		0.720803
355.1		0.725166
355.2		0.725166
355.3		0.725166
355.4		0.725166
355.5		0.725166
355.6		0.725166
355.7		0.725166
355.8		0.725166
355.9		0.725166
356		0.725166
356.1		0.72622
356.2		0.72622
356.3		0.72622
356.4		0.72622
356.5		0.72622
356.6		0.72622
356.7		0.72622
356.8		0.72622
356.9		0.72622
357		0.72622
357.1		0.729906
357.2		0.729906
357.3		0.729906
357.4		0.729906
357.5		0.729906
357.6		0.729906
357.7		0.729906
357.8		0.729906
357.9		0.729906
358		0.729906
358.1		0.729906
358.2		0.729906
358.3		0.729906
358.4		0.729906
358.5		0.729906
358.6		0.729906
358.7		0.729906
358.8		0.729906
358.9		0.729906
359		0.729906
359.1		0.731184
359.2		0.731184
359.3		0.731184
359.4		0.731184
359.5		0.731184
359.6		0.731184
359.7		0.731184
359.8		0.731184
359.9		0.731184
360		0.731184
360.1		0.731861
360.2		0.731861
360.3		0.731861
360.4		0.731861
360.5		0.731861
360.6		0.731861
360.7		0.731861
360.8		0.731861
360.9		0.731861
361		0.731861
361.1		0.736676
361.2		0.736676
361.3		0.736676
361.4		0.736676
361.5		0.736676
361.6		0.736676
361.7		0.736676
361.8		0.736676
361.9		0.736676
362		0.736676
362.1		0.740663
362.2		0.740663
362.3		0.740663
362.4		0.740663
362.5		0.740663
362.6		0.740663
362.7		0.740663
362.8		0.740663
362.9		0.740663
363		0.740663
363.1		0.741829
363.2		0.741829
363.3		0.741829
363.4		0.741829
363.5		0.741829
363.6		0.741829
363.7		0.741829
363.8		0.741829
363.9		0.741829
364		0.741829
364.1		0.742393
364.2		0.742393
364.3		0.742393
364.4		0.742393
364.5		0.742393
364.6		0.742393
364.7		0.742393
364.8		0.742393
364.9		0.742393
365		0.742393
365.1		0.744762
365.2		0.744762
365.3		0.744762
365.4		0.744762
365.5		0.744762
365.6		0.744762
365.7		0.744762
365.8		0.744762
365.9		0.744762
366		0.744762
366.1		0.748524
366.2		0.748524
366.3		0.748524
366.4		0.748524
366.5		0.748524
366.6		0.748524
366.7		0.748524
366.8		0.748524
366.9		0.748524
367		0.748524
367.1		0.750291
367.2		0.750291
367.3		0.750291
367.4		0.750291
367.5		0.750291
367.6		0.750291
367.7		0.750291
367.8		0.750291
367.9		0.750291
368		0.750291
368.1		0.75236
368.2		0.75236
368.3		0.75236
368.4		0.75236
368.5		0.75236
368.6		0.75236
368.7		0.75236
368.8		0.75236
368.9		0.75236
369		0.75236
369.1		0.753
369.2		0.753
369.3		0.753
369.4		0.753
369.5		0.753
369.6		0.753
369.7		0.753
369.8		0.753
369.9		0.753
370		0.753
370.1		0.756949
370.2		0.756949
370.3		0.756949
370.4		0.756949
370.5		0.756949
370.6		0.756949
370.7		0.756949
370.8		0.756949
370.9		0.756949
371		0.756949
371.1		0.757739
371.2		0.757739
371.3		0.757739
371.4		0.757739
371.5		0.757739
371.6		0.757739
371.7		0.757739
371.8		0.757739
371.9		0.757739
372		0.757739
372.1		0.758566
372.2		0.758566
372.3		0.758566
372.4		0.758566
372.5		0.758566
372.6		0.758566
372.7		0.758566
372.8		0.758566
372.9		0.758566
373		0.758566
373.1		0.760861
373.2		0.760861
373.3		0.760861
373.4		0.760861
373.5		0.760861
373.6		0.760861
373.7		0.760861
373.8		0.760861
373.9		0.760861
374		0.760861
374.1		0.76417
374.2		0.76417
374.3		0.76417
374.4		0.76417
374.5		0.76417
374.6		0.76417
374.7		0.76417
374.8		0.76417
374.9		0.76417
375		0.76417
375.1		0.765675
375.2		0.765675
375.3		0.765675
375.4		0.765675
375.5		0.765675
375.6		0.765675
375.7		0.765675
375.8		0.765675
375.9		0.765675
376		0.765675
376.1		0.767179
376.2		0.767179
376.3		0.767179
376.4		0.767179
376.5		0.767179
376.6		0.767179
376.7		0.767179
376.8		0.767179
376.9		0.767179
377		0.767179
377.1		0.768722
377.2		0.768722
377.3		0.768722
377.4		0.768722
377.5		0.768722
377.6		0.768722
377.7		0.768722
377.8		0.768722
377.9		0.768722
378		0.768722
378.1		0.77064
378.2		0.77064
378.3		0.77064
378.4		0.77064
378.5		0.77064
378.6		0.77064
378.7		0.77064
378.8		0.77064
378.9		0.77064
379		0.77064
379.1		0.775642
379.2		0.775642
379.3		0.775642
379.4		0.775642
379.5		0.775642
379.6		0.775642
379.7		0.775642
379.8		0.775642
379.9		0.775642
380		0.775642
380.1		0.776018
380.2		0.776018
380.3		0.776018
380.4		0.776018
380.5		0.776018
380.6		0.776018
380.7		0.776018
380.8		0.776018
380.9		0.776018
381		0.776018
381.1		0.778839
381.2		0.778839
381.3		0.778839
381.4		0.778839
381.5		0.778839
381.6		0.778839
381.7		0.778839
381.8		0.778839
381.9		0.778839
382		0.778839
382.1		0.780344
382.2		0.780344
382.3		0.780344
382.4		0.780344
382.5		0.780344
382.6		0.780344
382.7		0.780344
382.8		0.780344
382.9		0.780344
383		0.780344
383.1		0.781848
383.2		0.781848
383.3		0.781848
383.4		0.781848
383.5		0.781848
383.6		0.781848
383.7		0.781848
383.8		0.781848
383.9		0.781848
384		0.781848
384.1		0.783917
384.2		0.783917
384.3		0.783917
384.4		0.783917
384.5		0.783917
384.6		0.783917
384.7		0.783917
384.8		0.783917
384.9		0.783917
385		0.783917
385.1		0.785534
385.2		0.785534
385.3		0.785534
385.4		0.785534
385.5		0.785534
385.6		0.785534
385.7		0.785534
385.8		0.785534
385.9		0.785534
386		0.785534
386.1		0.788167
386.2		0.788167
386.3		0.788167
386.4		0.788167
386.5		0.788167
386.6		0.788167
386.7		0.788167
386.8		0.788167
386.9		0.788167
387		0.788167
387.1		0.789145
387.2		0.789145
387.3		0.789145
387.4		0.789145
387.5		0.789145
387.6		0.789145
387.7		0.789145
387.8		0.789145
387.9		0.789145
388		0.789145
388.1		0.792154
388.2		0.792154
388.3		0.792154
388.4		0.792154
388.5		0.792154
388.6		0.792154
388.7		0.792154
388.8		0.792154
388.9		0.792154
389		0.792154
389.1		0.794749
389.2		0.794749
389.3		0.794749
389.4		0.794749
389.5		0.794749
389.6		0.794749
389.7		0.794749
389.8		0.794749
389.9		0.794749
390		0.794749
390.1		0.795163
390.2		0.795163
390.3		0.795163
390.4		0.795163
390.5		0.795163
390.6		0.795163
390.7		0.795163
390.8		0.795163
390.9		0.795163
391		0.795163
391.1		0.797533
391.2		0.797533
391.3		0.797533
391.4		0.797533
391.5		0.797533
391.6		0.797533
391.7		0.797533
391.8		0.797533
391.9		0.797533
392		0.797533
392.1		0.80073
392.2		0.80073
392.3		0.80073
392.4		0.80073
392.5		0.80073
392.6		0.80073
392.7		0.80073
392.8		0.80073
392.9		0.80073
393		0.80073
393.1		0.802761
393.2		0.802761
393.3		0.802761
393.4		0.802761
393.5		0.802761
393.6		0.802761
393.7		0.802761
393.8		0.802761
393.9		0.802761
394		0.802761
394.1		0.804115
394.2		0.804115
394.3		0.804115
394.4		0.804115
394.5		0.804115
394.6		0.804115
394.7		0.804115
394.8		0.804115
394.9		0.804115
395		0.804115
395.1		0.80513
395.2		0.80513
395.3		0.80513
395.4		0.80513
395.5		0.80513
395.6		0.80513
395.7		0.80513
395.8		0.80513
395.9		0.80513
396		0.80513
396.1		0.808026
396.2		0.808026
396.3		0.808026
396.4		0.808026
396.5		0.808026
396.6		0.808026
396.7		0.808026
396.8		0.808026
396.9		0.808026
397		0.808026
397.1		0.810697
397.2		0.810697
397.3		0.810697
397.4		0.810697
397.5		0.810697
397.6		0.810697
397.7		0.810697
397.8		0.810697
397.9		0.810697
398		0.810697
398.1		0.812089
398.2		0.812089
398.3		0.812089
398.4		0.812089
398.5		0.812089
398.6		0.812089
398.7		0.812089
398.8		0.812089
398.9		0.812089
399		0.812089
399.1		0.813142
399.2		0.813142
399.3		0.813142
399.4		0.813142
399.5		0.813142
399.6		0.813142
399.7		0.813142
399.8		0.813142
399.9		0.813142
400		0.813142
400.1		0.817655
400.2		0.817655
400.3		0.817655
400.4		0.817655
400.5		0.817655
400.6		0.817655
400.7		0.817655
400.8		0.817655
400.9		0.817655
401		0.817655
401.1		0.819197
401.2		0.819197
401.3		0.819197
401.4		0.819197
401.5		0.819197
401.6		0.819197
401.7		0.819197
401.8		0.819197
401.9		0.819197
402		0.819197
402.1		0.819536
402.2		0.819536
402.3		0.819536
402.4		0.819536
402.5		0.819536
402.6		0.819536
402.7		0.819536
402.8		0.819536
402.9		0.819536
403		0.819536
403.1		0.823109
403.2		0.823109
403.3		0.823109
403.4		0.823109
403.5		0.823109
403.6		0.823109
403.7		0.823109
403.8		0.823109
403.9		0.823109
404		0.823109
404.1		0.824802
404.2		0.824802
404.3		0.824802
404.4		0.824802
404.5		0.824802
404.6		0.824802
404.7		0.824802
404.8		0.824802
404.9		0.824802
405		0.824802
405.1		0.827999
405.2		0.827999
405.3		0.827999
405.4		0.827999
405.5		0.827999
405.6		0.827999
405.7		0.827999
405.8		0.827999
405.9		0.827999
406		0.827999
406.1		0.828488
406.2		0.828488
406.3		0.828488
406.4		0.828488
406.5		0.828488
406.6		0.828488
406.7		0.828488
406.8		0.828488
406.9		0.828488
407		0.828488
407.1		0.82939
407.2		0.82939
407.3		0.82939
407.4		0.82939
407.5		0.82939
407.6		0.82939
407.7		0.82939
407.8		0.82939
407.9		0.82939
408		0.82939
408.1		0.832249
408.2		0.832249
408.3		0.832249
408.4		0.832249
408.5		0.832249
408.6		0.832249
408.7		0.832249
408.8		0.832249
408.9		0.832249
409		0.832249
409.1		0.836311
409.2		0.836311
409.3		0.836311
409.4		0.836311
409.5		0.836311
409.6		0.836311
409.7		0.836311
409.8		0.836311
409.9		0.836311
410		0.836311
410.1		0.837251
410.2		0.837251
410.3		0.837251
410.4		0.837251
410.5		0.837251
410.6		0.837251
410.7		0.837251
410.8		0.837251
410.9		0.837251
411		0.837251
411.1		0.839922
411.2		0.839922
411.3		0.839922
411.4		0.839922
411.5		0.839922
411.6		0.839922
411.7		0.839922
411.8		0.839922
411.9		0.839922
412		0.839922
412.1		0.84278
412.2		0.84278
412.3		0.84278
412.4		0.84278
412.5		0.84278
412.6		0.84278
412.7		0.84278
412.8		0.84278
412.9		0.84278
413		0.84278
413.1		0.844924
413.2		0.844924
413.3		0.844924
413.4		0.844924
413.5		0.844924
413.6		0.844924
413.7		0.844924
413.8		0.844924
413.9		0.844924
414		0.844924
414.1		0.847331
414.2		0.847331
414.3		0.847331
414.4		0.847331
414.5		0.847331
414.6		0.847331
414.7		0.847331
414.8		0.847331
414.9		0.847331
415		0.847331
415.1		0.848573
415.2		0.848573
415.3		0.848573
415.4		0.848573
415.5		0.848573
415.6		0.848573
415.7		0.848573
415.8		0.848573
415.9		0.848573
416		0.848573
416.1		0.848949
416.2		0.848949
416.3		0.848949
416.4		0.848949
416.5		0.848949
416.6		0.848949
416.7		0.848949
416.8		0.848949
416.9		0.848949
417		0.848949
417.1		0.853312
417.2		0.853312
417.3		0.853312
417.4		0.853312
417.5		0.853312
417.6		0.853312
417.7		0.853312
417.8		0.853312
417.9		0.853312
418		0.853312
418.1		0.856321
418.2		0.856321
418.3		0.856321
418.4		0.856321
418.5		0.856321
418.6		0.856321
418.7		0.856321
418.8		0.856321
418.9		0.856321
419		0.856321
419.1		0.857374
419.2		0.857374
419.3		0.857374
419.4		0.857374
419.5		0.857374
419.6		0.857374
419.7		0.857374
419.8		0.857374
419.9		0.857374
420		0.857374
420.1		0.859142
420.2		0.859142
420.3		0.859142
420.4		0.859142
420.5		0.859142
420.6		0.859142
420.7		0.859142
420.8		0.859142
420.9		0.859142
421		0.859142
421.1		0.859856
421.2		0.859856
421.3		0.859856
421.4		0.859856
421.5		0.859856
421.6		0.859856
421.7		0.859856
421.8		0.859856
421.9		0.859856
422		0.859856
422.1		0.865423
422.2		0.865423
422.3		0.865423
422.4		0.865423
422.5		0.865423
422.6		0.865423
422.7		0.865423
422.8		0.865423
422.9		0.865423
423		0.865423
423.1		0.867078
423.2		0.867078
423.3		0.867078
423.4		0.867078
423.5		0.867078
423.6		0.867078
423.7		0.867078
423.8		0.867078
423.9		0.867078
424		0.867078
424.1		0.867567
424.2		0.867567
424.3		0.867567
424.4		0.867567
424.5		0.867567
424.6		0.867567
424.7		0.867567
424.8		0.867567
424.9		0.867567
425		0.867567
425.1		0.868883
425.2		0.868883
425.3		0.868883
425.4		0.868883
425.5		0.868883
425.6		0.868883
425.7		0.868883
425.8		0.868883
425.9		0.868883
426		0.868883
426.1		0.874262
426.2		0.874262
426.3		0.874262
426.4		0.874262
426.5		0.874262
426.6		0.874262
426.7		0.874262
426.8		0.874262
426.9		0.874262
427		0.874262
427.1		0.875503
427.2		0.875503
427.3		0.875503
427.4		0.875503
427.5		0.875503
427.6		0.875503
427.7		0.875503
427.8		0.875503
427.9		0.875503
428		0.875503
428.1		0.876744
428.2		0.876744
428.3		0.876744
428.4		0.876744
428.5		0.876744
428.6		0.876744
428.7		0.876744
428.8		0.876744
428.9		0.876744
429		0.876744
429.1		0.878437
429.2		0.878437
429.3		0.878437
429.4		0.878437
429.5		0.878437
429.6		0.878437
429.7		0.878437
429.8		0.878437
429.9		0.878437
430		0.878437
430.1		0.883289
430.2		0.883289
430.3		0.883289
430.4		0.883289
430.5		0.883289
430.6		0.883289
430.7		0.883289
430.8		0.883289
430.9		0.883289
431		0.883289
431.1		0.884981
431.2		0.884981
431.3		0.884981
431.4		0.884981
431.5		0.884981
431.6		0.884981
431.7		0.884981
431.8		0.884981
431.9		0.884981
432		0.884981
432.1		0.885245
432.2		0.885245
432.3		0.885245
432.4		0.885245
432.5		0.885245
432.6		0.885245
432.7		0.885245
432.8		0.885245
432.9		0.885245
433		0.885245
433.1		0.885546
433.2		0.885546
433.3		0.885546
433.4		0.885546
433.5		0.885546
433.6		0.885546
433.7		0.885546
433.8		0.885546
433.9		0.885546
434		0.885546
434.1		0.891752
434.2		0.891752
434.3		0.891752
434.4		0.891752
434.5		0.891752
434.6		0.891752
434.7		0.891752
434.8		0.891752
434.9		0.891752
435		0.891752
435.1		0.893407
435.2		0.893407
435.3		0.893407
435.4		0.893407
435.5		0.893407
435.6		0.893407
435.7		0.893407
435.8		0.893407
435.9		0.893407
436		0.893407
436.1		0.894836
436.2		0.894836
436.3		0.894836
436.4		0.894836
436.5		0.894836
436.6		0.894836
436.7		0.894836
436.8		0.894836
436.9		0.894836
437		0.894836
437.1		0.89634
437.2		0.89634
437.3		0.89634
437.4		0.89634
437.5		0.89634
437.6		0.89634
437.7		0.89634
437.8		0.89634
437.9		0.89634
438		0.89634
438.1		0.899801
438.2		0.899801
438.3		0.899801
438.4		0.899801
438.5		0.899801
438.6		0.899801
438.7		0.899801
438.8		0.899801
438.9		0.899801
439		0.899801
439.1		0.900816
439.2		0.900816
439.3		0.900816
439.4		0.900816
439.5		0.900816
439.6		0.900816
439.7		0.900816
439.8		0.900816
439.9		0.900816
440		0.900816
440.1		0.901268
440.2		0.901268
440.3		0.901268
440.4		0.901268
440.5		0.901268
440.6		0.901268
440.7		0.901268
440.8		0.901268
440.9		0.901268
441		0.901268
441.1		0.902584
441.2		0.902584
441.3		0.902584
441.4		0.902584
441.5		0.902584
441.6		0.902584
441.7		0.902584
441.8		0.902584
441.9		0.902584
442		0.902584
442.1		0.907812
442.2		0.907812
442.3		0.907812
442.4		0.907812
442.5		0.907812
442.6		0.907812
442.7		0.907812
442.8		0.907812
442.9		0.907812
443		0.907812
443.1		0.909806
443.2		0.909806
443.3		0.909806
443.4		0.909806
443.5		0.909806
443.6		0.909806
443.7		0.909806
443.8		0.909806
443.9		0.909806
444		0.909806
444.1		0.909994
444.2		0.909994
444.3		0.909994
444.4		0.909994
444.5		0.909994
444.6		0.909994
444.7		0.909994
444.8		0.909994
444.9		0.909994
445		0.909994
445.1		0.913717
445.2		0.913717
445.3		0.913717
445.4		0.913717
445.5		0.913717
445.6		0.913717
445.7		0.913717
445.8		0.913717
445.9		0.913717
446		0.913717
446.1		0.914056
446.2		0.914056
446.3		0.914056
446.4		0.914056
446.5		0.914056
446.6		0.914056
446.7		0.914056
446.8		0.914056
446.9		0.914056
447		0.914056
447.1		0.91872
447.2		0.91872
447.3		0.91872
447.4		0.91872
447.5		0.91872
447.6		0.91872
447.7		0.91872
447.8		0.91872
447.9		0.91872
448		0.91872
448.1		0.919246
448.2		0.919246
448.3		0.919246
448.4		0.919246
448.5		0.919246
448.6		0.919246
448.7		0.919246
448.8		0.919246
448.9		0.919246
449		0.919246
449.1		0.922255
449.2		0.922255
449.3		0.922255
449.4		0.922255
449.5		0.922255
449.6		0.922255
449.7		0.922255
449.8		0.922255
449.9		0.922255
450		0.922255
450.1		0.922368
450.2		0.922368
450.3		0.922368
450.4		0.922368
450.5		0.922368
450.6		0.922368
450.7		0.922368
450.8		0.922368
450.9		0.922368
451		0.922368
451.1		0.924738
451.2		0.924738
451.3		0.924738
451.4		0.924738
451.5		0.924738
451.6		0.924738
451.7		0.924738
451.8		0.924738
451.9		0.924738
452		0.924738
452.1		0.929176
452.2		0.929176
452.3		0.929176
452.4		0.929176
452.5		0.929176
452.6		0.929176
452.7		0.929176
452.8		0.929176
452.9		0.929176
453		0.929176
453.1		0.930154
453.2		0.930154
453.3		0.930154
453.4		0.930154
453.5		0.930154
453.6		0.930154
453.7		0.930154
453.8		0.930154
453.9		0.930154
454		0.930154
454.1		0.9329
454.2		0.9329
454.3		0.9329
454.4		0.9329
454.5		0.9329
454.6		0.9329
454.7		0.9329
454.8		0.9329
454.9		0.9329
455		0.9329
455.1		0.933276
455.2		0.933276
455.3		0.933276
455.4		0.933276
455.5		0.933276
455.6		0.933276
455.7		0.933276
455.8		0.933276
455.9		0.933276
456		0.933276
456.1		0.938918
456.2		0.938918
456.3		0.938918
456.4		0.938918
456.5		0.938918
456.6		0.938918
456.7		0.938918
456.8		0.938918
456.9		0.938918
457		0.938918
457.1		0.939406
457.2		0.939406
457.3		0.939406
457.4		0.939406
457.5		0.939406
457.6		0.939406
457.7		0.939406
457.8		0.939406
457.9		0.939406
458		0.939406
458.1		0.939444
458.2		0.939444
458.3		0.939444
458.4		0.939444
458.5		0.939444
458.6		0.939444
458.7		0.939444
458.8		0.939444
458.9		0.939444
459		0.939444
459.1		0.941663
459.2		0.941663
459.3		0.941663
459.4		0.941663
459.5		0.941663
459.6		0.941663
459.7		0.941663
459.8		0.941663
459.9		0.941663
460		0.941663
460.1		0.945011
460.2		0.945011
460.3		0.945011
460.4		0.945011
460.5		0.945011
460.6		0.945011
460.7		0.945011
460.8		0.945011
460.9		0.945011
461		0.945011
461.1		0.946139
461.2		0.946139
461.3		0.946139
461.4		0.946139
461.5		0.946139
461.6		0.946139
461.7		0.946139
461.8		0.946139
461.9		0.946139
462		0.946139
462.1		0.947644
462.2		0.947644
462.3		0.947644
462.4		0.947644
462.5		0.947644
462.6		0.947644
462.7		0.947644
462.8		0.947644
462.9		0.947644
463		0.947644
463.1		0.950164
463.2		0.950164
463.3		0.950164
463.4		0.950164
463.5		0.950164
463.6		0.950164
463.7		0.950164
463.8		0.950164
463.9		0.950164
464		0.950164
464.1		0.954301
464.2		0.954301
464.3		0.954301
464.4		0.954301
464.5		0.954301
464.6		0.954301
464.7		0.954301
464.8		0.954301
464.9		0.954301
465		0.954301
465.1		0.955317
465.2		0.955317
465.3		0.955317
465.4		0.955317
465.5		0.955317
465.6		0.955317
465.7		0.955317
465.8		0.955317
465.9		0.955317
466		0.955317
466.1		0.955994
466.2		0.955994
466.3		0.955994
466.4		0.955994
466.5		0.955994
466.6		0.955994
466.7		0.955994
466.8		0.955994
466.9		0.955994
467		0.955994
467.1		0.958739
467.2		0.958739
467.3		0.958739
467.4		0.958739
467.5		0.958739
467.6		0.958739
467.7		0.958739
467.8		0.958739
467.9		0.958739
468		0.958739
468.1		0.960733
468.2		0.960733
468.3		0.960733
468.4		0.960733
468.5		0.960733
468.6		0.960733
468.7		0.960733
468.8		0.960733
468.9		0.960733
469		0.960733
469.1		0.96566
469.2		0.96566
469.3		0.96566
469.4		0.96566
469.5		0.96566
469.6		0.96566
469.7		0.96566
469.8		0.96566
469.9		0.96566
470		0.96566
470.1		0.966675
470.2		0.966675
470.3		0.966675
470.4		0.966675
470.5		0.966675
470.6		0.966675
470.7		0.966675
470.8		0.966675
470.9		0.966675
471		0.966675
471.1		0.967578
471.2		0.967578
471.3		0.967578
471.4		0.967578
471.5		0.967578
471.6		0.967578
471.7		0.967578
471.8		0.967578
471.9		0.967578
472		0.967578
472.1		0.970173
472.2		0.970173
472.3		0.970173
472.4		0.970173
472.5		0.970173
472.6		0.970173
472.7		0.970173
472.8		0.970173
472.9		0.970173
473		0.970173
473.1		0.97337
473.2		0.97337
473.3		0.97337
473.4		0.97337
473.5		0.97337
473.6		0.97337
473.7		0.97337
473.8		0.97337
473.9		0.97337
474		0.97337
474.1		0.977169
474.2		0.977169
474.3		0.977169
474.4		0.977169
474.5		0.977169
474.6		0.977169
474.7		0.977169
474.8		0.977169
474.9		0.977169
475		0.977169
475.1		0.978185
475.2		0.978185
475.3		0.978185
475.4		0.978185
475.5		0.978185
475.6		0.978185
475.7		0.978185
475.8		0.978185
475.9		0.978185
476		0.978185
476.1		0.980291
476.2		0.980291
476.3		0.980291
476.4		0.980291
476.5		0.980291
476.6		0.980291
476.7		0.980291
476.8		0.980291
476.9		0.980291
477		0.980291
477.1		0.981006
477.2		0.981006
477.3		0.981006
477.4		0.981006
477.5		0.981006
477.6		0.981006
477.7		0.981006
477.8		0.981006
477.9		0.981006
478		0.981006
478.1		0.983676
478.2		0.983676
478.3		0.983676
478.4		0.983676
478.5		0.983676
478.6		0.983676
478.7		0.983676
478.8		0.983676
478.9		0.983676
479		0.983676
479.1		0.985369
479.2		0.985369
479.3		0.985369
479.4		0.985369
479.5		0.985369
479.6		0.985369
479.7		0.985369
479.8		0.985369
479.9		0.985369
480		0.985369
480.1		0.988378
480.2		0.988378
480.3		0.988378
480.4		0.988378
480.5		0.988378
480.6		0.988378
480.7		0.988378
480.8		0.988378
480.9		0.988378
481		0.988378
481.1		0.991801
481.2		0.991801
481.3		0.991801
481.4		0.991801
481.5		0.991801
481.6		0.991801
481.7		0.991801
481.8		0.991801
481.9		0.991801
482		0.991801
482.1		0.993267
482.2		0.993267
482.3		0.993267
482.4		0.993267
482.5		0.993267
482.6		0.993267
482.7		0.993267
482.8		0.993267
482.9		0.993267
483		0.993267
483.1		0.996126
483.2		0.996126
483.3		0.996126
483.4		0.996126
483.5		0.996126
483.6		0.996126
483.7		0.996126
483.8		0.996126
483.9		0.996126
484		0.996126
484.1		0.996841
484.2		0.996841
484.3		0.996841
484.4		0.996841
484.5		0.996841
484.6		0.996841
484.7		0.996841
484.8		0.996841
484.9		0.996841
485		0.996841
485.1		0.997818
485.2		0.997818
485.3		0.997818
485.4		0.997818
485.5		0.997818
485.6		0.997818
485.7		0.997818
485.8		0.997818
485.9		0.997818
486		0.997818
486.1		1
486.2		1
486.3		1
486.4		1
486.5		1
486.6		1
486.7		1
486.8		1
486.9		1
487		1
487.1		1
487.2		1
487.3		1
487.4		1
487.5		1
487.6		1
487.7		1
487.8		1
487.9		1
488		1
488.1		1
488.2		1
488.3		1
488.4		1
488.5		1
488.6		1
488.7		1
488.8		1
488.9		1
489		1
489.1		1
489.2		1
489.3		1
489.4		1
489.5		1
489.6		1
489.7		1
489.8		1
489.9		1
490		1
490.1		1
490.2		1
490.3		1
490.4		1
490.5		1
490.6		1
490.7		1
490.8		1
490.9		1
491		1
491.1		1
491.2		1
491.3		1
491.4		1
491.5		1
491.6		1
491.7		1
491.8		1
491.9		1
492		1
492.1		1
492.2		1
492.3		1
492.4		1
492.5		1
492.6		1
492.7		1
492.8		1
492.9		1
493		1
493.1		1
493.2		1
493.3		1
493.4		1
493.5		1
493.6		1
493.7		1
493.8		1
493.9		1
494		1
494.1		1
494.2		1
494.3		1
494.4		1
494.5		1
494.6		1
494.7		1
494.8		1
494.9		1
495		1
495.1		1
495.2		1
495.3		1
495.4		1
495.5		1
495.6		1
495.7		1
495.8		1
495.9		1
496		1
496.1		1
496.2		1
496.3		1
496.4		1
496.5		1
496.6		1
496.7		1
496.8		1
496.9		1
497		1
497.1		1
497.2		1
497.3		1
497.4		1
497.5		1
497.6		1
497.7		1
497.8		1
497.9		1
498		1
498.1		1
498.2		1
498.3		1
498.4		1
498.5		1
498.6		1
498.7		1
498.8		1
498.9		1
499		1
499.1		1
499.2		1
499.3		1
499.4		1
499.5		1
499.6		1
499.7		1
499.8		1
499.9		1
500		1
500.1		1
500.2		1
500.3		1
500.4		1
500.5		1
500.6		1
500.7		1
500.8		1
500.9		1
501		1
501.1		1
501.2		1
501.3		1
501.4		1
501.5		1
501.6		1
501.7		1
501.8		1
501.9		1
502		1
502.1		1
502.2		1
502.3		1
502.4		1
502.5		1
502.6		1
502.7		1
502.8		1
502.9		1
503		1
503.1		1
503.2		1
503.3		1
503.4		1
503.5		1
503.6		1
503.7		1
503.8		1
503.9		1
504		1
504.1		1
504.2		1
504.3		1
504.4		1
504.5		1
504.6		1
504.7		1
504.8		1
504.9		1
505		1
505.1		1
505.2		1
505.3		1
505.4		1
505.5		1
505.6		1
505.7		1
505.8		1
505.9		1
506		1
506.1		1
506.2		1
506.3		1
506.4		1
506.5		1
506.6		1
506.7		1
506.8		1
506.9		1
507		1
507.1		1
507.2		1
507.3		1
507.4		1
507.5		1
507.6		1
507.7		1
507.8		1
507.9		1
508		1
508.1		1
508.2		1
508.3		1
508.4		1
508.5		1
508.6		1
508.7		1
508.8		1
508.9		1
509		1
509.1		1
509.2		1
509.3		1
509.4		1
509.5		1
509.6		1
509.7		1
509.8		1
509.9		1
510		1
510.1		1
510.2		1
510.3		1
510.4		1
510.5		1
510.6		1
510.7		1
510.8		1
510.9		1
511		1
511.1		1
511.2		1
511.3		1
511.4		1
511.5		1
511.6		1
511.7		1
511.8		1
511.9		1
512		1
512.1		1
512.2		1
512.3		1
512.4		1
512.5		1
512.6		1
512.7		1
512.8		1
512.9		1
513		1
513.1		1
513.2		1
513.3		1
513.4		1
513.5		1
513.6		1
513.7		1
513.8		1
513.9		1
514		1
514.1		1
514.2		1
514.3		1
514.4		1
514.5		1
514.6		1
514.7		1
514.8		1
514.9		1
515		1
515.1		1
515.2		1
515.3		1
515.4		1
515.5		1
515.6		1
515.7		1
515.8		1
515.9		1
516		1
516.1		1
516.2		1
516.3		1
516.4		1
516.5		1
516.6		1
516.7		1
516.8		1
516.9		1
517		1
517.1		1
517.2		1
517.3		1
517.4		1
517.5		1
517.6		1
517.7		1
517.8		1
517.9		1
518		1
518.1		1
518.2		1
518.3		1
518.4		1
518.5		1
518.6		1
518.7		1
518.8		1
518.9		1
519		1
519.1		1
519.2		1
519.3		1
519.4		1
519.5		1
519.6		1
519.7		1
519.8		1
519.9		1
520		1
520.1		1
520.2		1
520.3		1
520.4		1
520.5		1
520.6		1
520.7		1
520.8		1
520.9		1
521		1
521.1		1
521.2		1
521.3		1
521.4		1
521.5		1
521.6		1
521.7		1
521.8		1
521.9		1
522		1
522.1		1
522.2		1
522.3		1
522.4		1
522.5		1
522.6		1
522.7		1
522.8		1
522.9		1
523		1
523.1		1
523.2		1
523.3		1
523.4		1
523.5		1
523.6		1
523.7		1
523.8		1
523.9		1
524		1
524.1		1
524.2		1
524.3		1
524.4		1
524.5		1
524.6		1
524.7		1
524.8		1
524.9		1
525		1
525.1		1
525.2		1
525.3		1
525.4		1
525.5		1
525.6		1
525.7		1
525.8		1
525.9		1
526		1
526.1		1
526.2		1
526.3		1
526.4		1
526.5		1
526.6		1
526.7		1
526.8		1
526.9		1
527		1
527.1		1
527.2		1
527.3		1
527.4		1
527.5		1
527.6		1
527.7		1
527.8		1
527.9		1
528		1
528.1		1
528.2		1
528.3		1
528.4		1
528.5		1
528.6		1
528.7		1
528.8		1
528.9		1
529		1
529.1		1
529.2		1
529.3		1
529.4		1
529.5		1
529.6		1
529.7		1
529.8		1
529.9		1
530		1
530.1		1
530.2		1
530.3		1
530.4		1
530.5		1
530.6		1
530.7		1
530.8		1
530.9		1
531		1
531.1		1
531.2		1
531.3		1
531.4		1
531.5		1
531.6		1
531.7		1
531.8		1
531.9		1
532		1
532.1		1
532.2		1
532.3		1
532.4		1
532.5		1
532.6		1
532.7		1
532.8		1
532.9		1
533		1
533.1		1
533.2		1
533.3		1
533.4		1
533.5		1
533.6		1
533.7		1
533.8		1
533.9		1
534		1
534.1		1
534.2		1
534.3		1
534.4		1
534.5		1
534.6		1
534.7		1
534.8		1
534.9		1
535		1
535.1		1
535.2		1
535.3		1
535.4		1
535.5		1
535.6		1
535.7		1
535.8		1
535.9		1
536		1
536.1		1
536.2		1
536.3		1
536.4		1
536.5		1
536.6		1
536.7		1
536.8		1
536.9		1
537		1
537.1		1
537.2		1
537.3		1
537.4		1
537.5		1
537.6		1
537.7		1
537.8		1
537.9		1
538		1
538.1		1
538.2		1
538.3		1
538.4		1
538.5		1
538.6		1
538.7		1
538.8		1
538.9		1
539		1
539.1		1
539.2		1
539.3		1
539.4		1
539.5		1
539.6		1
539.7		1
539.8		1
539.9		1
540		1
540.1		1
540.2		1
540.3		1
540.4		1
540.5		1
540.6		1
540.7		1
540.8		1
540.9		1
541		1
541.1		1
541.2		1
541.3		1
541.4		1
541.5		1
541.6		1
541.7		1
541.8		1
541.9		1
542		1
542.1		1
542.2		1
542.3		1
542.4		1
542.5		1
542.6		1
542.7		1
542.8		1
542.9		1
543		1
543.1		1
543.2		1
543.3		1
543.4		1
543.5		1
543.6		1
543.7		1
543.8		1
543.9		1
544		1
544.1		1
544.2		1
544.3		1
544.4		1
544.5		1
544.6		1
544.7		1
544.8		1
544.9		1
545		1
545.1		1
545.2		1
545.3		1
545.4		1
545.5		1
545.6		1
545.7		1
545.8		1
545.9		1
546		1
546.1		1
546.2		1
546.3		1
546.4		1
546.5		1
546.6		1
546.7		1
546.8		1
546.9		1
547		1
547.1		1
547.2		1
547.3		1
547.4		1
547.5		1
547.6		1
547.7		1
547.8		1
547.9		1
548		1
548.1		1
548.2		1
548.3		1
548.4		1
548.5		1
548.6		1
548.7		1
548.8		1
548.9		1
549		1
549.1		1
549.2		1
549.3		1
549.4		1
549.5		1
549.6		1
549.7		1
549.8		1
549.9		1
550		1
550.1		1
550.2		1
550.3		1
550.4		1
550.5		1
550.6		1
550.7		1
550.8		1
550.9		1
551		1
551.1		1
551.2		1
551.3		1
551.4		1
551.5		1
551.6		1
551.7		1
551.8		1
551.9		1
552		1
552.1		1
552.2		1
552.3		1
552.4		1
552.5		1
552.6		1
552.7		1
552.8		1
552.9		1
553		1
553.1		1
553.2		1
553.3		1
553.4		1
553.5		1
553.6		1
553.7		1
553.8		1
553.9		1
554		1
554.1		1
554.2		1
554.3		1
554.4		1
554.5		1
554.6		1
554.7		1
554.8		1
554.9		1
555		1
555.1		1
555.2		1
555.3		1
555.4		1
555.5		1
555.6		1
555.7		1
555.8		1
555.9		1
556		1
556.1		1
556.2		1
556.3		1
556.4		1
556.5		1
556.6		1
556.7		1
556.8		1
556.9		1
557		1
557.1		1
557.2		1
557.3		1
557.4		1
557.5		1
557.6		1
557.7		1
557.8		1
557.9		1
558		1
558.1		1
558.2		1
558.3		1
558.4		1
558.5		1
558.6		1
558.7		1
558.8		1
558.9		1
559		1
559.1		1
559.2		1
559.3		1
559.4		1
559.5		1
559.6		1
559.7		1
559.8		1
559.9		1
560		1
560.1		1
560.2		1
560.3		1
560.4		1
560.5		1
560.6		1
560.7		1
560.8		1
560.9		1
561		1
561.1		1
561.2		1
561.3		1
561.4		1
561.5		1
561.6		1
561.7		1
561.8		1
561.9		1
562		1
562.1		1
562.2		1
562.3		1
562.4		1
562.5		1
562.6		1
562.7		1
562.8		1
562.9		1
563		1
563.1		1
563.2		1
563.3		1
563.4		1
563.5		1
563.6		1
563.7		1
563.8		1
563.9		1
564		1
564.1		1
564.2		1
564.3		1
564.4		1
564.5		1
564.6		1
564.7		1
564.8		1
564.9		1
565		1
565.1		1
565.2		1
565.3		1
565.4		1
565.5		1
565.6		1
565.7		1
565.8		1
565.9		1
566		1
566.1		1
566.2		1
566.3		1
566.4		1
566.5		1
566.6		1
566.7		1
566.8		1
566.9		1
567		1
567.1		1
567.2		1
567.3		1
567.4		1
567.5		1
567.6		1
567.7		1
567.8		1
567.9		1
568		1
568.1		1
568.2		1
568.3		1
568.4		1
568.5		1
568.6		1
568.7		1
568.8		1
568.9		1
569		1
569.1		1
569.2		1
569.3		1
569.4		1
569.5		1
569.6		1
569.7		1
569.8		1
569.9		1
570		1
570.1		1
570.2		1
570.3		1
570.4		1
570.5		1
570.6		1
570.7		1
570.8		1
570.9		1
571		1
571.1		1
571.2		1
571.3		1
571.4		1
571.5		1
571.6		1
571.7		1
571.8		1
571.9		1
572		1
572.1		1
572.2		1
572.3		1
572.4		1
572.5		1
572.6		1
572.7		1
572.8		1
572.9		1
573		1
573.1		1
573.2		1
573.3		1
573.4		1
573.5		1
573.6		1
573.7		1
573.8		1
573.9		1
574		1
574.1		1
574.2		1
574.3		1
574.4		1
574.5		1
574.6		1
574.7		1
574.8		1
574.9		1
575		1
575.1		1
575.2		1
575.3		1
575.4		1
575.5		1
575.6		1
575.7		1
575.8		1
575.9		1
576		1
576.1		1
576.2		1
576.3		1
576.4		1
576.5		1
576.6		1
576.7		1
576.8		1
576.9		1
577		1
577.1		1
577.2		1
577.3		1
577.4		1
577.5		1
577.6		1
577.7		1
577.8		1
577.9		1
578		1
578.1		1
578.2		1
578.3		1
578.4		1
578.5		1
578.6		1
578.7		1
578.8		1
578.9		1
579		1
579.1		1
579.2		1
579.3		1
579.4		1
579.5		1
579.6		1
579.7		1
579.8		1
579.9		1
580		1
580.1		1
580.2		1
580.3		1
580.4		1
580.5		1
580.6		1
580.7		1
580.8		1
580.9		1
581		1
581.1		1
581.2		1
581.3		1
581.4		1
581.5		1
581.6		1
581.7		1
581.8		1
581.9		1
582		1
582.1		1
582.2		1
582.3		1
582.4		1
582.5		1
582.6		1
582.7		1
582.8		1
582.9		1
583		1
583.1		1
583.2		1
583.3		1
583.4		1
583.5		1
583.6		1
583.7		1
583.8		1
583.9		1
584		1
584.1		1
584.2		1
584.3		1
584.4		1
584.5		1
584.6		1
584.7		1
584.8		1
584.9		1
585		1
585.1		1
585.2		1
585.3		1
585.4		1
585.5		1
585.6		1
585.7		1
585.8		1
585.9		1
586		1
586.1		1
586.2		1
586.3		1
586.4		1
586.5		1
586.6		1
586.7		1
586.8		1
586.9		1
587		1
587.1		1
587.2		1
587.3		1
587.4		1
587.5		1
587.6		1
587.7		1
587.8		1
587.9		1
588		1
588.1		1
588.2		1
588.3		1
588.4		1
588.5		1
588.6		1
588.7		1
588.8		1
588.9		1
589		1
589.1		1
589.2		1
589.3		1
589.4		1
589.5		1
589.6		1
589.7		1
589.8		1
589.9		1
590		1
590.1		1
590.2		1
590.3		1
590.4		1
590.5		1
590.6		1
590.7		1
590.8		1
590.9		1
591		1
591.1		1
591.2		1
591.3		1
591.4		1
591.5		1
591.6		1
591.7		1
591.8		1
591.9		1
592		1
592.1		1
592.2		1
592.3		1
592.4		1
592.5		1
592.6		1
592.7		1
592.8		1
592.9		1
593		1
593.1		1
593.2		1
593.3		1
593.4		1
593.5		1
593.6		1
593.7		1
593.8		1
593.9		1
594		1
594.1		1
594.2		1
594.3		1
594.4		1
594.5		1
594.6		1
594.7		1
594.8		1
594.9		1
595		1
595.1		1
595.2		1
595.3		1
595.4		1
595.5		1
595.6		1
595.7		1
595.8		1
595.9		1
596		1
596.1		1
596.2		1
596.3		1
596.4		1
596.5		1
596.6		1
596.7		1
596.8		1
596.9		1
597		1
597.1		1
597.2		1
597.3		1
597.4		1
597.5		1
597.6		1
597.7		1
597.8		1
597.9		1
598		1
598.1		1
598.2		1
598.3		1
598.4		1
598.5		1
598.6		1
598.7		1
598.8		1
598.9		1
599		1
599.1		1
599.2		1
599.3		1
599.4		1
599.5		1
599.6		1
599.7		1
599.8		1
599.9		1
600		1
