# Calibration file of tamex_id 0 @ channel 15
# fine_T bin		 Calibration value
0.1		0
0.2		0
0.3		0
0.4		0
0.5		0
0.6		0
0.7		0
0.8		0
0.9		0
1		0
1.1		0
1.2		0
1.3		0
1.4		0
1.5		0
1.6		0
1.7		0
1.8		0
1.9		0
2		0
2.1		0
2.2		0
2.3		0
2.4		0
2.5		0
2.6		0
2.7		0
2.8		0
2.9		0
3		0
3.1		0
3.2		0
3.3		0
3.4		0
3.5		0
3.6		0
3.7		0
3.8		0
3.9		0
4		0
4.1		0
4.2		0
4.3		0
4.4		0
4.5		0
4.6		0
4.7		0
4.8		0
4.9		0
5		0
5.1		0
5.2		0
5.3		0
5.4		0
5.5		0
5.6		0
5.7		0
5.8		0
5.9		0
6		0
6.1		0
6.2		0
6.3		0
6.4		0
6.5		0
6.6		0
6.7		0
6.8		0
6.9		0
7		0
7.1		0
7.2		0
7.3		0
7.4		0
7.5		0
7.6		0
7.7		0
7.8		0
7.9		0
8		0
8.1		0
8.2		0
8.3		0
8.4		0
8.5		0
8.6		0
8.7		0
8.8		0
8.9		0
9		0
9.1		0
9.2		0
9.3		0
9.4		0
9.5		0
9.6		0
9.7		0
9.8		0
9.9		0
10		0
10.1		0
10.2		0
10.3		0
10.4		0
10.5		0
10.6		0
10.7		0
10.8		0
10.9		0
11		0
11.1		0
11.2		0
11.3		0
11.4		0
11.5		0
11.6		0
11.7		0
11.8		0
11.9		0
12		0
12.1		0
12.2		0
12.3		0
12.4		0
12.5		0
12.6		0
12.7		0
12.8		0
12.9		0
13		0
13.1		0
13.2		0
13.3		0
13.4		0
13.5		0
13.6		0
13.7		0
13.8		0
13.9		0
14		0
14.1		0
14.2		0
14.3		0
14.4		0
14.5		0
14.6		0
14.7		0
14.8		0
14.9		0
15		0
15.1		0
15.2		0
15.3		0
15.4		0
15.5		0
15.6		0
15.7		0
15.8		0
15.9		0
16		0
16.1		0.00535997
16.2		0.00535997
16.3		0.00535997
16.4		0.00535997
16.5		0.00535997
16.6		0.00535997
16.7		0.00535997
16.8		0.00535997
16.9		0.00535997
17		0.00535997
17.1		0.00823033
17.2		0.00823033
17.3		0.00823033
17.4		0.00823033
17.5		0.00823033
17.6		0.00823033
17.7		0.00823033
17.8		0.00823033
17.9		0.00823033
18		0.00823033
18.1		0.00937262
18.2		0.00937262
18.3		0.00937262
18.4		0.00937262
18.5		0.00937262
18.6		0.00937262
18.7		0.00937262
18.8		0.00937262
18.9		0.00937262
19		0.00937262
19.1		0.0106906
19.2		0.0106906
19.3		0.0106906
19.4		0.0106906
19.5		0.0106906
19.6		0.0106906
19.7		0.0106906
19.8		0.0106906
19.9		0.0106906
20		0.0106906
20.1		0.0155527
20.2		0.0155527
20.3		0.0155527
20.4		0.0155527
20.5		0.0155527
20.6		0.0155527
20.7		0.0155527
20.8		0.0155527
20.9		0.0155527
21		0.0155527
21.1		0.0203854
21.2		0.0203854
21.3		0.0203854
21.4		0.0203854
21.5		0.0203854
21.6		0.0203854
21.7		0.0203854
21.8		0.0203854
21.9		0.0203854
22		0.0203854
22.1		0.0216742
22.2		0.0216742
22.3		0.0216742
22.4		0.0216742
22.5		0.0216742
22.6		0.0216742
22.7		0.0216742
22.8		0.0216742
22.9		0.0216742
23		0.0216742
23.1		0.02226
23.2		0.02226
23.3		0.02226
23.4		0.02226
23.5		0.02226
23.6		0.02226
23.7		0.02226
23.8		0.02226
23.9		0.02226
24		0.02226
24.1		0.0230508
24.2		0.0230508
24.3		0.0230508
24.4		0.0230508
24.5		0.0230508
24.6		0.0230508
24.7		0.0230508
24.8		0.0230508
24.9		0.0230508
25		0.0230508
25.1		0.0261848
25.2		0.0261848
25.3		0.0261848
25.4		0.0261848
25.5		0.0261848
25.6		0.0261848
25.7		0.0261848
25.8		0.0261848
25.9		0.0261848
26		0.0261848
26.1		0.027327
26.2		0.027327
26.3		0.027327
26.4		0.027327
26.5		0.027327
26.6		0.027327
26.7		0.027327
26.8		0.027327
26.9		0.027327
27		0.027327
27.1		0.0292309
27.2		0.0292309
27.3		0.0292309
27.4		0.0292309
27.5		0.0292309
27.6		0.0292309
27.7		0.0292309
27.8		0.0292309
27.9		0.0292309
28		0.0292309
28.1		0.0325406
28.2		0.0325406
28.3		0.0325406
28.4		0.0325406
28.5		0.0325406
28.6		0.0325406
28.7		0.0325406
28.8		0.0325406
28.9		0.0325406
29		0.0325406
29.1		0.0338586
29.2		0.0338586
29.3		0.0338586
29.4		0.0338586
29.5		0.0338586
29.6		0.0338586
29.7		0.0338586
29.8		0.0338586
29.9		0.0338586
30		0.0338586
30.1		0.0360846
30.2		0.0360846
30.3		0.0360846
30.4		0.0360846
30.5		0.0360846
30.6		0.0360846
30.7		0.0360846
30.8		0.0360846
30.9		0.0360846
31		0.0360846
31.1		0.0363482
31.2		0.0363482
31.3		0.0363482
31.4		0.0363482
31.5		0.0363482
31.6		0.0363482
31.7		0.0363482
31.8		0.0363482
31.9		0.0363482
32		0.0363482
32.1		0.038457
32.2		0.038457
32.3		0.038457
32.4		0.038457
32.5		0.038457
32.6		0.038457
32.7		0.038457
32.8		0.038457
32.9		0.038457
33		0.038457
33.1		0.0401851
33.2		0.0401851
33.3		0.0401851
33.4		0.0401851
33.5		0.0401851
33.6		0.0401851
33.7		0.0401851
33.8		0.0401851
33.9		0.0401851
34		0.0401851
34.1		0.0424111
34.2		0.0424111
34.3		0.0424111
34.4		0.0424111
34.5		0.0424111
34.6		0.0424111
34.7		0.0424111
34.8		0.0424111
34.9		0.0424111
35		0.0424111
35.1		0.0444614
35.2		0.0444614
35.3		0.0444614
35.4		0.0444614
35.5		0.0444614
35.6		0.0444614
35.7		0.0444614
35.8		0.0444614
35.9		0.0444614
36		0.0444614
36.1		0.0463652
36.2		0.0463652
36.3		0.0463652
36.4		0.0463652
36.5		0.0463652
36.6		0.0463652
36.7		0.0463652
36.8		0.0463652
36.9		0.0463652
37		0.0463652
37.1		0.0468924
37.2		0.0468924
37.3		0.0468924
37.4		0.0468924
37.5		0.0468924
37.6		0.0468924
37.7		0.0468924
37.8		0.0468924
37.9		0.0468924
38		0.0468924
38.1		0.0507293
38.2		0.0507293
38.3		0.0507293
38.4		0.0507293
38.5		0.0507293
38.6		0.0507293
38.7		0.0507293
38.8		0.0507293
38.9		0.0507293
39		0.0507293
39.1		0.052018
39.2		0.052018
39.3		0.052018
39.4		0.052018
39.5		0.052018
39.6		0.052018
39.7		0.052018
39.8		0.052018
39.9		0.052018
40		0.052018
40.1		0.054947
40.2		0.054947
40.3		0.054947
40.4		0.054947
40.5		0.054947
40.6		0.054947
40.7		0.054947
40.8		0.054947
40.9		0.054947
41		0.054947
41.1		0.0556499
41.2		0.0556499
41.3		0.0556499
41.4		0.0556499
41.5		0.0556499
41.6		0.0556499
41.7		0.0556499
41.8		0.0556499
41.9		0.0556499
42		0.0556499
42.1		0.0587253
42.2		0.0587253
42.3		0.0587253
42.4		0.0587253
42.5		0.0587253
42.6		0.0587253
42.7		0.0587253
42.8		0.0587253
42.9		0.0587253
43		0.0587253
43.1		0.0592818
43.2		0.0592818
43.3		0.0592818
43.4		0.0592818
43.5		0.0592818
43.6		0.0592818
43.7		0.0592818
43.8		0.0592818
43.9		0.0592818
44		0.0592818
44.1		0.0613028
44.2		0.0613028
44.3		0.0613028
44.4		0.0613028
44.5		0.0613028
44.6		0.0613028
44.7		0.0613028
44.8		0.0613028
44.9		0.0613028
45		0.0613028
45.1		0.0628551
45.2		0.0628551
45.3		0.0628551
45.4		0.0628551
45.5		0.0628551
45.6		0.0628551
45.7		0.0628551
45.8		0.0628551
45.9		0.0628551
46		0.0628551
46.1		0.0667799
46.2		0.0667799
46.3		0.0667799
46.4		0.0667799
46.5		0.0667799
46.6		0.0667799
46.7		0.0667799
46.8		0.0667799
46.9		0.0667799
47		0.0667799
47.1		0.0670142
47.2		0.0670142
47.3		0.0670142
47.4		0.0670142
47.5		0.0670142
47.6		0.0670142
47.7		0.0670142
47.8		0.0670142
47.9		0.0670142
48		0.0670142
48.1		0.0697967
48.2		0.0697967
48.3		0.0697967
48.4		0.0697967
48.5		0.0697967
48.6		0.0697967
48.7		0.0697967
48.8		0.0697967
48.9		0.0697967
49		0.0697967
49.1		0.0712319
49.2		0.0712319
49.3		0.0712319
49.4		0.0712319
49.5		0.0712319
49.6		0.0712319
49.7		0.0712319
49.8		0.0712319
49.9		0.0712319
50		0.0712319
50.1		0.0736629
50.2		0.0736629
50.3		0.0736629
50.4		0.0736629
50.5		0.0736629
50.6		0.0736629
50.7		0.0736629
50.8		0.0736629
50.9		0.0736629
51		0.0736629
51.1		0.0749517
51.2		0.0749517
51.3		0.0749517
51.4		0.0749517
51.5		0.0749517
51.6		0.0749517
51.7		0.0749517
51.8		0.0749517
51.9		0.0749517
52		0.0749517
52.1		0.076709
52.2		0.076709
52.3		0.076709
52.4		0.076709
52.5		0.076709
52.6		0.076709
52.7		0.076709
52.8		0.076709
52.9		0.076709
53		0.076709
53.1		0.0777635
53.2		0.0777635
53.3		0.0777635
53.4		0.0777635
53.5		0.0777635
53.6		0.0777635
53.7		0.0777635
53.8		0.0777635
53.9		0.0777635
54		0.0777635
54.1		0.0793158
54.2		0.0793158
54.3		0.0793158
54.4		0.0793158
54.5		0.0793158
54.6		0.0793158
54.7		0.0793158
54.8		0.0793158
54.9		0.0793158
55		0.0793158
55.1		0.0837971
55.2		0.0837971
55.3		0.0837971
55.4		0.0837971
55.5		0.0837971
55.6		0.0837971
55.7		0.0837971
55.8		0.0837971
55.9		0.0837971
56		0.0837971
56.1		0.0854373
56.2		0.0854373
56.3		0.0854373
56.4		0.0854373
56.5		0.0854373
56.6		0.0854373
56.7		0.0854373
56.8		0.0854373
56.9		0.0854373
57		0.0854373
57.1		0.0863453
57.2		0.0863453
57.3		0.0863453
57.4		0.0863453
57.5		0.0863453
57.6		0.0863453
57.7		0.0863453
57.8		0.0863453
57.9		0.0863453
58		0.0863453
58.1		0.0898893
58.2		0.0898893
58.3		0.0898893
58.4		0.0898893
58.5		0.0898893
58.6		0.0898893
58.7		0.0898893
58.8		0.0898893
58.9		0.0898893
59		0.0898893
59.1		0.0905044
59.2		0.0905044
59.3		0.0905044
59.4		0.0905044
59.5		0.0905044
59.6		0.0905044
59.7		0.0905044
59.8		0.0905044
59.9		0.0905044
60		0.0905044
60.1		0.0939898
60.2		0.0939898
60.3		0.0939898
60.4		0.0939898
60.5		0.0939898
60.6		0.0939898
60.7		0.0939898
60.8		0.0939898
60.9		0.0939898
61		0.0939898
61.1		0.0944877
61.2		0.0944877
61.3		0.0944877
61.4		0.0944877
61.5		0.0944877
61.6		0.0944877
61.7		0.0944877
61.8		0.0944877
61.9		0.0944877
62		0.0944877
62.1		0.0959229
62.2		0.0959229
62.3		0.0959229
62.4		0.0959229
62.5		0.0959229
62.6		0.0959229
62.7		0.0959229
62.8		0.0959229
62.9		0.0959229
63		0.0959229
63.1		0.0988226
63.2		0.0988226
63.3		0.0988226
63.4		0.0988226
63.5		0.0988226
63.6		0.0988226
63.7		0.0988226
63.8		0.0988226
63.9		0.0988226
64		0.0988226
64.1		0.1014
64.2		0.1014
64.3		0.1014
64.4		0.1014
64.5		0.1014
64.6		0.1014
64.7		0.1014
64.8		0.1014
64.9		0.1014
65		0.1014
65.1		0.102015
65.2		0.102015
65.3		0.102015
65.4		0.102015
65.5		0.102015
65.6		0.102015
65.7		0.102015
65.8		0.102015
65.9		0.102015
66		0.102015
66.1		0.105793
66.2		0.105793
66.3		0.105793
66.4		0.105793
66.5		0.105793
66.6		0.105793
66.7		0.105793
66.8		0.105793
66.9		0.105793
67		0.105793
67.1		0.106936
67.2		0.106936
67.3		0.106936
67.4		0.106936
67.5		0.106936
67.6		0.106936
67.7		0.106936
67.8		0.106936
67.9		0.106936
68		0.106936
68.1		0.110216
68.2		0.110216
68.3		0.110216
68.4		0.110216
68.5		0.110216
68.6		0.110216
68.7		0.110216
68.8		0.110216
68.9		0.110216
69		0.110216
69.1		0.111827
69.2		0.111827
69.3		0.111827
69.4		0.111827
69.5		0.111827
69.6		0.111827
69.7		0.111827
69.8		0.111827
69.9		0.111827
70		0.111827
70.1		0.113145
70.2		0.113145
70.3		0.113145
70.4		0.113145
70.5		0.113145
70.6		0.113145
70.7		0.113145
70.8		0.113145
70.9		0.113145
71		0.113145
71.1		0.114375
71.2		0.114375
71.3		0.114375
71.4		0.114375
71.5		0.114375
71.6		0.114375
71.7		0.114375
71.8		0.114375
71.9		0.114375
72		0.114375
72.1		0.119413
72.2		0.119413
72.3		0.119413
72.4		0.119413
72.5		0.119413
72.6		0.119413
72.7		0.119413
72.8		0.119413
72.9		0.119413
73		0.119413
73.1		0.121551
73.2		0.121551
73.3		0.121551
73.4		0.121551
73.5		0.121551
73.6		0.121551
73.7		0.121551
73.8		0.121551
73.9		0.121551
74		0.121551
74.1		0.122225
74.2		0.122225
74.3		0.122225
74.4		0.122225
74.5		0.122225
74.6		0.122225
74.7		0.122225
74.8		0.122225
74.9		0.122225
75		0.122225
75.1		0.124304
75.2		0.124304
75.3		0.124304
75.4		0.124304
75.5		0.124304
75.6		0.124304
75.7		0.124304
75.8		0.124304
75.9		0.124304
76		0.124304
76.1		0.12738
76.2		0.12738
76.3		0.12738
76.4		0.12738
76.5		0.12738
76.6		0.12738
76.7		0.12738
76.8		0.12738
76.9		0.12738
77		0.12738
77.1		0.127995
77.2		0.127995
77.3		0.127995
77.4		0.127995
77.5		0.127995
77.6		0.127995
77.7		0.127995
77.8		0.127995
77.9		0.127995
78		0.127995
78.1		0.130689
78.2		0.130689
78.3		0.130689
78.4		0.130689
78.5		0.130689
78.6		0.130689
78.7		0.130689
78.8		0.130689
78.9		0.130689
79		0.130689
79.1		0.132476
79.2		0.132476
79.3		0.132476
79.4		0.132476
79.5		0.132476
79.6		0.132476
79.7		0.132476
79.8		0.132476
79.9		0.132476
80		0.132476
80.1		0.133062
80.2		0.133062
80.3		0.133062
80.4		0.133062
80.5		0.133062
80.6		0.133062
80.7		0.133062
80.8		0.133062
80.9		0.133062
81		0.133062
81.1		0.136782
81.2		0.136782
81.3		0.136782
81.4		0.136782
81.5		0.136782
81.6		0.136782
81.7		0.136782
81.8		0.136782
81.9		0.136782
82		0.136782
82.1		0.138422
82.2		0.138422
82.3		0.138422
82.4		0.138422
82.5		0.138422
82.6		0.138422
82.7		0.138422
82.8		0.138422
82.9		0.138422
83		0.138422
83.1		0.139652
83.2		0.139652
83.3		0.139652
83.4		0.139652
83.5		0.139652
83.6		0.139652
83.7		0.139652
83.8		0.139652
83.9		0.139652
84		0.139652
84.1		0.1422
84.2		0.1422
84.3		0.1422
84.4		0.1422
84.5		0.1422
84.6		0.1422
84.7		0.1422
84.8		0.1422
84.9		0.1422
85		0.1422
85.1		0.145041
85.2		0.145041
85.3		0.145041
85.4		0.145041
85.5		0.145041
85.6		0.145041
85.7		0.145041
85.8		0.145041
85.9		0.145041
86		0.145041
86.1		0.14551
86.2		0.14551
86.3		0.14551
86.4		0.14551
86.5		0.14551
86.6		0.14551
86.7		0.14551
86.8		0.14551
86.9		0.14551
87		0.14551
87.1		0.145627
87.2		0.145627
87.3		0.145627
87.4		0.145627
87.5		0.145627
87.6		0.145627
87.7		0.145627
87.8		0.145627
87.9		0.145627
88		0.145627
88.1		0.147677
88.2		0.147677
88.3		0.147677
88.4		0.147677
88.5		0.147677
88.6		0.147677
88.7		0.147677
88.8		0.147677
88.9		0.147677
89		0.147677
89.1		0.151778
89.2		0.151778
89.3		0.151778
89.4		0.151778
89.5		0.151778
89.6		0.151778
89.7		0.151778
89.8		0.151778
89.9		0.151778
90		0.151778
90.1		0.151895
90.2		0.151895
90.3		0.151895
90.4		0.151895
90.5		0.151895
90.6		0.151895
90.7		0.151895
90.8		0.151895
90.9		0.151895
91		0.151895
91.1		0.156259
91.2		0.156259
91.3		0.156259
91.4		0.156259
91.5		0.156259
91.6		0.156259
91.7		0.156259
91.8		0.156259
91.9		0.156259
92		0.156259
92.1		0.156728
92.2		0.156728
92.3		0.156728
92.4		0.156728
92.5		0.156728
92.6		0.156728
92.7		0.156728
92.8		0.156728
92.9		0.156728
93		0.156728
93.1		0.158778
93.2		0.158778
93.3		0.158778
93.4		0.158778
93.5		0.158778
93.6		0.158778
93.7		0.158778
93.8		0.158778
93.9		0.158778
94		0.158778
94.1		0.159217
94.2		0.159217
94.3		0.159217
94.4		0.159217
94.5		0.159217
94.6		0.159217
94.7		0.159217
94.8		0.159217
94.9		0.159217
95		0.159217
95.1		0.163494
95.2		0.163494
95.3		0.163494
95.4		0.163494
95.5		0.163494
95.6		0.163494
95.7		0.163494
95.8		0.163494
95.9		0.163494
96		0.163494
96.1		0.166042
96.2		0.166042
96.3		0.166042
96.4		0.166042
96.5		0.166042
96.6		0.166042
96.7		0.166042
96.8		0.166042
96.9		0.166042
97		0.166042
97.1		0.167975
97.2		0.167975
97.3		0.167975
97.4		0.167975
97.5		0.167975
97.6		0.167975
97.7		0.167975
97.8		0.167975
97.9		0.167975
98		0.167975
98.1		0.170787
98.2		0.170787
98.3		0.170787
98.4		0.170787
98.5		0.170787
98.6		0.170787
98.7		0.170787
98.8		0.170787
98.9		0.170787
99		0.170787
99.1		0.17108
99.2		0.17108
99.3		0.17108
99.4		0.17108
99.5		0.17108
99.6		0.17108
99.7		0.17108
99.8		0.17108
99.9		0.17108
100		0.17108
100.1		0.173657
100.2		0.173657
100.3		0.173657
100.4		0.173657
100.5		0.173657
100.6		0.173657
100.7		0.173657
100.8		0.173657
100.9		0.173657
101		0.173657
101.1		0.17849
101.2		0.17849
101.3		0.17849
101.4		0.17849
101.5		0.17849
101.6		0.17849
101.7		0.17849
101.8		0.17849
101.9		0.17849
102		0.17849
102.1		0.178783
102.2		0.178783
102.3		0.178783
102.4		0.178783
102.5		0.178783
102.6		0.178783
102.7		0.178783
102.8		0.178783
102.9		0.178783
103		0.178783
103.1		0.182122
103.2		0.182122
103.3		0.182122
103.4		0.182122
103.5		0.182122
103.6		0.182122
103.7		0.182122
103.8		0.182122
103.9		0.182122
104		0.182122
104.1		0.183733
104.2		0.183733
104.3		0.183733
104.4		0.183733
104.5		0.183733
104.6		0.183733
104.7		0.183733
104.8		0.183733
104.9		0.183733
105		0.183733
105.1		0.184348
105.2		0.184348
105.3		0.184348
105.4		0.184348
105.5		0.184348
105.6		0.184348
105.7		0.184348
105.8		0.184348
105.9		0.184348
106		0.184348
106.1		0.187335
106.2		0.187335
106.3		0.187335
106.4		0.187335
106.5		0.187335
106.6		0.187335
106.7		0.187335
106.8		0.187335
106.9		0.187335
107		0.187335
107.1		0.188741
107.2		0.188741
107.3		0.188741
107.4		0.188741
107.5		0.188741
107.6		0.188741
107.7		0.188741
107.8		0.188741
107.9		0.188741
108		0.188741
108.1		0.191612
108.2		0.191612
108.3		0.191612
108.4		0.191612
108.5		0.191612
108.6		0.191612
108.7		0.191612
108.8		0.191612
108.9		0.191612
109		0.191612
109.1		0.192139
109.2		0.192139
109.3		0.192139
109.4		0.192139
109.5		0.192139
109.6		0.192139
109.7		0.192139
109.8		0.192139
109.9		0.192139
110		0.192139
110.1		0.194687
110.2		0.194687
110.3		0.194687
110.4		0.194687
110.5		0.194687
110.6		0.194687
110.7		0.194687
110.8		0.194687
110.9		0.194687
111		0.194687
111.1		0.197557
111.2		0.197557
111.3		0.197557
111.4		0.197557
111.5		0.197557
111.6		0.197557
111.7		0.197557
111.8		0.197557
111.9		0.197557
112		0.197557
112.1		0.19952
112.2		0.19952
112.3		0.19952
112.4		0.19952
112.5		0.19952
112.6		0.19952
112.7		0.19952
112.8		0.19952
112.9		0.19952
113		0.19952
113.1		0.200369
113.2		0.200369
113.3		0.200369
113.4		0.200369
113.5		0.200369
113.6		0.200369
113.7		0.200369
113.8		0.200369
113.9		0.200369
114		0.200369
114.1		0.204352
114.2		0.204352
114.3		0.204352
114.4		0.204352
114.5		0.204352
114.6		0.204352
114.7		0.204352
114.8		0.204352
114.9		0.204352
115		0.204352
115.1		0.205436
115.2		0.205436
115.3		0.205436
115.4		0.205436
115.5		0.205436
115.6		0.205436
115.7		0.205436
115.8		0.205436
115.9		0.205436
116		0.205436
116.1		0.205641
116.2		0.205641
116.3		0.205641
116.4		0.205641
116.5		0.205641
116.6		0.205641
116.7		0.205641
116.8		0.205641
116.9		0.205641
117		0.205641
117.1		0.208863
117.2		0.208863
117.3		0.208863
117.4		0.208863
117.5		0.208863
117.6		0.208863
117.7		0.208863
117.8		0.208863
117.9		0.208863
118		0.208863
118.1		0.211294
118.2		0.211294
118.3		0.211294
118.4		0.211294
118.5		0.211294
118.6		0.211294
118.7		0.211294
118.8		0.211294
118.9		0.211294
119		0.211294
119.1		0.212905
119.2		0.212905
119.3		0.212905
119.4		0.212905
119.5		0.212905
119.6		0.212905
119.7		0.212905
119.8		0.212905
119.9		0.212905
120		0.212905
120.1		0.213754
120.2		0.213754
120.3		0.213754
120.4		0.213754
120.5		0.213754
120.6		0.213754
120.7		0.213754
120.8		0.213754
120.9		0.213754
121		0.213754
121.1		0.217503
121.2		0.217503
121.3		0.217503
121.4		0.217503
121.5		0.217503
121.6		0.217503
121.7		0.217503
121.8		0.217503
121.9		0.217503
122		0.217503
122.1		0.218089
122.2		0.218089
122.3		0.218089
122.4		0.218089
122.5		0.218089
122.6		0.218089
122.7		0.218089
122.8		0.218089
122.9		0.218089
123		0.218089
123.1		0.220842
123.2		0.220842
123.3		0.220842
123.4		0.220842
123.5		0.220842
123.6		0.220842
123.7		0.220842
123.8		0.220842
123.9		0.220842
124		0.220842
124.1		0.224006
124.2		0.224006
124.3		0.224006
124.4		0.224006
124.5		0.224006
124.6		0.224006
124.7		0.224006
124.8		0.224006
124.9		0.224006
125		0.224006
125.1		0.225089
125.2		0.225089
125.3		0.225089
125.4		0.225089
125.5		0.225089
125.6		0.225089
125.7		0.225089
125.8		0.225089
125.9		0.225089
126		0.225089
126.1		0.227257
126.2		0.227257
126.3		0.227257
126.4		0.227257
126.5		0.227257
126.6		0.227257
126.7		0.227257
126.8		0.227257
126.9		0.227257
127		0.227257
127.1		0.228838
127.2		0.228838
127.3		0.228838
127.4		0.228838
127.5		0.228838
127.6		0.228838
127.7		0.228838
127.8		0.228838
127.9		0.228838
128		0.228838
128.1		0.232382
128.2		0.232382
128.3		0.232382
128.4		0.232382
128.5		0.232382
128.6		0.232382
128.7		0.232382
128.8		0.232382
128.9		0.232382
129		0.232382
129.1		0.232997
129.2		0.232997
129.3		0.232997
129.4		0.232997
129.5		0.232997
129.6		0.232997
129.7		0.232997
129.8		0.232997
129.9		0.232997
130		0.232997
130.1		0.237098
130.2		0.237098
130.3		0.237098
130.4		0.237098
130.5		0.237098
130.6		0.237098
130.7		0.237098
130.8		0.237098
130.9		0.237098
131		0.237098
131.1		0.238826
131.2		0.238826
131.3		0.238826
131.4		0.238826
131.5		0.238826
131.6		0.238826
131.7		0.238826
131.8		0.238826
131.9		0.238826
132		0.238826
132.1		0.23947
132.2		0.23947
132.3		0.23947
132.4		0.23947
132.5		0.23947
132.6		0.23947
132.7		0.23947
132.8		0.23947
132.9		0.23947
133		0.23947
133.1		0.240642
133.2		0.240642
133.3		0.240642
133.4		0.240642
133.5		0.240642
133.6		0.240642
133.7		0.240642
133.8		0.240642
133.9		0.240642
134		0.240642
134.1		0.244215
134.2		0.244215
134.3		0.244215
134.4		0.244215
134.5		0.244215
134.6		0.244215
134.7		0.244215
134.8		0.244215
134.9		0.244215
135		0.244215
135.1		0.245065
135.2		0.245065
135.3		0.245065
135.4		0.245065
135.5		0.245065
135.6		0.245065
135.7		0.245065
135.8		0.245065
135.9		0.245065
136		0.245065
136.1		0.250278
136.2		0.250278
136.3		0.250278
136.4		0.250278
136.5		0.250278
136.6		0.250278
136.7		0.250278
136.8		0.250278
136.9		0.250278
137		0.250278
137.1		0.250366
137.2		0.250366
137.3		0.250366
137.4		0.250366
137.5		0.250366
137.6		0.250366
137.7		0.250366
137.8		0.250366
137.9		0.250366
138		0.250366
138.1		0.251918
138.2		0.251918
138.3		0.251918
138.4		0.251918
138.5		0.251918
138.6		0.251918
138.7		0.251918
138.8		0.251918
138.9		0.251918
139		0.251918
139.1		0.252592
139.2		0.252592
139.3		0.252592
139.4		0.252592
139.5		0.252592
139.6		0.252592
139.7		0.252592
139.8		0.252592
139.9		0.252592
140		0.252592
140.1		0.253324
140.2		0.253324
140.3		0.253324
140.4		0.253324
140.5		0.253324
140.6		0.253324
140.7		0.253324
140.8		0.253324
140.9		0.253324
141		0.253324
141.1		0.259651
141.2		0.259651
141.3		0.259651
141.4		0.259651
141.5		0.259651
141.6		0.259651
141.7		0.259651
141.8		0.259651
141.9		0.259651
142		0.259651
142.1		0.263429
142.2		0.263429
142.3		0.263429
142.4		0.263429
142.5		0.263429
142.6		0.263429
142.7		0.263429
142.8		0.263429
142.9		0.263429
143		0.263429
143.1		0.26381
143.2		0.26381
143.3		0.26381
143.4		0.26381
143.5		0.26381
143.6		0.26381
143.7		0.26381
143.8		0.26381
143.9		0.26381
144		0.26381
144.1		0.264015
144.2		0.264015
144.3		0.264015
144.4		0.264015
144.5		0.264015
144.6		0.264015
144.7		0.264015
144.8		0.264015
144.9		0.264015
145		0.264015
145.1		0.264308
145.2		0.264308
145.3		0.264308
145.4		0.264308
145.5		0.264308
145.6		0.264308
145.7		0.264308
145.8		0.264308
145.9		0.264308
146		0.264308
146.1		0.267325
146.2		0.267325
146.3		0.267325
146.4		0.267325
146.5		0.267325
146.6		0.267325
146.7		0.267325
146.8		0.267325
146.9		0.267325
147		0.267325
147.1		0.269931
147.2		0.269931
147.3		0.269931
147.4		0.269931
147.5		0.269931
147.6		0.269931
147.7		0.269931
147.8		0.269931
147.9		0.269931
148		0.269931
148.1		0.273944
148.2		0.273944
148.3		0.273944
148.4		0.273944
148.5		0.273944
148.6		0.273944
148.7		0.273944
148.8		0.273944
148.9		0.273944
149		0.273944
149.1		0.274852
149.2		0.274852
149.3		0.274852
149.4		0.274852
149.5		0.274852
149.6		0.274852
149.7		0.274852
149.8		0.274852
149.9		0.274852
150		0.274852
150.1		0.277225
150.2		0.277225
150.3		0.277225
150.4		0.277225
150.5		0.277225
150.6		0.277225
150.7		0.277225
150.8		0.277225
150.9		0.277225
151		0.277225
151.1		0.27863
151.2		0.27863
151.3		0.27863
151.4		0.27863
151.5		0.27863
151.6		0.27863
151.7		0.27863
151.8		0.27863
151.9		0.27863
152		0.27863
152.1		0.283024
152.2		0.283024
152.3		0.283024
152.4		0.283024
152.5		0.283024
152.6		0.283024
152.7		0.283024
152.8		0.283024
152.9		0.283024
153		0.283024
153.1		0.285191
153.2		0.285191
153.3		0.285191
153.4		0.285191
153.5		0.285191
153.6		0.285191
153.7		0.285191
153.8		0.285191
153.9		0.285191
154		0.285191
154.1		0.285631
154.2		0.285631
154.3		0.285631
154.4		0.285631
154.5		0.285631
154.6		0.285631
154.7		0.285631
154.8		0.285631
154.9		0.285631
155		0.285631
155.1		0.285631
155.2		0.285631
155.3		0.285631
155.4		0.285631
155.5		0.285631
155.6		0.285631
155.7		0.285631
155.8		0.285631
155.9		0.285631
156		0.285631
156.1		0.288852
156.2		0.288852
156.3		0.288852
156.4		0.288852
156.5		0.288852
156.6		0.288852
156.7		0.288852
156.8		0.288852
156.9		0.288852
157		0.288852
157.1		0.291283
157.2		0.291283
157.3		0.291283
157.4		0.291283
157.5		0.291283
157.6		0.291283
157.7		0.291283
157.8		0.291283
157.9		0.291283
158		0.291283
158.1		0.294681
158.2		0.294681
158.3		0.294681
158.4		0.294681
158.5		0.294681
158.6		0.294681
158.7		0.294681
158.8		0.294681
158.9		0.294681
159		0.294681
159.1		0.296819
159.2		0.296819
159.3		0.296819
159.4		0.296819
159.5		0.296819
159.6		0.296819
159.7		0.296819
159.8		0.296819
159.9		0.296819
160		0.296819
160.1		0.297053
160.2		0.297053
160.3		0.297053
160.4		0.297053
160.5		0.297053
160.6		0.297053
160.7		0.297053
160.8		0.297053
160.9		0.297053
161		0.297053
161.1		0.297405
161.2		0.297405
161.3		0.297405
161.4		0.297405
161.5		0.297405
161.6		0.297405
161.7		0.297405
161.8		0.297405
161.9		0.297405
162		0.297405
162.1		0.302413
162.2		0.302413
162.3		0.302413
162.4		0.302413
162.5		0.302413
162.6		0.302413
162.7		0.302413
162.8		0.302413
162.9		0.302413
163		0.302413
163.1		0.303907
163.2		0.303907
163.3		0.303907
163.4		0.303907
163.5		0.303907
163.6		0.303907
163.7		0.303907
163.8		0.303907
163.9		0.303907
164		0.303907
164.1		0.304552
164.2		0.304552
164.3		0.304552
164.4		0.304552
164.5		0.304552
164.6		0.304552
164.7		0.304552
164.8		0.304552
164.9		0.304552
165		0.304552
165.1		0.308974
165.2		0.308974
165.3		0.308974
165.4		0.308974
165.5		0.308974
165.6		0.308974
165.7		0.308974
165.8		0.308974
165.9		0.308974
166		0.308974
166.1		0.309121
166.2		0.309121
166.3		0.309121
166.4		0.309121
166.5		0.309121
166.6		0.309121
166.7		0.309121
166.8		0.309121
166.9		0.309121
167		0.309121
167.1		0.309326
167.2		0.309326
167.3		0.309326
167.4		0.309326
167.5		0.309326
167.6		0.309326
167.7		0.309326
167.8		0.309326
167.9		0.309326
168		0.309326
168.1		0.313163
168.2		0.313163
168.3		0.313163
168.4		0.313163
168.5		0.313163
168.6		0.313163
168.7		0.313163
168.8		0.313163
168.9		0.313163
169		0.313163
169.1		0.316033
169.2		0.316033
169.3		0.316033
169.4		0.316033
169.5		0.316033
169.6		0.316033
169.7		0.316033
169.8		0.316033
169.9		0.316033
170		0.316033
170.1		0.317849
170.2		0.317849
170.3		0.317849
170.4		0.317849
170.5		0.317849
170.6		0.317849
170.7		0.317849
170.8		0.317849
170.9		0.317849
171		0.317849
171.1		0.31823
171.2		0.31823
171.3		0.31823
171.4		0.31823
171.5		0.31823
171.6		0.31823
171.7		0.31823
171.8		0.31823
171.9		0.31823
172		0.31823
172.1		0.320954
172.2		0.320954
172.3		0.320954
172.4		0.320954
172.5		0.320954
172.6		0.320954
172.7		0.320954
172.8		0.320954
172.9		0.320954
173		0.320954
173.1		0.32151
173.2		0.32151
173.3		0.32151
173.4		0.32151
173.5		0.32151
173.6		0.32151
173.7		0.32151
173.8		0.32151
173.9		0.32151
174		0.32151
174.1		0.325201
174.2		0.325201
174.3		0.325201
174.4		0.325201
174.5		0.325201
174.6		0.325201
174.7		0.325201
174.8		0.325201
174.9		0.325201
175		0.325201
175.1		0.329213
175.2		0.329213
175.3		0.329213
175.4		0.329213
175.5		0.329213
175.6		0.329213
175.7		0.329213
175.8		0.329213
175.9		0.329213
176		0.329213
176.1		0.329565
176.2		0.329565
176.3		0.329565
176.4		0.329565
176.5		0.329565
176.6		0.329565
176.7		0.329565
176.8		0.329565
176.9		0.329565
177		0.329565
177.1		0.329682
177.2		0.329682
177.3		0.329682
177.4		0.329682
177.5		0.329682
177.6		0.329682
177.7		0.329682
177.8		0.329682
177.9		0.329682
178		0.329682
178.1		0.331966
178.2		0.331966
178.3		0.331966
178.4		0.331966
178.5		0.331966
178.6		0.331966
178.7		0.331966
178.8		0.331966
178.9		0.331966
179		0.331966
179.1		0.33223
179.2		0.33223
179.3		0.33223
179.4		0.33223
179.5		0.33223
179.6		0.33223
179.7		0.33223
179.8		0.33223
179.9		0.33223
180		0.33223
180.1		0.336975
180.2		0.336975
180.3		0.336975
180.4		0.336975
180.5		0.336975
180.6		0.336975
180.7		0.336975
180.8		0.336975
180.9		0.336975
181		0.336975
181.1		0.339933
181.2		0.339933
181.3		0.339933
181.4		0.339933
181.5		0.339933
181.6		0.339933
181.7		0.339933
181.8		0.339933
181.9		0.339933
182		0.339933
182.1		0.341398
182.2		0.341398
182.3		0.341398
182.4		0.341398
182.5		0.341398
182.6		0.341398
182.7		0.341398
182.8		0.341398
182.9		0.341398
183		0.341398
183.1		0.342657
183.2		0.342657
183.3		0.342657
183.4		0.342657
183.5		0.342657
183.6		0.342657
183.7		0.342657
183.8		0.342657
183.9		0.342657
184		0.342657
184.1		0.344268
184.2		0.344268
184.3		0.344268
184.4		0.344268
184.5		0.344268
184.6		0.344268
184.7		0.344268
184.8		0.344268
184.9		0.344268
185		0.344268
185.1		0.344444
185.2		0.344444
185.3		0.344444
185.4		0.344444
185.5		0.344444
185.6		0.344444
185.7		0.344444
185.8		0.344444
185.9		0.344444
186		0.344444
186.1		0.34749
186.2		0.34749
186.3		0.34749
186.4		0.34749
186.5		0.34749
186.6		0.34749
186.7		0.34749
186.8		0.34749
186.9		0.34749
187		0.34749
187.1		0.352293
187.2		0.352293
187.3		0.352293
187.4		0.352293
187.5		0.352293
187.6		0.352293
187.7		0.352293
187.8		0.352293
187.9		0.352293
188		0.352293
188.1		0.354578
188.2		0.354578
188.3		0.354578
188.4		0.354578
188.5		0.354578
188.6		0.354578
188.7		0.354578
188.8		0.354578
188.9		0.354578
189		0.354578
189.1		0.356511
189.2		0.356511
189.3		0.356511
189.4		0.356511
189.5		0.356511
189.6		0.356511
189.7		0.356511
189.8		0.356511
189.9		0.356511
190		0.356511
190.1		0.357185
190.2		0.357185
190.3		0.357185
190.4		0.357185
190.5		0.357185
190.6		0.357185
190.7		0.357185
190.8		0.357185
190.9		0.357185
191		0.357185
191.1		0.357829
191.2		0.357829
191.3		0.357829
191.4		0.357829
191.5		0.357829
191.6		0.357829
191.7		0.357829
191.8		0.357829
191.9		0.357829
192		0.357829
192.1		0.364624
192.2		0.364624
192.3		0.364624
192.4		0.364624
192.5		0.364624
192.6		0.364624
192.7		0.364624
192.8		0.364624
192.9		0.364624
193		0.364624
193.1		0.365269
193.2		0.365269
193.3		0.365269
193.4		0.365269
193.5		0.365269
193.6		0.365269
193.7		0.365269
193.8		0.365269
193.9		0.365269
194		0.365269
194.1		0.365503
194.2		0.365503
194.3		0.365503
194.4		0.365503
194.5		0.365503
194.6		0.365503
194.7		0.365503
194.8		0.365503
194.9		0.365503
195		0.365503
195.1		0.368227
195.2		0.368227
195.3		0.368227
195.4		0.368227
195.5		0.368227
195.6		0.368227
195.7		0.368227
195.8		0.368227
195.9		0.368227
196		0.368227
196.1		0.368871
196.2		0.368871
196.3		0.368871
196.4		0.368871
196.5		0.368871
196.6		0.368871
196.7		0.368871
196.8		0.368871
196.9		0.368871
197		0.368871
197.1		0.36934
197.2		0.36934
197.3		0.36934
197.4		0.36934
197.5		0.36934
197.6		0.36934
197.7		0.36934
197.8		0.36934
197.9		0.36934
198		0.36934
198.1		0.377717
198.2		0.377717
198.3		0.377717
198.4		0.377717
198.5		0.377717
198.6		0.377717
198.7		0.377717
198.8		0.377717
198.9		0.377717
199		0.377717
199.1		0.377775
199.2		0.377775
199.3		0.377775
199.4		0.377775
199.5		0.377775
199.6		0.377775
199.7		0.377775
199.8		0.377775
199.9		0.377775
200		0.377775
200.1		0.377892
200.2		0.377892
200.3		0.377892
200.4		0.377892
200.5		0.377892
200.6		0.377892
200.7		0.377892
200.8		0.377892
200.9		0.377892
201		0.377892
201.1		0.381114
201.2		0.381114
201.3		0.381114
201.4		0.381114
201.5		0.381114
201.6		0.381114
201.7		0.381114
201.8		0.381114
201.9		0.381114
202		0.381114
202.1		0.382227
202.2		0.382227
202.3		0.382227
202.4		0.382227
202.5		0.382227
202.6		0.382227
202.7		0.382227
202.8		0.382227
202.9		0.382227
203		0.382227
203.1		0.382549
203.2		0.382549
203.3		0.382549
203.4		0.382549
203.5		0.382549
203.6		0.382549
203.7		0.382549
203.8		0.382549
203.9		0.382549
204		0.382549
204.1		0.386064
204.2		0.386064
204.3		0.386064
204.4		0.386064
204.5		0.386064
204.6		0.386064
204.7		0.386064
204.8		0.386064
204.9		0.386064
205		0.386064
205.1		0.387909
205.2		0.387909
205.3		0.387909
205.4		0.387909
205.5		0.387909
205.6		0.387909
205.7		0.387909
205.8		0.387909
205.9		0.387909
206		0.387909
206.1		0.389696
206.2		0.389696
206.3		0.389696
206.4		0.389696
206.5		0.389696
206.6		0.389696
206.7		0.389696
206.8		0.389696
206.9		0.389696
207		0.389696
207.1		0.391834
207.2		0.391834
207.3		0.391834
207.4		0.391834
207.5		0.391834
207.6		0.391834
207.7		0.391834
207.8		0.391834
207.9		0.391834
208		0.391834
208.1		0.394324
208.2		0.394324
208.3		0.394324
208.4		0.394324
208.5		0.394324
208.6		0.394324
208.7		0.394324
208.8		0.394324
208.9		0.394324
209		0.394324
209.1		0.39529
209.2		0.39529
209.3		0.39529
209.4		0.39529
209.5		0.39529
209.6		0.39529
209.7		0.39529
209.8		0.39529
209.9		0.39529
210		0.39529
210.1		0.397809
210.2		0.397809
210.3		0.397809
210.4		0.397809
210.5		0.397809
210.6		0.397809
210.7		0.397809
210.8		0.397809
210.9		0.397809
211		0.397809
211.1		0.398629
211.2		0.398629
211.3		0.398629
211.4		0.398629
211.5		0.398629
211.6		0.398629
211.7		0.398629
211.8		0.398629
211.9		0.398629
212		0.398629
212.1		0.401207
212.2		0.401207
212.3		0.401207
212.4		0.401207
212.5		0.401207
212.6		0.401207
212.7		0.401207
212.8		0.401207
212.9		0.401207
213		0.401207
213.1		0.40147
213.2		0.40147
213.3		0.40147
213.4		0.40147
213.5		0.40147
213.6		0.40147
213.7		0.40147
213.8		0.40147
213.9		0.40147
214		0.40147
214.1		0.406977
214.2		0.406977
214.3		0.406977
214.4		0.406977
214.5		0.406977
214.6		0.406977
214.7		0.406977
214.8		0.406977
214.9		0.406977
215		0.406977
215.1		0.407328
215.2		0.407328
215.3		0.407328
215.4		0.407328
215.5		0.407328
215.6		0.407328
215.7		0.407328
215.8		0.407328
215.9		0.407328
216		0.407328
216.1		0.407416
216.2		0.407416
216.3		0.407416
216.4		0.407416
216.5		0.407416
216.6		0.407416
216.7		0.407416
216.8		0.407416
216.9		0.407416
217		0.407416
217.1		0.408881
217.2		0.408881
217.3		0.408881
217.4		0.408881
217.5		0.408881
217.6		0.408881
217.7		0.408881
217.8		0.408881
217.9		0.408881
218		0.408881
218.1		0.414387
218.2		0.414387
218.3		0.414387
218.4		0.414387
218.5		0.414387
218.6		0.414387
218.7		0.414387
218.8		0.414387
218.9		0.414387
219		0.414387
219.1		0.414797
219.2		0.414797
219.3		0.414797
219.4		0.414797
219.5		0.414797
219.6		0.414797
219.7		0.414797
219.8		0.414797
219.9		0.414797
220		0.414797
220.1		0.418048
220.2		0.418048
220.3		0.418048
220.4		0.418048
220.5		0.418048
220.6		0.418048
220.7		0.418048
220.8		0.418048
220.9		0.418048
221		0.418048
221.1		0.418927
221.2		0.418927
221.3		0.418927
221.4		0.418927
221.5		0.418927
221.6		0.418927
221.7		0.418927
221.8		0.418927
221.9		0.418927
222		0.418927
222.1		0.421709
222.2		0.421709
222.3		0.421709
222.4		0.421709
222.5		0.421709
222.6		0.421709
222.7		0.421709
222.8		0.421709
222.9		0.421709
223		0.421709
223.1		0.422559
223.2		0.422559
223.3		0.422559
223.4		0.422559
223.5		0.422559
223.6		0.422559
223.7		0.422559
223.8		0.422559
223.9		0.422559
224		0.422559
224.1		0.42458
224.2		0.42458
224.3		0.42458
224.4		0.42458
224.5		0.42458
224.6		0.42458
224.7		0.42458
224.8		0.42458
224.9		0.42458
225		0.42458
225.1		0.426894
225.2		0.426894
225.3		0.426894
225.4		0.426894
225.5		0.426894
225.6		0.426894
225.7		0.426894
225.8		0.426894
225.9		0.426894
226		0.426894
226.1		0.430525
226.2		0.430525
226.3		0.430525
226.4		0.430525
226.5		0.430525
226.6		0.430525
226.7		0.430525
226.8		0.430525
226.9		0.430525
227		0.430525
227.1		0.431668
227.2		0.431668
227.3		0.431668
227.4		0.431668
227.5		0.431668
227.6		0.431668
227.7		0.431668
227.8		0.431668
227.9		0.431668
228		0.431668
228.1		0.433074
228.2		0.433074
228.3		0.433074
228.4		0.433074
228.5		0.433074
228.6		0.433074
228.7		0.433074
228.8		0.433074
228.9		0.433074
229		0.433074
229.1		0.433835
229.2		0.433835
229.3		0.433835
229.4		0.433835
229.5		0.433835
229.6		0.433835
229.7		0.433835
229.8		0.433835
229.9		0.433835
230		0.433835
230.1		0.437086
230.2		0.437086
230.3		0.437086
230.4		0.437086
230.5		0.437086
230.6		0.437086
230.7		0.437086
230.8		0.437086
230.9		0.437086
231		0.437086
231.1		0.44104
231.2		0.44104
231.3		0.44104
231.4		0.44104
231.5		0.44104
231.6		0.44104
231.7		0.44104
231.8		0.44104
231.9		0.44104
232		0.44104
232.1		0.441304
232.2		0.441304
232.3		0.441304
232.4		0.441304
232.5		0.441304
232.6		0.441304
232.7		0.441304
232.8		0.441304
232.9		0.441304
233		0.441304
233.1		0.444731
233.2		0.444731
233.3		0.444731
233.4		0.444731
233.5		0.444731
233.6		0.444731
233.7		0.444731
233.8		0.444731
233.9		0.444731
234		0.444731
234.1		0.445199
234.2		0.445199
234.3		0.445199
234.4		0.445199
234.5		0.445199
234.6		0.445199
234.7		0.445199
234.8		0.445199
234.9		0.445199
235		0.445199
235.1		0.448363
235.2		0.448363
235.3		0.448363
235.4		0.448363
235.5		0.448363
235.6		0.448363
235.7		0.448363
235.8		0.448363
235.9		0.448363
236		0.448363
236.1		0.449388
236.2		0.449388
236.3		0.449388
236.4		0.449388
236.5		0.449388
236.6		0.449388
236.7		0.449388
236.8		0.449388
236.9		0.449388
237		0.449388
237.1		0.453547
237.2		0.453547
237.3		0.453547
237.4		0.453547
237.5		0.453547
237.6		0.453547
237.7		0.453547
237.8		0.453547
237.9		0.453547
238		0.453547
238.1		0.456739
238.2		0.456739
238.3		0.456739
238.4		0.456739
238.5		0.456739
238.6		0.456739
238.7		0.456739
238.8		0.456739
238.9		0.456739
239		0.456739
239.1		0.456886
239.2		0.456886
239.3		0.456886
239.4		0.456886
239.5		0.456886
239.6		0.456886
239.7		0.456886
239.8		0.456886
239.9		0.456886
240		0.456886
240.1		0.458292
240.2		0.458292
240.3		0.458292
240.4		0.458292
240.5		0.458292
240.6		0.458292
240.7		0.458292
240.8		0.458292
240.9		0.458292
241		0.458292
241.1		0.459346
241.2		0.459346
241.3		0.459346
241.4		0.459346
241.5		0.459346
241.6		0.459346
241.7		0.459346
241.8		0.459346
241.9		0.459346
242		0.459346
242.1		0.461104
242.2		0.461104
242.3		0.461104
242.4		0.461104
242.5		0.461104
242.6		0.461104
242.7		0.461104
242.8		0.461104
242.9		0.461104
243		0.461104
243.1		0.464325
243.2		0.464325
243.3		0.464325
243.4		0.464325
243.5		0.464325
243.6		0.464325
243.7		0.464325
243.8		0.464325
243.9		0.464325
244		0.464325
244.1		0.465673
244.2		0.465673
244.3		0.465673
244.4		0.465673
244.5		0.465673
244.6		0.465673
244.7		0.465673
244.8		0.465673
244.9		0.465673
245		0.465673
245.1		0.467284
245.2		0.467284
245.3		0.467284
245.4		0.467284
245.5		0.467284
245.6		0.467284
245.7		0.467284
245.8		0.467284
245.9		0.467284
246		0.467284
246.1		0.471501
246.2		0.471501
246.3		0.471501
246.4		0.471501
246.5		0.471501
246.6		0.471501
246.7		0.471501
246.8		0.471501
246.9		0.471501
247		0.471501
247.1		0.474723
247.2		0.474723
247.3		0.474723
247.4		0.474723
247.5		0.474723
247.6		0.474723
247.7		0.474723
247.8		0.474723
247.9		0.474723
248		0.474723
248.1		0.476686
248.2		0.476686
248.3		0.476686
248.4		0.476686
248.5		0.476686
248.6		0.476686
248.7		0.476686
248.8		0.476686
248.9		0.476686
249		0.476686
249.1		0.476979
249.2		0.476979
249.3		0.476979
249.4		0.476979
249.5		0.476979
249.6		0.476979
249.7		0.476979
249.8		0.476979
249.9		0.476979
250		0.476979
250.1		0.477359
250.2		0.477359
250.3		0.477359
250.4		0.477359
250.5		0.477359
250.6		0.477359
250.7		0.477359
250.8		0.477359
250.9		0.477359
251		0.477359
251.1		0.477594
251.2		0.477594
251.3		0.477594
251.4		0.477594
251.5		0.477594
251.6		0.477594
251.7		0.477594
251.8		0.477594
251.9		0.477594
252		0.477594
252.1		0.482485
252.2		0.482485
252.3		0.482485
252.4		0.482485
252.5		0.482485
252.6		0.482485
252.7		0.482485
252.8		0.482485
252.9		0.482485
253		0.482485
253.1		0.486
253.2		0.486
253.3		0.486
253.4		0.486
253.5		0.486
253.6		0.486
253.7		0.486
253.8		0.486
253.9		0.486
254		0.486
254.1		0.486293
254.2		0.486293
254.3		0.486293
254.4		0.486293
254.5		0.486293
254.6		0.486293
254.7		0.486293
254.8		0.486293
254.9		0.486293
255		0.486293
255.1		0.486439
255.2		0.486439
255.3		0.486439
255.4		0.486439
255.5		0.486439
255.6		0.486439
255.7		0.486439
255.8		0.486439
255.9		0.486439
256		0.486439
256.1		0.486908
256.2		0.486908
256.3		0.486908
256.4		0.486908
256.5		0.486908
256.6		0.486908
256.7		0.486908
256.8		0.486908
256.9		0.486908
257		0.486908
257.1		0.490569
257.2		0.490569
257.3		0.490569
257.4		0.490569
257.5		0.490569
257.6		0.490569
257.7		0.490569
257.8		0.490569
257.9		0.490569
258		0.490569
258.1		0.493791
258.2		0.493791
258.3		0.493791
258.4		0.493791
258.5		0.493791
258.6		0.493791
258.7		0.493791
258.8		0.493791
258.9		0.493791
259		0.493791
259.1		0.497042
259.2		0.497042
259.3		0.497042
259.4		0.497042
259.5		0.497042
259.6		0.497042
259.7		0.497042
259.8		0.497042
259.9		0.497042
260		0.497042
260.1		0.497423
260.2		0.497423
260.3		0.497423
260.4		0.497423
260.5		0.497423
260.6		0.497423
260.7		0.497423
260.8		0.497423
260.9		0.497423
261		0.497423
261.1		0.501259
261.2		0.501259
261.3		0.501259
261.4		0.501259
261.5		0.501259
261.6		0.501259
261.7		0.501259
261.8		0.501259
261.9		0.501259
262		0.501259
262.1		0.502607
262.2		0.502607
262.3		0.502607
262.4		0.502607
262.5		0.502607
262.6		0.502607
262.7		0.502607
262.8		0.502607
262.9		0.502607
263		0.502607
263.1		0.503661
263.2		0.503661
263.3		0.503661
263.4		0.503661
263.5		0.503661
263.6		0.503661
263.7		0.503661
263.8		0.503661
263.9		0.503661
264		0.503661
264.1		0.505301
264.2		0.505301
264.3		0.505301
264.4		0.505301
264.5		0.505301
264.6		0.505301
264.7		0.505301
264.8		0.505301
264.9		0.505301
265		0.505301
265.1		0.511071
265.2		0.511071
265.3		0.511071
265.4		0.511071
265.5		0.511071
265.6		0.511071
265.7		0.511071
265.8		0.511071
265.9		0.511071
266		0.511071
266.1		0.511628
266.2		0.511628
266.3		0.511628
266.4		0.511628
266.5		0.511628
266.6		0.511628
266.7		0.511628
266.8		0.511628
266.9		0.511628
267		0.511628
267.1		0.511979
267.2		0.511979
267.3		0.511979
267.4		0.511979
267.5		0.511979
267.6		0.511979
267.7		0.511979
267.8		0.511979
267.9		0.511979
268		0.511979
268.1		0.512184
268.2		0.512184
268.3		0.512184
268.4		0.512184
268.5		0.512184
268.6		0.512184
268.7		0.512184
268.8		0.512184
268.9		0.512184
269		0.512184
269.1		0.516959
269.2		0.516959
269.3		0.516959
269.4		0.516959
269.5		0.516959
269.6		0.516959
269.7		0.516959
269.8		0.516959
269.9		0.516959
270		0.516959
270.1		0.52062
270.2		0.52062
270.3		0.52062
270.4		0.52062
270.5		0.52062
270.6		0.52062
270.7		0.52062
270.8		0.52062
270.9		0.52062
271		0.52062
271.1		0.52144
271.2		0.52144
271.3		0.52144
271.4		0.52144
271.5		0.52144
271.6		0.52144
271.7		0.52144
271.8		0.52144
271.9		0.52144
272		0.52144
272.1		0.522494
272.2		0.522494
272.3		0.522494
272.4		0.522494
272.5		0.522494
272.6		0.522494
272.7		0.522494
272.8		0.522494
272.9		0.522494
273		0.522494
273.1		0.522963
273.2		0.522963
273.3		0.522963
273.4		0.522963
273.5		0.522963
273.6		0.522963
273.7		0.522963
273.8		0.522963
273.9		0.522963
274		0.522963
274.1		0.528118
274.2		0.528118
274.3		0.528118
274.4		0.528118
274.5		0.528118
274.6		0.528118
274.7		0.528118
274.8		0.528118
274.9		0.528118
275		0.528118
275.1		0.52885
275.2		0.52885
275.3		0.52885
275.4		0.52885
275.5		0.52885
275.6		0.52885
275.7		0.52885
275.8		0.52885
275.9		0.52885
276		0.52885
276.1		0.532043
276.2		0.532043
276.3		0.532043
276.4		0.532043
276.5		0.532043
276.6		0.532043
276.7		0.532043
276.8		0.532043
276.9		0.532043
277		0.532043
277.1		0.533331
277.2		0.533331
277.3		0.533331
277.4		0.533331
277.5		0.533331
277.6		0.533331
277.7		0.533331
277.8		0.533331
277.9		0.533331
278		0.533331
278.1		0.536583
278.2		0.536583
278.3		0.536583
278.4		0.536583
278.5		0.536583
278.6		0.536583
278.7		0.536583
278.8		0.536583
278.9		0.536583
279		0.536583
279.1		0.537461
279.2		0.537461
279.3		0.537461
279.4		0.537461
279.5		0.537461
279.6		0.537461
279.7		0.537461
279.8		0.537461
279.9		0.537461
280		0.537461
280.1		0.538252
280.2		0.538252
280.3		0.538252
280.4		0.538252
280.5		0.538252
280.6		0.538252
280.7		0.538252
280.8		0.538252
280.9		0.538252
281		0.538252
281.1		0.540039
281.2		0.540039
281.3		0.540039
281.4		0.540039
281.5		0.540039
281.6		0.540039
281.7		0.540039
281.8		0.540039
281.9		0.540039
282		0.540039
282.1		0.544871
282.2		0.544871
282.3		0.544871
282.4		0.544871
282.5		0.544871
282.6		0.544871
282.7		0.544871
282.8		0.544871
282.9		0.544871
283		0.544871
283.1		0.546805
283.2		0.546805
283.3		0.546805
283.4		0.546805
283.5		0.546805
283.6		0.546805
283.7		0.546805
283.8		0.546805
283.9		0.546805
284		0.546805
284.1		0.550144
284.2		0.550144
284.3		0.550144
284.4		0.550144
284.5		0.550144
284.6		0.550144
284.7		0.550144
284.8		0.550144
284.9		0.550144
285		0.550144
285.1		0.55442
285.2		0.55442
285.3		0.55442
285.4		0.55442
285.5		0.55442
285.6		0.55442
285.7		0.55442
285.8		0.55442
285.9		0.55442
286		0.55442
286.1		0.554478
286.2		0.554478
286.3		0.554478
286.4		0.554478
286.5		0.554478
286.6		0.554478
286.7		0.554478
286.8		0.554478
286.9		0.554478
287		0.554478
287.1		0.554683
287.2		0.554683
287.3		0.554683
287.4		0.554683
287.5		0.554683
287.6		0.554683
287.7		0.554683
287.8		0.554683
287.9		0.554683
288		0.554683
288.1		0.556968
288.2		0.556968
288.3		0.556968
288.4		0.556968
288.5		0.556968
288.6		0.556968
288.7		0.556968
288.8		0.556968
288.9		0.556968
289		0.556968
289.1		0.559721
289.2		0.559721
289.3		0.559721
289.4		0.559721
289.5		0.559721
289.6		0.559721
289.7		0.559721
289.8		0.559721
289.9		0.559721
290		0.559721
290.1		0.559721
290.2		0.559721
290.3		0.559721
290.4		0.559721
290.5		0.559721
290.6		0.559721
290.7		0.559721
290.8		0.559721
290.9		0.559721
291		0.559721
291.1		0.564232
291.2		0.564232
291.3		0.564232
291.4		0.564232
291.5		0.564232
291.6		0.564232
291.7		0.564232
291.8		0.564232
291.9		0.564232
292		0.564232
292.1		0.565345
292.2		0.565345
292.3		0.565345
292.4		0.565345
292.5		0.565345
292.6		0.565345
292.7		0.565345
292.8		0.565345
292.9		0.565345
293		0.565345
293.1		0.565433
293.2		0.565433
293.3		0.565433
293.4		0.565433
293.5		0.565433
293.6		0.565433
293.7		0.565433
293.8		0.565433
293.9		0.565433
294		0.565433
294.1		0.568889
294.2		0.568889
294.3		0.568889
294.4		0.568889
294.5		0.568889
294.6		0.568889
294.7		0.568889
294.8		0.568889
294.9		0.568889
295		0.568889
295.1		0.570177
295.2		0.570177
295.3		0.570177
295.4		0.570177
295.5		0.570177
295.6		0.570177
295.7		0.570177
295.8		0.570177
295.9		0.570177
296		0.570177
296.1		0.576153
296.2		0.576153
296.3		0.576153
296.4		0.576153
296.5		0.576153
296.6		0.576153
296.7		0.576153
296.8		0.576153
296.9		0.576153
297		0.576153
297.1		0.580077
297.2		0.580077
297.3		0.580077
297.4		0.580077
297.5		0.580077
297.6		0.580077
297.7		0.580077
297.8		0.580077
297.9		0.580077
298		0.580077
298.1		0.581161
298.2		0.581161
298.3		0.581161
298.4		0.581161
298.5		0.581161
298.6		0.581161
298.7		0.581161
298.8		0.581161
298.9		0.581161
299		0.581161
299.1		0.58532
299.2		0.58532
299.3		0.58532
299.4		0.58532
299.5		0.58532
299.6		0.58532
299.7		0.58532
299.8		0.58532
299.9		0.58532
300		0.58532
300.1		0.589684
300.2		0.589684
300.3		0.589684
300.4		0.589684
300.5		0.589684
300.6		0.589684
300.7		0.589684
300.8		0.589684
300.9		0.589684
301		0.589684
301.1		0.591442
301.2		0.591442
301.3		0.591442
301.4		0.591442
301.5		0.591442
301.6		0.591442
301.7		0.591442
301.8		0.591442
301.9		0.591442
302		0.591442
302.1		0.591735
302.2		0.591735
302.3		0.591735
302.4		0.591735
302.5		0.591735
302.6		0.591735
302.7		0.591735
302.8		0.591735
302.9		0.591735
303		0.591735
303.1		0.593521
303.2		0.593521
303.3		0.593521
303.4		0.593521
303.5		0.593521
303.6		0.593521
303.7		0.593521
303.8		0.593521
303.9		0.593521
304		0.593521
304.1		0.595454
304.2		0.595454
304.3		0.595454
304.4		0.595454
304.5		0.595454
304.6		0.595454
304.7		0.595454
304.8		0.595454
304.9		0.595454
305		0.595454
305.1		0.596772
305.2		0.596772
305.3		0.596772
305.4		0.596772
305.5		0.596772
305.6		0.596772
305.7		0.596772
305.8		0.596772
305.9		0.596772
306		0.596772
306.1		0.601605
306.2		0.601605
306.3		0.601605
306.4		0.601605
306.5		0.601605
306.6		0.601605
306.7		0.601605
306.8		0.601605
306.9		0.601605
307		0.601605
307.1		0.601869
307.2		0.601869
307.3		0.601869
307.4		0.601869
307.5		0.601869
307.6		0.601869
307.7		0.601869
307.8		0.601869
307.9		0.601869
308		0.601869
308.1		0.602659
308.2		0.602659
308.3		0.602659
308.4		0.602659
308.5		0.602659
308.6		0.602659
308.7		0.602659
308.8		0.602659
308.9		0.602659
309		0.602659
309.1		0.605969
309.2		0.605969
309.3		0.605969
309.4		0.605969
309.5		0.605969
309.6		0.605969
309.7		0.605969
309.8		0.605969
309.9		0.605969
310		0.605969
310.1		0.607463
310.2		0.607463
310.3		0.607463
310.4		0.607463
310.5		0.607463
310.6		0.607463
310.7		0.607463
310.8		0.607463
310.9		0.607463
311		0.607463
311.1		0.607668
311.2		0.607668
311.3		0.607668
311.4		0.607668
311.5		0.607668
311.6		0.607668
311.7		0.607668
311.8		0.607668
311.9		0.607668
312		0.607668
312.1		0.613145
312.2		0.613145
312.3		0.613145
312.4		0.613145
312.5		0.613145
312.6		0.613145
312.7		0.613145
312.8		0.613145
312.9		0.613145
313		0.613145
313.1		0.613672
313.2		0.613672
313.3		0.613672
313.4		0.613672
313.5		0.613672
313.6		0.613672
313.7		0.613672
313.8		0.613672
313.9		0.613672
314		0.613672
314.1		0.617626
314.2		0.617626
314.3		0.617626
314.4		0.617626
314.5		0.617626
314.6		0.617626
314.7		0.617626
314.8		0.617626
314.9		0.617626
315		0.617626
315.1		0.618007
315.2		0.618007
315.3		0.618007
315.4		0.618007
315.5		0.618007
315.6		0.618007
315.7		0.618007
315.8		0.618007
315.9		0.618007
316		0.618007
316.1		0.618476
316.2		0.618476
316.3		0.618476
316.4		0.618476
316.5		0.618476
316.6		0.618476
316.7		0.618476
316.8		0.618476
316.9		0.618476
317		0.618476
317.1		0.624451
317.2		0.624451
317.3		0.624451
317.4		0.624451
317.5		0.624451
317.6		0.624451
317.7		0.624451
317.8		0.624451
317.9		0.624451
318		0.624451
318.1		0.625095
318.2		0.625095
318.3		0.625095
318.4		0.625095
318.5		0.625095
318.6		0.625095
318.7		0.625095
318.8		0.625095
318.9		0.625095
319		0.625095
319.1		0.628376
319.2		0.628376
319.3		0.628376
319.4		0.628376
319.5		0.628376
319.6		0.628376
319.7		0.628376
319.8		0.628376
319.9		0.628376
320		0.628376
320.1		0.629899
320.2		0.629899
320.3		0.629899
320.4		0.629899
320.5		0.629899
320.6		0.629899
320.7		0.629899
320.8		0.629899
320.9		0.629899
321		0.629899
321.1		0.630016
321.2		0.630016
321.3		0.630016
321.4		0.630016
321.5		0.630016
321.6		0.630016
321.7		0.630016
321.8		0.630016
321.9		0.630016
322		0.630016
322.1		0.630397
322.2		0.630397
322.3		0.630397
322.4		0.630397
322.5		0.630397
322.6		0.630397
322.7		0.630397
322.8		0.630397
322.9		0.630397
323		0.630397
323.1		0.633882
323.2		0.633882
323.3		0.633882
323.4		0.633882
323.5		0.633882
323.6		0.633882
323.7		0.633882
323.8		0.633882
323.9		0.633882
324		0.633882
324.1		0.635024
324.2		0.635024
324.3		0.635024
324.4		0.635024
324.5		0.635024
324.6		0.635024
324.7		0.635024
324.8		0.635024
324.9		0.635024
325		0.635024
325.1		0.638832
325.2		0.638832
325.3		0.638832
325.4		0.638832
325.5		0.638832
325.6		0.638832
325.7		0.638832
325.8		0.638832
325.9		0.638832
326		0.638832
326.1		0.639681
326.2		0.639681
326.3		0.639681
326.4		0.639681
326.5		0.639681
326.6		0.639681
326.7		0.639681
326.8		0.639681
326.9		0.639681
327		0.639681
327.1		0.640531
327.2		0.640531
327.3		0.640531
327.4		0.640531
327.5		0.640531
327.6		0.640531
327.7		0.640531
327.8		0.640531
327.9		0.640531
328		0.640531
328.1		0.641322
328.2		0.641322
328.3		0.641322
328.4		0.641322
328.5		0.641322
328.6		0.641322
328.7		0.641322
328.8		0.641322
328.9		0.641322
329		0.641322
329.1		0.644163
329.2		0.644163
329.3		0.644163
329.4		0.644163
329.5		0.644163
329.6		0.644163
329.7		0.644163
329.8		0.644163
329.9		0.644163
330		0.644163
330.1		0.646711
330.2		0.646711
330.3		0.646711
330.4		0.646711
330.5		0.646711
330.6		0.646711
330.7		0.646711
330.8		0.646711
330.9		0.646711
331		0.646711
331.1		0.651836
331.2		0.651836
331.3		0.651836
331.4		0.651836
331.5		0.651836
331.6		0.651836
331.7		0.651836
331.8		0.651836
331.9		0.651836
332		0.651836
332.1		0.652129
332.2		0.652129
332.3		0.652129
332.4		0.652129
332.5		0.652129
332.6		0.652129
332.7		0.652129
332.8		0.652129
332.9		0.652129
333		0.652129
333.1		0.653213
333.2		0.653213
333.3		0.653213
333.4		0.653213
333.5		0.653213
333.6		0.653213
333.7		0.653213
333.8		0.653213
333.9		0.653213
334		0.653213
334.1		0.655175
334.2		0.655175
334.3		0.655175
334.4		0.655175
334.5		0.655175
334.6		0.655175
334.7		0.655175
334.8		0.655175
334.9		0.655175
335		0.655175
335.1		0.656493
335.2		0.656493
335.3		0.656493
335.4		0.656493
335.5		0.656493
335.6		0.656493
335.7		0.656493
335.8		0.656493
335.9		0.656493
336		0.656493
336.1		0.659305
336.2		0.659305
336.3		0.659305
336.4		0.659305
336.5		0.659305
336.6		0.659305
336.7		0.659305
336.8		0.659305
336.9		0.659305
337		0.659305
337.1		0.663406
337.2		0.663406
337.3		0.663406
337.4		0.663406
337.5		0.663406
337.6		0.663406
337.7		0.663406
337.8		0.663406
337.9		0.663406
338		0.663406
338.1		0.663728
338.2		0.663728
338.3		0.663728
338.4		0.663728
338.5		0.663728
338.6		0.663728
338.7		0.663728
338.8		0.663728
338.9		0.663728
339		0.663728
339.1		0.66572
339.2		0.66572
339.3		0.66572
339.4		0.66572
339.5		0.66572
339.6		0.66572
339.7		0.66572
339.8		0.66572
339.9		0.66572
340		0.66572
340.1		0.667067
340.2		0.667067
340.3		0.667067
340.4		0.667067
340.5		0.667067
340.6		0.667067
340.7		0.667067
340.8		0.667067
340.9		0.667067
341		0.667067
341.1		0.672661
341.2		0.672661
341.3		0.672661
341.4		0.672661
341.5		0.672661
341.6		0.672661
341.7		0.672661
341.8		0.672661
341.9		0.672661
342		0.672661
342.1		0.673774
342.2		0.673774
342.3		0.673774
342.4		0.673774
342.5		0.673774
342.6		0.673774
342.7		0.673774
342.8		0.673774
342.9		0.673774
343		0.673774
343.1		0.67931
343.2		0.67931
343.3		0.67931
343.4		0.67931
343.5		0.67931
343.6		0.67931
343.7		0.67931
343.8		0.67931
343.9		0.67931
344		0.67931
344.1		0.679398
344.2		0.679398
344.3		0.679398
344.4		0.679398
344.5		0.679398
344.6		0.679398
344.7		0.679398
344.8		0.679398
344.9		0.679398
345		0.679398
345.1		0.679544
345.2		0.679544
345.3		0.679544
345.4		0.679544
345.5		0.679544
345.6		0.679544
345.7		0.679544
345.8		0.679544
345.9		0.679544
346		0.679544
346.1		0.683381
346.2		0.683381
346.3		0.683381
346.4		0.683381
346.5		0.683381
346.6		0.683381
346.7		0.683381
346.8		0.683381
346.9		0.683381
347		0.683381
347.1		0.684846
347.2		0.684846
347.3		0.684846
347.4		0.684846
347.5		0.684846
347.6		0.684846
347.7		0.684846
347.8		0.684846
347.9		0.684846
348		0.684846
348.1		0.687482
348.2		0.687482
348.3		0.687482
348.4		0.687482
348.5		0.687482
348.6		0.687482
348.7		0.687482
348.8		0.687482
348.9		0.687482
349		0.687482
349.1		0.687482
349.2		0.687482
349.3		0.687482
349.4		0.687482
349.5		0.687482
349.6		0.687482
349.7		0.687482
349.8		0.687482
349.9		0.687482
350		0.687482
350.1		0.691348
350.2		0.691348
350.3		0.691348
350.4		0.691348
350.5		0.691348
350.6		0.691348
350.7		0.691348
350.8		0.691348
350.9		0.691348
351		0.691348
351.1		0.692256
351.2		0.692256
351.3		0.692256
351.4		0.692256
351.5		0.692256
351.6		0.692256
351.7		0.692256
351.8		0.692256
351.9		0.692256
352		0.692256
352.1		0.69457
352.2		0.69457
352.3		0.69457
352.4		0.69457
352.5		0.69457
352.6		0.69457
352.7		0.69457
352.8		0.69457
352.9		0.69457
353		0.69457
353.1		0.696005
353.2		0.696005
353.3		0.696005
353.4		0.696005
353.5		0.696005
353.6		0.696005
353.7		0.696005
353.8		0.696005
353.9		0.696005
354		0.696005
354.1		0.699139
354.2		0.699139
354.3		0.699139
354.4		0.699139
354.5		0.699139
354.6		0.699139
354.7		0.699139
354.8		0.699139
354.9		0.699139
355		0.699139
355.1		0.704089
355.2		0.704089
355.3		0.704089
355.4		0.704089
355.5		0.704089
355.6		0.704089
355.7		0.704089
355.8		0.704089
355.9		0.704089
356		0.704089
356.1		0.706286
356.2		0.706286
356.3		0.706286
356.4		0.706286
356.5		0.706286
356.6		0.706286
356.7		0.706286
356.8		0.706286
356.9		0.706286
357		0.706286
357.1		0.70693
357.2		0.70693
357.3		0.70693
357.4		0.70693
357.5		0.70693
357.6		0.70693
357.7		0.70693
357.8		0.70693
357.9		0.70693
358		0.70693
358.1		0.713959
358.2		0.713959
358.3		0.713959
358.4		0.713959
358.5		0.713959
358.6		0.713959
358.7		0.713959
358.8		0.713959
358.9		0.713959
359		0.713959
359.1		0.714164
359.2		0.714164
359.3		0.714164
359.4		0.714164
359.5		0.714164
359.6		0.714164
359.7		0.714164
359.8		0.714164
359.9		0.714164
360		0.714164
360.1		0.717005
360.2		0.717005
360.3		0.717005
360.4		0.717005
360.5		0.717005
360.6		0.717005
360.7		0.717005
360.8		0.717005
360.9		0.717005
361		0.717005
361.1		0.719144
361.2		0.719144
361.3		0.719144
361.4		0.719144
361.5		0.719144
361.6		0.719144
361.7		0.719144
361.8		0.719144
361.9		0.719144
362		0.719144
362.1		0.721955
362.2		0.721955
362.3		0.721955
362.4		0.721955
362.5		0.721955
362.6		0.721955
362.7		0.721955
362.8		0.721955
362.9		0.721955
363		0.721955
363.1		0.723391
363.2		0.723391
363.3		0.723391
363.4		0.723391
363.5		0.723391
363.6		0.723391
363.7		0.723391
363.8		0.723391
363.9		0.723391
364		0.723391
364.1		0.725822
364.2		0.725822
364.3		0.725822
364.4		0.725822
364.5		0.725822
364.6		0.725822
364.7		0.725822
364.8		0.725822
364.9		0.725822
365		0.725822
365.1		0.72752
365.2		0.72752
365.3		0.72752
365.4		0.72752
365.5		0.72752
365.6		0.72752
365.7		0.72752
365.8		0.72752
365.9		0.72752
366		0.72752
366.1		0.729688
366.2		0.729688
366.3		0.729688
366.4		0.729688
366.5		0.729688
366.6		0.729688
366.7		0.729688
366.8		0.729688
366.9		0.729688
367		0.729688
367.1		0.729776
367.2		0.729776
367.3		0.729776
367.4		0.729776
367.5		0.729776
367.6		0.729776
367.7		0.729776
367.8		0.729776
367.9		0.729776
368		0.729776
368.1		0.73288
368.2		0.73288
368.3		0.73288
368.4		0.73288
368.5		0.73288
368.6		0.73288
368.7		0.73288
368.8		0.73288
368.9		0.73288
369		0.73288
369.1		0.733847
369.2		0.733847
369.3		0.733847
369.4		0.733847
369.5		0.733847
369.6		0.733847
369.7		0.733847
369.8		0.733847
369.9		0.733847
370		0.733847
370.1		0.738709
370.2		0.738709
370.3		0.738709
370.4		0.738709
370.5		0.738709
370.6		0.738709
370.7		0.738709
370.8		0.738709
370.9		0.738709
371		0.738709
371.1		0.738943
371.2		0.738943
371.3		0.738943
371.4		0.738943
371.5		0.738943
371.6		0.738943
371.7		0.738943
371.8		0.738943
371.9		0.738943
372		0.738943
372.1		0.73988
372.2		0.73988
372.3		0.73988
372.4		0.73988
372.5		0.73988
372.6		0.73988
372.7		0.73988
372.8		0.73988
372.9		0.73988
373		0.73988
373.1		0.740701
373.2		0.740701
373.3		0.740701
373.4		0.740701
373.5		0.740701
373.6		0.740701
373.7		0.740701
373.8		0.740701
373.9		0.740701
374		0.740701
374.1		0.747086
374.2		0.747086
374.3		0.747086
374.4		0.747086
374.5		0.747086
374.6		0.747086
374.7		0.747086
374.8		0.747086
374.9		0.747086
375		0.747086
375.1		0.747349
375.2		0.747349
375.3		0.747349
375.4		0.747349
375.5		0.747349
375.6		0.747349
375.7		0.747349
375.8		0.747349
375.9		0.747349
376		0.747349
376.1		0.751128
376.2		0.751128
376.3		0.751128
376.4		0.751128
376.5		0.751128
376.6		0.751128
376.7		0.751128
376.8		0.751128
376.9		0.751128
377		0.751128
377.1		0.751655
377.2		0.751655
377.3		0.751655
377.4		0.751655
377.5		0.751655
377.6		0.751655
377.7		0.751655
377.8		0.751655
377.9		0.751655
378		0.751655
378.1		0.752709
378.2		0.752709
378.3		0.752709
378.4		0.752709
378.5		0.752709
378.6		0.752709
378.7		0.752709
378.8		0.752709
378.9		0.752709
379		0.752709
379.1		0.755199
379.2		0.755199
379.3		0.755199
379.4		0.755199
379.5		0.755199
379.6		0.755199
379.7		0.755199
379.8		0.755199
379.9		0.755199
380		0.755199
380.1		0.756634
380.2		0.756634
380.3		0.756634
380.4		0.756634
380.5		0.756634
380.6		0.756634
380.7		0.756634
380.8		0.756634
380.9		0.756634
381		0.756634
381.1		0.759094
381.2		0.759094
381.3		0.759094
381.4		0.759094
381.5		0.759094
381.6		0.759094
381.7		0.759094
381.8		0.759094
381.9		0.759094
382		0.759094
382.1		0.759592
382.2		0.759592
382.3		0.759592
382.4		0.759592
382.5		0.759592
382.6		0.759592
382.7		0.759592
382.8		0.759592
382.9		0.759592
383		0.759592
383.1		0.764454
383.2		0.764454
383.3		0.764454
383.4		0.764454
383.5		0.764454
383.6		0.764454
383.7		0.764454
383.8		0.764454
383.9		0.764454
384		0.764454
384.1		0.765802
384.2		0.765802
384.3		0.765802
384.4		0.765802
384.5		0.765802
384.6		0.765802
384.7		0.765802
384.8		0.765802
384.9		0.765802
385		0.765802
385.1		0.766007
385.2		0.766007
385.3		0.766007
385.4		0.766007
385.5		0.766007
385.6		0.766007
385.7		0.766007
385.8		0.766007
385.9		0.766007
386		0.766007
386.1		0.766885
386.2		0.766885
386.3		0.766885
386.4		0.766885
386.5		0.766885
386.6		0.766885
386.7		0.766885
386.8		0.766885
386.9		0.766885
387		0.766885
387.1		0.769111
387.2		0.769111
387.3		0.769111
387.4		0.769111
387.5		0.769111
387.6		0.769111
387.7		0.769111
387.8		0.769111
387.9		0.769111
388		0.769111
388.1		0.770166
388.2		0.770166
388.3		0.770166
388.4		0.770166
388.5		0.770166
388.6		0.770166
388.7		0.770166
388.8		0.770166
388.9		0.770166
389		0.770166
389.1		0.771455
389.2		0.771455
389.3		0.771455
389.4		0.771455
389.5		0.771455
389.6		0.771455
389.7		0.771455
389.8		0.771455
389.9		0.771455
390		0.771455
390.1		0.776756
390.2		0.776756
390.3		0.776756
390.4		0.776756
390.5		0.776756
390.6		0.776756
390.7		0.776756
390.8		0.776756
390.9		0.776756
391		0.776756
391.1		0.777459
391.2		0.777459
391.3		0.777459
391.4		0.777459
391.5		0.777459
391.6		0.777459
391.7		0.777459
391.8		0.777459
391.9		0.777459
392		0.777459
392.1		0.779392
392.2		0.779392
392.3		0.779392
392.4		0.779392
392.5		0.779392
392.6		0.779392
392.7		0.779392
392.8		0.779392
392.9		0.779392
393		0.779392
393.1		0.780007
393.2		0.780007
393.3		0.780007
393.4		0.780007
393.5		0.780007
393.6		0.780007
393.7		0.780007
393.8		0.780007
393.9		0.780007
394		0.780007
394.1		0.783112
394.2		0.783112
394.3		0.783112
394.4		0.783112
394.5		0.783112
394.6		0.783112
394.7		0.783112
394.8		0.783112
394.9		0.783112
395		0.783112
395.1		0.783639
395.2		0.783639
395.3		0.783639
395.4		0.783639
395.5		0.783639
395.6		0.783639
395.7		0.783639
395.8		0.783639
395.9		0.783639
396		0.783639
396.1		0.787417
396.2		0.787417
396.3		0.787417
396.4		0.787417
396.5		0.787417
396.6		0.787417
396.7		0.787417
396.8		0.787417
396.9		0.787417
397		0.787417
397.1		0.789878
397.2		0.789878
397.3		0.789878
397.4		0.789878
397.5		0.789878
397.6		0.789878
397.7		0.789878
397.8		0.789878
397.9		0.789878
398		0.789878
398.1		0.791488
398.2		0.791488
398.3		0.791488
398.4		0.791488
398.5		0.791488
398.6		0.791488
398.7		0.791488
398.8		0.791488
398.9		0.791488
399		0.791488
399.1		0.794681
399.2		0.794681
399.3		0.794681
399.4		0.794681
399.5		0.794681
399.6		0.794681
399.7		0.794681
399.8		0.794681
399.9		0.794681
400		0.794681
400.1		0.794827
400.2		0.794827
400.3		0.794827
400.4		0.794827
400.5		0.794827
400.6		0.794827
400.7		0.794827
400.8		0.794827
400.9		0.794827
401		0.794827
401.1		0.796643
401.2		0.796643
401.3		0.796643
401.4		0.796643
401.5		0.796643
401.6		0.796643
401.7		0.796643
401.8		0.796643
401.9		0.796643
402		0.796643
402.1		0.797083
402.2		0.797083
402.3		0.797083
402.4		0.797083
402.5		0.797083
402.6		0.797083
402.7		0.797083
402.8		0.797083
402.9		0.797083
403		0.797083
403.1		0.804932
403.2		0.804932
403.3		0.804932
403.4		0.804932
403.5		0.804932
403.6		0.804932
403.7		0.804932
403.8		0.804932
403.9		0.804932
404		0.804932
404.1		0.80543
404.2		0.80543
404.3		0.80543
404.4		0.80543
404.5		0.80543
404.6		0.80543
404.7		0.80543
404.8		0.80543
404.9		0.80543
405		0.80543
405.1		0.806075
405.2		0.806075
405.3		0.806075
405.4		0.806075
405.5		0.806075
405.6		0.806075
405.7		0.806075
405.8		0.806075
405.9		0.806075
406		0.806075
406.1		0.806983
406.2		0.806983
406.3		0.806983
406.4		0.806983
406.5		0.806983
406.6		0.806983
406.7		0.806983
406.8		0.806983
406.9		0.806983
407		0.806983
407.1		0.808594
407.2		0.808594
407.3		0.808594
407.4		0.808594
407.5		0.808594
407.6		0.808594
407.7		0.808594
407.8		0.808594
407.9		0.808594
408		0.808594
408.1		0.809736
408.2		0.809736
408.3		0.809736
408.4		0.809736
408.5		0.809736
408.6		0.809736
408.7		0.809736
408.8		0.809736
408.9		0.809736
409		0.809736
409.1		0.814744
409.2		0.814744
409.3		0.814744
409.4		0.814744
409.5		0.814744
409.6		0.814744
409.7		0.814744
409.8		0.814744
409.9		0.814744
410		0.814744
410.1		0.815418
410.2		0.815418
410.3		0.815418
410.4		0.815418
410.5		0.815418
410.6		0.815418
410.7		0.815418
410.8		0.815418
410.9		0.815418
411		0.815418
411.1		0.817205
411.2		0.817205
411.3		0.817205
411.4		0.817205
411.5		0.817205
411.6		0.817205
411.7		0.817205
411.8		0.817205
411.9		0.817205
412		0.817205
412.1		0.818874
412.2		0.818874
412.3		0.818874
412.4		0.818874
412.5		0.818874
412.6		0.818874
412.7		0.818874
412.8		0.818874
412.9		0.818874
413		0.818874
413.1		0.821979
413.2		0.821979
413.3		0.821979
413.4		0.821979
413.5		0.821979
413.6		0.821979
413.7		0.821979
413.8		0.821979
413.9		0.821979
414		0.821979
414.1		0.824146
414.2		0.824146
414.3		0.824146
414.4		0.824146
414.5		0.824146
414.6		0.824146
414.7		0.824146
414.8		0.824146
414.9		0.824146
415		0.824146
415.1		0.826694
415.2		0.826694
415.3		0.826694
415.4		0.826694
415.5		0.826694
415.6		0.826694
415.7		0.826694
415.8		0.826694
415.9		0.826694
416		0.826694
416.1		0.827514
416.2		0.827514
416.3		0.827514
416.4		0.827514
416.5		0.827514
416.6		0.827514
416.7		0.827514
416.8		0.827514
416.9		0.827514
417		0.827514
417.1		0.829975
417.2		0.829975
417.3		0.829975
417.4		0.829975
417.5		0.829975
417.6		0.829975
417.7		0.829975
417.8		0.829975
417.9		0.829975
418		0.829975
418.1		0.830356
418.2		0.830356
418.3		0.830356
418.4		0.830356
418.5		0.830356
418.6		0.830356
418.7		0.830356
418.8		0.830356
418.9		0.830356
419		0.830356
419.1		0.831761
419.2		0.831761
419.3		0.831761
419.4		0.831761
419.5		0.831761
419.6		0.831761
419.7		0.831761
419.8		0.831761
419.9		0.831761
420		0.831761
420.1		0.834222
420.2		0.834222
420.3		0.834222
420.4		0.834222
420.5		0.834222
420.6		0.834222
420.7		0.834222
420.8		0.834222
420.9		0.834222
421		0.834222
421.1		0.838322
421.2		0.838322
421.3		0.838322
421.4		0.838322
421.5		0.838322
421.6		0.838322
421.7		0.838322
421.8		0.838322
421.9		0.838322
422		0.838322
422.1		0.838381
422.2		0.838381
422.3		0.838381
422.4		0.838381
422.5		0.838381
422.6		0.838381
422.7		0.838381
422.8		0.838381
422.9		0.838381
423		0.838381
423.1		0.840021
423.2		0.840021
423.3		0.840021
423.4		0.840021
423.5		0.840021
423.6		0.840021
423.7		0.840021
423.8		0.840021
423.9		0.840021
424		0.840021
424.1		0.840929
424.2		0.840929
424.3		0.840929
424.4		0.840929
424.5		0.840929
424.6		0.840929
424.7		0.840929
424.8		0.840929
424.9		0.840929
425		0.840929
425.1		0.84336
425.2		0.84336
425.3		0.84336
425.4		0.84336
425.5		0.84336
425.6		0.84336
425.7		0.84336
425.8		0.84336
425.9		0.84336
426		0.84336
426.1		0.848456
426.2		0.848456
426.3		0.848456
426.4		0.848456
426.5		0.848456
426.6		0.848456
426.7		0.848456
426.8		0.848456
426.9		0.848456
427		0.848456
427.1		0.849042
427.2		0.849042
427.3		0.849042
427.4		0.849042
427.5		0.849042
427.6		0.849042
427.7		0.849042
427.8		0.849042
427.9		0.849042
428		0.849042
428.1		0.849599
428.2		0.849599
428.3		0.849599
428.4		0.849599
428.5		0.849599
428.6		0.849599
428.7		0.849599
428.8		0.849599
428.9		0.849599
429		0.849599
429.1		0.851327
429.2		0.851327
429.3		0.851327
429.4		0.851327
429.5		0.851327
429.6		0.851327
429.7		0.851327
429.8		0.851327
429.9		0.851327
430		0.851327
430.1		0.85285
430.2		0.85285
430.3		0.85285
430.4		0.85285
430.5		0.85285
430.6		0.85285
430.7		0.85285
430.8		0.85285
430.9		0.85285
431		0.85285
431.1		0.854724
431.2		0.854724
431.3		0.854724
431.4		0.854724
431.5		0.854724
431.6		0.854724
431.7		0.854724
431.8		0.854724
431.9		0.854724
432		0.854724
432.1		0.857917
432.2		0.857917
432.3		0.857917
432.4		0.857917
432.5		0.857917
432.6		0.857917
432.7		0.857917
432.8		0.857917
432.9		0.857917
433		0.857917
433.1		0.860582
433.2		0.860582
433.3		0.860582
433.4		0.860582
433.5		0.860582
433.6		0.860582
433.7		0.860582
433.8		0.860582
433.9		0.860582
434		0.860582
434.1		0.861432
434.2		0.861432
434.3		0.861432
434.4		0.861432
434.5		0.861432
434.6		0.861432
434.7		0.861432
434.8		0.861432
434.9		0.861432
435		0.861432
435.1		0.863775
435.2		0.863775
435.3		0.863775
435.4		0.863775
435.5		0.863775
435.6		0.863775
435.7		0.863775
435.8		0.863775
435.9		0.863775
436		0.863775
436.1		0.865093
436.2		0.865093
436.3		0.865093
436.4		0.865093
436.5		0.865093
436.6		0.865093
436.7		0.865093
436.8		0.865093
436.9		0.865093
437		0.865093
437.1		0.868403
437.2		0.868403
437.3		0.868403
437.4		0.868403
437.5		0.868403
437.6		0.868403
437.7		0.868403
437.8		0.868403
437.9		0.868403
438		0.868403
438.1		0.870306
438.2		0.870306
438.3		0.870306
438.4		0.870306
438.5		0.870306
438.6		0.870306
438.7		0.870306
438.8		0.870306
438.9		0.870306
439		0.870306
439.1		0.870394
439.2		0.870394
439.3		0.870394
439.4		0.870394
439.5		0.870394
439.6		0.870394
439.7		0.870394
439.8		0.870394
439.9		0.870394
440		0.870394
440.1		0.874612
440.2		0.874612
440.3		0.874612
440.4		0.874612
440.5		0.874612
440.6		0.874612
440.7		0.874612
440.8		0.874612
440.9		0.874612
441		0.874612
441.1		0.876545
441.2		0.876545
441.3		0.876545
441.4		0.876545
441.5		0.876545
441.6		0.876545
441.7		0.876545
441.8		0.876545
441.9		0.876545
442		0.876545
442.1		0.87924
442.2		0.87924
442.3		0.87924
442.4		0.87924
442.5		0.87924
442.6		0.87924
442.7		0.87924
442.8		0.87924
442.9		0.87924
443		0.87924
443.1		0.879533
443.2		0.879533
443.3		0.879533
443.4		0.879533
443.5		0.879533
443.6		0.879533
443.7		0.879533
443.8		0.879533
443.9		0.879533
444		0.879533
444.1		0.881466
444.2		0.881466
444.3		0.881466
444.4		0.881466
444.5		0.881466
444.6		0.881466
444.7		0.881466
444.8		0.881466
444.9		0.881466
445		0.881466
445.1		0.883399
445.2		0.883399
445.3		0.883399
445.4		0.883399
445.5		0.883399
445.6		0.883399
445.7		0.883399
445.8		0.883399
445.9		0.883399
446		0.883399
446.1		0.884951
446.2		0.884951
446.3		0.884951
446.4		0.884951
446.5		0.884951
446.6		0.884951
446.7		0.884951
446.8		0.884951
446.9		0.884951
447		0.884951
447.1		0.888261
447.2		0.888261
447.3		0.888261
447.4		0.888261
447.5		0.888261
447.6		0.888261
447.7		0.888261
447.8		0.888261
447.9		0.888261
448		0.888261
448.1		0.891951
448.2		0.891951
448.3		0.891951
448.4		0.891951
448.5		0.891951
448.6		0.891951
448.7		0.891951
448.8		0.891951
448.9		0.891951
449		0.891951
449.1		0.89324
449.2		0.89324
449.3		0.89324
449.4		0.89324
449.5		0.89324
449.6		0.89324
449.7		0.89324
449.8		0.89324
449.9		0.89324
450		0.89324
450.1		0.894236
450.2		0.894236
450.3		0.894236
450.4		0.894236
450.5		0.894236
450.6		0.894236
450.7		0.894236
450.8		0.894236
450.9		0.894236
451		0.894236
451.1		0.894909
451.2		0.894909
451.3		0.894909
451.4		0.894909
451.5		0.894909
451.6		0.894909
451.7		0.894909
451.8		0.894909
451.9		0.894909
452		0.894909
452.1		0.89942
452.2		0.89942
452.3		0.89942
452.4		0.89942
452.5		0.89942
452.6		0.89942
452.7		0.89942
452.8		0.89942
452.9		0.89942
453		0.89942
453.1		0.901441
453.2		0.901441
453.3		0.901441
453.4		0.901441
453.5		0.901441
453.6		0.901441
453.7		0.901441
453.8		0.901441
453.9		0.901441
454		0.901441
454.1		0.902056
454.2		0.902056
454.3		0.902056
454.4		0.902056
454.5		0.902056
454.6		0.902056
454.7		0.902056
454.8		0.902056
454.9		0.902056
455		0.902056
455.1		0.903989
455.2		0.903989
455.3		0.903989
455.4		0.903989
455.5		0.903989
455.6		0.903989
455.7		0.903989
455.8		0.903989
455.9		0.903989
456		0.903989
456.1		0.905366
456.2		0.905366
456.3		0.905366
456.4		0.905366
456.5		0.905366
456.6		0.905366
456.7		0.905366
456.8		0.905366
456.9		0.905366
457		0.905366
457.1		0.910697
457.2		0.910697
457.3		0.910697
457.4		0.910697
457.5		0.910697
457.6		0.910697
457.7		0.910697
457.8		0.910697
457.9		0.910697
458		0.910697
458.1		0.911282
458.2		0.911282
458.3		0.911282
458.4		0.911282
458.5		0.911282
458.6		0.911282
458.7		0.911282
458.8		0.911282
458.9		0.911282
459		0.911282
459.1		0.912249
459.2		0.912249
459.3		0.912249
459.4		0.912249
459.5		0.912249
459.6		0.912249
459.7		0.912249
459.8		0.912249
459.9		0.912249
460		0.912249
460.1		0.916467
460.2		0.916467
460.3		0.916467
460.4		0.916467
460.5		0.916467
460.6		0.916467
460.7		0.916467
460.8		0.916467
460.9		0.916467
461		0.916467
461.1		0.916759
461.2		0.916759
461.3		0.916759
461.4		0.916759
461.5		0.916759
461.6		0.916759
461.7		0.916759
461.8		0.916759
461.9		0.916759
462		0.916759
462.1		0.917111
462.2		0.917111
462.3		0.917111
462.4		0.917111
462.5		0.917111
462.6		0.917111
462.7		0.917111
462.8		0.917111
462.9		0.917111
463		0.917111
463.1		0.920479
463.2		0.920479
463.3		0.920479
463.4		0.920479
463.5		0.920479
463.6		0.920479
463.7		0.920479
463.8		0.920479
463.9		0.920479
464		0.920479
464.1		0.921651
464.2		0.921651
464.3		0.921651
464.4		0.921651
464.5		0.921651
464.6		0.921651
464.7		0.921651
464.8		0.921651
464.9		0.921651
465		0.921651
465.1		0.924492
465.2		0.924492
465.3		0.924492
465.4		0.924492
465.5		0.924492
465.6		0.924492
465.7		0.924492
465.8		0.924492
465.9		0.924492
466		0.924492
466.1		0.925663
466.2		0.925663
466.3		0.925663
466.4		0.925663
466.5		0.925663
466.6		0.925663
466.7		0.925663
466.8		0.925663
466.9		0.925663
467		0.925663
467.1		0.926601
467.2		0.926601
467.3		0.926601
467.4		0.926601
467.5		0.926601
467.6		0.926601
467.7		0.926601
467.8		0.926601
467.9		0.926601
468		0.926601
468.1		0.928592
468.2		0.928592
468.3		0.928592
468.4		0.928592
468.5		0.928592
468.6		0.928592
468.7		0.928592
468.8		0.928592
468.9		0.928592
469		0.928592
469.1		0.931551
469.2		0.931551
469.3		0.931551
469.4		0.931551
469.5		0.931551
469.6		0.931551
469.7		0.931551
469.8		0.931551
469.9		0.931551
470		0.931551
470.1		0.933484
470.2		0.933484
470.3		0.933484
470.4		0.933484
470.5		0.933484
470.6		0.933484
470.7		0.933484
470.8		0.933484
470.9		0.933484
471		0.933484
471.1		0.935768
471.2		0.935768
471.3		0.935768
471.4		0.935768
471.5		0.935768
471.6		0.935768
471.7		0.935768
471.8		0.935768
471.9		0.935768
472		0.935768
472.1		0.938229
472.2		0.938229
472.3		0.938229
472.4		0.938229
472.5		0.938229
472.6		0.938229
472.7		0.938229
472.8		0.938229
472.9		0.938229
473		0.938229
473.1		0.940806
473.2		0.940806
473.3		0.940806
473.4		0.940806
473.5		0.940806
473.6		0.940806
473.7		0.940806
473.8		0.940806
473.9		0.940806
474		0.940806
474.1		0.94145
474.2		0.94145
474.3		0.94145
474.4		0.94145
474.5		0.94145
474.6		0.94145
474.7		0.94145
474.8		0.94145
474.9		0.94145
475		0.94145
475.1		0.943823
475.2		0.943823
475.3		0.943823
475.4		0.943823
475.5		0.943823
475.6		0.943823
475.7		0.943823
475.8		0.943823
475.9		0.943823
476		0.943823
476.1		0.946371
476.2		0.946371
476.3		0.946371
476.4		0.946371
476.5		0.946371
476.6		0.946371
476.7		0.946371
476.8		0.946371
476.9		0.946371
477		0.946371
477.1		0.948538
477.2		0.948538
477.3		0.948538
477.4		0.948538
477.5		0.948538
477.6		0.948538
477.7		0.948538
477.8		0.948538
477.9		0.948538
478		0.948538
478.1		0.949886
478.2		0.949886
478.3		0.949886
478.4		0.949886
478.5		0.949886
478.6		0.949886
478.7		0.949886
478.8		0.949886
478.9		0.949886
479		0.949886
479.1		0.95094
479.2		0.95094
479.3		0.95094
479.4		0.95094
479.5		0.95094
479.6		0.95094
479.7		0.95094
479.8		0.95094
479.9		0.95094
480		0.95094
480.1		0.953342
480.2		0.953342
480.3		0.953342
480.4		0.953342
480.5		0.953342
480.6		0.953342
480.7		0.953342
480.8		0.953342
480.9		0.953342
481		0.953342
481.1		0.95715
481.2		0.95715
481.3		0.95715
481.4		0.95715
481.5		0.95715
481.6		0.95715
481.7		0.95715
481.8		0.95715
481.9		0.95715
482		0.95715
482.1		0.958409
482.2		0.958409
482.3		0.958409
482.4		0.958409
482.5		0.958409
482.6		0.958409
482.7		0.958409
482.8		0.958409
482.9		0.958409
483		0.958409
483.1		0.959141
483.2		0.959141
483.3		0.959141
483.4		0.959141
483.5		0.959141
483.6		0.959141
483.7		0.959141
483.8		0.959141
483.9		0.959141
484		0.959141
484.1		0.959932
484.2		0.959932
484.3		0.959932
484.4		0.959932
484.5		0.959932
484.6		0.959932
484.7		0.959932
484.8		0.959932
484.9		0.959932
485		0.959932
485.1		0.962715
485.2		0.962715
485.3		0.962715
485.4		0.962715
485.5		0.962715
485.6		0.962715
485.7		0.962715
485.8		0.962715
485.9		0.962715
486		0.962715
486.1		0.966756
486.2		0.966756
486.3		0.966756
486.4		0.966756
486.5		0.966756
486.6		0.966756
486.7		0.966756
486.8		0.966756
486.9		0.966756
487		0.966756
487.1		0.969275
487.2		0.969275
487.3		0.969275
487.4		0.969275
487.5		0.969275
487.6		0.969275
487.7		0.969275
487.8		0.969275
487.9		0.969275
488		0.969275
488.1		0.969568
488.2		0.969568
488.3		0.969568
488.4		0.969568
488.5		0.969568
488.6		0.969568
488.7		0.969568
488.8		0.969568
488.9		0.969568
489		0.969568
489.1		0.970886
489.2		0.970886
489.3		0.970886
489.4		0.970886
489.5		0.970886
489.6		0.970886
489.7		0.970886
489.8		0.970886
489.9		0.970886
490		0.970886
490.1		0.973552
490.2		0.973552
490.3		0.973552
490.4		0.973552
490.5		0.973552
490.6		0.973552
490.7		0.973552
490.8		0.973552
490.9		0.973552
491		0.973552
491.1		0.975719
491.2		0.975719
491.3		0.975719
491.4		0.975719
491.5		0.975719
491.6		0.975719
491.7		0.975719
491.8		0.975719
491.9		0.975719
492		0.975719
492.1		0.977418
492.2		0.977418
492.3		0.977418
492.4		0.977418
492.5		0.977418
492.6		0.977418
492.7		0.977418
492.8		0.977418
492.9		0.977418
493		0.977418
493.1		0.979732
493.2		0.979732
493.3		0.979732
493.4		0.979732
493.5		0.979732
493.6		0.979732
493.7		0.979732
493.8		0.979732
493.9		0.979732
494		0.979732
494.1		0.982163
494.2		0.982163
494.3		0.982163
494.4		0.982163
494.5		0.982163
494.6		0.982163
494.7		0.982163
494.8		0.982163
494.9		0.982163
495		0.982163
495.1		0.984418
495.2		0.984418
495.3		0.984418
495.4		0.984418
495.5		0.984418
495.6		0.984418
495.7		0.984418
495.8		0.984418
495.9		0.984418
496		0.984418
496.1		0.985297
496.2		0.985297
496.3		0.985297
496.4		0.985297
496.5		0.985297
496.6		0.985297
496.7		0.985297
496.8		0.985297
496.9		0.985297
497		0.985297
497.1		0.986322
497.2		0.986322
497.3		0.986322
497.4		0.986322
497.5		0.986322
497.6		0.986322
497.7		0.986322
497.8		0.986322
497.9		0.986322
498		0.986322
498.1		0.9901
498.2		0.9901
498.3		0.9901
498.4		0.9901
498.5		0.9901
498.6		0.9901
498.7		0.9901
498.8		0.9901
498.9		0.9901
499		0.9901
499.1		0.991945
499.2		0.991945
499.3		0.991945
499.4		0.991945
499.5		0.991945
499.6		0.991945
499.7		0.991945
499.8		0.991945
499.9		0.991945
500		0.991945
500.1		0.994406
500.2		0.994406
500.3		0.994406
500.4		0.994406
500.5		0.994406
500.6		0.994406
500.7		0.994406
500.8		0.994406
500.9		0.994406
501		0.994406
501.1		0.994845
501.2		0.994845
501.3		0.994845
501.4		0.994845
501.5		0.994845
501.6		0.994845
501.7		0.994845
501.8		0.994845
501.9		0.994845
502		0.994845
502.1		0.996866
502.2		0.996866
502.3		0.996866
502.4		0.996866
502.5		0.996866
502.6		0.996866
502.7		0.996866
502.8		0.996866
502.9		0.996866
503		0.996866
503.1		0.999238
503.2		0.999238
503.3		0.999238
503.4		0.999238
503.5		0.999238
503.6		0.999238
503.7		0.999238
503.8		0.999238
503.9		0.999238
504		0.999238
504.1		0.999619
504.2		0.999619
504.3		0.999619
504.4		0.999619
504.5		0.999619
504.6		0.999619
504.7		0.999619
504.8		0.999619
504.9		0.999619
505		0.999619
505.1		1
505.2		1
505.3		1
505.4		1
505.5		1
505.6		1
505.7		1
505.8		1
505.9		1
506		1
506.1		1
506.2		1
506.3		1
506.4		1
506.5		1
506.6		1
506.7		1
506.8		1
506.9		1
507		1
507.1		1
507.2		1
507.3		1
507.4		1
507.5		1
507.6		1
507.7		1
507.8		1
507.9		1
508		1
508.1		1
508.2		1
508.3		1
508.4		1
508.5		1
508.6		1
508.7		1
508.8		1
508.9		1
509		1
509.1		1
509.2		1
509.3		1
509.4		1
509.5		1
509.6		1
509.7		1
509.8		1
509.9		1
510		1
510.1		1
510.2		1
510.3		1
510.4		1
510.5		1
510.6		1
510.7		1
510.8		1
510.9		1
511		1
511.1		1
511.2		1
511.3		1
511.4		1
511.5		1
511.6		1
511.7		1
511.8		1
511.9		1
512		1
512.1		1
512.2		1
512.3		1
512.4		1
512.5		1
512.6		1
512.7		1
512.8		1
512.9		1
513		1
513.1		1
513.2		1
513.3		1
513.4		1
513.5		1
513.6		1
513.7		1
513.8		1
513.9		1
514		1
514.1		1
514.2		1
514.3		1
514.4		1
514.5		1
514.6		1
514.7		1
514.8		1
514.9		1
515		1
515.1		1
515.2		1
515.3		1
515.4		1
515.5		1
515.6		1
515.7		1
515.8		1
515.9		1
516		1
516.1		1
516.2		1
516.3		1
516.4		1
516.5		1
516.6		1
516.7		1
516.8		1
516.9		1
517		1
517.1		1
517.2		1
517.3		1
517.4		1
517.5		1
517.6		1
517.7		1
517.8		1
517.9		1
518		1
518.1		1
518.2		1
518.3		1
518.4		1
518.5		1
518.6		1
518.7		1
518.8		1
518.9		1
519		1
519.1		1
519.2		1
519.3		1
519.4		1
519.5		1
519.6		1
519.7		1
519.8		1
519.9		1
520		1
520.1		1
520.2		1
520.3		1
520.4		1
520.5		1
520.6		1
520.7		1
520.8		1
520.9		1
521		1
521.1		1
521.2		1
521.3		1
521.4		1
521.5		1
521.6		1
521.7		1
521.8		1
521.9		1
522		1
522.1		1
522.2		1
522.3		1
522.4		1
522.5		1
522.6		1
522.7		1
522.8		1
522.9		1
523		1
523.1		1
523.2		1
523.3		1
523.4		1
523.5		1
523.6		1
523.7		1
523.8		1
523.9		1
524		1
524.1		1
524.2		1
524.3		1
524.4		1
524.5		1
524.6		1
524.7		1
524.8		1
524.9		1
525		1
525.1		1
525.2		1
525.3		1
525.4		1
525.5		1
525.6		1
525.7		1
525.8		1
525.9		1
526		1
526.1		1
526.2		1
526.3		1
526.4		1
526.5		1
526.6		1
526.7		1
526.8		1
526.9		1
527		1
527.1		1
527.2		1
527.3		1
527.4		1
527.5		1
527.6		1
527.7		1
527.8		1
527.9		1
528		1
528.1		1
528.2		1
528.3		1
528.4		1
528.5		1
528.6		1
528.7		1
528.8		1
528.9		1
529		1
529.1		1
529.2		1
529.3		1
529.4		1
529.5		1
529.6		1
529.7		1
529.8		1
529.9		1
530		1
530.1		1
530.2		1
530.3		1
530.4		1
530.5		1
530.6		1
530.7		1
530.8		1
530.9		1
531		1
531.1		1
531.2		1
531.3		1
531.4		1
531.5		1
531.6		1
531.7		1
531.8		1
531.9		1
532		1
532.1		1
532.2		1
532.3		1
532.4		1
532.5		1
532.6		1
532.7		1
532.8		1
532.9		1
533		1
533.1		1
533.2		1
533.3		1
533.4		1
533.5		1
533.6		1
533.7		1
533.8		1
533.9		1
534		1
534.1		1
534.2		1
534.3		1
534.4		1
534.5		1
534.6		1
534.7		1
534.8		1
534.9		1
535		1
535.1		1
535.2		1
535.3		1
535.4		1
535.5		1
535.6		1
535.7		1
535.8		1
535.9		1
536		1
536.1		1
536.2		1
536.3		1
536.4		1
536.5		1
536.6		1
536.7		1
536.8		1
536.9		1
537		1
537.1		1
537.2		1
537.3		1
537.4		1
537.5		1
537.6		1
537.7		1
537.8		1
537.9		1
538		1
538.1		1
538.2		1
538.3		1
538.4		1
538.5		1
538.6		1
538.7		1
538.8		1
538.9		1
539		1
539.1		1
539.2		1
539.3		1
539.4		1
539.5		1
539.6		1
539.7		1
539.8		1
539.9		1
540		1
540.1		1
540.2		1
540.3		1
540.4		1
540.5		1
540.6		1
540.7		1
540.8		1
540.9		1
541		1
541.1		1
541.2		1
541.3		1
541.4		1
541.5		1
541.6		1
541.7		1
541.8		1
541.9		1
542		1
542.1		1
542.2		1
542.3		1
542.4		1
542.5		1
542.6		1
542.7		1
542.8		1
542.9		1
543		1
543.1		1
543.2		1
543.3		1
543.4		1
543.5		1
543.6		1
543.7		1
543.8		1
543.9		1
544		1
544.1		1
544.2		1
544.3		1
544.4		1
544.5		1
544.6		1
544.7		1
544.8		1
544.9		1
545		1
545.1		1
545.2		1
545.3		1
545.4		1
545.5		1
545.6		1
545.7		1
545.8		1
545.9		1
546		1
546.1		1
546.2		1
546.3		1
546.4		1
546.5		1
546.6		1
546.7		1
546.8		1
546.9		1
547		1
547.1		1
547.2		1
547.3		1
547.4		1
547.5		1
547.6		1
547.7		1
547.8		1
547.9		1
548		1
548.1		1
548.2		1
548.3		1
548.4		1
548.5		1
548.6		1
548.7		1
548.8		1
548.9		1
549		1
549.1		1
549.2		1
549.3		1
549.4		1
549.5		1
549.6		1
549.7		1
549.8		1
549.9		1
550		1
550.1		1
550.2		1
550.3		1
550.4		1
550.5		1
550.6		1
550.7		1
550.8		1
550.9		1
551		1
551.1		1
551.2		1
551.3		1
551.4		1
551.5		1
551.6		1
551.7		1
551.8		1
551.9		1
552		1
552.1		1
552.2		1
552.3		1
552.4		1
552.5		1
552.6		1
552.7		1
552.8		1
552.9		1
553		1
553.1		1
553.2		1
553.3		1
553.4		1
553.5		1
553.6		1
553.7		1
553.8		1
553.9		1
554		1
554.1		1
554.2		1
554.3		1
554.4		1
554.5		1
554.6		1
554.7		1
554.8		1
554.9		1
555		1
555.1		1
555.2		1
555.3		1
555.4		1
555.5		1
555.6		1
555.7		1
555.8		1
555.9		1
556		1
556.1		1
556.2		1
556.3		1
556.4		1
556.5		1
556.6		1
556.7		1
556.8		1
556.9		1
557		1
557.1		1
557.2		1
557.3		1
557.4		1
557.5		1
557.6		1
557.7		1
557.8		1
557.9		1
558		1
558.1		1
558.2		1
558.3		1
558.4		1
558.5		1
558.6		1
558.7		1
558.8		1
558.9		1
559		1
559.1		1
559.2		1
559.3		1
559.4		1
559.5		1
559.6		1
559.7		1
559.8		1
559.9		1
560		1
560.1		1
560.2		1
560.3		1
560.4		1
560.5		1
560.6		1
560.7		1
560.8		1
560.9		1
561		1
561.1		1
561.2		1
561.3		1
561.4		1
561.5		1
561.6		1
561.7		1
561.8		1
561.9		1
562		1
562.1		1
562.2		1
562.3		1
562.4		1
562.5		1
562.6		1
562.7		1
562.8		1
562.9		1
563		1
563.1		1
563.2		1
563.3		1
563.4		1
563.5		1
563.6		1
563.7		1
563.8		1
563.9		1
564		1
564.1		1
564.2		1
564.3		1
564.4		1
564.5		1
564.6		1
564.7		1
564.8		1
564.9		1
565		1
565.1		1
565.2		1
565.3		1
565.4		1
565.5		1
565.6		1
565.7		1
565.8		1
565.9		1
566		1
566.1		1
566.2		1
566.3		1
566.4		1
566.5		1
566.6		1
566.7		1
566.8		1
566.9		1
567		1
567.1		1
567.2		1
567.3		1
567.4		1
567.5		1
567.6		1
567.7		1
567.8		1
567.9		1
568		1
568.1		1
568.2		1
568.3		1
568.4		1
568.5		1
568.6		1
568.7		1
568.8		1
568.9		1
569		1
569.1		1
569.2		1
569.3		1
569.4		1
569.5		1
569.6		1
569.7		1
569.8		1
569.9		1
570		1
570.1		1
570.2		1
570.3		1
570.4		1
570.5		1
570.6		1
570.7		1
570.8		1
570.9		1
571		1
571.1		1
571.2		1
571.3		1
571.4		1
571.5		1
571.6		1
571.7		1
571.8		1
571.9		1
572		1
572.1		1
572.2		1
572.3		1
572.4		1
572.5		1
572.6		1
572.7		1
572.8		1
572.9		1
573		1
573.1		1
573.2		1
573.3		1
573.4		1
573.5		1
573.6		1
573.7		1
573.8		1
573.9		1
574		1
574.1		1
574.2		1
574.3		1
574.4		1
574.5		1
574.6		1
574.7		1
574.8		1
574.9		1
575		1
575.1		1
575.2		1
575.3		1
575.4		1
575.5		1
575.6		1
575.7		1
575.8		1
575.9		1
576		1
576.1		1
576.2		1
576.3		1
576.4		1
576.5		1
576.6		1
576.7		1
576.8		1
576.9		1
577		1
577.1		1
577.2		1
577.3		1
577.4		1
577.5		1
577.6		1
577.7		1
577.8		1
577.9		1
578		1
578.1		1
578.2		1
578.3		1
578.4		1
578.5		1
578.6		1
578.7		1
578.8		1
578.9		1
579		1
579.1		1
579.2		1
579.3		1
579.4		1
579.5		1
579.6		1
579.7		1
579.8		1
579.9		1
580		1
580.1		1
580.2		1
580.3		1
580.4		1
580.5		1
580.6		1
580.7		1
580.8		1
580.9		1
581		1
581.1		1
581.2		1
581.3		1
581.4		1
581.5		1
581.6		1
581.7		1
581.8		1
581.9		1
582		1
582.1		1
582.2		1
582.3		1
582.4		1
582.5		1
582.6		1
582.7		1
582.8		1
582.9		1
583		1
583.1		1
583.2		1
583.3		1
583.4		1
583.5		1
583.6		1
583.7		1
583.8		1
583.9		1
584		1
584.1		1
584.2		1
584.3		1
584.4		1
584.5		1
584.6		1
584.7		1
584.8		1
584.9		1
585		1
585.1		1
585.2		1
585.3		1
585.4		1
585.5		1
585.6		1
585.7		1
585.8		1
585.9		1
586		1
586.1		1
586.2		1
586.3		1
586.4		1
586.5		1
586.6		1
586.7		1
586.8		1
586.9		1
587		1
587.1		1
587.2		1
587.3		1
587.4		1
587.5		1
587.6		1
587.7		1
587.8		1
587.9		1
588		1
588.1		1
588.2		1
588.3		1
588.4		1
588.5		1
588.6		1
588.7		1
588.8		1
588.9		1
589		1
589.1		1
589.2		1
589.3		1
589.4		1
589.5		1
589.6		1
589.7		1
589.8		1
589.9		1
590		1
590.1		1
590.2		1
590.3		1
590.4		1
590.5		1
590.6		1
590.7		1
590.8		1
590.9		1
591		1
591.1		1
591.2		1
591.3		1
591.4		1
591.5		1
591.6		1
591.7		1
591.8		1
591.9		1
592		1
592.1		1
592.2		1
592.3		1
592.4		1
592.5		1
592.6		1
592.7		1
592.8		1
592.9		1
593		1
593.1		1
593.2		1
593.3		1
593.4		1
593.5		1
593.6		1
593.7		1
593.8		1
593.9		1
594		1
594.1		1
594.2		1
594.3		1
594.4		1
594.5		1
594.6		1
594.7		1
594.8		1
594.9		1
595		1
595.1		1
595.2		1
595.3		1
595.4		1
595.5		1
595.6		1
595.7		1
595.8		1
595.9		1
596		1
596.1		1
596.2		1
596.3		1
596.4		1
596.5		1
596.6		1
596.7		1
596.8		1
596.9		1
597		1
597.1		1
597.2		1
597.3		1
597.4		1
597.5		1
597.6		1
597.7		1
597.8		1
597.9		1
598		1
598.1		1
598.2		1
598.3		1
598.4		1
598.5		1
598.6		1
598.7		1
598.8		1
598.9		1
599		1
599.1		1
599.2		1
599.3		1
599.4		1
599.5		1
599.6		1
599.7		1
599.8		1
599.9		1
600		1
