# Calibration file of tamex_id 0 @ channel 11
# fine_T bin		 Calibration value
0.1		0
0.2		0
0.3		0
0.4		0
0.5		0
0.6		0
0.7		0
0.8		0
0.9		0
1		0
1.1		0
1.2		0
1.3		0
1.4		0
1.5		0
1.6		0
1.7		0
1.8		0
1.9		0
2		0
2.1		0
2.2		0
2.3		0
2.4		0
2.5		0
2.6		0
2.7		0
2.8		0
2.9		0
3		0
3.1		0
3.2		0
3.3		0
3.4		0
3.5		0
3.6		0
3.7		0
3.8		0
3.9		0
4		0
4.1		0
4.2		0
4.3		0
4.4		0
4.5		0
4.6		0
4.7		0
4.8		0
4.9		0
5		0
5.1		0
5.2		0
5.3		0
5.4		0
5.5		0
5.6		0
5.7		0
5.8		0
5.9		0
6		0
6.1		0
6.2		0
6.3		0
6.4		0
6.5		0
6.6		0
6.7		0
6.8		0
6.9		0
7		0
7.1		0
7.2		0
7.3		0
7.4		0
7.5		0
7.6		0
7.7		0
7.8		0
7.9		0
8		0
8.1		0
8.2		0
8.3		0
8.4		0
8.5		0
8.6		0
8.7		0
8.8		0
8.9		0
9		0
9.1		0
9.2		0
9.3		0
9.4		0
9.5		0
9.6		0
9.7		0
9.8		0
9.9		0
10		0
10.1		0
10.2		0
10.3		0
10.4		0
10.5		0
10.6		0
10.7		0
10.8		0
10.9		0
11		0
11.1		0
11.2		0
11.3		0
11.4		0
11.5		0
11.6		0
11.7		0
11.8		0
11.9		0
12		0
12.1		0
12.2		0
12.3		0
12.4		0
12.5		0
12.6		0
12.7		0
12.8		0
12.9		0
13		0
13.1		0
13.2		0
13.3		0
13.4		0
13.5		0
13.6		0
13.7		0
13.8		0
13.9		0
14		0
14.1		0
14.2		0
14.3		0
14.4		0
14.5		0
14.6		0
14.7		0
14.8		0
14.9		0
15		0
15.1		0
15.2		0
15.3		0
15.4		0
15.5		0
15.6		0
15.7		0
15.8		0
15.9		0
16		0
16.1		0
16.2		0
16.3		0
16.4		0
16.5		0
16.6		0
16.7		0
16.8		0
16.9		0
17		0
17.1		0.00699639
17.2		0.00699639
17.3		0.00699639
17.4		0.00699639
17.5		0.00699639
17.6		0.00699639
17.7		0.00699639
17.8		0.00699639
17.9		0.00699639
18		0.00699639
18.1		0.00960143
18.2		0.00960143
18.3		0.00960143
18.4		0.00960143
18.5		0.00960143
18.6		0.00960143
18.7		0.00960143
18.8		0.00960143
18.9		0.00960143
19		0.00960143
19.1		0.0107923
19.2		0.0107923
19.3		0.0107923
19.4		0.0107923
19.5		0.0107923
19.6		0.0107923
19.7		0.0107923
19.8		0.0107923
19.9		0.0107923
20		0.0107923
20.1		0.0163001
20.2		0.0163001
20.3		0.0163001
20.4		0.0163001
20.5		0.0163001
20.6		0.0163001
20.7		0.0163001
20.8		0.0163001
20.9		0.0163001
21		0.0163001
21.1		0.0173421
21.2		0.0173421
21.3		0.0173421
21.4		0.0173421
21.5		0.0173421
21.6		0.0173421
21.7		0.0173421
21.8		0.0173421
21.9		0.0173421
22		0.0173421
22.1		0.0187191
22.2		0.0187191
22.3		0.0187191
22.4		0.0187191
22.5		0.0187191
22.6		0.0187191
22.7		0.0187191
22.8		0.0187191
22.9		0.0187191
23		0.0187191
23.1		0.0196867
23.2		0.0196867
23.3		0.0196867
23.4		0.0196867
23.5		0.0196867
23.6		0.0196867
23.7		0.0196867
23.8		0.0196867
23.9		0.0196867
24		0.0196867
24.1		0.020096
24.2		0.020096
24.3		0.020096
24.4		0.020096
24.5		0.020096
24.6		0.020096
24.7		0.020096
24.8		0.020096
24.9		0.020096
25		0.020096
25.1		0.0247851
25.2		0.0247851
25.3		0.0247851
25.4		0.0247851
25.5		0.0247851
25.6		0.0247851
25.7		0.0247851
25.8		0.0247851
25.9		0.0247851
26		0.0247851
26.1		0.0266458
26.2		0.0266458
26.3		0.0266458
26.4		0.0266458
26.5		0.0266458
26.6		0.0266458
26.7		0.0266458
26.8		0.0266458
26.9		0.0266458
27		0.0266458
27.1		0.0267947
27.2		0.0267947
27.3		0.0267947
27.4		0.0267947
27.5		0.0267947
27.6		0.0267947
27.7		0.0267947
27.8		0.0267947
27.9		0.0267947
28		0.0267947
28.1		0.027539
28.2		0.027539
28.3		0.027539
28.4		0.027539
28.5		0.027539
28.6		0.027539
28.7		0.027539
28.8		0.027539
28.9		0.027539
29		0.027539
29.1		0.0278367
29.2		0.0278367
29.3		0.0278367
29.4		0.0278367
29.5		0.0278367
29.6		0.0278367
29.7		0.0278367
29.8		0.0278367
29.9		0.0278367
30		0.0278367
30.1		0.0347587
30.2		0.0347587
30.3		0.0347587
30.4		0.0347587
30.5		0.0347587
30.6		0.0347587
30.7		0.0347587
30.8		0.0347587
30.9		0.0347587
31		0.0347587
31.1		0.0358007
31.2		0.0358007
31.3		0.0358007
31.4		0.0358007
31.5		0.0358007
31.6		0.0358007
31.7		0.0358007
31.8		0.0358007
31.9		0.0358007
32		0.0358007
32.1		0.0372521
32.2		0.0372521
32.3		0.0372521
32.4		0.0372521
32.5		0.0372521
32.6		0.0372521
32.7		0.0372521
32.8		0.0372521
32.9		0.0372521
33		0.0372521
33.1		0.0404153
33.2		0.0404153
33.3		0.0404153
33.4		0.0404153
33.5		0.0404153
33.6		0.0404153
33.7		0.0404153
33.8		0.0404153
33.9		0.0404153
34		0.0404153
34.1		0.0443229
34.2		0.0443229
34.3		0.0443229
34.4		0.0443229
34.5		0.0443229
34.6		0.0443229
34.7		0.0443229
34.8		0.0443229
34.9		0.0443229
35		0.0443229
35.1		0.0455138
35.2		0.0455138
35.3		0.0455138
35.4		0.0455138
35.5		0.0455138
35.6		0.0455138
35.7		0.0455138
35.8		0.0455138
35.9		0.0455138
36		0.0455138
36.1		0.0458487
36.2		0.0458487
36.3		0.0458487
36.4		0.0458487
36.5		0.0458487
36.6		0.0458487
36.7		0.0458487
36.8		0.0458487
36.9		0.0458487
37		0.0458487
37.1		0.0472256
37.2		0.0472256
37.3		0.0472256
37.4		0.0472256
37.5		0.0472256
37.6		0.0472256
37.7		0.0472256
37.8		0.0472256
37.9		0.0472256
38		0.0472256
38.1		0.0510588
38.2		0.0510588
38.3		0.0510588
38.4		0.0510588
38.5		0.0510588
38.6		0.0510588
38.7		0.0510588
38.8		0.0510588
38.9		0.0510588
39		0.0510588
39.1		0.0539243
39.2		0.0539243
39.3		0.0539243
39.4		0.0539243
39.5		0.0539243
39.6		0.0539243
39.7		0.0539243
39.8		0.0539243
39.9		0.0539243
40		0.0539243
40.1		0.0545942
40.2		0.0545942
40.3		0.0545942
40.4		0.0545942
40.5		0.0545942
40.6		0.0545942
40.7		0.0545942
40.8		0.0545942
40.9		0.0545942
41		0.0545942
41.1		0.057162
41.2		0.057162
41.3		0.057162
41.4		0.057162
41.5		0.057162
41.6		0.057162
41.7		0.057162
41.8		0.057162
41.9		0.057162
42		0.057162
42.1		0.0588367
42.2		0.0588367
42.3		0.0588367
42.4		0.0588367
42.5		0.0588367
42.6		0.0588367
42.7		0.0588367
42.8		0.0588367
42.9		0.0588367
43		0.0588367
43.1		0.0602508
43.2		0.0602508
43.3		0.0602508
43.4		0.0602508
43.5		0.0602508
43.6		0.0602508
43.7		0.0602508
43.8		0.0602508
43.9		0.0602508
44		0.0602508
44.1		0.0620744
44.2		0.0620744
44.3		0.0620744
44.4		0.0620744
44.5		0.0620744
44.6		0.0620744
44.7		0.0620744
44.8		0.0620744
44.9		0.0620744
45		0.0620744
45.1		0.0631908
45.2		0.0631908
45.3		0.0631908
45.4		0.0631908
45.5		0.0631908
45.6		0.0631908
45.7		0.0631908
45.8		0.0631908
45.9		0.0631908
46		0.0631908
46.1		0.0668379
46.2		0.0668379
46.3		0.0668379
46.4		0.0668379
46.5		0.0668379
46.6		0.0668379
46.7		0.0668379
46.8		0.0668379
46.9		0.0668379
47		0.0668379
47.1		0.0673216
47.2		0.0673216
47.3		0.0673216
47.4		0.0673216
47.5		0.0673216
47.6		0.0673216
47.7		0.0673216
47.8		0.0673216
47.9		0.0673216
48		0.0673216
48.1		0.0675077
48.2		0.0675077
48.3		0.0675077
48.4		0.0675077
48.5		0.0675077
48.6		0.0675077
48.7		0.0675077
48.8		0.0675077
48.9		0.0675077
49		0.0675077
49.1		0.0713781
49.2		0.0713781
49.3		0.0713781
49.4		0.0713781
49.5		0.0713781
49.6		0.0713781
49.7		0.0713781
49.8		0.0713781
49.9		0.0713781
50		0.0713781
50.1		0.0723829
50.2		0.0723829
50.3		0.0723829
50.4		0.0723829
50.5		0.0723829
50.6		0.0723829
50.7		0.0723829
50.8		0.0723829
50.9		0.0723829
51		0.0723829
51.1		0.0739831
51.2		0.0739831
51.3		0.0739831
51.4		0.0739831
51.5		0.0739831
51.6		0.0739831
51.7		0.0739831
51.8		0.0739831
51.9		0.0739831
52		0.0739831
52.1		0.0765137
52.2		0.0765137
52.3		0.0765137
52.4		0.0765137
52.5		0.0765137
52.6		0.0765137
52.7		0.0765137
52.8		0.0765137
52.9		0.0765137
53		0.0765137
53.1		0.0773324
53.2		0.0773324
53.3		0.0773324
53.4		0.0773324
53.5		0.0773324
53.6		0.0773324
53.7		0.0773324
53.8		0.0773324
53.9		0.0773324
54		0.0773324
54.1		0.0801236
54.2		0.0801236
54.3		0.0801236
54.4		0.0801236
54.5		0.0801236
54.6		0.0801236
54.7		0.0801236
54.8		0.0801236
54.9		0.0801236
55		0.0801236
55.1		0.0832868
55.2		0.0832868
55.3		0.0832868
55.4		0.0832868
55.5		0.0832868
55.6		0.0832868
55.7		0.0832868
55.8		0.0832868
55.9		0.0832868
56		0.0832868
56.1		0.0835845
56.2		0.0835845
56.3		0.0835845
56.4		0.0835845
56.5		0.0835845
56.6		0.0835845
56.7		0.0835845
56.8		0.0835845
56.9		0.0835845
57		0.0835845
57.1		0.083845
57.2		0.083845
57.3		0.083845
57.4		0.083845
57.5		0.083845
57.6		0.083845
57.7		0.083845
57.8		0.083845
57.9		0.083845
58		0.083845
58.1		0.0889807
58.2		0.0889807
58.3		0.0889807
58.4		0.0889807
58.5		0.0889807
58.6		0.0889807
58.7		0.0889807
58.8		0.0889807
58.9		0.0889807
59		0.0889807
59.1		0.0900227
59.2		0.0900227
59.3		0.0900227
59.4		0.0900227
59.5		0.0900227
59.6		0.0900227
59.7		0.0900227
59.8		0.0900227
59.9		0.0900227
60		0.0900227
60.1		0.091809
60.2		0.091809
60.3		0.091809
60.4		0.091809
60.5		0.091809
60.6		0.091809
60.7		0.091809
60.8		0.091809
60.9		0.091809
61		0.091809
61.1		0.093707
61.2		0.093707
61.3		0.093707
61.4		0.093707
61.5		0.093707
61.6		0.093707
61.7		0.093707
61.8		0.093707
61.9		0.093707
62		0.093707
62.1		0.0994008
62.2		0.0994008
62.3		0.0994008
62.4		0.0994008
62.5		0.0994008
62.6		0.0994008
62.7		0.0994008
62.8		0.0994008
62.9		0.0994008
63		0.0994008
63.1		0.100406
63.2		0.100406
63.3		0.100406
63.4		0.100406
63.5		0.100406
63.6		0.100406
63.7		0.100406
63.8		0.100406
63.9		0.100406
64		0.100406
64.1		0.100852
64.2		0.100852
64.3		0.100852
64.4		0.100852
64.5		0.100852
64.6		0.100852
64.7		0.100852
64.8		0.100852
64.9		0.100852
65		0.100852
65.1		0.105132
65.2		0.105132
65.3		0.105132
65.4		0.105132
65.5		0.105132
65.6		0.105132
65.7		0.105132
65.8		0.105132
65.9		0.105132
66		0.105132
66.1		0.10569
66.2		0.10569
66.3		0.10569
66.4		0.10569
66.5		0.10569
66.6		0.10569
66.7		0.10569
66.8		0.10569
66.9		0.10569
67		0.10569
67.1		0.108928
67.2		0.108928
67.3		0.108928
67.4		0.108928
67.5		0.108928
67.6		0.108928
67.7		0.108928
67.8		0.108928
67.9		0.108928
68		0.108928
68.1		0.110565
68.2		0.110565
68.3		0.110565
68.4		0.110565
68.5		0.110565
68.6		0.110565
68.7		0.110565
68.8		0.110565
68.9		0.110565
69		0.110565
69.1		0.112463
69.2		0.112463
69.3		0.112463
69.4		0.112463
69.5		0.112463
69.6		0.112463
69.7		0.112463
69.8		0.112463
69.9		0.112463
70		0.112463
70.1		0.113542
70.2		0.113542
70.3		0.113542
70.4		0.113542
70.5		0.113542
70.6		0.113542
70.7		0.113542
70.8		0.113542
70.9		0.113542
71		0.113542
71.1		0.115999
71.2		0.115999
71.3		0.115999
71.4		0.115999
71.5		0.115999
71.6		0.115999
71.7		0.115999
71.8		0.115999
71.9		0.115999
72		0.115999
72.1		0.11838
72.2		0.11838
72.3		0.11838
72.4		0.11838
72.5		0.11838
72.6		0.11838
72.7		0.11838
72.8		0.11838
72.9		0.11838
73		0.11838
73.1		0.121469
73.2		0.121469
73.3		0.121469
73.4		0.121469
73.5		0.121469
73.6		0.121469
73.7		0.121469
73.8		0.121469
73.9		0.121469
74		0.121469
74.1		0.122809
74.2		0.122809
74.3		0.122809
74.4		0.122809
74.5		0.122809
74.6		0.122809
74.7		0.122809
74.8		0.122809
74.9		0.122809
75		0.122809
75.1		0.123069
75.2		0.123069
75.3		0.123069
75.4		0.123069
75.5		0.123069
75.6		0.123069
75.7		0.123069
75.8		0.123069
75.9		0.123069
76		0.123069
76.1		0.129024
76.2		0.129024
76.3		0.129024
76.4		0.129024
76.5		0.129024
76.6		0.129024
76.7		0.129024
76.8		0.129024
76.9		0.129024
77		0.129024
77.1		0.129433
77.2		0.129433
77.3		0.129433
77.4		0.129433
77.5		0.129433
77.6		0.129433
77.7		0.129433
77.8		0.129433
77.9		0.129433
78		0.129433
78.1		0.129917
78.2		0.129917
78.3		0.129917
78.4		0.129917
78.5		0.129917
78.6		0.129917
78.7		0.129917
78.8		0.129917
78.9		0.129917
79		0.129917
79.1		0.131852
79.2		0.131852
79.3		0.131852
79.4		0.131852
79.5		0.131852
79.6		0.131852
79.7		0.131852
79.8		0.131852
79.9		0.131852
80		0.131852
80.1		0.135536
80.2		0.135536
80.3		0.135536
80.4		0.135536
80.5		0.135536
80.6		0.135536
80.7		0.135536
80.8		0.135536
80.9		0.135536
81		0.135536
81.1		0.138216
81.2		0.138216
81.3		0.138216
81.4		0.138216
81.5		0.138216
81.6		0.138216
81.7		0.138216
81.8		0.138216
81.9		0.138216
82		0.138216
82.1		0.139518
82.2		0.139518
82.3		0.139518
82.4		0.139518
82.5		0.139518
82.6		0.139518
82.7		0.139518
82.8		0.139518
82.9		0.139518
83		0.139518
83.1		0.141081
83.2		0.141081
83.3		0.141081
83.4		0.141081
83.5		0.141081
83.6		0.141081
83.7		0.141081
83.8		0.141081
83.9		0.141081
84		0.141081
84.1		0.143426
84.2		0.143426
84.3		0.143426
84.4		0.143426
84.5		0.143426
84.6		0.143426
84.7		0.143426
84.8		0.143426
84.9		0.143426
85		0.143426
85.1		0.145808
85.2		0.145808
85.3		0.145808
85.4		0.145808
85.5		0.145808
85.6		0.145808
85.7		0.145808
85.8		0.145808
85.9		0.145808
86		0.145808
86.1		0.148487
86.2		0.148487
86.3		0.148487
86.4		0.148487
86.5		0.148487
86.6		0.148487
86.7		0.148487
86.8		0.148487
86.9		0.148487
87		0.148487
87.1		0.150236
87.2		0.150236
87.3		0.150236
87.4		0.150236
87.5		0.150236
87.6		0.150236
87.7		0.150236
87.8		0.150236
87.9		0.150236
88		0.150236
88.1		0.150757
88.2		0.150757
88.3		0.150757
88.4		0.150757
88.5		0.150757
88.6		0.150757
88.7		0.150757
88.8		0.150757
88.9		0.150757
89		0.150757
89.1		0.152618
89.2		0.152618
89.3		0.152618
89.4		0.152618
89.5		0.152618
89.6		0.152618
89.7		0.152618
89.8		0.152618
89.9		0.152618
90		0.152618
90.1		0.157419
90.2		0.157419
90.3		0.157419
90.4		0.157419
90.5		0.157419
90.6		0.157419
90.7		0.157419
90.8		0.157419
90.9		0.157419
91		0.157419
91.1		0.157791
91.2		0.157791
91.3		0.157791
91.4		0.157791
91.5		0.157791
91.6		0.157791
91.7		0.157791
91.8		0.157791
91.9		0.157791
92		0.157791
92.1		0.159689
92.2		0.159689
92.3		0.159689
92.4		0.159689
92.5		0.159689
92.6		0.159689
92.7		0.159689
92.8		0.159689
92.9		0.159689
93		0.159689
93.1		0.160694
93.2		0.160694
93.3		0.160694
93.4		0.160694
93.5		0.160694
93.6		0.160694
93.7		0.160694
93.8		0.160694
93.9		0.160694
94		0.160694
94.1		0.165048
94.2		0.165048
94.3		0.165048
94.4		0.165048
94.5		0.165048
94.6		0.165048
94.7		0.165048
94.8		0.165048
94.9		0.165048
95		0.165048
95.1		0.165978
95.2		0.165978
95.3		0.165978
95.4		0.165978
95.5		0.165978
95.6		0.165978
95.7		0.165978
95.8		0.165978
95.9		0.165978
96		0.165978
96.1		0.167392
96.2		0.167392
96.3		0.167392
96.4		0.167392
96.5		0.167392
96.6		0.167392
96.7		0.167392
96.8		0.167392
96.9		0.167392
97		0.167392
97.1		0.169551
97.2		0.169551
97.3		0.169551
97.4		0.169551
97.5		0.169551
97.6		0.169551
97.7		0.169551
97.8		0.169551
97.9		0.169551
98		0.169551
98.1		0.16996
98.2		0.16996
98.3		0.16996
98.4		0.16996
98.5		0.16996
98.6		0.16996
98.7		0.16996
98.8		0.16996
98.9		0.16996
99		0.16996
99.1		0.174612
99.2		0.174612
99.3		0.174612
99.4		0.174612
99.5		0.174612
99.6		0.174612
99.7		0.174612
99.8		0.174612
99.9		0.174612
100		0.174612
100.1		0.175505
100.2		0.175505
100.3		0.175505
100.4		0.175505
100.5		0.175505
100.6		0.175505
100.7		0.175505
100.8		0.175505
100.9		0.175505
101		0.175505
101.1		0.17584
101.2		0.17584
101.3		0.17584
101.4		0.17584
101.5		0.17584
101.6		0.17584
101.7		0.17584
101.8		0.17584
101.9		0.17584
102		0.17584
102.1		0.179376
102.2		0.179376
102.3		0.179376
102.4		0.179376
102.5		0.179376
102.6		0.179376
102.7		0.179376
102.8		0.179376
102.9		0.179376
103		0.179376
103.1		0.181273
103.2		0.181273
103.3		0.181273
103.4		0.181273
103.5		0.181273
103.6		0.181273
103.7		0.181273
103.8		0.181273
103.9		0.181273
104		0.181273
104.1		0.181534
104.2		0.181534
104.3		0.181534
104.4		0.181534
104.5		0.181534
104.6		0.181534
104.7		0.181534
104.8		0.181534
104.9		0.181534
105		0.181534
105.1		0.186521
105.2		0.186521
105.3		0.186521
105.4		0.186521
105.5		0.186521
105.6		0.186521
105.7		0.186521
105.8		0.186521
105.9		0.186521
106		0.186521
106.1		0.188419
106.2		0.188419
106.3		0.188419
106.4		0.188419
106.5		0.188419
106.6		0.188419
106.7		0.188419
106.8		0.188419
106.9		0.188419
107		0.188419
107.1		0.189684
107.2		0.189684
107.3		0.189684
107.4		0.189684
107.5		0.189684
107.6		0.189684
107.7		0.189684
107.8		0.189684
107.9		0.189684
108		0.189684
108.1		0.189721
108.2		0.189721
108.3		0.189721
108.4		0.189721
108.5		0.189721
108.6		0.189721
108.7		0.189721
108.8		0.189721
108.9		0.189721
109		0.189721
109.1		0.19147
109.2		0.19147
109.3		0.19147
109.4		0.19147
109.5		0.19147
109.6		0.19147
109.7		0.19147
109.8		0.19147
109.9		0.19147
110		0.19147
110.1		0.196197
110.2		0.196197
110.3		0.196197
110.4		0.196197
110.5		0.196197
110.6		0.196197
110.7		0.196197
110.8		0.196197
110.9		0.196197
111		0.196197
111.1		0.198578
111.2		0.198578
111.3		0.198578
111.4		0.198578
111.5		0.198578
111.6		0.198578
111.7		0.198578
111.8		0.198578
111.9		0.198578
112		0.198578
112.1		0.201332
112.2		0.201332
112.3		0.201332
112.4		0.201332
112.5		0.201332
112.6		0.201332
112.7		0.201332
112.8		0.201332
112.9		0.201332
113		0.201332
113.1		0.201593
113.2		0.201593
113.3		0.201593
113.4		0.201593
113.5		0.201593
113.6		0.201593
113.7		0.201593
113.8		0.201593
113.9		0.201593
114		0.201593
114.1		0.207622
114.2		0.207622
114.3		0.207622
114.4		0.207622
114.5		0.207622
114.6		0.207622
114.7		0.207622
114.8		0.207622
114.9		0.207622
115		0.207622
115.1		0.207882
115.2		0.207882
115.3		0.207882
115.4		0.207882
115.5		0.207882
115.6		0.207882
115.7		0.207882
115.8		0.207882
115.9		0.207882
116		0.207882
116.1		0.208031
116.2		0.208031
116.3		0.208031
116.4		0.208031
116.5		0.208031
116.6		0.208031
116.7		0.208031
116.8		0.208031
116.9		0.208031
117		0.208031
117.1		0.209333
117.2		0.209333
117.3		0.209333
117.4		0.209333
117.5		0.209333
117.6		0.209333
117.7		0.209333
117.8		0.209333
117.9		0.209333
118		0.209333
118.1		0.213278
118.2		0.213278
118.3		0.213278
118.4		0.213278
118.5		0.213278
118.6		0.213278
118.7		0.213278
118.8		0.213278
118.9		0.213278
119		0.213278
119.1		0.2154
119.2		0.2154
119.3		0.2154
119.4		0.2154
119.5		0.2154
119.6		0.2154
119.7		0.2154
119.8		0.2154
119.9		0.2154
120		0.2154
120.1		0.217967
120.2		0.217967
120.3		0.217967
120.4		0.217967
120.5		0.217967
120.6		0.217967
120.7		0.217967
120.8		0.217967
120.9		0.217967
121		0.217967
121.1		0.220237
121.2		0.220237
121.3		0.220237
121.4		0.220237
121.5		0.220237
121.6		0.220237
121.7		0.220237
121.8		0.220237
121.9		0.220237
122		0.220237
122.1		0.22154
122.2		0.22154
122.3		0.22154
122.4		0.22154
122.5		0.22154
122.6		0.22154
122.7		0.22154
122.8		0.22154
122.9		0.22154
123		0.22154
123.1		0.224889
123.2		0.224889
123.3		0.224889
123.4		0.224889
123.5		0.224889
123.6		0.224889
123.7		0.224889
123.8		0.224889
123.9		0.224889
124		0.224889
124.1		0.226527
124.2		0.226527
124.3		0.226527
124.4		0.226527
124.5		0.226527
124.6		0.226527
124.7		0.226527
124.8		0.226527
124.9		0.226527
125		0.226527
125.1		0.22675
125.2		0.22675
125.3		0.22675
125.4		0.22675
125.5		0.22675
125.6		0.22675
125.7		0.22675
125.8		0.22675
125.9		0.22675
126		0.22675
126.1		0.232518
126.2		0.232518
126.3		0.232518
126.4		0.232518
126.5		0.232518
126.6		0.232518
126.7		0.232518
126.8		0.232518
126.9		0.232518
127		0.232518
127.1		0.233374
127.2		0.233374
127.3		0.233374
127.4		0.233374
127.5		0.233374
127.6		0.233374
127.7		0.233374
127.8		0.233374
127.9		0.233374
128		0.233374
128.1		0.234714
128.2		0.234714
128.3		0.234714
128.4		0.234714
128.5		0.234714
128.6		0.234714
128.7		0.234714
128.8		0.234714
128.9		0.234714
129		0.234714
129.1		0.239403
129.2		0.239403
129.3		0.239403
129.4		0.239403
129.5		0.239403
129.6		0.239403
129.7		0.239403
129.8		0.239403
129.9		0.239403
130		0.239403
130.1		0.239812
130.2		0.239812
130.3		0.239812
130.4		0.239812
130.5		0.239812
130.6		0.239812
130.7		0.239812
130.8		0.239812
130.9		0.239812
131		0.239812
131.1		0.244725
131.2		0.244725
131.3		0.244725
131.4		0.244725
131.5		0.244725
131.6		0.244725
131.7		0.244725
131.8		0.244725
131.9		0.244725
132		0.244725
132.1		0.246846
132.2		0.246846
132.3		0.246846
132.4		0.246846
132.5		0.246846
132.6		0.246846
132.7		0.246846
132.8		0.246846
132.9		0.246846
133		0.246846
133.1		0.246995
133.2		0.246995
133.3		0.246995
133.4		0.246995
133.5		0.246995
133.6		0.246995
133.7		0.246995
133.8		0.246995
133.9		0.246995
134		0.246995
134.1		0.247479
134.2		0.247479
134.3		0.247479
134.4		0.247479
134.5		0.247479
134.6		0.247479
134.7		0.247479
134.8		0.247479
134.9		0.247479
135		0.247479
135.1		0.250865
135.2		0.250865
135.3		0.250865
135.4		0.250865
135.5		0.250865
135.6		0.250865
135.7		0.250865
135.8		0.250865
135.9		0.250865
136		0.250865
136.1		0.254587
136.2		0.254587
136.3		0.254587
136.4		0.254587
136.5		0.254587
136.6		0.254587
136.7		0.254587
136.8		0.254587
136.9		0.254587
137		0.254587
137.1		0.257601
137.2		0.257601
137.3		0.257601
137.4		0.257601
137.5		0.257601
137.6		0.257601
137.7		0.257601
137.8		0.257601
137.9		0.257601
138		0.257601
138.1		0.258718
138.2		0.258718
138.3		0.258718
138.4		0.258718
138.5		0.258718
138.6		0.258718
138.7		0.258718
138.8		0.258718
138.9		0.258718
139		0.258718
139.1		0.259722
139.2		0.259722
139.3		0.259722
139.4		0.259722
139.5		0.259722
139.6		0.259722
139.7		0.259722
139.8		0.259722
139.9		0.259722
140		0.259722
140.1		0.263667
140.2		0.263667
140.3		0.263667
140.4		0.263667
140.5		0.263667
140.6		0.263667
140.7		0.263667
140.8		0.263667
140.9		0.263667
141		0.263667
141.1		0.265937
141.2		0.265937
141.3		0.265937
141.4		0.265937
141.5		0.265937
141.6		0.265937
141.7		0.265937
141.8		0.265937
141.9		0.265937
142		0.265937
142.1		0.267947
142.2		0.267947
142.3		0.267947
142.4		0.267947
142.5		0.267947
142.6		0.267947
142.7		0.267947
142.8		0.267947
142.9		0.267947
143		0.267947
143.1		0.268952
143.2		0.268952
143.3		0.268952
143.4		0.268952
143.5		0.268952
143.6		0.268952
143.7		0.268952
143.8		0.268952
143.9		0.268952
144		0.268952
144.1		0.272785
144.2		0.272785
144.3		0.272785
144.4		0.272785
144.5		0.272785
144.6		0.272785
144.7		0.272785
144.8		0.272785
144.9		0.272785
145		0.272785
145.1		0.272971
145.2		0.272971
145.3		0.272971
145.4		0.272971
145.5		0.272971
145.6		0.272971
145.7		0.272971
145.8		0.272971
145.9		0.272971
146		0.272971
146.1		0.275576
146.2		0.275576
146.3		0.275576
146.4		0.275576
146.5		0.275576
146.6		0.275576
146.7		0.275576
146.8		0.275576
146.9		0.275576
147		0.275576
147.1		0.275725
147.2		0.275725
147.3		0.275725
147.4		0.275725
147.5		0.275725
147.6		0.275725
147.7		0.275725
147.8		0.275725
147.9		0.275725
148		0.275725
148.1		0.282126
148.2		0.282126
148.3		0.282126
148.4		0.282126
148.5		0.282126
148.6		0.282126
148.7		0.282126
148.8		0.282126
148.9		0.282126
149		0.282126
149.1		0.282423
149.2		0.282423
149.3		0.282423
149.4		0.282423
149.5		0.282423
149.6		0.282423
149.7		0.282423
149.8		0.282423
149.9		0.282423
150		0.282423
150.1		0.283652
150.2		0.283652
150.3		0.283652
150.4		0.283652
150.5		0.283652
150.6		0.283652
150.7		0.283652
150.8		0.283652
150.9		0.283652
151		0.283652
151.1		0.284061
151.2		0.284061
151.3		0.284061
151.4		0.284061
151.5		0.284061
151.6		0.284061
151.7		0.284061
151.8		0.284061
151.9		0.284061
152		0.284061
152.1		0.288564
152.2		0.288564
152.3		0.288564
152.4		0.288564
152.5		0.288564
152.6		0.288564
152.7		0.288564
152.8		0.288564
152.9		0.288564
153		0.288564
153.1		0.290908
153.2		0.290908
153.3		0.290908
153.4		0.290908
153.5		0.290908
153.6		0.290908
153.7		0.290908
153.8		0.290908
153.9		0.290908
154		0.290908
154.1		0.293848
154.2		0.293848
154.3		0.293848
154.4		0.293848
154.5		0.293848
154.6		0.293848
154.7		0.293848
154.8		0.293848
154.9		0.293848
155		0.293848
155.1		0.295263
155.2		0.295263
155.3		0.295263
155.4		0.295263
155.5		0.295263
155.6		0.295263
155.7		0.295263
155.8		0.295263
155.9		0.295263
156		0.295263
156.1		0.296788
156.2		0.296788
156.3		0.296788
156.4		0.296788
156.5		0.296788
156.6		0.296788
156.7		0.296788
156.8		0.296788
156.9		0.296788
157		0.296788
157.1		0.297905
157.2		0.297905
157.3		0.297905
157.4		0.297905
157.5		0.297905
157.6		0.297905
157.7		0.297905
157.8		0.297905
157.9		0.297905
158		0.297905
158.1		0.300659
158.2		0.300659
158.3		0.300659
158.4		0.300659
158.5		0.300659
158.6		0.300659
158.7		0.300659
158.8		0.300659
158.9		0.300659
159		0.300659
159.1		0.302333
159.2		0.302333
159.3		0.302333
159.4		0.302333
159.5		0.302333
159.6		0.302333
159.7		0.302333
159.8		0.302333
159.9		0.302333
160		0.302333
160.1		0.305645
160.2		0.305645
160.3		0.305645
160.4		0.305645
160.5		0.305645
160.6		0.305645
160.7		0.305645
160.8		0.305645
160.9		0.305645
161		0.305645
161.1		0.308474
161.2		0.308474
161.3		0.308474
161.4		0.308474
161.5		0.308474
161.6		0.308474
161.7		0.308474
161.8		0.308474
161.9		0.308474
162		0.308474
162.1		0.311079
162.2		0.311079
162.3		0.311079
162.4		0.311079
162.5		0.311079
162.6		0.311079
162.7		0.311079
162.8		0.311079
162.9		0.311079
163		0.311079
163.1		0.312009
163.2		0.312009
163.3		0.312009
163.4		0.312009
163.5		0.312009
163.6		0.312009
163.7		0.312009
163.8		0.312009
163.9		0.312009
164		0.312009
164.1		0.312679
164.2		0.312679
164.3		0.312679
164.4		0.312679
164.5		0.312679
164.6		0.312679
164.7		0.312679
164.8		0.312679
164.9		0.312679
165		0.312679
165.1		0.315433
165.2		0.315433
165.3		0.315433
165.4		0.315433
165.5		0.315433
165.6		0.315433
165.7		0.315433
165.8		0.315433
165.9		0.315433
166		0.315433
166.1		0.318373
166.2		0.318373
166.3		0.318373
166.4		0.318373
166.5		0.318373
166.6		0.318373
166.7		0.318373
166.8		0.318373
166.9		0.318373
167		0.318373
167.1		0.320457
167.2		0.320457
167.3		0.320457
167.4		0.320457
167.5		0.320457
167.6		0.320457
167.7		0.320457
167.8		0.320457
167.9		0.320457
168		0.320457
168.1		0.320643
168.2		0.320643
168.3		0.320643
168.4		0.320643
168.5		0.320643
168.6		0.320643
168.7		0.320643
168.8		0.320643
168.9		0.320643
169		0.320643
169.1		0.322355
169.2		0.322355
169.3		0.322355
169.4		0.322355
169.5		0.322355
169.6		0.322355
169.7		0.322355
169.8		0.322355
169.9		0.322355
170		0.322355
170.1		0.32697
170.2		0.32697
170.3		0.32697
170.4		0.32697
170.5		0.32697
170.6		0.32697
170.7		0.32697
170.8		0.32697
170.9		0.32697
171		0.32697
171.1		0.328421
171.2		0.328421
171.3		0.328421
171.4		0.328421
171.5		0.328421
171.6		0.328421
171.7		0.328421
171.8		0.328421
171.9		0.328421
172		0.328421
172.1		0.330431
172.2		0.330431
172.3		0.330431
172.4		0.330431
172.5		0.330431
172.6		0.330431
172.7		0.330431
172.8		0.330431
172.9		0.330431
173		0.330431
173.1		0.332589
173.2		0.332589
173.3		0.332589
173.4		0.332589
173.5		0.332589
173.6		0.332589
173.7		0.332589
173.8		0.332589
173.9		0.332589
174		0.332589
174.1		0.336236
174.2		0.336236
174.3		0.336236
174.4		0.336236
174.5		0.336236
174.6		0.336236
174.7		0.336236
174.8		0.336236
174.9		0.336236
175		0.336236
175.1		0.337836
175.2		0.337836
175.3		0.337836
175.4		0.337836
175.5		0.337836
175.6		0.337836
175.7		0.337836
175.8		0.337836
175.9		0.337836
176		0.337836
176.1		0.340441
176.2		0.340441
176.3		0.340441
176.4		0.340441
176.5		0.340441
176.6		0.340441
176.7		0.340441
176.8		0.340441
176.9		0.340441
177		0.340441
177.1		0.341409
177.2		0.341409
177.3		0.341409
177.4		0.341409
177.5		0.341409
177.6		0.341409
177.7		0.341409
177.8		0.341409
177.9		0.341409
178		0.341409
178.1		0.344721
178.2		0.344721
178.3		0.344721
178.4		0.344721
178.5		0.344721
178.6		0.344721
178.7		0.344721
178.8		0.344721
178.9		0.344721
179		0.344721
179.1		0.348443
179.2		0.348443
179.3		0.348443
179.4		0.348443
179.5		0.348443
179.6		0.348443
179.7		0.348443
179.8		0.348443
179.9		0.348443
180		0.348443
180.1		0.348554
180.2		0.348554
180.3		0.348554
180.4		0.348554
180.5		0.348554
180.6		0.348554
180.7		0.348554
180.8		0.348554
180.9		0.348554
181		0.348554
181.1		0.350229
181.2		0.350229
181.3		0.350229
181.4		0.350229
181.5		0.350229
181.6		0.350229
181.7		0.350229
181.8		0.350229
181.9		0.350229
182		0.350229
182.1		0.355253
182.2		0.355253
182.3		0.355253
182.4		0.355253
182.5		0.355253
182.6		0.355253
182.7		0.355253
182.8		0.355253
182.9		0.355253
183		0.355253
183.1		0.355737
183.2		0.355737
183.3		0.355737
183.4		0.355737
183.5		0.355737
183.6		0.355737
183.7		0.355737
183.8		0.355737
183.9		0.355737
184		0.355737
184.1		0.357337
184.2		0.357337
184.3		0.357337
184.4		0.357337
184.5		0.357337
184.6		0.357337
184.7		0.357337
184.8		0.357337
184.9		0.357337
185		0.357337
185.1		0.360165
185.2		0.360165
185.3		0.360165
185.4		0.360165
185.5		0.360165
185.6		0.360165
185.7		0.360165
185.8		0.360165
185.9		0.360165
186		0.360165
186.1		0.365152
186.2		0.365152
186.3		0.365152
186.4		0.365152
186.5		0.365152
186.6		0.365152
186.7		0.365152
186.8		0.365152
186.9		0.365152
187		0.365152
187.1		0.36705
187.2		0.36705
187.3		0.36705
187.4		0.36705
187.5		0.36705
187.6		0.36705
187.7		0.36705
187.8		0.36705
187.9		0.36705
188		0.36705
188.1		0.367906
188.2		0.367906
188.3		0.367906
188.4		0.367906
188.5		0.367906
188.6		0.367906
188.7		0.367906
188.8		0.367906
188.9		0.367906
189		0.367906
189.1		0.368985
189.2		0.368985
189.3		0.368985
189.4		0.368985
189.5		0.368985
189.6		0.368985
189.7		0.368985
189.8		0.368985
189.9		0.368985
190		0.368985
190.1		0.369246
190.2		0.369246
190.3		0.369246
190.4		0.369246
190.5		0.369246
190.6		0.369246
190.7		0.369246
190.8		0.369246
190.9		0.369246
191		0.369246
191.1		0.375423
191.2		0.375423
191.3		0.375423
191.4		0.375423
191.5		0.375423
191.6		0.375423
191.7		0.375423
191.8		0.375423
191.9		0.375423
192		0.375423
192.1		0.377024
192.2		0.377024
192.3		0.377024
192.4		0.377024
192.5		0.377024
192.6		0.377024
192.7		0.377024
192.8		0.377024
192.9		0.377024
193		0.377024
193.1		0.377135
193.2		0.377135
193.3		0.377135
193.4		0.377135
193.5		0.377135
193.6		0.377135
193.7		0.377135
193.8		0.377135
193.9		0.377135
194		0.377135
194.1		0.377954
194.2		0.377954
194.3		0.377954
194.4		0.377954
194.5		0.377954
194.6		0.377954
194.7		0.377954
194.8		0.377954
194.9		0.377954
195		0.377954
195.1		0.379108
195.2		0.379108
195.3		0.379108
195.4		0.379108
195.5		0.379108
195.6		0.379108
195.7		0.379108
195.8		0.379108
195.9		0.379108
196		0.379108
196.1		0.383722
196.2		0.383722
196.3		0.383722
196.4		0.383722
196.5		0.383722
196.6		0.383722
196.7		0.383722
196.8		0.383722
196.9		0.383722
197		0.383722
197.1		0.385099
197.2		0.385099
197.3		0.385099
197.4		0.385099
197.5		0.385099
197.6		0.385099
197.7		0.385099
197.8		0.385099
197.9		0.385099
198		0.385099
198.1		0.385397
198.2		0.385397
198.3		0.385397
198.4		0.385397
198.5		0.385397
198.6		0.385397
198.7		0.385397
198.8		0.385397
198.9		0.385397
199		0.385397
199.1		0.386141
199.2		0.386141
199.3		0.386141
199.4		0.386141
199.5		0.386141
199.6		0.386141
199.7		0.386141
199.8		0.386141
199.9		0.386141
200		0.386141
200.1		0.393435
200.2		0.393435
200.3		0.393435
200.4		0.393435
200.5		0.393435
200.6		0.393435
200.7		0.393435
200.8		0.393435
200.9		0.393435
201		0.393435
201.1		0.394366
201.2		0.394366
201.3		0.394366
201.4		0.394366
201.5		0.394366
201.6		0.394366
201.7		0.394366
201.8		0.394366
201.9		0.394366
202		0.394366
202.1		0.396078
202.2		0.396078
202.3		0.396078
202.4		0.396078
202.5		0.396078
202.6		0.396078
202.7		0.396078
202.8		0.396078
202.9		0.396078
203		0.396078
203.1		0.396747
203.2		0.396747
203.3		0.396747
203.4		0.396747
203.5		0.396747
203.6		0.396747
203.7		0.396747
203.8		0.396747
203.9		0.396747
204		0.396747
204.1		0.402925
204.2		0.402925
204.3		0.402925
204.4		0.402925
204.5		0.402925
204.6		0.402925
204.7		0.402925
204.8		0.402925
204.9		0.402925
205		0.402925
205.1		0.40326
205.2		0.40326
205.3		0.40326
205.4		0.40326
205.5		0.40326
205.6		0.40326
205.7		0.40326
205.8		0.40326
205.9		0.40326
206		0.40326
206.1		0.403967
206.2		0.403967
206.3		0.403967
206.4		0.403967
206.5		0.403967
206.6		0.403967
206.7		0.403967
206.8		0.403967
206.9		0.403967
207		0.403967
207.1		0.405642
207.2		0.405642
207.3		0.405642
207.4		0.405642
207.5		0.405642
207.6		0.405642
207.7		0.405642
207.8		0.405642
207.9		0.405642
208		0.405642
208.1		0.412303
208.2		0.412303
208.3		0.412303
208.4		0.412303
208.5		0.412303
208.6		0.412303
208.7		0.412303
208.8		0.412303
208.9		0.412303
209		0.412303
209.1		0.413308
209.2		0.413308
209.3		0.413308
209.4		0.413308
209.5		0.413308
209.6		0.413308
209.7		0.413308
209.8		0.413308
209.9		0.413308
210		0.413308
210.1		0.413569
210.2		0.413569
210.3		0.413569
210.4		0.413569
210.5		0.413569
210.6		0.413569
210.7		0.413569
210.8		0.413569
210.9		0.413569
211		0.413569
211.1		0.414908
211.2		0.414908
211.3		0.414908
211.4		0.414908
211.5		0.414908
211.6		0.414908
211.7		0.414908
211.8		0.414908
211.9		0.414908
212		0.414908
212.1		0.41863
212.2		0.41863
212.3		0.41863
212.4		0.41863
212.5		0.41863
212.6		0.41863
212.7		0.41863
212.8		0.41863
212.9		0.41863
213		0.41863
213.1		0.421123
213.2		0.421123
213.3		0.421123
213.4		0.421123
213.5		0.421123
213.6		0.421123
213.7		0.421123
213.8		0.421123
213.9		0.421123
214		0.421123
214.1		0.421905
214.2		0.421905
214.3		0.421905
214.4		0.421905
214.5		0.421905
214.6		0.421905
214.7		0.421905
214.8		0.421905
214.9		0.421905
215		0.421905
215.1		0.422277
215.2		0.422277
215.3		0.422277
215.4		0.422277
215.5		0.422277
215.6		0.422277
215.7		0.422277
215.8		0.422277
215.9		0.422277
216		0.422277
216.1		0.427561
216.2		0.427561
216.3		0.427561
216.4		0.427561
216.5		0.427561
216.6		0.427561
216.7		0.427561
216.8		0.427561
216.9		0.427561
217		0.427561
217.1		0.428752
217.2		0.428752
217.3		0.428752
217.4		0.428752
217.5		0.428752
217.6		0.428752
217.7		0.428752
217.8		0.428752
217.9		0.428752
218		0.428752
218.1		0.430204
218.2		0.430204
218.3		0.430204
218.4		0.430204
218.5		0.430204
218.6		0.430204
218.7		0.430204
218.8		0.430204
218.9		0.430204
219		0.430204
219.1		0.432325
219.2		0.432325
219.3		0.432325
219.4		0.432325
219.5		0.432325
219.6		0.432325
219.7		0.432325
219.8		0.432325
219.9		0.432325
220		0.432325
220.1		0.434223
220.2		0.434223
220.3		0.434223
220.4		0.434223
220.5		0.434223
220.6		0.434223
220.7		0.434223
220.8		0.434223
220.9		0.434223
221		0.434223
221.1		0.436307
221.2		0.436307
221.3		0.436307
221.4		0.436307
221.5		0.436307
221.6		0.436307
221.7		0.436307
221.8		0.436307
221.9		0.436307
222		0.436307
222.1		0.43854
222.2		0.43854
222.3		0.43854
222.4		0.43854
222.5		0.43854
222.6		0.43854
222.7		0.43854
222.8		0.43854
222.9		0.43854
223		0.43854
223.1		0.441926
223.2		0.441926
223.3		0.441926
223.4		0.441926
223.5		0.441926
223.6		0.441926
223.7		0.441926
223.8		0.441926
223.9		0.441926
224		0.441926
224.1		0.443675
224.2		0.443675
224.3		0.443675
224.4		0.443675
224.5		0.443675
224.6		0.443675
224.7		0.443675
224.8		0.443675
224.9		0.443675
225		0.443675
225.1		0.445387
225.2		0.445387
225.3		0.445387
225.4		0.445387
225.5		0.445387
225.6		0.445387
225.7		0.445387
225.8		0.445387
225.9		0.445387
226		0.445387
226.1		0.448699
226.2		0.448699
226.3		0.448699
226.4		0.448699
226.5		0.448699
226.6		0.448699
226.7		0.448699
226.8		0.448699
226.9		0.448699
227		0.448699
227.1		0.44989
227.2		0.44989
227.3		0.44989
227.4		0.44989
227.5		0.44989
227.6		0.44989
227.7		0.44989
227.8		0.44989
227.9		0.44989
228		0.44989
228.1		0.452905
228.2		0.452905
228.3		0.452905
228.4		0.452905
228.5		0.452905
228.6		0.452905
228.7		0.452905
228.8		0.452905
228.9		0.452905
229		0.452905
229.1		0.454654
229.2		0.454654
229.3		0.454654
229.4		0.454654
229.5		0.454654
229.6		0.454654
229.7		0.454654
229.8		0.454654
229.9		0.454654
230		0.454654
230.1		0.458971
230.2		0.458971
230.3		0.458971
230.4		0.458971
230.5		0.458971
230.6		0.458971
230.7		0.458971
230.8		0.458971
230.9		0.458971
231		0.458971
231.1		0.459082
231.2		0.459082
231.3		0.459082
231.4		0.459082
231.5		0.459082
231.6		0.459082
231.7		0.459082
231.8		0.459082
231.9		0.459082
232		0.459082
232.1		0.461278
232.2		0.461278
232.3		0.461278
232.4		0.461278
232.5		0.461278
232.6		0.461278
232.7		0.461278
232.8		0.461278
232.9		0.461278
233		0.461278
233.1		0.463399
233.2		0.463399
233.3		0.463399
233.4		0.463399
233.5		0.463399
233.6		0.463399
233.7		0.463399
233.8		0.463399
233.9		0.463399
234		0.463399
234.1		0.463697
234.2		0.463697
234.3		0.463697
234.4		0.463697
234.5		0.463697
234.6		0.463697
234.7		0.463697
234.8		0.463697
234.9		0.463697
235		0.463697
235.1		0.466897
235.2		0.466897
235.3		0.466897
235.4		0.466897
235.5		0.466897
235.6		0.466897
235.7		0.466897
235.8		0.466897
235.9		0.466897
236		0.466897
236.1		0.467195
236.2		0.467195
236.3		0.467195
236.4		0.467195
236.5		0.467195
236.6		0.467195
236.7		0.467195
236.8		0.467195
236.9		0.467195
237		0.467195
237.1		0.470433
237.2		0.470433
237.3		0.470433
237.4		0.470433
237.5		0.470433
237.6		0.470433
237.7		0.470433
237.8		0.470433
237.9		0.470433
238		0.470433
238.1		0.472777
238.2		0.472777
238.3		0.472777
238.4		0.472777
238.5		0.472777
238.6		0.472777
238.7		0.472777
238.8		0.472777
238.9		0.472777
239		0.472777
239.1		0.473373
239.2		0.473373
239.3		0.473373
239.4		0.473373
239.5		0.473373
239.6		0.473373
239.7		0.473373
239.8		0.473373
239.9		0.473373
240		0.473373
240.1		0.473968
240.2		0.473968
240.3		0.473968
240.4		0.473968
240.5		0.473968
240.6		0.473968
240.7		0.473968
240.8		0.473968
240.9		0.473968
241		0.473968
241.1		0.475457
241.2		0.475457
241.3		0.475457
241.4		0.475457
241.5		0.475457
241.6		0.475457
241.7		0.475457
241.8		0.475457
241.9		0.475457
242		0.475457
242.1		0.47996
242.2		0.47996
242.3		0.47996
242.4		0.47996
242.5		0.47996
242.6		0.47996
242.7		0.47996
242.8		0.47996
242.9		0.47996
243		0.47996
243.1		0.482081
243.2		0.482081
243.3		0.482081
243.4		0.482081
243.5		0.482081
243.6		0.482081
243.7		0.482081
243.8		0.482081
243.9		0.482081
244		0.482081
244.1		0.482528
244.2		0.482528
244.3		0.482528
244.4		0.482528
244.5		0.482528
244.6		0.482528
244.7		0.482528
244.8		0.482528
244.9		0.482528
245		0.482528
245.1		0.482937
245.2		0.482937
245.3		0.482937
245.4		0.482937
245.5		0.482937
245.6		0.482937
245.7		0.482937
245.8		0.482937
245.9		0.482937
246		0.482937
246.1		0.487105
246.2		0.487105
246.3		0.487105
246.4		0.487105
246.5		0.487105
246.6		0.487105
246.7		0.487105
246.8		0.487105
246.9		0.487105
247		0.487105
247.1		0.487738
247.2		0.487738
247.3		0.487738
247.4		0.487738
247.5		0.487738
247.6		0.487738
247.7		0.487738
247.8		0.487738
247.9		0.487738
248		0.487738
248.1		0.490119
248.2		0.490119
248.3		0.490119
248.4		0.490119
248.5		0.490119
248.6		0.490119
248.7		0.490119
248.8		0.490119
248.9		0.490119
249		0.490119
249.1		0.492427
249.2		0.492427
249.3		0.492427
249.4		0.492427
249.5		0.492427
249.6		0.492427
249.7		0.492427
249.8		0.492427
249.9		0.492427
250		0.492427
250.1		0.494176
250.2		0.494176
250.3		0.494176
250.4		0.494176
250.5		0.494176
250.6		0.494176
250.7		0.494176
250.8		0.494176
250.9		0.494176
251		0.494176
251.1		0.498344
251.2		0.498344
251.3		0.498344
251.4		0.498344
251.5		0.498344
251.6		0.498344
251.7		0.498344
251.8		0.498344
251.9		0.498344
252		0.498344
252.1		0.500279
252.2		0.500279
252.3		0.500279
252.4		0.500279
252.5		0.500279
252.6		0.500279
252.7		0.500279
252.8		0.500279
252.9		0.500279
253		0.500279
253.1		0.501098
253.2		0.501098
253.3		0.501098
253.4		0.501098
253.5		0.501098
253.6		0.501098
253.7		0.501098
253.8		0.501098
253.9		0.501098
254		0.501098
254.1		0.501247
254.2		0.501247
254.3		0.501247
254.4		0.501247
254.5		0.501247
254.6		0.501247
254.7		0.501247
254.8		0.501247
254.9		0.501247
255		0.501247
255.1		0.50307
255.2		0.50307
255.3		0.50307
255.4		0.50307
255.5		0.50307
255.6		0.50307
255.7		0.50307
255.8		0.50307
255.9		0.50307
256		0.50307
256.1		0.508206
256.2		0.508206
256.3		0.508206
256.4		0.508206
256.5		0.508206
256.6		0.508206
256.7		0.508206
256.8		0.508206
256.9		0.508206
257		0.508206
257.1		0.509806
257.2		0.509806
257.3		0.509806
257.4		0.509806
257.5		0.509806
257.6		0.509806
257.7		0.509806
257.8		0.509806
257.9		0.509806
258		0.509806
258.1		0.510029
258.2		0.510029
258.3		0.510029
258.4		0.510029
258.5		0.510029
258.6		0.510029
258.7		0.510029
258.8		0.510029
258.9		0.510029
259		0.510029
259.1		0.511332
259.2		0.511332
259.3		0.511332
259.4		0.511332
259.5		0.511332
259.6		0.511332
259.7		0.511332
259.8		0.511332
259.9		0.511332
260		0.511332
260.1		0.516133
260.2		0.516133
260.3		0.516133
260.4		0.516133
260.5		0.516133
260.6		0.516133
260.7		0.516133
260.8		0.516133
260.9		0.516133
261		0.516133
261.1		0.51911
261.2		0.51911
261.3		0.51911
261.4		0.51911
261.5		0.51911
261.6		0.51911
261.7		0.51911
261.8		0.51911
261.9		0.51911
262		0.51911
262.1		0.519408
262.2		0.519408
262.3		0.519408
262.4		0.519408
262.5		0.519408
262.6		0.519408
262.7		0.519408
262.8		0.519408
262.9		0.519408
263		0.519408
263.1		0.521119
263.2		0.521119
263.3		0.521119
263.4		0.521119
263.5		0.521119
263.6		0.521119
263.7		0.521119
263.8		0.521119
263.9		0.521119
264		0.521119
264.1		0.525622
264.2		0.525622
264.3		0.525622
264.4		0.525622
264.5		0.525622
264.6		0.525622
264.7		0.525622
264.8		0.525622
264.9		0.525622
265		0.525622
265.1		0.526367
265.2		0.526367
265.3		0.526367
265.4		0.526367
265.5		0.526367
265.6		0.526367
265.7		0.526367
265.8		0.526367
265.9		0.526367
266		0.526367
266.1		0.527893
266.2		0.527893
266.3		0.527893
266.4		0.527893
266.5		0.527893
266.6		0.527893
266.7		0.527893
266.8		0.527893
266.9		0.527893
267		0.527893
267.1		0.529716
267.2		0.529716
267.3		0.529716
267.4		0.529716
267.5		0.529716
267.6		0.529716
267.7		0.529716
267.8		0.529716
267.9		0.529716
268		0.529716
268.1		0.534145
268.2		0.534145
268.3		0.534145
268.4		0.534145
268.5		0.534145
268.6		0.534145
268.7		0.534145
268.8		0.534145
268.9		0.534145
269		0.534145
269.1		0.535782
269.2		0.535782
269.3		0.535782
269.4		0.535782
269.5		0.535782
269.6		0.535782
269.7		0.535782
269.8		0.535782
269.9		0.535782
270		0.535782
270.1		0.536266
270.2		0.536266
270.3		0.536266
270.4		0.536266
270.5		0.536266
270.6		0.536266
270.7		0.536266
270.8		0.536266
270.9		0.536266
271		0.536266
271.1		0.539243
271.2		0.539243
271.3		0.539243
271.4		0.539243
271.5		0.539243
271.6		0.539243
271.7		0.539243
271.8		0.539243
271.9		0.539243
272		0.539243
272.1		0.543113
272.2		0.543113
272.3		0.543113
272.4		0.543113
272.5		0.543113
272.6		0.543113
272.7		0.543113
272.8		0.543113
272.9		0.543113
273		0.543113
273.1		0.544304
273.2		0.544304
273.3		0.544304
273.4		0.544304
273.5		0.544304
273.6		0.544304
273.7		0.544304
273.8		0.544304
273.9		0.544304
274		0.544304
274.1		0.544862
274.2		0.544862
274.3		0.544862
274.4		0.544862
274.5		0.544862
274.6		0.544862
274.7		0.544862
274.8		0.544862
274.9		0.544862
275		0.544862
275.1		0.545644
275.2		0.545644
275.3		0.545644
275.4		0.545644
275.5		0.545644
275.6		0.545644
275.7		0.545644
275.8		0.545644
275.9		0.545644
276		0.545644
276.1		0.549812
276.2		0.549812
276.3		0.549812
276.4		0.549812
276.5		0.549812
276.6		0.549812
276.7		0.549812
276.8		0.549812
276.9		0.549812
277		0.549812
277.1		0.551263
277.2		0.551263
277.3		0.551263
277.4		0.551263
277.5		0.551263
277.6		0.551263
277.7		0.551263
277.8		0.551263
277.9		0.551263
278		0.551263
278.1		0.553906
278.2		0.553906
278.3		0.553906
278.4		0.553906
278.5		0.553906
278.6		0.553906
278.7		0.553906
278.8		0.553906
278.9		0.553906
279		0.553906
279.1		0.555022
279.2		0.555022
279.3		0.555022
279.4		0.555022
279.5		0.555022
279.6		0.555022
279.7		0.555022
279.8		0.555022
279.9		0.555022
280		0.555022
280.1		0.556399
280.2		0.556399
280.3		0.556399
280.4		0.556399
280.5		0.556399
280.6		0.556399
280.7		0.556399
280.8		0.556399
280.9		0.556399
281		0.556399
281.1		0.561721
281.2		0.561721
281.3		0.561721
281.4		0.561721
281.5		0.561721
281.6		0.561721
281.7		0.561721
281.8		0.561721
281.9		0.561721
282		0.561721
282.1		0.563544
282.2		0.563544
282.3		0.563544
282.4		0.563544
282.5		0.563544
282.6		0.563544
282.7		0.563544
282.8		0.563544
282.9		0.563544
283		0.563544
283.1		0.565926
283.2		0.565926
283.3		0.565926
283.4		0.565926
283.5		0.565926
283.6		0.565926
283.7		0.565926
283.8		0.565926
283.9		0.565926
284		0.565926
284.1		0.566261
284.2		0.566261
284.3		0.566261
284.4		0.566261
284.5		0.566261
284.6		0.566261
284.7		0.566261
284.8		0.566261
284.9		0.566261
285		0.566261
285.1		0.570615
285.2		0.570615
285.3		0.570615
285.4		0.570615
285.5		0.570615
285.6		0.570615
285.7		0.570615
285.8		0.570615
285.9		0.570615
286		0.570615
286.1		0.573592
286.2		0.573592
286.3		0.573592
286.4		0.573592
286.5		0.573592
286.6		0.573592
286.7		0.573592
286.8		0.573592
286.9		0.573592
287		0.573592
287.1		0.573816
287.2		0.573816
287.3		0.573816
287.4		0.573816
287.5		0.573816
287.6		0.573816
287.7		0.573816
287.8		0.573816
287.9		0.573816
288		0.573816
288.1		0.576123
288.2		0.576123
288.3		0.576123
288.4		0.576123
288.5		0.576123
288.6		0.576123
288.7		0.576123
288.8		0.576123
288.9		0.576123
289		0.576123
289.1		0.579361
289.2		0.579361
289.3		0.579361
289.4		0.579361
289.5		0.579361
289.6		0.579361
289.7		0.579361
289.8		0.579361
289.9		0.579361
290		0.579361
290.1		0.582896
290.2		0.582896
290.3		0.582896
290.4		0.582896
290.5		0.582896
290.6		0.582896
290.7		0.582896
290.8		0.582896
290.9		0.582896
291		0.582896
291.1		0.585315
291.2		0.585315
291.3		0.585315
291.4		0.585315
291.5		0.585315
291.6		0.585315
291.7		0.585315
291.8		0.585315
291.9		0.585315
292		0.585315
292.1		0.585315
292.2		0.585315
292.3		0.585315
292.4		0.585315
292.5		0.585315
292.6		0.585315
292.7		0.585315
292.8		0.585315
292.9		0.585315
293		0.585315
293.1		0.586841
293.2		0.586841
293.3		0.586841
293.4		0.586841
293.5		0.586841
293.6		0.586841
293.7		0.586841
293.8		0.586841
293.9		0.586841
294		0.586841
294.1		0.587027
294.2		0.587027
294.3		0.587027
294.4		0.587027
294.5		0.587027
294.6		0.587027
294.7		0.587027
294.8		0.587027
294.9		0.587027
295		0.587027
295.1		0.591865
295.2		0.591865
295.3		0.591865
295.4		0.591865
295.5		0.591865
295.6		0.591865
295.7		0.591865
295.8		0.591865
295.9		0.591865
296		0.591865
296.1		0.595996
296.2		0.595996
296.3		0.595996
296.4		0.595996
296.5		0.595996
296.6		0.595996
296.7		0.595996
296.8		0.595996
296.9		0.595996
297		0.595996
297.1		0.596293
297.2		0.596293
297.3		0.596293
297.4		0.596293
297.5		0.596293
297.6		0.596293
297.7		0.596293
297.8		0.596293
297.9		0.596293
298		0.596293
298.1		0.59808
298.2		0.59808
298.3		0.59808
298.4		0.59808
298.5		0.59808
298.6		0.59808
298.7		0.59808
298.8		0.59808
298.9		0.59808
299		0.59808
299.1		0.604406
299.2		0.604406
299.3		0.604406
299.4		0.604406
299.5		0.604406
299.6		0.604406
299.7		0.604406
299.8		0.604406
299.9		0.604406
300		0.604406
300.1		0.608835
300.2		0.608835
300.3		0.608835
300.4		0.608835
300.5		0.608835
300.6		0.608835
300.7		0.608835
300.8		0.608835
300.9		0.608835
301		0.608835
301.1		0.610658
301.2		0.610658
301.3		0.610658
301.4		0.610658
301.5		0.610658
301.6		0.610658
301.7		0.610658
301.8		0.610658
301.9		0.610658
302		0.610658
302.1		0.61237
302.2		0.61237
302.3		0.61237
302.4		0.61237
302.5		0.61237
302.6		0.61237
302.7		0.61237
302.8		0.61237
302.9		0.61237
303		0.61237
303.1		0.616278
303.2		0.616278
303.3		0.616278
303.4		0.616278
303.5		0.616278
303.6		0.616278
303.7		0.616278
303.8		0.616278
303.9		0.616278
304		0.616278
304.1		0.616948
304.2		0.616948
304.3		0.616948
304.4		0.616948
304.5		0.616948
304.6		0.616948
304.7		0.616948
304.8		0.616948
304.9		0.616948
305		0.616948
305.1		0.620148
305.2		0.620148
305.3		0.620148
305.4		0.620148
305.5		0.620148
305.6		0.620148
305.7		0.620148
305.8		0.620148
305.9		0.620148
306		0.620148
306.1		0.622567
306.2		0.622567
306.3		0.622567
306.4		0.622567
306.5		0.622567
306.6		0.622567
306.7		0.622567
306.8		0.622567
306.9		0.622567
307		0.622567
307.1		0.624205
307.2		0.624205
307.3		0.624205
307.4		0.624205
307.5		0.624205
307.6		0.624205
307.7		0.624205
307.8		0.624205
307.9		0.624205
308		0.624205
308.1		0.624763
308.2		0.624763
308.3		0.624763
308.4		0.624763
308.5		0.624763
308.6		0.624763
308.7		0.624763
308.8		0.624763
308.9		0.624763
309		0.624763
309.1		0.625284
309.2		0.625284
309.3		0.625284
309.4		0.625284
309.5		0.625284
309.6		0.625284
309.7		0.625284
309.8		0.625284
309.9		0.625284
310		0.625284
310.1		0.633732
310.2		0.633732
310.3		0.633732
310.4		0.633732
310.5		0.633732
310.6		0.633732
310.7		0.633732
310.8		0.633732
310.9		0.633732
311		0.633732
311.1		0.635592
311.2		0.635592
311.3		0.635592
311.4		0.635592
311.5		0.635592
311.6		0.635592
311.7		0.635592
311.8		0.635592
311.9		0.635592
312		0.635592
312.1		0.637304
312.2		0.637304
312.3		0.637304
312.4		0.637304
312.5		0.637304
312.6		0.637304
312.7		0.637304
312.8		0.637304
312.9		0.637304
313		0.637304
313.1		0.637602
313.2		0.637602
313.3		0.637602
313.4		0.637602
313.5		0.637602
313.6		0.637602
313.7		0.637602
313.8		0.637602
313.9		0.637602
314		0.637602
314.1		0.640914
314.2		0.640914
314.3		0.640914
314.4		0.640914
314.5		0.640914
314.6		0.640914
314.7		0.640914
314.8		0.640914
314.9		0.640914
315		0.640914
315.1		0.644598
315.2		0.644598
315.3		0.644598
315.4		0.644598
315.5		0.644598
315.6		0.644598
315.7		0.644598
315.8		0.644598
315.9		0.644598
316		0.644598
316.1		0.645491
316.2		0.645491
316.3		0.645491
316.4		0.645491
316.5		0.645491
316.6		0.645491
316.7		0.645491
316.8		0.645491
316.9		0.645491
317		0.645491
317.1		0.649771
317.2		0.649771
317.3		0.649771
317.4		0.649771
317.5		0.649771
317.6		0.649771
317.7		0.649771
317.8		0.649771
317.9		0.649771
318		0.649771
318.1		0.651223
318.2		0.651223
318.3		0.651223
318.4		0.651223
318.5		0.651223
318.6		0.651223
318.7		0.651223
318.8		0.651223
318.9		0.651223
319		0.651223
319.1		0.651371
319.2		0.651371
319.3		0.651371
319.4		0.651371
319.5		0.651371
319.6		0.651371
319.7		0.651371
319.8		0.651371
319.9		0.651371
320		0.651371
320.1		0.654311
320.2		0.654311
320.3		0.654311
320.4		0.654311
320.5		0.654311
320.6		0.654311
320.7		0.654311
320.8		0.654311
320.9		0.654311
321		0.654311
321.1		0.654497
321.2		0.654497
321.3		0.654497
321.4		0.654497
321.5		0.654497
321.6		0.654497
321.7		0.654497
321.8		0.654497
321.9		0.654497
322		0.654497
322.1		0.658852
322.2		0.658852
322.3		0.658852
322.4		0.658852
322.5		0.658852
322.6		0.658852
322.7		0.658852
322.8		0.658852
322.9		0.658852
323		0.658852
323.1		0.660266
323.2		0.660266
323.3		0.660266
323.4		0.660266
323.5		0.660266
323.6		0.660266
323.7		0.660266
323.8		0.660266
323.9		0.660266
324		0.660266
324.1		0.660787
324.2		0.660787
324.3		0.660787
324.4		0.660787
324.5		0.660787
324.6		0.660787
324.7		0.660787
324.8		0.660787
324.9		0.660787
325		0.660787
325.1		0.662536
325.2		0.662536
325.3		0.662536
325.4		0.662536
325.5		0.662536
325.6		0.662536
325.7		0.662536
325.8		0.662536
325.9		0.662536
326		0.662536
326.1		0.663168
326.2		0.663168
326.3		0.663168
326.4		0.663168
326.5		0.663168
326.6		0.663168
326.7		0.663168
326.8		0.663168
326.9		0.663168
327		0.663168
327.1		0.667076
327.2		0.667076
327.3		0.667076
327.4		0.667076
327.5		0.667076
327.6		0.667076
327.7		0.667076
327.8		0.667076
327.9		0.667076
328		0.667076
328.1		0.66823
328.2		0.66823
328.3		0.66823
328.4		0.66823
328.5		0.66823
328.6		0.66823
328.7		0.66823
328.8		0.66823
328.9		0.66823
329		0.66823
329.1		0.668974
329.2		0.668974
329.3		0.668974
329.4		0.668974
329.5		0.668974
329.6		0.668974
329.7		0.668974
329.8		0.668974
329.9		0.668974
330		0.668974
330.1		0.670128
330.2		0.670128
330.3		0.670128
330.4		0.670128
330.5		0.670128
330.6		0.670128
330.7		0.670128
330.8		0.670128
330.9		0.670128
331		0.670128
331.1		0.670425
331.2		0.670425
331.3		0.670425
331.4		0.670425
331.5		0.670425
331.6		0.670425
331.7		0.670425
331.8		0.670425
331.9		0.670425
332		0.670425
332.1		0.675077
332.2		0.675077
332.3		0.675077
332.4		0.675077
332.5		0.675077
332.6		0.675077
332.7		0.675077
332.8		0.675077
332.9		0.675077
333		0.675077
333.1		0.677273
333.2		0.677273
333.3		0.677273
333.4		0.677273
333.5		0.677273
333.6		0.677273
333.7		0.677273
333.8		0.677273
333.9		0.677273
334		0.677273
334.1		0.67824
334.2		0.67824
334.3		0.67824
334.4		0.67824
334.5		0.67824
334.6		0.67824
334.7		0.67824
334.8		0.67824
334.9		0.67824
335		0.67824
335.1		0.680622
335.2		0.680622
335.3		0.680622
335.4		0.680622
335.5		0.680622
335.6		0.680622
335.7		0.680622
335.8		0.680622
335.9		0.680622
336		0.680622
336.1		0.685572
336.2		0.685572
336.3		0.685572
336.4		0.685572
336.5		0.685572
336.6		0.685572
336.7		0.685572
336.8		0.685572
336.9		0.685572
337		0.685572
337.1		0.685944
337.2		0.685944
337.3		0.685944
337.4		0.685944
337.5		0.685944
337.6		0.685944
337.7		0.685944
337.8		0.685944
337.9		0.685944
338		0.685944
338.1		0.686912
338.2		0.686912
338.3		0.686912
338.4		0.686912
338.5		0.686912
338.6		0.686912
338.7		0.686912
338.8		0.686912
338.9		0.686912
339		0.686912
339.1		0.693461
339.2		0.693461
339.3		0.693461
339.4		0.693461
339.5		0.693461
339.6		0.693461
339.7		0.693461
339.8		0.693461
339.9		0.693461
340		0.693461
340.1		0.69696
340.2		0.69696
340.3		0.69696
340.4		0.69696
340.5		0.69696
340.6		0.69696
340.7		0.69696
340.8		0.69696
340.9		0.69696
341		0.69696
341.1		0.698523
341.2		0.698523
341.3		0.698523
341.4		0.698523
341.5		0.698523
341.6		0.698523
341.7		0.698523
341.8		0.698523
341.9		0.698523
342		0.698523
342.1		0.70109
342.2		0.70109
342.3		0.70109
342.4		0.70109
342.5		0.70109
342.6		0.70109
342.7		0.70109
342.8		0.70109
342.9		0.70109
343		0.70109
343.1		0.701276
343.2		0.701276
343.3		0.701276
343.4		0.701276
343.5		0.701276
343.6		0.701276
343.7		0.701276
343.8		0.701276
343.9		0.701276
344		0.701276
344.1		0.704737
344.2		0.704737
344.3		0.704737
344.4		0.704737
344.5		0.704737
344.6		0.704737
344.7		0.704737
344.8		0.704737
344.9		0.704737
345		0.704737
345.1		0.708868
345.2		0.708868
345.3		0.708868
345.4		0.708868
345.5		0.708868
345.6		0.708868
345.7		0.708868
345.8		0.708868
345.9		0.708868
346		0.708868
346.1		0.712069
346.2		0.712069
346.3		0.712069
346.4		0.712069
346.5		0.712069
346.6		0.712069
346.7		0.712069
346.8		0.712069
346.9		0.712069
347		0.712069
347.1		0.712069
347.2		0.712069
347.3		0.712069
347.4		0.712069
347.5		0.712069
347.6		0.712069
347.7		0.712069
347.8		0.712069
347.9		0.712069
348		0.712069
348.1		0.713818
348.2		0.713818
348.3		0.713818
348.4		0.713818
348.5		0.713818
348.6		0.713818
348.7		0.713818
348.8		0.713818
348.9		0.713818
349		0.713818
349.1		0.714451
349.2		0.714451
349.3		0.714451
349.4		0.714451
349.5		0.714451
349.6		0.714451
349.7		0.714451
349.8		0.714451
349.9		0.714451
350		0.714451
350.1		0.717242
350.2		0.717242
350.3		0.717242
350.4		0.717242
350.5		0.717242
350.6		0.717242
350.7		0.717242
350.8		0.717242
350.9		0.717242
351		0.717242
351.1		0.71914
351.2		0.71914
351.3		0.71914
351.4		0.71914
351.5		0.71914
351.6		0.71914
351.7		0.71914
351.8		0.71914
351.9		0.71914
352		0.71914
352.1		0.723568
352.2		0.723568
352.3		0.723568
352.4		0.723568
352.5		0.723568
352.6		0.723568
352.7		0.723568
352.8		0.723568
352.9		0.723568
353		0.723568
353.1		0.724833
353.2		0.724833
353.3		0.724833
353.4		0.724833
353.5		0.724833
353.6		0.724833
353.7		0.724833
353.8		0.724833
353.9		0.724833
354		0.724833
354.1		0.72595
354.2		0.72595
354.3		0.72595
354.4		0.72595
354.5		0.72595
354.6		0.72595
354.7		0.72595
354.8		0.72595
354.9		0.72595
355		0.72595
355.1		0.733207
355.2		0.733207
355.3		0.733207
355.4		0.733207
355.5		0.733207
355.6		0.733207
355.7		0.733207
355.8		0.733207
355.9		0.733207
356		0.733207
356.1		0.733914
356.2		0.733914
356.3		0.733914
356.4		0.733914
356.5		0.733914
356.6		0.733914
356.7		0.733914
356.8		0.733914
356.9		0.733914
357		0.733914
357.1		0.736817
357.2		0.736817
357.3		0.736817
357.4		0.736817
357.5		0.736817
357.6		0.736817
357.7		0.736817
357.8		0.736817
357.9		0.736817
358		0.736817
358.1		0.73931
358.2		0.73931
358.3		0.73931
358.4		0.73931
358.5		0.73931
358.6		0.73931
358.7		0.73931
358.8		0.73931
358.9		0.73931
359		0.73931
359.1		0.742324
359.2		0.742324
359.3		0.742324
359.4		0.742324
359.5		0.742324
359.6		0.742324
359.7		0.742324
359.8		0.742324
359.9		0.742324
360		0.742324
360.1		0.742994
360.2		0.742994
360.3		0.742994
360.4		0.742994
360.5		0.742994
360.6		0.742994
360.7		0.742994
360.8		0.742994
360.9		0.742994
361		0.742994
361.1		0.746418
361.2		0.746418
361.3		0.746418
361.4		0.746418
361.5		0.746418
361.6		0.746418
361.7		0.746418
361.8		0.746418
361.9		0.746418
362		0.746418
362.1		0.747423
362.2		0.747423
362.3		0.747423
362.4		0.747423
362.5		0.747423
362.6		0.747423
362.7		0.747423
362.8		0.747423
362.9		0.747423
363		0.747423
363.1		0.748465
363.2		0.748465
363.3		0.748465
363.4		0.748465
363.5		0.748465
363.6		0.748465
363.7		0.748465
363.8		0.748465
363.9		0.748465
364		0.748465
364.1		0.751963
364.2		0.751963
364.3		0.751963
364.4		0.751963
364.5		0.751963
364.6		0.751963
364.7		0.751963
364.8		0.751963
364.9		0.751963
365		0.751963
365.1		0.752707
365.2		0.752707
365.3		0.752707
365.4		0.752707
365.5		0.752707
365.6		0.752707
365.7		0.752707
365.8		0.752707
365.9		0.752707
366		0.752707
366.1		0.754643
366.2		0.754643
366.3		0.754643
366.4		0.754643
366.5		0.754643
366.6		0.754643
366.7		0.754643
366.8		0.754643
366.9		0.754643
367		0.754643
367.1		0.756578
367.2		0.756578
367.3		0.756578
367.4		0.756578
367.5		0.756578
367.6		0.756578
367.7		0.756578
367.8		0.756578
367.9		0.756578
368		0.756578
368.1		0.762272
368.2		0.762272
368.3		0.762272
368.4		0.762272
368.5		0.762272
368.6		0.762272
368.7		0.762272
368.8		0.762272
368.9		0.762272
369		0.762272
369.1		0.762495
369.2		0.762495
369.3		0.762495
369.4		0.762495
369.5		0.762495
369.6		0.762495
369.7		0.762495
369.8		0.762495
369.9		0.762495
370		0.762495
370.1		0.764393
370.2		0.764393
370.3		0.764393
370.4		0.764393
370.5		0.764393
370.6		0.764393
370.7		0.764393
370.8		0.764393
370.9		0.764393
371		0.764393
371.1		0.766589
371.2		0.766589
371.3		0.766589
371.4		0.766589
371.5		0.766589
371.6		0.766589
371.7		0.766589
371.8		0.766589
371.9		0.766589
372		0.766589
372.1		0.770459
372.2		0.770459
372.3		0.770459
372.4		0.770459
372.5		0.770459
372.6		0.770459
372.7		0.770459
372.8		0.770459
372.9		0.770459
373		0.770459
373.1		0.771836
373.2		0.771836
373.3		0.771836
373.4		0.771836
373.5		0.771836
373.6		0.771836
373.7		0.771836
373.8		0.771836
373.9		0.771836
374		0.771836
374.1		0.771947
374.2		0.771947
374.3		0.771947
374.4		0.771947
374.5		0.771947
374.6		0.771947
374.7		0.771947
374.8		0.771947
374.9		0.771947
375		0.771947
375.1		0.772506
375.2		0.772506
375.3		0.772506
375.4		0.772506
375.5		0.772506
375.6		0.772506
375.7		0.772506
375.8		0.772506
375.9		0.772506
376		0.772506
376.1		0.779242
376.2		0.779242
376.3		0.779242
376.4		0.779242
376.5		0.779242
376.6		0.779242
376.7		0.779242
376.8		0.779242
376.9		0.779242
377		0.779242
377.1		0.780581
377.2		0.780581
377.3		0.780581
377.4		0.780581
377.5		0.780581
377.6		0.780581
377.7		0.780581
377.8		0.780581
377.9		0.780581
378		0.780581
378.1		0.78073
378.2		0.78073
378.3		0.78073
378.4		0.78073
378.5		0.78073
378.6		0.78073
378.7		0.78073
378.8		0.78073
378.9		0.78073
379		0.78073
379.1		0.782144
379.2		0.782144
379.3		0.782144
379.4		0.782144
379.5		0.782144
379.6		0.782144
379.7		0.782144
379.8		0.782144
379.9		0.782144
380		0.782144
380.1		0.787354
380.2		0.787354
380.3		0.787354
380.4		0.787354
380.5		0.787354
380.6		0.787354
380.7		0.787354
380.8		0.787354
380.9		0.787354
381		0.787354
381.1		0.788136
381.2		0.788136
381.3		0.788136
381.4		0.788136
381.5		0.788136
381.6		0.788136
381.7		0.788136
381.8		0.788136
381.9		0.788136
382		0.788136
382.1		0.78888
382.2		0.78888
382.3		0.78888
382.4		0.78888
382.5		0.78888
382.6		0.78888
382.7		0.78888
382.8		0.78888
382.9		0.78888
383		0.78888
383.1		0.791634
383.2		0.791634
383.3		0.791634
383.4		0.791634
383.5		0.791634
383.6		0.791634
383.7		0.791634
383.8		0.791634
383.9		0.791634
384		0.791634
384.1		0.792937
384.2		0.792937
384.3		0.792937
384.4		0.792937
384.5		0.792937
384.6		0.792937
384.7		0.792937
384.8		0.792937
384.9		0.792937
385		0.792937
385.1		0.796137
385.2		0.796137
385.3		0.796137
385.4		0.796137
385.5		0.796137
385.6		0.796137
385.7		0.796137
385.8		0.796137
385.9		0.796137
386		0.796137
386.1		0.798742
386.2		0.798742
386.3		0.798742
386.4		0.798742
386.5		0.798742
386.6		0.798742
386.7		0.798742
386.8		0.798742
386.9		0.798742
387		0.798742
387.1		0.799412
387.2		0.799412
387.3		0.799412
387.4		0.799412
387.5		0.799412
387.6		0.799412
387.7		0.799412
387.8		0.799412
387.9		0.799412
388		0.799412
388.1		0.800901
388.2		0.800901
388.3		0.800901
388.4		0.800901
388.5		0.800901
388.6		0.800901
388.7		0.800901
388.8		0.800901
388.9		0.800901
389		0.800901
389.1		0.802612
389.2		0.802612
389.3		0.802612
389.4		0.802612
389.5		0.802612
389.6		0.802612
389.7		0.802612
389.8		0.802612
389.9		0.802612
390		0.802612
390.1		0.803468
390.2		0.803468
390.3		0.803468
390.4		0.803468
390.5		0.803468
390.6		0.803468
390.7		0.803468
390.8		0.803468
390.9		0.803468
391		0.803468
391.1		0.806111
391.2		0.806111
391.3		0.806111
391.4		0.806111
391.5		0.806111
391.6		0.806111
391.7		0.806111
391.8		0.806111
391.9		0.806111
392		0.806111
392.1		0.809572
392.2		0.809572
392.3		0.809572
392.4		0.809572
392.5		0.809572
392.6		0.809572
392.7		0.809572
392.8		0.809572
392.9		0.809572
393		0.809572
393.1		0.809758
393.2		0.809758
393.3		0.809758
393.4		0.809758
393.5		0.809758
393.6		0.809758
393.7		0.809758
393.8		0.809758
393.9		0.809758
394		0.809758
394.1		0.814075
394.2		0.814075
394.3		0.814075
394.4		0.814075
394.5		0.814075
394.6		0.814075
394.7		0.814075
394.8		0.814075
394.9		0.814075
395		0.814075
395.1		0.814186
395.2		0.814186
395.3		0.814186
395.4		0.814186
395.5		0.814186
395.6		0.814186
395.7		0.814186
395.8		0.814186
395.9		0.814186
396		0.814186
396.1		0.8156
396.2		0.8156
396.3		0.8156
396.4		0.8156
396.5		0.8156
396.6		0.8156
396.7		0.8156
396.8		0.8156
396.9		0.8156
397		0.8156
397.1		0.819545
397.2		0.819545
397.3		0.819545
397.4		0.819545
397.5		0.819545
397.6		0.819545
397.7		0.819545
397.8		0.819545
397.9		0.819545
398		0.819545
398.1		0.823118
398.2		0.823118
398.3		0.823118
398.4		0.823118
398.5		0.823118
398.6		0.823118
398.7		0.823118
398.8		0.823118
398.9		0.823118
399		0.823118
399.1		0.823267
399.2		0.823267
399.3		0.823267
399.4		0.823267
399.5		0.823267
399.6		0.823267
399.7		0.823267
399.8		0.823267
399.9		0.823267
400		0.823267
400.1		0.823416
400.2		0.823416
400.3		0.823416
400.4		0.823416
400.5		0.823416
400.6		0.823416
400.7		0.823416
400.8		0.823416
400.9		0.823416
401		0.823416
401.1		0.825239
401.2		0.825239
401.3		0.825239
401.4		0.825239
401.5		0.825239
401.6		0.825239
401.7		0.825239
401.8		0.825239
401.9		0.825239
402		0.825239
402.1		0.829742
402.2		0.829742
402.3		0.829742
402.4		0.829742
402.5		0.829742
402.6		0.829742
402.7		0.829742
402.8		0.829742
402.9		0.829742
403		0.829742
403.1		0.830263
403.2		0.830263
403.3		0.830263
403.4		0.830263
403.5		0.830263
403.6		0.830263
403.7		0.830263
403.8		0.830263
403.9		0.830263
404		0.830263
404.1		0.832049
404.2		0.832049
404.3		0.832049
404.4		0.832049
404.5		0.832049
404.6		0.832049
404.7		0.832049
404.8		0.832049
404.9		0.832049
405		0.832049
405.1		0.832198
405.2		0.832198
405.3		0.832198
405.4		0.832198
405.5		0.832198
405.6		0.832198
405.7		0.832198
405.8		0.832198
405.9		0.832198
406		0.832198
406.1		0.836962
406.2		0.836962
406.3		0.836962
406.4		0.836962
406.5		0.836962
406.6		0.836962
406.7		0.836962
406.8		0.836962
406.9		0.836962
407		0.836962
407.1		0.837408
407.2		0.837408
407.3		0.837408
407.4		0.837408
407.5		0.837408
407.6		0.837408
407.7		0.837408
407.8		0.837408
407.9		0.837408
408		0.837408
408.1		0.839827
408.2		0.839827
408.3		0.839827
408.4		0.839827
408.5		0.839827
408.6		0.839827
408.7		0.839827
408.8		0.839827
408.9		0.839827
409		0.839827
409.1		0.840386
409.2		0.840386
409.3		0.840386
409.4		0.840386
409.5		0.840386
409.6		0.840386
409.7		0.840386
409.8		0.840386
409.9		0.840386
410		0.840386
410.1		0.843623
410.2		0.843623
410.3		0.843623
410.4		0.843623
410.5		0.843623
410.6		0.843623
410.7		0.843623
410.8		0.843623
410.9		0.843623
411		0.843623
411.1		0.845931
411.2		0.845931
411.3		0.845931
411.4		0.845931
411.5		0.845931
411.6		0.845931
411.7		0.845931
411.8		0.845931
411.9		0.845931
412		0.845931
412.1		0.848126
412.2		0.848126
412.3		0.848126
412.4		0.848126
412.5		0.848126
412.6		0.848126
412.7		0.848126
412.8		0.848126
412.9		0.848126
413		0.848126
413.1		0.850024
413.2		0.850024
413.3		0.850024
413.4		0.850024
413.5		0.850024
413.6		0.850024
413.7		0.850024
413.8		0.850024
413.9		0.850024
414		0.850024
414.1		0.853746
414.2		0.853746
414.3		0.853746
414.4		0.853746
414.5		0.853746
414.6		0.853746
414.7		0.853746
414.8		0.853746
414.9		0.853746
415		0.853746
415.1		0.854564
415.2		0.854564
415.3		0.854564
415.4		0.854564
415.5		0.854564
415.6		0.854564
415.7		0.854564
415.8		0.854564
415.9		0.854564
416		0.854564
416.1		0.856016
416.2		0.856016
416.3		0.856016
416.4		0.856016
416.5		0.856016
416.6		0.856016
416.7		0.856016
416.8		0.856016
416.9		0.856016
417		0.856016
417.1		0.857616
417.2		0.857616
417.3		0.857616
417.4		0.857616
417.5		0.857616
417.6		0.857616
417.7		0.857616
417.8		0.857616
417.9		0.857616
418		0.857616
418.1		0.862156
418.2		0.862156
418.3		0.862156
418.4		0.862156
418.5		0.862156
418.6		0.862156
418.7		0.862156
418.8		0.862156
418.9		0.862156
419		0.862156
419.1		0.86331
419.2		0.86331
419.3		0.86331
419.4		0.86331
419.5		0.86331
419.6		0.86331
419.7		0.86331
419.8		0.86331
419.9		0.86331
420		0.86331
420.1		0.864054
420.2		0.864054
420.3		0.864054
420.4		0.864054
420.5		0.864054
420.6		0.864054
420.7		0.864054
420.8		0.864054
420.9		0.864054
421		0.864054
421.1		0.867069
421.2		0.867069
421.3		0.867069
421.4		0.867069
421.5		0.867069
421.6		0.867069
421.7		0.867069
421.8		0.867069
421.9		0.867069
422		0.867069
422.1		0.873097
422.2		0.873097
422.3		0.873097
422.4		0.873097
422.5		0.873097
422.6		0.873097
422.7		0.873097
422.8		0.873097
422.9		0.873097
423		0.873097
423.1		0.873693
423.2		0.873693
423.3		0.873693
423.4		0.873693
423.5		0.873693
423.6		0.873693
423.7		0.873693
423.8		0.873693
423.9		0.873693
424		0.873693
424.1		0.876037
424.2		0.876037
424.3		0.876037
424.4		0.876037
424.5		0.876037
424.6		0.876037
424.7		0.876037
424.8		0.876037
424.9		0.876037
425		0.876037
425.1		0.876558
425.2		0.876558
425.3		0.876558
425.4		0.876558
425.5		0.876558
425.6		0.876558
425.7		0.876558
425.8		0.876558
425.9		0.876558
426		0.876558
426.1		0.882066
426.2		0.882066
426.3		0.882066
426.4		0.882066
426.5		0.882066
426.6		0.882066
426.7		0.882066
426.8		0.882066
426.9		0.882066
427		0.882066
427.1		0.882885
427.2		0.882885
427.3		0.882885
427.4		0.882885
427.5		0.882885
427.6		0.882885
427.7		0.882885
427.8		0.882885
427.9		0.882885
428		0.882885
428.1		0.882959
428.2		0.882959
428.3		0.882959
428.4		0.882959
428.5		0.882959
428.6		0.882959
428.7		0.882959
428.8		0.882959
428.9		0.882959
429		0.882959
429.1		0.884001
429.2		0.884001
429.3		0.884001
429.4		0.884001
429.5		0.884001
429.6		0.884001
429.7		0.884001
429.8		0.884001
429.9		0.884001
430		0.884001
430.1		0.88575
430.2		0.88575
430.3		0.88575
430.4		0.88575
430.5		0.88575
430.6		0.88575
430.7		0.88575
430.8		0.88575
430.9		0.88575
431		0.88575
431.1		0.890179
431.2		0.890179
431.3		0.890179
431.4		0.890179
431.5		0.890179
431.6		0.890179
431.7		0.890179
431.8		0.890179
431.9		0.890179
432		0.890179
432.1		0.890998
432.2		0.890998
432.3		0.890998
432.4		0.890998
432.5		0.890998
432.6		0.890998
432.7		0.890998
432.8		0.890998
432.9		0.890998
433		0.890998
433.1		0.892337
433.2		0.892337
433.3		0.892337
433.4		0.892337
433.5		0.892337
433.6		0.892337
433.7		0.892337
433.8		0.892337
433.9		0.892337
434		0.892337
434.1		0.893789
434.2		0.893789
434.3		0.893789
434.4		0.893789
434.5		0.893789
434.6		0.893789
434.7		0.893789
434.8		0.893789
434.9		0.893789
435		0.893789
435.1		0.896394
435.2		0.896394
435.3		0.896394
435.4		0.896394
435.5		0.896394
435.6		0.896394
435.7		0.896394
435.8		0.896394
435.9		0.896394
436		0.896394
436.1		0.898255
436.2		0.898255
436.3		0.898255
436.4		0.898255
436.5		0.898255
436.6		0.898255
436.7		0.898255
436.8		0.898255
436.9		0.898255
437		0.898255
437.1		0.901864
437.2		0.901864
437.3		0.901864
437.4		0.901864
437.5		0.901864
437.6		0.901864
437.7		0.901864
437.8		0.901864
437.9		0.901864
438		0.901864
438.1		0.902162
438.2		0.902162
438.3		0.902162
438.4		0.902162
438.5		0.902162
438.6		0.902162
438.7		0.902162
438.8		0.902162
438.9		0.902162
439		0.902162
439.1		0.903465
439.2		0.903465
439.3		0.903465
439.4		0.903465
439.5		0.903465
439.6		0.903465
439.7		0.903465
439.8		0.903465
439.9		0.903465
440		0.903465
440.1		0.909047
440.2		0.909047
440.3		0.909047
440.4		0.909047
440.5		0.909047
440.6		0.909047
440.7		0.909047
440.8		0.909047
440.9		0.909047
441		0.909047
441.1		0.909866
441.2		0.909866
441.3		0.909866
441.4		0.909866
441.5		0.909866
441.6		0.909866
441.7		0.909866
441.8		0.909866
441.9		0.909866
442		0.909866
442.1		0.910722
442.2		0.910722
442.3		0.910722
442.4		0.910722
442.5		0.910722
442.6		0.910722
442.7		0.910722
442.8		0.910722
442.9		0.910722
443		0.910722
443.1		0.913848
443.2		0.913848
443.3		0.913848
443.4		0.913848
443.5		0.913848
443.6		0.913848
443.7		0.913848
443.8		0.913848
443.9		0.913848
444		0.913848
444.1		0.916267
444.2		0.916267
444.3		0.916267
444.4		0.916267
444.5		0.916267
444.6		0.916267
444.7		0.916267
444.8		0.916267
444.9		0.916267
445		0.916267
445.1		0.921253
445.2		0.921253
445.3		0.921253
445.4		0.921253
445.5		0.921253
445.6		0.921253
445.7		0.921253
445.8		0.921253
445.9		0.921253
446		0.921253
446.1		0.921998
446.2		0.921998
446.3		0.921998
446.4		0.921998
446.5		0.921998
446.6		0.921998
446.7		0.921998
446.8		0.921998
446.9		0.921998
447		0.921998
447.1		0.92263
447.2		0.92263
447.3		0.92263
447.4		0.92263
447.5		0.92263
447.6		0.92263
447.7		0.92263
447.8		0.92263
447.9		0.92263
448		0.92263
448.1		0.925049
448.2		0.925049
448.3		0.925049
448.4		0.925049
448.5		0.925049
448.6		0.925049
448.7		0.925049
448.8		0.925049
448.9		0.925049
449		0.925049
449.1		0.927729
449.2		0.927729
449.3		0.927729
449.4		0.927729
449.5		0.927729
449.6		0.927729
449.7		0.927729
449.8		0.927729
449.9		0.927729
450		0.927729
450.1		0.93119
450.2		0.93119
450.3		0.93119
450.4		0.93119
450.5		0.93119
450.6		0.93119
450.7		0.93119
450.8		0.93119
450.9		0.93119
451		0.93119
451.1		0.933832
451.2		0.933832
451.3		0.933832
451.4		0.933832
451.5		0.933832
451.6		0.933832
451.7		0.933832
451.8		0.933832
451.9		0.933832
452		0.933832
452.1		0.934204
452.2		0.934204
452.3		0.934204
452.4		0.934204
452.5		0.934204
452.6		0.934204
452.7		0.934204
452.8		0.934204
452.9		0.934204
453		0.934204
453.1		0.937293
453.2		0.937293
453.3		0.937293
453.4		0.937293
453.5		0.937293
453.6		0.937293
453.7		0.937293
453.8		0.937293
453.9		0.937293
454		0.937293
454.1		0.939489
454.2		0.939489
454.3		0.939489
454.4		0.939489
454.5		0.939489
454.6		0.939489
454.7		0.939489
454.8		0.939489
454.9		0.939489
455		0.939489
455.1		0.941275
455.2		0.941275
455.3		0.941275
455.4		0.941275
455.5		0.941275
455.6		0.941275
455.7		0.941275
455.8		0.941275
455.9		0.941275
456		0.941275
456.1		0.942726
456.2		0.942726
456.3		0.942726
456.4		0.942726
456.5		0.942726
456.6		0.942726
456.7		0.942726
456.8		0.942726
456.9		0.942726
457		0.942726
457.1		0.944885
457.2		0.944885
457.3		0.944885
457.4		0.944885
457.5		0.944885
457.6		0.944885
457.7		0.944885
457.8		0.944885
457.9		0.944885
458		0.944885
458.1		0.945778
458.2		0.945778
458.3		0.945778
458.4		0.945778
458.5		0.945778
458.6		0.945778
458.7		0.945778
458.8		0.945778
458.9		0.945778
459		0.945778
459.1		0.948718
459.2		0.948718
459.3		0.948718
459.4		0.948718
459.5		0.948718
459.6		0.948718
459.7		0.948718
459.8		0.948718
459.9		0.948718
460		0.948718
460.1		0.950058
460.2		0.950058
460.3		0.950058
460.4		0.950058
460.5		0.950058
460.6		0.950058
460.7		0.950058
460.8		0.950058
460.9		0.950058
461		0.950058
461.1		0.95136
461.2		0.95136
461.3		0.95136
461.4		0.95136
461.5		0.95136
461.6		0.95136
461.7		0.95136
461.8		0.95136
461.9		0.95136
462		0.95136
462.1		0.954337
462.2		0.954337
462.3		0.954337
462.4		0.954337
462.5		0.954337
462.6		0.954337
462.7		0.954337
462.8		0.954337
462.9		0.954337
463		0.954337
463.1		0.955528
463.2		0.955528
463.3		0.955528
463.4		0.955528
463.5		0.955528
463.6		0.955528
463.7		0.955528
463.8		0.955528
463.9		0.955528
464		0.955528
464.1		0.955938
464.2		0.955938
464.3		0.955938
464.4		0.955938
464.5		0.955938
464.6		0.955938
464.7		0.955938
464.8		0.955938
464.9		0.955938
465		0.955938
465.1		0.95858
465.2		0.95858
465.3		0.95858
465.4		0.95858
465.5		0.95858
465.6		0.95858
465.7		0.95858
465.8		0.95858
465.9		0.95858
466		0.95858
466.1		0.964013
466.2		0.964013
466.3		0.964013
466.4		0.964013
466.5		0.964013
466.6		0.964013
466.7		0.964013
466.8		0.964013
466.9		0.964013
467		0.964013
467.1		0.964311
467.2		0.964311
467.3		0.964311
467.4		0.964311
467.5		0.964311
467.6		0.964311
467.7		0.964311
467.8		0.964311
467.9		0.964311
468		0.964311
468.1		0.965241
468.2		0.965241
468.3		0.965241
468.4		0.965241
468.5		0.965241
468.6		0.965241
468.7		0.965241
468.8		0.965241
468.9		0.965241
469		0.965241
469.1		0.967325
469.2		0.967325
469.3		0.967325
469.4		0.967325
469.5		0.967325
469.6		0.967325
469.7		0.967325
469.8		0.967325
469.9		0.967325
470		0.967325
470.1		0.971382
470.2		0.971382
470.3		0.971382
470.4		0.971382
470.5		0.971382
470.6		0.971382
470.7		0.971382
470.8		0.971382
470.9		0.971382
471		0.971382
471.1		0.973466
471.2		0.973466
471.3		0.973466
471.4		0.973466
471.5		0.973466
471.6		0.973466
471.7		0.973466
471.8		0.973466
471.9		0.973466
472		0.973466
472.1		0.976815
472.2		0.976815
472.3		0.976815
472.4		0.976815
472.5		0.976815
472.6		0.976815
472.7		0.976815
472.8		0.976815
472.9		0.976815
473		0.976815
473.1		0.977113
473.2		0.977113
473.3		0.977113
473.4		0.977113
473.5		0.977113
473.6		0.977113
473.7		0.977113
473.8		0.977113
473.9		0.977113
474		0.977113
474.1		0.981579
474.2		0.981579
474.3		0.981579
474.4		0.981579
474.5		0.981579
474.6		0.981579
474.7		0.981579
474.8		0.981579
474.9		0.981579
475		0.981579
475.1		0.983067
475.2		0.983067
475.3		0.983067
475.4		0.983067
475.5		0.983067
475.6		0.983067
475.7		0.983067
475.8		0.983067
475.9		0.983067
476		0.983067
476.1		0.985114
476.2		0.985114
476.3		0.985114
476.4		0.985114
476.5		0.985114
476.6		0.985114
476.7		0.985114
476.8		0.985114
476.9		0.985114
477		0.985114
477.1		0.986193
477.2		0.986193
477.3		0.986193
477.4		0.986193
477.5		0.986193
477.6		0.986193
477.7		0.986193
477.8		0.986193
477.9		0.986193
478		0.986193
478.1		0.988352
478.2		0.988352
478.3		0.988352
478.4		0.988352
478.5		0.988352
478.6		0.988352
478.7		0.988352
478.8		0.988352
478.9		0.988352
479		0.988352
479.1		0.990659
479.2		0.990659
479.3		0.990659
479.4		0.990659
479.5		0.990659
479.6		0.990659
479.7		0.990659
479.8		0.990659
479.9		0.990659
480		0.990659
480.1		0.991217
480.2		0.991217
480.3		0.991217
480.4		0.991217
480.5		0.991217
480.6		0.991217
480.7		0.991217
480.8		0.991217
480.9		0.991217
481		0.991217
481.1		0.993413
481.2		0.993413
481.3		0.993413
481.4		0.993413
481.5		0.993413
481.6		0.993413
481.7		0.993413
481.8		0.993413
481.9		0.993413
482		0.993413
482.1		0.994343
482.2		0.994343
482.3		0.994343
482.4		0.994343
482.5		0.994343
482.6		0.994343
482.7		0.994343
482.8		0.994343
482.9		0.994343
483		0.994343
483.1		0.996613
483.2		0.996613
483.3		0.996613
483.4		0.996613
483.5		0.996613
483.6		0.996613
483.7		0.996613
483.8		0.996613
483.9		0.996613
484		0.996613
484.1		0.99907
484.2		0.99907
484.3		0.99907
484.4		0.99907
484.5		0.99907
484.6		0.99907
484.7		0.99907
484.8		0.99907
484.9		0.99907
485		0.99907
485.1		0.999777
485.2		0.999777
485.3		0.999777
485.4		0.999777
485.5		0.999777
485.6		0.999777
485.7		0.999777
485.8		0.999777
485.9		0.999777
486		0.999777
486.1		1
486.2		1
486.3		1
486.4		1
486.5		1
486.6		1
486.7		1
486.8		1
486.9		1
487		1
487.1		1
487.2		1
487.3		1
487.4		1
487.5		1
487.6		1
487.7		1
487.8		1
487.9		1
488		1
488.1		1
488.2		1
488.3		1
488.4		1
488.5		1
488.6		1
488.7		1
488.8		1
488.9		1
489		1
489.1		1
489.2		1
489.3		1
489.4		1
489.5		1
489.6		1
489.7		1
489.8		1
489.9		1
490		1
490.1		1
490.2		1
490.3		1
490.4		1
490.5		1
490.6		1
490.7		1
490.8		1
490.9		1
491		1
491.1		1
491.2		1
491.3		1
491.4		1
491.5		1
491.6		1
491.7		1
491.8		1
491.9		1
492		1
492.1		1
492.2		1
492.3		1
492.4		1
492.5		1
492.6		1
492.7		1
492.8		1
492.9		1
493		1
493.1		1
493.2		1
493.3		1
493.4		1
493.5		1
493.6		1
493.7		1
493.8		1
493.9		1
494		1
494.1		1
494.2		1
494.3		1
494.4		1
494.5		1
494.6		1
494.7		1
494.8		1
494.9		1
495		1
495.1		1
495.2		1
495.3		1
495.4		1
495.5		1
495.6		1
495.7		1
495.8		1
495.9		1
496		1
496.1		1
496.2		1
496.3		1
496.4		1
496.5		1
496.6		1
496.7		1
496.8		1
496.9		1
497		1
497.1		1
497.2		1
497.3		1
497.4		1
497.5		1
497.6		1
497.7		1
497.8		1
497.9		1
498		1
498.1		1
498.2		1
498.3		1
498.4		1
498.5		1
498.6		1
498.7		1
498.8		1
498.9		1
499		1
499.1		1
499.2		1
499.3		1
499.4		1
499.5		1
499.6		1
499.7		1
499.8		1
499.9		1
500		1
500.1		1
500.2		1
500.3		1
500.4		1
500.5		1
500.6		1
500.7		1
500.8		1
500.9		1
501		1
501.1		1
501.2		1
501.3		1
501.4		1
501.5		1
501.6		1
501.7		1
501.8		1
501.9		1
502		1
502.1		1
502.2		1
502.3		1
502.4		1
502.5		1
502.6		1
502.7		1
502.8		1
502.9		1
503		1
503.1		1
503.2		1
503.3		1
503.4		1
503.5		1
503.6		1
503.7		1
503.8		1
503.9		1
504		1
504.1		1
504.2		1
504.3		1
504.4		1
504.5		1
504.6		1
504.7		1
504.8		1
504.9		1
505		1
505.1		1
505.2		1
505.3		1
505.4		1
505.5		1
505.6		1
505.7		1
505.8		1
505.9		1
506		1
506.1		1
506.2		1
506.3		1
506.4		1
506.5		1
506.6		1
506.7		1
506.8		1
506.9		1
507		1
507.1		1
507.2		1
507.3		1
507.4		1
507.5		1
507.6		1
507.7		1
507.8		1
507.9		1
508		1
508.1		1
508.2		1
508.3		1
508.4		1
508.5		1
508.6		1
508.7		1
508.8		1
508.9		1
509		1
509.1		1
509.2		1
509.3		1
509.4		1
509.5		1
509.6		1
509.7		1
509.8		1
509.9		1
510		1
510.1		1
510.2		1
510.3		1
510.4		1
510.5		1
510.6		1
510.7		1
510.8		1
510.9		1
511		1
511.1		1
511.2		1
511.3		1
511.4		1
511.5		1
511.6		1
511.7		1
511.8		1
511.9		1
512		1
512.1		1
512.2		1
512.3		1
512.4		1
512.5		1
512.6		1
512.7		1
512.8		1
512.9		1
513		1
513.1		1
513.2		1
513.3		1
513.4		1
513.5		1
513.6		1
513.7		1
513.8		1
513.9		1
514		1
514.1		1
514.2		1
514.3		1
514.4		1
514.5		1
514.6		1
514.7		1
514.8		1
514.9		1
515		1
515.1		1
515.2		1
515.3		1
515.4		1
515.5		1
515.6		1
515.7		1
515.8		1
515.9		1
516		1
516.1		1
516.2		1
516.3		1
516.4		1
516.5		1
516.6		1
516.7		1
516.8		1
516.9		1
517		1
517.1		1
517.2		1
517.3		1
517.4		1
517.5		1
517.6		1
517.7		1
517.8		1
517.9		1
518		1
518.1		1
518.2		1
518.3		1
518.4		1
518.5		1
518.6		1
518.7		1
518.8		1
518.9		1
519		1
519.1		1
519.2		1
519.3		1
519.4		1
519.5		1
519.6		1
519.7		1
519.8		1
519.9		1
520		1
520.1		1
520.2		1
520.3		1
520.4		1
520.5		1
520.6		1
520.7		1
520.8		1
520.9		1
521		1
521.1		1
521.2		1
521.3		1
521.4		1
521.5		1
521.6		1
521.7		1
521.8		1
521.9		1
522		1
522.1		1
522.2		1
522.3		1
522.4		1
522.5		1
522.6		1
522.7		1
522.8		1
522.9		1
523		1
523.1		1
523.2		1
523.3		1
523.4		1
523.5		1
523.6		1
523.7		1
523.8		1
523.9		1
524		1
524.1		1
524.2		1
524.3		1
524.4		1
524.5		1
524.6		1
524.7		1
524.8		1
524.9		1
525		1
525.1		1
525.2		1
525.3		1
525.4		1
525.5		1
525.6		1
525.7		1
525.8		1
525.9		1
526		1
526.1		1
526.2		1
526.3		1
526.4		1
526.5		1
526.6		1
526.7		1
526.8		1
526.9		1
527		1
527.1		1
527.2		1
527.3		1
527.4		1
527.5		1
527.6		1
527.7		1
527.8		1
527.9		1
528		1
528.1		1
528.2		1
528.3		1
528.4		1
528.5		1
528.6		1
528.7		1
528.8		1
528.9		1
529		1
529.1		1
529.2		1
529.3		1
529.4		1
529.5		1
529.6		1
529.7		1
529.8		1
529.9		1
530		1
530.1		1
530.2		1
530.3		1
530.4		1
530.5		1
530.6		1
530.7		1
530.8		1
530.9		1
531		1
531.1		1
531.2		1
531.3		1
531.4		1
531.5		1
531.6		1
531.7		1
531.8		1
531.9		1
532		1
532.1		1
532.2		1
532.3		1
532.4		1
532.5		1
532.6		1
532.7		1
532.8		1
532.9		1
533		1
533.1		1
533.2		1
533.3		1
533.4		1
533.5		1
533.6		1
533.7		1
533.8		1
533.9		1
534		1
534.1		1
534.2		1
534.3		1
534.4		1
534.5		1
534.6		1
534.7		1
534.8		1
534.9		1
535		1
535.1		1
535.2		1
535.3		1
535.4		1
535.5		1
535.6		1
535.7		1
535.8		1
535.9		1
536		1
536.1		1
536.2		1
536.3		1
536.4		1
536.5		1
536.6		1
536.7		1
536.8		1
536.9		1
537		1
537.1		1
537.2		1
537.3		1
537.4		1
537.5		1
537.6		1
537.7		1
537.8		1
537.9		1
538		1
538.1		1
538.2		1
538.3		1
538.4		1
538.5		1
538.6		1
538.7		1
538.8		1
538.9		1
539		1
539.1		1
539.2		1
539.3		1
539.4		1
539.5		1
539.6		1
539.7		1
539.8		1
539.9		1
540		1
540.1		1
540.2		1
540.3		1
540.4		1
540.5		1
540.6		1
540.7		1
540.8		1
540.9		1
541		1
541.1		1
541.2		1
541.3		1
541.4		1
541.5		1
541.6		1
541.7		1
541.8		1
541.9		1
542		1
542.1		1
542.2		1
542.3		1
542.4		1
542.5		1
542.6		1
542.7		1
542.8		1
542.9		1
543		1
543.1		1
543.2		1
543.3		1
543.4		1
543.5		1
543.6		1
543.7		1
543.8		1
543.9		1
544		1
544.1		1
544.2		1
544.3		1
544.4		1
544.5		1
544.6		1
544.7		1
544.8		1
544.9		1
545		1
545.1		1
545.2		1
545.3		1
545.4		1
545.5		1
545.6		1
545.7		1
545.8		1
545.9		1
546		1
546.1		1
546.2		1
546.3		1
546.4		1
546.5		1
546.6		1
546.7		1
546.8		1
546.9		1
547		1
547.1		1
547.2		1
547.3		1
547.4		1
547.5		1
547.6		1
547.7		1
547.8		1
547.9		1
548		1
548.1		1
548.2		1
548.3		1
548.4		1
548.5		1
548.6		1
548.7		1
548.8		1
548.9		1
549		1
549.1		1
549.2		1
549.3		1
549.4		1
549.5		1
549.6		1
549.7		1
549.8		1
549.9		1
550		1
550.1		1
550.2		1
550.3		1
550.4		1
550.5		1
550.6		1
550.7		1
550.8		1
550.9		1
551		1
551.1		1
551.2		1
551.3		1
551.4		1
551.5		1
551.6		1
551.7		1
551.8		1
551.9		1
552		1
552.1		1
552.2		1
552.3		1
552.4		1
552.5		1
552.6		1
552.7		1
552.8		1
552.9		1
553		1
553.1		1
553.2		1
553.3		1
553.4		1
553.5		1
553.6		1
553.7		1
553.8		1
553.9		1
554		1
554.1		1
554.2		1
554.3		1
554.4		1
554.5		1
554.6		1
554.7		1
554.8		1
554.9		1
555		1
555.1		1
555.2		1
555.3		1
555.4		1
555.5		1
555.6		1
555.7		1
555.8		1
555.9		1
556		1
556.1		1
556.2		1
556.3		1
556.4		1
556.5		1
556.6		1
556.7		1
556.8		1
556.9		1
557		1
557.1		1
557.2		1
557.3		1
557.4		1
557.5		1
557.6		1
557.7		1
557.8		1
557.9		1
558		1
558.1		1
558.2		1
558.3		1
558.4		1
558.5		1
558.6		1
558.7		1
558.8		1
558.9		1
559		1
559.1		1
559.2		1
559.3		1
559.4		1
559.5		1
559.6		1
559.7		1
559.8		1
559.9		1
560		1
560.1		1
560.2		1
560.3		1
560.4		1
560.5		1
560.6		1
560.7		1
560.8		1
560.9		1
561		1
561.1		1
561.2		1
561.3		1
561.4		1
561.5		1
561.6		1
561.7		1
561.8		1
561.9		1
562		1
562.1		1
562.2		1
562.3		1
562.4		1
562.5		1
562.6		1
562.7		1
562.8		1
562.9		1
563		1
563.1		1
563.2		1
563.3		1
563.4		1
563.5		1
563.6		1
563.7		1
563.8		1
563.9		1
564		1
564.1		1
564.2		1
564.3		1
564.4		1
564.5		1
564.6		1
564.7		1
564.8		1
564.9		1
565		1
565.1		1
565.2		1
565.3		1
565.4		1
565.5		1
565.6		1
565.7		1
565.8		1
565.9		1
566		1
566.1		1
566.2		1
566.3		1
566.4		1
566.5		1
566.6		1
566.7		1
566.8		1
566.9		1
567		1
567.1		1
567.2		1
567.3		1
567.4		1
567.5		1
567.6		1
567.7		1
567.8		1
567.9		1
568		1
568.1		1
568.2		1
568.3		1
568.4		1
568.5		1
568.6		1
568.7		1
568.8		1
568.9		1
569		1
569.1		1
569.2		1
569.3		1
569.4		1
569.5		1
569.6		1
569.7		1
569.8		1
569.9		1
570		1
570.1		1
570.2		1
570.3		1
570.4		1
570.5		1
570.6		1
570.7		1
570.8		1
570.9		1
571		1
571.1		1
571.2		1
571.3		1
571.4		1
571.5		1
571.6		1
571.7		1
571.8		1
571.9		1
572		1
572.1		1
572.2		1
572.3		1
572.4		1
572.5		1
572.6		1
572.7		1
572.8		1
572.9		1
573		1
573.1		1
573.2		1
573.3		1
573.4		1
573.5		1
573.6		1
573.7		1
573.8		1
573.9		1
574		1
574.1		1
574.2		1
574.3		1
574.4		1
574.5		1
574.6		1
574.7		1
574.8		1
574.9		1
575		1
575.1		1
575.2		1
575.3		1
575.4		1
575.5		1
575.6		1
575.7		1
575.8		1
575.9		1
576		1
576.1		1
576.2		1
576.3		1
576.4		1
576.5		1
576.6		1
576.7		1
576.8		1
576.9		1
577		1
577.1		1
577.2		1
577.3		1
577.4		1
577.5		1
577.6		1
577.7		1
577.8		1
577.9		1
578		1
578.1		1
578.2		1
578.3		1
578.4		1
578.5		1
578.6		1
578.7		1
578.8		1
578.9		1
579		1
579.1		1
579.2		1
579.3		1
579.4		1
579.5		1
579.6		1
579.7		1
579.8		1
579.9		1
580		1
580.1		1
580.2		1
580.3		1
580.4		1
580.5		1
580.6		1
580.7		1
580.8		1
580.9		1
581		1
581.1		1
581.2		1
581.3		1
581.4		1
581.5		1
581.6		1
581.7		1
581.8		1
581.9		1
582		1
582.1		1
582.2		1
582.3		1
582.4		1
582.5		1
582.6		1
582.7		1
582.8		1
582.9		1
583		1
583.1		1
583.2		1
583.3		1
583.4		1
583.5		1
583.6		1
583.7		1
583.8		1
583.9		1
584		1
584.1		1
584.2		1
584.3		1
584.4		1
584.5		1
584.6		1
584.7		1
584.8		1
584.9		1
585		1
585.1		1
585.2		1
585.3		1
585.4		1
585.5		1
585.6		1
585.7		1
585.8		1
585.9		1
586		1
586.1		1
586.2		1
586.3		1
586.4		1
586.5		1
586.6		1
586.7		1
586.8		1
586.9		1
587		1
587.1		1
587.2		1
587.3		1
587.4		1
587.5		1
587.6		1
587.7		1
587.8		1
587.9		1
588		1
588.1		1
588.2		1
588.3		1
588.4		1
588.5		1
588.6		1
588.7		1
588.8		1
588.9		1
589		1
589.1		1
589.2		1
589.3		1
589.4		1
589.5		1
589.6		1
589.7		1
589.8		1
589.9		1
590		1
590.1		1
590.2		1
590.3		1
590.4		1
590.5		1
590.6		1
590.7		1
590.8		1
590.9		1
591		1
591.1		1
591.2		1
591.3		1
591.4		1
591.5		1
591.6		1
591.7		1
591.8		1
591.9		1
592		1
592.1		1
592.2		1
592.3		1
592.4		1
592.5		1
592.6		1
592.7		1
592.8		1
592.9		1
593		1
593.1		1
593.2		1
593.3		1
593.4		1
593.5		1
593.6		1
593.7		1
593.8		1
593.9		1
594		1
594.1		1
594.2		1
594.3		1
594.4		1
594.5		1
594.6		1
594.7		1
594.8		1
594.9		1
595		1
595.1		1
595.2		1
595.3		1
595.4		1
595.5		1
595.6		1
595.7		1
595.8		1
595.9		1
596		1
596.1		1
596.2		1
596.3		1
596.4		1
596.5		1
596.6		1
596.7		1
596.8		1
596.9		1
597		1
597.1		1
597.2		1
597.3		1
597.4		1
597.5		1
597.6		1
597.7		1
597.8		1
597.9		1
598		1
598.1		1
598.2		1
598.3		1
598.4		1
598.5		1
598.6		1
598.7		1
598.8		1
598.9		1
599		1
599.1		1
599.2		1
599.3		1
599.4		1
599.5		1
599.6		1
599.7		1
599.8		1
599.9		1
600		1
