# Calibration file of tamex_id 0 @ channel 20
# fine_T bin		 Calibration value
0.1		0
0.2		0
0.3		0
0.4		0
0.5		0
0.6		0
0.7		0
0.8		0
0.9		0
1		0
1.1		0
1.2		0
1.3		0
1.4		0
1.5		0
1.6		0
1.7		0
1.8		0
1.9		0
2		0
2.1		0
2.2		0
2.3		0
2.4		0
2.5		0
2.6		0
2.7		0
2.8		0
2.9		0
3		0
3.1		0
3.2		0
3.3		0
3.4		0
3.5		0
3.6		0
3.7		0
3.8		0
3.9		0
4		0
4.1		0
4.2		0
4.3		0
4.4		0
4.5		0
4.6		0
4.7		0
4.8		0
4.9		0
5		0
5.1		0
5.2		0
5.3		0
5.4		0
5.5		0
5.6		0
5.7		0
5.8		0
5.9		0
6		0
6.1		0
6.2		0
6.3		0
6.4		0
6.5		0
6.6		0
6.7		0
6.8		0
6.9		0
7		0
7.1		0
7.2		0
7.3		0
7.4		0
7.5		0
7.6		0
7.7		0
7.8		0
7.9		0
8		0
8.1		0
8.2		0
8.3		0
8.4		0
8.5		0
8.6		0
8.7		0
8.8		0
8.9		0
9		0
9.1		0
9.2		0
9.3		0
9.4		0
9.5		0
9.6		0
9.7		0
9.8		0
9.9		0
10		0
10.1		0
10.2		0
10.3		0
10.4		0
10.5		0
10.6		0
10.7		0
10.8		0
10.9		0
11		0
11.1		0
11.2		0
11.3		0
11.4		0
11.5		0
11.6		0
11.7		0
11.8		0
11.9		0
12		0
12.1		0
12.2		0
12.3		0
12.4		0
12.5		0
12.6		0
12.7		0
12.8		0
12.9		0
13		0
13.1		0
13.2		0
13.3		0
13.4		0
13.5		0
13.6		0
13.7		0
13.8		0
13.9		0
14		0
14.1		0
14.2		0
14.3		0
14.4		0
14.5		0
14.6		0
14.7		0
14.8		0
14.9		0
15		0
15.1		0
15.2		0
15.3		0
15.4		0
15.5		0
15.6		0
15.7		0
15.8		0
15.9		0
16		0
16.1		0.00836007
16.2		0.00836007
16.3		0.00836007
16.4		0.00836007
16.5		0.00836007
16.6		0.00836007
16.7		0.00836007
16.8		0.00836007
16.9		0.00836007
17		0.00836007
17.1		0.00874891
17.2		0.00874891
17.3		0.00874891
17.4		0.00874891
17.5		0.00874891
17.6		0.00874891
17.7		0.00874891
17.8		0.00874891
17.9		0.00874891
18		0.00874891
18.1		0.0107417
18.2		0.0107417
18.3		0.0107417
18.4		0.0107417
18.5		0.0107417
18.6		0.0107417
18.7		0.0107417
18.8		0.0107417
18.9		0.0107417
19		0.0107417
19.1		0.0110819
19.2		0.0110819
19.3		0.0110819
19.4		0.0110819
19.5		0.0110819
19.6		0.0110819
19.7		0.0110819
19.8		0.0110819
19.9		0.0110819
20		0.0110819
20.1		0.0188101
20.2		0.0188101
20.3		0.0188101
20.4		0.0188101
20.5		0.0188101
20.6		0.0188101
20.7		0.0188101
20.8		0.0188101
20.9		0.0188101
21		0.0188101
21.1		0.0200739
21.2		0.0200739
21.3		0.0200739
21.4		0.0200739
21.5		0.0200739
21.6		0.0200739
21.7		0.0200739
21.8		0.0200739
21.9		0.0200739
22		0.0200739
22.1		0.0203655
22.2		0.0203655
22.3		0.0203655
22.4		0.0203655
22.5		0.0203655
22.6		0.0203655
22.7		0.0203655
22.8		0.0203655
22.9		0.0203655
23		0.0203655
23.1		0.0221639
23.2		0.0221639
23.3		0.0221639
23.4		0.0221639
23.5		0.0221639
23.6		0.0221639
23.7		0.0221639
23.8		0.0221639
23.9		0.0221639
24		0.0221639
24.1		0.0266356
24.2		0.0266356
24.3		0.0266356
24.4		0.0266356
24.5		0.0266356
24.6		0.0266356
24.7		0.0266356
24.8		0.0266356
24.9		0.0266356
25		0.0266356
25.1		0.0269272
25.2		0.0269272
25.3		0.0269272
25.4		0.0269272
25.5		0.0269272
25.6		0.0269272
25.7		0.0269272
25.8		0.0269272
25.9		0.0269272
26		0.0269272
26.1		0.0290172
26.2		0.0290172
26.3		0.0290172
26.4		0.0290172
26.5		0.0290172
26.6		0.0290172
26.7		0.0290172
26.8		0.0290172
26.9		0.0290172
27		0.0290172
27.1		0.0304754
27.2		0.0304754
27.3		0.0304754
27.4		0.0304754
27.5		0.0304754
27.6		0.0304754
27.7		0.0304754
27.8		0.0304754
27.9		0.0304754
28		0.0304754
28.1		0.0330514
28.2		0.0330514
28.3		0.0330514
28.4		0.0330514
28.5		0.0330514
28.6		0.0330514
28.7		0.0330514
28.8		0.0330514
28.9		0.0330514
29		0.0330514
29.1		0.0333917
29.2		0.0333917
29.3		0.0333917
29.4		0.0333917
29.5		0.0333917
29.6		0.0333917
29.7		0.0333917
29.8		0.0333917
29.9		0.0333917
30		0.0333917
30.1		0.0379605
30.2		0.0379605
30.3		0.0379605
30.4		0.0379605
30.5		0.0379605
30.6		0.0379605
30.7		0.0379605
30.8		0.0379605
30.9		0.0379605
31		0.0379605
31.1		0.0381063
31.2		0.0381063
31.3		0.0381063
31.4		0.0381063
31.5		0.0381063
31.6		0.0381063
31.7		0.0381063
31.8		0.0381063
31.9		0.0381063
32		0.0381063
32.1		0.0394187
32.2		0.0394187
32.3		0.0394187
32.4		0.0394187
32.5		0.0394187
32.6		0.0394187
32.7		0.0394187
32.8		0.0394187
32.9		0.0394187
33		0.0394187
33.1		0.0451055
33.2		0.0451055
33.3		0.0451055
33.4		0.0451055
33.5		0.0451055
33.6		0.0451055
33.7		0.0451055
33.8		0.0451055
33.9		0.0451055
34		0.0451055
34.1		0.0455429
34.2		0.0455429
34.3		0.0455429
34.4		0.0455429
34.5		0.0455429
34.6		0.0455429
34.7		0.0455429
34.8		0.0455429
34.9		0.0455429
35		0.0455429
35.1		0.0464664
35.2		0.0464664
35.3		0.0464664
35.4		0.0464664
35.5		0.0464664
35.6		0.0464664
35.7		0.0464664
35.8		0.0464664
35.9		0.0464664
36		0.0464664
36.1		0.0493341
36.2		0.0493341
36.3		0.0493341
36.4		0.0493341
36.5		0.0493341
36.6		0.0493341
36.7		0.0493341
36.8		0.0493341
36.9		0.0493341
37		0.0493341
37.1		0.0519588
37.2		0.0519588
37.3		0.0519588
37.4		0.0519588
37.5		0.0519588
37.6		0.0519588
37.7		0.0519588
37.8		0.0519588
37.9		0.0519588
38		0.0519588
38.1		0.052056
38.2		0.052056
38.3		0.052056
38.4		0.052056
38.5		0.052056
38.6		0.052056
38.7		0.052056
38.8		0.052056
38.9		0.052056
39		0.052056
39.1		0.0561388
39.2		0.0561388
39.3		0.0561388
39.4		0.0561388
39.5		0.0561388
39.6		0.0561388
39.7		0.0561388
39.8		0.0561388
39.9		0.0561388
40		0.0561388
40.1		0.0566735
40.2		0.0566735
40.3		0.0566735
40.4		0.0566735
40.5		0.0566735
40.6		0.0566735
40.7		0.0566735
40.8		0.0566735
40.9		0.0566735
41		0.0566735
41.1		0.0582288
41.2		0.0582288
41.3		0.0582288
41.4		0.0582288
41.5		0.0582288
41.6		0.0582288
41.7		0.0582288
41.8		0.0582288
41.9		0.0582288
42		0.0582288
42.1		0.0589579
42.2		0.0589579
42.3		0.0589579
42.4		0.0589579
42.5		0.0589579
42.6		0.0589579
42.7		0.0589579
42.8		0.0589579
42.9		0.0589579
43		0.0589579
43.1		0.0600272
43.2		0.0600272
43.3		0.0600272
43.4		0.0600272
43.5		0.0600272
43.6		0.0600272
43.7		0.0600272
43.8		0.0600272
43.9		0.0600272
44		0.0600272
44.1		0.0644017
44.2		0.0644017
44.3		0.0644017
44.4		0.0644017
44.5		0.0644017
44.6		0.0644017
44.7		0.0644017
44.8		0.0644017
44.9		0.0644017
45		0.0644017
45.1		0.0667833
45.2		0.0667833
45.3		0.0667833
45.4		0.0667833
45.5		0.0667833
45.6		0.0667833
45.7		0.0667833
45.8		0.0667833
45.9		0.0667833
46		0.0667833
46.1		0.0697482
46.2		0.0697482
46.3		0.0697482
46.4		0.0697482
46.5		0.0697482
46.6		0.0697482
46.7		0.0697482
46.8		0.0697482
46.9		0.0697482
47		0.0697482
47.1		0.0721299
47.2		0.0721299
47.3		0.0721299
47.4		0.0721299
47.5		0.0721299
47.6		0.0721299
47.7		0.0721299
47.8		0.0721299
47.9		0.0721299
48		0.0721299
48.1		0.0725673
48.2		0.0725673
48.3		0.0725673
48.4		0.0725673
48.5		0.0725673
48.6		0.0725673
48.7		0.0725673
48.8		0.0725673
48.9		0.0725673
49		0.0725673
49.1		0.0726645
49.2		0.0726645
49.3		0.0726645
49.4		0.0726645
49.5		0.0726645
49.6		0.0726645
49.7		0.0726645
49.8		0.0726645
49.9		0.0726645
50		0.0726645
50.1		0.0757753
50.2		0.0757753
50.3		0.0757753
50.4		0.0757753
50.5		0.0757753
50.6		0.0757753
50.7		0.0757753
50.8		0.0757753
50.9		0.0757753
51		0.0757753
51.1		0.0763099
51.2		0.0763099
51.3		0.0763099
51.4		0.0763099
51.5		0.0763099
51.6		0.0763099
51.7		0.0763099
51.8		0.0763099
51.9		0.0763099
52		0.0763099
52.1		0.079372
52.2		0.079372
52.3		0.079372
52.4		0.079372
52.5		0.079372
52.6		0.079372
52.7		0.079372
52.8		0.079372
52.9		0.079372
53		0.079372
53.1		0.0820939
53.2		0.0820939
53.3		0.0820939
53.4		0.0820939
53.5		0.0820939
53.6		0.0820939
53.7		0.0820939
53.8		0.0820939
53.9		0.0820939
54		0.0820939
54.1		0.0831632
54.2		0.0831632
54.3		0.0831632
54.4		0.0831632
54.5		0.0831632
54.6		0.0831632
54.7		0.0831632
54.8		0.0831632
54.9		0.0831632
55		0.0831632
55.1		0.0851074
55.2		0.0851074
55.3		0.0851074
55.4		0.0851074
55.5		0.0851074
55.6		0.0851074
55.7		0.0851074
55.8		0.0851074
55.9		0.0851074
56		0.0851074
56.1		0.0853504
56.2		0.0853504
56.3		0.0853504
56.4		0.0853504
56.5		0.0853504
56.6		0.0853504
56.7		0.0853504
56.8		0.0853504
56.9		0.0853504
57		0.0853504
57.1		0.0860309
57.2		0.0860309
57.3		0.0860309
57.4		0.0860309
57.5		0.0860309
57.6		0.0860309
57.7		0.0860309
57.8		0.0860309
57.9		0.0860309
58		0.0860309
58.1		0.0920093
58.2		0.0920093
58.3		0.0920093
58.4		0.0920093
58.5		0.0920093
58.6		0.0920093
58.7		0.0920093
58.8		0.0920093
58.9		0.0920093
59		0.0920093
59.1		0.0931759
59.2		0.0931759
59.3		0.0931759
59.4		0.0931759
59.5		0.0931759
59.6		0.0931759
59.7		0.0931759
59.8		0.0931759
59.9		0.0931759
60		0.0931759
60.1		0.0949256
60.2		0.0949256
60.3		0.0949256
60.4		0.0949256
60.5		0.0949256
60.6		0.0949256
60.7		0.0949256
60.8		0.0949256
60.9		0.0949256
61		0.0949256
61.1		0.0961894
61.2		0.0961894
61.3		0.0961894
61.4		0.0961894
61.5		0.0961894
61.6		0.0961894
61.7		0.0961894
61.8		0.0961894
61.9		0.0961894
62		0.0961894
62.1		0.100321
62.2		0.100321
62.3		0.100321
62.4		0.100321
62.5		0.100321
62.6		0.100321
62.7		0.100321
62.8		0.100321
62.9		0.100321
63		0.100321
63.1		0.102411
63.2		0.102411
63.3		0.102411
63.4		0.102411
63.5		0.102411
63.6		0.102411
63.7		0.102411
63.8		0.102411
63.9		0.102411
64		0.102411
64.1		0.103043
64.2		0.103043
64.3		0.103043
64.4		0.103043
64.5		0.103043
64.6		0.103043
64.7		0.103043
64.8		0.103043
64.9		0.103043
65		0.103043
65.1		0.103188
65.2		0.103188
65.3		0.103188
65.4		0.103188
65.5		0.103188
65.6		0.103188
65.7		0.103188
65.8		0.103188
65.9		0.103188
66		0.103188
66.1		0.106153
66.2		0.106153
66.3		0.106153
66.4		0.106153
66.5		0.106153
66.6		0.106153
66.7		0.106153
66.8		0.106153
66.9		0.106153
67		0.106153
67.1		0.10698
67.2		0.10698
67.3		0.10698
67.4		0.10698
67.5		0.10698
67.6		0.10698
67.7		0.10698
67.8		0.10698
67.9		0.10698
68		0.10698
68.1		0.110431
68.2		0.110431
68.3		0.110431
68.4		0.110431
68.5		0.110431
68.6		0.110431
68.7		0.110431
68.8		0.110431
68.9		0.110431
69		0.110431
69.1		0.112618
69.2		0.112618
69.3		0.112618
69.4		0.112618
69.5		0.112618
69.6		0.112618
69.7		0.112618
69.8		0.112618
69.9		0.112618
70		0.112618
70.1		0.113444
70.2		0.113444
70.3		0.113444
70.4		0.113444
70.5		0.113444
70.6		0.113444
70.7		0.113444
70.8		0.113444
70.9		0.113444
71		0.113444
71.1		0.115
71.2		0.115
71.3		0.115
71.4		0.115
71.5		0.115
71.6		0.115
71.7		0.115
71.8		0.115
71.9		0.115
72		0.115
72.1		0.119325
72.2		0.119325
72.3		0.119325
72.4		0.119325
72.5		0.119325
72.6		0.119325
72.7		0.119325
72.8		0.119325
72.9		0.119325
73		0.119325
73.1		0.119763
73.2		0.119763
73.3		0.119763
73.4		0.119763
73.5		0.119763
73.6		0.119763
73.7		0.119763
73.8		0.119763
73.9		0.119763
74		0.119763
74.1		0.121172
74.2		0.121172
74.3		0.121172
74.4		0.121172
74.5		0.121172
74.6		0.121172
74.7		0.121172
74.8		0.121172
74.9		0.121172
75		0.121172
75.1		0.12545
75.2		0.12545
75.3		0.12545
75.4		0.12545
75.5		0.12545
75.6		0.12545
75.7		0.12545
75.8		0.12545
75.9		0.12545
76		0.12545
76.1		0.126324
76.2		0.126324
76.3		0.126324
76.4		0.126324
76.5		0.126324
76.6		0.126324
76.7		0.126324
76.8		0.126324
76.9		0.126324
77		0.126324
77.1		0.12754
77.2		0.12754
77.3		0.12754
77.4		0.12754
77.5		0.12754
77.6		0.12754
77.7		0.12754
77.8		0.12754
77.9		0.12754
78		0.12754
78.1		0.131768
78.2		0.131768
78.3		0.131768
78.4		0.131768
78.5		0.131768
78.6		0.131768
78.7		0.131768
78.8		0.131768
78.9		0.131768
79		0.131768
79.1		0.131817
79.2		0.131817
79.3		0.131817
79.4		0.131817
79.5		0.131817
79.6		0.131817
79.7		0.131817
79.8		0.131817
79.9		0.131817
80		0.131817
80.1		0.134442
80.2		0.134442
80.3		0.134442
80.4		0.134442
80.5		0.134442
80.6		0.134442
80.7		0.134442
80.8		0.134442
80.9		0.134442
81		0.134442
81.1		0.137309
81.2		0.137309
81.3		0.137309
81.4		0.137309
81.5		0.137309
81.6		0.137309
81.7		0.137309
81.8		0.137309
81.9		0.137309
82		0.137309
82.1		0.138913
82.2		0.138913
82.3		0.138913
82.4		0.138913
82.5		0.138913
82.6		0.138913
82.7		0.138913
82.8		0.138913
82.9		0.138913
83		0.138913
83.1		0.139156
83.2		0.139156
83.3		0.139156
83.4		0.139156
83.5		0.139156
83.6		0.139156
83.7		0.139156
83.8		0.139156
83.9		0.139156
84		0.139156
84.1		0.145135
84.2		0.145135
84.3		0.145135
84.4		0.145135
84.5		0.145135
84.6		0.145135
84.7		0.145135
84.8		0.145135
84.9		0.145135
85		0.145135
85.1		0.14601
85.2		0.14601
85.3		0.14601
85.4		0.14601
85.5		0.14601
85.6		0.14601
85.7		0.14601
85.8		0.14601
85.9		0.14601
86		0.14601
86.1		0.14635
86.2		0.14635
86.3		0.14635
86.4		0.14635
86.5		0.14635
86.6		0.14635
86.7		0.14635
86.8		0.14635
86.9		0.14635
87		0.14635
87.1		0.147711
87.2		0.147711
87.3		0.147711
87.4		0.147711
87.5		0.147711
87.6		0.147711
87.7		0.147711
87.8		0.147711
87.9		0.147711
88		0.147711
88.1		0.15053
88.2		0.15053
88.3		0.15053
88.4		0.15053
88.5		0.15053
88.6		0.15053
88.7		0.15053
88.8		0.15053
88.9		0.15053
89		0.15053
89.1		0.153981
89.2		0.153981
89.3		0.153981
89.4		0.153981
89.5		0.153981
89.6		0.153981
89.7		0.153981
89.8		0.153981
89.9		0.153981
90		0.153981
90.1		0.154224
90.2		0.154224
90.3		0.154224
90.4		0.154224
90.5		0.154224
90.6		0.154224
90.7		0.154224
90.8		0.154224
90.9		0.154224
91		0.154224
91.1		0.15748
91.2		0.15748
91.3		0.15748
91.4		0.15748
91.5		0.15748
91.6		0.15748
91.7		0.15748
91.8		0.15748
91.9		0.15748
92		0.15748
92.1		0.158598
92.2		0.158598
92.3		0.158598
92.4		0.158598
92.5		0.158598
92.6		0.158598
92.7		0.158598
92.8		0.158598
92.9		0.158598
93		0.158598
93.1		0.160105
93.2		0.160105
93.3		0.160105
93.4		0.160105
93.5		0.160105
93.6		0.160105
93.7		0.160105
93.8		0.160105
93.9		0.160105
94		0.160105
94.1		0.160542
94.2		0.160542
94.3		0.160542
94.4		0.160542
94.5		0.160542
94.6		0.160542
94.7		0.160542
94.8		0.160542
94.9		0.160542
95		0.160542
95.1		0.164965
95.2		0.164965
95.3		0.164965
95.4		0.164965
95.5		0.164965
95.6		0.164965
95.7		0.164965
95.8		0.164965
95.9		0.164965
96		0.164965
96.1		0.166472
96.2		0.166472
96.3		0.166472
96.4		0.166472
96.5		0.166472
96.6		0.166472
96.7		0.166472
96.8		0.166472
96.9		0.166472
97		0.166472
97.1		0.169632
97.2		0.169632
97.3		0.169632
97.4		0.169632
97.5		0.169632
97.6		0.169632
97.7		0.169632
97.8		0.169632
97.9		0.169632
98		0.169632
98.1		0.17177
98.2		0.17177
98.3		0.17177
98.4		0.17177
98.5		0.17177
98.6		0.17177
98.7		0.17177
98.8		0.17177
98.9		0.17177
99		0.17177
99.1		0.171965
99.2		0.171965
99.3		0.171965
99.4		0.171965
99.5		0.171965
99.6		0.171965
99.7		0.171965
99.8		0.171965
99.9		0.171965
100		0.171965
100.1		0.172013
100.2		0.172013
100.3		0.172013
100.4		0.172013
100.5		0.172013
100.6		0.172013
100.7		0.172013
100.8		0.172013
100.9		0.172013
101		0.172013
101.1		0.174638
101.2		0.174638
101.3		0.174638
101.4		0.174638
101.5		0.174638
101.6		0.174638
101.7		0.174638
101.8		0.174638
101.9		0.174638
102		0.174638
102.1		0.178332
102.2		0.178332
102.3		0.178332
102.4		0.178332
102.5		0.178332
102.6		0.178332
102.7		0.178332
102.8		0.178332
102.9		0.178332
103		0.178332
103.1		0.180519
103.2		0.180519
103.3		0.180519
103.4		0.180519
103.5		0.180519
103.6		0.180519
103.7		0.180519
103.8		0.180519
103.9		0.180519
104		0.180519
104.1		0.181297
104.2		0.181297
104.3		0.181297
104.4		0.181297
104.5		0.181297
104.6		0.181297
104.7		0.181297
104.8		0.181297
104.9		0.181297
105		0.181297
105.1		0.18188
105.2		0.18188
105.3		0.18188
105.4		0.18188
105.5		0.18188
105.6		0.18188
105.7		0.18188
105.8		0.18188
105.9		0.18188
106		0.18188
106.1		0.186206
106.2		0.186206
106.3		0.186206
106.4		0.186206
106.5		0.186206
106.6		0.186206
106.7		0.186206
106.8		0.186206
106.9		0.186206
107		0.186206
107.1		0.188733
107.2		0.188733
107.3		0.188733
107.4		0.188733
107.5		0.188733
107.6		0.188733
107.7		0.188733
107.8		0.188733
107.9		0.188733
108		0.188733
108.1		0.19024
108.2		0.19024
108.3		0.19024
108.4		0.19024
108.5		0.19024
108.6		0.19024
108.7		0.19024
108.8		0.19024
108.9		0.19024
109		0.19024
109.1		0.190872
109.2		0.190872
109.3		0.190872
109.4		0.190872
109.5		0.190872
109.6		0.190872
109.7		0.190872
109.8		0.190872
109.9		0.190872
110		0.190872
110.1		0.19267
110.2		0.19267
110.3		0.19267
110.4		0.19267
110.5		0.19267
110.6		0.19267
110.7		0.19267
110.8		0.19267
110.9		0.19267
111		0.19267
111.1		0.196219
111.2		0.196219
111.3		0.196219
111.4		0.196219
111.5		0.196219
111.6		0.196219
111.7		0.196219
111.8		0.196219
111.9		0.196219
112		0.196219
112.1		0.197239
112.2		0.197239
112.3		0.197239
112.4		0.197239
112.5		0.197239
112.6		0.197239
112.7		0.197239
112.8		0.197239
112.9		0.197239
113		0.197239
113.1		0.198795
113.2		0.198795
113.3		0.198795
113.4		0.198795
113.5		0.198795
113.6		0.198795
113.7		0.198795
113.8		0.198795
113.9		0.198795
114		0.198795
114.1		0.201516
114.2		0.201516
114.3		0.201516
114.4		0.201516
114.5		0.201516
114.6		0.201516
114.7		0.201516
114.8		0.201516
114.9		0.201516
115		0.201516
115.1		0.203655
115.2		0.203655
115.3		0.203655
115.4		0.203655
115.5		0.203655
115.6		0.203655
115.7		0.203655
115.8		0.203655
115.9		0.203655
116		0.203655
116.1		0.204044
116.2		0.204044
116.3		0.204044
116.4		0.204044
116.5		0.204044
116.6		0.204044
116.7		0.204044
116.8		0.204044
116.9		0.204044
117		0.204044
117.1		0.206571
117.2		0.206571
117.3		0.206571
117.4		0.206571
117.5		0.206571
117.6		0.206571
117.7		0.206571
117.8		0.206571
117.9		0.206571
118		0.206571
118.1		0.210606
118.2		0.210606
118.3		0.210606
118.4		0.210606
118.5		0.210606
118.6		0.210606
118.7		0.210606
118.8		0.210606
118.9		0.210606
119		0.210606
119.1		0.210946
119.2		0.210946
119.3		0.210946
119.4		0.210946
119.5		0.210946
119.6		0.210946
119.7		0.210946
119.8		0.210946
119.9		0.210946
120		0.210946
120.1		0.213133
120.2		0.213133
120.3		0.213133
120.4		0.213133
120.5		0.213133
120.6		0.213133
120.7		0.213133
120.8		0.213133
120.9		0.213133
121		0.213133
121.1		0.213522
121.2		0.213522
121.3		0.213522
121.4		0.213522
121.5		0.213522
121.6		0.213522
121.7		0.213522
121.8		0.213522
121.9		0.213522
122		0.213522
122.1		0.217216
122.2		0.217216
122.3		0.217216
122.4		0.217216
122.5		0.217216
122.6		0.217216
122.7		0.217216
122.8		0.217216
122.9		0.217216
123		0.217216
123.1		0.221104
123.2		0.221104
123.3		0.221104
123.4		0.221104
123.5		0.221104
123.6		0.221104
123.7		0.221104
123.8		0.221104
123.9		0.221104
124		0.221104
124.1		0.221736
124.2		0.221736
124.3		0.221736
124.4		0.221736
124.5		0.221736
124.6		0.221736
124.7		0.221736
124.8		0.221736
124.9		0.221736
125		0.221736
125.1		0.222271
125.2		0.222271
125.3		0.222271
125.4		0.222271
125.5		0.222271
125.6		0.222271
125.7		0.222271
125.8		0.222271
125.9		0.222271
126		0.222271
126.1		0.225236
126.2		0.225236
126.3		0.225236
126.4		0.225236
126.5		0.225236
126.6		0.225236
126.7		0.225236
126.8		0.225236
126.9		0.225236
127		0.225236
127.1		0.226791
127.2		0.226791
127.3		0.226791
127.4		0.226791
127.5		0.226791
127.6		0.226791
127.7		0.226791
127.8		0.226791
127.9		0.226791
128		0.226791
128.1		0.228492
128.2		0.228492
128.3		0.228492
128.4		0.228492
128.5		0.228492
128.6		0.228492
128.7		0.228492
128.8		0.228492
128.9		0.228492
129		0.228492
129.1		0.233742
129.2		0.233742
129.3		0.233742
129.4		0.233742
129.5		0.233742
129.6		0.233742
129.7		0.233742
129.8		0.233742
129.9		0.233742
130		0.233742
130.1		0.234276
130.2		0.234276
130.3		0.234276
130.4		0.234276
130.5		0.234276
130.6		0.234276
130.7		0.234276
130.8		0.234276
130.9		0.234276
131		0.234276
131.1		0.236901
131.2		0.236901
131.3		0.236901
131.4		0.236901
131.5		0.236901
131.6		0.236901
131.7		0.236901
131.8		0.236901
131.9		0.236901
132		0.236901
132.1		0.237144
132.2		0.237144
132.3		0.237144
132.4		0.237144
132.5		0.237144
132.6		0.237144
132.7		0.237144
132.8		0.237144
132.9		0.237144
133		0.237144
133.1		0.239234
133.2		0.239234
133.3		0.239234
133.4		0.239234
133.5		0.239234
133.6		0.239234
133.7		0.239234
133.8		0.239234
133.9		0.239234
134		0.239234
134.1		0.239331
134.2		0.239331
134.3		0.239331
134.4		0.239331
134.5		0.239331
134.6		0.239331
134.7		0.239331
134.8		0.239331
134.9		0.239331
135		0.239331
135.1		0.246428
135.2		0.246428
135.3		0.246428
135.4		0.246428
135.5		0.246428
135.6		0.246428
135.7		0.246428
135.8		0.246428
135.9		0.246428
136		0.246428
136.1		0.247108
136.2		0.247108
136.3		0.247108
136.4		0.247108
136.5		0.247108
136.6		0.247108
136.7		0.247108
136.8		0.247108
136.9		0.247108
137		0.247108
137.1		0.248955
137.2		0.248955
137.3		0.248955
137.4		0.248955
137.5		0.248955
137.6		0.248955
137.7		0.248955
137.8		0.248955
137.9		0.248955
138		0.248955
138.1		0.250753
138.2		0.250753
138.3		0.250753
138.4		0.250753
138.5		0.250753
138.6		0.250753
138.7		0.250753
138.8		0.250753
138.9		0.250753
139		0.250753
139.1		0.251482
139.2		0.251482
139.3		0.251482
139.4		0.251482
139.5		0.251482
139.6		0.251482
139.7		0.251482
139.8		0.251482
139.9		0.251482
140		0.251482
140.1		0.255565
140.2		0.255565
140.3		0.255565
140.4		0.255565
140.5		0.255565
140.6		0.255565
140.7		0.255565
140.8		0.255565
140.9		0.255565
141		0.255565
141.1		0.257898
141.2		0.257898
141.3		0.257898
141.4		0.257898
141.5		0.257898
141.6		0.257898
141.7		0.257898
141.8		0.257898
141.9		0.257898
142		0.257898
142.1		0.260523
142.2		0.260523
142.3		0.260523
142.4		0.260523
142.5		0.260523
142.6		0.260523
142.7		0.260523
142.8		0.260523
142.9		0.260523
143		0.260523
143.1		0.261592
143.2		0.261592
143.3		0.261592
143.4		0.261592
143.5		0.261592
143.6		0.261592
143.7		0.261592
143.8		0.261592
143.9		0.261592
144		0.261592
144.1		0.262759
144.2		0.262759
144.3		0.262759
144.4		0.262759
144.5		0.262759
144.6		0.262759
144.7		0.262759
144.8		0.262759
144.9		0.262759
145		0.262759
145.1		0.263196
145.2		0.263196
145.3		0.263196
145.4		0.263196
145.5		0.263196
145.6		0.263196
145.7		0.263196
145.8		0.263196
145.9		0.263196
146		0.263196
146.1		0.267376
146.2		0.267376
146.3		0.267376
146.4		0.267376
146.5		0.267376
146.6		0.267376
146.7		0.267376
146.8		0.267376
146.9		0.267376
147		0.267376
147.1		0.268348
147.2		0.268348
147.3		0.268348
147.4		0.268348
147.5		0.268348
147.6		0.268348
147.7		0.268348
147.8		0.268348
147.9		0.268348
148		0.268348
148.1		0.271216
148.2		0.271216
148.3		0.271216
148.4		0.271216
148.5		0.271216
148.6		0.271216
148.7		0.271216
148.8		0.271216
148.9		0.271216
149		0.271216
149.1		0.271556
149.2		0.271556
149.3		0.271556
149.4		0.271556
149.5		0.271556
149.6		0.271556
149.7		0.271556
149.8		0.271556
149.9		0.271556
150		0.271556
150.1		0.274764
150.2		0.274764
150.3		0.274764
150.4		0.274764
150.5		0.274764
150.6		0.274764
150.7		0.274764
150.8		0.274764
150.9		0.274764
151		0.274764
151.1		0.275688
151.2		0.275688
151.3		0.275688
151.4		0.275688
151.5		0.275688
151.6		0.275688
151.7		0.275688
151.8		0.275688
151.9		0.275688
152		0.275688
152.1		0.27943
152.2		0.27943
152.3		0.27943
152.4		0.27943
152.5		0.27943
152.6		0.27943
152.7		0.27943
152.8		0.27943
152.9		0.27943
153		0.27943
153.1		0.285652
153.2		0.285652
153.3		0.285652
153.4		0.285652
153.5		0.285652
153.6		0.285652
153.7		0.285652
153.8		0.285652
153.9		0.285652
154		0.285652
154.1		0.285943
154.2		0.285943
154.3		0.285943
154.4		0.285943
154.5		0.285943
154.6		0.285943
154.7		0.285943
154.8		0.285943
154.9		0.285943
155		0.285943
155.1		0.286527
155.2		0.286527
155.3		0.286527
155.4		0.286527
155.5		0.286527
155.6		0.286527
155.7		0.286527
155.8		0.286527
155.9		0.286527
156		0.286527
156.1		0.288228
156.2		0.288228
156.3		0.288228
156.4		0.288228
156.5		0.288228
156.6		0.288228
156.7		0.288228
156.8		0.288228
156.9		0.288228
157		0.288228
157.1		0.293186
157.2		0.293186
157.3		0.293186
157.4		0.293186
157.5		0.293186
157.6		0.293186
157.7		0.293186
157.8		0.293186
157.9		0.293186
158		0.293186
158.1		0.295276
158.2		0.295276
158.3		0.295276
158.4		0.295276
158.5		0.295276
158.6		0.295276
158.7		0.295276
158.8		0.295276
158.9		0.295276
159		0.295276
159.1		0.297463
159.2		0.297463
159.3		0.297463
159.4		0.297463
159.5		0.297463
159.6		0.297463
159.7		0.297463
159.8		0.297463
159.9		0.297463
160		0.297463
160.1		0.297657
160.2		0.297657
160.3		0.297657
160.4		0.297657
160.5		0.297657
160.6		0.297657
160.7		0.297657
160.8		0.297657
160.9		0.297657
161		0.297657
161.1		0.299261
161.2		0.299261
161.3		0.299261
161.4		0.299261
161.5		0.299261
161.6		0.299261
161.7		0.299261
161.8		0.299261
161.9		0.299261
162		0.299261
162.1		0.305628
162.2		0.305628
162.3		0.305628
162.4		0.305628
162.5		0.305628
162.6		0.305628
162.7		0.305628
162.8		0.305628
162.9		0.305628
163		0.305628
163.1		0.305677
163.2		0.305677
163.3		0.305677
163.4		0.305677
163.5		0.305677
163.6		0.305677
163.7		0.305677
163.8		0.305677
163.9		0.305677
164		0.305677
164.1		0.305871
164.2		0.305871
164.3		0.305871
164.4		0.305871
164.5		0.305871
164.6		0.305871
164.7		0.305871
164.8		0.305871
164.9		0.305871
165		0.305871
165.1		0.309128
165.2		0.309128
165.3		0.309128
165.4		0.309128
165.5		0.309128
165.6		0.309128
165.7		0.309128
165.8		0.309128
165.9		0.309128
166		0.309128
166.1		0.310246
166.2		0.310246
166.3		0.310246
166.4		0.310246
166.5		0.310246
166.6		0.310246
166.7		0.310246
166.8		0.310246
166.9		0.310246
167		0.310246
167.1		0.311607
167.2		0.311607
167.3		0.311607
167.4		0.311607
167.5		0.311607
167.6		0.311607
167.7		0.311607
167.8		0.311607
167.9		0.311607
168		0.311607
168.1		0.315398
168.2		0.315398
168.3		0.315398
168.4		0.315398
168.5		0.315398
168.6		0.315398
168.7		0.315398
168.8		0.315398
168.9		0.315398
169		0.315398
169.1		0.315641
169.2		0.315641
169.3		0.315641
169.4		0.315641
169.5		0.315641
169.6		0.315641
169.7		0.315641
169.8		0.315641
169.9		0.315641
170		0.315641
170.1		0.318412
170.2		0.318412
170.3		0.318412
170.4		0.318412
170.5		0.318412
170.6		0.318412
170.7		0.318412
170.8		0.318412
170.9		0.318412
171		0.318412
171.1		0.319918
171.2		0.319918
171.3		0.319918
171.4		0.319918
171.5		0.319918
171.6		0.319918
171.7		0.319918
171.8		0.319918
171.9		0.319918
172		0.319918
172.1		0.320939
172.2		0.320939
172.3		0.320939
172.4		0.320939
172.5		0.320939
172.6		0.320939
172.7		0.320939
172.8		0.320939
172.9		0.320939
173		0.320939
173.1		0.322689
173.2		0.322689
173.3		0.322689
173.4		0.322689
173.5		0.322689
173.6		0.322689
173.7		0.322689
173.8		0.322689
173.9		0.322689
174		0.322689
174.1		0.325557
174.2		0.325557
174.3		0.325557
174.4		0.325557
174.5		0.325557
174.6		0.325557
174.7		0.325557
174.8		0.325557
174.9		0.325557
175		0.325557
175.1		0.330417
175.2		0.330417
175.3		0.330417
175.4		0.330417
175.5		0.330417
175.6		0.330417
175.7		0.330417
175.8		0.330417
175.9		0.330417
176		0.330417
176.1		0.330806
176.2		0.330806
176.3		0.330806
176.4		0.330806
176.5		0.330806
176.6		0.330806
176.7		0.330806
176.8		0.330806
176.9		0.330806
177		0.330806
177.1		0.332118
177.2		0.332118
177.3		0.332118
177.4		0.332118
177.5		0.332118
177.6		0.332118
177.7		0.332118
177.8		0.332118
177.9		0.332118
178		0.332118
178.1		0.33659
178.2		0.33659
178.3		0.33659
178.4		0.33659
178.5		0.33659
178.6		0.33659
178.7		0.33659
178.8		0.33659
178.9		0.33659
179		0.33659
179.1		0.33727
179.2		0.33727
179.3		0.33727
179.4		0.33727
179.5		0.33727
179.6		0.33727
179.7		0.33727
179.8		0.33727
179.9		0.33727
180		0.33727
180.1		0.338242
180.2		0.338242
180.3		0.338242
180.4		0.338242
180.5		0.338242
180.6		0.338242
180.7		0.338242
180.8		0.338242
180.9		0.338242
181		0.338242
181.1		0.343346
181.2		0.343346
181.3		0.343346
181.4		0.343346
181.5		0.343346
181.6		0.343346
181.7		0.343346
181.8		0.343346
181.9		0.343346
182		0.343346
182.1		0.344172
182.2		0.344172
182.3		0.344172
182.4		0.344172
182.5		0.344172
182.6		0.344172
182.7		0.344172
182.8		0.344172
182.9		0.344172
183		0.344172
183.1		0.344901
183.2		0.344901
183.3		0.344901
183.4		0.344901
183.5		0.344901
183.6		0.344901
183.7		0.344901
183.8		0.344901
183.9		0.344901
184		0.344901
184.1		0.345776
184.2		0.345776
184.3		0.345776
184.4		0.345776
184.5		0.345776
184.6		0.345776
184.7		0.345776
184.8		0.345776
184.9		0.345776
185		0.345776
185.1		0.349373
185.2		0.349373
185.3		0.349373
185.4		0.349373
185.5		0.349373
185.6		0.349373
185.7		0.349373
185.8		0.349373
185.9		0.349373
186		0.349373
186.1		0.350491
186.2		0.350491
186.3		0.350491
186.4		0.350491
186.5		0.350491
186.6		0.350491
186.7		0.350491
186.8		0.350491
186.9		0.350491
187		0.350491
187.1		0.353699
187.2		0.353699
187.3		0.353699
187.4		0.353699
187.5		0.353699
187.6		0.353699
187.7		0.353699
187.8		0.353699
187.9		0.353699
188		0.353699
188.1		0.354574
188.2		0.354574
188.3		0.354574
188.4		0.354574
188.5		0.354574
188.6		0.354574
188.7		0.354574
188.8		0.354574
188.9		0.354574
189		0.354574
189.1		0.354963
189.2		0.354963
189.3		0.354963
189.4		0.354963
189.5		0.354963
189.6		0.354963
189.7		0.354963
189.8		0.354963
189.9		0.354963
190		0.354963
190.1		0.355351
190.2		0.355351
190.3		0.355351
190.4		0.355351
190.5		0.355351
190.6		0.355351
190.7		0.355351
190.8		0.355351
190.9		0.355351
191		0.355351
191.1		0.359288
191.2		0.359288
191.3		0.359288
191.4		0.359288
191.5		0.359288
191.6		0.359288
191.7		0.359288
191.8		0.359288
191.9		0.359288
192		0.359288
192.1		0.361621
192.2		0.361621
192.3		0.361621
192.4		0.361621
192.5		0.361621
192.6		0.361621
192.7		0.361621
192.8		0.361621
192.9		0.361621
193		0.361621
193.1		0.36342
193.2		0.36342
193.3		0.36342
193.4		0.36342
193.5		0.36342
193.6		0.36342
193.7		0.36342
193.8		0.36342
193.9		0.36342
194		0.36342
194.1		0.363614
194.2		0.363614
194.3		0.363614
194.4		0.363614
194.5		0.363614
194.6		0.363614
194.7		0.363614
194.8		0.363614
194.9		0.363614
195		0.363614
195.1		0.367162
195.2		0.367162
195.3		0.367162
195.4		0.367162
195.5		0.367162
195.6		0.367162
195.7		0.367162
195.8		0.367162
195.9		0.367162
196		0.367162
196.1		0.368523
196.2		0.368523
196.3		0.368523
196.4		0.368523
196.5		0.368523
196.6		0.368523
196.7		0.368523
196.8		0.368523
196.9		0.368523
197		0.368523
197.1		0.370419
197.2		0.370419
197.3		0.370419
197.4		0.370419
197.5		0.370419
197.6		0.370419
197.7		0.370419
197.8		0.370419
197.9		0.370419
198		0.370419
198.1		0.37212
198.2		0.37212
198.3		0.37212
198.4		0.37212
198.5		0.37212
198.6		0.37212
198.7		0.37212
198.8		0.37212
198.9		0.37212
199		0.37212
199.1		0.373141
199.2		0.373141
199.3		0.373141
199.4		0.373141
199.5		0.373141
199.6		0.373141
199.7		0.373141
199.8		0.373141
199.9		0.373141
200		0.373141
200.1		0.376786
200.2		0.376786
200.3		0.376786
200.4		0.376786
200.5		0.376786
200.6		0.376786
200.7		0.376786
200.8		0.376786
200.9		0.376786
201		0.376786
201.1		0.379605
201.2		0.379605
201.3		0.379605
201.4		0.379605
201.5		0.379605
201.6		0.379605
201.7		0.379605
201.8		0.379605
201.9		0.379605
202		0.379605
202.1		0.380869
202.2		0.380869
202.3		0.380869
202.4		0.380869
202.5		0.380869
202.6		0.380869
202.7		0.380869
202.8		0.380869
202.9		0.380869
203		0.380869
203.1		0.382133
203.2		0.382133
203.3		0.382133
203.4		0.382133
203.5		0.382133
203.6		0.382133
203.7		0.382133
203.8		0.382133
203.9		0.382133
204		0.382133
204.1		0.385973
204.2		0.385973
204.3		0.385973
204.4		0.385973
204.5		0.385973
204.6		0.385973
204.7		0.385973
204.8		0.385973
204.9		0.385973
205		0.385973
205.1		0.390736
205.2		0.390736
205.3		0.390736
205.4		0.390736
205.5		0.390736
205.6		0.390736
205.7		0.390736
205.8		0.390736
205.9		0.390736
206		0.390736
206.1		0.391076
206.2		0.391076
206.3		0.391076
206.4		0.391076
206.5		0.391076
206.6		0.391076
206.7		0.391076
206.8		0.391076
206.9		0.391076
207		0.391076
207.1		0.393847
207.2		0.393847
207.3		0.393847
207.4		0.393847
207.5		0.393847
207.6		0.393847
207.7		0.393847
207.8		0.393847
207.9		0.393847
208		0.393847
208.1		0.394624
208.2		0.394624
208.3		0.394624
208.4		0.394624
208.5		0.394624
208.6		0.394624
208.7		0.394624
208.8		0.394624
208.9		0.394624
209		0.394624
209.1		0.395694
209.2		0.395694
209.3		0.395694
209.4		0.395694
209.5		0.395694
209.6		0.395694
209.7		0.395694
209.8		0.395694
209.9		0.395694
210		0.395694
210.1		0.402255
210.2		0.402255
210.3		0.402255
210.4		0.402255
210.5		0.402255
210.6		0.402255
210.7		0.402255
210.8		0.402255
210.9		0.402255
211		0.402255
211.1		0.402401
211.2		0.402401
211.3		0.402401
211.4		0.402401
211.5		0.402401
211.6		0.402401
211.7		0.402401
211.8		0.402401
211.9		0.402401
212		0.402401
212.1		0.402547
212.2		0.402547
212.3		0.402547
212.4		0.402547
212.5		0.402547
212.6		0.402547
212.7		0.402547
212.8		0.402547
212.9		0.402547
213		0.402547
213.1		0.406484
213.2		0.406484
213.3		0.406484
213.4		0.406484
213.5		0.406484
213.6		0.406484
213.7		0.406484
213.8		0.406484
213.9		0.406484
214		0.406484
214.1		0.406824
214.2		0.406824
214.3		0.406824
214.4		0.406824
214.5		0.406824
214.6		0.406824
214.7		0.406824
214.8		0.406824
214.9		0.406824
215		0.406824
215.1		0.408623
215.2		0.408623
215.3		0.408623
215.4		0.408623
215.5		0.408623
215.6		0.408623
215.7		0.408623
215.8		0.408623
215.9		0.408623
216		0.408623
216.1		0.412803
216.2		0.412803
216.3		0.412803
216.4		0.412803
216.5		0.412803
216.6		0.412803
216.7		0.412803
216.8		0.412803
216.9		0.412803
217		0.412803
217.1		0.413677
217.2		0.413677
217.3		0.413677
217.4		0.413677
217.5		0.413677
217.6		0.413677
217.7		0.413677
217.8		0.413677
217.9		0.413677
218		0.413677
218.1		0.414164
218.2		0.414164
218.3		0.414164
218.4		0.414164
218.5		0.414164
218.6		0.414164
218.7		0.414164
218.8		0.414164
218.9		0.414164
219		0.414164
219.1		0.417614
219.2		0.417614
219.3		0.417614
219.4		0.417614
219.5		0.417614
219.6		0.417614
219.7		0.417614
219.8		0.417614
219.9		0.417614
220		0.417614
220.1		0.418149
220.2		0.418149
220.3		0.418149
220.4		0.418149
220.5		0.418149
220.6		0.418149
220.7		0.418149
220.8		0.418149
220.9		0.418149
221		0.418149
221.1		0.42301
221.2		0.42301
221.3		0.42301
221.4		0.42301
221.5		0.42301
221.6		0.42301
221.7		0.42301
221.8		0.42301
221.9		0.42301
222		0.42301
222.1		0.423301
222.2		0.423301
222.3		0.423301
222.4		0.423301
222.5		0.423301
222.6		0.423301
222.7		0.423301
222.8		0.423301
222.9		0.423301
223		0.423301
223.1		0.424565
223.2		0.424565
223.3		0.424565
223.4		0.424565
223.5		0.424565
223.6		0.424565
223.7		0.424565
223.8		0.424565
223.9		0.424565
224		0.424565
224.1		0.424954
224.2		0.424954
224.3		0.424954
224.4		0.424954
224.5		0.424954
224.6		0.424954
224.7		0.424954
224.8		0.424954
224.9		0.424954
225		0.424954
225.1		0.427967
225.2		0.427967
225.3		0.427967
225.4		0.427967
225.5		0.427967
225.6		0.427967
225.7		0.427967
225.8		0.427967
225.9		0.427967
226		0.427967
226.1		0.433946
226.2		0.433946
226.3		0.433946
226.4		0.433946
226.5		0.433946
226.6		0.433946
226.7		0.433946
226.8		0.433946
226.9		0.433946
227		0.433946
227.1		0.434335
227.2		0.434335
227.3		0.434335
227.4		0.434335
227.5		0.434335
227.6		0.434335
227.7		0.434335
227.8		0.434335
227.9		0.434335
228		0.434335
228.1		0.435598
228.2		0.435598
228.3		0.435598
228.4		0.435598
228.5		0.435598
228.6		0.435598
228.7		0.435598
228.8		0.435598
228.9		0.435598
229		0.435598
229.1		0.436425
229.2		0.436425
229.3		0.436425
229.4		0.436425
229.5		0.436425
229.6		0.436425
229.7		0.436425
229.8		0.436425
229.9		0.436425
230		0.436425
230.1		0.441625
230.2		0.441625
230.3		0.441625
230.4		0.441625
230.5		0.441625
230.6		0.441625
230.7		0.441625
230.8		0.441625
230.9		0.441625
231		0.441625
231.1		0.442695
231.2		0.442695
231.3		0.442695
231.4		0.442695
231.5		0.442695
231.6		0.442695
231.7		0.442695
231.8		0.442695
231.9		0.442695
232		0.442695
232.1		0.445465
232.2		0.445465
232.3		0.445465
232.4		0.445465
232.5		0.445465
232.6		0.445465
232.7		0.445465
232.8		0.445465
232.9		0.445465
233		0.445465
233.1		0.446875
233.2		0.446875
233.3		0.446875
233.4		0.446875
233.5		0.446875
233.6		0.446875
233.7		0.446875
233.8		0.446875
233.9		0.446875
234		0.446875
234.1		0.449062
234.2		0.449062
234.3		0.449062
234.4		0.449062
234.5		0.449062
234.6		0.449062
234.7		0.449062
234.8		0.449062
234.9		0.449062
235		0.449062
235.1		0.449159
235.2		0.449159
235.3		0.449159
235.4		0.449159
235.5		0.449159
235.6		0.449159
235.7		0.449159
235.8		0.449159
235.9		0.449159
236		0.449159
236.1		0.452173
236.2		0.452173
236.3		0.452173
236.4		0.452173
236.5		0.452173
236.6		0.452173
236.7		0.452173
236.8		0.452173
236.9		0.452173
237		0.452173
237.1		0.454797
237.2		0.454797
237.3		0.454797
237.4		0.454797
237.5		0.454797
237.6		0.454797
237.7		0.454797
237.8		0.454797
237.9		0.454797
238		0.454797
238.1		0.456158
238.2		0.456158
238.3		0.456158
238.4		0.456158
238.5		0.456158
238.6		0.456158
238.7		0.456158
238.8		0.456158
238.9		0.456158
239		0.456158
239.1		0.460387
239.2		0.460387
239.3		0.460387
239.4		0.460387
239.5		0.460387
239.6		0.460387
239.7		0.460387
239.8		0.460387
239.9		0.460387
240		0.460387
240.1		0.460581
240.2		0.460581
240.3		0.460581
240.4		0.460581
240.5		0.460581
240.6		0.460581
240.7		0.460581
240.8		0.460581
240.9		0.460581
241		0.460581
241.1		0.460922
241.2		0.460922
241.3		0.460922
241.4		0.460922
241.5		0.460922
241.6		0.460922
241.7		0.460922
241.8		0.460922
241.9		0.460922
242		0.460922
242.1		0.461748
242.2		0.461748
242.3		0.461748
242.4		0.461748
242.5		0.461748
242.6		0.461748
242.7		0.461748
242.8		0.461748
242.9		0.461748
243		0.461748
243.1		0.467192
243.2		0.467192
243.3		0.467192
243.4		0.467192
243.5		0.467192
243.6		0.467192
243.7		0.467192
243.8		0.467192
243.9		0.467192
244		0.467192
244.1		0.467289
244.2		0.467289
244.3		0.467289
244.4		0.467289
244.5		0.467289
244.6		0.467289
244.7		0.467289
244.8		0.467289
244.9		0.467289
245		0.467289
245.1		0.467823
245.2		0.467823
245.3		0.467823
245.4		0.467823
245.5		0.467823
245.6		0.467823
245.7		0.467823
245.8		0.467823
245.9		0.467823
246		0.467823
246.1		0.47074
246.2		0.47074
246.3		0.47074
246.4		0.47074
246.5		0.47074
246.6		0.47074
246.7		0.47074
246.8		0.47074
246.9		0.47074
247		0.47074
247.1		0.472101
247.2		0.472101
247.3		0.472101
247.4		0.472101
247.5		0.472101
247.6		0.472101
247.7		0.472101
247.8		0.472101
247.9		0.472101
248		0.472101
248.1		0.473267
248.2		0.473267
248.3		0.473267
248.4		0.473267
248.5		0.473267
248.6		0.473267
248.7		0.473267
248.8		0.473267
248.9		0.473267
249		0.473267
249.1		0.480315
249.2		0.480315
249.3		0.480315
249.4		0.480315
249.5		0.480315
249.6		0.480315
249.7		0.480315
249.8		0.480315
249.9		0.480315
250		0.480315
250.1		0.480509
250.2		0.480509
250.3		0.480509
250.4		0.480509
250.5		0.480509
250.6		0.480509
250.7		0.480509
250.8		0.480509
250.9		0.480509
251		0.480509
251.1		0.481287
251.2		0.481287
251.3		0.481287
251.4		0.481287
251.5		0.481287
251.6		0.481287
251.7		0.481287
251.8		0.481287
251.9		0.481287
252		0.481287
252.1		0.485613
252.2		0.485613
252.3		0.485613
252.4		0.485613
252.5		0.485613
252.6		0.485613
252.7		0.485613
252.8		0.485613
252.9		0.485613
253		0.485613
253.1		0.486828
253.2		0.486828
253.3		0.486828
253.4		0.486828
253.5		0.486828
253.6		0.486828
253.7		0.486828
253.8		0.486828
253.9		0.486828
254		0.486828
254.1		0.492029
254.2		0.492029
254.3		0.492029
254.4		0.492029
254.5		0.492029
254.6		0.492029
254.7		0.492029
254.8		0.492029
254.9		0.492029
255		0.492029
255.1		0.492126
255.2		0.492126
255.3		0.492126
255.4		0.492126
255.5		0.492126
255.6		0.492126
255.7		0.492126
255.8		0.492126
255.9		0.492126
256		0.492126
256.1		0.493147
256.2		0.493147
256.3		0.493147
256.4		0.493147
256.5		0.493147
256.6		0.493147
256.7		0.493147
256.8		0.493147
256.9		0.493147
257		0.493147
257.1		0.495528
257.2		0.495528
257.3		0.495528
257.4		0.495528
257.5		0.495528
257.6		0.495528
257.7		0.495528
257.8		0.495528
257.9		0.495528
258		0.495528
258.1		0.4965
258.2		0.4965
258.3		0.4965
258.4		0.4965
258.5		0.4965
258.6		0.4965
258.7		0.4965
258.8		0.4965
258.9		0.4965
259		0.4965
259.1		0.502139
259.2		0.502139
259.3		0.502139
259.4		0.502139
259.5		0.502139
259.6		0.502139
259.7		0.502139
259.8		0.502139
259.9		0.502139
260		0.502139
260.1		0.50243
260.2		0.50243
260.3		0.50243
260.4		0.50243
260.5		0.50243
260.6		0.50243
260.7		0.50243
260.8		0.50243
260.9		0.50243
261		0.50243
261.1		0.502527
261.2		0.502527
261.3		0.502527
261.4		0.502527
261.5		0.502527
261.6		0.502527
261.7		0.502527
261.8		0.502527
261.9		0.502527
262		0.502527
262.1		0.503694
262.2		0.503694
262.3		0.503694
262.4		0.503694
262.5		0.503694
262.6		0.503694
262.7		0.503694
262.8		0.503694
262.9		0.503694
263		0.503694
263.1		0.506416
263.2		0.506416
263.3		0.506416
263.4		0.506416
263.5		0.506416
263.6		0.506416
263.7		0.506416
263.8		0.506416
263.9		0.506416
264		0.506416
264.1		0.506902
264.2		0.506902
264.3		0.506902
264.4		0.506902
264.5		0.506902
264.6		0.506902
264.7		0.506902
264.8		0.506902
264.9		0.506902
265		0.506902
265.1		0.513026
265.2		0.513026
265.3		0.513026
265.4		0.513026
265.5		0.513026
265.6		0.513026
265.7		0.513026
265.8		0.513026
265.9		0.513026
266		0.513026
266.1		0.516331
266.2		0.516331
266.3		0.516331
266.4		0.516331
266.5		0.516331
266.6		0.516331
266.7		0.516331
266.8		0.516331
266.9		0.516331
267		0.516331
267.1		0.516526
267.2		0.516526
267.3		0.516526
267.4		0.516526
267.5		0.516526
267.6		0.516526
267.7		0.516526
267.8		0.516526
267.9		0.516526
268		0.516526
268.1		0.517595
268.2		0.517595
268.3		0.517595
268.4		0.517595
268.5		0.517595
268.6		0.517595
268.7		0.517595
268.8		0.517595
268.9		0.517595
269		0.517595
269.1		0.519393
269.2		0.519393
269.3		0.519393
269.4		0.519393
269.5		0.519393
269.6		0.519393
269.7		0.519393
269.8		0.519393
269.9		0.519393
270		0.519393
270.1		0.522601
270.2		0.522601
270.3		0.522601
270.4		0.522601
270.5		0.522601
270.6		0.522601
270.7		0.522601
270.8		0.522601
270.9		0.522601
271		0.522601
271.1		0.524157
271.2		0.524157
271.3		0.524157
271.4		0.524157
271.5		0.524157
271.6		0.524157
271.7		0.524157
271.8		0.524157
271.9		0.524157
272		0.524157
272.1		0.526636
272.2		0.526636
272.3		0.526636
272.4		0.526636
272.5		0.526636
272.6		0.526636
272.7		0.526636
272.8		0.526636
272.9		0.526636
273		0.526636
273.1		0.527122
273.2		0.527122
273.3		0.527122
273.4		0.527122
273.5		0.527122
273.6		0.527122
273.7		0.527122
273.8		0.527122
273.9		0.527122
274		0.527122
274.1		0.53169
274.2		0.53169
274.3		0.53169
274.4		0.53169
274.5		0.53169
274.6		0.53169
274.7		0.53169
274.8		0.53169
274.9		0.53169
275		0.53169
275.1		0.531934
275.2		0.531934
275.3		0.531934
275.4		0.531934
275.5		0.531934
275.6		0.531934
275.7		0.531934
275.8		0.531934
275.9		0.531934
276		0.531934
276.1		0.533975
276.2		0.533975
276.3		0.533975
276.4		0.533975
276.5		0.533975
276.6		0.533975
276.7		0.533975
276.8		0.533975
276.9		0.533975
277		0.533975
277.1		0.53553
277.2		0.53553
277.3		0.53553
277.4		0.53553
277.5		0.53553
277.6		0.53553
277.7		0.53553
277.8		0.53553
277.9		0.53553
278		0.53553
278.1		0.535579
278.2		0.535579
278.3		0.535579
278.4		0.535579
278.5		0.535579
278.6		0.535579
278.7		0.535579
278.8		0.535579
278.9		0.535579
279		0.535579
279.1		0.539564
279.2		0.539564
279.3		0.539564
279.4		0.539564
279.5		0.539564
279.6		0.539564
279.7		0.539564
279.8		0.539564
279.9		0.539564
280		0.539564
280.1		0.540585
280.2		0.540585
280.3		0.540585
280.4		0.540585
280.5		0.540585
280.6		0.540585
280.7		0.540585
280.8		0.540585
280.9		0.540585
281		0.540585
281.1		0.542092
281.2		0.542092
281.3		0.542092
281.4		0.542092
281.5		0.542092
281.6		0.542092
281.7		0.542092
281.8		0.542092
281.9		0.542092
282		0.542092
282.1		0.544668
282.2		0.544668
282.3		0.544668
282.4		0.544668
282.5		0.544668
282.6		0.544668
282.7		0.544668
282.8		0.544668
282.9		0.544668
283		0.544668
283.1		0.547098
283.2		0.547098
283.3		0.547098
283.4		0.547098
283.5		0.547098
283.6		0.547098
283.7		0.547098
283.8		0.547098
283.9		0.547098
284		0.547098
284.1		0.551278
284.2		0.551278
284.3		0.551278
284.4		0.551278
284.5		0.551278
284.6		0.551278
284.7		0.551278
284.8		0.551278
284.9		0.551278
285		0.551278
285.1		0.555118
285.2		0.555118
285.3		0.555118
285.4		0.555118
285.5		0.555118
285.6		0.555118
285.7		0.555118
285.8		0.555118
285.9		0.555118
286		0.555118
286.1		0.556819
286.2		0.556819
286.3		0.556819
286.4		0.556819
286.5		0.556819
286.6		0.556819
286.7		0.556819
286.8		0.556819
286.9		0.556819
287		0.556819
287.1		0.557305
287.2		0.557305
287.3		0.557305
287.4		0.557305
287.5		0.557305
287.6		0.557305
287.7		0.557305
287.8		0.557305
287.9		0.557305
288		0.557305
288.1		0.558666
288.2		0.558666
288.3		0.558666
288.4		0.558666
288.5		0.558666
288.6		0.558666
288.7		0.558666
288.8		0.558666
288.9		0.558666
289		0.558666
289.1		0.564207
289.2		0.564207
289.3		0.564207
289.4		0.564207
289.5		0.564207
289.6		0.564207
289.7		0.564207
289.8		0.564207
289.9		0.564207
290		0.564207
290.1		0.564207
290.2		0.564207
290.3		0.564207
290.4		0.564207
290.5		0.564207
290.6		0.564207
290.7		0.564207
290.8		0.564207
290.9		0.564207
291		0.564207
291.1		0.564547
291.2		0.564547
291.3		0.564547
291.4		0.564547
291.5		0.564547
291.6		0.564547
291.7		0.564547
291.8		0.564547
291.9		0.564547
292		0.564547
292.1		0.564547
292.2		0.564547
292.3		0.564547
292.4		0.564547
292.5		0.564547
292.6		0.564547
292.7		0.564547
292.8		0.564547
292.9		0.564547
293		0.564547
293.1		0.564985
293.2		0.564985
293.3		0.564985
293.4		0.564985
293.5		0.564985
293.6		0.564985
293.7		0.564985
293.8		0.564985
293.9		0.564985
294		0.564985
294.1		0.5662
294.2		0.5662
294.3		0.5662
294.4		0.5662
294.5		0.5662
294.6		0.5662
294.7		0.5662
294.8		0.5662
294.9		0.5662
295		0.5662
295.1		0.571547
295.2		0.571547
295.3		0.571547
295.4		0.571547
295.5		0.571547
295.6		0.571547
295.7		0.571547
295.8		0.571547
295.9		0.571547
296		0.571547
296.1		0.572519
296.2		0.572519
296.3		0.572519
296.4		0.572519
296.5		0.572519
296.6		0.572519
296.7		0.572519
296.8		0.572519
296.9		0.572519
297		0.572519
297.1		0.574025
297.2		0.574025
297.3		0.574025
297.4		0.574025
297.5		0.574025
297.6		0.574025
297.7		0.574025
297.8		0.574025
297.9		0.574025
298		0.574025
298.1		0.575484
298.2		0.575484
298.3		0.575484
298.4		0.575484
298.5		0.575484
298.6		0.575484
298.7		0.575484
298.8		0.575484
298.9		0.575484
299		0.575484
299.1		0.575727
299.2		0.575727
299.3		0.575727
299.4		0.575727
299.5		0.575727
299.6		0.575727
299.7		0.575727
299.8		0.575727
299.9		0.575727
300		0.575727
300.1		0.578983
300.2		0.578983
300.3		0.578983
300.4		0.578983
300.5		0.578983
300.6		0.578983
300.7		0.578983
300.8		0.578983
300.9		0.578983
301		0.578983
301.1		0.579032
301.2		0.579032
301.3		0.579032
301.4		0.579032
301.5		0.579032
301.6		0.579032
301.7		0.579032
301.8		0.579032
301.9		0.579032
302		0.579032
302.1		0.581802
302.2		0.581802
302.3		0.581802
302.4		0.581802
302.5		0.581802
302.6		0.581802
302.7		0.581802
302.8		0.581802
302.9		0.581802
303		0.581802
303.1		0.583746
303.2		0.583746
303.3		0.583746
303.4		0.583746
303.5		0.583746
303.6		0.583746
303.7		0.583746
303.8		0.583746
303.9		0.583746
304		0.583746
304.1		0.587343
304.2		0.587343
304.3		0.587343
304.4		0.587343
304.5		0.587343
304.6		0.587343
304.7		0.587343
304.8		0.587343
304.9		0.587343
305		0.587343
305.1		0.589044
305.2		0.589044
305.3		0.589044
305.4		0.589044
305.5		0.589044
305.6		0.589044
305.7		0.589044
305.8		0.589044
305.9		0.589044
306		0.589044
306.1		0.590551
306.2		0.590551
306.3		0.590551
306.4		0.590551
306.5		0.590551
306.6		0.590551
306.7		0.590551
306.8		0.590551
306.9		0.590551
307		0.590551
307.1		0.591037
307.2		0.591037
307.3		0.591037
307.4		0.591037
307.5		0.591037
307.6		0.591037
307.7		0.591037
307.8		0.591037
307.9		0.591037
308		0.591037
308.1		0.595363
308.2		0.595363
308.3		0.595363
308.4		0.595363
308.5		0.595363
308.6		0.595363
308.7		0.595363
308.8		0.595363
308.9		0.595363
309		0.595363
309.1		0.598036
309.2		0.598036
309.3		0.598036
309.4		0.598036
309.5		0.598036
309.6		0.598036
309.7		0.598036
309.8		0.598036
309.9		0.598036
310		0.598036
310.1		0.598134
310.2		0.598134
310.3		0.598134
310.4		0.598134
310.5		0.598134
310.6		0.598134
310.7		0.598134
310.8		0.598134
310.9		0.598134
311		0.598134
311.1		0.602216
311.2		0.602216
311.3		0.602216
311.4		0.602216
311.5		0.602216
311.6		0.602216
311.7		0.602216
311.8		0.602216
311.9		0.602216
312		0.602216
312.1		0.602897
312.2		0.602897
312.3		0.602897
312.4		0.602897
312.5		0.602897
312.6		0.602897
312.7		0.602897
312.8		0.602897
312.9		0.602897
313		0.602897
313.1		0.605181
313.2		0.605181
313.3		0.605181
313.4		0.605181
313.5		0.605181
313.6		0.605181
313.7		0.605181
313.8		0.605181
313.9		0.605181
314		0.605181
314.1		0.605424
314.2		0.605424
314.3		0.605424
314.4		0.605424
314.5		0.605424
314.6		0.605424
314.7		0.605424
314.8		0.605424
314.9		0.605424
315		0.605424
315.1		0.609167
315.2		0.609167
315.3		0.609167
315.4		0.609167
315.5		0.609167
315.6		0.609167
315.7		0.609167
315.8		0.609167
315.9		0.609167
316		0.609167
316.1		0.609604
316.2		0.609604
316.3		0.609604
316.4		0.609604
316.5		0.609604
316.6		0.609604
316.7		0.609604
316.8		0.609604
316.9		0.609604
317		0.609604
317.1		0.61359
317.2		0.61359
317.3		0.61359
317.4		0.61359
317.5		0.61359
317.6		0.61359
317.7		0.61359
317.8		0.61359
317.9		0.61359
318		0.61359
318.1		0.615097
318.2		0.615097
318.3		0.615097
318.4		0.615097
318.5		0.615097
318.6		0.615097
318.7		0.615097
318.8		0.615097
318.9		0.615097
319		0.615097
319.1		0.617333
319.2		0.617333
319.3		0.617333
319.4		0.617333
319.5		0.617333
319.6		0.617333
319.7		0.617333
319.8		0.617333
319.9		0.617333
320		0.617333
320.1		0.617819
320.2		0.617819
320.3		0.617819
320.4		0.617819
320.5		0.617819
320.6		0.617819
320.7		0.617819
320.8		0.617819
320.9		0.617819
321		0.617819
321.1		0.620881
321.2		0.620881
321.3		0.620881
321.4		0.620881
321.5		0.620881
321.6		0.620881
321.7		0.620881
321.8		0.620881
321.9		0.620881
322		0.620881
322.1		0.622485
322.2		0.622485
322.3		0.622485
322.4		0.622485
322.5		0.622485
322.6		0.622485
322.7		0.622485
322.8		0.622485
322.9		0.622485
323		0.622485
323.1		0.622776
323.2		0.622776
323.3		0.622776
323.4		0.622776
323.5		0.622776
323.6		0.622776
323.7		0.622776
323.8		0.622776
323.9		0.622776
324		0.622776
324.1		0.624186
324.2		0.624186
324.3		0.624186
324.4		0.624186
324.5		0.624186
324.6		0.624186
324.7		0.624186
324.8		0.624186
324.9		0.624186
325		0.624186
325.1		0.627442
325.2		0.627442
325.3		0.627442
325.4		0.627442
325.5		0.627442
325.6		0.627442
325.7		0.627442
325.8		0.627442
325.9		0.627442
326		0.627442
326.1		0.630893
326.2		0.630893
326.3		0.630893
326.4		0.630893
326.5		0.630893
326.6		0.630893
326.7		0.630893
326.8		0.630893
326.9		0.630893
327		0.630893
327.1		0.632546
327.2		0.632546
327.3		0.632546
327.4		0.632546
327.5		0.632546
327.6		0.632546
327.7		0.632546
327.8		0.632546
327.9		0.632546
328		0.632546
328.1		0.632643
328.2		0.632643
328.3		0.632643
328.4		0.632643
328.5		0.632643
328.6		0.632643
328.7		0.632643
328.8		0.632643
328.9		0.632643
329		0.632643
329.1		0.634685
329.2		0.634685
329.3		0.634685
329.4		0.634685
329.5		0.634685
329.6		0.634685
329.7		0.634685
329.8		0.634685
329.9		0.634685
330		0.634685
330.1		0.63658
330.2		0.63658
330.3		0.63658
330.4		0.63658
330.5		0.63658
330.6		0.63658
330.7		0.63658
330.8		0.63658
330.9		0.63658
331		0.63658
331.1		0.640614
331.2		0.640614
331.3		0.640614
331.4		0.640614
331.5		0.640614
331.6		0.640614
331.7		0.640614
331.8		0.640614
331.9		0.640614
332		0.640614
332.1		0.641003
332.2		0.641003
332.3		0.641003
332.4		0.641003
332.5		0.641003
332.6		0.641003
332.7		0.641003
332.8		0.641003
332.9		0.641003
333		0.641003
333.1		0.641246
333.2		0.641246
333.3		0.641246
333.4		0.641246
333.5		0.641246
333.6		0.641246
333.7		0.641246
333.8		0.641246
333.9		0.641246
334		0.641246
334.1		0.641295
334.2		0.641295
334.3		0.641295
334.4		0.641295
334.5		0.641295
334.6		0.641295
334.7		0.641295
334.8		0.641295
334.9		0.641295
335		0.641295
335.1		0.647662
335.2		0.647662
335.3		0.647662
335.4		0.647662
335.5		0.647662
335.6		0.647662
335.7		0.647662
335.8		0.647662
335.9		0.647662
336		0.647662
336.1		0.648343
336.2		0.648343
336.3		0.648343
336.4		0.648343
336.5		0.648343
336.6		0.648343
336.7		0.648343
336.8		0.648343
336.9		0.648343
337		0.648343
337.1		0.653397
337.2		0.653397
337.3		0.653397
337.4		0.653397
337.5		0.653397
337.6		0.653397
337.7		0.653397
337.8		0.653397
337.9		0.653397
338		0.653397
338.1		0.654029
338.2		0.654029
338.3		0.654029
338.4		0.654029
338.5		0.654029
338.6		0.654029
338.7		0.654029
338.8		0.654029
338.9		0.654029
339		0.654029
339.1		0.654661
339.2		0.654661
339.3		0.654661
339.4		0.654661
339.5		0.654661
339.6		0.654661
339.7		0.654661
339.8		0.654661
339.9		0.654661
340		0.654661
340.1		0.656897
340.2		0.656897
340.3		0.656897
340.4		0.656897
340.5		0.656897
340.6		0.656897
340.7		0.656897
340.8		0.656897
340.9		0.656897
341		0.656897
341.1		0.659959
341.2		0.659959
341.3		0.659959
341.4		0.659959
341.5		0.659959
341.6		0.659959
341.7		0.659959
341.8		0.659959
341.9		0.659959
342		0.659959
342.1		0.661563
342.2		0.661563
342.3		0.661563
342.4		0.661563
342.5		0.661563
342.6		0.661563
342.7		0.661563
342.8		0.661563
342.9		0.661563
343		0.661563
343.1		0.665403
343.2		0.665403
343.3		0.665403
343.4		0.665403
343.5		0.665403
343.6		0.665403
343.7		0.665403
343.8		0.665403
343.9		0.665403
344		0.665403
344.1		0.667785
344.2		0.667785
344.3		0.667785
344.4		0.667785
344.5		0.667785
344.6		0.667785
344.7		0.667785
344.8		0.667785
344.9		0.667785
345		0.667785
345.1		0.667882
345.2		0.667882
345.3		0.667882
345.4		0.667882
345.5		0.667882
345.6		0.667882
345.7		0.667882
345.8		0.667882
345.9		0.667882
346		0.667882
346.1		0.673083
346.2		0.673083
346.3		0.673083
346.4		0.673083
346.5		0.673083
346.6		0.673083
346.7		0.673083
346.8		0.673083
346.9		0.673083
347		0.673083
347.1		0.67945
347.2		0.67945
347.3		0.67945
347.4		0.67945
347.5		0.67945
347.6		0.67945
347.7		0.67945
347.8		0.67945
347.9		0.67945
348		0.67945
348.1		0.680227
348.2		0.680227
348.3		0.680227
348.4		0.680227
348.5		0.680227
348.6		0.680227
348.7		0.680227
348.8		0.680227
348.9		0.680227
349		0.680227
349.1		0.68047
349.2		0.68047
349.3		0.68047
349.4		0.68047
349.5		0.68047
349.6		0.68047
349.7		0.68047
349.8		0.68047
349.9		0.68047
350		0.68047
350.1		0.683776
350.2		0.683776
350.3		0.683776
350.4		0.683776
350.5		0.683776
350.6		0.683776
350.7		0.683776
350.8		0.683776
350.9		0.683776
351		0.683776
351.1		0.686935
351.2		0.686935
351.3		0.686935
351.4		0.686935
351.5		0.686935
351.6		0.686935
351.7		0.686935
351.8		0.686935
351.9		0.686935
352		0.686935
352.1		0.68956
352.2		0.68956
352.3		0.68956
352.4		0.68956
352.5		0.68956
352.6		0.68956
352.7		0.68956
352.8		0.68956
352.9		0.68956
353		0.68956
353.1		0.690921
353.2		0.690921
353.3		0.690921
353.4		0.690921
353.5		0.690921
353.6		0.690921
353.7		0.690921
353.8		0.690921
353.9		0.690921
354		0.690921
354.1		0.690921
354.2		0.690921
354.3		0.690921
354.4		0.690921
354.5		0.690921
354.6		0.690921
354.7		0.690921
354.8		0.690921
354.9		0.690921
355		0.690921
355.1		0.693788
355.2		0.693788
355.3		0.693788
355.4		0.693788
355.5		0.693788
355.6		0.693788
355.7		0.693788
355.8		0.693788
355.9		0.693788
356		0.693788
356.1		0.693788
356.2		0.693788
356.3		0.693788
356.4		0.693788
356.5		0.693788
356.6		0.693788
356.7		0.693788
356.8		0.693788
356.9		0.693788
357		0.693788
357.1		0.695781
357.2		0.695781
357.3		0.695781
357.4		0.695781
357.5		0.695781
357.6		0.695781
357.7		0.695781
357.8		0.695781
357.9		0.695781
358		0.695781
358.1		0.698697
358.2		0.698697
358.3		0.698697
358.4		0.698697
358.5		0.698697
358.6		0.698697
358.7		0.698697
358.8		0.698697
358.9		0.698697
359		0.698697
359.1		0.699135
359.2		0.699135
359.3		0.699135
359.4		0.699135
359.5		0.699135
359.6		0.699135
359.7		0.699135
359.8		0.699135
359.9		0.699135
360		0.699135
360.1		0.699183
360.2		0.699183
360.3		0.699183
360.4		0.699183
360.5		0.699183
360.6		0.699183
360.7		0.699183
360.8		0.699183
360.9		0.699183
361		0.699183
361.1		0.703995
361.2		0.703995
361.3		0.703995
361.4		0.703995
361.5		0.703995
361.6		0.703995
361.7		0.703995
361.8		0.703995
361.9		0.703995
362		0.703995
362.1		0.704481
362.2		0.704481
362.3		0.704481
362.4		0.704481
362.5		0.704481
362.6		0.704481
362.7		0.704481
362.8		0.704481
362.9		0.704481
363		0.704481
363.1		0.704773
363.2		0.704773
363.3		0.704773
363.4		0.704773
363.5		0.704773
363.6		0.704773
363.7		0.704773
363.8		0.704773
363.9		0.704773
364		0.704773
364.1		0.706814
364.2		0.706814
364.3		0.706814
364.4		0.706814
364.5		0.706814
364.6		0.706814
364.7		0.706814
364.8		0.706814
364.9		0.706814
365		0.706814
365.1		0.709828
365.2		0.709828
365.3		0.709828
365.4		0.709828
365.5		0.709828
365.6		0.709828
365.7		0.709828
365.8		0.709828
365.9		0.709828
366		0.709828
366.1		0.711092
366.2		0.711092
366.3		0.711092
366.4		0.711092
366.5		0.711092
366.6		0.711092
366.7		0.711092
366.8		0.711092
366.9		0.711092
367		0.711092
367.1		0.714834
367.2		0.714834
367.3		0.714834
367.4		0.714834
367.5		0.714834
367.6		0.714834
367.7		0.714834
367.8		0.714834
367.9		0.714834
368		0.714834
368.1		0.714834
368.2		0.714834
368.3		0.714834
368.4		0.714834
368.5		0.714834
368.6		0.714834
368.7		0.714834
368.8		0.714834
368.9		0.714834
369		0.714834
369.1		0.716876
369.2		0.716876
369.3		0.716876
369.4		0.716876
369.5		0.716876
369.6		0.716876
369.7		0.716876
369.8		0.716876
369.9		0.716876
370		0.716876
370.1		0.718868
370.2		0.718868
370.3		0.718868
370.4		0.718868
370.5		0.718868
370.6		0.718868
370.7		0.718868
370.8		0.718868
370.9		0.718868
371		0.718868
371.1		0.719841
371.2		0.719841
371.3		0.719841
371.4		0.719841
371.5		0.719841
371.6		0.719841
371.7		0.719841
371.8		0.719841
371.9		0.719841
372		0.719841
372.1		0.724847
372.2		0.724847
372.3		0.724847
372.4		0.724847
372.5		0.724847
372.6		0.724847
372.7		0.724847
372.8		0.724847
372.9		0.724847
373		0.724847
373.1		0.726305
373.2		0.726305
373.3		0.726305
373.4		0.726305
373.5		0.726305
373.6		0.726305
373.7		0.726305
373.8		0.726305
373.9		0.726305
374		0.726305
374.1		0.72752
374.2		0.72752
374.3		0.72752
374.4		0.72752
374.5		0.72752
374.6		0.72752
374.7		0.72752
374.8		0.72752
374.9		0.72752
375		0.72752
375.1		0.730534
375.2		0.730534
375.3		0.730534
375.4		0.730534
375.5		0.730534
375.6		0.730534
375.7		0.730534
375.8		0.730534
375.9		0.730534
376		0.730534
376.1		0.732526
376.2		0.732526
376.3		0.732526
376.4		0.732526
376.5		0.732526
376.6		0.732526
376.7		0.732526
376.8		0.732526
376.9		0.732526
377		0.732526
377.1		0.735005
377.2		0.735005
377.3		0.735005
377.4		0.735005
377.5		0.735005
377.6		0.735005
377.7		0.735005
377.8		0.735005
377.9		0.735005
378		0.735005
378.1		0.735054
378.2		0.735054
378.3		0.735054
378.4		0.735054
378.5		0.735054
378.6		0.735054
378.7		0.735054
378.8		0.735054
378.9		0.735054
379		0.735054
379.1		0.735394
379.2		0.735394
379.3		0.735394
379.4		0.735394
379.5		0.735394
379.6		0.735394
379.7		0.735394
379.8		0.735394
379.9		0.735394
380		0.735394
380.1		0.73904
380.2		0.73904
380.3		0.73904
380.4		0.73904
380.5		0.73904
380.6		0.73904
380.7		0.73904
380.8		0.73904
380.9		0.73904
381		0.73904
381.1		0.741761
381.2		0.741761
381.3		0.741761
381.4		0.741761
381.5		0.741761
381.6		0.741761
381.7		0.741761
381.8		0.741761
381.9		0.741761
382		0.741761
382.1		0.743365
382.2		0.743365
382.3		0.743365
382.4		0.743365
382.5		0.743365
382.6		0.743365
382.7		0.743365
382.8		0.743365
382.9		0.743365
383		0.743365
383.1		0.744775
383.2		0.744775
383.3		0.744775
383.4		0.744775
383.5		0.744775
383.6		0.744775
383.7		0.744775
383.8		0.744775
383.9		0.744775
384		0.744775
384.1		0.744921
384.2		0.744921
384.3		0.744921
384.4		0.744921
384.5		0.744921
384.6		0.744921
384.7		0.744921
384.8		0.744921
384.9		0.744921
385		0.744921
385.1		0.747886
385.2		0.747886
385.3		0.747886
385.4		0.747886
385.5		0.747886
385.6		0.747886
385.7		0.747886
385.8		0.747886
385.9		0.747886
386		0.747886
386.1		0.750073
386.2		0.750073
386.3		0.750073
386.4		0.750073
386.5		0.750073
386.6		0.750073
386.7		0.750073
386.8		0.750073
386.9		0.750073
387		0.750073
387.1		0.753038
387.2		0.753038
387.3		0.753038
387.4		0.753038
387.5		0.753038
387.6		0.753038
387.7		0.753038
387.8		0.753038
387.9		0.753038
388		0.753038
388.1		0.753815
388.2		0.753815
388.3		0.753815
388.4		0.753815
388.5		0.753815
388.6		0.753815
388.7		0.753815
388.8		0.753815
388.9		0.753815
389		0.753815
389.1		0.758433
389.2		0.758433
389.3		0.758433
389.4		0.758433
389.5		0.758433
389.6		0.758433
389.7		0.758433
389.8		0.758433
389.9		0.758433
390		0.758433
390.1		0.759259
390.2		0.759259
390.3		0.759259
390.4		0.759259
390.5		0.759259
390.6		0.759259
390.7		0.759259
390.8		0.759259
390.9		0.759259
391		0.759259
391.1		0.759891
391.2		0.759891
391.3		0.759891
391.4		0.759891
391.5		0.759891
391.6		0.759891
391.7		0.759891
391.8		0.759891
391.9		0.759891
392		0.759891
392.1		0.76028
392.2		0.76028
392.3		0.76028
392.4		0.76028
392.5		0.76028
392.6		0.76028
392.7		0.76028
392.8		0.76028
392.9		0.76028
393		0.76028
393.1		0.763634
393.2		0.763634
393.3		0.763634
393.4		0.763634
393.5		0.763634
393.6		0.763634
393.7		0.763634
393.8		0.763634
393.9		0.763634
394		0.763634
394.1		0.769126
394.2		0.769126
394.3		0.769126
394.4		0.769126
394.5		0.769126
394.6		0.769126
394.7		0.769126
394.8		0.769126
394.9		0.769126
395		0.769126
395.1		0.770098
395.2		0.770098
395.3		0.770098
395.4		0.770098
395.5		0.770098
395.6		0.770098
395.7		0.770098
395.8		0.770098
395.9		0.770098
396		0.770098
396.1		0.770147
396.2		0.770147
396.3		0.770147
396.4		0.770147
396.5		0.770147
396.6		0.770147
396.7		0.770147
396.8		0.770147
396.9		0.770147
397		0.770147
397.1		0.771459
397.2		0.771459
397.3		0.771459
397.4		0.771459
397.5		0.771459
397.6		0.771459
397.7		0.771459
397.8		0.771459
397.9		0.771459
398		0.771459
398.1		0.776611
398.2		0.776611
398.3		0.776611
398.4		0.776611
398.5		0.776611
398.6		0.776611
398.7		0.776611
398.8		0.776611
398.9		0.776611
399		0.776611
399.1		0.776903
399.2		0.776903
399.3		0.776903
399.4		0.776903
399.5		0.776903
399.6		0.776903
399.7		0.776903
399.8		0.776903
399.9		0.776903
400		0.776903
400.1		0.779965
400.2		0.779965
400.3		0.779965
400.4		0.779965
400.5		0.779965
400.6		0.779965
400.7		0.779965
400.8		0.779965
400.9		0.779965
401		0.779965
401.1		0.781958
401.2		0.781958
401.3		0.781958
401.4		0.781958
401.5		0.781958
401.6		0.781958
401.7		0.781958
401.8		0.781958
401.9		0.781958
402		0.781958
402.1		0.781958
402.2		0.781958
402.3		0.781958
402.4		0.781958
402.5		0.781958
402.6		0.781958
402.7		0.781958
402.8		0.781958
402.9		0.781958
403		0.781958
403.1		0.783367
403.2		0.783367
403.3		0.783367
403.4		0.783367
403.5		0.783367
403.6		0.783367
403.7		0.783367
403.8		0.783367
403.9		0.783367
404		0.783367
404.1		0.784388
404.2		0.784388
404.3		0.784388
404.4		0.784388
404.5		0.784388
404.6		0.784388
404.7		0.784388
404.8		0.784388
404.9		0.784388
405		0.784388
405.1		0.788811
405.2		0.788811
405.3		0.788811
405.4		0.788811
405.5		0.788811
405.6		0.788811
405.7		0.788811
405.8		0.788811
405.9		0.788811
406		0.788811
406.1		0.793817
406.2		0.793817
406.3		0.793817
406.4		0.793817
406.5		0.793817
406.6		0.793817
406.7		0.793817
406.8		0.793817
406.9		0.793817
407		0.793817
407.1		0.794741
407.2		0.794741
407.3		0.794741
407.4		0.794741
407.5		0.794741
407.6		0.794741
407.7		0.794741
407.8		0.794741
407.9		0.794741
408		0.794741
408.1		0.79513
408.2		0.79513
408.3		0.79513
408.4		0.79513
408.5		0.79513
408.6		0.79513
408.7		0.79513
408.8		0.79513
408.9		0.79513
409		0.79513
409.1		0.798386
409.2		0.798386
409.3		0.798386
409.4		0.798386
409.5		0.798386
409.6		0.798386
409.7		0.798386
409.8		0.798386
409.9		0.798386
410		0.798386
410.1		0.8014
410.2		0.8014
410.3		0.8014
410.4		0.8014
410.5		0.8014
410.6		0.8014
410.7		0.8014
410.8		0.8014
410.9		0.8014
411		0.8014
411.1		0.802469
411.2		0.802469
411.3		0.802469
411.4		0.802469
411.5		0.802469
411.6		0.802469
411.7		0.802469
411.8		0.802469
411.9		0.802469
412		0.802469
412.1		0.805094
412.2		0.805094
412.3		0.805094
412.4		0.805094
412.5		0.805094
412.6		0.805094
412.7		0.805094
412.8		0.805094
412.9		0.805094
413		0.805094
413.1		0.805483
413.2		0.805483
413.3		0.805483
413.4		0.805483
413.5		0.805483
413.6		0.805483
413.7		0.805483
413.8		0.805483
413.9		0.805483
414		0.805483
414.1		0.809517
414.2		0.809517
414.3		0.809517
414.4		0.809517
414.5		0.809517
414.6		0.809517
414.7		0.809517
414.8		0.809517
414.9		0.809517
415		0.809517
415.1		0.810343
415.2		0.810343
415.3		0.810343
415.4		0.810343
415.5		0.810343
415.6		0.810343
415.7		0.810343
415.8		0.810343
415.9		0.810343
416		0.810343
416.1		0.813065
416.2		0.813065
416.3		0.813065
416.4		0.813065
416.5		0.813065
416.6		0.813065
416.7		0.813065
416.8		0.813065
416.9		0.813065
417		0.813065
417.1		0.8136
417.2		0.8136
417.3		0.8136
417.4		0.8136
417.5		0.8136
417.6		0.8136
417.7		0.8136
417.8		0.8136
417.9		0.8136
418		0.8136
418.1		0.815495
418.2		0.815495
418.3		0.815495
418.4		0.815495
418.5		0.815495
418.6		0.815495
418.7		0.815495
418.8		0.815495
418.9		0.815495
419		0.815495
419.1		0.817731
419.2		0.817731
419.3		0.817731
419.4		0.817731
419.5		0.817731
419.6		0.817731
419.7		0.817731
419.8		0.817731
419.9		0.817731
420		0.817731
420.1		0.821036
420.2		0.821036
420.3		0.821036
420.4		0.821036
420.5		0.821036
420.6		0.821036
420.7		0.821036
420.8		0.821036
420.9		0.821036
421		0.821036
421.1		0.821376
421.2		0.821376
421.3		0.821376
421.4		0.821376
421.5		0.821376
421.6		0.821376
421.7		0.821376
421.8		0.821376
421.9		0.821376
422		0.821376
422.1		0.821717
422.2		0.821717
422.3		0.821717
422.4		0.821717
422.5		0.821717
422.6		0.821717
422.7		0.821717
422.8		0.821717
422.9		0.821717
423		0.821717
423.1		0.825119
423.2		0.825119
423.3		0.825119
423.4		0.825119
423.5		0.825119
423.6		0.825119
423.7		0.825119
423.8		0.825119
423.9		0.825119
424		0.825119
424.1		0.827355
424.2		0.827355
424.3		0.827355
424.4		0.827355
424.5		0.827355
424.6		0.827355
424.7		0.827355
424.8		0.827355
424.9		0.827355
425		0.827355
425.1		0.828278
425.2		0.828278
425.3		0.828278
425.4		0.828278
425.5		0.828278
425.6		0.828278
425.7		0.828278
425.8		0.828278
425.9		0.828278
426		0.828278
426.1		0.832993
426.2		0.832993
426.3		0.832993
426.4		0.832993
426.5		0.832993
426.6		0.832993
426.7		0.832993
426.8		0.832993
426.9		0.832993
427		0.832993
427.1		0.833576
427.2		0.833576
427.3		0.833576
427.4		0.833576
427.5		0.833576
427.6		0.833576
427.7		0.833576
427.8		0.833576
427.9		0.833576
428		0.833576
428.1		0.836444
428.2		0.836444
428.3		0.836444
428.4		0.836444
428.5		0.836444
428.6		0.836444
428.7		0.836444
428.8		0.836444
428.9		0.836444
429		0.836444
429.1		0.83834
429.2		0.83834
429.3		0.83834
429.4		0.83834
429.5		0.83834
429.6		0.83834
429.7		0.83834
429.8		0.83834
429.9		0.83834
430		0.83834
430.1		0.840381
430.2		0.840381
430.3		0.840381
430.4		0.840381
430.5		0.840381
430.6		0.840381
430.7		0.840381
430.8		0.840381
430.9		0.840381
431		0.840381
431.1		0.840721
431.2		0.840721
431.3		0.840721
431.4		0.840721
431.5		0.840721
431.6		0.840721
431.7		0.840721
431.8		0.840721
431.9		0.840721
432		0.840721
432.1		0.845193
432.2		0.845193
432.3		0.845193
432.4		0.845193
432.5		0.845193
432.6		0.845193
432.7		0.845193
432.8		0.845193
432.9		0.845193
433		0.845193
433.1		0.849422
433.2		0.849422
433.3		0.849422
433.4		0.849422
433.5		0.849422
433.6		0.849422
433.7		0.849422
433.8		0.849422
433.9		0.849422
434		0.849422
434.1		0.849713
434.2		0.849713
434.3		0.849713
434.4		0.849713
434.5		0.849713
434.6		0.849713
434.7		0.849713
434.8		0.849713
434.9		0.849713
435		0.849713
435.1		0.851803
435.2		0.851803
435.3		0.851803
435.4		0.851803
435.5		0.851803
435.6		0.851803
435.7		0.851803
435.8		0.851803
435.9		0.851803
436		0.851803
436.1		0.852095
436.2		0.852095
436.3		0.852095
436.4		0.852095
436.5		0.852095
436.6		0.852095
436.7		0.852095
436.8		0.852095
436.9		0.852095
437		0.852095
437.1		0.85506
437.2		0.85506
437.3		0.85506
437.4		0.85506
437.5		0.85506
437.6		0.85506
437.7		0.85506
437.8		0.85506
437.9		0.85506
438		0.85506
438.1		0.85681
438.2		0.85681
438.3		0.85681
438.4		0.85681
438.5		0.85681
438.6		0.85681
438.7		0.85681
438.8		0.85681
438.9		0.85681
439		0.85681
439.1		0.860358
439.2		0.860358
439.3		0.860358
439.4		0.860358
439.5		0.860358
439.6		0.860358
439.7		0.860358
439.8		0.860358
439.9		0.860358
440		0.860358
440.1		0.860358
440.2		0.860358
440.3		0.860358
440.4		0.860358
440.5		0.860358
440.6		0.860358
440.7		0.860358
440.8		0.860358
440.9		0.860358
441		0.860358
441.1		0.863566
441.2		0.863566
441.3		0.863566
441.4		0.863566
441.5		0.863566
441.6		0.863566
441.7		0.863566
441.8		0.863566
441.9		0.863566
442		0.863566
442.1		0.864149
442.2		0.864149
442.3		0.864149
442.4		0.864149
442.5		0.864149
442.6		0.864149
442.7		0.864149
442.8		0.864149
442.9		0.864149
443		0.864149
443.1		0.866628
443.2		0.866628
443.3		0.866628
443.4		0.866628
443.5		0.866628
443.6		0.866628
443.7		0.866628
443.8		0.866628
443.9		0.866628
444		0.866628
444.1		0.867697
444.2		0.867697
444.3		0.867697
444.4		0.867697
444.5		0.867697
444.6		0.867697
444.7		0.867697
444.8		0.867697
444.9		0.867697
445		0.867697
445.1		0.872898
445.2		0.872898
445.3		0.872898
445.4		0.872898
445.5		0.872898
445.6		0.872898
445.7		0.872898
445.8		0.872898
445.9		0.872898
446		0.872898
446.1		0.873238
446.2		0.873238
446.3		0.873238
446.4		0.873238
446.5		0.873238
446.6		0.873238
446.7		0.873238
446.8		0.873238
446.9		0.873238
447		0.873238
447.1		0.873578
447.2		0.873578
447.3		0.873578
447.4		0.873578
447.5		0.873578
447.6		0.873578
447.7		0.873578
447.8		0.873578
447.9		0.873578
448		0.873578
448.1		0.875134
448.2		0.875134
448.3		0.875134
448.4		0.875134
448.5		0.875134
448.6		0.875134
448.7		0.875134
448.8		0.875134
448.9		0.875134
449		0.875134
449.1		0.878487
449.2		0.878487
449.3		0.878487
449.4		0.878487
449.5		0.878487
449.6		0.878487
449.7		0.878487
449.8		0.878487
449.9		0.878487
450		0.878487
450.1		0.881161
450.2		0.881161
450.3		0.881161
450.4		0.881161
450.5		0.881161
450.6		0.881161
450.7		0.881161
450.8		0.881161
450.9		0.881161
451		0.881161
451.1		0.883737
451.2		0.883737
451.3		0.883737
451.4		0.883737
451.5		0.883737
451.6		0.883737
451.7		0.883737
451.8		0.883737
451.9		0.883737
452		0.883737
452.1		0.884903
452.2		0.884903
452.3		0.884903
452.4		0.884903
452.5		0.884903
452.6		0.884903
452.7		0.884903
452.8		0.884903
452.9		0.884903
453		0.884903
453.1		0.885292
453.2		0.885292
453.3		0.885292
453.4		0.885292
453.5		0.885292
453.6		0.885292
453.7		0.885292
453.8		0.885292
453.9		0.885292
454		0.885292
454.1		0.886702
454.2		0.886702
454.3		0.886702
454.4		0.886702
454.5		0.886702
454.6		0.886702
454.7		0.886702
454.8		0.886702
454.9		0.886702
455		0.886702
455.1		0.890396
455.2		0.890396
455.3		0.890396
455.4		0.890396
455.5		0.890396
455.6		0.890396
455.7		0.890396
455.8		0.890396
455.9		0.890396
456		0.890396
456.1		0.892
456.2		0.892
456.3		0.892
456.4		0.892
456.5		0.892
456.6		0.892
456.7		0.892
456.8		0.892
456.9		0.892
457		0.892
457.1		0.893458
457.2		0.893458
457.3		0.893458
457.4		0.893458
457.5		0.893458
457.6		0.893458
457.7		0.893458
457.8		0.893458
457.9		0.893458
458		0.893458
458.1		0.896374
458.2		0.896374
458.3		0.896374
458.4		0.896374
458.5		0.896374
458.6		0.896374
458.7		0.896374
458.8		0.896374
458.9		0.896374
459		0.896374
459.1		0.898415
459.2		0.898415
459.3		0.898415
459.4		0.898415
459.5		0.898415
459.6		0.898415
459.7		0.898415
459.8		0.898415
459.9		0.898415
460		0.898415
460.1		0.900749
460.2		0.900749
460.3		0.900749
460.4		0.900749
460.5		0.900749
460.6		0.900749
460.7		0.900749
460.8		0.900749
460.9		0.900749
461		0.900749
461.1		0.901283
461.2		0.901283
461.3		0.901283
461.4		0.901283
461.5		0.901283
461.6		0.901283
461.7		0.901283
461.8		0.901283
461.9		0.901283
462		0.901283
462.1		0.906095
462.2		0.906095
462.3		0.906095
462.4		0.906095
462.5		0.906095
462.6		0.906095
462.7		0.906095
462.8		0.906095
462.9		0.906095
463		0.906095
463.1		0.907893
463.2		0.907893
463.3		0.907893
463.4		0.907893
463.5		0.907893
463.6		0.907893
463.7		0.907893
463.8		0.907893
463.9		0.907893
464		0.907893
464.1		0.909352
464.2		0.909352
464.3		0.909352
464.4		0.909352
464.5		0.909352
464.6		0.909352
464.7		0.909352
464.8		0.909352
464.9		0.909352
465		0.909352
465.1		0.913775
465.2		0.913775
465.3		0.913775
465.4		0.913775
465.5		0.913775
465.6		0.913775
465.7		0.913775
465.8		0.913775
465.9		0.913775
466		0.913775
466.1		0.915913
466.2		0.915913
466.3		0.915913
466.4		0.915913
466.5		0.915913
466.6		0.915913
466.7		0.915913
466.8		0.915913
466.9		0.915913
467		0.915913
467.1		0.916399
467.2		0.916399
467.3		0.916399
467.4		0.916399
467.5		0.916399
467.6		0.916399
467.7		0.916399
467.8		0.916399
467.9		0.916399
468		0.916399
468.1		0.916788
468.2		0.916788
468.3		0.916788
468.4		0.916788
468.5		0.916788
468.6		0.916788
468.7		0.916788
468.8		0.916788
468.9		0.916788
469		0.916788
469.1		0.919218
469.2		0.919218
469.3		0.919218
469.4		0.919218
469.5		0.919218
469.6		0.919218
469.7		0.919218
469.8		0.919218
469.9		0.919218
470		0.919218
470.1		0.920482
470.2		0.920482
470.3		0.920482
470.4		0.920482
470.5		0.920482
470.6		0.920482
470.7		0.920482
470.8		0.920482
470.9		0.920482
471		0.920482
471.1		0.925488
471.2		0.925488
471.3		0.925488
471.4		0.925488
471.5		0.925488
471.6		0.925488
471.7		0.925488
471.8		0.925488
471.9		0.925488
472		0.925488
472.1		0.925877
472.2		0.925877
472.3		0.925877
472.4		0.925877
472.5		0.925877
472.6		0.925877
472.7		0.925877
472.8		0.925877
472.9		0.925877
473		0.925877
473.1		0.927919
473.2		0.927919
473.3		0.927919
473.4		0.927919
473.5		0.927919
473.6		0.927919
473.7		0.927919
473.8		0.927919
473.9		0.927919
474		0.927919
474.1		0.931175
474.2		0.931175
474.3		0.931175
474.4		0.931175
474.5		0.931175
474.6		0.931175
474.7		0.931175
474.8		0.931175
474.9		0.931175
475		0.931175
475.1		0.93448
475.2		0.93448
475.3		0.93448
475.4		0.93448
475.5		0.93448
475.6		0.93448
475.7		0.93448
475.8		0.93448
475.9		0.93448
476		0.93448
476.1		0.934918
476.2		0.934918
476.3		0.934918
476.4		0.934918
476.5		0.934918
476.6		0.934918
476.7		0.934918
476.8		0.934918
476.9		0.934918
477		0.934918
477.1		0.938855
477.2		0.938855
477.3		0.938855
477.4		0.938855
477.5		0.938855
477.6		0.938855
477.7		0.938855
477.8		0.938855
477.9		0.938855
478		0.938855
478.1		0.94041
478.2		0.94041
478.3		0.94041
478.4		0.94041
478.5		0.94041
478.6		0.94041
478.7		0.94041
478.8		0.94041
478.9		0.94041
479		0.94041
479.1		0.943035
479.2		0.943035
479.3		0.943035
479.4		0.943035
479.5		0.943035
479.6		0.943035
479.7		0.943035
479.8		0.943035
479.9		0.943035
480		0.943035
480.1		0.944542
480.2		0.944542
480.3		0.944542
480.4		0.944542
480.5		0.944542
480.6		0.944542
480.7		0.944542
480.8		0.944542
480.9		0.944542
481		0.944542
481.1		0.944785
481.2		0.944785
481.3		0.944785
481.4		0.944785
481.5		0.944785
481.6		0.944785
481.7		0.944785
481.8		0.944785
481.9		0.944785
482		0.944785
482.1		0.947361
482.2		0.947361
482.3		0.947361
482.4		0.947361
482.5		0.947361
482.6		0.947361
482.7		0.947361
482.8		0.947361
482.9		0.947361
483		0.947361
483.1		0.950277
483.2		0.950277
483.3		0.950277
483.4		0.950277
483.5		0.950277
483.6		0.950277
483.7		0.950277
483.8		0.950277
483.9		0.950277
484		0.950277
484.1		0.952805
484.2		0.952805
484.3		0.952805
484.4		0.952805
484.5		0.952805
484.6		0.952805
484.7		0.952805
484.8		0.952805
484.9		0.952805
485		0.952805
485.1		0.953048
485.2		0.953048
485.3		0.953048
485.4		0.953048
485.5		0.953048
485.6		0.953048
485.7		0.953048
485.8		0.953048
485.9		0.953048
486		0.953048
486.1		0.956304
486.2		0.956304
486.3		0.956304
486.4		0.956304
486.5		0.956304
486.6		0.956304
486.7		0.956304
486.8		0.956304
486.9		0.956304
487		0.956304
487.1		0.956742
487.2		0.956742
487.3		0.956742
487.4		0.956742
487.5		0.956742
487.6		0.956742
487.7		0.956742
487.8		0.956742
487.9		0.956742
488		0.956742
488.1		0.96029
488.2		0.96029
488.3		0.96029
488.4		0.96029
488.5		0.96029
488.6		0.96029
488.7		0.96029
488.8		0.96029
488.9		0.96029
489		0.96029
489.1		0.960922
489.2		0.960922
489.3		0.960922
489.4		0.960922
489.5		0.960922
489.6		0.960922
489.7		0.960922
489.8		0.960922
489.9		0.960922
490		0.960922
490.1		0.964567
490.2		0.964567
490.3		0.964567
490.4		0.964567
490.5		0.964567
490.6		0.964567
490.7		0.964567
490.8		0.964567
490.9		0.964567
491		0.964567
491.1		0.966949
491.2		0.966949
491.3		0.966949
491.4		0.966949
491.5		0.966949
491.6		0.966949
491.7		0.966949
491.8		0.966949
491.9		0.966949
492		0.966949
492.1		0.967143
492.2		0.967143
492.3		0.967143
492.4		0.967143
492.5		0.967143
492.6		0.967143
492.7		0.967143
492.8		0.967143
492.9		0.967143
493		0.967143
493.1		0.967629
493.2		0.967629
493.3		0.967629
493.4		0.967629
493.5		0.967629
493.6		0.967629
493.7		0.967629
493.8		0.967629
493.9		0.967629
494		0.967629
494.1		0.972538
494.2		0.972538
494.3		0.972538
494.4		0.972538
494.5		0.972538
494.6		0.972538
494.7		0.972538
494.8		0.972538
494.9		0.972538
495		0.972538
495.1		0.973267
495.2		0.973267
495.3		0.973267
495.4		0.973267
495.5		0.973267
495.6		0.973267
495.7		0.973267
495.8		0.973267
495.9		0.973267
496		0.973267
496.1		0.976767
496.2		0.976767
496.3		0.976767
496.4		0.976767
496.5		0.976767
496.6		0.976767
496.7		0.976767
496.8		0.976767
496.9		0.976767
497		0.976767
497.1		0.977982
497.2		0.977982
497.3		0.977982
497.4		0.977982
497.5		0.977982
497.6		0.977982
497.7		0.977982
497.8		0.977982
497.9		0.977982
498		0.977982
498.1		0.978031
498.2		0.978031
498.3		0.978031
498.4		0.978031
498.5		0.978031
498.6		0.978031
498.7		0.978031
498.8		0.978031
498.9		0.978031
499		0.978031
499.1		0.978857
499.2		0.978857
499.3		0.978857
499.4		0.978857
499.5		0.978857
499.6		0.978857
499.7		0.978857
499.8		0.978857
499.9		0.978857
500		0.978857
500.1		0.984301
500.2		0.984301
500.3		0.984301
500.4		0.984301
500.5		0.984301
500.6		0.984301
500.7		0.984301
500.8		0.984301
500.9		0.984301
501		0.984301
501.1		0.987071
501.2		0.987071
501.3		0.987071
501.4		0.987071
501.5		0.987071
501.6		0.987071
501.7		0.987071
501.8		0.987071
501.9		0.987071
502		0.987071
502.1		0.989258
502.2		0.989258
502.3		0.989258
502.4		0.989258
502.5		0.989258
502.6		0.989258
502.7		0.989258
502.8		0.989258
502.9		0.989258
503		0.989258
503.1		0.989647
503.2		0.989647
503.3		0.989647
503.4		0.989647
503.5		0.989647
503.6		0.989647
503.7		0.989647
503.8		0.989647
503.9		0.989647
504		0.989647
504.1		0.99023
504.2		0.99023
504.3		0.99023
504.4		0.99023
504.5		0.99023
504.6		0.99023
504.7		0.99023
504.8		0.99023
504.9		0.99023
505		0.99023
505.1		0.993633
505.2		0.993633
505.3		0.993633
505.4		0.993633
505.5		0.993633
505.6		0.993633
505.7		0.993633
505.8		0.993633
505.9		0.993633
506		0.993633
506.1		0.998396
506.2		0.998396
506.3		0.998396
506.4		0.998396
506.5		0.998396
506.6		0.998396
506.7		0.998396
506.8		0.998396
506.9		0.998396
507		0.998396
507.1		0.998833
507.2		0.998833
507.3		0.998833
507.4		0.998833
507.5		0.998833
507.6		0.998833
507.7		0.998833
507.8		0.998833
507.9		0.998833
508		0.998833
508.1		1
508.2		1
508.3		1
508.4		1
508.5		1
508.6		1
508.7		1
508.8		1
508.9		1
509		1
509.1		1
509.2		1
509.3		1
509.4		1
509.5		1
509.6		1
509.7		1
509.8		1
509.9		1
510		1
510.1		1
510.2		1
510.3		1
510.4		1
510.5		1
510.6		1
510.7		1
510.8		1
510.9		1
511		1
511.1		1
511.2		1
511.3		1
511.4		1
511.5		1
511.6		1
511.7		1
511.8		1
511.9		1
512		1
512.1		1
512.2		1
512.3		1
512.4		1
512.5		1
512.6		1
512.7		1
512.8		1
512.9		1
513		1
513.1		1
513.2		1
513.3		1
513.4		1
513.5		1
513.6		1
513.7		1
513.8		1
513.9		1
514		1
514.1		1
514.2		1
514.3		1
514.4		1
514.5		1
514.6		1
514.7		1
514.8		1
514.9		1
515		1
515.1		1
515.2		1
515.3		1
515.4		1
515.5		1
515.6		1
515.7		1
515.8		1
515.9		1
516		1
516.1		1
516.2		1
516.3		1
516.4		1
516.5		1
516.6		1
516.7		1
516.8		1
516.9		1
517		1
517.1		1
517.2		1
517.3		1
517.4		1
517.5		1
517.6		1
517.7		1
517.8		1
517.9		1
518		1
518.1		1
518.2		1
518.3		1
518.4		1
518.5		1
518.6		1
518.7		1
518.8		1
518.9		1
519		1
519.1		1
519.2		1
519.3		1
519.4		1
519.5		1
519.6		1
519.7		1
519.8		1
519.9		1
520		1
520.1		1
520.2		1
520.3		1
520.4		1
520.5		1
520.6		1
520.7		1
520.8		1
520.9		1
521		1
521.1		1
521.2		1
521.3		1
521.4		1
521.5		1
521.6		1
521.7		1
521.8		1
521.9		1
522		1
522.1		1
522.2		1
522.3		1
522.4		1
522.5		1
522.6		1
522.7		1
522.8		1
522.9		1
523		1
523.1		1
523.2		1
523.3		1
523.4		1
523.5		1
523.6		1
523.7		1
523.8		1
523.9		1
524		1
524.1		1
524.2		1
524.3		1
524.4		1
524.5		1
524.6		1
524.7		1
524.8		1
524.9		1
525		1
525.1		1
525.2		1
525.3		1
525.4		1
525.5		1
525.6		1
525.7		1
525.8		1
525.9		1
526		1
526.1		1
526.2		1
526.3		1
526.4		1
526.5		1
526.6		1
526.7		1
526.8		1
526.9		1
527		1
527.1		1
527.2		1
527.3		1
527.4		1
527.5		1
527.6		1
527.7		1
527.8		1
527.9		1
528		1
528.1		1
528.2		1
528.3		1
528.4		1
528.5		1
528.6		1
528.7		1
528.8		1
528.9		1
529		1
529.1		1
529.2		1
529.3		1
529.4		1
529.5		1
529.6		1
529.7		1
529.8		1
529.9		1
530		1
530.1		1
530.2		1
530.3		1
530.4		1
530.5		1
530.6		1
530.7		1
530.8		1
530.9		1
531		1
531.1		1
531.2		1
531.3		1
531.4		1
531.5		1
531.6		1
531.7		1
531.8		1
531.9		1
532		1
532.1		1
532.2		1
532.3		1
532.4		1
532.5		1
532.6		1
532.7		1
532.8		1
532.9		1
533		1
533.1		1
533.2		1
533.3		1
533.4		1
533.5		1
533.6		1
533.7		1
533.8		1
533.9		1
534		1
534.1		1
534.2		1
534.3		1
534.4		1
534.5		1
534.6		1
534.7		1
534.8		1
534.9		1
535		1
535.1		1
535.2		1
535.3		1
535.4		1
535.5		1
535.6		1
535.7		1
535.8		1
535.9		1
536		1
536.1		1
536.2		1
536.3		1
536.4		1
536.5		1
536.6		1
536.7		1
536.8		1
536.9		1
537		1
537.1		1
537.2		1
537.3		1
537.4		1
537.5		1
537.6		1
537.7		1
537.8		1
537.9		1
538		1
538.1		1
538.2		1
538.3		1
538.4		1
538.5		1
538.6		1
538.7		1
538.8		1
538.9		1
539		1
539.1		1
539.2		1
539.3		1
539.4		1
539.5		1
539.6		1
539.7		1
539.8		1
539.9		1
540		1
540.1		1
540.2		1
540.3		1
540.4		1
540.5		1
540.6		1
540.7		1
540.8		1
540.9		1
541		1
541.1		1
541.2		1
541.3		1
541.4		1
541.5		1
541.6		1
541.7		1
541.8		1
541.9		1
542		1
542.1		1
542.2		1
542.3		1
542.4		1
542.5		1
542.6		1
542.7		1
542.8		1
542.9		1
543		1
543.1		1
543.2		1
543.3		1
543.4		1
543.5		1
543.6		1
543.7		1
543.8		1
543.9		1
544		1
544.1		1
544.2		1
544.3		1
544.4		1
544.5		1
544.6		1
544.7		1
544.8		1
544.9		1
545		1
545.1		1
545.2		1
545.3		1
545.4		1
545.5		1
545.6		1
545.7		1
545.8		1
545.9		1
546		1
546.1		1
546.2		1
546.3		1
546.4		1
546.5		1
546.6		1
546.7		1
546.8		1
546.9		1
547		1
547.1		1
547.2		1
547.3		1
547.4		1
547.5		1
547.6		1
547.7		1
547.8		1
547.9		1
548		1
548.1		1
548.2		1
548.3		1
548.4		1
548.5		1
548.6		1
548.7		1
548.8		1
548.9		1
549		1
549.1		1
549.2		1
549.3		1
549.4		1
549.5		1
549.6		1
549.7		1
549.8		1
549.9		1
550		1
550.1		1
550.2		1
550.3		1
550.4		1
550.5		1
550.6		1
550.7		1
550.8		1
550.9		1
551		1
551.1		1
551.2		1
551.3		1
551.4		1
551.5		1
551.6		1
551.7		1
551.8		1
551.9		1
552		1
552.1		1
552.2		1
552.3		1
552.4		1
552.5		1
552.6		1
552.7		1
552.8		1
552.9		1
553		1
553.1		1
553.2		1
553.3		1
553.4		1
553.5		1
553.6		1
553.7		1
553.8		1
553.9		1
554		1
554.1		1
554.2		1
554.3		1
554.4		1
554.5		1
554.6		1
554.7		1
554.8		1
554.9		1
555		1
555.1		1
555.2		1
555.3		1
555.4		1
555.5		1
555.6		1
555.7		1
555.8		1
555.9		1
556		1
556.1		1
556.2		1
556.3		1
556.4		1
556.5		1
556.6		1
556.7		1
556.8		1
556.9		1
557		1
557.1		1
557.2		1
557.3		1
557.4		1
557.5		1
557.6		1
557.7		1
557.8		1
557.9		1
558		1
558.1		1
558.2		1
558.3		1
558.4		1
558.5		1
558.6		1
558.7		1
558.8		1
558.9		1
559		1
559.1		1
559.2		1
559.3		1
559.4		1
559.5		1
559.6		1
559.7		1
559.8		1
559.9		1
560		1
560.1		1
560.2		1
560.3		1
560.4		1
560.5		1
560.6		1
560.7		1
560.8		1
560.9		1
561		1
561.1		1
561.2		1
561.3		1
561.4		1
561.5		1
561.6		1
561.7		1
561.8		1
561.9		1
562		1
562.1		1
562.2		1
562.3		1
562.4		1
562.5		1
562.6		1
562.7		1
562.8		1
562.9		1
563		1
563.1		1
563.2		1
563.3		1
563.4		1
563.5		1
563.6		1
563.7		1
563.8		1
563.9		1
564		1
564.1		1
564.2		1
564.3		1
564.4		1
564.5		1
564.6		1
564.7		1
564.8		1
564.9		1
565		1
565.1		1
565.2		1
565.3		1
565.4		1
565.5		1
565.6		1
565.7		1
565.8		1
565.9		1
566		1
566.1		1
566.2		1
566.3		1
566.4		1
566.5		1
566.6		1
566.7		1
566.8		1
566.9		1
567		1
567.1		1
567.2		1
567.3		1
567.4		1
567.5		1
567.6		1
567.7		1
567.8		1
567.9		1
568		1
568.1		1
568.2		1
568.3		1
568.4		1
568.5		1
568.6		1
568.7		1
568.8		1
568.9		1
569		1
569.1		1
569.2		1
569.3		1
569.4		1
569.5		1
569.6		1
569.7		1
569.8		1
569.9		1
570		1
570.1		1
570.2		1
570.3		1
570.4		1
570.5		1
570.6		1
570.7		1
570.8		1
570.9		1
571		1
571.1		1
571.2		1
571.3		1
571.4		1
571.5		1
571.6		1
571.7		1
571.8		1
571.9		1
572		1
572.1		1
572.2		1
572.3		1
572.4		1
572.5		1
572.6		1
572.7		1
572.8		1
572.9		1
573		1
573.1		1
573.2		1
573.3		1
573.4		1
573.5		1
573.6		1
573.7		1
573.8		1
573.9		1
574		1
574.1		1
574.2		1
574.3		1
574.4		1
574.5		1
574.6		1
574.7		1
574.8		1
574.9		1
575		1
575.1		1
575.2		1
575.3		1
575.4		1
575.5		1
575.6		1
575.7		1
575.8		1
575.9		1
576		1
576.1		1
576.2		1
576.3		1
576.4		1
576.5		1
576.6		1
576.7		1
576.8		1
576.9		1
577		1
577.1		1
577.2		1
577.3		1
577.4		1
577.5		1
577.6		1
577.7		1
577.8		1
577.9		1
578		1
578.1		1
578.2		1
578.3		1
578.4		1
578.5		1
578.6		1
578.7		1
578.8		1
578.9		1
579		1
579.1		1
579.2		1
579.3		1
579.4		1
579.5		1
579.6		1
579.7		1
579.8		1
579.9		1
580		1
580.1		1
580.2		1
580.3		1
580.4		1
580.5		1
580.6		1
580.7		1
580.8		1
580.9		1
581		1
581.1		1
581.2		1
581.3		1
581.4		1
581.5		1
581.6		1
581.7		1
581.8		1
581.9		1
582		1
582.1		1
582.2		1
582.3		1
582.4		1
582.5		1
582.6		1
582.7		1
582.8		1
582.9		1
583		1
583.1		1
583.2		1
583.3		1
583.4		1
583.5		1
583.6		1
583.7		1
583.8		1
583.9		1
584		1
584.1		1
584.2		1
584.3		1
584.4		1
584.5		1
584.6		1
584.7		1
584.8		1
584.9		1
585		1
585.1		1
585.2		1
585.3		1
585.4		1
585.5		1
585.6		1
585.7		1
585.8		1
585.9		1
586		1
586.1		1
586.2		1
586.3		1
586.4		1
586.5		1
586.6		1
586.7		1
586.8		1
586.9		1
587		1
587.1		1
587.2		1
587.3		1
587.4		1
587.5		1
587.6		1
587.7		1
587.8		1
587.9		1
588		1
588.1		1
588.2		1
588.3		1
588.4		1
588.5		1
588.6		1
588.7		1
588.8		1
588.9		1
589		1
589.1		1
589.2		1
589.3		1
589.4		1
589.5		1
589.6		1
589.7		1
589.8		1
589.9		1
590		1
590.1		1
590.2		1
590.3		1
590.4		1
590.5		1
590.6		1
590.7		1
590.8		1
590.9		1
591		1
591.1		1
591.2		1
591.3		1
591.4		1
591.5		1
591.6		1
591.7		1
591.8		1
591.9		1
592		1
592.1		1
592.2		1
592.3		1
592.4		1
592.5		1
592.6		1
592.7		1
592.8		1
592.9		1
593		1
593.1		1
593.2		1
593.3		1
593.4		1
593.5		1
593.6		1
593.7		1
593.8		1
593.9		1
594		1
594.1		1
594.2		1
594.3		1
594.4		1
594.5		1
594.6		1
594.7		1
594.8		1
594.9		1
595		1
595.1		1
595.2		1
595.3		1
595.4		1
595.5		1
595.6		1
595.7		1
595.8		1
595.9		1
596		1
596.1		1
596.2		1
596.3		1
596.4		1
596.5		1
596.6		1
596.7		1
596.8		1
596.9		1
597		1
597.1		1
597.2		1
597.3		1
597.4		1
597.5		1
597.6		1
597.7		1
597.8		1
597.9		1
598		1
598.1		1
598.2		1
598.3		1
598.4		1
598.5		1
598.6		1
598.7		1
598.8		1
598.9		1
599		1
599.1		1
599.2		1
599.3		1
599.4		1
599.5		1
599.6		1
599.7		1
599.8		1
599.9		1
600		1
