# Calibration file of tamex_id 0 @ channel 8
# fine_T bin		 Calibration value
0.1		0
0.2		0
0.3		0
0.4		0
0.5		0
0.6		0
0.7		0
0.8		0
0.9		0
1		0
1.1		0
1.2		0
1.3		0
1.4		0
1.5		0
1.6		0
1.7		0
1.8		0
1.9		0
2		0
2.1		0
2.2		0
2.3		0
2.4		0
2.5		0
2.6		0
2.7		0
2.8		0
2.9		0
3		0
3.1		0
3.2		0
3.3		0
3.4		0
3.5		0
3.6		0
3.7		0
3.8		0
3.9		0
4		0
4.1		0
4.2		0
4.3		0
4.4		0
4.5		0
4.6		0
4.7		0
4.8		0
4.9		0
5		0
5.1		0
5.2		0
5.3		0
5.4		0
5.5		0
5.6		0
5.7		0
5.8		0
5.9		0
6		0
6.1		0
6.2		0
6.3		0
6.4		0
6.5		0
6.6		0
6.7		0
6.8		0
6.9		0
7		0
7.1		0
7.2		0
7.3		0
7.4		0
7.5		0
7.6		0
7.7		0
7.8		0
7.9		0
8		0
8.1		0
8.2		0
8.3		0
8.4		0
8.5		0
8.6		0
8.7		0
8.8		0
8.9		0
9		0
9.1		0
9.2		0
9.3		0
9.4		0
9.5		0
9.6		0
9.7		0
9.8		0
9.9		0
10		0
10.1		0
10.2		0
10.3		0
10.4		0
10.5		0
10.6		0
10.7		0
10.8		0
10.9		0
11		0
11.1		0
11.2		0
11.3		0
11.4		0
11.5		0
11.6		0
11.7		0
11.8		0
11.9		0
12		0
12.1		0
12.2		0
12.3		0
12.4		0
12.5		0
12.6		0
12.7		0
12.8		0
12.9		0
13		0
13.1		0
13.2		0
13.3		0
13.4		0
13.5		0
13.6		0
13.7		0
13.8		0
13.9		0
14		0
14.1		0
14.2		0
14.3		0
14.4		0
14.5		0
14.6		0
14.7		0
14.8		0
14.9		0
15		0
15.1		0
15.2		0
15.3		0
15.4		0
15.5		0
15.6		0
15.7		0
15.8		0
15.9		0
16		0
16.1		0
16.2		0
16.3		0
16.4		0
16.5		0
16.6		0
16.7		0
16.8		0
16.9		0
17		0
17.1		0.00684989
17.2		0.00684989
17.3		0.00684989
17.4		0.00684989
17.5		0.00684989
17.6		0.00684989
17.7		0.00684989
17.8		0.00684989
17.9		0.00684989
18		0.00684989
18.1		0.00781054
18.2		0.00781054
18.3		0.00781054
18.4		0.00781054
18.5		0.00781054
18.6		0.00781054
18.7		0.00781054
18.8		0.00781054
18.9		0.00781054
19		0.00781054
19.1		0.0106925
19.2		0.0106925
19.3		0.0106925
19.4		0.0106925
19.5		0.0106925
19.6		0.0106925
19.7		0.0106925
19.8		0.0106925
19.9		0.0106925
20		0.0106925
20.1		0.0148275
20.2		0.0148275
20.3		0.0148275
20.4		0.0148275
20.5		0.0148275
20.6		0.0148275
20.7		0.0148275
20.8		0.0148275
20.9		0.0148275
21		0.0148275
21.1		0.0164982
21.2		0.0164982
21.3		0.0164982
21.4		0.0164982
21.5		0.0164982
21.6		0.0164982
21.7		0.0164982
21.8		0.0164982
21.9		0.0164982
22		0.0164982
22.1		0.0177095
22.2		0.0177095
22.3		0.0177095
22.4		0.0177095
22.5		0.0177095
22.6		0.0177095
22.7		0.0177095
22.8		0.0177095
22.9		0.0177095
23		0.0177095
23.1		0.0194219
23.2		0.0194219
23.3		0.0194219
23.4		0.0194219
23.5		0.0194219
23.6		0.0194219
23.7		0.0194219
23.8		0.0194219
23.9		0.0194219
24		0.0194219
24.1		0.0198396
24.2		0.0198396
24.3		0.0198396
24.4		0.0198396
24.5		0.0198396
24.6		0.0198396
24.7		0.0198396
24.8		0.0198396
24.9		0.0198396
25		0.0198396
25.1		0.0252694
25.2		0.0252694
25.3		0.0252694
25.4		0.0252694
25.5		0.0252694
25.6		0.0252694
25.7		0.0252694
25.8		0.0252694
25.9		0.0252694
26		0.0252694
26.1		0.027316
26.2		0.027316
26.3		0.027316
26.4		0.027316
26.5		0.027316
26.6		0.027316
26.7		0.027316
26.8		0.027316
26.9		0.027316
27		0.027316
27.1		0.0279843
27.2		0.0279843
27.3		0.0279843
27.4		0.0279843
27.5		0.0279843
27.6		0.0279843
27.7		0.0279843
27.8		0.0279843
27.9		0.0279843
28		0.0279843
28.1		0.0282349
28.2		0.0282349
28.3		0.0282349
28.4		0.0282349
28.5		0.0282349
28.6		0.0282349
28.7		0.0282349
28.8		0.0282349
28.9		0.0282349
29		0.0282349
29.1		0.0304904
29.2		0.0304904
29.3		0.0304904
29.4		0.0304904
29.5		0.0304904
29.6		0.0304904
29.7		0.0304904
29.8		0.0304904
29.9		0.0304904
30		0.0304904
30.1		0.0328711
30.2		0.0328711
30.3		0.0328711
30.4		0.0328711
30.5		0.0328711
30.6		0.0328711
30.7		0.0328711
30.8		0.0328711
30.9		0.0328711
31		0.0328711
31.1		0.0350848
31.2		0.0350848
31.3		0.0350848
31.4		0.0350848
31.5		0.0350848
31.6		0.0350848
31.7		0.0350848
31.8		0.0350848
31.9		0.0350848
32		0.0350848
32.1		0.0360037
32.2		0.0360037
32.3		0.0360037
32.4		0.0360037
32.5		0.0360037
32.6		0.0360037
32.7		0.0360037
32.8		0.0360037
32.9		0.0360037
33		0.0360037
33.1		0.0365049
33.2		0.0365049
33.3		0.0365049
33.4		0.0365049
33.5		0.0365049
33.6		0.0365049
33.7		0.0365049
33.8		0.0365049
33.9		0.0365049
34		0.0365049
34.1		0.0417258
34.2		0.0417258
34.3		0.0417258
34.4		0.0417258
34.5		0.0417258
34.6		0.0417258
34.7		0.0417258
34.8		0.0417258
34.9		0.0417258
35		0.0417258
35.1		0.0428118
35.2		0.0428118
35.3		0.0428118
35.4		0.0428118
35.5		0.0428118
35.6		0.0428118
35.7		0.0428118
35.8		0.0428118
35.9		0.0428118
36		0.0428118
36.1		0.0438978
36.2		0.0438978
36.3		0.0438978
36.4		0.0438978
36.5		0.0438978
36.6		0.0438978
36.7		0.0438978
36.8		0.0438978
36.9		0.0438978
37		0.0438978
37.1		0.0439813
37.2		0.0439813
37.3		0.0439813
37.4		0.0439813
37.5		0.0439813
37.6		0.0439813
37.7		0.0439813
37.8		0.0439813
37.9		0.0439813
38		0.0439813
38.1		0.0494528
38.2		0.0494528
38.3		0.0494528
38.4		0.0494528
38.5		0.0494528
38.6		0.0494528
38.7		0.0494528
38.8		0.0494528
38.9		0.0494528
39		0.0494528
39.1		0.0498288
39.2		0.0498288
39.3		0.0498288
39.4		0.0498288
39.5		0.0498288
39.6		0.0498288
39.7		0.0498288
39.8		0.0498288
39.9		0.0498288
40		0.0498288
40.1		0.0500794
40.2		0.0500794
40.3		0.0500794
40.4		0.0500794
40.5		0.0500794
40.6		0.0500794
40.7		0.0500794
40.8		0.0500794
40.9		0.0500794
41		0.0500794
41.1		0.0532537
41.2		0.0532537
41.3		0.0532537
41.4		0.0532537
41.5		0.0532537
41.6		0.0532537
41.7		0.0532537
41.8		0.0532537
41.9		0.0532537
42		0.0532537
42.1		0.0576393
42.2		0.0576393
42.3		0.0576393
42.4		0.0576393
42.5		0.0576393
42.6		0.0576393
42.7		0.0576393
42.8		0.0576393
42.9		0.0576393
43		0.0576393
43.1		0.0590176
43.2		0.0590176
43.3		0.0590176
43.4		0.0590176
43.5		0.0590176
43.6		0.0590176
43.7		0.0590176
43.8		0.0590176
43.9		0.0590176
44		0.0590176
44.1		0.0613984
44.2		0.0613984
44.3		0.0613984
44.4		0.0613984
44.5		0.0613984
44.6		0.0613984
44.7		0.0613984
44.8		0.0613984
44.9		0.0613984
45		0.0613984
45.1		0.0624843
45.2		0.0624843
45.3		0.0624843
45.4		0.0624843
45.5		0.0624843
45.6		0.0624843
45.7		0.0624843
45.8		0.0624843
45.9		0.0624843
46		0.0624843
46.1		0.0654916
46.2		0.0654916
46.3		0.0654916
46.4		0.0654916
46.5		0.0654916
46.6		0.0654916
46.7		0.0654916
46.8		0.0654916
46.9		0.0654916
47		0.0654916
47.1		0.0682483
47.2		0.0682483
47.3		0.0682483
47.4		0.0682483
47.5		0.0682483
47.6		0.0682483
47.7		0.0682483
47.8		0.0682483
47.9		0.0682483
48		0.0682483
48.1		0.0684571
48.2		0.0684571
48.3		0.0684571
48.4		0.0684571
48.5		0.0684571
48.6		0.0684571
48.7		0.0684571
48.8		0.0684571
48.9		0.0684571
49		0.0684571
49.1		0.0729262
49.2		0.0729262
49.3		0.0729262
49.4		0.0729262
49.5		0.0729262
49.6		0.0729262
49.7		0.0729262
49.8		0.0729262
49.9		0.0729262
50		0.0729262
50.1		0.0735528
50.2		0.0735528
50.3		0.0735528
50.4		0.0735528
50.5		0.0735528
50.6		0.0735528
50.7		0.0735528
50.8		0.0735528
50.9		0.0735528
51		0.0735528
51.1		0.0782307
51.2		0.0782307
51.3		0.0782307
51.4		0.0782307
51.5		0.0782307
51.6		0.0782307
51.7		0.0782307
51.8		0.0782307
51.9		0.0782307
52		0.0782307
52.1		0.0785649
52.2		0.0785649
52.3		0.0785649
52.4		0.0785649
52.5		0.0785649
52.6		0.0785649
52.7		0.0785649
52.8		0.0785649
52.9		0.0785649
53		0.0785649
53.1		0.0793584
53.2		0.0793584
53.3		0.0793584
53.4		0.0793584
53.5		0.0793584
53.6		0.0793584
53.7		0.0793584
53.8		0.0793584
53.9		0.0793584
54		0.0793584
54.1		0.0843288
54.2		0.0843288
54.3		0.0843288
54.4		0.0843288
54.5		0.0843288
54.6		0.0843288
54.7		0.0843288
54.8		0.0843288
54.9		0.0843288
55		0.0843288
55.1		0.0858324
55.2		0.0858324
55.3		0.0858324
55.4		0.0858324
55.5		0.0858324
55.6		0.0858324
55.7		0.0858324
55.8		0.0858324
55.9		0.0858324
56		0.0858324
56.1		0.0861666
56.2		0.0861666
56.3		0.0861666
56.4		0.0861666
56.5		0.0861666
56.6		0.0861666
56.7		0.0861666
56.8		0.0861666
56.9		0.0861666
57		0.0861666
57.1		0.0897586
57.2		0.0897586
57.3		0.0897586
57.4		0.0897586
57.5		0.0897586
57.6		0.0897586
57.7		0.0897586
57.8		0.0897586
57.9		0.0897586
58		0.0897586
58.1		0.0910534
58.2		0.0910534
58.3		0.0910534
58.4		0.0910534
58.5		0.0910534
58.6		0.0910534
58.7		0.0910534
58.8		0.0910534
58.9		0.0910534
59		0.0910534
59.1		0.0943948
59.2		0.0943948
59.3		0.0943948
59.4		0.0943948
59.5		0.0943948
59.6		0.0943948
59.7		0.0943948
59.8		0.0943948
59.9		0.0943948
60		0.0943948
60.1		0.0966502
60.2		0.0966502
60.3		0.0966502
60.4		0.0966502
60.5		0.0966502
60.6		0.0966502
60.7		0.0966502
60.8		0.0966502
60.9		0.0966502
61		0.0966502
61.1		0.0974021
61.2		0.0974021
61.3		0.0974021
61.4		0.0974021
61.5		0.0974021
61.6		0.0974021
61.7		0.0974021
61.8		0.0974021
61.9		0.0974021
62		0.0974021
62.1		0.0980703
62.2		0.0980703
62.3		0.0980703
62.4		0.0980703
62.5		0.0980703
62.6		0.0980703
62.7		0.0980703
62.8		0.0980703
62.9		0.0980703
63		0.0980703
63.1		0.101078
63.2		0.101078
63.3		0.101078
63.4		0.101078
63.5		0.101078
63.6		0.101078
63.7		0.101078
63.8		0.101078
63.9		0.101078
64		0.101078
64.1		0.103458
64.2		0.103458
64.3		0.103458
64.4		0.103458
64.5		0.103458
64.6		0.103458
64.7		0.103458
64.8		0.103458
64.9		0.103458
65		0.103458
65.1		0.105087
65.2		0.105087
65.3		0.105087
65.4		0.105087
65.5		0.105087
65.6		0.105087
65.7		0.105087
65.8		0.105087
65.9		0.105087
66		0.105087
66.1		0.107217
66.2		0.107217
66.3		0.107217
66.4		0.107217
66.5		0.107217
66.6		0.107217
66.7		0.107217
66.8		0.107217
66.9		0.107217
67		0.107217
67.1		0.108721
67.2		0.108721
67.3		0.108721
67.4		0.108721
67.5		0.108721
67.6		0.108721
67.7		0.108721
67.8		0.108721
67.9		0.108721
68		0.108721
68.1		0.113441
68.2		0.113441
68.3		0.113441
68.4		0.113441
68.5		0.113441
68.6		0.113441
68.7		0.113441
68.8		0.113441
68.9		0.113441
69		0.113441
69.1		0.115237
69.2		0.115237
69.3		0.115237
69.4		0.115237
69.5		0.115237
69.6		0.115237
69.7		0.115237
69.8		0.115237
69.9		0.115237
70		0.115237
70.1		0.115362
70.2		0.115362
70.3		0.115362
70.4		0.115362
70.5		0.115362
70.6		0.115362
70.7		0.115362
70.8		0.115362
70.9		0.115362
71		0.115362
71.1		0.117451
71.2		0.117451
71.3		0.117451
71.4		0.117451
71.5		0.117451
71.6		0.117451
71.7		0.117451
71.8		0.117451
71.9		0.117451
72		0.117451
72.1		0.119079
72.2		0.119079
72.3		0.119079
72.4		0.119079
72.5		0.119079
72.6		0.119079
72.7		0.119079
72.8		0.119079
72.9		0.119079
73		0.119079
73.1		0.12359
73.2		0.12359
73.3		0.12359
73.4		0.12359
73.5		0.12359
73.6		0.12359
73.7		0.12359
73.8		0.12359
73.9		0.12359
74		0.12359
74.1		0.124802
74.2		0.124802
74.3		0.124802
74.4		0.124802
74.5		0.124802
74.6		0.124802
74.7		0.124802
74.8		0.124802
74.9		0.124802
75		0.124802
75.1		0.124927
75.2		0.124927
75.3		0.124927
75.4		0.124927
75.5		0.124927
75.6		0.124927
75.7		0.124927
75.8		0.124927
75.9		0.124927
76		0.124927
76.1		0.128018
76.2		0.128018
76.3		0.128018
76.4		0.128018
76.5		0.128018
76.6		0.128018
76.7		0.128018
76.8		0.128018
76.9		0.128018
77		0.128018
77.1		0.128143
77.2		0.128143
77.3		0.128143
77.4		0.128143
77.5		0.128143
77.6		0.128143
77.7		0.128143
77.8		0.128143
77.9		0.128143
78		0.128143
78.1		0.130733
78.2		0.130733
78.3		0.130733
78.4		0.130733
78.5		0.130733
78.6		0.130733
78.7		0.130733
78.8		0.130733
78.9		0.130733
79		0.130733
79.1		0.134408
79.2		0.134408
79.3		0.134408
79.4		0.134408
79.5		0.134408
79.6		0.134408
79.7		0.134408
79.8		0.134408
79.9		0.134408
80		0.134408
80.1		0.136455
80.2		0.136455
80.3		0.136455
80.4		0.136455
80.5		0.136455
80.6		0.136455
80.7		0.136455
80.8		0.136455
80.9		0.136455
81		0.136455
81.1		0.138585
81.2		0.138585
81.3		0.138585
81.4		0.138585
81.5		0.138585
81.6		0.138585
81.7		0.138585
81.8		0.138585
81.9		0.138585
82		0.138585
82.1		0.140089
82.2		0.140089
82.3		0.140089
82.4		0.140089
82.5		0.140089
82.6		0.140089
82.7		0.140089
82.8		0.140089
82.9		0.140089
83		0.140089
83.1		0.140214
83.2		0.140214
83.3		0.140214
83.4		0.140214
83.5		0.140214
83.6		0.140214
83.7		0.140214
83.8		0.140214
83.9		0.140214
84		0.140214
84.1		0.144224
84.2		0.144224
84.3		0.144224
84.4		0.144224
84.5		0.144224
84.6		0.144224
84.7		0.144224
84.8		0.144224
84.9		0.144224
85		0.144224
85.1		0.147732
85.2		0.147732
85.3		0.147732
85.4		0.147732
85.5		0.147732
85.6		0.147732
85.7		0.147732
85.8		0.147732
85.9		0.147732
86		0.147732
86.1		0.148024
86.2		0.148024
86.3		0.148024
86.4		0.148024
86.5		0.148024
86.6		0.148024
86.7		0.148024
86.8		0.148024
86.9		0.148024
87		0.148024
87.1		0.150656
87.2		0.150656
87.3		0.150656
87.4		0.150656
87.5		0.150656
87.6		0.150656
87.7		0.150656
87.8		0.150656
87.9		0.150656
88		0.150656
88.1		0.152034
88.2		0.152034
88.3		0.152034
88.4		0.152034
88.5		0.152034
88.6		0.152034
88.7		0.152034
88.8		0.152034
88.9		0.152034
89		0.152034
89.1		0.154122
89.2		0.154122
89.3		0.154122
89.4		0.154122
89.5		0.154122
89.6		0.154122
89.7		0.154122
89.8		0.154122
89.9		0.154122
90		0.154122
90.1		0.154415
90.2		0.154415
90.3		0.154415
90.4		0.154415
90.5		0.154415
90.6		0.154415
90.7		0.154415
90.8		0.154415
90.9		0.154415
91		0.154415
91.1		0.157171
91.2		0.157171
91.3		0.157171
91.4		0.157171
91.5		0.157171
91.6		0.157171
91.7		0.157171
91.8		0.157171
91.9		0.157171
92		0.157171
92.1		0.158466
92.2		0.158466
92.3		0.158466
92.4		0.158466
92.5		0.158466
92.6		0.158466
92.7		0.158466
92.8		0.158466
92.9		0.158466
93		0.158466
93.1		0.158592
93.2		0.158592
93.3		0.158592
93.4		0.158592
93.5		0.158592
93.6		0.158592
93.7		0.158592
93.8		0.158592
93.9		0.158592
94		0.158592
94.1		0.163813
94.2		0.163813
94.3		0.163813
94.4		0.163813
94.5		0.163813
94.6		0.163813
94.7		0.163813
94.8		0.163813
94.9		0.163813
95		0.163813
95.1		0.164731
95.2		0.164731
95.3		0.164731
95.4		0.164731
95.5		0.164731
95.6		0.164731
95.7		0.164731
95.8		0.164731
95.9		0.164731
96		0.164731
96.1		0.165734
96.2		0.165734
96.3		0.165734
96.4		0.165734
96.5		0.165734
96.6		0.165734
96.7		0.165734
96.8		0.165734
96.9		0.165734
97		0.165734
97.1		0.167613
97.2		0.167613
97.3		0.167613
97.4		0.167613
97.5		0.167613
97.6		0.167613
97.7		0.167613
97.8		0.167613
97.9		0.167613
98		0.167613
98.1		0.172124
98.2		0.172124
98.3		0.172124
98.4		0.172124
98.5		0.172124
98.6		0.172124
98.7		0.172124
98.8		0.172124
98.9		0.172124
99		0.172124
99.1		0.17367
99.2		0.17367
99.3		0.17367
99.4		0.17367
99.5		0.17367
99.6		0.17367
99.7		0.17367
99.8		0.17367
99.9		0.17367
100		0.17367
100.1		0.174422
100.2		0.174422
100.3		0.174422
100.4		0.174422
100.5		0.174422
100.6		0.174422
100.7		0.174422
100.8		0.174422
100.9		0.174422
101		0.174422
101.1		0.17651
101.2		0.17651
101.3		0.17651
101.4		0.17651
101.5		0.17651
101.6		0.17651
101.7		0.17651
101.8		0.17651
101.9		0.17651
102		0.17651
102.1		0.179726
102.2		0.179726
102.3		0.179726
102.4		0.179726
102.5		0.179726
102.6		0.179726
102.7		0.179726
102.8		0.179726
102.9		0.179726
103		0.179726
103.1		0.180895
103.2		0.180895
103.3		0.180895
103.4		0.180895
103.5		0.180895
103.6		0.180895
103.7		0.180895
103.8		0.180895
103.9		0.180895
104		0.180895
104.1		0.182399
104.2		0.182399
104.3		0.182399
104.4		0.182399
104.5		0.182399
104.6		0.182399
104.7		0.182399
104.8		0.182399
104.9		0.182399
105		0.182399
105.1		0.184279
105.2		0.184279
105.3		0.184279
105.4		0.184279
105.5		0.184279
105.6		0.184279
105.7		0.184279
105.8		0.184279
105.9		0.184279
106		0.184279
106.1		0.187537
106.2		0.187537
106.3		0.187537
106.4		0.187537
106.5		0.187537
106.6		0.187537
106.7		0.187537
106.8		0.187537
106.9		0.187537
107		0.187537
107.1		0.189165
107.2		0.189165
107.3		0.189165
107.4		0.189165
107.5		0.189165
107.6		0.189165
107.7		0.189165
107.8		0.189165
107.9		0.189165
108		0.189165
108.1		0.189207
108.2		0.189207
108.3		0.189207
108.4		0.189207
108.5		0.189207
108.6		0.189207
108.7		0.189207
108.8		0.189207
108.9		0.189207
109		0.189207
109.1		0.192131
109.2		0.192131
109.3		0.192131
109.4		0.192131
109.5		0.192131
109.6		0.192131
109.7		0.192131
109.8		0.192131
109.9		0.192131
110		0.192131
110.1		0.196224
110.2		0.196224
110.3		0.196224
110.4		0.196224
110.5		0.196224
110.6		0.196224
110.7		0.196224
110.8		0.196224
110.9		0.196224
111		0.196224
111.1		0.19706
111.2		0.19706
111.3		0.19706
111.4		0.19706
111.5		0.19706
111.6		0.19706
111.7		0.19706
111.8		0.19706
111.9		0.19706
112		0.19706
112.1		0.200234
112.2		0.200234
112.3		0.200234
112.4		0.200234
112.5		0.200234
112.6		0.200234
112.7		0.200234
112.8		0.200234
112.9		0.200234
113		0.200234
113.1		0.201278
113.2		0.201278
113.3		0.201278
113.4		0.201278
113.5		0.201278
113.6		0.201278
113.7		0.201278
113.8		0.201278
113.9		0.201278
114		0.201278
114.1		0.203742
114.2		0.203742
114.3		0.203742
114.4		0.203742
114.5		0.203742
114.6		0.203742
114.7		0.203742
114.8		0.203742
114.9		0.203742
115		0.203742
115.1		0.206666
115.2		0.206666
115.3		0.206666
115.4		0.206666
115.5		0.206666
115.6		0.206666
115.7		0.206666
115.8		0.206666
115.9		0.206666
116		0.206666
116.1		0.206958
116.2		0.206958
116.3		0.206958
116.4		0.206958
116.5		0.206958
116.6		0.206958
116.7		0.206958
116.8		0.206958
116.9		0.206958
117		0.206958
117.1		0.210216
117.2		0.210216
117.3		0.210216
117.4		0.210216
117.5		0.210216
117.6		0.210216
117.7		0.210216
117.8		0.210216
117.9		0.210216
118		0.210216
118.1		0.210467
118.2		0.210467
118.3		0.210467
118.4		0.210467
118.5		0.210467
118.6		0.210467
118.7		0.210467
118.8		0.210467
118.9		0.210467
119		0.210467
119.1		0.2136
119.2		0.2136
119.3		0.2136
119.4		0.2136
119.5		0.2136
119.6		0.2136
119.7		0.2136
119.8		0.2136
119.9		0.2136
120		0.2136
120.1		0.21385
120.2		0.21385
120.3		0.21385
120.4		0.21385
120.5		0.21385
120.6		0.21385
120.7		0.21385
120.8		0.21385
120.9		0.21385
121		0.21385
121.1		0.217609
121.2		0.217609
121.3		0.217609
121.4		0.217609
121.5		0.217609
121.6		0.217609
121.7		0.217609
121.8		0.217609
121.9		0.217609
122		0.217609
122.1		0.219865
122.2		0.219865
122.3		0.219865
122.4		0.219865
122.5		0.219865
122.6		0.219865
122.7		0.219865
122.8		0.219865
122.9		0.219865
123		0.219865
123.1		0.220742
123.2		0.220742
123.3		0.220742
123.4		0.220742
123.5		0.220742
123.6		0.220742
123.7		0.220742
123.8		0.220742
123.9		0.220742
124		0.220742
124.1		0.226297
124.2		0.226297
124.3		0.226297
124.4		0.226297
124.5		0.226297
124.6		0.226297
124.7		0.226297
124.8		0.226297
124.9		0.226297
125		0.226297
125.1		0.226464
125.2		0.226464
125.3		0.226464
125.4		0.226464
125.5		0.226464
125.6		0.226464
125.7		0.226464
125.8		0.226464
125.9		0.226464
126		0.226464
126.1		0.229221
126.2		0.229221
126.3		0.229221
126.4		0.229221
126.5		0.229221
126.6		0.229221
126.7		0.229221
126.8		0.229221
126.9		0.229221
127		0.229221
127.1		0.231936
127.2		0.231936
127.3		0.231936
127.4		0.231936
127.5		0.231936
127.6		0.231936
127.7		0.231936
127.8		0.231936
127.9		0.231936
128		0.231936
128.1		0.232896
128.2		0.232896
128.3		0.232896
128.4		0.232896
128.5		0.232896
128.6		0.232896
128.7		0.232896
128.8		0.232896
128.9		0.232896
129		0.232896
129.1		0.233606
129.2		0.233606
129.3		0.233606
129.4		0.233606
129.5		0.233606
129.6		0.233606
129.7		0.233606
129.8		0.233606
129.9		0.233606
130		0.233606
130.1		0.236488
130.2		0.236488
130.3		0.236488
130.4		0.236488
130.5		0.236488
130.6		0.236488
130.7		0.236488
130.8		0.236488
130.9		0.236488
131		0.236488
131.1		0.238618
131.2		0.238618
131.3		0.238618
131.4		0.238618
131.5		0.238618
131.6		0.238618
131.7		0.238618
131.8		0.238618
131.9		0.238618
132		0.238618
132.1		0.239454
132.2		0.239454
132.3		0.239454
132.4		0.239454
132.5		0.239454
132.6		0.239454
132.7		0.239454
132.8		0.239454
132.9		0.239454
133		0.239454
133.1		0.242002
133.2		0.242002
133.3		0.242002
133.4		0.242002
133.5		0.242002
133.6		0.242002
133.7		0.242002
133.8		0.242002
133.9		0.242002
134		0.242002
134.1		0.242503
134.2		0.242503
134.3		0.242503
134.4		0.242503
134.5		0.242503
134.6		0.242503
134.7		0.242503
134.8		0.242503
134.9		0.242503
135		0.242503
135.1		0.244132
135.2		0.244132
135.3		0.244132
135.4		0.244132
135.5		0.244132
135.6		0.244132
135.7		0.244132
135.8		0.244132
135.9		0.244132
136		0.244132
136.1		0.249144
136.2		0.249144
136.3		0.249144
136.4		0.249144
136.5		0.249144
136.6		0.249144
136.7		0.249144
136.8		0.249144
136.9		0.249144
137		0.249144
137.1		0.249269
137.2		0.249269
137.3		0.249269
137.4		0.249269
137.5		0.249269
137.6		0.249269
137.7		0.249269
137.8		0.249269
137.9		0.249269
138		0.249269
138.1		0.25236
138.2		0.25236
138.3		0.25236
138.4		0.25236
138.5		0.25236
138.6		0.25236
138.7		0.25236
138.8		0.25236
138.9		0.25236
139		0.25236
139.1		0.253738
139.2		0.253738
139.3		0.253738
139.4		0.253738
139.5		0.253738
139.6		0.253738
139.7		0.253738
139.8		0.253738
139.9		0.253738
140		0.253738
140.1		0.257038
140.2		0.257038
140.3		0.257038
140.4		0.257038
140.5		0.257038
140.6		0.257038
140.7		0.257038
140.8		0.257038
140.9		0.257038
141		0.257038
141.1		0.257581
141.2		0.257581
141.3		0.257581
141.4		0.257581
141.5		0.257581
141.6		0.257581
141.7		0.257581
141.8		0.257581
141.9		0.257581
142		0.257581
142.1		0.260755
142.2		0.260755
142.3		0.260755
142.4		0.260755
142.5		0.260755
142.6		0.260755
142.7		0.260755
142.8		0.260755
142.9		0.260755
143		0.260755
143.1		0.26276
143.2		0.26276
143.3		0.26276
143.4		0.26276
143.5		0.26276
143.6		0.26276
143.7		0.26276
143.8		0.26276
143.9		0.26276
144		0.26276
144.1		0.264932
144.2		0.264932
144.3		0.264932
144.4		0.264932
144.5		0.264932
144.6		0.264932
144.7		0.264932
144.8		0.264932
144.9		0.264932
145		0.264932
145.1		0.266853
145.2		0.266853
145.3		0.266853
145.4		0.266853
145.5		0.266853
145.6		0.266853
145.7		0.266853
145.8		0.266853
145.9		0.266853
146		0.266853
146.1		0.26748
146.2		0.26748
146.3		0.26748
146.4		0.26748
146.5		0.26748
146.6		0.26748
146.7		0.26748
146.8		0.26748
146.9		0.26748
147		0.26748
147.1		0.268566
147.2		0.268566
147.3		0.268566
147.4		0.268566
147.5		0.268566
147.6		0.268566
147.7		0.268566
147.8		0.268566
147.9		0.268566
148		0.268566
148.1		0.274747
148.2		0.274747
148.3		0.274747
148.4		0.274747
148.5		0.274747
148.6		0.274747
148.7		0.274747
148.8		0.274747
148.9		0.274747
149		0.274747
149.1		0.276084
149.2		0.276084
149.3		0.276084
149.4		0.276084
149.5		0.276084
149.6		0.276084
149.7		0.276084
149.8		0.276084
149.9		0.276084
150		0.276084
150.1		0.277379
150.2		0.277379
150.3		0.277379
150.4		0.277379
150.5		0.277379
150.6		0.277379
150.7		0.277379
150.8		0.277379
150.9		0.277379
151		0.277379
151.1		0.277755
151.2		0.277755
151.3		0.277755
151.4		0.277755
151.5		0.277755
151.6		0.277755
151.7		0.277755
151.8		0.277755
151.9		0.277755
152		0.277755
152.1		0.281848
152.2		0.281848
152.3		0.281848
152.4		0.281848
152.5		0.281848
152.6		0.281848
152.7		0.281848
152.8		0.281848
152.9		0.281848
153		0.281848
153.1		0.285607
153.2		0.285607
153.3		0.285607
153.4		0.285607
153.5		0.285607
153.6		0.285607
153.7		0.285607
153.8		0.285607
153.9		0.285607
154		0.285607
154.1		0.285732
154.2		0.285732
154.3		0.285732
154.4		0.285732
154.5		0.285732
154.6		0.285732
154.7		0.285732
154.8		0.285732
154.9		0.285732
155		0.285732
155.1		0.288029
155.2		0.288029
155.3		0.288029
155.4		0.288029
155.5		0.288029
155.6		0.288029
155.7		0.288029
155.8		0.288029
155.9		0.288029
156		0.288029
156.1		0.288238
156.2		0.288238
156.3		0.288238
156.4		0.288238
156.5		0.288238
156.6		0.288238
156.7		0.288238
156.8		0.288238
156.9		0.288238
157		0.288238
157.1		0.290494
157.2		0.290494
157.3		0.290494
157.4		0.290494
157.5		0.290494
157.6		0.290494
157.7		0.290494
157.8		0.290494
157.9		0.290494
158		0.290494
158.1		0.294211
158.2		0.294211
158.3		0.294211
158.4		0.294211
158.5		0.294211
158.6		0.294211
158.7		0.294211
158.8		0.294211
158.9		0.294211
159		0.294211
159.1		0.295589
159.2		0.295589
159.3		0.295589
159.4		0.295589
159.5		0.295589
159.6		0.295589
159.7		0.295589
159.8		0.295589
159.9		0.295589
160		0.295589
160.1		0.296592
160.2		0.296592
160.3		0.296592
160.4		0.296592
160.5		0.296592
160.6		0.296592
160.7		0.296592
160.8		0.296592
160.9		0.296592
161		0.296592
161.1		0.298137
161.2		0.298137
161.3		0.298137
161.4		0.298137
161.5		0.298137
161.6		0.298137
161.7		0.298137
161.8		0.298137
161.9		0.298137
162		0.298137
162.1		0.302063
162.2		0.302063
162.3		0.302063
162.4		0.302063
162.5		0.302063
162.6		0.302063
162.7		0.302063
162.8		0.302063
162.9		0.302063
163		0.302063
163.1		0.304904
163.2		0.304904
163.3		0.304904
163.4		0.304904
163.5		0.304904
163.6		0.304904
163.7		0.304904
163.8		0.304904
163.9		0.304904
164		0.304904
164.1		0.305781
164.2		0.305781
164.3		0.305781
164.4		0.305781
164.5		0.305781
164.6		0.305781
164.7		0.305781
164.8		0.305781
164.9		0.305781
165		0.305781
165.1		0.307117
165.2		0.307117
165.3		0.307117
165.4		0.307117
165.5		0.307117
165.6		0.307117
165.7		0.307117
165.8		0.307117
165.9		0.307117
166		0.307117
166.1		0.309916
166.2		0.309916
166.3		0.309916
166.4		0.309916
166.5		0.309916
166.6		0.309916
166.7		0.309916
166.8		0.309916
166.9		0.309916
167		0.309916
167.1		0.3105
167.2		0.3105
167.3		0.3105
167.4		0.3105
167.5		0.3105
167.6		0.3105
167.7		0.3105
167.8		0.3105
167.9		0.3105
168		0.3105
168.1		0.311962
168.2		0.311962
168.3		0.311962
168.4		0.311962
168.5		0.311962
168.6		0.311962
168.7		0.311962
168.8		0.311962
168.9		0.311962
169		0.311962
169.1		0.314594
169.2		0.314594
169.3		0.314594
169.4		0.314594
169.5		0.314594
169.6		0.314594
169.7		0.314594
169.8		0.314594
169.9		0.314594
170		0.314594
170.1		0.317851
170.2		0.317851
170.3		0.317851
170.4		0.317851
170.5		0.317851
170.6		0.317851
170.7		0.317851
170.8		0.317851
170.9		0.317851
171		0.317851
171.1		0.318562
171.2		0.318562
171.3		0.318562
171.4		0.318562
171.5		0.318562
171.6		0.318562
171.7		0.318562
171.8		0.318562
171.9		0.318562
172		0.318562
172.1		0.318729
172.2		0.318729
172.3		0.318729
172.4		0.318729
172.5		0.318729
172.6		0.318729
172.7		0.318729
172.8		0.318729
172.9		0.318729
173		0.318729
173.1		0.319564
173.2		0.319564
173.3		0.319564
173.4		0.319564
173.5		0.319564
173.6		0.319564
173.7		0.319564
173.8		0.319564
173.9		0.319564
174		0.319564
174.1		0.324701
174.2		0.324701
174.3		0.324701
174.4		0.324701
174.5		0.324701
174.6		0.324701
174.7		0.324701
174.8		0.324701
174.9		0.324701
175		0.324701
175.1		0.32917
175.2		0.32917
175.3		0.32917
175.4		0.32917
175.5		0.32917
175.6		0.32917
175.7		0.32917
175.8		0.32917
175.9		0.32917
176		0.32917
176.1		0.330465
176.2		0.330465
176.3		0.330465
176.4		0.330465
176.5		0.330465
176.6		0.330465
176.7		0.330465
176.8		0.330465
176.9		0.330465
177		0.330465
177.1		0.330674
177.2		0.330674
177.3		0.330674
177.4		0.330674
177.5		0.330674
177.6		0.330674
177.7		0.330674
177.8		0.330674
177.9		0.330674
178		0.330674
178.1		0.333305
178.2		0.333305
178.3		0.333305
178.4		0.333305
178.5		0.333305
178.6		0.333305
178.7		0.333305
178.8		0.333305
178.9		0.333305
179		0.333305
179.1		0.33648
179.2		0.33648
179.3		0.33648
179.4		0.33648
179.5		0.33648
179.6		0.33648
179.7		0.33648
179.8		0.33648
179.9		0.33648
180		0.33648
180.1		0.336647
180.2		0.336647
180.3		0.336647
180.4		0.336647
180.5		0.336647
180.6		0.336647
180.7		0.336647
180.8		0.336647
180.9		0.336647
181		0.336647
181.1		0.340824
181.2		0.340824
181.3		0.340824
181.4		0.340824
181.5		0.340824
181.6		0.340824
181.7		0.340824
181.8		0.340824
181.9		0.340824
182		0.340824
182.1		0.342077
182.2		0.342077
182.3		0.342077
182.4		0.342077
182.5		0.342077
182.6		0.342077
182.7		0.342077
182.8		0.342077
182.9		0.342077
183		0.342077
183.1		0.345502
183.2		0.345502
183.3		0.345502
183.4		0.345502
183.5		0.345502
183.6		0.345502
183.7		0.345502
183.8		0.345502
183.9		0.345502
184		0.345502
184.1		0.347674
184.2		0.347674
184.3		0.347674
184.4		0.347674
184.5		0.347674
184.6		0.347674
184.7		0.347674
184.8		0.347674
184.9		0.347674
185		0.347674
185.1		0.349511
185.2		0.349511
185.3		0.349511
185.4		0.349511
185.5		0.349511
185.6		0.349511
185.7		0.349511
185.8		0.349511
185.9		0.349511
186		0.349511
186.1		0.35018
186.2		0.35018
186.3		0.35018
186.4		0.35018
186.5		0.35018
186.6		0.35018
186.7		0.35018
186.8		0.35018
186.9		0.35018
187		0.35018
187.1		0.355108
187.2		0.355108
187.3		0.355108
187.4		0.355108
187.5		0.355108
187.6		0.355108
187.7		0.355108
187.8		0.355108
187.9		0.355108
188		0.355108
188.1		0.35774
188.2		0.35774
188.3		0.35774
188.4		0.35774
188.5		0.35774
188.6		0.35774
188.7		0.35774
188.8		0.35774
188.9		0.35774
189		0.35774
189.1		0.35916
189.2		0.35916
189.3		0.35916
189.4		0.35916
189.5		0.35916
189.6		0.35916
189.7		0.35916
189.8		0.35916
189.9		0.35916
190		0.35916
190.1		0.359452
190.2		0.359452
190.3		0.359452
190.4		0.359452
190.5		0.359452
190.6		0.359452
190.7		0.359452
190.8		0.359452
190.9		0.359452
191		0.359452
191.1		0.359744
191.2		0.359744
191.3		0.359744
191.4		0.359744
191.5		0.359744
191.6		0.359744
191.7		0.359744
191.8		0.359744
191.9		0.359744
192		0.359744
192.1		0.365675
192.2		0.365675
192.3		0.365675
192.4		0.365675
192.5		0.365675
192.6		0.365675
192.7		0.365675
192.8		0.365675
192.9		0.365675
193		0.365675
193.1		0.36814
193.2		0.36814
193.3		0.36814
193.4		0.36814
193.5		0.36814
193.6		0.36814
193.7		0.36814
193.8		0.36814
193.9		0.36814
194		0.36814
194.1		0.369518
194.2		0.369518
194.3		0.369518
194.4		0.369518
194.5		0.369518
194.6		0.369518
194.7		0.369518
194.8		0.369518
194.9		0.369518
195		0.369518
195.1		0.370103
195.2		0.370103
195.3		0.370103
195.4		0.370103
195.5		0.370103
195.6		0.370103
195.7		0.370103
195.8		0.370103
195.9		0.370103
196		0.370103
196.1		0.375324
196.2		0.375324
196.3		0.375324
196.4		0.375324
196.5		0.375324
196.6		0.375324
196.7		0.375324
196.8		0.375324
196.9		0.375324
197		0.375324
197.1		0.37737
197.2		0.37737
197.3		0.37737
197.4		0.37737
197.5		0.37737
197.6		0.37737
197.7		0.37737
197.8		0.37737
197.9		0.37737
198		0.37737
198.1		0.378289
198.2		0.378289
198.3		0.378289
198.4		0.378289
198.5		0.378289
198.6		0.378289
198.7		0.378289
198.8		0.378289
198.9		0.378289
199		0.378289
199.1		0.378415
199.2		0.378415
199.3		0.378415
199.4		0.378415
199.5		0.378415
199.6		0.378415
199.7		0.378415
199.8		0.378415
199.9		0.378415
200		0.378415
200.1		0.38493
200.2		0.38493
200.3		0.38493
200.4		0.38493
200.5		0.38493
200.6		0.38493
200.7		0.38493
200.8		0.38493
200.9		0.38493
201		0.38493
201.1		0.386726
201.2		0.386726
201.3		0.386726
201.4		0.386726
201.5		0.386726
201.6		0.386726
201.7		0.386726
201.8		0.386726
201.9		0.386726
202		0.386726
202.1		0.387311
202.2		0.387311
202.3		0.387311
202.4		0.387311
202.5		0.387311
202.6		0.387311
202.7		0.387311
202.8		0.387311
202.9		0.387311
203		0.387311
203.1		0.38752
203.2		0.38752
203.3		0.38752
203.4		0.38752
203.5		0.38752
203.6		0.38752
203.7		0.38752
203.8		0.38752
203.9		0.38752
204		0.38752
204.1		0.393117
204.2		0.393117
204.3		0.393117
204.4		0.393117
204.5		0.393117
204.6		0.393117
204.7		0.393117
204.8		0.393117
204.9		0.393117
205		0.393117
205.1		0.393743
205.2		0.393743
205.3		0.393743
205.4		0.393743
205.5		0.393743
205.6		0.393743
205.7		0.393743
205.8		0.393743
205.9		0.393743
206		0.393743
206.1		0.394871
206.2		0.394871
206.3		0.394871
206.4		0.394871
206.5		0.394871
206.6		0.394871
206.7		0.394871
206.8		0.394871
206.9		0.394871
207		0.394871
207.1		0.3965
207.2		0.3965
207.3		0.3965
207.4		0.3965
207.5		0.3965
207.6		0.3965
207.7		0.3965
207.8		0.3965
207.9		0.3965
208		0.3965
208.1		0.398087
208.2		0.398087
208.3		0.398087
208.4		0.398087
208.5		0.398087
208.6		0.398087
208.7		0.398087
208.8		0.398087
208.9		0.398087
209		0.398087
209.1		0.400927
209.2		0.400927
209.3		0.400927
209.4		0.400927
209.5		0.400927
209.6		0.400927
209.7		0.400927
209.8		0.400927
209.9		0.400927
210		0.400927
210.1		0.401011
210.2		0.401011
210.3		0.401011
210.4		0.401011
210.5		0.401011
210.6		0.401011
210.7		0.401011
210.8		0.401011
210.9		0.401011
211		0.401011
211.1		0.401679
211.2		0.401679
211.3		0.401679
211.4		0.401679
211.5		0.401679
211.6		0.401679
211.7		0.401679
211.8		0.401679
211.9		0.401679
212		0.401679
212.1		0.409114
212.2		0.409114
212.3		0.409114
212.4		0.409114
212.5		0.409114
212.6		0.409114
212.7		0.409114
212.8		0.409114
212.9		0.409114
213		0.409114
213.1		0.409197
213.2		0.409197
213.3		0.409197
213.4		0.409197
213.5		0.409197
213.6		0.409197
213.7		0.409197
213.8		0.409197
213.9		0.409197
214		0.409197
214.1		0.412121
214.2		0.412121
214.3		0.412121
214.4		0.412121
214.5		0.412121
214.6		0.412121
214.7		0.412121
214.8		0.412121
214.9		0.412121
215		0.412121
215.1		0.412497
215.2		0.412497
215.3		0.412497
215.4		0.412497
215.5		0.412497
215.6		0.412497
215.7		0.412497
215.8		0.412497
215.9		0.412497
216		0.412497
216.1		0.417384
216.2		0.417384
216.3		0.417384
216.4		0.417384
216.5		0.417384
216.6		0.417384
216.7		0.417384
216.8		0.417384
216.9		0.417384
217		0.417384
217.1		0.418219
217.2		0.418219
217.3		0.418219
217.4		0.418219
217.5		0.418219
217.6		0.418219
217.7		0.418219
217.8		0.418219
217.9		0.418219
218		0.418219
218.1		0.420307
218.2		0.420307
218.3		0.420307
218.4		0.420307
218.5		0.420307
218.6		0.420307
218.7		0.420307
218.8		0.420307
218.9		0.420307
219		0.420307
219.1		0.422981
219.2		0.422981
219.3		0.422981
219.4		0.422981
219.5		0.422981
219.6		0.422981
219.7		0.422981
219.8		0.422981
219.9		0.422981
220		0.422981
220.1		0.423106
220.2		0.423106
220.3		0.423106
220.4		0.423106
220.5		0.423106
220.6		0.423106
220.7		0.423106
220.8		0.423106
220.9		0.423106
221		0.423106
221.1		0.427366
221.2		0.427366
221.3		0.427366
221.4		0.427366
221.5		0.427366
221.6		0.427366
221.7		0.427366
221.8		0.427366
221.9		0.427366
222		0.427366
222.1		0.428243
222.2		0.428243
222.3		0.428243
222.4		0.428243
222.5		0.428243
222.6		0.428243
222.7		0.428243
222.8		0.428243
222.9		0.428243
223		0.428243
223.1		0.429162
223.2		0.429162
223.3		0.429162
223.4		0.429162
223.5		0.429162
223.6		0.429162
223.7		0.429162
223.8		0.429162
223.9		0.429162
224		0.429162
224.1		0.430582
224.2		0.430582
224.3		0.430582
224.4		0.430582
224.5		0.430582
224.6		0.430582
224.7		0.430582
224.8		0.430582
224.9		0.430582
225		0.430582
225.1		0.433757
225.2		0.433757
225.3		0.433757
225.4		0.433757
225.5		0.433757
225.6		0.433757
225.7		0.433757
225.8		0.433757
225.9		0.433757
226		0.433757
226.1		0.436096
226.2		0.436096
226.3		0.436096
226.4		0.436096
226.5		0.436096
226.6		0.436096
226.7		0.436096
226.8		0.436096
226.9		0.436096
227		0.436096
227.1		0.437975
227.2		0.437975
227.3		0.437975
227.4		0.437975
227.5		0.437975
227.6		0.437975
227.7		0.437975
227.8		0.437975
227.9		0.437975
228		0.437975
228.1		0.438894
228.2		0.438894
228.3		0.438894
228.4		0.438894
228.5		0.438894
228.6		0.438894
228.7		0.438894
228.8		0.438894
228.9		0.438894
229		0.438894
229.1		0.441776
229.2		0.441776
229.3		0.441776
229.4		0.441776
229.5		0.441776
229.6		0.441776
229.7		0.441776
229.8		0.441776
229.9		0.441776
230		0.441776
230.1		0.444282
230.2		0.444282
230.3		0.444282
230.4		0.444282
230.5		0.444282
230.6		0.444282
230.7		0.444282
230.8		0.444282
230.9		0.444282
231		0.444282
231.1		0.444491
231.2		0.444491
231.3		0.444491
231.4		0.444491
231.5		0.444491
231.6		0.444491
231.7		0.444491
231.8		0.444491
231.9		0.444491
232		0.444491
232.1		0.447498
232.2		0.447498
232.3		0.447498
232.4		0.447498
232.5		0.447498
232.6		0.447498
232.7		0.447498
232.8		0.447498
232.9		0.447498
233		0.447498
233.1		0.451633
233.2		0.451633
233.3		0.451633
233.4		0.451633
233.5		0.451633
233.6		0.451633
233.7		0.451633
233.8		0.451633
233.9		0.451633
234		0.451633
234.1		0.453471
234.2		0.453471
234.3		0.453471
234.4		0.453471
234.5		0.453471
234.6		0.453471
234.7		0.453471
234.8		0.453471
234.9		0.453471
235		0.453471
235.1		0.454181
235.2		0.454181
235.3		0.454181
235.4		0.454181
235.5		0.454181
235.6		0.454181
235.7		0.454181
235.8		0.454181
235.9		0.454181
236		0.454181
236.1		0.45464
236.2		0.45464
236.3		0.45464
236.4		0.45464
236.5		0.45464
236.6		0.45464
236.7		0.45464
236.8		0.45464
236.9		0.45464
237		0.45464
237.1		0.455643
237.2		0.455643
237.3		0.455643
237.4		0.455643
237.5		0.455643
237.6		0.455643
237.7		0.455643
237.8		0.455643
237.9		0.455643
238		0.455643
238.1		0.464999
238.2		0.464999
238.3		0.464999
238.4		0.464999
238.5		0.464999
238.6		0.464999
238.7		0.464999
238.8		0.464999
238.9		0.464999
239		0.464999
239.1		0.466168
239.2		0.466168
239.3		0.466168
239.4		0.466168
239.5		0.466168
239.6		0.466168
239.7		0.466168
239.8		0.466168
239.9		0.466168
240		0.466168
240.1		0.467254
240.2		0.467254
240.3		0.467254
240.4		0.467254
240.5		0.467254
240.6		0.467254
240.7		0.467254
240.8		0.467254
240.9		0.467254
241		0.467254
241.1		0.469551
241.2		0.469551
241.3		0.469551
241.4		0.469551
241.5		0.469551
241.6		0.469551
241.7		0.469551
241.8		0.469551
241.9		0.469551
242		0.469551
242.1		0.470763
242.2		0.470763
242.3		0.470763
242.4		0.470763
242.5		0.470763
242.6		0.470763
242.7		0.470763
242.8		0.470763
242.9		0.470763
243		0.470763
243.1		0.477028
243.2		0.477028
243.3		0.477028
243.4		0.477028
243.5		0.477028
243.6		0.477028
243.7		0.477028
243.8		0.477028
243.9		0.477028
244		0.477028
244.1		0.478364
244.2		0.478364
244.3		0.478364
244.4		0.478364
244.5		0.478364
244.6		0.478364
244.7		0.478364
244.8		0.478364
244.9		0.478364
245		0.478364
245.1		0.478824
245.2		0.478824
245.3		0.478824
245.4		0.478824
245.5		0.478824
245.6		0.478824
245.7		0.478824
245.8		0.478824
245.9		0.478824
246		0.478824
246.1		0.481288
246.2		0.481288
246.3		0.481288
246.4		0.481288
246.5		0.481288
246.6		0.481288
246.7		0.481288
246.8		0.481288
246.9		0.481288
247		0.481288
247.1		0.481789
247.2		0.481789
247.3		0.481789
247.4		0.481789
247.5		0.481789
247.6		0.481789
247.7		0.481789
247.8		0.481789
247.9		0.481789
248		0.481789
248.1		0.485715
248.2		0.485715
248.3		0.485715
248.4		0.485715
248.5		0.485715
248.6		0.485715
248.7		0.485715
248.8		0.485715
248.9		0.485715
249		0.485715
249.1		0.488472
249.2		0.488472
249.3		0.488472
249.4		0.488472
249.5		0.488472
249.6		0.488472
249.7		0.488472
249.8		0.488472
249.9		0.488472
250		0.488472
250.1		0.491563
250.2		0.491563
250.3		0.491563
250.4		0.491563
250.5		0.491563
250.6		0.491563
250.7		0.491563
250.8		0.491563
250.9		0.491563
251		0.491563
251.1		0.492983
251.2		0.492983
251.3		0.492983
251.4		0.492983
251.5		0.492983
251.6		0.492983
251.7		0.492983
251.8		0.492983
251.9		0.492983
252		0.492983
252.1		0.49528
252.2		0.49528
252.3		0.49528
252.4		0.49528
252.5		0.49528
252.6		0.49528
252.7		0.49528
252.8		0.49528
252.9		0.49528
253		0.49528
253.1		0.496826
253.2		0.496826
253.3		0.496826
253.4		0.496826
253.5		0.496826
253.6		0.496826
253.7		0.496826
253.8		0.496826
253.9		0.496826
254		0.496826
254.1		0.496909
254.2		0.496909
254.3		0.496909
254.4		0.496909
254.5		0.496909
254.6		0.496909
254.7		0.496909
254.8		0.496909
254.9		0.496909
255		0.496909
255.1		0.501253
255.2		0.501253
255.3		0.501253
255.4		0.501253
255.5		0.501253
255.6		0.501253
255.7		0.501253
255.8		0.501253
255.9		0.501253
256		0.501253
256.1		0.502924
256.2		0.502924
256.3		0.502924
256.4		0.502924
256.5		0.502924
256.6		0.502924
256.7		0.502924
256.8		0.502924
256.9		0.502924
257		0.502924
257.1		0.503091
257.2		0.503091
257.3		0.503091
257.4		0.503091
257.5		0.503091
257.6		0.503091
257.7		0.503091
257.8		0.503091
257.9		0.503091
258		0.503091
258.1		0.504427
258.2		0.504427
258.3		0.504427
258.4		0.504427
258.5		0.504427
258.6		0.504427
258.7		0.504427
258.8		0.504427
258.9		0.504427
259		0.504427
259.1		0.507852
259.2		0.507852
259.3		0.507852
259.4		0.507852
259.5		0.507852
259.6		0.507852
259.7		0.507852
259.8		0.507852
259.9		0.507852
260		0.507852
260.1		0.511319
260.2		0.511319
260.3		0.511319
260.4		0.511319
260.5		0.511319
260.6		0.511319
260.7		0.511319
260.8		0.511319
260.9		0.511319
261		0.511319
261.1		0.511361
261.2		0.511361
261.3		0.511361
261.4		0.511361
261.5		0.511361
261.6		0.511361
261.7		0.511361
261.8		0.511361
261.9		0.511361
262		0.511361
262.1		0.513449
262.2		0.513449
262.3		0.513449
262.4		0.513449
262.5		0.513449
262.6		0.513449
262.7		0.513449
262.8		0.513449
262.9		0.513449
263		0.513449
263.1		0.513491
263.2		0.513491
263.3		0.513491
263.4		0.513491
263.5		0.513491
263.6		0.513491
263.7		0.513491
263.8		0.513491
263.9		0.513491
264		0.513491
264.1		0.519046
264.2		0.519046
264.3		0.519046
264.4		0.519046
264.5		0.519046
264.6		0.519046
264.7		0.519046
264.8		0.519046
264.9		0.519046
265		0.519046
265.1		0.523056
265.2		0.523056
265.3		0.523056
265.4		0.523056
265.5		0.523056
265.6		0.523056
265.7		0.523056
265.8		0.523056
265.9		0.523056
266		0.523056
266.1		0.523223
266.2		0.523223
266.3		0.523223
266.4		0.523223
266.5		0.523223
266.6		0.523223
266.7		0.523223
266.8		0.523223
266.9		0.523223
267		0.523223
267.1		0.523348
267.2		0.523348
267.3		0.523348
267.4		0.523348
267.5		0.523348
267.6		0.523348
267.7		0.523348
267.8		0.523348
267.9		0.523348
268		0.523348
268.1		0.529697
268.2		0.529697
268.3		0.529697
268.4		0.529697
268.5		0.529697
268.6		0.529697
268.7		0.529697
268.8		0.529697
268.9		0.529697
269		0.529697
269.1		0.53024
269.2		0.53024
269.3		0.53024
269.4		0.53024
269.5		0.53024
269.6		0.53024
269.7		0.53024
269.8		0.53024
269.9		0.53024
270		0.53024
270.1		0.531242
270.2		0.531242
270.3		0.531242
270.4		0.531242
270.5		0.531242
270.6		0.531242
270.7		0.531242
270.8		0.531242
270.9		0.531242
271		0.531242
271.1		0.536087
271.2		0.536087
271.3		0.536087
271.4		0.536087
271.5		0.536087
271.6		0.536087
271.7		0.536087
271.8		0.536087
271.9		0.536087
272		0.536087
272.1		0.536755
272.2		0.536755
272.3		0.536755
272.4		0.536755
272.5		0.536755
272.6		0.536755
272.7		0.536755
272.8		0.536755
272.9		0.536755
273		0.536755
273.1		0.540222
273.2		0.540222
273.3		0.540222
273.4		0.540222
273.5		0.540222
273.6		0.540222
273.7		0.540222
273.8		0.540222
273.9		0.540222
274		0.540222
274.1		0.541099
274.2		0.541099
274.3		0.541099
274.4		0.541099
274.5		0.541099
274.6		0.541099
274.7		0.541099
274.8		0.541099
274.9		0.541099
275		0.541099
275.1		0.541768
275.2		0.541768
275.3		0.541768
275.4		0.541768
275.5		0.541768
275.6		0.541768
275.7		0.541768
275.8		0.541768
275.9		0.541768
276		0.541768
276.1		0.543062
276.2		0.543062
276.3		0.543062
276.4		0.543062
276.5		0.543062
276.6		0.543062
276.7		0.543062
276.8		0.543062
276.9		0.543062
277		0.543062
277.1		0.546279
277.2		0.546279
277.3		0.546279
277.4		0.546279
277.5		0.546279
277.6		0.546279
277.7		0.546279
277.8		0.546279
277.9		0.546279
278		0.546279
278.1		0.550664
278.2		0.550664
278.3		0.550664
278.4		0.550664
278.5		0.550664
278.6		0.550664
278.7		0.550664
278.8		0.550664
278.9		0.550664
279		0.550664
279.1		0.552502
279.2		0.552502
279.3		0.552502
279.4		0.552502
279.5		0.552502
279.6		0.552502
279.7		0.552502
279.8		0.552502
279.9		0.552502
280		0.552502
280.1		0.552794
280.2		0.552794
280.3		0.552794
280.4		0.552794
280.5		0.552794
280.6		0.552794
280.7		0.552794
280.8		0.552794
280.9		0.552794
281		0.552794
281.1		0.553337
281.2		0.553337
281.3		0.553337
281.4		0.553337
281.5		0.553337
281.6		0.553337
281.7		0.553337
281.8		0.553337
281.9		0.553337
282		0.553337
282.1		0.556846
282.2		0.556846
282.3		0.556846
282.4		0.556846
282.5		0.556846
282.6		0.556846
282.7		0.556846
282.8		0.556846
282.9		0.556846
283		0.556846
283.1		0.562568
283.2		0.562568
283.3		0.562568
283.4		0.562568
283.5		0.562568
283.6		0.562568
283.7		0.562568
283.8		0.562568
283.9		0.562568
284		0.562568
284.1		0.564447
284.2		0.564447
284.3		0.564447
284.4		0.564447
284.5		0.564447
284.6		0.564447
284.7		0.564447
284.8		0.564447
284.9		0.564447
285		0.564447
285.1		0.5657
285.2		0.5657
285.3		0.5657
285.4		0.5657
285.5		0.5657
285.6		0.5657
285.7		0.5657
285.8		0.5657
285.9		0.5657
286		0.5657
286.1		0.567538
286.2		0.567538
286.3		0.567538
286.4		0.567538
286.5		0.567538
286.6		0.567538
286.7		0.567538
286.8		0.567538
286.9		0.567538
287		0.567538
287.1		0.567872
287.2		0.567872
287.3		0.567872
287.4		0.567872
287.5		0.567872
287.6		0.567872
287.7		0.567872
287.8		0.567872
287.9		0.567872
288		0.567872
288.1		0.571005
288.2		0.571005
288.3		0.571005
288.4		0.571005
288.5		0.571005
288.6		0.571005
288.7		0.571005
288.8		0.571005
288.9		0.571005
289		0.571005
289.1		0.57798
289.2		0.57798
289.3		0.57798
289.4		0.57798
289.5		0.57798
289.6		0.57798
289.7		0.57798
289.8		0.57798
289.9		0.57798
290		0.57798
290.1		0.578565
290.2		0.578565
290.3		0.578565
290.4		0.578565
290.5		0.578565
290.6		0.578565
290.7		0.578565
290.8		0.578565
290.9		0.578565
291		0.578565
291.1		0.580611
291.2		0.580611
291.3		0.580611
291.4		0.580611
291.5		0.580611
291.6		0.580611
291.7		0.580611
291.8		0.580611
291.9		0.580611
292		0.580611
292.1		0.582199
292.2		0.582199
292.3		0.582199
292.4		0.582199
292.5		0.582199
292.6		0.582199
292.7		0.582199
292.8		0.582199
292.9		0.582199
293		0.582199
293.1		0.582491
293.2		0.582491
293.3		0.582491
293.4		0.582491
293.5		0.582491
293.6		0.582491
293.7		0.582491
293.8		0.582491
293.9		0.582491
294		0.582491
294.1		0.583159
294.2		0.583159
294.3		0.583159
294.4		0.583159
294.5		0.583159
294.6		0.583159
294.7		0.583159
294.8		0.583159
294.9		0.583159
295		0.583159
295.1		0.590677
295.2		0.590677
295.3		0.590677
295.4		0.590677
295.5		0.590677
295.6		0.590677
295.7		0.590677
295.8		0.590677
295.9		0.590677
296		0.590677
296.1		0.590803
296.2		0.590803
296.3		0.590803
296.4		0.590803
296.5		0.590803
296.6		0.590803
296.7		0.590803
296.8		0.590803
296.9		0.590803
297		0.590803
297.1		0.593267
297.2		0.593267
297.3		0.593267
297.4		0.593267
297.5		0.593267
297.6		0.593267
297.7		0.593267
297.8		0.593267
297.9		0.593267
298		0.593267
298.1		0.593894
298.2		0.593894
298.3		0.593894
298.4		0.593894
298.5		0.593894
298.6		0.593894
298.7		0.593894
298.8		0.593894
298.9		0.593894
299		0.593894
299.1		0.600117
299.2		0.600117
299.3		0.600117
299.4		0.600117
299.5		0.600117
299.6		0.600117
299.7		0.600117
299.8		0.600117
299.9		0.600117
300		0.600117
300.1		0.603709
300.2		0.603709
300.3		0.603709
300.4		0.603709
300.5		0.603709
300.6		0.603709
300.7		0.603709
300.8		0.603709
300.9		0.603709
301		0.603709
301.1		0.605672
301.2		0.605672
301.3		0.605672
301.4		0.605672
301.5		0.605672
301.6		0.605672
301.7		0.605672
301.8		0.605672
301.9		0.605672
302		0.605672
302.1		0.608345
302.2		0.608345
302.3		0.608345
302.4		0.608345
302.5		0.608345
302.6		0.608345
302.7		0.608345
302.8		0.608345
302.9		0.608345
303		0.608345
303.1		0.609932
303.2		0.609932
303.3		0.609932
303.4		0.609932
303.5		0.609932
303.6		0.609932
303.7		0.609932
303.8		0.609932
303.9		0.609932
304		0.609932
304.1		0.610099
304.2		0.610099
304.3		0.610099
304.4		0.610099
304.5		0.610099
304.6		0.610099
304.7		0.610099
304.8		0.610099
304.9		0.610099
305		0.610099
305.1		0.614067
305.2		0.614067
305.3		0.614067
305.4		0.614067
305.5		0.614067
305.6		0.614067
305.7		0.614067
305.8		0.614067
305.9		0.614067
306		0.614067
306.1		0.615989
306.2		0.615989
306.3		0.615989
306.4		0.615989
306.5		0.615989
306.6		0.615989
306.7		0.615989
306.8		0.615989
306.9		0.615989
307		0.615989
307.1		0.617116
307.2		0.617116
307.3		0.617116
307.4		0.617116
307.5		0.617116
307.6		0.617116
307.7		0.617116
307.8		0.617116
307.9		0.617116
308		0.617116
308.1		0.619205
308.2		0.619205
308.3		0.619205
308.4		0.619205
308.5		0.619205
308.6		0.619205
308.7		0.619205
308.8		0.619205
308.9		0.619205
309		0.619205
309.1		0.619831
309.2		0.619831
309.3		0.619831
309.4		0.619831
309.5		0.619831
309.6		0.619831
309.7		0.619831
309.8		0.619831
309.9		0.619831
310		0.619831
310.1		0.623089
310.2		0.623089
310.3		0.623089
310.4		0.623089
310.5		0.623089
310.6		0.623089
310.7		0.623089
310.8		0.623089
310.9		0.623089
311		0.623089
311.1		0.627099
311.2		0.627099
311.3		0.627099
311.4		0.627099
311.5		0.627099
311.6		0.627099
311.7		0.627099
311.8		0.627099
311.9		0.627099
312		0.627099
312.1		0.628686
312.2		0.628686
312.3		0.628686
312.4		0.628686
312.5		0.628686
312.6		0.628686
312.7		0.628686
312.8		0.628686
312.9		0.628686
313		0.628686
313.1		0.629104
313.2		0.629104
313.3		0.629104
313.4		0.629104
313.5		0.629104
313.6		0.629104
313.7		0.629104
313.8		0.629104
313.9		0.629104
314		0.629104
314.1		0.629396
314.2		0.629396
314.3		0.629396
314.4		0.629396
314.5		0.629396
314.6		0.629396
314.7		0.629396
314.8		0.629396
314.9		0.629396
315		0.629396
315.1		0.633489
315.2		0.633489
315.3		0.633489
315.4		0.633489
315.5		0.633489
315.6		0.633489
315.7		0.633489
315.8		0.633489
315.9		0.633489
316		0.633489
316.1		0.636121
316.2		0.636121
316.3		0.636121
316.4		0.636121
316.5		0.636121
316.6		0.636121
316.7		0.636121
316.8		0.636121
316.9		0.636121
317		0.636121
317.1		0.639921
317.2		0.639921
317.3		0.639921
317.4		0.639921
317.5		0.639921
317.6		0.639921
317.7		0.639921
317.8		0.639921
317.9		0.639921
318		0.639921
318.1		0.640673
318.2		0.640673
318.3		0.640673
318.4		0.640673
318.5		0.640673
318.6		0.640673
318.7		0.640673
318.8		0.640673
318.9		0.640673
319		0.640673
319.1		0.640882
319.2		0.640882
319.3		0.640882
319.4		0.640882
319.5		0.640882
319.6		0.640882
319.7		0.640882
319.8		0.640882
319.9		0.640882
320		0.640882
320.1		0.646479
320.2		0.646479
320.3		0.646479
320.4		0.646479
320.5		0.646479
320.6		0.646479
320.7		0.646479
320.8		0.646479
320.9		0.646479
321		0.646479
321.1		0.646855
321.2		0.646855
321.3		0.646855
321.4		0.646855
321.5		0.646855
321.6		0.646855
321.7		0.646855
321.8		0.646855
321.9		0.646855
322		0.646855
322.1		0.647106
322.2		0.647106
322.3		0.647106
322.4		0.647106
322.5		0.647106
322.6		0.647106
322.7		0.647106
322.8		0.647106
322.9		0.647106
323		0.647106
323.1		0.65053
323.2		0.65053
323.3		0.65053
323.4		0.65053
323.5		0.65053
323.6		0.65053
323.7		0.65053
323.8		0.65053
323.9		0.65053
324		0.65053
324.1		0.655167
324.2		0.655167
324.3		0.655167
324.4		0.655167
324.5		0.655167
324.6		0.655167
324.7		0.655167
324.8		0.655167
324.9		0.655167
325		0.655167
325.1		0.655501
325.2		0.655501
325.3		0.655501
325.4		0.655501
325.5		0.655501
325.6		0.655501
325.7		0.655501
325.8		0.655501
325.9		0.655501
326		0.655501
326.1		0.656545
326.2		0.656545
326.3		0.656545
326.4		0.656545
326.5		0.656545
326.6		0.656545
326.7		0.656545
326.8		0.656545
326.9		0.656545
327		0.656545
327.1		0.657506
327.2		0.657506
327.3		0.657506
327.4		0.657506
327.5		0.657506
327.6		0.657506
327.7		0.657506
327.8		0.657506
327.9		0.657506
328		0.657506
328.1		0.661849
328.2		0.661849
328.3		0.661849
328.4		0.661849
328.5		0.661849
328.6		0.661849
328.7		0.661849
328.8		0.661849
328.9		0.661849
329		0.661849
329.1		0.66327
329.2		0.66327
329.3		0.66327
329.4		0.66327
329.5		0.66327
329.6		0.66327
329.7		0.66327
329.8		0.66327
329.9		0.66327
330		0.66327
330.1		0.665859
330.2		0.665859
330.3		0.665859
330.4		0.665859
330.5		0.665859
330.6		0.665859
330.7		0.665859
330.8		0.665859
330.9		0.665859
331		0.665859
331.1		0.666193
331.2		0.666193
331.3		0.666193
331.4		0.666193
331.5		0.666193
331.6		0.666193
331.7		0.666193
331.8		0.666193
331.9		0.666193
332		0.666193
332.1		0.671331
332.2		0.671331
332.3		0.671331
332.4		0.671331
332.5		0.671331
332.6		0.671331
332.7		0.671331
332.8		0.671331
332.9		0.671331
333		0.671331
333.1		0.673085
333.2		0.673085
333.3		0.673085
333.4		0.673085
333.5		0.673085
333.6		0.673085
333.7		0.673085
333.8		0.673085
333.9		0.673085
334		0.673085
334.1		0.673336
334.2		0.673336
334.3		0.673336
334.4		0.673336
334.5		0.673336
334.6		0.673336
334.7		0.673336
334.8		0.673336
334.9		0.673336
335		0.673336
335.1		0.674463
335.2		0.674463
335.3		0.674463
335.4		0.674463
335.5		0.674463
335.6		0.674463
335.7		0.674463
335.8		0.674463
335.9		0.674463
336		0.674463
336.1		0.677888
336.2		0.677888
336.3		0.677888
336.4		0.677888
336.5		0.677888
336.6		0.677888
336.7		0.677888
336.8		0.677888
336.9		0.677888
337		0.677888
337.1		0.682274
337.2		0.682274
337.3		0.682274
337.4		0.682274
337.5		0.682274
337.6		0.682274
337.7		0.682274
337.8		0.682274
337.9		0.682274
338		0.682274
338.1		0.685448
338.2		0.685448
338.3		0.685448
338.4		0.685448
338.5		0.685448
338.6		0.685448
338.7		0.685448
338.8		0.685448
338.9		0.685448
339		0.685448
339.1		0.686116
339.2		0.686116
339.3		0.686116
339.4		0.686116
339.5		0.686116
339.6		0.686116
339.7		0.686116
339.8		0.686116
339.9		0.686116
340		0.686116
340.1		0.687704
340.2		0.687704
340.3		0.687704
340.4		0.687704
340.5		0.687704
340.6		0.687704
340.7		0.687704
340.8		0.687704
340.9		0.687704
341		0.687704
341.1		0.693635
341.2		0.693635
341.3		0.693635
341.4		0.693635
341.5		0.693635
341.6		0.693635
341.7		0.693635
341.8		0.693635
341.9		0.693635
342		0.693635
342.1		0.696141
342.2		0.696141
342.3		0.696141
342.4		0.696141
342.5		0.696141
342.6		0.696141
342.7		0.696141
342.8		0.696141
342.9		0.696141
343		0.696141
343.1		0.696684
343.2		0.696684
343.3		0.696684
343.4		0.696684
343.5		0.696684
343.6		0.696684
343.7		0.696684
343.8		0.696684
343.9		0.696684
344		0.696684
344.1		0.697268
344.2		0.697268
344.3		0.697268
344.4		0.697268
344.5		0.697268
344.6		0.697268
344.7		0.697268
344.8		0.697268
344.9		0.697268
345		0.697268
345.1		0.700401
345.2		0.700401
345.3		0.700401
345.4		0.700401
345.5		0.700401
345.6		0.700401
345.7		0.700401
345.8		0.700401
345.9		0.700401
346		0.700401
346.1		0.70533
346.2		0.70533
346.3		0.70533
346.4		0.70533
346.5		0.70533
346.6		0.70533
346.7		0.70533
346.8		0.70533
346.9		0.70533
347		0.70533
347.1		0.70629
347.2		0.70629
347.3		0.70629
347.4		0.70629
347.5		0.70629
347.6		0.70629
347.7		0.70629
347.8		0.70629
347.9		0.70629
348		0.70629
348.1		0.70629
348.2		0.70629
348.3		0.70629
348.4		0.70629
348.5		0.70629
348.6		0.70629
348.7		0.70629
348.8		0.70629
348.9		0.70629
349		0.70629
349.1		0.707919
349.2		0.707919
349.3		0.707919
349.4		0.707919
349.5		0.707919
349.6		0.707919
349.7		0.707919
349.8		0.707919
349.9		0.707919
350		0.707919
350.1		0.711302
350.2		0.711302
350.3		0.711302
350.4		0.711302
350.5		0.711302
350.6		0.711302
350.7		0.711302
350.8		0.711302
350.9		0.711302
351		0.711302
351.1		0.711636
351.2		0.711636
351.3		0.711636
351.4		0.711636
351.5		0.711636
351.6		0.711636
351.7		0.711636
351.8		0.711636
351.9		0.711636
352		0.711636
352.1		0.718069
352.2		0.718069
352.3		0.718069
352.4		0.718069
352.5		0.718069
352.6		0.718069
352.7		0.718069
352.8		0.718069
352.9		0.718069
353		0.718069
353.1		0.718278
353.2		0.718278
353.3		0.718278
353.4		0.718278
353.5		0.718278
353.6		0.718278
353.7		0.718278
353.8		0.718278
353.9		0.718278
354		0.718278
354.1		0.722287
354.2		0.722287
354.3		0.722287
354.4		0.722287
354.5		0.722287
354.6		0.722287
354.7		0.722287
354.8		0.722287
354.9		0.722287
355		0.722287
355.1		0.725921
355.2		0.725921
355.3		0.725921
355.4		0.725921
355.5		0.725921
355.6		0.725921
355.7		0.725921
355.8		0.725921
355.9		0.725921
356		0.725921
356.1		0.727132
356.2		0.727132
356.3		0.727132
356.4		0.727132
356.5		0.727132
356.6		0.727132
356.7		0.727132
356.8		0.727132
356.9		0.727132
357		0.727132
357.1		0.729764
357.2		0.729764
357.3		0.729764
357.4		0.729764
357.5		0.729764
357.6		0.729764
357.7		0.729764
357.8		0.729764
357.9		0.729764
358		0.729764
358.1		0.734734
358.2		0.734734
358.3		0.734734
358.4		0.734734
358.5		0.734734
358.6		0.734734
358.7		0.734734
358.8		0.734734
358.9		0.734734
359		0.734734
359.1		0.736739
359.2		0.736739
359.3		0.736739
359.4		0.736739
359.5		0.736739
359.6		0.736739
359.7		0.736739
359.8		0.736739
359.9		0.736739
360		0.736739
360.1		0.73983
360.2		0.73983
360.3		0.73983
360.4		0.73983
360.5		0.73983
360.6		0.73983
360.7		0.73983
360.8		0.73983
360.9		0.73983
361		0.73983
361.1		0.740581
361.2		0.740581
361.3		0.740581
361.4		0.740581
361.5		0.740581
361.6		0.740581
361.7		0.740581
361.8		0.740581
361.9		0.740581
362		0.740581
362.1		0.742252
362.2		0.742252
362.3		0.742252
362.4		0.742252
362.5		0.742252
362.6		0.742252
362.7		0.742252
362.8		0.742252
362.9		0.742252
363		0.742252
363.1		0.74409
363.2		0.74409
363.3		0.74409
363.4		0.74409
363.5		0.74409
363.6		0.74409
363.7		0.74409
363.8		0.74409
363.9		0.74409
364		0.74409
364.1		0.746471
364.2		0.746471
364.3		0.746471
364.4		0.746471
364.5		0.746471
364.6		0.746471
364.7		0.746471
364.8		0.746471
364.9		0.746471
365		0.746471
365.1		0.748977
365.2		0.748977
365.3		0.748977
365.4		0.748977
365.5		0.748977
365.6		0.748977
365.7		0.748977
365.8		0.748977
365.9		0.748977
366		0.748977
366.1		0.750188
366.2		0.750188
366.3		0.750188
366.4		0.750188
366.5		0.750188
366.6		0.750188
366.7		0.750188
366.8		0.750188
366.9		0.750188
367		0.750188
367.1		0.751149
367.2		0.751149
367.3		0.751149
367.4		0.751149
367.5		0.751149
367.6		0.751149
367.7		0.751149
367.8		0.751149
367.9		0.751149
368		0.751149
368.1		0.755492
368.2		0.755492
368.3		0.755492
368.4		0.755492
368.5		0.755492
368.6		0.755492
368.7		0.755492
368.8		0.755492
368.9		0.755492
369		0.755492
369.1		0.756286
369.2		0.756286
369.3		0.756286
369.4		0.756286
369.5		0.756286
369.6		0.756286
369.7		0.756286
369.8		0.756286
369.9		0.756286
370		0.756286
370.1		0.757706
370.2		0.757706
370.3		0.757706
370.4		0.757706
370.5		0.757706
370.6		0.757706
370.7		0.757706
370.8		0.757706
370.9		0.757706
371		0.757706
371.1		0.759293
371.2		0.759293
371.3		0.759293
371.4		0.759293
371.5		0.759293
371.6		0.759293
371.7		0.759293
371.8		0.759293
371.9		0.759293
372		0.759293
372.1		0.764347
372.2		0.764347
372.3		0.764347
372.4		0.764347
372.5		0.764347
372.6		0.764347
372.7		0.764347
372.8		0.764347
372.9		0.764347
373		0.764347
373.1		0.764974
373.2		0.764974
373.3		0.764974
373.4		0.764974
373.5		0.764974
373.6		0.764974
373.7		0.764974
373.8		0.764974
373.9		0.764974
374		0.764974
374.1		0.766937
374.2		0.766937
374.3		0.766937
374.4		0.766937
374.5		0.766937
374.6		0.766937
374.7		0.766937
374.8		0.766937
374.9		0.766937
375		0.766937
375.1		0.767313
375.2		0.767313
375.3		0.767313
375.4		0.767313
375.5		0.767313
375.6		0.767313
375.7		0.767313
375.8		0.767313
375.9		0.767313
376		0.767313
376.1		0.77174
376.2		0.77174
376.3		0.77174
376.4		0.77174
376.5		0.77174
376.6		0.77174
376.7		0.77174
376.8		0.77174
376.9		0.77174
377		0.77174
377.1		0.772701
377.2		0.772701
377.3		0.772701
377.4		0.772701
377.5		0.772701
377.6		0.772701
377.7		0.772701
377.8		0.772701
377.9		0.772701
378		0.772701
378.1		0.773285
378.2		0.773285
378.3		0.773285
378.4		0.773285
378.5		0.773285
378.6		0.773285
378.7		0.773285
378.8		0.773285
378.9		0.773285
379		0.773285
379.1		0.776836
379.2		0.776836
379.3		0.776836
379.4		0.776836
379.5		0.776836
379.6		0.776836
379.7		0.776836
379.8		0.776836
379.9		0.776836
380		0.776836
380.1		0.776836
380.2		0.776836
380.3		0.776836
380.4		0.776836
380.5		0.776836
380.6		0.776836
380.7		0.776836
380.8		0.776836
380.9		0.776836
381		0.776836
381.1		0.782307
381.2		0.782307
381.3		0.782307
381.4		0.782307
381.5		0.782307
381.6		0.782307
381.7		0.782307
381.8		0.782307
381.9		0.782307
382		0.782307
382.1		0.784855
382.2		0.784855
382.3		0.784855
382.4		0.784855
382.5		0.784855
382.6		0.784855
382.7		0.784855
382.8		0.784855
382.9		0.784855
383		0.784855
383.1		0.784897
383.2		0.784897
383.3		0.784897
383.4		0.784897
383.5		0.784897
383.6		0.784897
383.7		0.784897
383.8		0.784897
383.9		0.784897
384		0.784897
384.1		0.785315
384.2		0.785315
384.3		0.785315
384.4		0.785315
384.5		0.785315
384.6		0.785315
384.7		0.785315
384.8		0.785315
384.9		0.785315
385		0.785315
385.1		0.788781
385.2		0.788781
385.3		0.788781
385.4		0.788781
385.5		0.788781
385.6		0.788781
385.7		0.788781
385.8		0.788781
385.9		0.788781
386		0.788781
386.1		0.790368
386.2		0.790368
386.3		0.790368
386.4		0.790368
386.5		0.790368
386.6		0.790368
386.7		0.790368
386.8		0.790368
386.9		0.790368
387		0.790368
387.1		0.79325
387.2		0.79325
387.3		0.79325
387.4		0.79325
387.5		0.79325
387.6		0.79325
387.7		0.79325
387.8		0.79325
387.9		0.79325
388		0.79325
388.1		0.794587
388.2		0.794587
388.3		0.794587
388.4		0.794587
388.5		0.794587
388.6		0.794587
388.7		0.794587
388.8		0.794587
388.9		0.794587
389		0.794587
389.1		0.794838
389.2		0.794838
389.3		0.794838
389.4		0.794838
389.5		0.794838
389.6		0.794838
389.7		0.794838
389.8		0.794838
389.9		0.794838
390		0.794838
390.1		0.800643
390.2		0.800643
390.3		0.800643
390.4		0.800643
390.5		0.800643
390.6		0.800643
390.7		0.800643
390.8		0.800643
390.9		0.800643
391		0.800643
391.1		0.800727
391.2		0.800727
391.3		0.800727
391.4		0.800727
391.5		0.800727
391.6		0.800727
391.7		0.800727
391.8		0.800727
391.9		0.800727
392		0.800727
392.1		0.801186
392.2		0.801186
392.3		0.801186
392.4		0.801186
392.5		0.801186
392.6		0.801186
392.7		0.801186
392.8		0.801186
392.9		0.801186
393		0.801186
393.1		0.803818
393.2		0.803818
393.3		0.803818
393.4		0.803818
393.5		0.803818
393.6		0.803818
393.7		0.803818
393.8		0.803818
393.9		0.803818
394		0.803818
394.1		0.807911
394.2		0.807911
394.3		0.807911
394.4		0.807911
394.5		0.807911
394.6		0.807911
394.7		0.807911
394.8		0.807911
394.9		0.807911
395		0.807911
395.1		0.810542
395.2		0.810542
395.3		0.810542
395.4		0.810542
395.5		0.810542
395.6		0.810542
395.7		0.810542
395.8		0.810542
395.9		0.810542
396		0.810542
396.1		0.81096
396.2		0.81096
396.3		0.81096
396.4		0.81096
396.5		0.81096
396.6		0.81096
396.7		0.81096
396.8		0.81096
396.9		0.81096
397		0.81096
397.1		0.811586
397.2		0.811586
397.3		0.811586
397.4		0.811586
397.5		0.811586
397.6		0.811586
397.7		0.811586
397.8		0.811586
397.9		0.811586
398		0.811586
398.1		0.816014
398.2		0.816014
398.3		0.816014
398.4		0.816014
398.5		0.816014
398.6		0.816014
398.7		0.816014
398.8		0.816014
398.9		0.816014
399		0.816014
399.1		0.816766
399.2		0.816766
399.3		0.816766
399.4		0.816766
399.5		0.816766
399.6		0.816766
399.7		0.816766
399.8		0.816766
399.9		0.816766
400		0.816766
400.1		0.819439
400.2		0.819439
400.3		0.819439
400.4		0.819439
400.5		0.819439
400.6		0.819439
400.7		0.819439
400.8		0.819439
400.9		0.819439
401		0.819439
401.1		0.820692
401.2		0.820692
401.3		0.820692
401.4		0.820692
401.5		0.820692
401.6		0.820692
401.7		0.820692
401.8		0.820692
401.9		0.820692
402		0.820692
402.1		0.825161
402.2		0.825161
402.3		0.825161
402.4		0.825161
402.5		0.825161
402.6		0.825161
402.7		0.825161
402.8		0.825161
402.9		0.825161
403		0.825161
403.1		0.825746
403.2		0.825746
403.3		0.825746
403.4		0.825746
403.5		0.825746
403.6		0.825746
403.7		0.825746
403.8		0.825746
403.9		0.825746
404		0.825746
404.1		0.825996
404.2		0.825996
404.3		0.825996
404.4		0.825996
404.5		0.825996
404.6		0.825996
404.7		0.825996
404.8		0.825996
404.9		0.825996
405		0.825996
405.1		0.82679
405.2		0.82679
405.3		0.82679
405.4		0.82679
405.5		0.82679
405.6		0.82679
405.7		0.82679
405.8		0.82679
405.9		0.82679
406		0.82679
406.1		0.831635
406.2		0.831635
406.3		0.831635
406.4		0.831635
406.5		0.831635
406.6		0.831635
406.7		0.831635
406.8		0.831635
406.9		0.831635
407		0.831635
407.1		0.833013
407.2		0.833013
407.3		0.833013
407.4		0.833013
407.5		0.833013
407.6		0.833013
407.7		0.833013
407.8		0.833013
407.9		0.833013
408		0.833013
408.1		0.834057
408.2		0.834057
408.3		0.834057
408.4		0.834057
408.5		0.834057
408.6		0.834057
408.7		0.834057
408.8		0.834057
408.9		0.834057
409		0.834057
409.1		0.836522
409.2		0.836522
409.3		0.836522
409.4		0.836522
409.5		0.836522
409.6		0.836522
409.7		0.836522
409.8		0.836522
409.9		0.836522
410		0.836522
410.1		0.840155
410.2		0.840155
410.3		0.840155
410.4		0.840155
410.5		0.840155
410.6		0.840155
410.7		0.840155
410.8		0.840155
410.9		0.840155
411		0.840155
411.1		0.841617
411.2		0.841617
411.3		0.841617
411.4		0.841617
411.5		0.841617
411.6		0.841617
411.7		0.841617
411.8		0.841617
411.9		0.841617
412		0.841617
412.1		0.842745
412.2		0.842745
412.3		0.842745
412.4		0.842745
412.5		0.842745
412.6		0.842745
412.7		0.842745
412.8		0.842745
412.9		0.842745
413		0.842745
413.1		0.845502
413.2		0.845502
413.3		0.845502
413.4		0.845502
413.5		0.845502
413.6		0.845502
413.7		0.845502
413.8		0.845502
413.9		0.845502
414		0.845502
414.1		0.847047
414.2		0.847047
414.3		0.847047
414.4		0.847047
414.5		0.847047
414.6		0.847047
414.7		0.847047
414.8		0.847047
414.9		0.847047
415		0.847047
415.1		0.849219
415.2		0.849219
415.3		0.849219
415.4		0.849219
415.5		0.849219
415.6		0.849219
415.7		0.849219
415.8		0.849219
415.9		0.849219
416		0.849219
416.1		0.853312
416.2		0.853312
416.3		0.853312
416.4		0.853312
416.5		0.853312
416.6		0.853312
416.7		0.853312
416.8		0.853312
416.9		0.853312
417		0.853312
417.1		0.854398
417.2		0.854398
417.3		0.854398
417.4		0.854398
417.5		0.854398
417.6		0.854398
417.7		0.854398
417.8		0.854398
417.9		0.854398
418		0.854398
418.1		0.855985
418.2		0.855985
418.3		0.855985
418.4		0.855985
418.5		0.855985
418.6		0.855985
418.7		0.855985
418.8		0.855985
418.9		0.855985
419		0.855985
419.1		0.858658
419.2		0.858658
419.3		0.858658
419.4		0.858658
419.5		0.858658
419.6		0.858658
419.7		0.858658
419.8		0.858658
419.9		0.858658
420		0.858658
420.1		0.862418
420.2		0.862418
420.3		0.862418
420.4		0.862418
420.5		0.862418
420.6		0.862418
420.7		0.862418
420.8		0.862418
420.9		0.862418
421		0.862418
421.1		0.864088
421.2		0.864088
421.3		0.864088
421.4		0.864088
421.5		0.864088
421.6		0.864088
421.7		0.864088
421.8		0.864088
421.9		0.864088
422		0.864088
422.1		0.864339
422.2		0.864339
422.3		0.864339
422.4		0.864339
422.5		0.864339
422.6		0.864339
422.7		0.864339
422.8		0.864339
422.9		0.864339
423		0.864339
423.1		0.865675
423.2		0.865675
423.3		0.865675
423.4		0.865675
423.5		0.865675
423.6		0.865675
423.7		0.865675
423.8		0.865675
423.9		0.865675
424		0.865675
424.1		0.869894
424.2		0.869894
424.3		0.869894
424.4		0.869894
424.5		0.869894
424.6		0.869894
424.7		0.869894
424.8		0.869894
424.9		0.869894
425		0.869894
425.1		0.871356
425.2		0.871356
425.3		0.871356
425.4		0.871356
425.5		0.871356
425.6		0.871356
425.7		0.871356
425.8		0.871356
425.9		0.871356
426		0.871356
426.1		0.872734
426.2		0.872734
426.3		0.872734
426.4		0.872734
426.5		0.872734
426.6		0.872734
426.7		0.872734
426.8		0.872734
426.9		0.872734
427		0.872734
427.1		0.872859
427.2		0.872859
427.3		0.872859
427.4		0.872859
427.5		0.872859
427.6		0.872859
427.7		0.872859
427.8		0.872859
427.9		0.872859
428		0.872859
428.1		0.878623
428.2		0.878623
428.3		0.878623
428.4		0.878623
428.5		0.878623
428.6		0.878623
428.7		0.878623
428.8		0.878623
428.9		0.878623
429		0.878623
429.1		0.878749
429.2		0.878749
429.3		0.878749
429.4		0.878749
429.5		0.878749
429.6		0.878749
429.7		0.878749
429.8		0.878749
429.9		0.878749
430		0.878749
430.1		0.879626
430.2		0.879626
430.3		0.879626
430.4		0.879626
430.5		0.879626
430.6		0.879626
430.7		0.879626
430.8		0.879626
430.9		0.879626
431		0.879626
431.1		0.881213
431.2		0.881213
431.3		0.881213
431.4		0.881213
431.5		0.881213
431.6		0.881213
431.7		0.881213
431.8		0.881213
431.9		0.881213
432		0.881213
432.1		0.885306
432.2		0.885306
432.3		0.885306
432.4		0.885306
432.5		0.885306
432.6		0.885306
432.7		0.885306
432.8		0.885306
432.9		0.885306
433		0.885306
433.1		0.887144
433.2		0.887144
433.3		0.887144
433.4		0.887144
433.5		0.887144
433.6		0.887144
433.7		0.887144
433.8		0.887144
433.9		0.887144
434		0.887144
434.1		0.887687
434.2		0.887687
434.3		0.887687
434.4		0.887687
434.5		0.887687
434.6		0.887687
434.7		0.887687
434.8		0.887687
434.9		0.887687
435		0.887687
435.1		0.888021
435.2		0.888021
435.3		0.888021
435.4		0.888021
435.5		0.888021
435.6		0.888021
435.7		0.888021
435.8		0.888021
435.9		0.888021
436		0.888021
436.1		0.893158
436.2		0.893158
436.3		0.893158
436.4		0.893158
436.5		0.893158
436.6		0.893158
436.7		0.893158
436.8		0.893158
436.9		0.893158
437		0.893158
437.1		0.894203
437.2		0.894203
437.3		0.894203
437.4		0.894203
437.5		0.894203
437.6		0.894203
437.7		0.894203
437.8		0.894203
437.9		0.894203
438		0.894203
438.1		0.89533
438.2		0.89533
438.3		0.89533
438.4		0.89533
438.5		0.89533
438.6		0.89533
438.7		0.89533
438.8		0.89533
438.9		0.89533
439		0.89533
439.1		0.899173
439.2		0.899173
439.3		0.899173
439.4		0.899173
439.5		0.899173
439.6		0.899173
439.7		0.899173
439.8		0.899173
439.9		0.899173
440		0.899173
440.1		0.90005
440.2		0.90005
440.3		0.90005
440.4		0.90005
440.5		0.90005
440.6		0.90005
440.7		0.90005
440.8		0.90005
440.9		0.90005
441		0.90005
441.1		0.904102
441.2		0.904102
441.3		0.904102
441.4		0.904102
441.5		0.904102
441.6		0.904102
441.7		0.904102
441.8		0.904102
441.9		0.904102
442		0.904102
442.1		0.90502
442.2		0.90502
442.3		0.90502
442.4		0.90502
442.5		0.90502
442.6		0.90502
442.7		0.90502
442.8		0.90502
442.9		0.90502
443		0.90502
443.1		0.907986
443.2		0.907986
443.3		0.907986
443.4		0.907986
443.5		0.907986
443.6		0.907986
443.7		0.907986
443.8		0.907986
443.9		0.907986
444		0.907986
444.1		0.910033
444.2		0.910033
444.3		0.910033
444.4		0.910033
444.5		0.910033
444.6		0.910033
444.7		0.910033
444.8		0.910033
444.9		0.910033
445		0.910033
445.1		0.912497
445.2		0.912497
445.3		0.912497
445.4		0.912497
445.5		0.912497
445.6		0.912497
445.7		0.912497
445.8		0.912497
445.9		0.912497
446		0.912497
446.1		0.915003
446.2		0.915003
446.3		0.915003
446.4		0.915003
446.5		0.915003
446.6		0.915003
446.7		0.915003
446.8		0.915003
446.9		0.915003
447		0.915003
447.1		0.915964
447.2		0.915964
447.3		0.915964
447.4		0.915964
447.5		0.915964
447.6		0.915964
447.7		0.915964
447.8		0.915964
447.9		0.915964
448		0.915964
448.1		0.918386
448.2		0.918386
448.3		0.918386
448.4		0.918386
448.5		0.918386
448.6		0.918386
448.7		0.918386
448.8		0.918386
448.9		0.918386
449		0.918386
449.1		0.921811
449.2		0.921811
449.3		0.921811
449.4		0.921811
449.5		0.921811
449.6		0.921811
449.7		0.921811
449.8		0.921811
449.9		0.921811
450		0.921811
450.1		0.925361
450.2		0.925361
450.3		0.925361
450.4		0.925361
450.5		0.925361
450.6		0.925361
450.7		0.925361
450.8		0.925361
450.9		0.925361
451		0.925361
451.1		0.926531
451.2		0.926531
451.3		0.926531
451.4		0.926531
451.5		0.926531
451.6		0.926531
451.7		0.926531
451.8		0.926531
451.9		0.926531
452		0.926531
452.1		0.928703
452.2		0.928703
452.3		0.928703
452.4		0.928703
452.5		0.928703
452.6		0.928703
452.7		0.928703
452.8		0.928703
452.9		0.928703
453		0.928703
453.1		0.930958
453.2		0.930958
453.3		0.930958
453.4		0.930958
453.5		0.930958
453.6		0.930958
453.7		0.930958
453.8		0.930958
453.9		0.930958
454		0.930958
454.1		0.931459
454.2		0.931459
454.3		0.931459
454.4		0.931459
454.5		0.931459
454.6		0.931459
454.7		0.931459
454.8		0.931459
454.9		0.931459
455		0.931459
455.1		0.93384
455.2		0.93384
455.3		0.93384
455.4		0.93384
455.5		0.93384
455.6		0.93384
455.7		0.93384
455.8		0.93384
455.9		0.93384
456		0.93384
456.1		0.936012
456.2		0.936012
456.3		0.936012
456.4		0.936012
456.5		0.936012
456.6		0.936012
456.7		0.936012
456.8		0.936012
456.9		0.936012
457		0.936012
457.1		0.937808
457.2		0.937808
457.3		0.937808
457.4		0.937808
457.5		0.937808
457.6		0.937808
457.7		0.937808
457.8		0.937808
457.9		0.937808
458		0.937808
458.1		0.939145
458.2		0.939145
458.3		0.939145
458.4		0.939145
458.5		0.939145
458.6		0.939145
458.7		0.939145
458.8		0.939145
458.9		0.939145
459		0.939145
459.1		0.941233
459.2		0.941233
459.3		0.941233
459.4		0.941233
459.5		0.941233
459.6		0.941233
459.7		0.941233
459.8		0.941233
459.9		0.941233
460		0.941233
460.1		0.941692
460.2		0.941692
460.3		0.941692
460.4		0.941692
460.5		0.941692
460.6		0.941692
460.7		0.941692
460.8		0.941692
460.9		0.941692
461		0.941692
461.1		0.943363
461.2		0.943363
461.3		0.943363
461.4		0.943363
461.5		0.943363
461.6		0.943363
461.7		0.943363
461.8		0.943363
461.9		0.943363
462		0.943363
462.1		0.947749
462.2		0.947749
462.3		0.947749
462.4		0.947749
462.5		0.947749
462.6		0.947749
462.7		0.947749
462.8		0.947749
462.9		0.947749
463		0.947749
463.1		0.949252
463.2		0.949252
463.3		0.949252
463.4		0.949252
463.5		0.949252
463.6		0.949252
463.7		0.949252
463.8		0.949252
463.9		0.949252
464		0.949252
464.1		0.949837
464.2		0.949837
464.3		0.949837
464.4		0.949837
464.5		0.949837
464.6		0.949837
464.7		0.949837
464.8		0.949837
464.9		0.949837
465		0.949837
465.1		0.9518
465.2		0.9518
465.3		0.9518
465.4		0.9518
465.5		0.9518
465.6		0.9518
465.7		0.9518
465.8		0.9518
465.9		0.9518
466		0.9518
466.1		0.956979
466.2		0.956979
466.3		0.956979
466.4		0.956979
466.5		0.956979
466.6		0.956979
466.7		0.956979
466.8		0.956979
466.9		0.956979
467		0.956979
467.1		0.957272
467.2		0.957272
467.3		0.957272
467.4		0.957272
467.5		0.957272
467.6		0.957272
467.7		0.957272
467.8		0.957272
467.9		0.957272
468		0.957272
468.1		0.959277
468.2		0.959277
468.3		0.959277
468.4		0.959277
468.5		0.959277
468.6		0.959277
468.7		0.959277
468.8		0.959277
468.9		0.959277
469		0.959277
469.1		0.960112
469.2		0.960112
469.3		0.960112
469.4		0.960112
469.5		0.960112
469.6		0.960112
469.7		0.960112
469.8		0.960112
469.9		0.960112
470		0.960112
470.1		0.966461
470.2		0.966461
470.3		0.966461
470.4		0.966461
470.5		0.966461
470.6		0.966461
470.7		0.966461
470.8		0.966461
470.9		0.966461
471		0.966461
471.1		0.967045
471.2		0.967045
471.3		0.967045
471.4		0.967045
471.5		0.967045
471.6		0.967045
471.7		0.967045
471.8		0.967045
471.9		0.967045
472		0.967045
472.1		0.967463
472.2		0.967463
472.3		0.967463
472.4		0.967463
472.5		0.967463
472.6		0.967463
472.7		0.967463
472.8		0.967463
472.9		0.967463
473		0.967463
473.1		0.96905
473.2		0.96905
473.3		0.96905
473.4		0.96905
473.5		0.96905
473.6		0.96905
473.7		0.96905
473.8		0.96905
473.9		0.96905
474		0.96905
474.1		0.974355
474.2		0.974355
474.3		0.974355
474.4		0.974355
474.5		0.974355
474.6		0.974355
474.7		0.974355
474.8		0.974355
474.9		0.974355
475		0.974355
475.1		0.976777
475.2		0.976777
475.3		0.976777
475.4		0.976777
475.5		0.976777
475.6		0.976777
475.7		0.976777
475.8		0.976777
475.9		0.976777
476		0.976777
476.1		0.978907
476.2		0.978907
476.3		0.978907
476.4		0.978907
476.5		0.978907
476.6		0.978907
476.7		0.978907
476.8		0.978907
476.9		0.978907
477		0.978907
477.1		0.979784
477.2		0.979784
477.3		0.979784
477.4		0.979784
477.5		0.979784
477.6		0.979784
477.7		0.979784
477.8		0.979784
477.9		0.979784
478		0.979784
478.1		0.983042
478.2		0.983042
478.3		0.983042
478.4		0.983042
478.5		0.983042
478.6		0.983042
478.7		0.983042
478.8		0.983042
478.9		0.983042
479		0.983042
479.1		0.985715
479.2		0.985715
479.3		0.985715
479.4		0.985715
479.5		0.985715
479.6		0.985715
479.7		0.985715
479.8		0.985715
479.9		0.985715
480		0.985715
480.1		0.987303
480.2		0.987303
480.3		0.987303
480.4		0.987303
480.5		0.987303
480.6		0.987303
480.7		0.987303
480.8		0.987303
480.9		0.987303
481		0.987303
481.1		0.987511
481.2		0.987511
481.3		0.987511
481.4		0.987511
481.5		0.987511
481.6		0.987511
481.7		0.987511
481.8		0.987511
481.9		0.987511
482		0.987511
482.1		0.990811
482.2		0.990811
482.3		0.990811
482.4		0.990811
482.5		0.990811
482.6		0.990811
482.7		0.990811
482.8		0.990811
482.9		0.990811
483		0.990811
483.1		0.993651
483.2		0.993651
483.3		0.993651
483.4		0.993651
483.5		0.993651
483.6		0.993651
483.7		0.993651
483.8		0.993651
483.9		0.993651
484		0.993651
484.1		0.995614
484.2		0.995614
484.3		0.995614
484.4		0.995614
484.5		0.995614
484.6		0.995614
484.7		0.995614
484.8		0.995614
484.9		0.995614
485		0.995614
485.1		0.995698
485.2		0.995698
485.3		0.995698
485.4		0.995698
485.5		0.995698
485.6		0.995698
485.7		0.995698
485.8		0.995698
485.9		0.995698
486		0.995698
486.1		0.997995
486.2		0.997995
486.3		0.997995
486.4		0.997995
486.5		0.997995
486.6		0.997995
486.7		0.997995
486.8		0.997995
486.9		0.997995
487		0.997995
487.1		0.999958
487.2		0.999958
487.3		0.999958
487.4		0.999958
487.5		0.999958
487.6		0.999958
487.7		0.999958
487.8		0.999958
487.9		0.999958
488		0.999958
488.1		1
488.2		1
488.3		1
488.4		1
488.5		1
488.6		1
488.7		1
488.8		1
488.9		1
489		1
489.1		1
489.2		1
489.3		1
489.4		1
489.5		1
489.6		1
489.7		1
489.8		1
489.9		1
490		1
490.1		1
490.2		1
490.3		1
490.4		1
490.5		1
490.6		1
490.7		1
490.8		1
490.9		1
491		1
491.1		1
491.2		1
491.3		1
491.4		1
491.5		1
491.6		1
491.7		1
491.8		1
491.9		1
492		1
492.1		1
492.2		1
492.3		1
492.4		1
492.5		1
492.6		1
492.7		1
492.8		1
492.9		1
493		1
493.1		1
493.2		1
493.3		1
493.4		1
493.5		1
493.6		1
493.7		1
493.8		1
493.9		1
494		1
494.1		1
494.2		1
494.3		1
494.4		1
494.5		1
494.6		1
494.7		1
494.8		1
494.9		1
495		1
495.1		1
495.2		1
495.3		1
495.4		1
495.5		1
495.6		1
495.7		1
495.8		1
495.9		1
496		1
496.1		1
496.2		1
496.3		1
496.4		1
496.5		1
496.6		1
496.7		1
496.8		1
496.9		1
497		1
497.1		1
497.2		1
497.3		1
497.4		1
497.5		1
497.6		1
497.7		1
497.8		1
497.9		1
498		1
498.1		1
498.2		1
498.3		1
498.4		1
498.5		1
498.6		1
498.7		1
498.8		1
498.9		1
499		1
499.1		1
499.2		1
499.3		1
499.4		1
499.5		1
499.6		1
499.7		1
499.8		1
499.9		1
500		1
500.1		1
500.2		1
500.3		1
500.4		1
500.5		1
500.6		1
500.7		1
500.8		1
500.9		1
501		1
501.1		1
501.2		1
501.3		1
501.4		1
501.5		1
501.6		1
501.7		1
501.8		1
501.9		1
502		1
502.1		1
502.2		1
502.3		1
502.4		1
502.5		1
502.6		1
502.7		1
502.8		1
502.9		1
503		1
503.1		1
503.2		1
503.3		1
503.4		1
503.5		1
503.6		1
503.7		1
503.8		1
503.9		1
504		1
504.1		1
504.2		1
504.3		1
504.4		1
504.5		1
504.6		1
504.7		1
504.8		1
504.9		1
505		1
505.1		1
505.2		1
505.3		1
505.4		1
505.5		1
505.6		1
505.7		1
505.8		1
505.9		1
506		1
506.1		1
506.2		1
506.3		1
506.4		1
506.5		1
506.6		1
506.7		1
506.8		1
506.9		1
507		1
507.1		1
507.2		1
507.3		1
507.4		1
507.5		1
507.6		1
507.7		1
507.8		1
507.9		1
508		1
508.1		1
508.2		1
508.3		1
508.4		1
508.5		1
508.6		1
508.7		1
508.8		1
508.9		1
509		1
509.1		1
509.2		1
509.3		1
509.4		1
509.5		1
509.6		1
509.7		1
509.8		1
509.9		1
510		1
510.1		1
510.2		1
510.3		1
510.4		1
510.5		1
510.6		1
510.7		1
510.8		1
510.9		1
511		1
511.1		1
511.2		1
511.3		1
511.4		1
511.5		1
511.6		1
511.7		1
511.8		1
511.9		1
512		1
512.1		1
512.2		1
512.3		1
512.4		1
512.5		1
512.6		1
512.7		1
512.8		1
512.9		1
513		1
513.1		1
513.2		1
513.3		1
513.4		1
513.5		1
513.6		1
513.7		1
513.8		1
513.9		1
514		1
514.1		1
514.2		1
514.3		1
514.4		1
514.5		1
514.6		1
514.7		1
514.8		1
514.9		1
515		1
515.1		1
515.2		1
515.3		1
515.4		1
515.5		1
515.6		1
515.7		1
515.8		1
515.9		1
516		1
516.1		1
516.2		1
516.3		1
516.4		1
516.5		1
516.6		1
516.7		1
516.8		1
516.9		1
517		1
517.1		1
517.2		1
517.3		1
517.4		1
517.5		1
517.6		1
517.7		1
517.8		1
517.9		1
518		1
518.1		1
518.2		1
518.3		1
518.4		1
518.5		1
518.6		1
518.7		1
518.8		1
518.9		1
519		1
519.1		1
519.2		1
519.3		1
519.4		1
519.5		1
519.6		1
519.7		1
519.8		1
519.9		1
520		1
520.1		1
520.2		1
520.3		1
520.4		1
520.5		1
520.6		1
520.7		1
520.8		1
520.9		1
521		1
521.1		1
521.2		1
521.3		1
521.4		1
521.5		1
521.6		1
521.7		1
521.8		1
521.9		1
522		1
522.1		1
522.2		1
522.3		1
522.4		1
522.5		1
522.6		1
522.7		1
522.8		1
522.9		1
523		1
523.1		1
523.2		1
523.3		1
523.4		1
523.5		1
523.6		1
523.7		1
523.8		1
523.9		1
524		1
524.1		1
524.2		1
524.3		1
524.4		1
524.5		1
524.6		1
524.7		1
524.8		1
524.9		1
525		1
525.1		1
525.2		1
525.3		1
525.4		1
525.5		1
525.6		1
525.7		1
525.8		1
525.9		1
526		1
526.1		1
526.2		1
526.3		1
526.4		1
526.5		1
526.6		1
526.7		1
526.8		1
526.9		1
527		1
527.1		1
527.2		1
527.3		1
527.4		1
527.5		1
527.6		1
527.7		1
527.8		1
527.9		1
528		1
528.1		1
528.2		1
528.3		1
528.4		1
528.5		1
528.6		1
528.7		1
528.8		1
528.9		1
529		1
529.1		1
529.2		1
529.3		1
529.4		1
529.5		1
529.6		1
529.7		1
529.8		1
529.9		1
530		1
530.1		1
530.2		1
530.3		1
530.4		1
530.5		1
530.6		1
530.7		1
530.8		1
530.9		1
531		1
531.1		1
531.2		1
531.3		1
531.4		1
531.5		1
531.6		1
531.7		1
531.8		1
531.9		1
532		1
532.1		1
532.2		1
532.3		1
532.4		1
532.5		1
532.6		1
532.7		1
532.8		1
532.9		1
533		1
533.1		1
533.2		1
533.3		1
533.4		1
533.5		1
533.6		1
533.7		1
533.8		1
533.9		1
534		1
534.1		1
534.2		1
534.3		1
534.4		1
534.5		1
534.6		1
534.7		1
534.8		1
534.9		1
535		1
535.1		1
535.2		1
535.3		1
535.4		1
535.5		1
535.6		1
535.7		1
535.8		1
535.9		1
536		1
536.1		1
536.2		1
536.3		1
536.4		1
536.5		1
536.6		1
536.7		1
536.8		1
536.9		1
537		1
537.1		1
537.2		1
537.3		1
537.4		1
537.5		1
537.6		1
537.7		1
537.8		1
537.9		1
538		1
538.1		1
538.2		1
538.3		1
538.4		1
538.5		1
538.6		1
538.7		1
538.8		1
538.9		1
539		1
539.1		1
539.2		1
539.3		1
539.4		1
539.5		1
539.6		1
539.7		1
539.8		1
539.9		1
540		1
540.1		1
540.2		1
540.3		1
540.4		1
540.5		1
540.6		1
540.7		1
540.8		1
540.9		1
541		1
541.1		1
541.2		1
541.3		1
541.4		1
541.5		1
541.6		1
541.7		1
541.8		1
541.9		1
542		1
542.1		1
542.2		1
542.3		1
542.4		1
542.5		1
542.6		1
542.7		1
542.8		1
542.9		1
543		1
543.1		1
543.2		1
543.3		1
543.4		1
543.5		1
543.6		1
543.7		1
543.8		1
543.9		1
544		1
544.1		1
544.2		1
544.3		1
544.4		1
544.5		1
544.6		1
544.7		1
544.8		1
544.9		1
545		1
545.1		1
545.2		1
545.3		1
545.4		1
545.5		1
545.6		1
545.7		1
545.8		1
545.9		1
546		1
546.1		1
546.2		1
546.3		1
546.4		1
546.5		1
546.6		1
546.7		1
546.8		1
546.9		1
547		1
547.1		1
547.2		1
547.3		1
547.4		1
547.5		1
547.6		1
547.7		1
547.8		1
547.9		1
548		1
548.1		1
548.2		1
548.3		1
548.4		1
548.5		1
548.6		1
548.7		1
548.8		1
548.9		1
549		1
549.1		1
549.2		1
549.3		1
549.4		1
549.5		1
549.6		1
549.7		1
549.8		1
549.9		1
550		1
550.1		1
550.2		1
550.3		1
550.4		1
550.5		1
550.6		1
550.7		1
550.8		1
550.9		1
551		1
551.1		1
551.2		1
551.3		1
551.4		1
551.5		1
551.6		1
551.7		1
551.8		1
551.9		1
552		1
552.1		1
552.2		1
552.3		1
552.4		1
552.5		1
552.6		1
552.7		1
552.8		1
552.9		1
553		1
553.1		1
553.2		1
553.3		1
553.4		1
553.5		1
553.6		1
553.7		1
553.8		1
553.9		1
554		1
554.1		1
554.2		1
554.3		1
554.4		1
554.5		1
554.6		1
554.7		1
554.8		1
554.9		1
555		1
555.1		1
555.2		1
555.3		1
555.4		1
555.5		1
555.6		1
555.7		1
555.8		1
555.9		1
556		1
556.1		1
556.2		1
556.3		1
556.4		1
556.5		1
556.6		1
556.7		1
556.8		1
556.9		1
557		1
557.1		1
557.2		1
557.3		1
557.4		1
557.5		1
557.6		1
557.7		1
557.8		1
557.9		1
558		1
558.1		1
558.2		1
558.3		1
558.4		1
558.5		1
558.6		1
558.7		1
558.8		1
558.9		1
559		1
559.1		1
559.2		1
559.3		1
559.4		1
559.5		1
559.6		1
559.7		1
559.8		1
559.9		1
560		1
560.1		1
560.2		1
560.3		1
560.4		1
560.5		1
560.6		1
560.7		1
560.8		1
560.9		1
561		1
561.1		1
561.2		1
561.3		1
561.4		1
561.5		1
561.6		1
561.7		1
561.8		1
561.9		1
562		1
562.1		1
562.2		1
562.3		1
562.4		1
562.5		1
562.6		1
562.7		1
562.8		1
562.9		1
563		1
563.1		1
563.2		1
563.3		1
563.4		1
563.5		1
563.6		1
563.7		1
563.8		1
563.9		1
564		1
564.1		1
564.2		1
564.3		1
564.4		1
564.5		1
564.6		1
564.7		1
564.8		1
564.9		1
565		1
565.1		1
565.2		1
565.3		1
565.4		1
565.5		1
565.6		1
565.7		1
565.8		1
565.9		1
566		1
566.1		1
566.2		1
566.3		1
566.4		1
566.5		1
566.6		1
566.7		1
566.8		1
566.9		1
567		1
567.1		1
567.2		1
567.3		1
567.4		1
567.5		1
567.6		1
567.7		1
567.8		1
567.9		1
568		1
568.1		1
568.2		1
568.3		1
568.4		1
568.5		1
568.6		1
568.7		1
568.8		1
568.9		1
569		1
569.1		1
569.2		1
569.3		1
569.4		1
569.5		1
569.6		1
569.7		1
569.8		1
569.9		1
570		1
570.1		1
570.2		1
570.3		1
570.4		1
570.5		1
570.6		1
570.7		1
570.8		1
570.9		1
571		1
571.1		1
571.2		1
571.3		1
571.4		1
571.5		1
571.6		1
571.7		1
571.8		1
571.9		1
572		1
572.1		1
572.2		1
572.3		1
572.4		1
572.5		1
572.6		1
572.7		1
572.8		1
572.9		1
573		1
573.1		1
573.2		1
573.3		1
573.4		1
573.5		1
573.6		1
573.7		1
573.8		1
573.9		1
574		1
574.1		1
574.2		1
574.3		1
574.4		1
574.5		1
574.6		1
574.7		1
574.8		1
574.9		1
575		1
575.1		1
575.2		1
575.3		1
575.4		1
575.5		1
575.6		1
575.7		1
575.8		1
575.9		1
576		1
576.1		1
576.2		1
576.3		1
576.4		1
576.5		1
576.6		1
576.7		1
576.8		1
576.9		1
577		1
577.1		1
577.2		1
577.3		1
577.4		1
577.5		1
577.6		1
577.7		1
577.8		1
577.9		1
578		1
578.1		1
578.2		1
578.3		1
578.4		1
578.5		1
578.6		1
578.7		1
578.8		1
578.9		1
579		1
579.1		1
579.2		1
579.3		1
579.4		1
579.5		1
579.6		1
579.7		1
579.8		1
579.9		1
580		1
580.1		1
580.2		1
580.3		1
580.4		1
580.5		1
580.6		1
580.7		1
580.8		1
580.9		1
581		1
581.1		1
581.2		1
581.3		1
581.4		1
581.5		1
581.6		1
581.7		1
581.8		1
581.9		1
582		1
582.1		1
582.2		1
582.3		1
582.4		1
582.5		1
582.6		1
582.7		1
582.8		1
582.9		1
583		1
583.1		1
583.2		1
583.3		1
583.4		1
583.5		1
583.6		1
583.7		1
583.8		1
583.9		1
584		1
584.1		1
584.2		1
584.3		1
584.4		1
584.5		1
584.6		1
584.7		1
584.8		1
584.9		1
585		1
585.1		1
585.2		1
585.3		1
585.4		1
585.5		1
585.6		1
585.7		1
585.8		1
585.9		1
586		1
586.1		1
586.2		1
586.3		1
586.4		1
586.5		1
586.6		1
586.7		1
586.8		1
586.9		1
587		1
587.1		1
587.2		1
587.3		1
587.4		1
587.5		1
587.6		1
587.7		1
587.8		1
587.9		1
588		1
588.1		1
588.2		1
588.3		1
588.4		1
588.5		1
588.6		1
588.7		1
588.8		1
588.9		1
589		1
589.1		1
589.2		1
589.3		1
589.4		1
589.5		1
589.6		1
589.7		1
589.8		1
589.9		1
590		1
590.1		1
590.2		1
590.3		1
590.4		1
590.5		1
590.6		1
590.7		1
590.8		1
590.9		1
591		1
591.1		1
591.2		1
591.3		1
591.4		1
591.5		1
591.6		1
591.7		1
591.8		1
591.9		1
592		1
592.1		1
592.2		1
592.3		1
592.4		1
592.5		1
592.6		1
592.7		1
592.8		1
592.9		1
593		1
593.1		1
593.2		1
593.3		1
593.4		1
593.5		1
593.6		1
593.7		1
593.8		1
593.9		1
594		1
594.1		1
594.2		1
594.3		1
594.4		1
594.5		1
594.6		1
594.7		1
594.8		1
594.9		1
595		1
595.1		1
595.2		1
595.3		1
595.4		1
595.5		1
595.6		1
595.7		1
595.8		1
595.9		1
596		1
596.1		1
596.2		1
596.3		1
596.4		1
596.5		1
596.6		1
596.7		1
596.8		1
596.9		1
597		1
597.1		1
597.2		1
597.3		1
597.4		1
597.5		1
597.6		1
597.7		1
597.8		1
597.9		1
598		1
598.1		1
598.2		1
598.3		1
598.4		1
598.5		1
598.6		1
598.7		1
598.8		1
598.9		1
599		1
599.1		1
599.2		1
599.3		1
599.4		1
599.5		1
599.6		1
599.7		1
599.8		1
599.9		1
600		1
