# Calibration file of tamex_id 0 @ channel 12
# fine_T bin		 Calibration value
0.1		0
0.2		0
0.3		0
0.4		0
0.5		0
0.6		0
0.7		0
0.8		0
0.9		0
1		0
1.1		0
1.2		0
1.3		0
1.4		0
1.5		0
1.6		0
1.7		0
1.8		0
1.9		0
2		0
2.1		0
2.2		0
2.3		0
2.4		0
2.5		0
2.6		0
2.7		0
2.8		0
2.9		0
3		0
3.1		0
3.2		0
3.3		0
3.4		0
3.5		0
3.6		0
3.7		0
3.8		0
3.9		0
4		0
4.1		0
4.2		0
4.3		0
4.4		0
4.5		0
4.6		0
4.7		0
4.8		0
4.9		0
5		0
5.1		0
5.2		0
5.3		0
5.4		0
5.5		0
5.6		0
5.7		0
5.8		0
5.9		0
6		0
6.1		0
6.2		0
6.3		0
6.4		0
6.5		0
6.6		0
6.7		0
6.8		0
6.9		0
7		0
7.1		0
7.2		0
7.3		0
7.4		0
7.5		0
7.6		0
7.7		0
7.8		0
7.9		0
8		0
8.1		0
8.2		0
8.3		0
8.4		0
8.5		0
8.6		0
8.7		0
8.8		0
8.9		0
9		0
9.1		0
9.2		0
9.3		0
9.4		0
9.5		0
9.6		0
9.7		0
9.8		0
9.9		0
10		0
10.1		0
10.2		0
10.3		0
10.4		0
10.5		0
10.6		0
10.7		0
10.8		0
10.9		0
11		0
11.1		0
11.2		0
11.3		0
11.4		0
11.5		0
11.6		0
11.7		0
11.8		0
11.9		0
12		0
12.1		0
12.2		0
12.3		0
12.4		0
12.5		0
12.6		0
12.7		0
12.8		0
12.9		0
13		0
13.1		0
13.2		0
13.3		0
13.4		0
13.5		0
13.6		0
13.7		0
13.8		0
13.9		0
14		0
14.1		0
14.2		0
14.3		0
14.4		0
14.5		0
14.6		0
14.7		0
14.8		0
14.9		0
15		0
15.1		0
15.2		0
15.3		0
15.4		0
15.5		0
15.6		0
15.7		0
15.8		0
15.9		0
16		0
16.1		0.00599404
16.2		0.00599404
16.3		0.00599404
16.4		0.00599404
16.5		0.00599404
16.6		0.00599404
16.7		0.00599404
16.8		0.00599404
16.9		0.00599404
17		0.00599404
17.1		0.00640357
17.2		0.00640357
17.3		0.00640357
17.4		0.00640357
17.5		0.00640357
17.6		0.00640357
17.7		0.00640357
17.8		0.00640357
17.9		0.00640357
18		0.00640357
18.1		0.0106106
18.2		0.0106106
18.3		0.0106106
18.4		0.0106106
18.5		0.0106106
18.6		0.0106106
18.7		0.0106106
18.8		0.0106106
18.9		0.0106106
19		0.0106106
19.1		0.0117275
19.2		0.0117275
19.3		0.0117275
19.4		0.0117275
19.5		0.0117275
19.6		0.0117275
19.7		0.0117275
19.8		0.0117275
19.9		0.0117275
20		0.0117275
20.1		0.0148548
20.2		0.0148548
20.3		0.0148548
20.4		0.0148548
20.5		0.0148548
20.6		0.0148548
20.7		0.0148548
20.8		0.0148548
20.9		0.0148548
21		0.0148548
21.1		0.0192107
21.2		0.0192107
21.3		0.0192107
21.4		0.0192107
21.5		0.0192107
21.6		0.0192107
21.7		0.0192107
21.8		0.0192107
21.9		0.0192107
22		0.0192107
22.1		0.0213701
22.2		0.0213701
22.3		0.0213701
22.4		0.0213701
22.5		0.0213701
22.6		0.0213701
22.7		0.0213701
22.8		0.0213701
22.9		0.0213701
23		0.0213701
23.1		0.0217051
23.2		0.0217051
23.3		0.0217051
23.4		0.0217051
23.5		0.0217051
23.6		0.0217051
23.7		0.0217051
23.8		0.0217051
23.9		0.0217051
24		0.0217051
24.1		0.0247952
24.2		0.0247952
24.3		0.0247952
24.4		0.0247952
24.5		0.0247952
24.6		0.0247952
24.7		0.0247952
24.8		0.0247952
24.9		0.0247952
25		0.0247952
25.1		0.0268057
25.2		0.0268057
25.3		0.0268057
25.4		0.0268057
25.5		0.0268057
25.6		0.0268057
25.7		0.0268057
25.8		0.0268057
25.9		0.0268057
26		0.0268057
26.1		0.0276247
26.2		0.0276247
26.3		0.0276247
26.4		0.0276247
26.5		0.0276247
26.6		0.0276247
26.7		0.0276247
26.8		0.0276247
26.9		0.0276247
27		0.0276247
27.1		0.0311243
27.2		0.0311243
27.3		0.0311243
27.4		0.0311243
27.5		0.0311243
27.6		0.0311243
27.7		0.0311243
27.8		0.0311243
27.9		0.0311243
28		0.0311243
28.1		0.0329114
28.2		0.0329114
28.3		0.0329114
28.4		0.0329114
28.5		0.0329114
28.6		0.0329114
28.7		0.0329114
28.8		0.0329114
28.9		0.0329114
29		0.0329114
29.1		0.03414
29.2		0.03414
29.3		0.03414
29.4		0.03414
29.5		0.03414
29.6		0.03414
29.7		0.03414
29.8		0.03414
29.9		0.03414
30		0.03414
30.1		0.0352941
30.2		0.0352941
30.3		0.0352941
30.4		0.0352941
30.5		0.0352941
30.6		0.0352941
30.7		0.0352941
30.8		0.0352941
30.9		0.0352941
31		0.0352941
31.1		0.0366716
31.2		0.0366716
31.3		0.0366716
31.4		0.0366716
31.5		0.0366716
31.6		0.0366716
31.7		0.0366716
31.8		0.0366716
31.9		0.0366716
32		0.0366716
32.1		0.0392777
32.2		0.0392777
32.3		0.0392777
32.4		0.0392777
32.5		0.0392777
32.6		0.0392777
32.7		0.0392777
32.8		0.0392777
32.9		0.0392777
33		0.0392777
33.1		0.0424051
33.2		0.0424051
33.3		0.0424051
33.4		0.0424051
33.5		0.0424051
33.6		0.0424051
33.7		0.0424051
33.8		0.0424051
33.9		0.0424051
34		0.0424051
34.1		0.044825
34.2		0.044825
34.3		0.044825
34.4		0.044825
34.5		0.044825
34.6		0.044825
34.7		0.044825
34.8		0.044825
34.9		0.044825
35		0.044825
35.1		0.0462025
35.2		0.0462025
35.3		0.0462025
35.4		0.0462025
35.5		0.0462025
35.6		0.0462025
35.7		0.0462025
35.8		0.0462025
35.9		0.0462025
36		0.0462025
36.1		0.0502606
36.2		0.0502606
36.3		0.0502606
36.4		0.0502606
36.5		0.0502606
36.6		0.0502606
36.7		0.0502606
36.8		0.0502606
36.9		0.0502606
37		0.0502606
37.1		0.051787
37.2		0.051787
37.3		0.051787
37.4		0.051787
37.5		0.051787
37.6		0.051787
37.7		0.051787
37.8		0.051787
37.9		0.051787
38		0.051787
38.1		0.0545421
38.2		0.0545421
38.3		0.0545421
38.4		0.0545421
38.5		0.0545421
38.6		0.0545421
38.7		0.0545421
38.8		0.0545421
38.9		0.0545421
39		0.0545421
39.1		0.0549516
39.2		0.0549516
39.3		0.0549516
39.4		0.0549516
39.5		0.0549516
39.6		0.0549516
39.7		0.0549516
39.8		0.0549516
39.9		0.0549516
40		0.0549516
40.1		0.0577811
40.2		0.0577811
40.3		0.0577811
40.4		0.0577811
40.5		0.0577811
40.6		0.0577811
40.7		0.0577811
40.8		0.0577811
40.9		0.0577811
41		0.0577811
41.1		0.0603872
41.2		0.0603872
41.3		0.0603872
41.4		0.0603872
41.5		0.0603872
41.6		0.0603872
41.7		0.0603872
41.8		0.0603872
41.9		0.0603872
42		0.0603872
42.1		0.0609084
42.2		0.0609084
42.3		0.0609084
42.4		0.0609084
42.5		0.0609084
42.6		0.0609084
42.7		0.0609084
42.8		0.0609084
42.9		0.0609084
43		0.0609084
43.1		0.0630305
43.2		0.0630305
43.3		0.0630305
43.4		0.0630305
43.5		0.0630305
43.6		0.0630305
43.7		0.0630305
43.8		0.0630305
43.9		0.0630305
44		0.0630305
44.1		0.0658228
44.2		0.0658228
44.3		0.0658228
44.4		0.0658228
44.5		0.0658228
44.6		0.0658228
44.7		0.0658228
44.8		0.0658228
44.9		0.0658228
45		0.0658228
45.1		0.0682427
45.2		0.0682427
45.3		0.0682427
45.4		0.0682427
45.5		0.0682427
45.6		0.0682427
45.7		0.0682427
45.8		0.0682427
45.9		0.0682427
46		0.0682427
46.1		0.0712584
46.2		0.0712584
46.3		0.0712584
46.4		0.0712584
46.5		0.0712584
46.6		0.0712584
46.7		0.0712584
46.8		0.0712584
46.9		0.0712584
47		0.0712584
47.1		0.0719285
47.2		0.0719285
47.3		0.0719285
47.4		0.0719285
47.5		0.0719285
47.6		0.0719285
47.7		0.0719285
47.8		0.0719285
47.9		0.0719285
48		0.0719285
48.1		0.0721147
48.2		0.0721147
48.3		0.0721147
48.4		0.0721147
48.5		0.0721147
48.6		0.0721147
48.7		0.0721147
48.8		0.0721147
48.9		0.0721147
49		0.0721147
49.1		0.0733433
49.2		0.0733433
49.3		0.0733433
49.4		0.0733433
49.5		0.0733433
49.6		0.0733433
49.7		0.0733433
49.8		0.0733433
49.9		0.0733433
50		0.0733433
50.1		0.0765823
50.2		0.0765823
50.3		0.0765823
50.4		0.0765823
50.5		0.0765823
50.6		0.0765823
50.7		0.0765823
50.8		0.0765823
50.9		0.0765823
51		0.0765823
51.1		0.0794862
51.2		0.0794862
51.3		0.0794862
51.4		0.0794862
51.5		0.0794862
51.6		0.0794862
51.7		0.0794862
51.8		0.0794862
51.9		0.0794862
52		0.0794862
52.1		0.0813477
52.2		0.0813477
52.3		0.0813477
52.4		0.0813477
52.5		0.0813477
52.6		0.0813477
52.7		0.0813477
52.8		0.0813477
52.9		0.0813477
53		0.0813477
53.1		0.0833582
53.2		0.0833582
53.3		0.0833582
53.4		0.0833582
53.5		0.0833582
53.6		0.0833582
53.7		0.0833582
53.8		0.0833582
53.9		0.0833582
54		0.0833582
54.1		0.0856292
54.2		0.0856292
54.3		0.0856292
54.4		0.0856292
54.5		0.0856292
54.6		0.0856292
54.7		0.0856292
54.8		0.0856292
54.9		0.0856292
55		0.0856292
55.1		0.0871184
55.2		0.0871184
55.3		0.0871184
55.4		0.0871184
55.5		0.0871184
55.6		0.0871184
55.7		0.0871184
55.8		0.0871184
55.9		0.0871184
56		0.0871184
56.1		0.0898362
56.2		0.0898362
56.3		0.0898362
56.4		0.0898362
56.5		0.0898362
56.6		0.0898362
56.7		0.0898362
56.8		0.0898362
56.9		0.0898362
57		0.0898362
57.1		0.0900223
57.2		0.0900223
57.3		0.0900223
57.4		0.0900223
57.5		0.0900223
57.6		0.0900223
57.7		0.0900223
57.8		0.0900223
57.9		0.0900223
58		0.0900223
58.1		0.0959047
58.2		0.0959047
58.3		0.0959047
58.4		0.0959047
58.5		0.0959047
58.6		0.0959047
58.7		0.0959047
58.8		0.0959047
58.9		0.0959047
59		0.0959047
59.1		0.0961653
59.2		0.0961653
59.3		0.0961653
59.4		0.0961653
59.5		0.0961653
59.6		0.0961653
59.7		0.0961653
59.8		0.0961653
59.9		0.0961653
60		0.0961653
60.1		0.0992554
60.2		0.0992554
60.3		0.0992554
60.4		0.0992554
60.5		0.0992554
60.6		0.0992554
60.7		0.0992554
60.8		0.0992554
60.9		0.0992554
61		0.0992554
61.1		0.0995905
61.2		0.0995905
61.3		0.0995905
61.4		0.0995905
61.5		0.0995905
61.6		0.0995905
61.7		0.0995905
61.8		0.0995905
61.9		0.0995905
62		0.0995905
62.1		0.101973
62.2		0.101973
62.3		0.101973
62.4		0.101973
62.5		0.101973
62.6		0.101973
62.7		0.101973
62.8		0.101973
62.9		0.101973
63		0.101973
63.1		0.103425
63.2		0.103425
63.3		0.103425
63.4		0.103425
63.5		0.103425
63.6		0.103425
63.7		0.103425
63.8		0.103425
63.9		0.103425
64		0.103425
64.1		0.106999
64.2		0.106999
64.3		0.106999
64.4		0.106999
64.5		0.106999
64.6		0.106999
64.7		0.106999
64.8		0.106999
64.9		0.106999
65		0.106999
65.1		0.108637
65.2		0.108637
65.3		0.108637
65.4		0.108637
65.5		0.108637
65.6		0.108637
65.7		0.108637
65.8		0.108637
65.9		0.108637
66		0.108637
66.1		0.109196
66.2		0.109196
66.3		0.109196
66.4		0.109196
66.5		0.109196
66.6		0.109196
66.7		0.109196
66.8		0.109196
66.9		0.109196
67		0.109196
67.1		0.109196
67.2		0.109196
67.3		0.109196
67.4		0.109196
67.5		0.109196
67.6		0.109196
67.7		0.109196
67.8		0.109196
67.9		0.109196
68		0.109196
68.1		0.112286
68.2		0.112286
68.3		0.112286
68.4		0.112286
68.5		0.112286
68.6		0.112286
68.7		0.112286
68.8		0.112286
68.9		0.112286
69		0.112286
69.1		0.115115
69.2		0.115115
69.3		0.115115
69.4		0.115115
69.5		0.115115
69.6		0.115115
69.7		0.115115
69.8		0.115115
69.9		0.115115
70		0.115115
70.1		0.115264
70.2		0.115264
70.3		0.115264
70.4		0.115264
70.5		0.115264
70.6		0.115264
70.7		0.115264
70.8		0.115264
70.9		0.115264
71		0.115264
71.1		0.119509
71.2		0.119509
71.3		0.119509
71.4		0.119509
71.5		0.119509
71.6		0.119509
71.7		0.119509
71.8		0.119509
71.9		0.119509
72		0.119509
72.1		0.120886
72.2		0.120886
72.3		0.120886
72.4		0.120886
72.5		0.120886
72.6		0.120886
72.7		0.120886
72.8		0.120886
72.9		0.120886
73		0.120886
73.1		0.123269
73.2		0.123269
73.3		0.123269
73.4		0.123269
73.5		0.123269
73.6		0.123269
73.7		0.123269
73.8		0.123269
73.9		0.123269
74		0.123269
74.1		0.12446
74.2		0.12446
74.3		0.12446
74.4		0.12446
74.5		0.12446
74.6		0.12446
74.7		0.12446
74.8		0.12446
74.9		0.12446
75		0.12446
75.1		0.126433
75.2		0.126433
75.3		0.126433
75.4		0.126433
75.5		0.126433
75.6		0.126433
75.7		0.126433
75.8		0.126433
75.9		0.126433
76		0.126433
76.1		0.128593
76.2		0.128593
76.3		0.128593
76.4		0.128593
76.5		0.128593
76.6		0.128593
76.7		0.128593
76.8		0.128593
76.9		0.128593
77		0.128593
77.1		0.130231
77.2		0.130231
77.3		0.130231
77.4		0.130231
77.5		0.130231
77.6		0.130231
77.7		0.130231
77.8		0.130231
77.9		0.130231
78		0.130231
78.1		0.133805
78.2		0.133805
78.3		0.133805
78.4		0.133805
78.5		0.133805
78.6		0.133805
78.7		0.133805
78.8		0.133805
78.9		0.133805
79		0.133805
79.1		0.13589
79.2		0.13589
79.3		0.13589
79.4		0.13589
79.5		0.13589
79.6		0.13589
79.7		0.13589
79.8		0.13589
79.9		0.13589
80		0.13589
80.1		0.138012
80.2		0.138012
80.3		0.138012
80.4		0.138012
80.5		0.138012
80.6		0.138012
80.7		0.138012
80.8		0.138012
80.9		0.138012
81		0.138012
81.1		0.14099
81.2		0.14099
81.3		0.14099
81.4		0.14099
81.5		0.14099
81.6		0.14099
81.7		0.14099
81.8		0.14099
81.9		0.14099
82		0.14099
82.1		0.141772
82.2		0.141772
82.3		0.141772
82.4		0.141772
82.5		0.141772
82.6		0.141772
82.7		0.141772
82.8		0.141772
82.9		0.141772
83		0.141772
83.1		0.142331
83.2		0.142331
83.3		0.142331
83.4		0.142331
83.5		0.142331
83.6		0.142331
83.7		0.142331
83.8		0.142331
83.9		0.142331
84		0.142331
84.1		0.14691
84.2		0.14691
84.3		0.14691
84.4		0.14691
84.5		0.14691
84.6		0.14691
84.7		0.14691
84.8		0.14691
84.9		0.14691
85		0.14691
85.1		0.14825
85.2		0.14825
85.3		0.14825
85.4		0.14825
85.5		0.14825
85.6		0.14825
85.7		0.14825
85.8		0.14825
85.9		0.14825
86		0.14825
86.1		0.149665
86.2		0.149665
86.3		0.149665
86.4		0.149665
86.5		0.149665
86.6		0.149665
86.7		0.149665
86.8		0.149665
86.9		0.149665
87		0.149665
87.1		0.152755
87.2		0.152755
87.3		0.152755
87.4		0.152755
87.5		0.152755
87.6		0.152755
87.7		0.152755
87.8		0.152755
87.9		0.152755
88		0.152755
88.1		0.15309
88.2		0.15309
88.3		0.15309
88.4		0.15309
88.5		0.15309
88.6		0.15309
88.7		0.15309
88.8		0.15309
88.9		0.15309
89		0.15309
89.1		0.154803
89.2		0.154803
89.3		0.154803
89.4		0.154803
89.5		0.154803
89.6		0.154803
89.7		0.154803
89.8		0.154803
89.9		0.154803
90		0.154803
90.1		0.155175
90.2		0.155175
90.3		0.155175
90.4		0.155175
90.5		0.155175
90.6		0.155175
90.7		0.155175
90.8		0.155175
90.9		0.155175
91		0.155175
91.1		0.16035
91.2		0.16035
91.3		0.16035
91.4		0.16035
91.5		0.16035
91.6		0.16035
91.7		0.16035
91.8		0.16035
91.9		0.16035
92		0.16035
92.1		0.162398
92.2		0.162398
92.3		0.162398
92.4		0.162398
92.5		0.162398
92.6		0.162398
92.7		0.162398
92.8		0.162398
92.9		0.162398
93		0.162398
93.1		0.162807
93.2		0.162807
93.3		0.162807
93.4		0.162807
93.5		0.162807
93.6		0.162807
93.7		0.162807
93.8		0.162807
93.9		0.162807
94		0.162807
94.1		0.163663
94.2		0.163663
94.3		0.163663
94.4		0.163663
94.5		0.163663
94.6		0.163663
94.7		0.163663
94.8		0.163663
94.9		0.163663
95		0.163663
95.1		0.166977
95.2		0.166977
95.3		0.166977
95.4		0.166977
95.5		0.166977
95.6		0.166977
95.7		0.166977
95.8		0.166977
95.9		0.166977
96		0.166977
96.1		0.168206
96.2		0.168206
96.3		0.168206
96.4		0.168206
96.5		0.168206
96.6		0.168206
96.7		0.168206
96.8		0.168206
96.9		0.168206
97		0.168206
97.1		0.171854
97.2		0.171854
97.3		0.171854
97.4		0.171854
97.5		0.171854
97.6		0.171854
97.7		0.171854
97.8		0.171854
97.9		0.171854
98		0.171854
98.1		0.175242
98.2		0.175242
98.3		0.175242
98.4		0.175242
98.5		0.175242
98.6		0.175242
98.7		0.175242
98.8		0.175242
98.9		0.175242
99		0.175242
99.1		0.17621
99.2		0.17621
99.3		0.17621
99.4		0.17621
99.5		0.17621
99.6		0.17621
99.7		0.17621
99.8		0.17621
99.9		0.17621
100		0.17621
100.1		0.177774
100.2		0.177774
100.3		0.177774
100.4		0.177774
100.5		0.177774
100.6		0.177774
100.7		0.177774
100.8		0.177774
100.9		0.177774
101		0.177774
101.1		0.179337
101.2		0.179337
101.3		0.179337
101.4		0.179337
101.5		0.179337
101.6		0.179337
101.7		0.179337
101.8		0.179337
101.9		0.179337
102		0.179337
102.1		0.179598
102.2		0.179598
102.3		0.179598
102.4		0.179598
102.5		0.179598
102.6		0.179598
102.7		0.179598
102.8		0.179598
102.9		0.179598
103		0.179598
103.1		0.184661
103.2		0.184661
103.3		0.184661
103.4		0.184661
103.5		0.184661
103.6		0.184661
103.7		0.184661
103.8		0.184661
103.9		0.184661
104		0.184661
104.1		0.18522
104.2		0.18522
104.3		0.18522
104.4		0.18522
104.5		0.18522
104.6		0.18522
104.7		0.18522
104.8		0.18522
104.9		0.18522
105		0.18522
105.1		0.187453
105.2		0.187453
105.3		0.187453
105.4		0.187453
105.5		0.187453
105.6		0.187453
105.7		0.187453
105.8		0.187453
105.9		0.187453
106		0.187453
106.1		0.189092
106.2		0.189092
106.3		0.189092
106.4		0.189092
106.5		0.189092
106.6		0.189092
106.7		0.189092
106.8		0.189092
106.9		0.189092
107		0.189092
107.1		0.191028
107.2		0.191028
107.3		0.191028
107.4		0.191028
107.5		0.191028
107.6		0.191028
107.7		0.191028
107.8		0.191028
107.9		0.191028
108		0.191028
108.1		0.192815
108.2		0.192815
108.3		0.192815
108.4		0.192815
108.5		0.192815
108.6		0.192815
108.7		0.192815
108.8		0.192815
108.9		0.192815
109		0.192815
109.1		0.194974
109.2		0.194974
109.3		0.194974
109.4		0.194974
109.5		0.194974
109.6		0.194974
109.7		0.194974
109.8		0.194974
109.9		0.194974
110		0.194974
110.1		0.198697
110.2		0.198697
110.3		0.198697
110.4		0.198697
110.5		0.198697
110.6		0.198697
110.7		0.198697
110.8		0.198697
110.9		0.198697
111		0.198697
111.1		0.199181
111.2		0.199181
111.3		0.199181
111.4		0.199181
111.5		0.199181
111.6		0.199181
111.7		0.199181
111.8		0.199181
111.9		0.199181
112		0.199181
112.1		0.200484
112.2		0.200484
112.3		0.200484
112.4		0.200484
112.5		0.200484
112.6		0.200484
112.7		0.200484
112.8		0.200484
112.9		0.200484
113		0.200484
113.1		0.202494
113.2		0.202494
113.3		0.202494
113.4		0.202494
113.5		0.202494
113.6		0.202494
113.7		0.202494
113.8		0.202494
113.9		0.202494
114		0.202494
114.1		0.204952
114.2		0.204952
114.3		0.204952
114.4		0.204952
114.5		0.204952
114.6		0.204952
114.7		0.204952
114.8		0.204952
114.9		0.204952
115		0.204952
115.1		0.207558
115.2		0.207558
115.3		0.207558
115.4		0.207558
115.5		0.207558
115.6		0.207558
115.7		0.207558
115.8		0.207558
115.9		0.207558
116		0.207558
116.1		0.208153
116.2		0.208153
116.3		0.208153
116.4		0.208153
116.5		0.208153
116.6		0.208153
116.7		0.208153
116.8		0.208153
116.9		0.208153
117		0.208153
117.1		0.212249
117.2		0.212249
117.3		0.212249
117.4		0.212249
117.5		0.212249
117.6		0.212249
117.7		0.212249
117.8		0.212249
117.9		0.212249
118		0.212249
118.1		0.213254
118.2		0.213254
118.3		0.213254
118.4		0.213254
118.5		0.213254
118.6		0.213254
118.7		0.213254
118.8		0.213254
118.9		0.213254
119		0.213254
119.1		0.214185
119.2		0.214185
119.3		0.214185
119.4		0.214185
119.5		0.214185
119.6		0.214185
119.7		0.214185
119.8		0.214185
119.9		0.214185
120		0.214185
120.1		0.217126
120.2		0.217126
120.3		0.217126
120.4		0.217126
120.5		0.217126
120.6		0.217126
120.7		0.217126
120.8		0.217126
120.9		0.217126
121		0.217126
121.1		0.217982
121.2		0.217982
121.3		0.217982
121.4		0.217982
121.5		0.217982
121.6		0.217982
121.7		0.217982
121.8		0.217982
121.9		0.217982
122		0.217982
122.1		0.222264
122.2		0.222264
122.3		0.222264
122.4		0.222264
122.5		0.222264
122.6		0.222264
122.7		0.222264
122.8		0.222264
122.9		0.222264
123		0.222264
123.1		0.223418
123.2		0.223418
123.3		0.223418
123.4		0.223418
123.5		0.223418
123.6		0.223418
123.7		0.223418
123.8		0.223418
123.9		0.223418
124		0.223418
124.1		0.224832
124.2		0.224832
124.3		0.224832
124.4		0.224832
124.5		0.224832
124.6		0.224832
124.7		0.224832
124.8		0.224832
124.9		0.224832
125		0.224832
125.1		0.225205
125.2		0.225205
125.3		0.225205
125.4		0.225205
125.5		0.225205
125.6		0.225205
125.7		0.225205
125.8		0.225205
125.9		0.225205
126		0.225205
126.1		0.231273
126.2		0.231273
126.3		0.231273
126.4		0.231273
126.5		0.231273
126.6		0.231273
126.7		0.231273
126.8		0.231273
126.9		0.231273
127		0.231273
127.1		0.231646
127.2		0.231646
127.3		0.231646
127.4		0.231646
127.5		0.231646
127.6		0.231646
127.7		0.231646
127.8		0.231646
127.9		0.231646
128		0.231646
128.1		0.232055
128.2		0.232055
128.3		0.232055
128.4		0.232055
128.5		0.232055
128.6		0.232055
128.7		0.232055
128.8		0.232055
128.9		0.232055
129		0.232055
129.1		0.235964
129.2		0.235964
129.3		0.235964
129.4		0.235964
129.5		0.235964
129.6		0.235964
129.7		0.235964
129.8		0.235964
129.9		0.235964
130		0.235964
130.1		0.238794
130.2		0.238794
130.3		0.238794
130.4		0.238794
130.5		0.238794
130.6		0.238794
130.7		0.238794
130.8		0.238794
130.9		0.238794
131		0.238794
131.1		0.240879
131.2		0.240879
131.3		0.240879
131.4		0.240879
131.5		0.240879
131.6		0.240879
131.7		0.240879
131.8		0.240879
131.9		0.240879
132		0.240879
132.1		0.241512
132.2		0.241512
132.3		0.241512
132.4		0.241512
132.5		0.241512
132.6		0.241512
132.7		0.241512
132.8		0.241512
132.9		0.241512
133		0.241512
133.1		0.243261
133.2		0.243261
133.3		0.243261
133.4		0.243261
133.5		0.243261
133.6		0.243261
133.7		0.243261
133.8		0.243261
133.9		0.243261
134		0.243261
134.1		0.243485
134.2		0.243485
134.3		0.243485
134.4		0.243485
134.5		0.243485
134.6		0.243485
134.7		0.243485
134.8		0.243485
134.9		0.243485
135		0.243485
135.1		0.247208
135.2		0.247208
135.3		0.247208
135.4		0.247208
135.5		0.247208
135.6		0.247208
135.7		0.247208
135.8		0.247208
135.9		0.247208
136		0.247208
136.1		0.251117
136.2		0.251117
136.3		0.251117
136.4		0.251117
136.5		0.251117
136.6		0.251117
136.7		0.251117
136.8		0.251117
136.9		0.251117
137		0.251117
137.1		0.253239
137.2		0.253239
137.3		0.253239
137.4		0.253239
137.5		0.253239
137.6		0.253239
137.7		0.253239
137.8		0.253239
137.9		0.253239
138		0.253239
138.1		0.253574
138.2		0.253574
138.3		0.253574
138.4		0.253574
138.5		0.253574
138.6		0.253574
138.7		0.253574
138.8		0.253574
138.9		0.253574
139		0.253574
139.1		0.254058
139.2		0.254058
139.3		0.254058
139.4		0.254058
139.5		0.254058
139.6		0.254058
139.7		0.254058
139.8		0.254058
139.9		0.254058
140		0.254058
140.1		0.257297
140.2		0.257297
140.3		0.257297
140.4		0.257297
140.5		0.257297
140.6		0.257297
140.7		0.257297
140.8		0.257297
140.9		0.257297
141		0.257297
141.1		0.257893
141.2		0.257893
141.3		0.257893
141.4		0.257893
141.5		0.257893
141.6		0.257893
141.7		0.257893
141.8		0.257893
141.9		0.257893
142		0.257893
142.1		0.264669
142.2		0.264669
142.3		0.264669
142.4		0.264669
142.5		0.264669
142.6		0.264669
142.7		0.264669
142.8		0.264669
142.9		0.264669
143		0.264669
143.1		0.264818
143.2		0.264818
143.3		0.264818
143.4		0.264818
143.5		0.264818
143.6		0.264818
143.7		0.264818
143.8		0.264818
143.9		0.264818
144		0.264818
144.1		0.264966
144.2		0.264966
144.3		0.264966
144.4		0.264966
144.5		0.264966
144.6		0.264966
144.7		0.264966
144.8		0.264966
144.9		0.264966
145		0.264966
145.1		0.266195
145.2		0.266195
145.3		0.266195
145.4		0.266195
145.5		0.266195
145.6		0.266195
145.7		0.266195
145.8		0.266195
145.9		0.266195
146		0.266195
146.1		0.26895
146.2		0.26895
146.3		0.26895
146.4		0.26895
146.5		0.26895
146.6		0.26895
146.7		0.26895
146.8		0.26895
146.9		0.26895
147		0.26895
147.1		0.272077
147.2		0.272077
147.3		0.272077
147.4		0.272077
147.5		0.272077
147.6		0.272077
147.7		0.272077
147.8		0.272077
147.9		0.272077
148		0.272077
148.1		0.276731
148.2		0.276731
148.3		0.276731
148.4		0.276731
148.5		0.276731
148.6		0.276731
148.7		0.276731
148.8		0.276731
148.9		0.276731
149		0.276731
149.1		0.278258
149.2		0.278258
149.3		0.278258
149.4		0.278258
149.5		0.278258
149.6		0.278258
149.7		0.278258
149.8		0.278258
149.9		0.278258
150		0.278258
150.1		0.278555
150.2		0.278555
150.3		0.278555
150.4		0.278555
150.5		0.278555
150.6		0.278555
150.7		0.278555
150.8		0.278555
150.9		0.278555
151		0.278555
151.1		0.278891
151.2		0.278891
151.3		0.278891
151.4		0.278891
151.5		0.278891
151.6		0.278891
151.7		0.278891
151.8		0.278891
151.9		0.278891
152		0.278891
152.1		0.282465
152.2		0.282465
152.3		0.282465
152.4		0.282465
152.5		0.282465
152.6		0.282465
152.7		0.282465
152.8		0.282465
152.9		0.282465
153		0.282465
153.1		0.286374
153.2		0.286374
153.3		0.286374
153.4		0.286374
153.5		0.286374
153.6		0.286374
153.7		0.286374
153.8		0.286374
153.9		0.286374
154		0.286374
154.1		0.288273
154.2		0.288273
154.3		0.288273
154.4		0.288273
154.5		0.288273
154.6		0.288273
154.7		0.288273
154.8		0.288273
154.9		0.288273
155		0.288273
155.1		0.288273
155.2		0.288273
155.3		0.288273
155.4		0.288273
155.5		0.288273
155.6		0.288273
155.7		0.288273
155.8		0.288273
155.9		0.288273
156		0.288273
156.1		0.289911
156.2		0.289911
156.3		0.289911
156.4		0.289911
156.5		0.289911
156.6		0.289911
156.7		0.289911
156.8		0.289911
156.9		0.289911
157		0.289911
157.1		0.291251
157.2		0.291251
157.3		0.291251
157.4		0.291251
157.5		0.291251
157.6		0.291251
157.7		0.291251
157.8		0.291251
157.9		0.291251
158		0.291251
158.1		0.296314
158.2		0.296314
158.3		0.296314
158.4		0.296314
158.5		0.296314
158.6		0.296314
158.7		0.296314
158.8		0.296314
158.9		0.296314
159		0.296314
159.1		0.299367
159.2		0.299367
159.3		0.299367
159.4		0.299367
159.5		0.299367
159.6		0.299367
159.7		0.299367
159.8		0.299367
159.9		0.299367
160		0.299367
160.1		0.300633
160.2		0.300633
160.3		0.300633
160.4		0.300633
160.5		0.300633
160.6		0.300633
160.7		0.300633
160.8		0.300633
160.9		0.300633
161		0.300633
161.1		0.302048
161.2		0.302048
161.3		0.302048
161.4		0.302048
161.5		0.302048
161.6		0.302048
161.7		0.302048
161.8		0.302048
161.9		0.302048
162		0.302048
162.1		0.306106
162.2		0.306106
162.3		0.306106
162.4		0.306106
162.5		0.306106
162.6		0.306106
162.7		0.306106
162.8		0.306106
162.9		0.306106
163		0.306106
163.1		0.307036
163.2		0.307036
163.3		0.307036
163.4		0.307036
163.5		0.307036
163.6		0.307036
163.7		0.307036
163.8		0.307036
163.9		0.307036
164		0.307036
164.1		0.307595
164.2		0.307595
164.3		0.307595
164.4		0.307595
164.5		0.307595
164.6		0.307595
164.7		0.307595
164.8		0.307595
164.9		0.307595
165		0.307595
165.1		0.313626
165.2		0.313626
165.3		0.313626
165.4		0.313626
165.5		0.313626
165.6		0.313626
165.7		0.313626
165.8		0.313626
165.9		0.313626
166		0.313626
166.1		0.313961
166.2		0.313961
166.3		0.313961
166.4		0.313961
166.5		0.313961
166.6		0.313961
166.7		0.313961
166.8		0.313961
166.9		0.313961
167		0.313961
167.1		0.315786
167.2		0.315786
167.3		0.315786
167.4		0.315786
167.5		0.315786
167.6		0.315786
167.7		0.315786
167.8		0.315786
167.9		0.315786
168		0.315786
168.1		0.319695
168.2		0.319695
168.3		0.319695
168.4		0.319695
168.5		0.319695
168.6		0.319695
168.7		0.319695
168.8		0.319695
168.9		0.319695
169		0.319695
169.1		0.319881
169.2		0.319881
169.3		0.319881
169.4		0.319881
169.5		0.319881
169.6		0.319881
169.7		0.319881
169.8		0.319881
169.9		0.319881
170		0.319881
170.1		0.32379
170.2		0.32379
170.3		0.32379
170.4		0.32379
170.5		0.32379
170.6		0.32379
170.7		0.32379
170.8		0.32379
170.9		0.32379
171		0.32379
171.1		0.325577
171.2		0.325577
171.3		0.325577
171.4		0.325577
171.5		0.325577
171.6		0.325577
171.7		0.325577
171.8		0.325577
171.9		0.325577
172		0.325577
172.1		0.325838
172.2		0.325838
172.3		0.325838
172.4		0.325838
172.5		0.325838
172.6		0.325838
172.7		0.325838
172.8		0.325838
172.9		0.325838
173		0.325838
173.1		0.329151
173.2		0.329151
173.3		0.329151
173.4		0.329151
173.5		0.329151
173.6		0.329151
173.7		0.329151
173.8		0.329151
173.9		0.329151
174		0.329151
174.1		0.33414
174.2		0.33414
174.3		0.33414
174.4		0.33414
174.5		0.33414
174.6		0.33414
174.7		0.33414
174.8		0.33414
174.9		0.33414
175		0.33414
175.1		0.33522
175.2		0.33522
175.3		0.33522
175.4		0.33522
175.5		0.33522
175.6		0.33522
175.7		0.33522
175.8		0.33522
175.9		0.33522
176		0.33522
176.1		0.336597
176.2		0.336597
176.3		0.336597
176.4		0.336597
176.5		0.336597
176.6		0.336597
176.7		0.336597
176.8		0.336597
176.9		0.336597
177		0.336597
177.1		0.337863
177.2		0.337863
177.3		0.337863
177.4		0.337863
177.5		0.337863
177.6		0.337863
177.7		0.337863
177.8		0.337863
177.9		0.337863
178		0.337863
178.1		0.339166
178.2		0.339166
178.3		0.339166
178.4		0.339166
178.5		0.339166
178.6		0.339166
178.7		0.339166
178.8		0.339166
178.9		0.339166
179		0.339166
179.1		0.340469
179.2		0.340469
179.3		0.340469
179.4		0.340469
179.5		0.340469
179.6		0.340469
179.7		0.340469
179.8		0.340469
179.9		0.340469
180		0.340469
180.1		0.343931
180.2		0.343931
180.3		0.343931
180.4		0.343931
180.5		0.343931
180.6		0.343931
180.7		0.343931
180.8		0.343931
180.9		0.343931
181		0.343931
181.1		0.346351
181.2		0.346351
181.3		0.346351
181.4		0.346351
181.5		0.346351
181.6		0.346351
181.7		0.346351
181.8		0.346351
181.9		0.346351
182		0.346351
182.1		0.348995
182.2		0.348995
182.3		0.348995
182.4		0.348995
182.5		0.348995
182.6		0.348995
182.7		0.348995
182.8		0.348995
182.9		0.348995
183		0.348995
183.1		0.349479
183.2		0.349479
183.3		0.349479
183.4		0.349479
183.5		0.349479
183.6		0.349479
183.7		0.349479
183.8		0.349479
183.9		0.349479
184		0.349479
184.1		0.351824
184.2		0.351824
184.3		0.351824
184.4		0.351824
184.5		0.351824
184.6		0.351824
184.7		0.351824
184.8		0.351824
184.9		0.351824
185		0.351824
185.1		0.352569
185.2		0.352569
185.3		0.352569
185.4		0.352569
185.5		0.352569
185.6		0.352569
185.7		0.352569
185.8		0.352569
185.9		0.352569
186		0.352569
186.1		0.356255
186.2		0.356255
186.3		0.356255
186.4		0.356255
186.5		0.356255
186.6		0.356255
186.7		0.356255
186.8		0.356255
186.9		0.356255
187		0.356255
187.1		0.360797
187.2		0.360797
187.3		0.360797
187.4		0.360797
187.5		0.360797
187.6		0.360797
187.7		0.360797
187.8		0.360797
187.9		0.360797
188		0.360797
188.1		0.361765
188.2		0.361765
188.3		0.361765
188.4		0.361765
188.5		0.361765
188.6		0.361765
188.7		0.361765
188.8		0.361765
188.9		0.361765
189		0.361765
189.1		0.362844
189.2		0.362844
189.3		0.362844
189.4		0.362844
189.5		0.362844
189.6		0.362844
189.7		0.362844
189.8		0.362844
189.9		0.362844
190		0.362844
190.1		0.362993
190.2		0.362993
190.3		0.362993
190.4		0.362993
190.5		0.362993
190.6		0.362993
190.7		0.362993
190.8		0.362993
190.9		0.362993
191		0.362993
191.1		0.364892
191.2		0.364892
191.3		0.364892
191.4		0.364892
191.5		0.364892
191.6		0.364892
191.7		0.364892
191.8		0.364892
191.9		0.364892
192		0.364892
192.1		0.367312
192.2		0.367312
192.3		0.367312
192.4		0.367312
192.5		0.367312
192.6		0.367312
192.7		0.367312
192.8		0.367312
192.9		0.367312
193		0.367312
193.1		0.372077
193.2		0.372077
193.3		0.372077
193.4		0.372077
193.5		0.372077
193.6		0.372077
193.7		0.372077
193.8		0.372077
193.9		0.372077
194		0.372077
194.1		0.374907
194.2		0.374907
194.3		0.374907
194.4		0.374907
194.5		0.374907
194.6		0.374907
194.7		0.374907
194.8		0.374907
194.9		0.374907
195		0.374907
195.1		0.376284
195.2		0.376284
195.3		0.376284
195.4		0.376284
195.5		0.376284
195.6		0.376284
195.7		0.376284
195.8		0.376284
195.9		0.376284
196		0.376284
196.1		0.376433
196.2		0.376433
196.3		0.376433
196.4		0.376433
196.5		0.376433
196.6		0.376433
196.7		0.376433
196.8		0.376433
196.9		0.376433
197		0.376433
197.1		0.37971
197.2		0.37971
197.3		0.37971
197.4		0.37971
197.5		0.37971
197.6		0.37971
197.7		0.37971
197.8		0.37971
197.9		0.37971
198		0.37971
198.1		0.379896
198.2		0.379896
198.3		0.379896
198.4		0.379896
198.5		0.379896
198.6		0.379896
198.7		0.379896
198.8		0.379896
198.9		0.379896
199		0.379896
199.1		0.380268
199.2		0.380268
199.3		0.380268
199.4		0.380268
199.5		0.380268
199.6		0.380268
199.7		0.380268
199.8		0.380268
199.9		0.380268
200		0.380268
200.1		0.384922
200.2		0.384922
200.3		0.384922
200.4		0.384922
200.5		0.384922
200.6		0.384922
200.7		0.384922
200.8		0.384922
200.9		0.384922
201		0.384922
201.1		0.387565
201.2		0.387565
201.3		0.387565
201.4		0.387565
201.5		0.387565
201.6		0.387565
201.7		0.387565
201.8		0.387565
201.9		0.387565
202		0.387565
202.1		0.387863
202.2		0.387863
202.3		0.387863
202.4		0.387863
202.5		0.387863
202.6		0.387863
202.7		0.387863
202.8		0.387863
202.9		0.387863
203		0.387863
203.1		0.39032
203.2		0.39032
203.3		0.39032
203.4		0.39032
203.5		0.39032
203.6		0.39032
203.7		0.39032
203.8		0.39032
203.9		0.39032
204		0.39032
204.1		0.394415
204.2		0.394415
204.3		0.394415
204.4		0.394415
204.5		0.394415
204.6		0.394415
204.7		0.394415
204.8		0.394415
204.9		0.394415
205		0.394415
205.1		0.394713
205.2		0.394713
205.3		0.394713
205.4		0.394713
205.5		0.394713
205.6		0.394713
205.7		0.394713
205.8		0.394713
205.9		0.394713
206		0.394713
206.1		0.397282
206.2		0.397282
206.3		0.397282
206.4		0.397282
206.5		0.397282
206.6		0.397282
206.7		0.397282
206.8		0.397282
206.9		0.397282
207		0.397282
207.1		0.399479
207.2		0.399479
207.3		0.399479
207.4		0.399479
207.5		0.399479
207.6		0.399479
207.7		0.399479
207.8		0.399479
207.9		0.399479
208		0.399479
208.1		0.402718
208.2		0.402718
208.3		0.402718
208.4		0.402718
208.5		0.402718
208.6		0.402718
208.7		0.402718
208.8		0.402718
208.9		0.402718
209		0.402718
209.1		0.403127
209.2		0.403127
209.3		0.403127
209.4		0.403127
209.5		0.403127
209.6		0.403127
209.7		0.403127
209.8		0.403127
209.9		0.403127
210		0.403127
210.1		0.405696
210.2		0.405696
210.3		0.405696
210.4		0.405696
210.5		0.405696
210.6		0.405696
210.7		0.405696
210.8		0.405696
210.9		0.405696
211		0.405696
211.1		0.407074
211.2		0.407074
211.3		0.407074
211.4		0.407074
211.5		0.407074
211.6		0.407074
211.7		0.407074
211.8		0.407074
211.9		0.407074
212		0.407074
212.1		0.409829
212.2		0.409829
212.3		0.409829
212.4		0.409829
212.5		0.409829
212.6		0.409829
212.7		0.409829
212.8		0.409829
212.9		0.409829
213		0.409829
213.1		0.413068
213.2		0.413068
213.3		0.413068
213.4		0.413068
213.5		0.413068
213.6		0.413068
213.7		0.413068
213.8		0.413068
213.9		0.413068
214		0.413068
214.1		0.414222
214.2		0.414222
214.3		0.414222
214.4		0.414222
214.5		0.414222
214.6		0.414222
214.7		0.414222
214.8		0.414222
214.9		0.414222
215		0.414222
215.1		0.414445
215.2		0.414445
215.3		0.414445
215.4		0.414445
215.5		0.414445
215.6		0.414445
215.7		0.414445
215.8		0.414445
215.9		0.414445
216		0.414445
216.1		0.418764
216.2		0.418764
216.3		0.418764
216.4		0.418764
216.5		0.418764
216.6		0.418764
216.7		0.418764
216.8		0.418764
216.9		0.418764
217		0.418764
217.1		0.419136
217.2		0.419136
217.3		0.419136
217.4		0.419136
217.5		0.419136
217.6		0.419136
217.7		0.419136
217.8		0.419136
217.9		0.419136
218		0.419136
218.1		0.421258
218.2		0.421258
218.3		0.421258
218.4		0.421258
218.5		0.421258
218.6		0.421258
218.7		0.421258
218.8		0.421258
218.9		0.421258
219		0.421258
219.1		0.423753
219.2		0.423753
219.3		0.423753
219.4		0.423753
219.5		0.423753
219.6		0.423753
219.7		0.423753
219.8		0.423753
219.9		0.423753
220		0.423753
220.1		0.427252
220.2		0.427252
220.3		0.427252
220.4		0.427252
220.5		0.427252
220.6		0.427252
220.7		0.427252
220.8		0.427252
220.9		0.427252
221		0.427252
221.1		0.428258
221.2		0.428258
221.3		0.428258
221.4		0.428258
221.5		0.428258
221.6		0.428258
221.7		0.428258
221.8		0.428258
221.9		0.428258
222		0.428258
222.1		0.429449
222.2		0.429449
222.3		0.429449
222.4		0.429449
222.5		0.429449
222.6		0.429449
222.7		0.429449
222.8		0.429449
222.9		0.429449
223		0.429449
223.1		0.432055
223.2		0.432055
223.3		0.432055
223.4		0.432055
223.5		0.432055
223.6		0.432055
223.7		0.432055
223.8		0.432055
223.9		0.432055
224		0.432055
224.1		0.432539
224.2		0.432539
224.3		0.432539
224.4		0.432539
224.5		0.432539
224.6		0.432539
224.7		0.432539
224.8		0.432539
224.9		0.432539
225		0.432539
225.1		0.435964
225.2		0.435964
225.3		0.435964
225.4		0.435964
225.5		0.435964
225.6		0.435964
225.7		0.435964
225.8		0.435964
225.9		0.435964
226		0.435964
226.1		0.437565
226.2		0.437565
226.3		0.437565
226.4		0.437565
226.5		0.437565
226.6		0.437565
226.7		0.437565
226.8		0.437565
226.9		0.437565
227		0.437565
227.1		0.440246
227.2		0.440246
227.3		0.440246
227.4		0.440246
227.5		0.440246
227.6		0.440246
227.7		0.440246
227.8		0.440246
227.9		0.440246
228		0.440246
228.1		0.440953
228.2		0.440953
228.3		0.440953
228.4		0.440953
228.5		0.440953
228.6		0.440953
228.7		0.440953
228.8		0.440953
228.9		0.440953
229		0.440953
229.1		0.444899
229.2		0.444899
229.3		0.444899
229.4		0.444899
229.5		0.444899
229.6		0.444899
229.7		0.444899
229.8		0.444899
229.9		0.444899
230		0.444899
230.1		0.445942
230.2		0.445942
230.3		0.445942
230.4		0.445942
230.5		0.445942
230.6		0.445942
230.7		0.445942
230.8		0.445942
230.9		0.445942
231		0.445942
231.1		0.448474
231.2		0.448474
231.3		0.448474
231.4		0.448474
231.5		0.448474
231.6		0.448474
231.7		0.448474
231.8		0.448474
231.9		0.448474
232		0.448474
232.1		0.451191
232.2		0.451191
232.3		0.451191
232.4		0.451191
232.5		0.451191
232.6		0.451191
232.7		0.451191
232.8		0.451191
232.9		0.451191
233		0.451191
233.1		0.452681
233.2		0.452681
233.3		0.452681
233.4		0.452681
233.5		0.452681
233.6		0.452681
233.7		0.452681
233.8		0.452681
233.9		0.452681
234		0.452681
234.1		0.453127
234.2		0.453127
234.3		0.453127
234.4		0.453127
234.5		0.453127
234.6		0.453127
234.7		0.453127
234.8		0.453127
234.9		0.453127
235		0.453127
235.1		0.455324
235.2		0.455324
235.3		0.455324
235.4		0.455324
235.5		0.455324
235.6		0.455324
235.7		0.455324
235.8		0.455324
235.9		0.455324
236		0.455324
236.1		0.456962
236.2		0.456962
236.3		0.456962
236.4		0.456962
236.5		0.456962
236.6		0.456962
236.7		0.456962
236.8		0.456962
236.9		0.456962
237		0.456962
237.1		0.459531
237.2		0.459531
237.3		0.459531
237.4		0.459531
237.5		0.459531
237.6		0.459531
237.7		0.459531
237.8		0.459531
237.9		0.459531
238		0.459531
238.1		0.463701
238.2		0.463701
238.3		0.463701
238.4		0.463701
238.5		0.463701
238.6		0.463701
238.7		0.463701
238.8		0.463701
238.9		0.463701
239		0.463701
239.1		0.465153
239.2		0.465153
239.3		0.465153
239.4		0.465153
239.5		0.465153
239.6		0.465153
239.7		0.465153
239.8		0.465153
239.9		0.465153
240		0.465153
240.1		0.465562
240.2		0.465562
240.3		0.465562
240.4		0.465562
240.5		0.465562
240.6		0.465562
240.7		0.465562
240.8		0.465562
240.9		0.465562
241		0.465562
241.1		0.467238
241.2		0.467238
241.3		0.467238
241.4		0.467238
241.5		0.467238
241.6		0.467238
241.7		0.467238
241.8		0.467238
241.9		0.467238
242		0.467238
242.1		0.471929
242.2		0.471929
242.3		0.471929
242.4		0.471929
242.5		0.471929
242.6		0.471929
242.7		0.471929
242.8		0.471929
242.9		0.471929
243		0.471929
243.1		0.472487
243.2		0.472487
243.3		0.472487
243.4		0.472487
243.5		0.472487
243.6		0.472487
243.7		0.472487
243.8		0.472487
243.9		0.472487
244		0.472487
244.1		0.475465
244.2		0.475465
244.3		0.475465
244.4		0.475465
244.5		0.475465
244.6		0.475465
244.7		0.475465
244.8		0.475465
244.9		0.475465
245		0.475465
245.1		0.478295
245.2		0.478295
245.3		0.478295
245.4		0.478295
245.5		0.478295
245.6		0.478295
245.7		0.478295
245.8		0.478295
245.9		0.478295
246		0.478295
246.1		0.478481
246.2		0.478481
246.3		0.478481
246.4		0.478481
246.5		0.478481
246.6		0.478481
246.7		0.478481
246.8		0.478481
246.9		0.478481
247		0.478481
247.1		0.480268
247.2		0.480268
247.3		0.480268
247.4		0.480268
247.5		0.480268
247.6		0.480268
247.7		0.480268
247.8		0.480268
247.9		0.480268
248		0.480268
248.1		0.482576
248.2		0.482576
248.3		0.482576
248.4		0.482576
248.5		0.482576
248.6		0.482576
248.7		0.482576
248.8		0.482576
248.9		0.482576
249		0.482576
249.1		0.485108
249.2		0.485108
249.3		0.485108
249.4		0.485108
249.5		0.485108
249.6		0.485108
249.7		0.485108
249.8		0.485108
249.9		0.485108
250		0.485108
250.1		0.486262
250.2		0.486262
250.3		0.486262
250.4		0.486262
250.5		0.486262
250.6		0.486262
250.7		0.486262
250.8		0.486262
250.9		0.486262
251		0.486262
251.1		0.488943
251.2		0.488943
251.3		0.488943
251.4		0.488943
251.5		0.488943
251.6		0.488943
251.7		0.488943
251.8		0.488943
251.9		0.488943
252		0.488943
252.1		0.491437
252.2		0.491437
252.3		0.491437
252.4		0.491437
252.5		0.491437
252.6		0.491437
252.7		0.491437
252.8		0.491437
252.9		0.491437
253		0.491437
253.1		0.494006
253.2		0.494006
253.3		0.494006
253.4		0.494006
253.5		0.494006
253.6		0.494006
253.7		0.494006
253.8		0.494006
253.9		0.494006
254		0.494006
254.1		0.494527
254.2		0.494527
254.3		0.494527
254.4		0.494527
254.5		0.494527
254.6		0.494527
254.7		0.494527
254.8		0.494527
254.9		0.494527
255		0.494527
255.1		0.495607
255.2		0.495607
255.3		0.495607
255.4		0.495607
255.5		0.495607
255.6		0.495607
255.7		0.495607
255.8		0.495607
255.9		0.495607
256		0.495607
256.1		0.498325
256.2		0.498325
256.3		0.498325
256.4		0.498325
256.5		0.498325
256.6		0.498325
256.7		0.498325
256.8		0.498325
256.9		0.498325
257		0.498325
257.1		0.499628
257.2		0.499628
257.3		0.499628
257.4		0.499628
257.5		0.499628
257.6		0.499628
257.7		0.499628
257.8		0.499628
257.9		0.499628
258		0.499628
258.1		0.504914
258.2		0.504914
258.3		0.504914
258.4		0.504914
258.5		0.504914
258.6		0.504914
258.7		0.504914
258.8		0.504914
258.9		0.504914
259		0.504914
259.1		0.505063
259.2		0.505063
259.3		0.505063
259.4		0.505063
259.5		0.505063
259.6		0.505063
259.7		0.505063
259.8		0.505063
259.9		0.505063
260		0.505063
260.1		0.508488
260.2		0.508488
260.3		0.508488
260.4		0.508488
260.5		0.508488
260.6		0.508488
260.7		0.508488
260.8		0.508488
260.9		0.508488
261		0.508488
261.1		0.508786
261.2		0.508786
261.3		0.508786
261.4		0.508786
261.5		0.508786
261.6		0.508786
261.7		0.508786
261.8		0.508786
261.9		0.508786
262		0.508786
262.1		0.512025
262.2		0.512025
262.3		0.512025
262.4		0.512025
262.5		0.512025
262.6		0.512025
262.7		0.512025
262.8		0.512025
262.9		0.512025
263		0.512025
263.1		0.512286
263.2		0.512286
263.3		0.512286
263.4		0.512286
263.5		0.512286
263.6		0.512286
263.7		0.512286
263.8		0.512286
263.9		0.512286
264		0.512286
264.1		0.517684
264.2		0.517684
264.3		0.517684
264.4		0.517684
264.5		0.517684
264.6		0.517684
264.7		0.517684
264.8		0.517684
264.9		0.517684
265		0.517684
265.1		0.518354
265.2		0.518354
265.3		0.518354
265.4		0.518354
265.5		0.518354
265.6		0.518354
265.7		0.518354
265.8		0.518354
265.9		0.518354
266		0.518354
266.1		0.520141
266.2		0.520141
266.3		0.520141
266.4		0.520141
266.5		0.520141
266.6		0.520141
266.7		0.520141
266.8		0.520141
266.9		0.520141
267		0.520141
267.1		0.521929
267.2		0.521929
267.3		0.521929
267.4		0.521929
267.5		0.521929
267.6		0.521929
267.7		0.521929
267.8		0.521929
267.9		0.521929
268		0.521929
268.1		0.522748
268.2		0.522748
268.3		0.522748
268.4		0.522748
268.5		0.522748
268.6		0.522748
268.7		0.522748
268.8		0.522748
268.9		0.522748
269		0.522748
269.1		0.526098
269.2		0.526098
269.3		0.526098
269.4		0.526098
269.5		0.526098
269.6		0.526098
269.7		0.526098
269.8		0.526098
269.9		0.526098
270		0.526098
270.1		0.527997
270.2		0.527997
270.3		0.527997
270.4		0.527997
270.5		0.527997
270.6		0.527997
270.7		0.527997
270.8		0.527997
270.9		0.527997
271		0.527997
271.1		0.531385
271.2		0.531385
271.3		0.531385
271.4		0.531385
271.5		0.531385
271.6		0.531385
271.7		0.531385
271.8		0.531385
271.9		0.531385
272		0.531385
272.1		0.532762
272.2		0.532762
272.3		0.532762
272.4		0.532762
272.5		0.532762
272.6		0.532762
272.7		0.532762
272.8		0.532762
272.9		0.532762
273		0.532762
273.1		0.533544
273.2		0.533544
273.3		0.533544
273.4		0.533544
273.5		0.533544
273.6		0.533544
273.7		0.533544
273.8		0.533544
273.9		0.533544
274		0.533544
274.1		0.536485
274.2		0.536485
274.3		0.536485
274.4		0.536485
274.5		0.536485
274.6		0.536485
274.7		0.536485
274.8		0.536485
274.9		0.536485
275		0.536485
275.1		0.537975
275.2		0.537975
275.3		0.537975
275.4		0.537975
275.5		0.537975
275.6		0.537975
275.7		0.537975
275.8		0.537975
275.9		0.537975
276		0.537975
276.1		0.538608
276.2		0.538608
276.3		0.538608
276.4		0.538608
276.5		0.538608
276.6		0.538608
276.7		0.538608
276.8		0.538608
276.9		0.538608
277		0.538608
277.1		0.541512
277.2		0.541512
277.3		0.541512
277.4		0.541512
277.5		0.541512
277.6		0.541512
277.7		0.541512
277.8		0.541512
277.9		0.541512
278		0.541512
278.1		0.543634
278.2		0.543634
278.3		0.543634
278.4		0.543634
278.5		0.543634
278.6		0.543634
278.7		0.543634
278.8		0.543634
278.9		0.543634
279		0.543634
279.1		0.543708
279.2		0.543708
279.3		0.543708
279.4		0.543708
279.5		0.543708
279.6		0.543708
279.7		0.543708
279.8		0.543708
279.9		0.543708
280		0.543708
280.1		0.5465
280.2		0.5465
280.3		0.5465
280.4		0.5465
280.5		0.5465
280.6		0.5465
280.7		0.5465
280.8		0.5465
280.9		0.5465
281		0.5465
281.1		0.547617
281.2		0.547617
281.3		0.547617
281.4		0.547617
281.5		0.547617
281.6		0.547617
281.7		0.547617
281.8		0.547617
281.9		0.547617
282		0.547617
282.1		0.552867
282.2		0.552867
282.3		0.552867
282.4		0.552867
282.5		0.552867
282.6		0.552867
282.7		0.552867
282.8		0.552867
282.9		0.552867
283		0.552867
283.1		0.556404
283.2		0.556404
283.3		0.556404
283.4		0.556404
283.5		0.556404
283.6		0.556404
283.7		0.556404
283.8		0.556404
283.9		0.556404
284		0.556404
284.1		0.556925
284.2		0.556925
284.3		0.556925
284.4		0.556925
284.5		0.556925
284.6		0.556925
284.7		0.556925
284.8		0.556925
284.9		0.556925
285		0.556925
285.1		0.560313
285.2		0.560313
285.3		0.560313
285.4		0.560313
285.5		0.560313
285.6		0.560313
285.7		0.560313
285.8		0.560313
285.9		0.560313
286		0.560313
286.1		0.562286
286.2		0.562286
286.3		0.562286
286.4		0.562286
286.5		0.562286
286.6		0.562286
286.7		0.562286
286.8		0.562286
286.9		0.562286
287		0.562286
287.1		0.562695
287.2		0.562695
287.3		0.562695
287.4		0.562695
287.5		0.562695
287.6		0.562695
287.7		0.562695
287.8		0.562695
287.9		0.562695
288		0.562695
288.1		0.566307
288.2		0.566307
288.3		0.566307
288.4		0.566307
288.5		0.566307
288.6		0.566307
288.7		0.566307
288.8		0.566307
288.9		0.566307
289		0.566307
289.1		0.571258
289.2		0.571258
289.3		0.571258
289.4		0.571258
289.5		0.571258
289.6		0.571258
289.7		0.571258
289.8		0.571258
289.9		0.571258
290		0.571258
290.1		0.571333
290.2		0.571333
290.3		0.571333
290.4		0.571333
290.5		0.571333
290.6		0.571333
290.7		0.571333
290.8		0.571333
290.9		0.571333
291		0.571333
291.1		0.571407
291.2		0.571407
291.3		0.571407
291.4		0.571407
291.5		0.571407
291.6		0.571407
291.7		0.571407
291.8		0.571407
291.9		0.571407
292		0.571407
292.1		0.572226
292.2		0.572226
292.3		0.572226
292.4		0.572226
292.5		0.572226
292.6		0.572226
292.7		0.572226
292.8		0.572226
292.9		0.572226
293		0.572226
293.1		0.576508
293.2		0.576508
293.3		0.576508
293.4		0.576508
293.5		0.576508
293.6		0.576508
293.7		0.576508
293.8		0.576508
293.9		0.576508
294		0.576508
294.1		0.579188
294.2		0.579188
294.3		0.579188
294.4		0.579188
294.5		0.579188
294.6		0.579188
294.7		0.579188
294.8		0.579188
294.9		0.579188
295		0.579188
295.1		0.582502
295.2		0.582502
295.3		0.582502
295.4		0.582502
295.5		0.582502
295.6		0.582502
295.7		0.582502
295.8		0.582502
295.9		0.582502
296		0.582502
296.1		0.582911
296.2		0.582911
296.3		0.582911
296.4		0.582911
296.5		0.582911
296.6		0.582911
296.7		0.582911
296.8		0.582911
296.9		0.582911
297		0.582911
297.1		0.586076
297.2		0.586076
297.3		0.586076
297.4		0.586076
297.5		0.586076
297.6		0.586076
297.7		0.586076
297.8		0.586076
297.9		0.586076
298		0.586076
298.1		0.590395
298.2		0.590395
298.3		0.590395
298.4		0.590395
298.5		0.590395
298.6		0.590395
298.7		0.590395
298.8		0.590395
298.9		0.590395
299		0.590395
299.1		0.594602
299.2		0.594602
299.3		0.594602
299.4		0.594602
299.5		0.594602
299.6		0.594602
299.7		0.594602
299.8		0.594602
299.9		0.594602
300		0.594602
300.1		0.596984
300.2		0.596984
300.3		0.596984
300.4		0.596984
300.5		0.596984
300.6		0.596984
300.7		0.596984
300.8		0.596984
300.9		0.596984
301		0.596984
301.1		0.599218
301.2		0.599218
301.3		0.599218
301.4		0.599218
301.5		0.599218
301.6		0.599218
301.7		0.599218
301.8		0.599218
301.9		0.599218
302		0.599218
302.1		0.59959
302.2		0.59959
302.3		0.59959
302.4		0.59959
302.5		0.59959
302.6		0.59959
302.7		0.59959
302.8		0.59959
302.9		0.59959
303		0.59959
303.1		0.605733
303.2		0.605733
303.3		0.605733
303.4		0.605733
303.5		0.605733
303.6		0.605733
303.7		0.605733
303.8		0.605733
303.9		0.605733
304		0.605733
304.1		0.606217
304.2		0.606217
304.3		0.606217
304.4		0.606217
304.5		0.606217
304.6		0.606217
304.7		0.606217
304.8		0.606217
304.9		0.606217
305		0.606217
305.1		0.607483
305.2		0.607483
305.3		0.607483
305.4		0.607483
305.5		0.607483
305.6		0.607483
305.7		0.607483
305.8		0.607483
305.9		0.607483
306		0.607483
306.1		0.608079
306.2		0.608079
306.3		0.608079
306.4		0.608079
306.5		0.608079
306.6		0.608079
306.7		0.608079
306.8		0.608079
306.9		0.608079
307		0.608079
307.1		0.61102
307.2		0.61102
307.3		0.61102
307.4		0.61102
307.5		0.61102
307.6		0.61102
307.7		0.61102
307.8		0.61102
307.9		0.61102
308		0.61102
308.1		0.612211
308.2		0.612211
308.3		0.612211
308.4		0.612211
308.5		0.612211
308.6		0.612211
308.7		0.612211
308.8		0.612211
308.9		0.612211
309		0.612211
309.1		0.617349
309.2		0.617349
309.3		0.617349
309.4		0.617349
309.5		0.617349
309.6		0.617349
309.7		0.617349
309.8		0.617349
309.9		0.617349
310		0.617349
310.1		0.618727
310.2		0.618727
310.3		0.618727
310.4		0.618727
310.5		0.618727
310.6		0.618727
310.7		0.618727
310.8		0.618727
310.9		0.618727
311		0.618727
311.1		0.619025
311.2		0.619025
311.3		0.619025
311.4		0.619025
311.5		0.619025
311.6		0.619025
311.7		0.619025
311.8		0.619025
311.9		0.619025
312		0.619025
312.1		0.621705
312.2		0.621705
312.3		0.621705
312.4		0.621705
312.5		0.621705
312.6		0.621705
312.7		0.621705
312.8		0.621705
312.9		0.621705
313		0.621705
313.1		0.624795
313.2		0.624795
313.3		0.624795
313.4		0.624795
313.5		0.624795
313.6		0.624795
313.7		0.624795
313.8		0.624795
313.9		0.624795
314		0.624795
314.1		0.625652
314.2		0.625652
314.3		0.625652
314.4		0.625652
314.5		0.625652
314.6		0.625652
314.7		0.625652
314.8		0.625652
314.9		0.625652
315		0.625652
315.1		0.627625
315.2		0.627625
315.3		0.627625
315.4		0.627625
315.5		0.627625
315.6		0.627625
315.7		0.627625
315.8		0.627625
315.9		0.627625
316		0.627625
316.1		0.631013
316.2		0.631013
316.3		0.631013
316.4		0.631013
316.5		0.631013
316.6		0.631013
316.7		0.631013
316.8		0.631013
316.9		0.631013
317		0.631013
317.1		0.632502
317.2		0.632502
317.3		0.632502
317.4		0.632502
317.5		0.632502
317.6		0.632502
317.7		0.632502
317.8		0.632502
317.9		0.632502
318		0.632502
318.1		0.636188
318.2		0.636188
318.3		0.636188
318.4		0.636188
318.5		0.636188
318.6		0.636188
318.7		0.636188
318.8		0.636188
318.9		0.636188
319		0.636188
319.1		0.636969
319.2		0.636969
319.3		0.636969
319.4		0.636969
319.5		0.636969
319.6		0.636969
319.7		0.636969
319.8		0.636969
319.9		0.636969
320		0.636969
320.1		0.638757
320.2		0.638757
320.3		0.638757
320.4		0.638757
320.5		0.638757
320.6		0.638757
320.7		0.638757
320.8		0.638757
320.9		0.638757
321		0.638757
321.1		0.64032
321.2		0.64032
321.3		0.64032
321.4		0.64032
321.5		0.64032
321.6		0.64032
321.7		0.64032
321.8		0.64032
321.9		0.64032
322		0.64032
322.1		0.640841
322.2		0.640841
322.3		0.640841
322.4		0.640841
322.5		0.640841
322.6		0.640841
322.7		0.640841
322.8		0.640841
322.9		0.640841
323		0.640841
323.1		0.642517
323.2		0.642517
323.3		0.642517
323.4		0.642517
323.5		0.642517
323.6		0.642517
323.7		0.642517
323.8		0.642517
323.9		0.642517
324		0.642517
324.1		0.644341
324.2		0.644341
324.3		0.644341
324.4		0.644341
324.5		0.644341
324.6		0.644341
324.7		0.644341
324.8		0.644341
324.9		0.644341
325		0.644341
325.1		0.648399
325.2		0.648399
325.3		0.648399
325.4		0.648399
325.5		0.648399
325.6		0.648399
325.7		0.648399
325.8		0.648399
325.9		0.648399
326		0.648399
326.1		0.64933
326.2		0.64933
326.3		0.64933
326.4		0.64933
326.5		0.64933
326.6		0.64933
326.7		0.64933
326.8		0.64933
326.9		0.64933
327		0.64933
327.1		0.649926
327.2		0.649926
327.3		0.649926
327.4		0.649926
327.5		0.649926
327.6		0.649926
327.7		0.649926
327.8		0.649926
327.9		0.649926
328		0.649926
328.1		0.651675
328.2		0.651675
328.3		0.651675
328.4		0.651675
328.5		0.651675
328.6		0.651675
328.7		0.651675
328.8		0.651675
328.9		0.651675
329		0.651675
329.1		0.653127
329.2		0.653127
329.3		0.653127
329.4		0.653127
329.5		0.653127
329.6		0.653127
329.7		0.653127
329.8		0.653127
329.9		0.653127
330		0.653127
330.1		0.655026
330.2		0.655026
330.3		0.655026
330.4		0.655026
330.5		0.655026
330.6		0.655026
330.7		0.655026
330.8		0.655026
330.9		0.655026
331		0.655026
331.1		0.660052
331.2		0.660052
331.3		0.660052
331.4		0.660052
331.5		0.660052
331.6		0.660052
331.7		0.660052
331.8		0.660052
331.9		0.660052
332		0.660052
332.1		0.661727
332.2		0.661727
332.3		0.661727
332.4		0.661727
332.5		0.661727
332.6		0.661727
332.7		0.661727
332.8		0.661727
332.9		0.661727
333		0.661727
333.1		0.662956
333.2		0.662956
333.3		0.662956
333.4		0.662956
333.5		0.662956
333.6		0.662956
333.7		0.662956
333.8		0.662956
333.9		0.662956
334		0.662956
334.1		0.663179
334.2		0.663179
334.3		0.663179
334.4		0.663179
334.5		0.663179
334.6		0.663179
334.7		0.663179
334.8		0.663179
334.9		0.663179
335		0.663179
335.1		0.667498
335.2		0.667498
335.3		0.667498
335.4		0.667498
335.5		0.667498
335.6		0.667498
335.7		0.667498
335.8		0.667498
335.9		0.667498
336		0.667498
336.1		0.667759
336.2		0.667759
336.3		0.667759
336.4		0.667759
336.5		0.667759
336.6		0.667759
336.7		0.667759
336.8		0.667759
336.9		0.667759
337		0.667759
337.1		0.672524
337.2		0.672524
337.3		0.672524
337.4		0.672524
337.5		0.672524
337.6		0.672524
337.7		0.672524
337.8		0.672524
337.9		0.672524
338		0.672524
338.1		0.673306
338.2		0.673306
338.3		0.673306
338.4		0.673306
338.5		0.673306
338.6		0.673306
338.7		0.673306
338.8		0.673306
338.9		0.673306
339		0.673306
339.1		0.677327
339.2		0.677327
339.3		0.677327
339.4		0.677327
339.5		0.677327
339.6		0.677327
339.7		0.677327
339.8		0.677327
339.9		0.677327
340		0.677327
340.1		0.677699
340.2		0.677699
340.3		0.677699
340.4		0.677699
340.5		0.677699
340.6		0.677699
340.7		0.677699
340.8		0.677699
340.9		0.677699
341		0.677699
341.1		0.684736
341.2		0.684736
341.3		0.684736
341.4		0.684736
341.5		0.684736
341.6		0.684736
341.7		0.684736
341.8		0.684736
341.9		0.684736
342		0.684736
342.1		0.685406
342.2		0.685406
342.3		0.685406
342.4		0.685406
342.5		0.685406
342.6		0.685406
342.7		0.685406
342.8		0.685406
342.9		0.685406
343		0.685406
343.1		0.687789
343.2		0.687789
343.3		0.687789
343.4		0.687789
343.5		0.687789
343.6		0.687789
343.7		0.687789
343.8		0.687789
343.9		0.687789
344		0.687789
344.1		0.690134
344.2		0.690134
344.3		0.690134
344.4		0.690134
344.5		0.690134
344.6		0.690134
344.7		0.690134
344.8		0.690134
344.9		0.690134
345		0.690134
345.1		0.691884
345.2		0.691884
345.3		0.691884
345.4		0.691884
345.5		0.691884
345.6		0.691884
345.7		0.691884
345.8		0.691884
345.9		0.691884
346		0.691884
346.1		0.694751
346.2		0.694751
346.3		0.694751
346.4		0.694751
346.5		0.694751
346.6		0.694751
346.7		0.694751
346.8		0.694751
346.9		0.694751
347		0.694751
347.1		0.694751
347.2		0.694751
347.3		0.694751
347.4		0.694751
347.5		0.694751
347.6		0.694751
347.7		0.694751
347.8		0.694751
347.9		0.694751
348		0.694751
348.1		0.695235
348.2		0.695235
348.3		0.695235
348.4		0.695235
348.5		0.695235
348.6		0.695235
348.7		0.695235
348.8		0.695235
348.9		0.695235
349		0.695235
349.1		0.695942
349.2		0.695942
349.3		0.695942
349.4		0.695942
349.5		0.695942
349.6		0.695942
349.7		0.695942
349.8		0.695942
349.9		0.695942
350		0.695942
350.1		0.701452
350.2		0.701452
350.3		0.701452
350.4		0.701452
350.5		0.701452
350.6		0.701452
350.7		0.701452
350.8		0.701452
350.9		0.701452
351		0.701452
351.1		0.703276
351.2		0.703276
351.3		0.703276
351.4		0.703276
351.5		0.703276
351.6		0.703276
351.7		0.703276
351.8		0.703276
351.9		0.703276
352		0.703276
352.1		0.705547
352.2		0.705547
352.3		0.705547
352.4		0.705547
352.5		0.705547
352.6		0.705547
352.7		0.705547
352.8		0.705547
352.9		0.705547
353		0.705547
353.1		0.707074
353.2		0.707074
353.3		0.707074
353.4		0.707074
353.5		0.707074
353.6		0.707074
353.7		0.707074
353.8		0.707074
353.9		0.707074
354		0.707074
354.1		0.707297
354.2		0.707297
354.3		0.707297
354.4		0.707297
354.5		0.707297
354.6		0.707297
354.7		0.707297
354.8		0.707297
354.9		0.707297
355		0.707297
355.1		0.715339
355.2		0.715339
355.3		0.715339
355.4		0.715339
355.5		0.715339
355.6		0.715339
355.7		0.715339
355.8		0.715339
355.9		0.715339
356		0.715339
356.1		0.719583
356.2		0.719583
356.3		0.719583
356.4		0.719583
356.5		0.719583
356.6		0.719583
356.7		0.719583
356.8		0.719583
356.9		0.719583
357		0.719583
357.1		0.719993
357.2		0.719993
357.3		0.719993
357.4		0.719993
357.5		0.719993
357.6		0.719993
357.7		0.719993
357.8		0.719993
357.9		0.719993
358		0.719993
358.1		0.721742
358.2		0.721742
358.3		0.721742
358.4		0.721742
358.5		0.721742
358.6		0.721742
358.7		0.721742
358.8		0.721742
358.9		0.721742
359		0.721742
359.1		0.726582
359.2		0.726582
359.3		0.726582
359.4		0.726582
359.5		0.726582
359.6		0.726582
359.7		0.726582
359.8		0.726582
359.9		0.726582
360		0.726582
360.1		0.72796
360.2		0.72796
360.3		0.72796
360.4		0.72796
360.5		0.72796
360.6		0.72796
360.7		0.72796
360.8		0.72796
360.9		0.72796
361		0.72796
361.1		0.731236
361.2		0.731236
361.3		0.731236
361.4		0.731236
361.5		0.731236
361.6		0.731236
361.7		0.731236
361.8		0.731236
361.9		0.731236
362		0.731236
362.1		0.731794
362.2		0.731794
362.3		0.731794
362.4		0.731794
362.5		0.731794
362.6		0.731794
362.7		0.731794
362.8		0.731794
362.9		0.731794
363		0.731794
363.1		0.73373
363.2		0.73373
363.3		0.73373
363.4		0.73373
363.5		0.73373
363.6		0.73373
363.7		0.73373
363.8		0.73373
363.9		0.73373
364		0.73373
364.1		0.736709
364.2		0.736709
364.3		0.736709
364.4		0.736709
364.5		0.736709
364.6		0.736709
364.7		0.736709
364.8		0.736709
364.9		0.736709
365		0.736709
365.1		0.737937
365.2		0.737937
365.3		0.737937
365.4		0.737937
365.5		0.737937
365.6		0.737937
365.7		0.737937
365.8		0.737937
365.9		0.737937
366		0.737937
366.1		0.740655
366.2		0.740655
366.3		0.740655
366.4		0.740655
366.5		0.740655
366.6		0.740655
366.7		0.740655
366.8		0.740655
366.9		0.740655
367		0.740655
367.1		0.743596
367.2		0.743596
367.3		0.743596
367.4		0.743596
367.5		0.743596
367.6		0.743596
367.7		0.743596
367.8		0.743596
367.9		0.743596
368		0.743596
368.1		0.744676
368.2		0.744676
368.3		0.744676
368.4		0.744676
368.5		0.744676
368.6		0.744676
368.7		0.744676
368.8		0.744676
368.9		0.744676
369		0.744676
369.1		0.747617
369.2		0.747617
369.3		0.747617
369.4		0.747617
369.5		0.747617
369.6		0.747617
369.7		0.747617
369.8		0.747617
369.9		0.747617
370		0.747617
370.1		0.748622
370.2		0.748622
370.3		0.748622
370.4		0.748622
370.5		0.748622
370.6		0.748622
370.7		0.748622
370.8		0.748622
370.9		0.748622
371		0.748622
371.1		0.749702
371.2		0.749702
371.3		0.749702
371.4		0.749702
371.5		0.749702
371.6		0.749702
371.7		0.749702
371.8		0.749702
371.9		0.749702
372		0.749702
372.1		0.755101
372.2		0.755101
372.3		0.755101
372.4		0.755101
372.5		0.755101
372.6		0.755101
372.7		0.755101
372.8		0.755101
372.9		0.755101
373		0.755101
373.1		0.755585
373.2		0.755585
373.3		0.755585
373.4		0.755585
373.5		0.755585
373.6		0.755585
373.7		0.755585
373.8		0.755585
373.9		0.755585
374		0.755585
374.1		0.757595
374.2		0.757595
374.3		0.757595
374.4		0.757595
374.5		0.757595
374.6		0.757595
374.7		0.757595
374.8		0.757595
374.9		0.757595
375		0.757595
375.1		0.760685
375.2		0.760685
375.3		0.760685
375.4		0.760685
375.5		0.760685
375.6		0.760685
375.7		0.760685
375.8		0.760685
375.9		0.760685
376		0.760685
376.1		0.761057
376.2		0.761057
376.3		0.761057
376.4		0.761057
376.5		0.761057
376.6		0.761057
376.7		0.761057
376.8		0.761057
376.9		0.761057
377		0.761057
377.1		0.764185
377.2		0.764185
377.3		0.764185
377.4		0.764185
377.5		0.764185
377.6		0.764185
377.7		0.764185
377.8		0.764185
377.9		0.764185
378		0.764185
378.1		0.766791
378.2		0.766791
378.3		0.766791
378.4		0.766791
378.5		0.766791
378.6		0.766791
378.7		0.766791
378.8		0.766791
378.9		0.766791
379		0.766791
379.1		0.766791
379.2		0.766791
379.3		0.766791
379.4		0.766791
379.5		0.766791
379.6		0.766791
379.7		0.766791
379.8		0.766791
379.9		0.766791
380		0.766791
380.1		0.770179
380.2		0.770179
380.3		0.770179
380.4		0.770179
380.5		0.770179
380.6		0.770179
380.7		0.770179
380.8		0.770179
380.9		0.770179
381		0.770179
381.1		0.771519
381.2		0.771519
381.3		0.771519
381.4		0.771519
381.5		0.771519
381.6		0.771519
381.7		0.771519
381.8		0.771519
381.9		0.771519
382		0.771519
382.1		0.774274
382.2		0.774274
382.3		0.774274
382.4		0.774274
382.5		0.774274
382.6		0.774274
382.7		0.774274
382.8		0.774274
382.9		0.774274
383		0.774274
383.1		0.775689
383.2		0.775689
383.3		0.775689
383.4		0.775689
383.5		0.775689
383.6		0.775689
383.7		0.775689
383.8		0.775689
383.9		0.775689
384		0.775689
384.1		0.7758
384.2		0.7758
384.3		0.7758
384.4		0.7758
384.5		0.7758
384.6		0.7758
384.7		0.7758
384.8		0.7758
384.9		0.7758
385		0.7758
385.1		0.776917
385.2		0.776917
385.3		0.776917
385.4		0.776917
385.5		0.776917
385.6		0.776917
385.7		0.776917
385.8		0.776917
385.9		0.776917
386		0.776917
386.1		0.780156
386.2		0.780156
386.3		0.780156
386.4		0.780156
386.5		0.780156
386.6		0.780156
386.7		0.780156
386.8		0.780156
386.9		0.780156
387		0.780156
387.1		0.782092
387.2		0.782092
387.3		0.782092
387.4		0.782092
387.5		0.782092
387.6		0.782092
387.7		0.782092
387.8		0.782092
387.9		0.782092
388		0.782092
388.1		0.78589
388.2		0.78589
388.3		0.78589
388.4		0.78589
388.5		0.78589
388.6		0.78589
388.7		0.78589
388.8		0.78589
388.9		0.78589
389		0.78589
389.1		0.78615
389.2		0.78615
389.3		0.78615
389.4		0.78615
389.5		0.78615
389.6		0.78615
389.7		0.78615
389.8		0.78615
389.9		0.78615
390		0.78615
390.1		0.786858
390.2		0.786858
390.3		0.786858
390.4		0.786858
390.5		0.786858
390.6		0.786858
390.7		0.786858
390.8		0.786858
390.9		0.786858
391		0.786858
391.1		0.789352
391.2		0.789352
391.3		0.789352
391.4		0.789352
391.5		0.789352
391.6		0.789352
391.7		0.789352
391.8		0.789352
391.9		0.789352
392		0.789352
392.1		0.790395
392.2		0.790395
392.3		0.790395
392.4		0.790395
392.5		0.790395
392.6		0.790395
392.7		0.790395
392.8		0.790395
392.9		0.790395
393		0.790395
393.1		0.794415
393.2		0.794415
393.3		0.794415
393.4		0.794415
393.5		0.794415
393.6		0.794415
393.7		0.794415
393.8		0.794415
393.9		0.794415
394		0.794415
394.1		0.796724
394.2		0.796724
394.3		0.796724
394.4		0.796724
394.5		0.796724
394.6		0.796724
394.7		0.796724
394.8		0.796724
394.9		0.796724
395		0.796724
395.1		0.798958
395.2		0.798958
395.3		0.798958
395.4		0.798958
395.5		0.798958
395.6		0.798958
395.7		0.798958
395.8		0.798958
395.9		0.798958
396		0.798958
396.1		0.801117
396.2		0.801117
396.3		0.801117
396.4		0.801117
396.5		0.801117
396.6		0.801117
396.7		0.801117
396.8		0.801117
396.9		0.801117
397		0.801117
397.1		0.801229
397.2		0.801229
397.3		0.801229
397.4		0.801229
397.5		0.801229
397.6		0.801229
397.7		0.801229
397.8		0.801229
397.9		0.801229
398		0.801229
398.1		0.803797
398.2		0.803797
398.3		0.803797
398.4		0.803797
398.5		0.803797
398.6		0.803797
398.7		0.803797
398.8		0.803797
398.9		0.803797
399		0.803797
399.1		0.807595
399.2		0.807595
399.3		0.807595
399.4		0.807595
399.5		0.807595
399.6		0.807595
399.7		0.807595
399.8		0.807595
399.9		0.807595
400		0.807595
400.1		0.807893
400.2		0.807893
400.3		0.807893
400.4		0.807893
400.5		0.807893
400.6		0.807893
400.7		0.807893
400.8		0.807893
400.9		0.807893
401		0.807893
401.1		0.80927
401.2		0.80927
401.3		0.80927
401.4		0.80927
401.5		0.80927
401.6		0.80927
401.7		0.80927
401.8		0.80927
401.9		0.80927
402		0.80927
402.1		0.811206
402.2		0.811206
402.3		0.811206
402.4		0.811206
402.5		0.811206
402.6		0.811206
402.7		0.811206
402.8		0.811206
402.9		0.811206
403		0.811206
403.1		0.812398
403.2		0.812398
403.3		0.812398
403.4		0.812398
403.5		0.812398
403.6		0.812398
403.7		0.812398
403.8		0.812398
403.9		0.812398
404		0.812398
404.1		0.812993
404.2		0.812993
404.3		0.812993
404.4		0.812993
404.5		0.812993
404.6		0.812993
404.7		0.812993
404.8		0.812993
404.9		0.812993
405		0.812993
405.1		0.817461
405.2		0.817461
405.3		0.817461
405.4		0.817461
405.5		0.817461
405.6		0.817461
405.7		0.817461
405.8		0.817461
405.9		0.817461
406		0.817461
406.1		0.818057
406.2		0.818057
406.3		0.818057
406.4		0.818057
406.5		0.818057
406.6		0.818057
406.7		0.818057
406.8		0.818057
406.9		0.818057
407		0.818057
407.1		0.818317
407.2		0.818317
407.3		0.818317
407.4		0.818317
407.5		0.818317
407.6		0.818317
407.7		0.818317
407.8		0.818317
407.9		0.818317
408		0.818317
408.1		0.825019
408.2		0.825019
408.3		0.825019
408.4		0.825019
408.5		0.825019
408.6		0.825019
408.7		0.825019
408.8		0.825019
408.9		0.825019
409		0.825019
409.1		0.826359
409.2		0.826359
409.3		0.826359
409.4		0.826359
409.5		0.826359
409.6		0.826359
409.7		0.826359
409.8		0.826359
409.9		0.826359
410		0.826359
410.1		0.827625
410.2		0.827625
410.3		0.827625
410.4		0.827625
410.5		0.827625
410.6		0.827625
410.7		0.827625
410.8		0.827625
410.9		0.827625
411		0.827625
411.1		0.830454
411.2		0.830454
411.3		0.830454
411.4		0.830454
411.5		0.830454
411.6		0.830454
411.7		0.830454
411.8		0.830454
411.9		0.830454
412		0.830454
412.1		0.83213
412.2		0.83213
412.3		0.83213
412.4		0.83213
412.5		0.83213
412.6		0.83213
412.7		0.83213
412.8		0.83213
412.9		0.83213
413		0.83213
413.1		0.834512
413.2		0.834512
413.3		0.834512
413.4		0.834512
413.5		0.834512
413.6		0.834512
413.7		0.834512
413.8		0.834512
413.9		0.834512
414		0.834512
414.1		0.835294
414.2		0.835294
414.3		0.835294
414.4		0.835294
414.5		0.835294
414.6		0.835294
414.7		0.835294
414.8		0.835294
414.9		0.835294
415		0.835294
415.1		0.839613
415.2		0.839613
415.3		0.839613
415.4		0.839613
415.5		0.839613
415.6		0.839613
415.7		0.839613
415.8		0.839613
415.9		0.839613
416		0.839613
416.1		0.840692
416.2		0.840692
416.3		0.840692
416.4		0.840692
416.5		0.840692
416.6		0.840692
416.7		0.840692
416.8		0.840692
416.9		0.840692
417		0.840692
417.1		0.841772
417.2		0.841772
417.3		0.841772
417.4		0.841772
417.5		0.841772
417.6		0.841772
417.7		0.841772
417.8		0.841772
417.9		0.841772
418		0.841772
418.1		0.84248
418.2		0.84248
418.3		0.84248
418.4		0.84248
418.5		0.84248
418.6		0.84248
418.7		0.84248
418.8		0.84248
418.9		0.84248
419		0.84248
419.1		0.846314
419.2		0.846314
419.3		0.846314
419.4		0.846314
419.5		0.846314
419.6		0.846314
419.7		0.846314
419.8		0.846314
419.9		0.846314
420		0.846314
420.1		0.848362
420.2		0.848362
420.3		0.848362
420.4		0.848362
420.5		0.848362
420.6		0.848362
420.7		0.848362
420.8		0.848362
420.9		0.848362
421		0.848362
421.1		0.850484
421.2		0.850484
421.3		0.850484
421.4		0.850484
421.5		0.850484
421.6		0.850484
421.7		0.850484
421.8		0.850484
421.9		0.850484
422		0.850484
422.1		0.851229
422.2		0.851229
422.3		0.851229
422.4		0.851229
422.5		0.851229
422.6		0.851229
422.7		0.851229
422.8		0.851229
422.9		0.851229
423		0.851229
423.1		0.854207
423.2		0.854207
423.3		0.854207
423.4		0.854207
423.5		0.854207
423.6		0.854207
423.7		0.854207
423.8		0.854207
423.9		0.854207
424		0.854207
424.1		0.85443
424.2		0.85443
424.3		0.85443
424.4		0.85443
424.5		0.85443
424.6		0.85443
424.7		0.85443
424.8		0.85443
424.9		0.85443
425		0.85443
425.1		0.860089
425.2		0.860089
425.3		0.860089
425.4		0.860089
425.5		0.860089
425.6		0.860089
425.7		0.860089
425.8		0.860089
425.9		0.860089
426		0.860089
426.1		0.860946
426.2		0.860946
426.3		0.860946
426.4		0.860946
426.5		0.860946
426.6		0.860946
426.7		0.860946
426.8		0.860946
426.9		0.860946
427		0.860946
427.1		0.864371
427.2		0.864371
427.3		0.864371
427.4		0.864371
427.5		0.864371
427.6		0.864371
427.7		0.864371
427.8		0.864371
427.9		0.864371
428		0.864371
428.1		0.865413
428.2		0.865413
428.3		0.865413
428.4		0.865413
428.5		0.865413
428.6		0.865413
428.7		0.865413
428.8		0.865413
428.9		0.865413
429		0.865413
429.1		0.866754
429.2		0.866754
429.3		0.866754
429.4		0.866754
429.5		0.866754
429.6		0.866754
429.7		0.866754
429.8		0.866754
429.9		0.866754
430		0.866754
430.1		0.867535
430.2		0.867535
430.3		0.867535
430.4		0.867535
430.5		0.867535
430.6		0.867535
430.7		0.867535
430.8		0.867535
430.9		0.867535
431		0.867535
431.1		0.868354
431.2		0.868354
431.3		0.868354
431.4		0.868354
431.5		0.868354
431.6		0.868354
431.7		0.868354
431.8		0.868354
431.9		0.868354
432		0.868354
432.1		0.871817
432.2		0.871817
432.3		0.871817
432.4		0.871817
432.5		0.871817
432.6		0.871817
432.7		0.871817
432.8		0.871817
432.9		0.871817
433		0.871817
433.1		0.874832
433.2		0.874832
433.3		0.874832
433.4		0.874832
433.5		0.874832
433.6		0.874832
433.7		0.874832
433.8		0.874832
433.9		0.874832
434		0.874832
434.1		0.876508
434.2		0.876508
434.3		0.876508
434.4		0.876508
434.5		0.876508
434.6		0.876508
434.7		0.876508
434.8		0.876508
434.9		0.876508
435		0.876508
435.1		0.877885
435.2		0.877885
435.3		0.877885
435.4		0.877885
435.5		0.877885
435.6		0.877885
435.7		0.877885
435.8		0.877885
435.9		0.877885
436		0.877885
436.1		0.879486
436.2		0.879486
436.3		0.879486
436.4		0.879486
436.5		0.879486
436.6		0.879486
436.7		0.879486
436.8		0.879486
436.9		0.879486
437		0.879486
437.1		0.880305
437.2		0.880305
437.3		0.880305
437.4		0.880305
437.5		0.880305
437.6		0.880305
437.7		0.880305
437.8		0.880305
437.9		0.880305
438		0.880305
438.1		0.885257
438.2		0.885257
438.3		0.885257
438.4		0.885257
438.5		0.885257
438.6		0.885257
438.7		0.885257
438.8		0.885257
438.9		0.885257
439		0.885257
439.1		0.886746
439.2		0.886746
439.3		0.886746
439.4		0.886746
439.5		0.886746
439.6		0.886746
439.7		0.886746
439.8		0.886746
439.9		0.886746
440		0.886746
440.1		0.887267
440.2		0.887267
440.3		0.887267
440.4		0.887267
440.5		0.887267
440.6		0.887267
440.7		0.887267
440.8		0.887267
440.9		0.887267
441		0.887267
441.1		0.89166
441.2		0.89166
441.3		0.89166
441.4		0.89166
441.5		0.89166
441.6		0.89166
441.7		0.89166
441.8		0.89166
441.9		0.89166
442		0.89166
442.1		0.893299
442.2		0.893299
442.3		0.893299
442.4		0.893299
442.5		0.893299
442.6		0.893299
442.7		0.893299
442.8		0.893299
442.9		0.893299
443		0.893299
443.1		0.893671
443.2		0.893671
443.3		0.893671
443.4		0.893671
443.5		0.893671
443.6		0.893671
443.7		0.893671
443.8		0.893671
443.9		0.893671
444		0.893671
444.1		0.896463
444.2		0.896463
444.3		0.896463
444.4		0.896463
444.5		0.896463
444.6		0.896463
444.7		0.896463
444.8		0.896463
444.9		0.896463
445		0.896463
445.1		0.897915
445.2		0.897915
445.3		0.897915
445.4		0.897915
445.5		0.897915
445.6		0.897915
445.7		0.897915
445.8		0.897915
445.9		0.897915
446		0.897915
446.1		0.898176
446.2		0.898176
446.3		0.898176
446.4		0.898176
446.5		0.898176
446.6		0.898176
446.7		0.898176
446.8		0.898176
446.9		0.898176
447		0.898176
447.1		0.90551
447.2		0.90551
447.3		0.90551
447.4		0.90551
447.5		0.90551
447.6		0.90551
447.7		0.90551
447.8		0.90551
447.9		0.90551
448		0.90551
448.1		0.905622
448.2		0.905622
448.3		0.905622
448.4		0.905622
448.5		0.905622
448.6		0.905622
448.7		0.905622
448.8		0.905622
448.9		0.905622
449		0.905622
449.1		0.906329
449.2		0.906329
449.3		0.906329
449.4		0.906329
449.5		0.906329
449.6		0.906329
449.7		0.906329
449.8		0.906329
449.9		0.906329
450		0.906329
450.1		0.908265
450.2		0.908265
450.3		0.908265
450.4		0.908265
450.5		0.908265
450.6		0.908265
450.7		0.908265
450.8		0.908265
450.9		0.908265
451		0.908265
451.1		0.908377
451.2		0.908377
451.3		0.908377
451.4		0.908377
451.5		0.908377
451.6		0.908377
451.7		0.908377
451.8		0.908377
451.9		0.908377
452		0.908377
452.1		0.913663
452.2		0.913663
452.3		0.913663
452.4		0.913663
452.5		0.913663
452.6		0.913663
452.7		0.913663
452.8		0.913663
452.9		0.913663
453		0.913663
453.1		0.91545
453.2		0.91545
453.3		0.91545
453.4		0.91545
453.5		0.91545
453.6		0.91545
453.7		0.91545
453.8		0.91545
453.9		0.91545
454		0.91545
454.1		0.918019
454.2		0.918019
454.3		0.918019
454.4		0.918019
454.5		0.918019
454.6		0.918019
454.7		0.918019
454.8		0.918019
454.9		0.918019
455		0.918019
455.1		0.919062
455.2		0.919062
455.3		0.919062
455.4		0.919062
455.5		0.919062
455.6		0.919062
455.7		0.919062
455.8		0.919062
455.9		0.919062
456		0.919062
456.1		0.92137
456.2		0.92137
456.3		0.92137
456.4		0.92137
456.5		0.92137
456.6		0.92137
456.7		0.92137
456.8		0.92137
456.9		0.92137
457		0.92137
457.1		0.922561
457.2		0.922561
457.3		0.922561
457.4		0.922561
457.5		0.922561
457.6		0.922561
457.7		0.922561
457.8		0.922561
457.9		0.922561
458		0.922561
458.1		0.923864
458.2		0.923864
458.3		0.923864
458.4		0.923864
458.5		0.923864
458.6		0.923864
458.7		0.923864
458.8		0.923864
458.9		0.923864
459		0.923864
459.1		0.926694
459.2		0.926694
459.3		0.926694
459.4		0.926694
459.5		0.926694
459.6		0.926694
459.7		0.926694
459.8		0.926694
459.9		0.926694
460		0.926694
460.1		0.928928
460.2		0.928928
460.3		0.928928
460.4		0.928928
460.5		0.928928
460.6		0.928928
460.7		0.928928
460.8		0.928928
460.9		0.928928
461		0.928928
461.1		0.930454
461.2		0.930454
461.3		0.930454
461.4		0.930454
461.5		0.930454
461.6		0.930454
461.7		0.930454
461.8		0.930454
461.9		0.930454
462		0.930454
462.1		0.930901
462.2		0.930901
462.3		0.930901
462.4		0.930901
462.5		0.930901
462.6		0.930901
462.7		0.930901
462.8		0.930901
462.9		0.930901
463		0.930901
463.1		0.931832
463.2		0.931832
463.3		0.931832
463.4		0.931832
463.5		0.931832
463.6		0.931832
463.7		0.931832
463.8		0.931832
463.9		0.931832
464		0.931832
464.1		0.936672
464.2		0.936672
464.3		0.936672
464.4		0.936672
464.5		0.936672
464.6		0.936672
464.7		0.936672
464.8		0.936672
464.9		0.936672
465		0.936672
465.1		0.937863
465.2		0.937863
465.3		0.937863
465.4		0.937863
465.5		0.937863
465.6		0.937863
465.7		0.937863
465.8		0.937863
465.9		0.937863
466		0.937863
466.1		0.940097
466.2		0.940097
466.3		0.940097
466.4		0.940097
466.5		0.940097
466.6		0.940097
466.7		0.940097
466.8		0.940097
466.9		0.940097
467		0.940097
467.1		0.941251
467.2		0.941251
467.3		0.941251
467.4		0.941251
467.5		0.941251
467.6		0.941251
467.7		0.941251
467.8		0.941251
467.9		0.941251
468		0.941251
468.1		0.941586
468.2		0.941586
468.3		0.941586
468.4		0.941586
468.5		0.941586
468.6		0.941586
468.7		0.941586
468.8		0.941586
468.9		0.941586
469		0.941586
469.1		0.94382
469.2		0.94382
469.3		0.94382
469.4		0.94382
469.5		0.94382
469.6		0.94382
469.7		0.94382
469.8		0.94382
469.9		0.94382
470		0.94382
470.1		0.946649
470.2		0.946649
470.3		0.946649
470.4		0.946649
470.5		0.946649
470.6		0.946649
470.7		0.946649
470.8		0.946649
470.9		0.946649
471		0.946649
471.1		0.947729
471.2		0.947729
471.3		0.947729
471.4		0.947729
471.5		0.947729
471.6		0.947729
471.7		0.947729
471.8		0.947729
471.9		0.947729
472		0.947729
472.1		0.953946
472.2		0.953946
472.3		0.953946
472.4		0.953946
472.5		0.953946
472.6		0.953946
472.7		0.953946
472.8		0.953946
472.9		0.953946
473		0.953946
473.1		0.954281
473.2		0.954281
473.3		0.954281
473.4		0.954281
473.5		0.954281
473.6		0.954281
473.7		0.954281
473.8		0.954281
473.9		0.954281
474		0.954281
474.1		0.957446
474.2		0.957446
474.3		0.957446
474.4		0.957446
474.5		0.957446
474.6		0.957446
474.7		0.957446
474.8		0.957446
474.9		0.957446
475		0.957446
475.1		0.957818
475.2		0.957818
475.3		0.957818
475.4		0.957818
475.5		0.957818
475.6		0.957818
475.7		0.957818
475.8		0.957818
475.9		0.957818
476		0.957818
476.1		0.961988
476.2		0.961988
476.3		0.961988
476.4		0.961988
476.5		0.961988
476.6		0.961988
476.7		0.961988
476.8		0.961988
476.9		0.961988
477		0.961988
477.1		0.964073
477.2		0.964073
477.3		0.964073
477.4		0.964073
477.5		0.964073
477.6		0.964073
477.7		0.964073
477.8		0.964073
477.9		0.964073
478		0.964073
478.1		0.967126
478.2		0.967126
478.3		0.967126
478.4		0.967126
478.5		0.967126
478.6		0.967126
478.7		0.967126
478.8		0.967126
478.9		0.967126
479		0.967126
479.1		0.969583
479.2		0.969583
479.3		0.969583
479.4		0.969583
479.5		0.969583
479.6		0.969583
479.7		0.969583
479.8		0.969583
479.9		0.969583
480		0.969583
480.1		0.969806
480.2		0.969806
480.3		0.969806
480.4		0.969806
480.5		0.969806
480.6		0.969806
480.7		0.969806
480.8		0.969806
480.9		0.969806
481		0.969806
481.1		0.971445
481.2		0.971445
481.3		0.971445
481.4		0.971445
481.5		0.971445
481.6		0.971445
481.7		0.971445
481.8		0.971445
481.9		0.971445
482		0.971445
482.1		0.971966
482.2		0.971966
482.3		0.971966
482.4		0.971966
482.5		0.971966
482.6		0.971966
482.7		0.971966
482.8		0.971966
482.9		0.971966
483		0.971966
483.1		0.976098
483.2		0.976098
483.3		0.976098
483.4		0.976098
483.5		0.976098
483.6		0.976098
483.7		0.976098
483.8		0.976098
483.9		0.976098
484		0.976098
484.1		0.978518
484.2		0.978518
484.3		0.978518
484.4		0.978518
484.5		0.978518
484.6		0.978518
484.7		0.978518
484.8		0.978518
484.9		0.978518
485		0.978518
485.1		0.980156
485.2		0.980156
485.3		0.980156
485.4		0.980156
485.5		0.980156
485.6		0.980156
485.7		0.980156
485.8		0.980156
485.9		0.980156
486		0.980156
486.1		0.981943
486.2		0.981943
486.3		0.981943
486.4		0.981943
486.5		0.981943
486.6		0.981943
486.7		0.981943
486.8		0.981943
486.9		0.981943
487		0.981943
487.1		0.983284
487.2		0.983284
487.3		0.983284
487.4		0.983284
487.5		0.983284
487.6		0.983284
487.7		0.983284
487.8		0.983284
487.9		0.983284
488		0.983284
488.1		0.985257
488.2		0.985257
488.3		0.985257
488.4		0.985257
488.5		0.985257
488.6		0.985257
488.7		0.985257
488.8		0.985257
488.9		0.985257
489		0.985257
489.1		0.990171
489.2		0.990171
489.3		0.990171
489.4		0.990171
489.5		0.990171
489.6		0.990171
489.7		0.990171
489.8		0.990171
489.9		0.990171
490		0.990171
490.1		0.990618
490.2		0.990618
490.3		0.990618
490.4		0.990618
490.5		0.990618
490.6		0.990618
490.7		0.990618
490.8		0.990618
490.9		0.990618
491		0.990618
491.1		0.992815
491.2		0.992815
491.3		0.992815
491.4		0.992815
491.5		0.992815
491.6		0.992815
491.7		0.992815
491.8		0.992815
491.9		0.992815
492		0.992815
492.1		0.994564
492.2		0.994564
492.3		0.994564
492.4		0.994564
492.5		0.994564
492.6		0.994564
492.7		0.994564
492.8		0.994564
492.9		0.994564
493		0.994564
493.1		0.994825
493.2		0.994825
493.3		0.994825
493.4		0.994825
493.5		0.994825
493.6		0.994825
493.7		0.994825
493.8		0.994825
493.9		0.994825
494		0.994825
494.1		0.997208
494.2		0.997208
494.3		0.997208
494.4		0.997208
494.5		0.997208
494.6		0.997208
494.7		0.997208
494.8		0.997208
494.9		0.997208
495		0.997208
495.1		0.999144
495.2		0.999144
495.3		0.999144
495.4		0.999144
495.5		0.999144
495.6		0.999144
495.7		0.999144
495.8		0.999144
495.9		0.999144
496		0.999144
496.1		0.999739
496.2		0.999739
496.3		0.999739
496.4		0.999739
496.5		0.999739
496.6		0.999739
496.7		0.999739
496.8		0.999739
496.9		0.999739
497		0.999739
497.1		0.999963
497.2		0.999963
497.3		0.999963
497.4		0.999963
497.5		0.999963
497.6		0.999963
497.7		0.999963
497.8		0.999963
497.9		0.999963
498		0.999963
498.1		1
498.2		1
498.3		1
498.4		1
498.5		1
498.6		1
498.7		1
498.8		1
498.9		1
499		1
499.1		1
499.2		1
499.3		1
499.4		1
499.5		1
499.6		1
499.7		1
499.8		1
499.9		1
500		1
500.1		1
500.2		1
500.3		1
500.4		1
500.5		1
500.6		1
500.7		1
500.8		1
500.9		1
501		1
501.1		1
501.2		1
501.3		1
501.4		1
501.5		1
501.6		1
501.7		1
501.8		1
501.9		1
502		1
502.1		1
502.2		1
502.3		1
502.4		1
502.5		1
502.6		1
502.7		1
502.8		1
502.9		1
503		1
503.1		1
503.2		1
503.3		1
503.4		1
503.5		1
503.6		1
503.7		1
503.8		1
503.9		1
504		1
504.1		1
504.2		1
504.3		1
504.4		1
504.5		1
504.6		1
504.7		1
504.8		1
504.9		1
505		1
505.1		1
505.2		1
505.3		1
505.4		1
505.5		1
505.6		1
505.7		1
505.8		1
505.9		1
506		1
506.1		1
506.2		1
506.3		1
506.4		1
506.5		1
506.6		1
506.7		1
506.8		1
506.9		1
507		1
507.1		1
507.2		1
507.3		1
507.4		1
507.5		1
507.6		1
507.7		1
507.8		1
507.9		1
508		1
508.1		1
508.2		1
508.3		1
508.4		1
508.5		1
508.6		1
508.7		1
508.8		1
508.9		1
509		1
509.1		1
509.2		1
509.3		1
509.4		1
509.5		1
509.6		1
509.7		1
509.8		1
509.9		1
510		1
510.1		1
510.2		1
510.3		1
510.4		1
510.5		1
510.6		1
510.7		1
510.8		1
510.9		1
511		1
511.1		1
511.2		1
511.3		1
511.4		1
511.5		1
511.6		1
511.7		1
511.8		1
511.9		1
512		1
512.1		1
512.2		1
512.3		1
512.4		1
512.5		1
512.6		1
512.7		1
512.8		1
512.9		1
513		1
513.1		1
513.2		1
513.3		1
513.4		1
513.5		1
513.6		1
513.7		1
513.8		1
513.9		1
514		1
514.1		1
514.2		1
514.3		1
514.4		1
514.5		1
514.6		1
514.7		1
514.8		1
514.9		1
515		1
515.1		1
515.2		1
515.3		1
515.4		1
515.5		1
515.6		1
515.7		1
515.8		1
515.9		1
516		1
516.1		1
516.2		1
516.3		1
516.4		1
516.5		1
516.6		1
516.7		1
516.8		1
516.9		1
517		1
517.1		1
517.2		1
517.3		1
517.4		1
517.5		1
517.6		1
517.7		1
517.8		1
517.9		1
518		1
518.1		1
518.2		1
518.3		1
518.4		1
518.5		1
518.6		1
518.7		1
518.8		1
518.9		1
519		1
519.1		1
519.2		1
519.3		1
519.4		1
519.5		1
519.6		1
519.7		1
519.8		1
519.9		1
520		1
520.1		1
520.2		1
520.3		1
520.4		1
520.5		1
520.6		1
520.7		1
520.8		1
520.9		1
521		1
521.1		1
521.2		1
521.3		1
521.4		1
521.5		1
521.6		1
521.7		1
521.8		1
521.9		1
522		1
522.1		1
522.2		1
522.3		1
522.4		1
522.5		1
522.6		1
522.7		1
522.8		1
522.9		1
523		1
523.1		1
523.2		1
523.3		1
523.4		1
523.5		1
523.6		1
523.7		1
523.8		1
523.9		1
524		1
524.1		1
524.2		1
524.3		1
524.4		1
524.5		1
524.6		1
524.7		1
524.8		1
524.9		1
525		1
525.1		1
525.2		1
525.3		1
525.4		1
525.5		1
525.6		1
525.7		1
525.8		1
525.9		1
526		1
526.1		1
526.2		1
526.3		1
526.4		1
526.5		1
526.6		1
526.7		1
526.8		1
526.9		1
527		1
527.1		1
527.2		1
527.3		1
527.4		1
527.5		1
527.6		1
527.7		1
527.8		1
527.9		1
528		1
528.1		1
528.2		1
528.3		1
528.4		1
528.5		1
528.6		1
528.7		1
528.8		1
528.9		1
529		1
529.1		1
529.2		1
529.3		1
529.4		1
529.5		1
529.6		1
529.7		1
529.8		1
529.9		1
530		1
530.1		1
530.2		1
530.3		1
530.4		1
530.5		1
530.6		1
530.7		1
530.8		1
530.9		1
531		1
531.1		1
531.2		1
531.3		1
531.4		1
531.5		1
531.6		1
531.7		1
531.8		1
531.9		1
532		1
532.1		1
532.2		1
532.3		1
532.4		1
532.5		1
532.6		1
532.7		1
532.8		1
532.9		1
533		1
533.1		1
533.2		1
533.3		1
533.4		1
533.5		1
533.6		1
533.7		1
533.8		1
533.9		1
534		1
534.1		1
534.2		1
534.3		1
534.4		1
534.5		1
534.6		1
534.7		1
534.8		1
534.9		1
535		1
535.1		1
535.2		1
535.3		1
535.4		1
535.5		1
535.6		1
535.7		1
535.8		1
535.9		1
536		1
536.1		1
536.2		1
536.3		1
536.4		1
536.5		1
536.6		1
536.7		1
536.8		1
536.9		1
537		1
537.1		1
537.2		1
537.3		1
537.4		1
537.5		1
537.6		1
537.7		1
537.8		1
537.9		1
538		1
538.1		1
538.2		1
538.3		1
538.4		1
538.5		1
538.6		1
538.7		1
538.8		1
538.9		1
539		1
539.1		1
539.2		1
539.3		1
539.4		1
539.5		1
539.6		1
539.7		1
539.8		1
539.9		1
540		1
540.1		1
540.2		1
540.3		1
540.4		1
540.5		1
540.6		1
540.7		1
540.8		1
540.9		1
541		1
541.1		1
541.2		1
541.3		1
541.4		1
541.5		1
541.6		1
541.7		1
541.8		1
541.9		1
542		1
542.1		1
542.2		1
542.3		1
542.4		1
542.5		1
542.6		1
542.7		1
542.8		1
542.9		1
543		1
543.1		1
543.2		1
543.3		1
543.4		1
543.5		1
543.6		1
543.7		1
543.8		1
543.9		1
544		1
544.1		1
544.2		1
544.3		1
544.4		1
544.5		1
544.6		1
544.7		1
544.8		1
544.9		1
545		1
545.1		1
545.2		1
545.3		1
545.4		1
545.5		1
545.6		1
545.7		1
545.8		1
545.9		1
546		1
546.1		1
546.2		1
546.3		1
546.4		1
546.5		1
546.6		1
546.7		1
546.8		1
546.9		1
547		1
547.1		1
547.2		1
547.3		1
547.4		1
547.5		1
547.6		1
547.7		1
547.8		1
547.9		1
548		1
548.1		1
548.2		1
548.3		1
548.4		1
548.5		1
548.6		1
548.7		1
548.8		1
548.9		1
549		1
549.1		1
549.2		1
549.3		1
549.4		1
549.5		1
549.6		1
549.7		1
549.8		1
549.9		1
550		1
550.1		1
550.2		1
550.3		1
550.4		1
550.5		1
550.6		1
550.7		1
550.8		1
550.9		1
551		1
551.1		1
551.2		1
551.3		1
551.4		1
551.5		1
551.6		1
551.7		1
551.8		1
551.9		1
552		1
552.1		1
552.2		1
552.3		1
552.4		1
552.5		1
552.6		1
552.7		1
552.8		1
552.9		1
553		1
553.1		1
553.2		1
553.3		1
553.4		1
553.5		1
553.6		1
553.7		1
553.8		1
553.9		1
554		1
554.1		1
554.2		1
554.3		1
554.4		1
554.5		1
554.6		1
554.7		1
554.8		1
554.9		1
555		1
555.1		1
555.2		1
555.3		1
555.4		1
555.5		1
555.6		1
555.7		1
555.8		1
555.9		1
556		1
556.1		1
556.2		1
556.3		1
556.4		1
556.5		1
556.6		1
556.7		1
556.8		1
556.9		1
557		1
557.1		1
557.2		1
557.3		1
557.4		1
557.5		1
557.6		1
557.7		1
557.8		1
557.9		1
558		1
558.1		1
558.2		1
558.3		1
558.4		1
558.5		1
558.6		1
558.7		1
558.8		1
558.9		1
559		1
559.1		1
559.2		1
559.3		1
559.4		1
559.5		1
559.6		1
559.7		1
559.8		1
559.9		1
560		1
560.1		1
560.2		1
560.3		1
560.4		1
560.5		1
560.6		1
560.7		1
560.8		1
560.9		1
561		1
561.1		1
561.2		1
561.3		1
561.4		1
561.5		1
561.6		1
561.7		1
561.8		1
561.9		1
562		1
562.1		1
562.2		1
562.3		1
562.4		1
562.5		1
562.6		1
562.7		1
562.8		1
562.9		1
563		1
563.1		1
563.2		1
563.3		1
563.4		1
563.5		1
563.6		1
563.7		1
563.8		1
563.9		1
564		1
564.1		1
564.2		1
564.3		1
564.4		1
564.5		1
564.6		1
564.7		1
564.8		1
564.9		1
565		1
565.1		1
565.2		1
565.3		1
565.4		1
565.5		1
565.6		1
565.7		1
565.8		1
565.9		1
566		1
566.1		1
566.2		1
566.3		1
566.4		1
566.5		1
566.6		1
566.7		1
566.8		1
566.9		1
567		1
567.1		1
567.2		1
567.3		1
567.4		1
567.5		1
567.6		1
567.7		1
567.8		1
567.9		1
568		1
568.1		1
568.2		1
568.3		1
568.4		1
568.5		1
568.6		1
568.7		1
568.8		1
568.9		1
569		1
569.1		1
569.2		1
569.3		1
569.4		1
569.5		1
569.6		1
569.7		1
569.8		1
569.9		1
570		1
570.1		1
570.2		1
570.3		1
570.4		1
570.5		1
570.6		1
570.7		1
570.8		1
570.9		1
571		1
571.1		1
571.2		1
571.3		1
571.4		1
571.5		1
571.6		1
571.7		1
571.8		1
571.9		1
572		1
572.1		1
572.2		1
572.3		1
572.4		1
572.5		1
572.6		1
572.7		1
572.8		1
572.9		1
573		1
573.1		1
573.2		1
573.3		1
573.4		1
573.5		1
573.6		1
573.7		1
573.8		1
573.9		1
574		1
574.1		1
574.2		1
574.3		1
574.4		1
574.5		1
574.6		1
574.7		1
574.8		1
574.9		1
575		1
575.1		1
575.2		1
575.3		1
575.4		1
575.5		1
575.6		1
575.7		1
575.8		1
575.9		1
576		1
576.1		1
576.2		1
576.3		1
576.4		1
576.5		1
576.6		1
576.7		1
576.8		1
576.9		1
577		1
577.1		1
577.2		1
577.3		1
577.4		1
577.5		1
577.6		1
577.7		1
577.8		1
577.9		1
578		1
578.1		1
578.2		1
578.3		1
578.4		1
578.5		1
578.6		1
578.7		1
578.8		1
578.9		1
579		1
579.1		1
579.2		1
579.3		1
579.4		1
579.5		1
579.6		1
579.7		1
579.8		1
579.9		1
580		1
580.1		1
580.2		1
580.3		1
580.4		1
580.5		1
580.6		1
580.7		1
580.8		1
580.9		1
581		1
581.1		1
581.2		1
581.3		1
581.4		1
581.5		1
581.6		1
581.7		1
581.8		1
581.9		1
582		1
582.1		1
582.2		1
582.3		1
582.4		1
582.5		1
582.6		1
582.7		1
582.8		1
582.9		1
583		1
583.1		1
583.2		1
583.3		1
583.4		1
583.5		1
583.6		1
583.7		1
583.8		1
583.9		1
584		1
584.1		1
584.2		1
584.3		1
584.4		1
584.5		1
584.6		1
584.7		1
584.8		1
584.9		1
585		1
585.1		1
585.2		1
585.3		1
585.4		1
585.5		1
585.6		1
585.7		1
585.8		1
585.9		1
586		1
586.1		1
586.2		1
586.3		1
586.4		1
586.5		1
586.6		1
586.7		1
586.8		1
586.9		1
587		1
587.1		1
587.2		1
587.3		1
587.4		1
587.5		1
587.6		1
587.7		1
587.8		1
587.9		1
588		1
588.1		1
588.2		1
588.3		1
588.4		1
588.5		1
588.6		1
588.7		1
588.8		1
588.9		1
589		1
589.1		1
589.2		1
589.3		1
589.4		1
589.5		1
589.6		1
589.7		1
589.8		1
589.9		1
590		1
590.1		1
590.2		1
590.3		1
590.4		1
590.5		1
590.6		1
590.7		1
590.8		1
590.9		1
591		1
591.1		1
591.2		1
591.3		1
591.4		1
591.5		1
591.6		1
591.7		1
591.8		1
591.9		1
592		1
592.1		1
592.2		1
592.3		1
592.4		1
592.5		1
592.6		1
592.7		1
592.8		1
592.9		1
593		1
593.1		1
593.2		1
593.3		1
593.4		1
593.5		1
593.6		1
593.7		1
593.8		1
593.9		1
594		1
594.1		1
594.2		1
594.3		1
594.4		1
594.5		1
594.6		1
594.7		1
594.8		1
594.9		1
595		1
595.1		1
595.2		1
595.3		1
595.4		1
595.5		1
595.6		1
595.7		1
595.8		1
595.9		1
596		1
596.1		1
596.2		1
596.3		1
596.4		1
596.5		1
596.6		1
596.7		1
596.8		1
596.9		1
597		1
597.1		1
597.2		1
597.3		1
597.4		1
597.5		1
597.6		1
597.7		1
597.8		1
597.9		1
598		1
598.1		1
598.2		1
598.3		1
598.4		1
598.5		1
598.6		1
598.7		1
598.8		1
598.9		1
599		1
599.1		1
599.2		1
599.3		1
599.4		1
599.5		1
599.6		1
599.7		1
599.8		1
599.9		1
600		1
