# Calibration file of tamex_id 1 @ channel 26
# fine_T bin		 Calibration value
0.1		0
0.2		0
0.3		0
0.4		0
0.5		0
0.6		0
0.7		0
0.8		0
0.9		0
1		0
1.1		0
1.2		0
1.3		0
1.4		0
1.5		0
1.6		0
1.7		0
1.8		0
1.9		0
2		0
2.1		0
2.2		0
2.3		0
2.4		0
2.5		0
2.6		0
2.7		0
2.8		0
2.9		0
3		0
3.1		0
3.2		0
3.3		0
3.4		0
3.5		0
3.6		0
3.7		0
3.8		0
3.9		0
4		0
4.1		0
4.2		0
4.3		0
4.4		0
4.5		0
4.6		0
4.7		0
4.8		0
4.9		0
5		0
5.1		0
5.2		0
5.3		0
5.4		0
5.5		0
5.6		0
5.7		0
5.8		0
5.9		0
6		0
6.1		0
6.2		0
6.3		0
6.4		0
6.5		0
6.6		0
6.7		0
6.8		0
6.9		0
7		0
7.1		0
7.2		0
7.3		0
7.4		0
7.5		0
7.6		0
7.7		0
7.8		0
7.9		0
8		0
8.1		0
8.2		0
8.3		0
8.4		0
8.5		0
8.6		0
8.7		0
8.8		0
8.9		0
9		0
9.1		0
9.2		0
9.3		0
9.4		0
9.5		0
9.6		0
9.7		0
9.8		0
9.9		0
10		0
10.1		0
10.2		0
10.3		0
10.4		0
10.5		0
10.6		0
10.7		0
10.8		0
10.9		0
11		0
11.1		0
11.2		0
11.3		0
11.4		0
11.5		0
11.6		0
11.7		0
11.8		0
11.9		0
12		0
12.1		0
12.2		0
12.3		0
12.4		0
12.5		0
12.6		0
12.7		0
12.8		0
12.9		0
13		0
13.1		0
13.2		0
13.3		0
13.4		0
13.5		0
13.6		0
13.7		0
13.8		0
13.9		0
14		0
14.1		0
14.2		0
14.3		0
14.4		0
14.5		0
14.6		0
14.7		0
14.8		0
14.9		0
15		0
15.1		0
15.2		0
15.3		0
15.4		0
15.5		0
15.6		0
15.7		0
15.8		0
15.9		0
16		0
16.1		0.00417252
16.2		0.00417252
16.3		0.00417252
16.4		0.00417252
16.5		0.00417252
16.6		0.00417252
16.7		0.00417252
16.8		0.00417252
16.9		0.00417252
17		0.00417252
17.1		0.00821328
17.2		0.00821328
17.3		0.00821328
17.4		0.00821328
17.5		0.00821328
17.6		0.00821328
17.7		0.00821328
17.8		0.00821328
17.9		0.00821328
18		0.00821328
18.1		0.00895994
18.2		0.00895994
18.3		0.00895994
18.4		0.00895994
18.5		0.00895994
18.6		0.00895994
18.7		0.00895994
18.8		0.00895994
18.9		0.00895994
19		0.00895994
19.1		0.0100141
19.2		0.0100141
19.3		0.0100141
19.4		0.0100141
19.5		0.0100141
19.6		0.0100141
19.7		0.0100141
19.8		0.0100141
19.9		0.0100141
20		0.0100141
20.1		0.0183152
20.2		0.0183152
20.3		0.0183152
20.4		0.0183152
20.5		0.0183152
20.6		0.0183152
20.7		0.0183152
20.8		0.0183152
20.9		0.0183152
21		0.0183152
21.1		0.0184469
21.2		0.0184469
21.3		0.0184469
21.4		0.0184469
21.5		0.0184469
21.6		0.0184469
21.7		0.0184469
21.8		0.0184469
21.9		0.0184469
22		0.0184469
22.1		0.0204234
22.2		0.0204234
22.3		0.0204234
22.4		0.0204234
22.5		0.0204234
22.6		0.0204234
22.7		0.0204234
22.8		0.0204234
22.9		0.0204234
23		0.0204234
23.1		0.0215654
23.2		0.0215654
23.3		0.0215654
23.4		0.0215654
23.5		0.0215654
23.6		0.0215654
23.7		0.0215654
23.8		0.0215654
23.9		0.0215654
24		0.0215654
24.1		0.0249034
24.2		0.0249034
24.3		0.0249034
24.4		0.0249034
24.5		0.0249034
24.6		0.0249034
24.7		0.0249034
24.8		0.0249034
24.9		0.0249034
25		0.0249034
25.1		0.0266163
25.2		0.0266163
25.3		0.0266163
25.4		0.0266163
25.5		0.0266163
25.6		0.0266163
25.7		0.0266163
25.8		0.0266163
25.9		0.0266163
26		0.0266163
26.1		0.0274508
26.2		0.0274508
26.3		0.0274508
26.4		0.0274508
26.5		0.0274508
26.6		0.0274508
26.7		0.0274508
26.8		0.0274508
26.9		0.0274508
27		0.0274508
27.1		0.0290759
27.2		0.0290759
27.3		0.0290759
27.4		0.0290759
27.5		0.0290759
27.6		0.0290759
27.7		0.0290759
27.8		0.0290759
27.9		0.0290759
28		0.0290759
28.1		0.0337316
28.2		0.0337316
28.3		0.0337316
28.4		0.0337316
28.5		0.0337316
28.6		0.0337316
28.7		0.0337316
28.8		0.0337316
28.9		0.0337316
29		0.0337316
29.1		0.0348735
29.2		0.0348735
29.3		0.0348735
29.4		0.0348735
29.5		0.0348735
29.6		0.0348735
29.7		0.0348735
29.8		0.0348735
29.9		0.0348735
30		0.0348735
30.1		0.0350492
30.2		0.0350492
30.3		0.0350492
30.4		0.0350492
30.5		0.0350492
30.6		0.0350492
30.7		0.0350492
30.8		0.0350492
30.9		0.0350492
31		0.0350492
31.1		0.0356202
31.2		0.0356202
31.3		0.0356202
31.4		0.0356202
31.5		0.0356202
31.6		0.0356202
31.7		0.0356202
31.8		0.0356202
31.9		0.0356202
32		0.0356202
32.1		0.0410664
32.2		0.0410664
32.3		0.0410664
32.4		0.0410664
32.5		0.0410664
32.6		0.0410664
32.7		0.0410664
32.8		0.0410664
32.9		0.0410664
33		0.0410664
33.1		0.0429111
33.2		0.0429111
33.3		0.0429111
33.4		0.0429111
33.5		0.0429111
33.6		0.0429111
33.7		0.0429111
33.8		0.0429111
33.9		0.0429111
34		0.0429111
34.1		0.0450632
34.2		0.0450632
34.3		0.0450632
34.4		0.0450632
34.5		0.0450632
34.6		0.0450632
34.7		0.0450632
34.8		0.0450632
34.9		0.0450632
35		0.0450632
35.1		0.0453268
35.2		0.0453268
35.3		0.0453268
35.4		0.0453268
35.5		0.0453268
35.6		0.0453268
35.7		0.0453268
35.8		0.0453268
35.9		0.0453268
36		0.0453268
36.1		0.0489283
36.2		0.0489283
36.3		0.0489283
36.4		0.0489283
36.5		0.0489283
36.6		0.0489283
36.7		0.0489283
36.8		0.0489283
36.9		0.0489283
37		0.0489283
37.1		0.050202
37.2		0.050202
37.3		0.050202
37.4		0.050202
37.5		0.050202
37.6		0.050202
37.7		0.050202
37.8		0.050202
37.9		0.050202
38		0.050202
38.1		0.0515197
38.2		0.0515197
38.3		0.0515197
38.4		0.0515197
38.5		0.0515197
38.6		0.0515197
38.7		0.0515197
38.8		0.0515197
38.9		0.0515197
39		0.0515197
39.1		0.0537597
39.2		0.0537597
39.3		0.0537597
39.4		0.0537597
39.5		0.0537597
39.6		0.0537597
39.7		0.0537597
39.8		0.0537597
39.9		0.0537597
40		0.0537597
40.1		0.0576247
40.2		0.0576247
40.3		0.0576247
40.4		0.0576247
40.5		0.0576247
40.6		0.0576247
40.7		0.0576247
40.8		0.0576247
40.9		0.0576247
41		0.0576247
41.1		0.0584592
41.2		0.0584592
41.3		0.0584592
41.4		0.0584592
41.5		0.0584592
41.6		0.0584592
41.7		0.0584592
41.8		0.0584592
41.9		0.0584592
42		0.0584592
42.1		0.058591
42.2		0.058591
42.3		0.058591
42.4		0.058591
42.5		0.058591
42.6		0.058591
42.7		0.058591
42.8		0.058591
42.9		0.058591
43		0.058591
43.1		0.0596012
43.2		0.0596012
43.3		0.0596012
43.4		0.0596012
43.5		0.0596012
43.6		0.0596012
43.7		0.0596012
43.8		0.0596012
43.9		0.0596012
44		0.0596012
44.1		0.063598
44.2		0.063598
44.3		0.063598
44.4		0.063598
44.5		0.063598
44.6		0.063598
44.7		0.063598
44.8		0.063598
44.9		0.063598
45		0.063598
45.1		0.0661015
45.2		0.0661015
45.3		0.0661015
45.4		0.0661015
45.5		0.0661015
45.6		0.0661015
45.7		0.0661015
45.8		0.0661015
45.9		0.0661015
46		0.0661015
46.1		0.0680341
46.2		0.0680341
46.3		0.0680341
46.4		0.0680341
46.5		0.0680341
46.6		0.0680341
46.7		0.0680341
46.8		0.0680341
46.9		0.0680341
47		0.0680341
47.1		0.070318
47.2		0.070318
47.3		0.070318
47.4		0.070318
47.5		0.070318
47.6		0.070318
47.7		0.070318
47.8		0.070318
47.9		0.070318
48		0.070318
48.1		0.0717674
48.2		0.0717674
48.3		0.0717674
48.4		0.0717674
48.5		0.0717674
48.6		0.0717674
48.7		0.0717674
48.8		0.0717674
48.9		0.0717674
49		0.0717674
49.1		0.0745784
49.2		0.0745784
49.3		0.0745784
49.4		0.0745784
49.5		0.0745784
49.6		0.0745784
49.7		0.0745784
49.8		0.0745784
49.9		0.0745784
50		0.0745784
50.1		0.0758082
50.2		0.0758082
50.3		0.0758082
50.4		0.0758082
50.5		0.0758082
50.6		0.0758082
50.7		0.0758082
50.8		0.0758082
50.9		0.0758082
51		0.0758082
51.1		0.0772136
51.2		0.0772136
51.3		0.0772136
51.4		0.0772136
51.5		0.0772136
51.6		0.0772136
51.7		0.0772136
51.8		0.0772136
51.9		0.0772136
52		0.0772136
52.1		0.0781799
52.2		0.0781799
52.3		0.0781799
52.4		0.0781799
52.5		0.0781799
52.6		0.0781799
52.7		0.0781799
52.8		0.0781799
52.9		0.0781799
53		0.0781799
53.1		0.080376
53.2		0.080376
53.3		0.080376
53.4		0.080376
53.5		0.080376
53.6		0.080376
53.7		0.080376
53.8		0.080376
53.9		0.080376
54		0.080376
54.1		0.0839336
54.2		0.0839336
54.3		0.0839336
54.4		0.0839336
54.5		0.0839336
54.6		0.0839336
54.7		0.0839336
54.8		0.0839336
54.9		0.0839336
55		0.0839336
55.1		0.0863053
55.2		0.0863053
55.3		0.0863053
55.4		0.0863053
55.5		0.0863053
55.6		0.0863053
55.7		0.0863053
55.8		0.0863053
55.9		0.0863053
56		0.0863053
56.1		0.0867006
56.2		0.0867006
56.3		0.0867006
56.4		0.0867006
56.5		0.0867006
56.6		0.0867006
56.7		0.0867006
56.8		0.0867006
56.9		0.0867006
57		0.0867006
57.1		0.088194
57.2		0.088194
57.3		0.088194
57.4		0.088194
57.5		0.088194
57.6		0.088194
57.7		0.088194
57.8		0.088194
57.9		0.088194
58		0.088194
58.1		0.093772
58.2		0.093772
58.3		0.093772
58.4		0.093772
58.5		0.093772
58.6		0.093772
58.7		0.093772
58.8		0.093772
58.9		0.093772
59		0.093772
59.1		0.0951774
59.2		0.0951774
59.3		0.0951774
59.4		0.0951774
59.5		0.0951774
59.6		0.0951774
59.7		0.0951774
59.8		0.0951774
59.9		0.0951774
60		0.0951774
60.1		0.0969782
60.2		0.0969782
60.3		0.0969782
60.4		0.0969782
60.5		0.0969782
60.6		0.0969782
60.7		0.0969782
60.8		0.0969782
60.9		0.0969782
61		0.0969782
61.1		0.0973735
61.2		0.0973735
61.3		0.0973735
61.4		0.0973735
61.5		0.0973735
61.6		0.0973735
61.7		0.0973735
61.8		0.0973735
61.9		0.0973735
62		0.0973735
62.1		0.0997892
62.2		0.0997892
62.3		0.0997892
62.4		0.0997892
62.5		0.0997892
62.6		0.0997892
62.7		0.0997892
62.8		0.0997892
62.9		0.0997892
63		0.0997892
63.1		0.102293
63.2		0.102293
63.3		0.102293
63.4		0.102293
63.5		0.102293
63.6		0.102293
63.7		0.102293
63.8		0.102293
63.9		0.102293
64		0.102293
64.1		0.103918
64.2		0.103918
64.3		0.103918
64.4		0.103918
64.5		0.103918
64.6		0.103918
64.7		0.103918
64.8		0.103918
64.9		0.103918
65		0.103918
65.1		0.106158
65.2		0.106158
65.3		0.106158
65.4		0.106158
65.5		0.106158
65.6		0.106158
65.7		0.106158
65.8		0.106158
65.9		0.106158
66		0.106158
66.1		0.10954
66.2		0.10954
66.3		0.10954
66.4		0.10954
66.5		0.10954
66.6		0.10954
66.7		0.10954
66.8		0.10954
66.9		0.10954
67		0.10954
67.1		0.110901
67.2		0.110901
67.3		0.110901
67.4		0.110901
67.5		0.110901
67.6		0.110901
67.7		0.110901
67.8		0.110901
67.9		0.110901
68		0.110901
68.1		0.111209
68.2		0.111209
68.3		0.111209
68.4		0.111209
68.5		0.111209
68.6		0.111209
68.7		0.111209
68.8		0.111209
68.9		0.111209
69		0.111209
69.1		0.115074
69.2		0.115074
69.3		0.115074
69.4		0.115074
69.5		0.115074
69.6		0.115074
69.7		0.115074
69.8		0.115074
69.9		0.115074
70		0.115074
70.1		0.118104
70.2		0.118104
70.3		0.118104
70.4		0.118104
70.5		0.118104
70.6		0.118104
70.7		0.118104
70.8		0.118104
70.9		0.118104
71		0.118104
71.1		0.118324
71.2		0.118324
71.3		0.118324
71.4		0.118324
71.5		0.118324
71.6		0.118324
71.7		0.118324
71.8		0.118324
71.9		0.118324
72		0.118324
72.1		0.118324
72.2		0.118324
72.3		0.118324
72.4		0.118324
72.5		0.118324
72.6		0.118324
72.7		0.118324
72.8		0.118324
72.9		0.118324
73		0.118324
73.1		0.122584
73.2		0.122584
73.3		0.122584
73.4		0.122584
73.5		0.122584
73.6		0.122584
73.7		0.122584
73.8		0.122584
73.9		0.122584
74		0.122584
74.1		0.126362
74.2		0.126362
74.3		0.126362
74.4		0.126362
74.5		0.126362
74.6		0.126362
74.7		0.126362
74.8		0.126362
74.9		0.126362
75		0.126362
75.1		0.126581
75.2		0.126581
75.3		0.126581
75.4		0.126581
75.5		0.126581
75.6		0.126581
75.7		0.126581
75.8		0.126581
75.9		0.126581
76		0.126581
76.1		0.128865
76.2		0.128865
76.3		0.128865
76.4		0.128865
76.5		0.128865
76.6		0.128865
76.7		0.128865
76.8		0.128865
76.9		0.128865
77		0.128865
77.1		0.130358
77.2		0.130358
77.3		0.130358
77.4		0.130358
77.5		0.130358
77.6		0.130358
77.7		0.130358
77.8		0.130358
77.9		0.130358
78		0.130358
78.1		0.131456
78.2		0.131456
78.3		0.131456
78.4		0.131456
78.5		0.131456
78.6		0.131456
78.7		0.131456
78.8		0.131456
78.9		0.131456
79		0.131456
79.1		0.136595
79.2		0.136595
79.3		0.136595
79.4		0.136595
79.5		0.136595
79.6		0.136595
79.7		0.136595
79.8		0.136595
79.9		0.136595
80		0.136595
80.1		0.136727
80.2		0.136727
80.3		0.136727
80.4		0.136727
80.5		0.136727
80.6		0.136727
80.7		0.136727
80.8		0.136727
80.9		0.136727
81		0.136727
81.1		0.137122
81.2		0.137122
81.3		0.137122
81.4		0.137122
81.5		0.137122
81.6		0.137122
81.7		0.137122
81.8		0.137122
81.9		0.137122
82		0.137122
82.1		0.141778
82.2		0.141778
82.3		0.141778
82.4		0.141778
82.5		0.141778
82.6		0.141778
82.7		0.141778
82.8		0.141778
82.9		0.141778
83		0.141778
83.1		0.142437
83.2		0.142437
83.3		0.142437
83.4		0.142437
83.5		0.142437
83.6		0.142437
83.7		0.142437
83.8		0.142437
83.9		0.142437
84		0.142437
84.1		0.146521
84.2		0.146521
84.3		0.146521
84.4		0.146521
84.5		0.146521
84.6		0.146521
84.7		0.146521
84.8		0.146521
84.9		0.146521
85		0.146521
85.1		0.148234
85.2		0.148234
85.3		0.148234
85.4		0.148234
85.5		0.148234
85.6		0.148234
85.7		0.148234
85.8		0.148234
85.9		0.148234
86		0.148234
86.1		0.150255
86.2		0.150255
86.3		0.150255
86.4		0.150255
86.5		0.150255
86.6		0.150255
86.7		0.150255
86.8		0.150255
86.9		0.150255
87		0.150255
87.1		0.151792
87.2		0.151792
87.3		0.151792
87.4		0.151792
87.5		0.151792
87.6		0.151792
87.7		0.151792
87.8		0.151792
87.9		0.151792
88		0.151792
88.1		0.154998
88.2		0.154998
88.3		0.154998
88.4		0.154998
88.5		0.154998
88.6		0.154998
88.7		0.154998
88.8		0.154998
88.9		0.154998
89		0.154998
89.1		0.15513
89.2		0.15513
89.3		0.15513
89.4		0.15513
89.5		0.15513
89.6		0.15513
89.7		0.15513
89.8		0.15513
89.9		0.15513
90		0.15513
90.1		0.158732
90.2		0.158732
90.3		0.158732
90.4		0.158732
90.5		0.158732
90.6		0.158732
90.7		0.158732
90.8		0.158732
90.9		0.158732
91		0.158732
91.1		0.158995
91.2		0.158995
91.3		0.158995
91.4		0.158995
91.5		0.158995
91.6		0.158995
91.7		0.158995
91.8		0.158995
91.9		0.158995
92		0.158995
92.1		0.162465
92.2		0.162465
92.3		0.162465
92.4		0.162465
92.5		0.162465
92.6		0.162465
92.7		0.162465
92.8		0.162465
92.9		0.162465
93		0.162465
93.1		0.165276
93.2		0.165276
93.3		0.165276
93.4		0.165276
93.5		0.165276
93.6		0.165276
93.7		0.165276
93.8		0.165276
93.9		0.165276
94		0.165276
94.1		0.165495
94.2		0.165495
94.3		0.165495
94.4		0.165495
94.5		0.165495
94.6		0.165495
94.7		0.165495
94.8		0.165495
94.9		0.165495
95		0.165495
95.1		0.165583
95.2		0.165583
95.3		0.165583
95.4		0.165583
95.5		0.165583
95.6		0.165583
95.7		0.165583
95.8		0.165583
95.9		0.165583
96		0.165583
96.1		0.170502
96.2		0.170502
96.3		0.170502
96.4		0.170502
96.5		0.170502
96.6		0.170502
96.7		0.170502
96.8		0.170502
96.9		0.170502
97		0.170502
97.1		0.171688
97.2		0.171688
97.3		0.171688
97.4		0.171688
97.5		0.171688
97.6		0.171688
97.7		0.171688
97.8		0.171688
97.9		0.171688
98		0.171688
98.1		0.171864
98.2		0.171864
98.3		0.171864
98.4		0.171864
98.5		0.171864
98.6		0.171864
98.7		0.171864
98.8		0.171864
98.9		0.171864
99		0.171864
99.1		0.173797
99.2		0.173797
99.3		0.173797
99.4		0.173797
99.5		0.173797
99.6		0.173797
99.7		0.173797
99.8		0.173797
99.9		0.173797
100		0.173797
100.1		0.178233
100.2		0.178233
100.3		0.178233
100.4		0.178233
100.5		0.178233
100.6		0.178233
100.7		0.178233
100.8		0.178233
100.9		0.178233
101		0.178233
101.1		0.180517
101.2		0.180517
101.3		0.180517
101.4		0.180517
101.5		0.180517
101.6		0.180517
101.7		0.180517
101.8		0.180517
101.9		0.180517
102		0.180517
102.1		0.181922
102.2		0.181922
102.3		0.181922
102.4		0.181922
102.5		0.181922
102.6		0.181922
102.7		0.181922
102.8		0.181922
102.9		0.181922
103		0.181922
103.1		0.184953
103.2		0.184953
103.3		0.184953
103.4		0.184953
103.5		0.184953
103.6		0.184953
103.7		0.184953
103.8		0.184953
103.9		0.184953
104		0.184953
104.1		0.187895
104.2		0.187895
104.3		0.187895
104.4		0.187895
104.5		0.187895
104.6		0.187895
104.7		0.187895
104.8		0.187895
104.9		0.187895
105		0.187895
105.1		0.188071
105.2		0.188071
105.3		0.188071
105.4		0.188071
105.5		0.188071
105.6		0.188071
105.7		0.188071
105.8		0.188071
105.9		0.188071
106		0.188071
106.1		0.189828
106.2		0.189828
106.3		0.189828
106.4		0.189828
106.5		0.189828
106.6		0.189828
106.7		0.189828
106.8		0.189828
106.9		0.189828
107		0.189828
107.1		0.191233
107.2		0.191233
107.3		0.191233
107.4		0.191233
107.5		0.191233
107.6		0.191233
107.7		0.191233
107.8		0.191233
107.9		0.191233
108		0.191233
108.1		0.194659
108.2		0.194659
108.3		0.194659
108.4		0.194659
108.5		0.194659
108.6		0.194659
108.7		0.194659
108.8		0.194659
108.9		0.194659
109		0.194659
109.1		0.197997
109.2		0.197997
109.3		0.197997
109.4		0.197997
109.5		0.197997
109.6		0.197997
109.7		0.197997
109.8		0.197997
109.9		0.197997
110		0.197997
110.1		0.19993
110.2		0.19993
110.3		0.19993
110.4		0.19993
110.5		0.19993
110.6		0.19993
110.7		0.19993
110.8		0.19993
110.9		0.19993
111		0.19993
111.1		0.200369
111.2		0.200369
111.3		0.200369
111.4		0.200369
111.5		0.200369
111.6		0.200369
111.7		0.200369
111.8		0.200369
111.9		0.200369
112		0.200369
112.1		0.200764
112.2		0.200764
112.3		0.200764
112.4		0.200764
112.5		0.200764
112.6		0.200764
112.7		0.200764
112.8		0.200764
112.9		0.200764
113		0.200764
113.1		0.201247
113.2		0.201247
113.3		0.201247
113.4		0.201247
113.5		0.201247
113.6		0.201247
113.7		0.201247
113.8		0.201247
113.9		0.201247
114		0.201247
114.1		0.209021
114.2		0.209021
114.3		0.209021
114.4		0.209021
114.5		0.209021
114.6		0.209021
114.7		0.209021
114.8		0.209021
114.9		0.209021
115		0.209021
115.1		0.209768
115.2		0.209768
115.3		0.209768
115.4		0.209768
115.5		0.209768
115.6		0.209768
115.7		0.209768
115.8		0.209768
115.9		0.209768
116		0.209768
116.1		0.211481
116.2		0.211481
116.3		0.211481
116.4		0.211481
116.5		0.211481
116.6		0.211481
116.7		0.211481
116.8		0.211481
116.9		0.211481
117		0.211481
117.1		0.211613
117.2		0.211613
117.3		0.211613
117.4		0.211613
117.5		0.211613
117.6		0.211613
117.7		0.211613
117.8		0.211613
117.9		0.211613
118		0.211613
118.1		0.215346
118.2		0.215346
118.3		0.215346
118.4		0.215346
118.5		0.215346
118.6		0.215346
118.7		0.215346
118.8		0.215346
118.9		0.215346
119		0.215346
119.1		0.218289
119.2		0.218289
119.3		0.218289
119.4		0.218289
119.5		0.218289
119.6		0.218289
119.7		0.218289
119.8		0.218289
119.9		0.218289
120		0.218289
120.1		0.218596
120.2		0.218596
120.3		0.218596
120.4		0.218596
120.5		0.218596
120.6		0.218596
120.7		0.218596
120.8		0.218596
120.9		0.218596
121		0.218596
121.1		0.218948
121.2		0.218948
121.3		0.218948
121.4		0.218948
121.5		0.218948
121.6		0.218948
121.7		0.218948
121.8		0.218948
121.9		0.218948
122		0.218948
122.1		0.226019
122.2		0.226019
122.3		0.226019
122.4		0.226019
122.5		0.226019
122.6		0.226019
122.7		0.226019
122.8		0.226019
122.9		0.226019
123		0.226019
123.1		0.226283
123.2		0.226283
123.3		0.226283
123.4		0.226283
123.5		0.226283
123.6		0.226283
123.7		0.226283
123.8		0.226283
123.9		0.226283
124		0.226283
124.1		0.226502
124.2		0.226502
124.3		0.226502
124.4		0.226502
124.5		0.226502
124.6		0.226502
124.7		0.226502
124.8		0.226502
124.9		0.226502
125		0.226502
125.1		0.227952
125.2		0.227952
125.3		0.227952
125.4		0.227952
125.5		0.227952
125.6		0.227952
125.7		0.227952
125.8		0.227952
125.9		0.227952
126		0.227952
126.1		0.231377
126.2		0.231377
126.3		0.231377
126.4		0.231377
126.5		0.231377
126.6		0.231377
126.7		0.231377
126.8		0.231377
126.9		0.231377
127		0.231377
127.1		0.231904
127.2		0.231904
127.3		0.231904
127.4		0.231904
127.5		0.231904
127.6		0.231904
127.7		0.231904
127.8		0.231904
127.9		0.231904
128		0.231904
128.1		0.235901
128.2		0.235901
128.3		0.235901
128.4		0.235901
128.5		0.235901
128.6		0.235901
128.7		0.235901
128.8		0.235901
128.9		0.235901
129		0.235901
129.1		0.236033
129.2		0.236033
129.3		0.236033
129.4		0.236033
129.5		0.236033
129.6		0.236033
129.7		0.236033
129.8		0.236033
129.9		0.236033
130		0.236033
130.1		0.238844
130.2		0.238844
130.3		0.238844
130.4		0.238844
130.5		0.238844
130.6		0.238844
130.7		0.238844
130.8		0.238844
130.9		0.238844
131		0.238844
131.1		0.239327
131.2		0.239327
131.3		0.239327
131.4		0.239327
131.5		0.239327
131.6		0.239327
131.7		0.239327
131.8		0.239327
131.9		0.239327
132		0.239327
132.1		0.241699
132.2		0.241699
132.3		0.241699
132.4		0.241699
132.5		0.241699
132.6		0.241699
132.7		0.241699
132.8		0.241699
132.9		0.241699
133		0.241699
133.1		0.241875
133.2		0.241875
133.3		0.241875
133.4		0.241875
133.5		0.241875
133.6		0.241875
133.7		0.241875
133.8		0.241875
133.9		0.241875
134		0.241875
134.1		0.244949
134.2		0.244949
134.3		0.244949
134.4		0.244949
134.5		0.244949
134.6		0.244949
134.7		0.244949
134.8		0.244949
134.9		0.244949
135		0.244949
135.1		0.249034
135.2		0.249034
135.3		0.249034
135.4		0.249034
135.5		0.249034
135.6		0.249034
135.7		0.249034
135.8		0.249034
135.9		0.249034
136		0.249034
136.1		0.249561
136.2		0.249561
136.3		0.249561
136.4		0.249561
136.5		0.249561
136.6		0.249561
136.7		0.249561
136.8		0.249561
136.9		0.249561
137		0.249561
137.1		0.250659
137.2		0.250659
137.3		0.250659
137.4		0.250659
137.5		0.250659
137.6		0.250659
137.7		0.250659
137.8		0.250659
137.9		0.250659
138		0.250659
138.1		0.25426
138.2		0.25426
138.3		0.25426
138.4		0.25426
138.5		0.25426
138.6		0.25426
138.7		0.25426
138.8		0.25426
138.9		0.25426
139		0.25426
139.1		0.255183
139.2		0.255183
139.3		0.255183
139.4		0.255183
139.5		0.255183
139.6		0.255183
139.7		0.255183
139.8		0.255183
139.9		0.255183
140		0.255183
140.1		0.255402
140.2		0.255402
140.3		0.255402
140.4		0.255402
140.5		0.255402
140.6		0.255402
140.7		0.255402
140.8		0.255402
140.9		0.255402
141		0.255402
141.1		0.260409
141.2		0.260409
141.3		0.260409
141.4		0.260409
141.5		0.260409
141.6		0.260409
141.7		0.260409
141.8		0.260409
141.9		0.260409
142		0.260409
142.1		0.263001
142.2		0.263001
142.3		0.263001
142.4		0.263001
142.5		0.263001
142.6		0.263001
142.7		0.263001
142.8		0.263001
142.9		0.263001
143		0.263001
143.1		0.265285
143.2		0.265285
143.3		0.265285
143.4		0.265285
143.5		0.265285
143.6		0.265285
143.7		0.265285
143.8		0.265285
143.9		0.265285
144		0.265285
144.1		0.266383
144.2		0.266383
144.3		0.266383
144.4		0.266383
144.5		0.266383
144.6		0.266383
144.7		0.266383
144.8		0.266383
144.9		0.266383
145		0.266383
145.1		0.266514
145.2		0.266514
145.3		0.266514
145.4		0.266514
145.5		0.266514
145.6		0.266514
145.7		0.266514
145.8		0.266514
145.9		0.266514
146		0.266514
146.1		0.268798
146.2		0.268798
146.3		0.268798
146.4		0.268798
146.5		0.268798
146.6		0.268798
146.7		0.268798
146.8		0.268798
146.9		0.268798
147		0.268798
147.1		0.272576
147.2		0.272576
147.3		0.272576
147.4		0.272576
147.5		0.272576
147.6		0.272576
147.7		0.272576
147.8		0.272576
147.9		0.272576
148		0.272576
148.1		0.275606
148.2		0.275606
148.3		0.275606
148.4		0.275606
148.5		0.275606
148.6		0.275606
148.7		0.275606
148.8		0.275606
148.9		0.275606
149		0.275606
149.1		0.276836
149.2		0.276836
149.3		0.276836
149.4		0.276836
149.5		0.276836
149.6		0.276836
149.7		0.276836
149.8		0.276836
149.9		0.276836
150		0.276836
150.1		0.278417
150.2		0.278417
150.3		0.278417
150.4		0.278417
150.5		0.278417
150.6		0.278417
150.7		0.278417
150.8		0.278417
150.9		0.278417
151		0.278417
151.1		0.278593
151.2		0.278593
151.3		0.278593
151.4		0.278593
151.5		0.278593
151.6		0.278593
151.7		0.278593
151.8		0.278593
151.9		0.278593
152		0.278593
152.1		0.282282
152.2		0.282282
152.3		0.282282
152.4		0.282282
152.5		0.282282
152.6		0.282282
152.7		0.282282
152.8		0.282282
152.9		0.282282
153		0.282282
153.1		0.28483
153.2		0.28483
153.3		0.28483
153.4		0.28483
153.5		0.28483
153.6		0.28483
153.7		0.28483
153.8		0.28483
153.9		0.28483
154		0.28483
154.1		0.286103
154.2		0.286103
154.3		0.286103
154.4		0.286103
154.5		0.286103
154.6		0.286103
154.7		0.286103
154.8		0.286103
154.9		0.286103
155		0.286103
155.1		0.287816
155.2		0.287816
155.3		0.287816
155.4		0.287816
155.5		0.287816
155.6		0.287816
155.7		0.287816
155.8		0.287816
155.9		0.287816
156		0.287816
156.1		0.289046
156.2		0.289046
156.3		0.289046
156.4		0.289046
156.5		0.289046
156.6		0.289046
156.7		0.289046
156.8		0.289046
156.9		0.289046
157		0.289046
157.1		0.291681
157.2		0.291681
157.3		0.291681
157.4		0.291681
157.5		0.291681
157.6		0.291681
157.7		0.291681
157.8		0.291681
157.9		0.291681
158		0.291681
158.1		0.294668
158.2		0.294668
158.3		0.294668
158.4		0.294668
158.5		0.294668
158.6		0.294668
158.7		0.294668
158.8		0.294668
158.9		0.294668
159		0.294668
159.1		0.295019
159.2		0.295019
159.3		0.295019
159.4		0.295019
159.5		0.295019
159.6		0.295019
159.7		0.295019
159.8		0.295019
159.9		0.295019
160		0.295019
160.1		0.299763
160.2		0.299763
160.3		0.299763
160.4		0.299763
160.5		0.299763
160.6		0.299763
160.7		0.299763
160.8		0.299763
160.9		0.299763
161		0.299763
161.1		0.301827
161.2		0.301827
161.3		0.301827
161.4		0.301827
161.5		0.301827
161.6		0.301827
161.7		0.301827
161.8		0.301827
161.9		0.301827
162		0.301827
162.1		0.302706
162.2		0.302706
162.3		0.302706
162.4		0.302706
162.5		0.302706
162.6		0.302706
162.7		0.302706
162.8		0.302706
162.9		0.302706
163		0.302706
163.1		0.305692
163.2		0.305692
163.3		0.305692
163.4		0.305692
163.5		0.305692
163.6		0.305692
163.7		0.305692
163.8		0.305692
163.9		0.305692
164		0.305692
164.1		0.307405
164.2		0.307405
164.3		0.307405
164.4		0.307405
164.5		0.307405
164.6		0.307405
164.7		0.307405
164.8		0.307405
164.9		0.307405
165		0.307405
165.1		0.309294
165.2		0.309294
165.3		0.309294
165.4		0.309294
165.5		0.309294
165.6		0.309294
165.7		0.309294
165.8		0.309294
165.9		0.309294
166		0.309294
166.1		0.309996
166.2		0.309996
166.3		0.309996
166.4		0.309996
166.5		0.309996
166.6		0.309996
166.7		0.309996
166.8		0.309996
166.9		0.309996
167		0.309996
167.1		0.312544
167.2		0.312544
167.3		0.312544
167.4		0.312544
167.5		0.312544
167.6		0.312544
167.7		0.312544
167.8		0.312544
167.9		0.312544
168		0.312544
168.1		0.315487
168.2		0.315487
168.3		0.315487
168.4		0.315487
168.5		0.315487
168.6		0.315487
168.7		0.315487
168.8		0.315487
168.9		0.315487
169		0.315487
169.1		0.315838
169.2		0.315838
169.3		0.315838
169.4		0.315838
169.5		0.315838
169.6		0.315838
169.7		0.315838
169.8		0.315838
169.9		0.315838
170		0.315838
170.1		0.317595
170.2		0.317595
170.3		0.317595
170.4		0.317595
170.5		0.317595
170.6		0.317595
170.7		0.317595
170.8		0.317595
170.9		0.317595
171		0.317595
171.1		0.321152
171.2		0.321152
171.3		0.321152
171.4		0.321152
171.5		0.321152
171.6		0.321152
171.7		0.321152
171.8		0.321152
171.9		0.321152
172		0.321152
172.1		0.32348
172.2		0.32348
172.3		0.32348
172.4		0.32348
172.5		0.32348
172.6		0.32348
172.7		0.32348
172.8		0.32348
172.9		0.32348
173		0.32348
173.1		0.325237
173.2		0.325237
173.3		0.325237
173.4		0.325237
173.5		0.325237
173.6		0.325237
173.7		0.325237
173.8		0.325237
173.9		0.325237
174		0.325237
174.1		0.327433
174.2		0.327433
174.3		0.327433
174.4		0.327433
174.5		0.327433
174.6		0.327433
174.7		0.327433
174.8		0.327433
174.9		0.327433
175		0.327433
175.1		0.327477
175.2		0.327477
175.3		0.327477
175.4		0.327477
175.5		0.327477
175.6		0.327477
175.7		0.327477
175.8		0.327477
175.9		0.327477
176		0.327477
176.1		0.3284
176.2		0.3284
176.3		0.3284
176.4		0.3284
176.5		0.3284
176.6		0.3284
176.7		0.3284
176.8		0.3284
176.9		0.3284
177		0.3284
177.1		0.333758
177.2		0.333758
177.3		0.333758
177.4		0.333758
177.5		0.333758
177.6		0.333758
177.7		0.333758
177.8		0.333758
177.9		0.333758
178		0.333758
178.1		0.335778
178.2		0.335778
178.3		0.335778
178.4		0.335778
178.5		0.335778
178.6		0.335778
178.7		0.335778
178.8		0.335778
178.9		0.335778
179		0.335778
179.1		0.339995
179.2		0.339995
179.3		0.339995
179.4		0.339995
179.5		0.339995
179.6		0.339995
179.7		0.339995
179.8		0.339995
179.9		0.339995
180		0.339995
180.1		0.340083
180.2		0.340083
180.3		0.340083
180.4		0.340083
180.5		0.340083
180.6		0.340083
180.7		0.340083
180.8		0.340083
180.9		0.340083
181		0.340083
181.1		0.340214
181.2		0.340214
181.3		0.340214
181.4		0.340214
181.5		0.340214
181.6		0.340214
181.7		0.340214
181.8		0.340214
181.9		0.340214
182		0.340214
182.1		0.345265
182.2		0.345265
182.3		0.345265
182.4		0.345265
182.5		0.345265
182.6		0.345265
182.7		0.345265
182.8		0.345265
182.9		0.345265
183		0.345265
183.1		0.347681
183.2		0.347681
183.3		0.347681
183.4		0.347681
183.5		0.347681
183.6		0.347681
183.7		0.347681
183.8		0.347681
183.9		0.347681
184		0.347681
184.1		0.349965
184.2		0.349965
184.3		0.349965
184.4		0.349965
184.5		0.349965
184.6		0.349965
184.7		0.349965
184.8		0.349965
184.9		0.349965
185		0.349965
185.1		0.350184
185.2		0.350184
185.3		0.350184
185.4		0.350184
185.5		0.350184
185.6		0.350184
185.7		0.350184
185.8		0.350184
185.9		0.350184
186		0.350184
186.1		0.35383
186.2		0.35383
186.3		0.35383
186.4		0.35383
186.5		0.35383
186.6		0.35383
186.7		0.35383
186.8		0.35383
186.9		0.35383
187		0.35383
187.1		0.355938
187.2		0.355938
187.3		0.355938
187.4		0.355938
187.5		0.355938
187.6		0.355938
187.7		0.355938
187.8		0.355938
187.9		0.355938
188		0.355938
188.1		0.357739
188.2		0.357739
188.3		0.357739
188.4		0.357739
188.5		0.357739
188.6		0.357739
188.7		0.357739
188.8		0.357739
188.9		0.357739
189		0.357739
189.1		0.35853
189.2		0.35853
189.3		0.35853
189.4		0.35853
189.5		0.35853
189.6		0.35853
189.7		0.35853
189.8		0.35853
189.9		0.35853
190		0.35853
190.1		0.360594
190.2		0.360594
190.3		0.360594
190.4		0.360594
190.5		0.360594
190.6		0.360594
190.7		0.360594
190.8		0.360594
190.9		0.360594
191		0.360594
191.1		0.362087
191.2		0.362087
191.3		0.362087
191.4		0.362087
191.5		0.362087
191.6		0.362087
191.7		0.362087
191.8		0.362087
191.9		0.362087
192		0.362087
192.1		0.362878
192.2		0.362878
192.3		0.362878
192.4		0.362878
192.5		0.362878
192.6		0.362878
192.7		0.362878
192.8		0.362878
192.9		0.362878
193		0.362878
193.1		0.368456
193.2		0.368456
193.3		0.368456
193.4		0.368456
193.5		0.368456
193.6		0.368456
193.7		0.368456
193.8		0.368456
193.9		0.368456
194		0.368456
194.1		0.370081
194.2		0.370081
194.3		0.370081
194.4		0.370081
194.5		0.370081
194.6		0.370081
194.7		0.370081
194.8		0.370081
194.9		0.370081
195		0.370081
195.1		0.37153
195.2		0.37153
195.3		0.37153
195.4		0.37153
195.5		0.37153
195.6		0.37153
195.7		0.37153
195.8		0.37153
195.9		0.37153
196		0.37153
196.1		0.373243
196.2		0.373243
196.3		0.373243
196.4		0.373243
196.5		0.373243
196.6		0.373243
196.7		0.373243
196.8		0.373243
196.9		0.373243
197		0.373243
197.1		0.374429
197.2		0.374429
197.3		0.374429
197.4		0.374429
197.5		0.374429
197.6		0.374429
197.7		0.374429
197.8		0.374429
197.9		0.374429
198		0.374429
198.1		0.376669
198.2		0.376669
198.3		0.376669
198.4		0.376669
198.5		0.376669
198.6		0.376669
198.7		0.376669
198.8		0.376669
198.9		0.376669
199		0.376669
199.1		0.377855
199.2		0.377855
199.3		0.377855
199.4		0.377855
199.5		0.377855
199.6		0.377855
199.7		0.377855
199.8		0.377855
199.9		0.377855
200		0.377855
200.1		0.3815
200.2		0.3815
200.3		0.3815
200.4		0.3815
200.5		0.3815
200.6		0.3815
200.7		0.3815
200.8		0.3815
200.9		0.3815
201		0.3815
201.1		0.3815
201.2		0.3815
201.3		0.3815
201.4		0.3815
201.5		0.3815
201.6		0.3815
201.7		0.3815
201.8		0.3815
201.9		0.3815
202		0.3815
202.1		0.383213
202.2		0.383213
202.3		0.383213
202.4		0.383213
202.5		0.383213
202.6		0.383213
202.7		0.383213
202.8		0.383213
202.9		0.383213
203		0.383213
203.1		0.387034
203.2		0.387034
203.3		0.387034
203.4		0.387034
203.5		0.387034
203.6		0.387034
203.7		0.387034
203.8		0.387034
203.9		0.387034
204		0.387034
204.1		0.390109
204.2		0.390109
204.3		0.390109
204.4		0.390109
204.5		0.390109
204.6		0.390109
204.7		0.390109
204.8		0.390109
204.9		0.390109
205		0.390109
205.1		0.392744
205.2		0.392744
205.3		0.392744
205.4		0.392744
205.5		0.392744
205.6		0.392744
205.7		0.392744
205.8		0.392744
205.9		0.392744
206		0.392744
206.1		0.393096
206.2		0.393096
206.3		0.393096
206.4		0.393096
206.5		0.393096
206.6		0.393096
206.7		0.393096
206.8		0.393096
206.9		0.393096
207		0.393096
207.1		0.393359
207.2		0.393359
207.3		0.393359
207.4		0.393359
207.5		0.393359
207.6		0.393359
207.7		0.393359
207.8		0.393359
207.9		0.393359
208		0.393359
208.1		0.397927
208.2		0.397927
208.3		0.397927
208.4		0.397927
208.5		0.397927
208.6		0.397927
208.7		0.397927
208.8		0.397927
208.9		0.397927
209		0.397927
209.1		0.400562
209.2		0.400562
209.3		0.400562
209.4		0.400562
209.5		0.400562
209.6		0.400562
209.7		0.400562
209.8		0.400562
209.9		0.400562
210		0.400562
210.1		0.40188
210.2		0.40188
210.3		0.40188
210.4		0.40188
210.5		0.40188
210.6		0.40188
210.7		0.40188
210.8		0.40188
210.9		0.40188
211		0.40188
211.1		0.403681
211.2		0.403681
211.3		0.403681
211.4		0.403681
211.5		0.403681
211.6		0.403681
211.7		0.403681
211.8		0.403681
211.9		0.403681
212		0.403681
212.1		0.406887
212.2		0.406887
212.3		0.406887
212.4		0.406887
212.5		0.406887
212.6		0.406887
212.7		0.406887
212.8		0.406887
212.9		0.406887
213		0.406887
213.1		0.407238
213.2		0.407238
213.3		0.407238
213.4		0.407238
213.5		0.407238
213.6		0.407238
213.7		0.407238
213.8		0.407238
213.9		0.407238
214		0.407238
214.1		0.407634
214.2		0.407634
214.3		0.407634
214.4		0.407634
214.5		0.407634
214.6		0.407634
214.7		0.407634
214.8		0.407634
214.9		0.407634
215		0.407634
215.1		0.411586
215.2		0.411586
215.3		0.411586
215.4		0.411586
215.5		0.411586
215.6		0.411586
215.7		0.411586
215.8		0.411586
215.9		0.411586
216		0.411586
216.1		0.415935
216.2		0.415935
216.3		0.415935
216.4		0.415935
216.5		0.415935
216.6		0.415935
216.7		0.415935
216.8		0.415935
216.9		0.415935
217		0.415935
217.1		0.41611
217.2		0.41611
217.3		0.41611
217.4		0.41611
217.5		0.41611
217.6		0.41611
217.7		0.41611
217.8		0.41611
217.9		0.41611
218		0.41611
218.1		0.416286
218.2		0.416286
218.3		0.416286
218.4		0.416286
218.5		0.416286
218.6		0.416286
218.7		0.416286
218.8		0.416286
218.9		0.416286
219		0.416286
219.1		0.419229
219.2		0.419229
219.3		0.419229
219.4		0.419229
219.5		0.419229
219.6		0.419229
219.7		0.419229
219.8		0.419229
219.9		0.419229
220		0.419229
220.1		0.424763
220.2		0.424763
220.3		0.424763
220.4		0.424763
220.5		0.424763
220.6		0.424763
220.7		0.424763
220.8		0.424763
220.9		0.424763
221		0.424763
221.1		0.425334
221.2		0.425334
221.3		0.425334
221.4		0.425334
221.5		0.425334
221.6		0.425334
221.7		0.425334
221.8		0.425334
221.9		0.425334
222		0.425334
222.1		0.426344
222.2		0.426344
222.3		0.426344
222.4		0.426344
222.5		0.426344
222.6		0.426344
222.7		0.426344
222.8		0.426344
222.9		0.426344
223		0.426344
223.1		0.426783
223.2		0.426783
223.3		0.426783
223.4		0.426783
223.5		0.426783
223.6		0.426783
223.7		0.426783
223.8		0.426783
223.9		0.426783
224		0.426783
224.1		0.431
224.2		0.431
224.3		0.431
224.4		0.431
224.5		0.431
224.6		0.431
224.7		0.431
224.8		0.431
224.9		0.431
225		0.431
225.1		0.433415
225.2		0.433415
225.3		0.433415
225.4		0.433415
225.5		0.433415
225.6		0.433415
225.7		0.433415
225.8		0.433415
225.9		0.433415
226		0.433415
226.1		0.433679
226.2		0.433679
226.3		0.433679
226.4		0.433679
226.5		0.433679
226.6		0.433679
226.7		0.433679
226.8		0.433679
226.9		0.433679
227		0.433679
227.1		0.434777
227.2		0.434777
227.3		0.434777
227.4		0.434777
227.5		0.434777
227.6		0.434777
227.7		0.434777
227.8		0.434777
227.9		0.434777
228		0.434777
228.1		0.439389
228.2		0.439389
228.3		0.439389
228.4		0.439389
228.5		0.439389
228.6		0.439389
228.7		0.439389
228.8		0.439389
228.9		0.439389
229		0.439389
229.1		0.440179
229.2		0.440179
229.3		0.440179
229.4		0.440179
229.5		0.440179
229.6		0.440179
229.7		0.440179
229.8		0.440179
229.9		0.440179
230		0.440179
230.1		0.441892
230.2		0.441892
230.3		0.441892
230.4		0.441892
230.5		0.441892
230.6		0.441892
230.7		0.441892
230.8		0.441892
230.9		0.441892
231		0.441892
231.1		0.444879
231.2		0.444879
231.3		0.444879
231.4		0.444879
231.5		0.444879
231.6		0.444879
231.7		0.444879
231.8		0.444879
231.9		0.444879
232		0.444879
232.1		0.445713
232.2		0.445713
232.3		0.445713
232.4		0.445713
232.5		0.445713
232.6		0.445713
232.7		0.445713
232.8		0.445713
232.9		0.445713
233		0.445713
233.1		0.449534
233.2		0.449534
233.3		0.449534
233.4		0.449534
233.5		0.449534
233.6		0.449534
233.7		0.449534
233.8		0.449534
233.9		0.449534
234		0.449534
234.1		0.450018
234.2		0.450018
234.3		0.450018
234.4		0.450018
234.5		0.450018
234.6		0.450018
234.7		0.450018
234.8		0.450018
234.9		0.450018
235		0.450018
235.1		0.450281
235.2		0.450281
235.3		0.450281
235.4		0.450281
235.5		0.450281
235.6		0.450281
235.7		0.450281
235.8		0.450281
235.9		0.450281
236		0.450281
236.1		0.454014
236.2		0.454014
236.3		0.454014
236.4		0.454014
236.5		0.454014
236.6		0.454014
236.7		0.454014
236.8		0.454014
236.9		0.454014
237		0.454014
237.1		0.454629
237.2		0.454629
237.3		0.454629
237.4		0.454629
237.5		0.454629
237.6		0.454629
237.7		0.454629
237.8		0.454629
237.9		0.454629
238		0.454629
238.1		0.458231
238.2		0.458231
238.3		0.458231
238.4		0.458231
238.5		0.458231
238.6		0.458231
238.7		0.458231
238.8		0.458231
238.9		0.458231
239		0.458231
239.1		0.460822
239.2		0.460822
239.3		0.460822
239.4		0.460822
239.5		0.460822
239.6		0.460822
239.7		0.460822
239.8		0.460822
239.9		0.460822
240		0.460822
240.1		0.461261
240.2		0.461261
240.3		0.461261
240.4		0.461261
240.5		0.461261
240.6		0.461261
240.7		0.461261
240.8		0.461261
240.9		0.461261
241		0.461261
241.1		0.464556
241.2		0.464556
241.3		0.464556
241.4		0.464556
241.5		0.464556
241.6		0.464556
241.7		0.464556
241.8		0.464556
241.9		0.464556
242		0.464556
242.1		0.467103
242.2		0.467103
242.3		0.467103
242.4		0.467103
242.5		0.467103
242.6		0.467103
242.7		0.467103
242.8		0.467103
242.9		0.467103
243		0.467103
243.1		0.469211
243.2		0.469211
243.3		0.469211
243.4		0.469211
243.5		0.469211
243.6		0.469211
243.7		0.469211
243.8		0.469211
243.9		0.469211
244		0.469211
244.1		0.469782
244.2		0.469782
244.3		0.469782
244.4		0.469782
244.5		0.469782
244.6		0.469782
244.7		0.469782
244.8		0.469782
244.9		0.469782
245		0.469782
245.1		0.471363
245.2		0.471363
245.3		0.471363
245.4		0.471363
245.5		0.471363
245.6		0.471363
245.7		0.471363
245.8		0.471363
245.9		0.471363
246		0.471363
246.1		0.474218
246.2		0.474218
246.3		0.474218
246.4		0.474218
246.5		0.474218
246.6		0.474218
246.7		0.474218
246.8		0.474218
246.9		0.474218
247		0.474218
247.1		0.476502
247.2		0.476502
247.3		0.476502
247.4		0.476502
247.5		0.476502
247.6		0.476502
247.7		0.476502
247.8		0.476502
247.9		0.476502
248		0.476502
248.1		0.477073
248.2		0.477073
248.3		0.477073
248.4		0.477073
248.5		0.477073
248.6		0.477073
248.7		0.477073
248.8		0.477073
248.9		0.477073
249		0.477073
249.1		0.478654
249.2		0.478654
249.3		0.478654
249.4		0.478654
249.5		0.478654
249.6		0.478654
249.7		0.478654
249.8		0.478654
249.9		0.478654
250		0.478654
250.1		0.485638
250.2		0.485638
250.3		0.485638
250.4		0.485638
250.5		0.485638
250.6		0.485638
250.7		0.485638
250.8		0.485638
250.9		0.485638
251		0.485638
251.1		0.486472
251.2		0.486472
251.3		0.486472
251.4		0.486472
251.5		0.486472
251.6		0.486472
251.7		0.486472
251.8		0.486472
251.9		0.486472
252		0.486472
252.1		0.486868
252.2		0.486868
252.3		0.486868
252.4		0.486868
252.5		0.486868
252.6		0.486868
252.7		0.486868
252.8		0.486868
252.9		0.486868
253		0.486868
253.1		0.487175
253.2		0.487175
253.3		0.487175
253.4		0.487175
253.5		0.487175
253.6		0.487175
253.7		0.487175
253.8		0.487175
253.9		0.487175
254		0.487175
254.1		0.492753
254.2		0.492753
254.3		0.492753
254.4		0.492753
254.5		0.492753
254.6		0.492753
254.7		0.492753
254.8		0.492753
254.9		0.492753
255		0.492753
255.1		0.495388
255.2		0.495388
255.3		0.495388
255.4		0.495388
255.5		0.495388
255.6		0.495388
255.7		0.495388
255.8		0.495388
255.9		0.495388
256		0.495388
256.1		0.496442
256.2		0.496442
256.3		0.496442
256.4		0.496442
256.5		0.496442
256.6		0.496442
256.7		0.496442
256.8		0.496442
256.9		0.496442
257		0.496442
257.1		0.497453
257.2		0.497453
257.3		0.497453
257.4		0.497453
257.5		0.497453
257.6		0.497453
257.7		0.497453
257.8		0.497453
257.9		0.497453
258		0.497453
258.1		0.499649
258.2		0.499649
258.3		0.499649
258.4		0.499649
258.5		0.499649
258.6		0.499649
258.7		0.499649
258.8		0.499649
258.9		0.499649
259		0.499649
259.1		0.501845
259.2		0.501845
259.3		0.501845
259.4		0.501845
259.5		0.501845
259.6		0.501845
259.7		0.501845
259.8		0.501845
259.9		0.501845
260		0.501845
260.1		0.502372
260.2		0.502372
260.3		0.502372
260.4		0.502372
260.5		0.502372
260.6		0.502372
260.7		0.502372
260.8		0.502372
260.9		0.502372
261		0.502372
261.1		0.506105
261.2		0.506105
261.3		0.506105
261.4		0.506105
261.5		0.506105
261.6		0.506105
261.7		0.506105
261.8		0.506105
261.9		0.506105
262		0.506105
262.1		0.509751
262.2		0.509751
262.3		0.509751
262.4		0.509751
262.5		0.509751
262.6		0.509751
262.7		0.509751
262.8		0.509751
262.9		0.509751
263		0.509751
263.1		0.512078
263.2		0.512078
263.3		0.512078
263.4		0.512078
263.5		0.512078
263.6		0.512078
263.7		0.512078
263.8		0.512078
263.9		0.512078
264		0.512078
264.1		0.512913
264.2		0.512913
264.3		0.512913
264.4		0.512913
264.5		0.512913
264.6		0.512913
264.7		0.512913
264.8		0.512913
264.9		0.512913
265		0.512913
265.1		0.513879
265.2		0.513879
265.3		0.513879
265.4		0.513879
265.5		0.513879
265.6		0.513879
265.7		0.513879
265.8		0.513879
265.9		0.513879
266		0.513879
266.1		0.515724
266.2		0.515724
266.3		0.515724
266.4		0.515724
266.5		0.515724
266.6		0.515724
266.7		0.515724
266.8		0.515724
266.9		0.515724
267		0.515724
267.1		0.518798
267.2		0.518798
267.3		0.518798
267.4		0.518798
267.5		0.518798
267.6		0.518798
267.7		0.518798
267.8		0.518798
267.9		0.518798
268		0.518798
268.1		0.519721
268.2		0.519721
268.3		0.519721
268.4		0.519721
268.5		0.519721
268.6		0.519721
268.7		0.519721
268.8		0.519721
268.9		0.519721
269		0.519721
269.1		0.520994
269.2		0.520994
269.3		0.520994
269.4		0.520994
269.5		0.520994
269.6		0.520994
269.7		0.520994
269.8		0.520994
269.9		0.520994
270		0.520994
270.1		0.523498
270.2		0.523498
270.3		0.523498
270.4		0.523498
270.5		0.523498
270.6		0.523498
270.7		0.523498
270.8		0.523498
270.9		0.523498
271		0.523498
271.1		0.524859
271.2		0.524859
271.3		0.524859
271.4		0.524859
271.5		0.524859
271.6		0.524859
271.7		0.524859
271.8		0.524859
271.9		0.524859
272		0.524859
272.1		0.52811
272.2		0.52811
272.3		0.52811
272.4		0.52811
272.5		0.52811
272.6		0.52811
272.7		0.52811
272.8		0.52811
272.9		0.52811
273		0.52811
273.1		0.528988
273.2		0.528988
273.3		0.528988
273.4		0.528988
273.5		0.528988
273.6		0.528988
273.7		0.528988
273.8		0.528988
273.9		0.528988
274		0.528988
274.1		0.529954
274.2		0.529954
274.3		0.529954
274.4		0.529954
274.5		0.529954
274.6		0.529954
274.7		0.529954
274.8		0.529954
274.9		0.529954
275		0.529954
275.1		0.534171
275.2		0.534171
275.3		0.534171
275.4		0.534171
275.5		0.534171
275.6		0.534171
275.7		0.534171
275.8		0.534171
275.9		0.534171
276		0.534171
276.1		0.536543
276.2		0.536543
276.3		0.536543
276.4		0.536543
276.5		0.536543
276.6		0.536543
276.7		0.536543
276.8		0.536543
276.9		0.536543
277		0.536543
277.1		0.538958
277.2		0.538958
277.3		0.538958
277.4		0.538958
277.5		0.538958
277.6		0.538958
277.7		0.538958
277.8		0.538958
277.9		0.538958
278		0.538958
278.1		0.539134
278.2		0.539134
278.3		0.539134
278.4		0.539134
278.5		0.539134
278.6		0.539134
278.7		0.539134
278.8		0.539134
278.9		0.539134
279		0.539134
279.1		0.542384
279.2		0.542384
279.3		0.542384
279.4		0.542384
279.5		0.542384
279.6		0.542384
279.7		0.542384
279.8		0.542384
279.9		0.542384
280		0.542384
280.1		0.545678
280.2		0.545678
280.3		0.545678
280.4		0.545678
280.5		0.545678
280.6		0.545678
280.7		0.545678
280.8		0.545678
280.9		0.545678
281		0.545678
281.1		0.545854
281.2		0.545854
281.3		0.545854
281.4		0.545854
281.5		0.545854
281.6		0.545854
281.7		0.545854
281.8		0.545854
281.9		0.545854
282		0.545854
282.1		0.547874
282.2		0.547874
282.3		0.547874
282.4		0.547874
282.5		0.547874
282.6		0.547874
282.7		0.547874
282.8		0.547874
282.9		0.547874
283		0.547874
283.1		0.548928
283.2		0.548928
283.3		0.548928
283.4		0.548928
283.5		0.548928
283.6		0.548928
283.7		0.548928
283.8		0.548928
283.9		0.548928
284		0.548928
284.1		0.55477
284.2		0.55477
284.3		0.55477
284.4		0.55477
284.5		0.55477
284.6		0.55477
284.7		0.55477
284.8		0.55477
284.9		0.55477
285		0.55477
285.1		0.555868
285.2		0.555868
285.3		0.555868
285.4		0.555868
285.5		0.555868
285.6		0.555868
285.7		0.555868
285.8		0.555868
285.9		0.555868
286		0.555868
286.1		0.556702
286.2		0.556702
286.3		0.556702
286.4		0.556702
286.5		0.556702
286.6		0.556702
286.7		0.556702
286.8		0.556702
286.9		0.556702
287		0.556702
287.1		0.563905
287.2		0.563905
287.3		0.563905
287.4		0.563905
287.5		0.563905
287.6		0.563905
287.7		0.563905
287.8		0.563905
287.9		0.563905
288		0.563905
288.1		0.564916
288.2		0.564916
288.3		0.564916
288.4		0.564916
288.5		0.564916
288.6		0.564916
288.7		0.564916
288.8		0.564916
288.9		0.564916
289		0.564916
289.1		0.566189
289.2		0.566189
289.3		0.566189
289.4		0.566189
289.5		0.566189
289.6		0.566189
289.7		0.566189
289.8		0.566189
289.9		0.566189
290		0.566189
290.1		0.566892
290.2		0.566892
290.3		0.566892
290.4		0.566892
290.5		0.566892
290.6		0.566892
290.7		0.566892
290.8		0.566892
290.9		0.566892
291		0.566892
291.1		0.572338
291.2		0.572338
291.3		0.572338
291.4		0.572338
291.5		0.572338
291.6		0.572338
291.7		0.572338
291.8		0.572338
291.9		0.572338
292		0.572338
292.1		0.57247
292.2		0.57247
292.3		0.57247
292.4		0.57247
292.5		0.57247
292.6		0.57247
292.7		0.57247
292.8		0.57247
292.9		0.57247
293		0.57247
293.1		0.57247
293.2		0.57247
293.3		0.57247
293.4		0.57247
293.5		0.57247
293.6		0.57247
293.7		0.57247
293.8		0.57247
293.9		0.57247
294		0.57247
294.1		0.57247
294.2		0.57247
294.3		0.57247
294.4		0.57247
294.5		0.57247
294.6		0.57247
294.7		0.57247
294.8		0.57247
294.9		0.57247
295		0.57247
295.1		0.572514
295.2		0.572514
295.3		0.572514
295.4		0.572514
295.5		0.572514
295.6		0.572514
295.7		0.572514
295.8		0.572514
295.9		0.572514
296		0.572514
296.1		0.573129
296.2		0.573129
296.3		0.573129
296.4		0.573129
296.5		0.573129
296.6		0.573129
296.7		0.573129
296.8		0.573129
296.9		0.573129
297		0.573129
297.1		0.579322
297.2		0.579322
297.3		0.579322
297.4		0.579322
297.5		0.579322
297.6		0.579322
297.7		0.579322
297.8		0.579322
297.9		0.579322
298		0.579322
298.1		0.579498
298.2		0.579498
298.3		0.579498
298.4		0.579498
298.5		0.579498
298.6		0.579498
298.7		0.579498
298.8		0.579498
298.9		0.579498
299		0.579498
299.1		0.582616
299.2		0.582616
299.3		0.582616
299.4		0.582616
299.5		0.582616
299.6		0.582616
299.7		0.582616
299.8		0.582616
299.9		0.582616
300		0.582616
300.1		0.582792
300.2		0.582792
300.3		0.582792
300.4		0.582792
300.5		0.582792
300.6		0.582792
300.7		0.582792
300.8		0.582792
300.9		0.582792
301		0.582792
301.1		0.583538
301.2		0.583538
301.3		0.583538
301.4		0.583538
301.5		0.583538
301.6		0.583538
301.7		0.583538
301.8		0.583538
301.9		0.583538
302		0.583538
302.1		0.584461
302.2		0.584461
302.3		0.584461
302.4		0.584461
302.5		0.584461
302.6		0.584461
302.7		0.584461
302.8		0.584461
302.9		0.584461
303		0.584461
303.1		0.58815
303.2		0.58815
303.3		0.58815
303.4		0.58815
303.5		0.58815
303.6		0.58815
303.7		0.58815
303.8		0.58815
303.9		0.58815
304		0.58815
304.1		0.58938
304.2		0.58938
304.3		0.58938
304.4		0.58938
304.5		0.58938
304.6		0.58938
304.7		0.58938
304.8		0.58938
304.9		0.58938
305		0.58938
305.1		0.590522
305.2		0.590522
305.3		0.590522
305.4		0.590522
305.5		0.590522
305.6		0.590522
305.7		0.590522
305.8		0.590522
305.9		0.590522
306		0.590522
306.1		0.593113
306.2		0.593113
306.3		0.593113
306.4		0.593113
306.5		0.593113
306.6		0.593113
306.7		0.593113
306.8		0.593113
306.9		0.593113
307		0.593113
307.1		0.594167
307.2		0.594167
307.3		0.594167
307.4		0.594167
307.5		0.594167
307.6		0.594167
307.7		0.594167
307.8		0.594167
307.9		0.594167
308		0.594167
308.1		0.597417
308.2		0.597417
308.3		0.597417
308.4		0.597417
308.5		0.597417
308.6		0.597417
308.7		0.597417
308.8		0.597417
308.9		0.597417
309		0.597417
309.1		0.597988
309.2		0.597988
309.3		0.597988
309.4		0.597988
309.5		0.597988
309.6		0.597988
309.7		0.597988
309.8		0.597988
309.9		0.597988
310		0.597988
310.1		0.598428
310.2		0.598428
310.3		0.598428
310.4		0.598428
310.5		0.598428
310.6		0.598428
310.7		0.598428
310.8		0.598428
310.9		0.598428
311		0.598428
311.1		0.605411
311.2		0.605411
311.3		0.605411
311.4		0.605411
311.5		0.605411
311.6		0.605411
311.7		0.605411
311.8		0.605411
311.9		0.605411
312		0.605411
312.1		0.606861
312.2		0.606861
312.3		0.606861
312.4		0.606861
312.5		0.606861
312.6		0.606861
312.7		0.606861
312.8		0.606861
312.9		0.606861
313		0.606861
313.1		0.608793
313.2		0.608793
313.3		0.608793
313.4		0.608793
313.5		0.608793
313.6		0.608793
313.7		0.608793
313.8		0.608793
313.9		0.608793
314		0.608793
314.1		0.6091
314.2		0.6091
314.3		0.6091
314.4		0.6091
314.5		0.6091
314.6		0.6091
314.7		0.6091
314.8		0.6091
314.9		0.6091
315		0.6091
315.1		0.610594
315.2		0.610594
315.3		0.610594
315.4		0.610594
315.5		0.610594
315.6		0.610594
315.7		0.610594
315.8		0.610594
315.9		0.610594
316		0.610594
316.1		0.617138
316.2		0.617138
316.3		0.617138
316.4		0.617138
316.5		0.617138
316.6		0.617138
316.7		0.617138
316.8		0.617138
316.9		0.617138
317		0.617138
317.1		0.617402
317.2		0.617402
317.3		0.617402
317.4		0.617402
317.5		0.617402
317.6		0.617402
317.7		0.617402
317.8		0.617402
317.9		0.617402
318		0.617402
318.1		0.619598
318.2		0.619598
318.3		0.619598
318.4		0.619598
318.5		0.619598
318.6		0.619598
318.7		0.619598
318.8		0.619598
318.9		0.619598
319		0.619598
319.1		0.620169
319.2		0.620169
319.3		0.620169
319.4		0.620169
319.5		0.620169
319.6		0.620169
319.7		0.620169
319.8		0.620169
319.9		0.620169
320		0.620169
320.1		0.624122
320.2		0.624122
320.3		0.624122
320.4		0.624122
320.5		0.624122
320.6		0.624122
320.7		0.624122
320.8		0.624122
320.9		0.624122
321		0.624122
321.1		0.625571
321.2		0.625571
321.3		0.625571
321.4		0.625571
321.5		0.625571
321.6		0.625571
321.7		0.625571
321.8		0.625571
321.9		0.625571
322		0.625571
322.1		0.627855
322.2		0.627855
322.3		0.627855
322.4		0.627855
322.5		0.627855
322.6		0.627855
322.7		0.627855
322.8		0.627855
322.9		0.627855
323		0.627855
323.1		0.629348
323.2		0.629348
323.3		0.629348
323.4		0.629348
323.5		0.629348
323.6		0.629348
323.7		0.629348
323.8		0.629348
323.9		0.629348
324		0.629348
324.1		0.632115
324.2		0.632115
324.3		0.632115
324.4		0.632115
324.5		0.632115
324.6		0.632115
324.7		0.632115
324.8		0.632115
324.9		0.632115
325		0.632115
325.1		0.632379
325.2		0.632379
325.3		0.632379
325.4		0.632379
325.5		0.632379
325.6		0.632379
325.7		0.632379
325.8		0.632379
325.9		0.632379
326		0.632379
326.1		0.63374
326.2		0.63374
326.3		0.63374
326.4		0.63374
326.5		0.63374
326.6		0.63374
326.7		0.63374
326.8		0.63374
326.9		0.63374
327		0.63374
327.1		0.634882
327.2		0.634882
327.3		0.634882
327.4		0.634882
327.5		0.634882
327.6		0.634882
327.7		0.634882
327.8		0.634882
327.9		0.634882
328		0.634882
328.1		0.638879
328.2		0.638879
328.3		0.638879
328.4		0.638879
328.5		0.638879
328.6		0.638879
328.7		0.638879
328.8		0.638879
328.9		0.638879
329		0.638879
329.1		0.641558
329.2		0.641558
329.3		0.641558
329.4		0.641558
329.5		0.641558
329.6		0.641558
329.7		0.641558
329.8		0.641558
329.9		0.641558
330		0.641558
330.1		0.641734
330.2		0.641734
330.3		0.641734
330.4		0.641734
330.5		0.641734
330.6		0.641734
330.7		0.641734
330.8		0.641734
330.9		0.641734
331		0.641734
331.1		0.643096
331.2		0.643096
331.3		0.643096
331.4		0.643096
331.5		0.643096
331.6		0.643096
331.7		0.643096
331.8		0.643096
331.9		0.643096
332		0.643096
332.1		0.644809
332.2		0.644809
332.3		0.644809
332.4		0.644809
332.5		0.644809
332.6		0.644809
332.7		0.644809
332.8		0.644809
332.9		0.644809
333		0.644809
333.1		0.647883
333.2		0.647883
333.3		0.647883
333.4		0.647883
333.5		0.647883
333.6		0.647883
333.7		0.647883
333.8		0.647883
333.9		0.647883
334		0.647883
334.1		0.64819
334.2		0.64819
334.3		0.64819
334.4		0.64819
334.5		0.64819
334.6		0.64819
334.7		0.64819
334.8		0.64819
334.9		0.64819
335		0.64819
335.1		0.652626
335.2		0.652626
335.3		0.652626
335.4		0.652626
335.5		0.652626
335.6		0.652626
335.7		0.652626
335.8		0.652626
335.9		0.652626
336		0.652626
336.1		0.653022
336.2		0.653022
336.3		0.653022
336.4		0.653022
336.5		0.653022
336.6		0.653022
336.7		0.653022
336.8		0.653022
336.9		0.653022
337		0.653022
337.1		0.655613
337.2		0.655613
337.3		0.655613
337.4		0.655613
337.5		0.655613
337.6		0.655613
337.7		0.655613
337.8		0.655613
337.9		0.655613
338		0.655613
338.1		0.657106
338.2		0.657106
338.3		0.657106
338.4		0.657106
338.5		0.657106
338.6		0.657106
338.7		0.657106
338.8		0.657106
338.9		0.657106
339		0.657106
339.1		0.658819
339.2		0.658819
339.3		0.658819
339.4		0.658819
339.5		0.658819
339.6		0.658819
339.7		0.658819
339.8		0.658819
339.9		0.658819
340		0.658819
340.1		0.662684
340.2		0.662684
340.3		0.662684
340.4		0.662684
340.5		0.662684
340.6		0.662684
340.7		0.662684
340.8		0.662684
340.9		0.662684
341		0.662684
341.1		0.664529
341.2		0.664529
341.3		0.664529
341.4		0.664529
341.5		0.664529
341.6		0.664529
341.7		0.664529
341.8		0.664529
341.9		0.664529
342		0.664529
342.1		0.666857
342.2		0.666857
342.3		0.666857
342.4		0.666857
342.5		0.666857
342.6		0.666857
342.7		0.666857
342.8		0.666857
342.9		0.666857
343		0.666857
343.1		0.669712
343.2		0.669712
343.3		0.669712
343.4		0.669712
343.5		0.669712
343.6		0.669712
343.7		0.669712
343.8		0.669712
343.9		0.669712
344		0.669712
344.1		0.67327
344.2		0.67327
344.3		0.67327
344.4		0.67327
344.5		0.67327
344.6		0.67327
344.7		0.67327
344.8		0.67327
344.9		0.67327
345		0.67327
345.1		0.679726
345.2		0.679726
345.3		0.679726
345.4		0.679726
345.5		0.679726
345.6		0.679726
345.7		0.679726
345.8		0.679726
345.9		0.679726
346		0.679726
346.1		0.679989
346.2		0.679989
346.3		0.679989
346.4		0.679989
346.5		0.679989
346.6		0.679989
346.7		0.679989
346.8		0.679989
346.9		0.679989
347		0.679989
347.1		0.681307
347.2		0.681307
347.3		0.681307
347.4		0.681307
347.5		0.681307
347.6		0.681307
347.7		0.681307
347.8		0.681307
347.9		0.681307
348		0.681307
348.1		0.683503
348.2		0.683503
348.3		0.683503
348.4		0.683503
348.5		0.683503
348.6		0.683503
348.7		0.683503
348.8		0.683503
348.9		0.683503
349		0.683503
349.1		0.684996
349.2		0.684996
349.3		0.684996
349.4		0.684996
349.5		0.684996
349.6		0.684996
349.7		0.684996
349.8		0.684996
349.9		0.684996
350		0.684996
350.1		0.687939
350.2		0.687939
350.3		0.687939
350.4		0.687939
350.5		0.687939
350.6		0.687939
350.7		0.687939
350.8		0.687939
350.9		0.687939
351		0.687939
351.1		0.690531
351.2		0.690531
351.3		0.690531
351.4		0.690531
351.5		0.690531
351.6		0.690531
351.7		0.690531
351.8		0.690531
351.9		0.690531
352		0.690531
352.1		0.690574
352.2		0.690574
352.3		0.690574
352.4		0.690574
352.5		0.690574
352.6		0.690574
352.7		0.690574
352.8		0.690574
352.9		0.690574
353		0.690574
353.1		0.690574
353.2		0.690574
353.3		0.690574
353.4		0.690574
353.5		0.690574
353.6		0.690574
353.7		0.690574
353.8		0.690574
353.9		0.690574
354		0.690574
354.1		0.690574
354.2		0.690574
354.3		0.690574
354.4		0.690574
354.5		0.690574
354.6		0.690574
354.7		0.690574
354.8		0.690574
354.9		0.690574
355		0.690574
355.1		0.691145
355.2		0.691145
355.3		0.691145
355.4		0.691145
355.5		0.691145
355.6		0.691145
355.7		0.691145
355.8		0.691145
355.9		0.691145
356		0.691145
356.1		0.695098
356.2		0.695098
356.3		0.695098
356.4		0.695098
356.5		0.695098
356.6		0.695098
356.7		0.695098
356.8		0.695098
356.9		0.695098
357		0.695098
357.1		0.698349
357.2		0.698349
357.3		0.698349
357.4		0.698349
357.5		0.698349
357.6		0.698349
357.7		0.698349
357.8		0.698349
357.9		0.698349
358		0.698349
358.1		0.698349
358.2		0.698349
358.3		0.698349
358.4		0.698349
358.5		0.698349
358.6		0.698349
358.7		0.698349
358.8		0.698349
358.9		0.698349
359		0.698349
359.1		0.699798
359.2		0.699798
359.3		0.699798
359.4		0.699798
359.5		0.699798
359.6		0.699798
359.7		0.699798
359.8		0.699798
359.9		0.699798
360		0.699798
360.1		0.70072
360.2		0.70072
360.3		0.70072
360.4		0.70072
360.5		0.70072
360.6		0.70072
360.7		0.70072
360.8		0.70072
360.9		0.70072
361		0.70072
361.1		0.702345
361.2		0.702345
361.3		0.702345
361.4		0.702345
361.5		0.702345
361.6		0.702345
361.7		0.702345
361.8		0.702345
361.9		0.702345
362		0.702345
362.1		0.706386
362.2		0.706386
362.3		0.706386
362.4		0.706386
362.5		0.706386
362.6		0.706386
362.7		0.706386
362.8		0.706386
362.9		0.706386
363		0.706386
363.1		0.70867
363.2		0.70867
363.3		0.70867
363.4		0.70867
363.5		0.70867
363.6		0.70867
363.7		0.70867
363.8		0.70867
363.9		0.70867
364		0.70867
364.1		0.710515
364.2		0.710515
364.3		0.710515
364.4		0.710515
364.5		0.710515
364.6		0.710515
364.7		0.710515
364.8		0.710515
364.9		0.710515
365		0.710515
365.1		0.712447
365.2		0.712447
365.3		0.712447
365.4		0.712447
365.5		0.712447
365.6		0.712447
365.7		0.712447
365.8		0.712447
365.9		0.712447
366		0.712447
366.1		0.715566
366.2		0.715566
366.3		0.715566
366.4		0.715566
366.5		0.715566
366.6		0.715566
366.7		0.715566
366.8		0.715566
366.9		0.715566
367		0.715566
367.1		0.717366
367.2		0.717366
367.3		0.717366
367.4		0.717366
367.5		0.717366
367.6		0.717366
367.7		0.717366
367.8		0.717366
367.9		0.717366
368		0.717366
368.1		0.71763
368.2		0.71763
368.3		0.71763
368.4		0.71763
368.5		0.71763
368.6		0.71763
368.7		0.71763
368.8		0.71763
368.9		0.71763
369		0.71763
369.1		0.717806
369.2		0.717806
369.3		0.717806
369.4		0.717806
369.5		0.717806
369.6		0.717806
369.7		0.717806
369.8		0.717806
369.9		0.717806
370		0.717806
370.1		0.722242
370.2		0.722242
370.3		0.722242
370.4		0.722242
370.5		0.722242
370.6		0.722242
370.7		0.722242
370.8		0.722242
370.9		0.722242
371		0.722242
371.1		0.72312
371.2		0.72312
371.3		0.72312
371.4		0.72312
371.5		0.72312
371.6		0.72312
371.7		0.72312
371.8		0.72312
371.9		0.72312
372		0.72312
372.1		0.726063
372.2		0.726063
372.3		0.726063
372.4		0.726063
372.5		0.726063
372.6		0.726063
372.7		0.726063
372.8		0.726063
372.9		0.726063
373		0.726063
373.1		0.728435
373.2		0.728435
373.3		0.728435
373.4		0.728435
373.5		0.728435
373.6		0.728435
373.7		0.728435
373.8		0.728435
373.9		0.728435
374		0.728435
374.1		0.73085
374.2		0.73085
374.3		0.73085
374.4		0.73085
374.5		0.73085
374.6		0.73085
374.7		0.73085
374.8		0.73085
374.9		0.73085
375		0.73085
375.1		0.732036
375.2		0.732036
375.3		0.732036
375.4		0.732036
375.5		0.732036
375.6		0.732036
375.7		0.732036
375.8		0.732036
375.9		0.732036
376		0.732036
376.1		0.733442
376.2		0.733442
376.3		0.733442
376.4		0.733442
376.5		0.733442
376.6		0.733442
376.7		0.733442
376.8		0.733442
376.9		0.733442
377		0.733442
377.1		0.733573
377.2		0.733573
377.3		0.733573
377.4		0.733573
377.5		0.733573
377.6		0.733573
377.7		0.733573
377.8		0.733573
377.9		0.733573
378		0.733573
378.1		0.736824
378.2		0.736824
378.3		0.736824
378.4		0.736824
378.5		0.736824
378.6		0.736824
378.7		0.736824
378.8		0.736824
378.9		0.736824
379		0.736824
379.1		0.742006
379.2		0.742006
379.3		0.742006
379.4		0.742006
379.5		0.742006
379.6		0.742006
379.7		0.742006
379.8		0.742006
379.9		0.742006
380		0.742006
380.1		0.742358
380.2		0.742358
380.3		0.742358
380.4		0.742358
380.5		0.742358
380.6		0.742358
380.7		0.742358
380.8		0.742358
380.9		0.742358
381		0.742358
381.1		0.7435
381.2		0.7435
381.3		0.7435
381.4		0.7435
381.5		0.7435
381.6		0.7435
381.7		0.7435
381.8		0.7435
381.9		0.7435
382		0.7435
382.1		0.745696
382.2		0.745696
382.3		0.745696
382.4		0.745696
382.5		0.745696
382.6		0.745696
382.7		0.745696
382.8		0.745696
382.9		0.745696
383		0.745696
383.1		0.747365
383.2		0.747365
383.3		0.747365
383.4		0.747365
383.5		0.747365
383.6		0.747365
383.7		0.747365
383.8		0.747365
383.9		0.747365
384		0.747365
384.1		0.750264
384.2		0.750264
384.3		0.750264
384.4		0.750264
384.5		0.750264
384.6		0.750264
384.7		0.750264
384.8		0.750264
384.9		0.750264
385		0.750264
385.1		0.753953
385.2		0.753953
385.3		0.753953
385.4		0.753953
385.5		0.753953
385.6		0.753953
385.7		0.753953
385.8		0.753953
385.9		0.753953
386		0.753953
386.1		0.755051
386.2		0.755051
386.3		0.755051
386.4		0.755051
386.5		0.755051
386.6		0.755051
386.7		0.755051
386.8		0.755051
386.9		0.755051
387		0.755051
387.1		0.755842
387.2		0.755842
387.3		0.755842
387.4		0.755842
387.5		0.755842
387.6		0.755842
387.7		0.755842
387.8		0.755842
387.9		0.755842
388		0.755842
388.1		0.757994
388.2		0.757994
388.3		0.757994
388.4		0.757994
388.5		0.757994
388.6		0.757994
388.7		0.757994
388.8		0.757994
388.9		0.757994
389		0.757994
389.1		0.759399
389.2		0.759399
389.3		0.759399
389.4		0.759399
389.5		0.759399
389.6		0.759399
389.7		0.759399
389.8		0.759399
389.9		0.759399
390		0.759399
390.1		0.761683
390.2		0.761683
390.3		0.761683
390.4		0.761683
390.5		0.761683
390.6		0.761683
390.7		0.761683
390.8		0.761683
390.9		0.761683
391		0.761683
391.1		0.764362
391.2		0.764362
391.3		0.764362
391.4		0.764362
391.5		0.764362
391.6		0.764362
391.7		0.764362
391.8		0.764362
391.9		0.764362
392		0.764362
392.1		0.766514
392.2		0.766514
392.3		0.766514
392.4		0.766514
392.5		0.766514
392.6		0.766514
392.7		0.766514
392.8		0.766514
392.9		0.766514
393		0.766514
393.1		0.767788
393.2		0.767788
393.3		0.767788
393.4		0.767788
393.5		0.767788
393.6		0.767788
393.7		0.767788
393.8		0.767788
393.9		0.767788
394		0.767788
394.1		0.769721
394.2		0.769721
394.3		0.769721
394.4		0.769721
394.5		0.769721
394.6		0.769721
394.7		0.769721
394.8		0.769721
394.9		0.769721
395		0.769721
395.1		0.773674
395.2		0.773674
395.3		0.773674
395.4		0.773674
395.5		0.773674
395.6		0.773674
395.7		0.773674
395.8		0.773674
395.9		0.773674
396		0.773674
396.1		0.775299
396.2		0.775299
396.3		0.775299
396.4		0.775299
396.5		0.775299
396.6		0.775299
396.7		0.775299
396.8		0.775299
396.9		0.775299
397		0.775299
397.1		0.777846
397.2		0.777846
397.3		0.777846
397.4		0.777846
397.5		0.777846
397.6		0.777846
397.7		0.777846
397.8		0.777846
397.9		0.777846
398		0.777846
398.1		0.77811
398.2		0.77811
398.3		0.77811
398.4		0.77811
398.5		0.77811
398.6		0.77811
398.7		0.77811
398.8		0.77811
398.9		0.77811
399		0.77811
399.1		0.779866
399.2		0.779866
399.3		0.779866
399.4		0.779866
399.5		0.779866
399.6		0.779866
399.7		0.779866
399.8		0.779866
399.9		0.779866
400		0.779866
400.1		0.782765
400.2		0.782765
400.3		0.782765
400.4		0.782765
400.5		0.782765
400.6		0.782765
400.7		0.782765
400.8		0.782765
400.9		0.782765
401		0.782765
401.1		0.784566
401.2		0.784566
401.3		0.784566
401.4		0.784566
401.5		0.784566
401.6		0.784566
401.7		0.784566
401.8		0.784566
401.9		0.784566
402		0.784566
402.1		0.785796
402.2		0.785796
402.3		0.785796
402.4		0.785796
402.5		0.785796
402.6		0.785796
402.7		0.785796
402.8		0.785796
402.9		0.785796
403		0.785796
403.1		0.787333
403.2		0.787333
403.3		0.787333
403.4		0.787333
403.5		0.787333
403.6		0.787333
403.7		0.787333
403.8		0.787333
403.9		0.787333
404		0.787333
404.1		0.790408
404.2		0.790408
404.3		0.790408
404.4		0.790408
404.5		0.790408
404.6		0.790408
404.7		0.790408
404.8		0.790408
404.9		0.790408
405		0.790408
405.1		0.792735
405.2		0.792735
405.3		0.792735
405.4		0.792735
405.5		0.792735
405.6		0.792735
405.7		0.792735
405.8		0.792735
405.9		0.792735
406		0.792735
406.1		0.793482
406.2		0.793482
406.3		0.793482
406.4		0.793482
406.5		0.793482
406.6		0.793482
406.7		0.793482
406.8		0.793482
406.9		0.793482
407		0.793482
407.1		0.795151
407.2		0.795151
407.3		0.795151
407.4		0.795151
407.5		0.795151
407.6		0.795151
407.7		0.795151
407.8		0.795151
407.9		0.795151
408		0.795151
408.1		0.800641
408.2		0.800641
408.3		0.800641
408.4		0.800641
408.5		0.800641
408.6		0.800641
408.7		0.800641
408.8		0.800641
408.9		0.800641
409		0.800641
409.1		0.802442
409.2		0.802442
409.3		0.802442
409.4		0.802442
409.5		0.802442
409.6		0.802442
409.7		0.802442
409.8		0.802442
409.9		0.802442
410		0.802442
410.1		0.802969
410.2		0.802969
410.3		0.802969
410.4		0.802969
410.5		0.802969
410.6		0.802969
410.7		0.802969
410.8		0.802969
410.9		0.802969
411		0.802969
411.1		0.803716
411.2		0.803716
411.3		0.803716
411.4		0.803716
411.5		0.803716
411.6		0.803716
411.7		0.803716
411.8		0.803716
411.9		0.803716
412		0.803716
412.1		0.805736
412.2		0.805736
412.3		0.805736
412.4		0.805736
412.5		0.805736
412.6		0.805736
412.7		0.805736
412.8		0.805736
412.9		0.805736
413		0.805736
413.1		0.809382
413.2		0.809382
413.3		0.809382
413.4		0.809382
413.5		0.809382
413.6		0.809382
413.7		0.809382
413.8		0.809382
413.9		0.809382
414		0.809382
414.1		0.809601
414.2		0.809601
414.3		0.809601
414.4		0.809601
414.5		0.809601
414.6		0.809601
414.7		0.809601
414.8		0.809601
414.9		0.809601
415		0.809601
415.1		0.810743
415.2		0.810743
415.3		0.810743
415.4		0.810743
415.5		0.810743
415.6		0.810743
415.7		0.810743
415.8		0.810743
415.9		0.810743
416		0.810743
416.1		0.814213
416.2		0.814213
416.3		0.814213
416.4		0.814213
416.5		0.814213
416.6		0.814213
416.7		0.814213
416.8		0.814213
416.9		0.814213
417		0.814213
417.1		0.814916
417.2		0.814916
417.3		0.814916
417.4		0.814916
417.5		0.814916
417.6		0.814916
417.7		0.814916
417.8		0.814916
417.9		0.814916
418		0.814916
418.1		0.817858
418.2		0.817858
418.3		0.817858
418.4		0.817858
418.5		0.817858
418.6		0.817858
418.7		0.817858
418.8		0.817858
418.9		0.817858
419		0.817858
419.1		0.819
419.2		0.819
419.3		0.819
419.4		0.819
419.5		0.819
419.6		0.819
419.7		0.819
419.8		0.819
419.9		0.819
420		0.819
420.1		0.819835
420.2		0.819835
420.3		0.819835
420.4		0.819835
420.5		0.819835
420.6		0.819835
420.7		0.819835
420.8		0.819835
420.9		0.819835
421		0.819835
421.1		0.825676
421.2		0.825676
421.3		0.825676
421.4		0.825676
421.5		0.825676
421.6		0.825676
421.7		0.825676
421.8		0.825676
421.9		0.825676
422		0.825676
422.1		0.827433
422.2		0.827433
422.3		0.827433
422.4		0.827433
422.5		0.827433
422.6		0.827433
422.7		0.827433
422.8		0.827433
422.9		0.827433
423		0.827433
423.1		0.828224
423.2		0.828224
423.3		0.828224
423.4		0.828224
423.5		0.828224
423.6		0.828224
423.7		0.828224
423.8		0.828224
423.9		0.828224
424		0.828224
424.1		0.830025
424.2		0.830025
424.3		0.830025
424.4		0.830025
424.5		0.830025
424.6		0.830025
424.7		0.830025
424.8		0.830025
424.9		0.830025
425		0.830025
425.1		0.830288
425.2		0.830288
425.3		0.830288
425.4		0.830288
425.5		0.830288
425.6		0.830288
425.7		0.830288
425.8		0.830288
425.9		0.830288
426		0.830288
426.1		0.834988
426.2		0.834988
426.3		0.834988
426.4		0.834988
426.5		0.834988
426.6		0.834988
426.7		0.834988
426.8		0.834988
426.9		0.834988
427		0.834988
427.1		0.836964
427.2		0.836964
427.3		0.836964
427.4		0.836964
427.5		0.836964
427.6		0.836964
427.7		0.836964
427.8		0.836964
427.9		0.836964
428		0.836964
428.1		0.837316
428.2		0.837316
428.3		0.837316
428.4		0.837316
428.5		0.837316
428.6		0.837316
428.7		0.837316
428.8		0.837316
428.9		0.837316
429		0.837316
429.1		0.839556
429.2		0.839556
429.3		0.839556
429.4		0.839556
429.5		0.839556
429.6		0.839556
429.7		0.839556
429.8		0.839556
429.9		0.839556
430		0.839556
430.1		0.845353
430.2		0.845353
430.3		0.845353
430.4		0.845353
430.5		0.845353
430.6		0.845353
430.7		0.845353
430.8		0.845353
430.9		0.845353
431		0.845353
431.1		0.846671
431.2		0.846671
431.3		0.846671
431.4		0.846671
431.5		0.846671
431.6		0.846671
431.7		0.846671
431.8		0.846671
431.9		0.846671
432		0.846671
432.1		0.847637
432.2		0.847637
432.3		0.847637
432.4		0.847637
432.5		0.847637
432.6		0.847637
432.7		0.847637
432.8		0.847637
432.9		0.847637
433		0.847637
433.1		0.849306
433.2		0.849306
433.3		0.849306
433.4		0.849306
433.5		0.849306
433.6		0.849306
433.7		0.849306
433.8		0.849306
433.9		0.849306
434		0.849306
434.1		0.851414
434.2		0.851414
434.3		0.851414
434.4		0.851414
434.5		0.851414
434.6		0.851414
434.7		0.851414
434.8		0.851414
434.9		0.851414
435		0.851414
435.1		0.853522
435.2		0.853522
435.3		0.853522
435.4		0.853522
435.5		0.853522
435.6		0.853522
435.7		0.853522
435.8		0.853522
435.9		0.853522
436		0.853522
436.1		0.855938
436.2		0.855938
436.3		0.855938
436.4		0.855938
436.5		0.855938
436.6		0.855938
436.7		0.855938
436.8		0.855938
436.9		0.855938
437		0.855938
437.1		0.857344
437.2		0.857344
437.3		0.857344
437.4		0.857344
437.5		0.857344
437.6		0.857344
437.7		0.857344
437.8		0.857344
437.9		0.857344
438		0.857344
438.1		0.857607
438.2		0.857607
438.3		0.857607
438.4		0.857607
438.5		0.857607
438.6		0.857607
438.7		0.857607
438.8		0.857607
438.9		0.857607
439		0.857607
439.1		0.860726
439.2		0.860726
439.3		0.860726
439.4		0.860726
439.5		0.860726
439.6		0.860726
439.7		0.860726
439.8		0.860726
439.9		0.860726
440		0.860726
440.1		0.861911
440.2		0.861911
440.3		0.861911
440.4		0.861911
440.5		0.861911
440.6		0.861911
440.7		0.861911
440.8		0.861911
440.9		0.861911
441		0.861911
441.1		0.863405
441.2		0.863405
441.3		0.863405
441.4		0.863405
441.5		0.863405
441.6		0.863405
441.7		0.863405
441.8		0.863405
441.9		0.863405
442		0.863405
442.1		0.867358
442.2		0.867358
442.3		0.867358
442.4		0.867358
442.5		0.867358
442.6		0.867358
442.7		0.867358
442.8		0.867358
442.9		0.867358
443		0.867358
443.1		0.868851
443.2		0.868851
443.3		0.868851
443.4		0.868851
443.5		0.868851
443.6		0.868851
443.7		0.868851
443.8		0.868851
443.9		0.868851
444		0.868851
444.1		0.871706
444.2		0.871706
444.3		0.871706
444.4		0.871706
444.5		0.871706
444.6		0.871706
444.7		0.871706
444.8		0.871706
444.9		0.871706
445		0.871706
445.1		0.873331
445.2		0.873331
445.3		0.873331
445.4		0.873331
445.5		0.873331
445.6		0.873331
445.7		0.873331
445.8		0.873331
445.9		0.873331
446		0.873331
446.1		0.875
446.2		0.875
446.3		0.875
446.4		0.875
446.5		0.875
446.6		0.875
446.7		0.875
446.8		0.875
446.9		0.875
447		0.875
447.1		0.879656
447.2		0.879656
447.3		0.879656
447.4		0.879656
447.5		0.879656
447.6		0.879656
447.7		0.879656
447.8		0.879656
447.9		0.879656
448		0.879656
448.1		0.881369
448.2		0.881369
448.3		0.881369
448.4		0.881369
448.5		0.881369
448.6		0.881369
448.7		0.881369
448.8		0.881369
448.9		0.881369
449		0.881369
449.1		0.884487
449.2		0.884487
449.3		0.884487
449.4		0.884487
449.5		0.884487
449.6		0.884487
449.7		0.884487
449.8		0.884487
449.9		0.884487
450		0.884487
450.1		0.884575
450.2		0.884575
450.3		0.884575
450.4		0.884575
450.5		0.884575
450.6		0.884575
450.7		0.884575
450.8		0.884575
450.9		0.884575
451		0.884575
451.1		0.884751
451.2		0.884751
451.3		0.884751
451.4		0.884751
451.5		0.884751
451.6		0.884751
451.7		0.884751
451.8		0.884751
451.9		0.884751
452		0.884751
452.1		0.888703
452.2		0.888703
452.3		0.888703
452.4		0.888703
452.5		0.888703
452.6		0.888703
452.7		0.888703
452.8		0.888703
452.9		0.888703
453		0.888703
453.1		0.89068
453.2		0.89068
453.3		0.89068
453.4		0.89068
453.5		0.89068
453.6		0.89068
453.7		0.89068
453.8		0.89068
453.9		0.89068
454		0.89068
454.1		0.891602
454.2		0.891602
454.3		0.891602
454.4		0.891602
454.5		0.891602
454.6		0.891602
454.7		0.891602
454.8		0.891602
454.9		0.891602
455		0.891602
455.1		0.896302
455.2		0.896302
455.3		0.896302
455.4		0.896302
455.5		0.896302
455.6		0.896302
455.7		0.896302
455.8		0.896302
455.9		0.896302
456		0.896302
456.1		0.897532
456.2		0.897532
456.3		0.897532
456.4		0.897532
456.5		0.897532
456.6		0.897532
456.7		0.897532
456.8		0.897532
456.9		0.897532
457		0.897532
457.1		0.898059
457.2		0.898059
457.3		0.898059
457.4		0.898059
457.5		0.898059
457.6		0.898059
457.7		0.898059
457.8		0.898059
457.9		0.898059
458		0.898059
458.1		0.898893
458.2		0.898893
458.3		0.898893
458.4		0.898893
458.5		0.898893
458.6		0.898893
458.7		0.898893
458.8		0.898893
458.9		0.898893
459		0.898893
459.1		0.902626
459.2		0.902626
459.3		0.902626
459.4		0.902626
459.5		0.902626
459.6		0.902626
459.7		0.902626
459.8		0.902626
459.9		0.902626
460		0.902626
460.1		0.905569
460.2		0.905569
460.3		0.905569
460.4		0.905569
460.5		0.905569
460.6		0.905569
460.7		0.905569
460.8		0.905569
460.9		0.905569
461		0.905569
461.1		0.90759
461.2		0.90759
461.3		0.90759
461.4		0.90759
461.5		0.90759
461.6		0.90759
461.7		0.90759
461.8		0.90759
461.9		0.90759
462		0.90759
462.1		0.908336
462.2		0.908336
462.3		0.908336
462.4		0.908336
462.5		0.908336
462.6		0.908336
462.7		0.908336
462.8		0.908336
462.9		0.908336
463		0.908336
463.1		0.910225
463.2		0.910225
463.3		0.910225
463.4		0.910225
463.5		0.910225
463.6		0.910225
463.7		0.910225
463.8		0.910225
463.9		0.910225
464		0.910225
464.1		0.914573
464.2		0.914573
464.3		0.914573
464.4		0.914573
464.5		0.914573
464.6		0.914573
464.7		0.914573
464.8		0.914573
464.9		0.914573
465		0.914573
465.1		0.91611
465.2		0.91611
465.3		0.91611
465.4		0.91611
465.5		0.91611
465.6		0.91611
465.7		0.91611
465.8		0.91611
465.9		0.91611
466		0.91611
466.1		0.916506
466.2		0.916506
466.3		0.916506
466.4		0.916506
466.5		0.916506
466.6		0.916506
466.7		0.916506
466.8		0.916506
466.9		0.916506
467		0.916506
467.1		0.918965
467.2		0.918965
467.3		0.918965
467.4		0.918965
467.5		0.918965
467.6		0.918965
467.7		0.918965
467.8		0.918965
467.9		0.918965
468		0.918965
468.1		0.921557
468.2		0.921557
468.3		0.921557
468.4		0.921557
468.5		0.921557
468.6		0.921557
468.7		0.921557
468.8		0.921557
468.9		0.921557
469		0.921557
469.1		0.922918
469.2		0.922918
469.3		0.922918
469.4		0.922918
469.5		0.922918
469.6		0.922918
469.7		0.922918
469.8		0.922918
469.9		0.922918
470		0.922918
470.1		0.923533
470.2		0.923533
470.3		0.923533
470.4		0.923533
470.5		0.923533
470.6		0.923533
470.7		0.923533
470.8		0.923533
470.9		0.923533
471		0.923533
471.1		0.926124
471.2		0.926124
471.3		0.926124
471.4		0.926124
471.5		0.926124
471.6		0.926124
471.7		0.926124
471.8		0.926124
471.9		0.926124
472		0.926124
472.1		0.928101
472.2		0.928101
472.3		0.928101
472.4		0.928101
472.5		0.928101
472.6		0.928101
472.7		0.928101
472.8		0.928101
472.9		0.928101
473		0.928101
473.1		0.928891
473.2		0.928891
473.3		0.928891
473.4		0.928891
473.5		0.928891
473.6		0.928891
473.7		0.928891
473.8		0.928891
473.9		0.928891
474		0.928891
474.1		0.933415
474.2		0.933415
474.3		0.933415
474.4		0.933415
474.5		0.933415
474.6		0.933415
474.7		0.933415
474.8		0.933415
474.9		0.933415
475		0.933415
475.1		0.934426
475.2		0.934426
475.3		0.934426
475.4		0.934426
475.5		0.934426
475.6		0.934426
475.7		0.934426
475.8		0.934426
475.9		0.934426
476		0.934426
476.1		0.93873
476.2		0.93873
476.3		0.93873
476.4		0.93873
476.5		0.93873
476.6		0.93873
476.7		0.93873
476.8		0.93873
476.9		0.93873
477		0.93873
477.1		0.939608
477.2		0.939608
477.3		0.939608
477.4		0.939608
477.5		0.939608
477.6		0.939608
477.7		0.939608
477.8		0.939608
477.9		0.939608
478		0.939608
478.1		0.940091
478.2		0.940091
478.3		0.940091
478.4		0.940091
478.5		0.940091
478.6		0.940091
478.7		0.940091
478.8		0.940091
478.9		0.940091
479		0.940091
479.1		0.942331
479.2		0.942331
479.3		0.942331
479.4		0.942331
479.5		0.942331
479.6		0.942331
479.7		0.942331
479.8		0.942331
479.9		0.942331
480		0.942331
480.1		0.944615
480.2		0.944615
480.3		0.944615
480.4		0.944615
480.5		0.944615
480.6		0.944615
480.7		0.944615
480.8		0.944615
480.9		0.944615
481		0.944615
481.1		0.949974
481.2		0.949974
481.3		0.949974
481.4		0.949974
481.5		0.949974
481.6		0.949974
481.7		0.949974
481.8		0.949974
481.9		0.949974
482		0.949974
482.1		0.951511
482.2		0.951511
482.3		0.951511
482.4		0.951511
482.5		0.951511
482.6		0.951511
482.7		0.951511
482.8		0.951511
482.9		0.951511
483		0.951511
483.1		0.951906
483.2		0.951906
483.3		0.951906
483.4		0.951906
483.5		0.951906
483.6		0.951906
483.7		0.951906
483.8		0.951906
483.9		0.951906
484		0.951906
484.1		0.954454
484.2		0.954454
484.3		0.954454
484.4		0.954454
484.5		0.954454
484.6		0.954454
484.7		0.954454
484.8		0.954454
484.9		0.954454
485		0.954454
485.1		0.956781
485.2		0.956781
485.3		0.956781
485.4		0.956781
485.5		0.956781
485.6		0.956781
485.7		0.956781
485.8		0.956781
485.9		0.956781
486		0.956781
486.1		0.958494
486.2		0.958494
486.3		0.958494
486.4		0.958494
486.5		0.958494
486.6		0.958494
486.7		0.958494
486.8		0.958494
486.9		0.958494
487		0.958494
487.1		0.961261
487.2		0.961261
487.3		0.961261
487.4		0.961261
487.5		0.961261
487.6		0.961261
487.7		0.961261
487.8		0.961261
487.9		0.961261
488		0.961261
488.1		0.962711
488.2		0.962711
488.3		0.962711
488.4		0.962711
488.5		0.962711
488.6		0.962711
488.7		0.962711
488.8		0.962711
488.9		0.962711
489		0.962711
489.1		0.965785
489.2		0.965785
489.3		0.965785
489.4		0.965785
489.5		0.965785
489.6		0.965785
489.7		0.965785
489.8		0.965785
489.9		0.965785
490		0.965785
490.1		0.968465
490.2		0.968465
490.3		0.968465
490.4		0.968465
490.5		0.968465
490.6		0.968465
490.7		0.968465
490.8		0.968465
490.9		0.968465
491		0.968465
491.1		0.968684
491.2		0.968684
491.3		0.968684
491.4		0.968684
491.5		0.968684
491.6		0.968684
491.7		0.968684
491.8		0.968684
491.9		0.968684
492		0.968684
492.1		0.970661
492.2		0.970661
492.3		0.970661
492.4		0.970661
492.5		0.970661
492.6		0.970661
492.7		0.970661
492.8		0.970661
492.9		0.970661
493		0.970661
493.1		0.972549
493.2		0.972549
493.3		0.972549
493.4		0.972549
493.5		0.972549
493.6		0.972549
493.7		0.972549
493.8		0.972549
493.9		0.972549
494		0.972549
494.1		0.978259
494.2		0.978259
494.3		0.978259
494.4		0.978259
494.5		0.978259
494.6		0.978259
494.7		0.978259
494.8		0.978259
494.9		0.978259
495		0.978259
495.1		0.978347
495.2		0.978347
495.3		0.978347
495.4		0.978347
495.5		0.978347
495.6		0.978347
495.7		0.978347
495.8		0.978347
495.9		0.978347
496		0.978347
496.1		0.978391
496.2		0.978391
496.3		0.978391
496.4		0.978391
496.5		0.978391
496.6		0.978391
496.7		0.978391
496.8		0.978391
496.9		0.978391
497		0.978391
497.1		0.981641
497.2		0.981641
497.3		0.981641
497.4		0.981641
497.5		0.981641
497.6		0.981641
497.7		0.981641
497.8		0.981641
497.9		0.981641
498		0.981641
498.1		0.983046
498.2		0.983046
498.3		0.983046
498.4		0.983046
498.5		0.983046
498.6		0.983046
498.7		0.983046
498.8		0.983046
498.9		0.983046
499		0.983046
499.1		0.985989
499.2		0.985989
499.3		0.985989
499.4		0.985989
499.5		0.985989
499.6		0.985989
499.7		0.985989
499.8		0.985989
499.9		0.985989
500		0.985989
500.1		0.987702
500.2		0.987702
500.3		0.987702
500.4		0.987702
500.5		0.987702
500.6		0.987702
500.7		0.987702
500.8		0.987702
500.9		0.987702
501		0.987702
501.1		0.989239
501.2		0.989239
501.3		0.989239
501.4		0.989239
501.5		0.989239
501.6		0.989239
501.7		0.989239
501.8		0.989239
501.9		0.989239
502		0.989239
502.1		0.99205
502.2		0.99205
502.3		0.99205
502.4		0.99205
502.5		0.99205
502.6		0.99205
502.7		0.99205
502.8		0.99205
502.9		0.99205
503		0.99205
503.1		0.993236
503.2		0.993236
503.3		0.993236
503.4		0.993236
503.5		0.993236
503.6		0.993236
503.7		0.993236
503.8		0.993236
503.9		0.993236
504		0.993236
504.1		0.99429
504.2		0.99429
504.3		0.99429
504.4		0.99429
504.5		0.99429
504.6		0.99429
504.7		0.99429
504.8		0.99429
504.9		0.99429
505		0.99429
505.1		0.994949
505.2		0.994949
505.3		0.994949
505.4		0.994949
505.5		0.994949
505.6		0.994949
505.7		0.994949
505.8		0.994949
505.9		0.994949
506		0.994949
506.1		0.998419
506.2		0.998419
506.3		0.998419
506.4		0.998419
506.5		0.998419
506.6		0.998419
506.7		0.998419
506.8		0.998419
506.9		0.998419
507		0.998419
507.1		0.999605
507.2		0.999605
507.3		0.999605
507.4		0.999605
507.5		0.999605
507.6		0.999605
507.7		0.999605
507.8		0.999605
507.9		0.999605
508		0.999605
508.1		1
508.2		1
508.3		1
508.4		1
508.5		1
508.6		1
508.7		1
508.8		1
508.9		1
509		1
509.1		1
509.2		1
509.3		1
509.4		1
509.5		1
509.6		1
509.7		1
509.8		1
509.9		1
510		1
510.1		1
510.2		1
510.3		1
510.4		1
510.5		1
510.6		1
510.7		1
510.8		1
510.9		1
511		1
511.1		1
511.2		1
511.3		1
511.4		1
511.5		1
511.6		1
511.7		1
511.8		1
511.9		1
512		1
512.1		1
512.2		1
512.3		1
512.4		1
512.5		1
512.6		1
512.7		1
512.8		1
512.9		1
513		1
513.1		1
513.2		1
513.3		1
513.4		1
513.5		1
513.6		1
513.7		1
513.8		1
513.9		1
514		1
514.1		1
514.2		1
514.3		1
514.4		1
514.5		1
514.6		1
514.7		1
514.8		1
514.9		1
515		1
515.1		1
515.2		1
515.3		1
515.4		1
515.5		1
515.6		1
515.7		1
515.8		1
515.9		1
516		1
516.1		1
516.2		1
516.3		1
516.4		1
516.5		1
516.6		1
516.7		1
516.8		1
516.9		1
517		1
517.1		1
517.2		1
517.3		1
517.4		1
517.5		1
517.6		1
517.7		1
517.8		1
517.9		1
518		1
518.1		1
518.2		1
518.3		1
518.4		1
518.5		1
518.6		1
518.7		1
518.8		1
518.9		1
519		1
519.1		1
519.2		1
519.3		1
519.4		1
519.5		1
519.6		1
519.7		1
519.8		1
519.9		1
520		1
520.1		1
520.2		1
520.3		1
520.4		1
520.5		1
520.6		1
520.7		1
520.8		1
520.9		1
521		1
521.1		1
521.2		1
521.3		1
521.4		1
521.5		1
521.6		1
521.7		1
521.8		1
521.9		1
522		1
522.1		1
522.2		1
522.3		1
522.4		1
522.5		1
522.6		1
522.7		1
522.8		1
522.9		1
523		1
523.1		1
523.2		1
523.3		1
523.4		1
523.5		1
523.6		1
523.7		1
523.8		1
523.9		1
524		1
524.1		1
524.2		1
524.3		1
524.4		1
524.5		1
524.6		1
524.7		1
524.8		1
524.9		1
525		1
525.1		1
525.2		1
525.3		1
525.4		1
525.5		1
525.6		1
525.7		1
525.8		1
525.9		1
526		1
526.1		1
526.2		1
526.3		1
526.4		1
526.5		1
526.6		1
526.7		1
526.8		1
526.9		1
527		1
527.1		1
527.2		1
527.3		1
527.4		1
527.5		1
527.6		1
527.7		1
527.8		1
527.9		1
528		1
528.1		1
528.2		1
528.3		1
528.4		1
528.5		1
528.6		1
528.7		1
528.8		1
528.9		1
529		1
529.1		1
529.2		1
529.3		1
529.4		1
529.5		1
529.6		1
529.7		1
529.8		1
529.9		1
530		1
530.1		1
530.2		1
530.3		1
530.4		1
530.5		1
530.6		1
530.7		1
530.8		1
530.9		1
531		1
531.1		1
531.2		1
531.3		1
531.4		1
531.5		1
531.6		1
531.7		1
531.8		1
531.9		1
532		1
532.1		1
532.2		1
532.3		1
532.4		1
532.5		1
532.6		1
532.7		1
532.8		1
532.9		1
533		1
533.1		1
533.2		1
533.3		1
533.4		1
533.5		1
533.6		1
533.7		1
533.8		1
533.9		1
534		1
534.1		1
534.2		1
534.3		1
534.4		1
534.5		1
534.6		1
534.7		1
534.8		1
534.9		1
535		1
535.1		1
535.2		1
535.3		1
535.4		1
535.5		1
535.6		1
535.7		1
535.8		1
535.9		1
536		1
536.1		1
536.2		1
536.3		1
536.4		1
536.5		1
536.6		1
536.7		1
536.8		1
536.9		1
537		1
537.1		1
537.2		1
537.3		1
537.4		1
537.5		1
537.6		1
537.7		1
537.8		1
537.9		1
538		1
538.1		1
538.2		1
538.3		1
538.4		1
538.5		1
538.6		1
538.7		1
538.8		1
538.9		1
539		1
539.1		1
539.2		1
539.3		1
539.4		1
539.5		1
539.6		1
539.7		1
539.8		1
539.9		1
540		1
540.1		1
540.2		1
540.3		1
540.4		1
540.5		1
540.6		1
540.7		1
540.8		1
540.9		1
541		1
541.1		1
541.2		1
541.3		1
541.4		1
541.5		1
541.6		1
541.7		1
541.8		1
541.9		1
542		1
542.1		1
542.2		1
542.3		1
542.4		1
542.5		1
542.6		1
542.7		1
542.8		1
542.9		1
543		1
543.1		1
543.2		1
543.3		1
543.4		1
543.5		1
543.6		1
543.7		1
543.8		1
543.9		1
544		1
544.1		1
544.2		1
544.3		1
544.4		1
544.5		1
544.6		1
544.7		1
544.8		1
544.9		1
545		1
545.1		1
545.2		1
545.3		1
545.4		1
545.5		1
545.6		1
545.7		1
545.8		1
545.9		1
546		1
546.1		1
546.2		1
546.3		1
546.4		1
546.5		1
546.6		1
546.7		1
546.8		1
546.9		1
547		1
547.1		1
547.2		1
547.3		1
547.4		1
547.5		1
547.6		1
547.7		1
547.8		1
547.9		1
548		1
548.1		1
548.2		1
548.3		1
548.4		1
548.5		1
548.6		1
548.7		1
548.8		1
548.9		1
549		1
549.1		1
549.2		1
549.3		1
549.4		1
549.5		1
549.6		1
549.7		1
549.8		1
549.9		1
550		1
550.1		1
550.2		1
550.3		1
550.4		1
550.5		1
550.6		1
550.7		1
550.8		1
550.9		1
551		1
551.1		1
551.2		1
551.3		1
551.4		1
551.5		1
551.6		1
551.7		1
551.8		1
551.9		1
552		1
552.1		1
552.2		1
552.3		1
552.4		1
552.5		1
552.6		1
552.7		1
552.8		1
552.9		1
553		1
553.1		1
553.2		1
553.3		1
553.4		1
553.5		1
553.6		1
553.7		1
553.8		1
553.9		1
554		1
554.1		1
554.2		1
554.3		1
554.4		1
554.5		1
554.6		1
554.7		1
554.8		1
554.9		1
555		1
555.1		1
555.2		1
555.3		1
555.4		1
555.5		1
555.6		1
555.7		1
555.8		1
555.9		1
556		1
556.1		1
556.2		1
556.3		1
556.4		1
556.5		1
556.6		1
556.7		1
556.8		1
556.9		1
557		1
557.1		1
557.2		1
557.3		1
557.4		1
557.5		1
557.6		1
557.7		1
557.8		1
557.9		1
558		1
558.1		1
558.2		1
558.3		1
558.4		1
558.5		1
558.6		1
558.7		1
558.8		1
558.9		1
559		1
559.1		1
559.2		1
559.3		1
559.4		1
559.5		1
559.6		1
559.7		1
559.8		1
559.9		1
560		1
560.1		1
560.2		1
560.3		1
560.4		1
560.5		1
560.6		1
560.7		1
560.8		1
560.9		1
561		1
561.1		1
561.2		1
561.3		1
561.4		1
561.5		1
561.6		1
561.7		1
561.8		1
561.9		1
562		1
562.1		1
562.2		1
562.3		1
562.4		1
562.5		1
562.6		1
562.7		1
562.8		1
562.9		1
563		1
563.1		1
563.2		1
563.3		1
563.4		1
563.5		1
563.6		1
563.7		1
563.8		1
563.9		1
564		1
564.1		1
564.2		1
564.3		1
564.4		1
564.5		1
564.6		1
564.7		1
564.8		1
564.9		1
565		1
565.1		1
565.2		1
565.3		1
565.4		1
565.5		1
565.6		1
565.7		1
565.8		1
565.9		1
566		1
566.1		1
566.2		1
566.3		1
566.4		1
566.5		1
566.6		1
566.7		1
566.8		1
566.9		1
567		1
567.1		1
567.2		1
567.3		1
567.4		1
567.5		1
567.6		1
567.7		1
567.8		1
567.9		1
568		1
568.1		1
568.2		1
568.3		1
568.4		1
568.5		1
568.6		1
568.7		1
568.8		1
568.9		1
569		1
569.1		1
569.2		1
569.3		1
569.4		1
569.5		1
569.6		1
569.7		1
569.8		1
569.9		1
570		1
570.1		1
570.2		1
570.3		1
570.4		1
570.5		1
570.6		1
570.7		1
570.8		1
570.9		1
571		1
571.1		1
571.2		1
571.3		1
571.4		1
571.5		1
571.6		1
571.7		1
571.8		1
571.9		1
572		1
572.1		1
572.2		1
572.3		1
572.4		1
572.5		1
572.6		1
572.7		1
572.8		1
572.9		1
573		1
573.1		1
573.2		1
573.3		1
573.4		1
573.5		1
573.6		1
573.7		1
573.8		1
573.9		1
574		1
574.1		1
574.2		1
574.3		1
574.4		1
574.5		1
574.6		1
574.7		1
574.8		1
574.9		1
575		1
575.1		1
575.2		1
575.3		1
575.4		1
575.5		1
575.6		1
575.7		1
575.8		1
575.9		1
576		1
576.1		1
576.2		1
576.3		1
576.4		1
576.5		1
576.6		1
576.7		1
576.8		1
576.9		1
577		1
577.1		1
577.2		1
577.3		1
577.4		1
577.5		1
577.6		1
577.7		1
577.8		1
577.9		1
578		1
578.1		1
578.2		1
578.3		1
578.4		1
578.5		1
578.6		1
578.7		1
578.8		1
578.9		1
579		1
579.1		1
579.2		1
579.3		1
579.4		1
579.5		1
579.6		1
579.7		1
579.8		1
579.9		1
580		1
580.1		1
580.2		1
580.3		1
580.4		1
580.5		1
580.6		1
580.7		1
580.8		1
580.9		1
581		1
581.1		1
581.2		1
581.3		1
581.4		1
581.5		1
581.6		1
581.7		1
581.8		1
581.9		1
582		1
582.1		1
582.2		1
582.3		1
582.4		1
582.5		1
582.6		1
582.7		1
582.8		1
582.9		1
583		1
583.1		1
583.2		1
583.3		1
583.4		1
583.5		1
583.6		1
583.7		1
583.8		1
583.9		1
584		1
584.1		1
584.2		1
584.3		1
584.4		1
584.5		1
584.6		1
584.7		1
584.8		1
584.9		1
585		1
585.1		1
585.2		1
585.3		1
585.4		1
585.5		1
585.6		1
585.7		1
585.8		1
585.9		1
586		1
586.1		1
586.2		1
586.3		1
586.4		1
586.5		1
586.6		1
586.7		1
586.8		1
586.9		1
587		1
587.1		1
587.2		1
587.3		1
587.4		1
587.5		1
587.6		1
587.7		1
587.8		1
587.9		1
588		1
588.1		1
588.2		1
588.3		1
588.4		1
588.5		1
588.6		1
588.7		1
588.8		1
588.9		1
589		1
589.1		1
589.2		1
589.3		1
589.4		1
589.5		1
589.6		1
589.7		1
589.8		1
589.9		1
590		1
590.1		1
590.2		1
590.3		1
590.4		1
590.5		1
590.6		1
590.7		1
590.8		1
590.9		1
591		1
591.1		1
591.2		1
591.3		1
591.4		1
591.5		1
591.6		1
591.7		1
591.8		1
591.9		1
592		1
592.1		1
592.2		1
592.3		1
592.4		1
592.5		1
592.6		1
592.7		1
592.8		1
592.9		1
593		1
593.1		1
593.2		1
593.3		1
593.4		1
593.5		1
593.6		1
593.7		1
593.8		1
593.9		1
594		1
594.1		1
594.2		1
594.3		1
594.4		1
594.5		1
594.6		1
594.7		1
594.8		1
594.9		1
595		1
595.1		1
595.2		1
595.3		1
595.4		1
595.5		1
595.6		1
595.7		1
595.8		1
595.9		1
596		1
596.1		1
596.2		1
596.3		1
596.4		1
596.5		1
596.6		1
596.7		1
596.8		1
596.9		1
597		1
597.1		1
597.2		1
597.3		1
597.4		1
597.5		1
597.6		1
597.7		1
597.8		1
597.9		1
598		1
598.1		1
598.2		1
598.3		1
598.4		1
598.5		1
598.6		1
598.7		1
598.8		1
598.9		1
599		1
599.1		1
599.2		1
599.3		1
599.4		1
599.5		1
599.6		1
599.7		1
599.8		1
599.9		1
600		1
