# Calibration file of tamex_id 1 @ channel 29
# fine_T bin		 Calibration value
0.1		0
0.2		0
0.3		0
0.4		0
0.5		0
0.6		0
0.7		0
0.8		0
0.9		0
1		0
1.1		0
1.2		0
1.3		0
1.4		0
1.5		0
1.6		0
1.7		0
1.8		0
1.9		0
2		0
2.1		0
2.2		0
2.3		0
2.4		0
2.5		0
2.6		0
2.7		0
2.8		0
2.9		0
3		0
3.1		0
3.2		0
3.3		0
3.4		0
3.5		0
3.6		0
3.7		0
3.8		0
3.9		0
4		0
4.1		0
4.2		0
4.3		0
4.4		0
4.5		0
4.6		0
4.7		0
4.8		0
4.9		0
5		0
5.1		0
5.2		0
5.3		0
5.4		0
5.5		0
5.6		0
5.7		0
5.8		0
5.9		0
6		0
6.1		0
6.2		0
6.3		0
6.4		0
6.5		0
6.6		0
6.7		0
6.8		0
6.9		0
7		0
7.1		0
7.2		0
7.3		0
7.4		0
7.5		0
7.6		0
7.7		0
7.8		0
7.9		0
8		0
8.1		0
8.2		0
8.3		0
8.4		0
8.5		0
8.6		0
8.7		0
8.8		0
8.9		0
9		0
9.1		0
9.2		0
9.3		0
9.4		0
9.5		0
9.6		0
9.7		0
9.8		0
9.9		0
10		0
10.1		0
10.2		0
10.3		0
10.4		0
10.5		0
10.6		0
10.7		0
10.8		0
10.9		0
11		0
11.1		0
11.2		0
11.3		0
11.4		0
11.5		0
11.6		0
11.7		0
11.8		0
11.9		0
12		0
12.1		0
12.2		0
12.3		0
12.4		0
12.5		0
12.6		0
12.7		0
12.8		0
12.9		0
13		0
13.1		0
13.2		0
13.3		0
13.4		0
13.5		0
13.6		0
13.7		0
13.8		0
13.9		0
14		0
14.1		0
14.2		0
14.3		0
14.4		0
14.5		0
14.6		0
14.7		0
14.8		0
14.9		0
15		0
15.1		0
15.2		0
15.3		0
15.4		0
15.5		0
15.6		0
15.7		0
15.8		0
15.9		0
16		0
16.1		7.06714e-05
16.2		7.06714e-05
16.3		7.06714e-05
16.4		7.06714e-05
16.5		7.06714e-05
16.6		7.06714e-05
16.7		7.06714e-05
16.8		7.06714e-05
16.9		7.06714e-05
17		7.06714e-05
17.1		0.00738516
17.2		0.00738516
17.3		0.00738516
17.4		0.00738516
17.5		0.00738516
17.6		0.00738516
17.7		0.00738516
17.8		0.00738516
17.9		0.00738516
18		0.00738516
18.1		0.00823322
18.2		0.00823322
18.3		0.00823322
18.4		0.00823322
18.5		0.00823322
18.6		0.00823322
18.7		0.00823322
18.8		0.00823322
18.9		0.00823322
19		0.00823322
19.1		0.010636
19.2		0.010636
19.3		0.010636
19.4		0.010636
19.5		0.010636
19.6		0.010636
19.7		0.010636
19.8		0.010636
19.9		0.010636
20		0.010636
20.1		0.0140989
20.2		0.0140989
20.3		0.0140989
20.4		0.0140989
20.5		0.0140989
20.6		0.0140989
20.7		0.0140989
20.8		0.0140989
20.9		0.0140989
21		0.0140989
21.1		0.0168905
21.2		0.0168905
21.3		0.0168905
21.4		0.0168905
21.5		0.0168905
21.6		0.0168905
21.7		0.0168905
21.8		0.0168905
21.9		0.0168905
22		0.0168905
22.1		0.0173852
22.2		0.0173852
22.3		0.0173852
22.4		0.0173852
22.5		0.0173852
22.6		0.0173852
22.7		0.0173852
22.8		0.0173852
22.9		0.0173852
23		0.0173852
23.1		0.0204594
23.2		0.0204594
23.3		0.0204594
23.4		0.0204594
23.5		0.0204594
23.6		0.0204594
23.7		0.0204594
23.8		0.0204594
23.9		0.0204594
24		0.0204594
24.1		0.0218728
24.2		0.0218728
24.3		0.0218728
24.4		0.0218728
24.5		0.0218728
24.6		0.0218728
24.7		0.0218728
24.8		0.0218728
24.9		0.0218728
25		0.0218728
25.1		0.0251943
25.2		0.0251943
25.3		0.0251943
25.4		0.0251943
25.5		0.0251943
25.6		0.0251943
25.7		0.0251943
25.8		0.0251943
25.9		0.0251943
26		0.0251943
26.1		0.0253357
26.2		0.0253357
26.3		0.0253357
26.4		0.0253357
26.5		0.0253357
26.6		0.0253357
26.7		0.0253357
26.8		0.0253357
26.9		0.0253357
27		0.0253357
27.1		0.0282332
27.2		0.0282332
27.3		0.0282332
27.4		0.0282332
27.5		0.0282332
27.6		0.0282332
27.7		0.0282332
27.8		0.0282332
27.9		0.0282332
28		0.0282332
28.1		0.0289046
28.2		0.0289046
28.3		0.0289046
28.4		0.0289046
28.5		0.0289046
28.6		0.0289046
28.7		0.0289046
28.8		0.0289046
28.9		0.0289046
29		0.0289046
29.1		0.0310601
29.2		0.0310601
29.3		0.0310601
29.4		0.0310601
29.5		0.0310601
29.6		0.0310601
29.7		0.0310601
29.8		0.0310601
29.9		0.0310601
30		0.0310601
30.1		0.0331095
30.2		0.0331095
30.3		0.0331095
30.4		0.0331095
30.5		0.0331095
30.6		0.0331095
30.7		0.0331095
30.8		0.0331095
30.9		0.0331095
31		0.0331095
31.1		0.034841
31.2		0.034841
31.3		0.034841
31.4		0.034841
31.5		0.034841
31.6		0.034841
31.7		0.034841
31.8		0.034841
31.9		0.034841
32		0.034841
32.1		0.035583
32.2		0.035583
32.3		0.035583
32.4		0.035583
32.5		0.035583
32.6		0.035583
32.7		0.035583
32.8		0.035583
32.9		0.035583
33		0.035583
33.1		0.0374205
33.2		0.0374205
33.3		0.0374205
33.4		0.0374205
33.5		0.0374205
33.6		0.0374205
33.7		0.0374205
33.8		0.0374205
33.9		0.0374205
34		0.0374205
34.1		0.0415901
34.2		0.0415901
34.3		0.0415901
34.4		0.0415901
34.5		0.0415901
34.6		0.0415901
34.7		0.0415901
34.8		0.0415901
34.9		0.0415901
35		0.0415901
35.1		0.0431449
35.2		0.0431449
35.3		0.0431449
35.4		0.0431449
35.5		0.0431449
35.6		0.0431449
35.7		0.0431449
35.8		0.0431449
35.9		0.0431449
36		0.0431449
36.1		0.0438163
36.2		0.0438163
36.3		0.0438163
36.4		0.0438163
36.5		0.0438163
36.6		0.0438163
36.7		0.0438163
36.8		0.0438163
36.9		0.0438163
37		0.0438163
37.1		0.0462898
37.2		0.0462898
37.3		0.0462898
37.4		0.0462898
37.5		0.0462898
37.6		0.0462898
37.7		0.0462898
37.8		0.0462898
37.9		0.0462898
38		0.0462898
38.1		0.0490813
38.2		0.0490813
38.3		0.0490813
38.4		0.0490813
38.5		0.0490813
38.6		0.0490813
38.7		0.0490813
38.8		0.0490813
38.9		0.0490813
39		0.0490813
39.1		0.0497527
39.2		0.0497527
39.3		0.0497527
39.4		0.0497527
39.5		0.0497527
39.6		0.0497527
39.7		0.0497527
39.8		0.0497527
39.9		0.0497527
40		0.0497527
40.1		0.0510247
40.2		0.0510247
40.3		0.0510247
40.4		0.0510247
40.5		0.0510247
40.6		0.0510247
40.7		0.0510247
40.8		0.0510247
40.9		0.0510247
41		0.0510247
41.1		0.0549117
41.2		0.0549117
41.3		0.0549117
41.4		0.0549117
41.5		0.0549117
41.6		0.0549117
41.7		0.0549117
41.8		0.0549117
41.9		0.0549117
42		0.0549117
42.1		0.0574912
42.2		0.0574912
42.3		0.0574912
42.4		0.0574912
42.5		0.0574912
42.6		0.0574912
42.7		0.0574912
42.8		0.0574912
42.9		0.0574912
43		0.0574912
43.1		0.0576678
43.2		0.0576678
43.3		0.0576678
43.4		0.0576678
43.5		0.0576678
43.6		0.0576678
43.7		0.0576678
43.8		0.0576678
43.9		0.0576678
44		0.0576678
44.1		0.0594346
44.2		0.0594346
44.3		0.0594346
44.4		0.0594346
44.5		0.0594346
44.6		0.0594346
44.7		0.0594346
44.8		0.0594346
44.9		0.0594346
45		0.0594346
45.1		0.0600707
45.2		0.0600707
45.3		0.0600707
45.4		0.0600707
45.5		0.0600707
45.6		0.0600707
45.7		0.0600707
45.8		0.0600707
45.9		0.0600707
46		0.0600707
46.1		0.0635336
46.2		0.0635336
46.3		0.0635336
46.4		0.0635336
46.5		0.0635336
46.6		0.0635336
46.7		0.0635336
46.8		0.0635336
46.9		0.0635336
47		0.0635336
47.1		0.0643816
47.2		0.0643816
47.3		0.0643816
47.4		0.0643816
47.5		0.0643816
47.6		0.0643816
47.7		0.0643816
47.8		0.0643816
47.9		0.0643816
48		0.0643816
48.1		0.0677385
48.2		0.0677385
48.3		0.0677385
48.4		0.0677385
48.5		0.0677385
48.6		0.0677385
48.7		0.0677385
48.8		0.0677385
48.9		0.0677385
49		0.0677385
49.1		0.0678799
49.2		0.0678799
49.3		0.0678799
49.4		0.0678799
49.5		0.0678799
49.6		0.0678799
49.7		0.0678799
49.8		0.0678799
49.9		0.0678799
50		0.0678799
50.1		0.0689753
50.2		0.0689753
50.3		0.0689753
50.4		0.0689753
50.5		0.0689753
50.6		0.0689753
50.7		0.0689753
50.8		0.0689753
50.9		0.0689753
51		0.0689753
51.1		0.07053
51.2		0.07053
51.3		0.07053
51.4		0.07053
51.5		0.07053
51.6		0.07053
51.7		0.07053
51.8		0.07053
51.9		0.07053
52		0.07053
52.1		0.074735
52.2		0.074735
52.3		0.074735
52.4		0.074735
52.5		0.074735
52.6		0.074735
52.7		0.074735
52.8		0.074735
52.9		0.074735
53		0.074735
53.1		0.075477
53.2		0.075477
53.3		0.075477
53.4		0.075477
53.5		0.075477
53.6		0.075477
53.7		0.075477
53.8		0.075477
53.9		0.075477
54		0.075477
54.1		0.0775265
54.2		0.0775265
54.3		0.0775265
54.4		0.0775265
54.5		0.0775265
54.6		0.0775265
54.7		0.0775265
54.8		0.0775265
54.9		0.0775265
55		0.0775265
55.1		0.0789046
55.2		0.0789046
55.3		0.0789046
55.4		0.0789046
55.5		0.0789046
55.6		0.0789046
55.7		0.0789046
55.8		0.0789046
55.9		0.0789046
56		0.0789046
56.1		0.080636
56.2		0.080636
56.3		0.080636
56.4		0.080636
56.5		0.080636
56.6		0.080636
56.7		0.080636
56.8		0.080636
56.9		0.080636
57		0.080636
57.1		0.0845583
57.2		0.0845583
57.3		0.0845583
57.4		0.0845583
57.5		0.0845583
57.6		0.0845583
57.7		0.0845583
57.8		0.0845583
57.9		0.0845583
58		0.0845583
58.1		0.0875265
58.2		0.0875265
58.3		0.0875265
58.4		0.0875265
58.5		0.0875265
58.6		0.0875265
58.7		0.0875265
58.8		0.0875265
58.9		0.0875265
59		0.0875265
59.1		0.089894
59.2		0.089894
59.3		0.089894
59.4		0.089894
59.5		0.089894
59.6		0.089894
59.7		0.089894
59.8		0.089894
59.9		0.089894
60		0.089894
60.1		0.0901767
60.2		0.0901767
60.3		0.0901767
60.4		0.0901767
60.5		0.0901767
60.6		0.0901767
60.7		0.0901767
60.8		0.0901767
60.9		0.0901767
61		0.0901767
61.1		0.0916254
61.2		0.0916254
61.3		0.0916254
61.4		0.0916254
61.5		0.0916254
61.6		0.0916254
61.7		0.0916254
61.8		0.0916254
61.9		0.0916254
62		0.0916254
62.1		0.0942049
62.2		0.0942049
62.3		0.0942049
62.4		0.0942049
62.5		0.0942049
62.6		0.0942049
62.7		0.0942049
62.8		0.0942049
62.9		0.0942049
63		0.0942049
63.1		0.0961837
63.2		0.0961837
63.3		0.0961837
63.4		0.0961837
63.5		0.0961837
63.6		0.0961837
63.7		0.0961837
63.8		0.0961837
63.9		0.0961837
64		0.0961837
64.1		0.0977032
64.2		0.0977032
64.3		0.0977032
64.4		0.0977032
64.5		0.0977032
64.6		0.0977032
64.7		0.0977032
64.8		0.0977032
64.9		0.0977032
65		0.0977032
65.1		0.100565
65.2		0.100565
65.3		0.100565
65.4		0.100565
65.5		0.100565
65.6		0.100565
65.7		0.100565
65.8		0.100565
65.9		0.100565
66		0.100565
66.1		0.101661
66.2		0.101661
66.3		0.101661
66.4		0.101661
66.5		0.101661
66.6		0.101661
66.7		0.101661
66.8		0.101661
66.9		0.101661
67		0.101661
67.1		0.104064
67.2		0.104064
67.3		0.104064
67.4		0.104064
67.5		0.104064
67.6		0.104064
67.7		0.104064
67.8		0.104064
67.9		0.104064
68		0.104064
68.1		0.108163
68.2		0.108163
68.3		0.108163
68.4		0.108163
68.5		0.108163
68.6		0.108163
68.7		0.108163
68.8		0.108163
68.9		0.108163
69		0.108163
69.1		0.108269
69.2		0.108269
69.3		0.108269
69.4		0.108269
69.5		0.108269
69.6		0.108269
69.7		0.108269
69.8		0.108269
69.9		0.108269
70		0.108269
70.1		0.110495
70.2		0.110495
70.3		0.110495
70.4		0.110495
70.5		0.110495
70.6		0.110495
70.7		0.110495
70.8		0.110495
70.9		0.110495
71		0.110495
71.1		0.110495
71.2		0.110495
71.3		0.110495
71.4		0.110495
71.5		0.110495
71.6		0.110495
71.7		0.110495
71.8		0.110495
71.9		0.110495
72		0.110495
72.1		0.116148
72.2		0.116148
72.3		0.116148
72.4		0.116148
72.5		0.116148
72.6		0.116148
72.7		0.116148
72.8		0.116148
72.9		0.116148
73		0.116148
73.1		0.116572
73.2		0.116572
73.3		0.116572
73.4		0.116572
73.5		0.116572
73.6		0.116572
73.7		0.116572
73.8		0.116572
73.9		0.116572
74		0.116572
74.1		0.117597
74.2		0.117597
74.3		0.117597
74.4		0.117597
74.5		0.117597
74.6		0.117597
74.7		0.117597
74.8		0.117597
74.9		0.117597
75		0.117597
75.1		0.121449
75.2		0.121449
75.3		0.121449
75.4		0.121449
75.5		0.121449
75.6		0.121449
75.7		0.121449
75.8		0.121449
75.9		0.121449
76		0.121449
76.1		0.121731
76.2		0.121731
76.3		0.121731
76.4		0.121731
76.5		0.121731
76.6		0.121731
76.7		0.121731
76.8		0.121731
76.9		0.121731
77		0.121731
77.1		0.126113
77.2		0.126113
77.3		0.126113
77.4		0.126113
77.5		0.126113
77.6		0.126113
77.7		0.126113
77.8		0.126113
77.9		0.126113
78		0.126113
78.1		0.126396
78.2		0.126396
78.3		0.126396
78.4		0.126396
78.5		0.126396
78.6		0.126396
78.7		0.126396
78.8		0.126396
78.9		0.126396
79		0.126396
79.1		0.127208
79.2		0.127208
79.3		0.127208
79.4		0.127208
79.5		0.127208
79.6		0.127208
79.7		0.127208
79.8		0.127208
79.9		0.127208
80		0.127208
80.1		0.131873
80.2		0.131873
80.3		0.131873
80.4		0.131873
80.5		0.131873
80.6		0.131873
80.7		0.131873
80.8		0.131873
80.9		0.131873
81		0.131873
81.1		0.133428
81.2		0.133428
81.3		0.133428
81.4		0.133428
81.5		0.133428
81.6		0.133428
81.7		0.133428
81.8		0.133428
81.9		0.133428
82		0.133428
82.1		0.133781
82.2		0.133781
82.3		0.133781
82.4		0.133781
82.5		0.133781
82.6		0.133781
82.7		0.133781
82.8		0.133781
82.9		0.133781
83		0.133781
83.1		0.13682
83.2		0.13682
83.3		0.13682
83.4		0.13682
83.5		0.13682
83.6		0.13682
83.7		0.13682
83.8		0.13682
83.9		0.13682
84		0.13682
84.1		0.139046
84.2		0.139046
84.3		0.139046
84.4		0.139046
84.5		0.139046
84.6		0.139046
84.7		0.139046
84.8		0.139046
84.9		0.139046
85		0.139046
85.1		0.142756
85.2		0.142756
85.3		0.142756
85.4		0.142756
85.5		0.142756
85.6		0.142756
85.7		0.142756
85.8		0.142756
85.9		0.142756
86		0.142756
86.1		0.144134
86.2		0.144134
86.3		0.144134
86.4		0.144134
86.5		0.144134
86.6		0.144134
86.7		0.144134
86.8		0.144134
86.9		0.144134
87		0.144134
87.1		0.144382
87.2		0.144382
87.3		0.144382
87.4		0.144382
87.5		0.144382
87.6		0.144382
87.7		0.144382
87.8		0.144382
87.9		0.144382
88		0.144382
88.1		0.148269
88.2		0.148269
88.3		0.148269
88.4		0.148269
88.5		0.148269
88.6		0.148269
88.7		0.148269
88.8		0.148269
88.9		0.148269
89		0.148269
89.1		0.149435
89.2		0.149435
89.3		0.149435
89.4		0.149435
89.5		0.149435
89.6		0.149435
89.7		0.149435
89.8		0.149435
89.9		0.149435
90		0.149435
90.1		0.15053
90.2		0.15053
90.3		0.15053
90.4		0.15053
90.5		0.15053
90.6		0.15053
90.7		0.15053
90.8		0.15053
90.9		0.15053
91		0.15053
91.1		0.153392
91.2		0.153392
91.3		0.153392
91.4		0.153392
91.5		0.153392
91.6		0.153392
91.7		0.153392
91.8		0.153392
91.9		0.153392
92		0.153392
92.1		0.1553
92.2		0.1553
92.3		0.1553
92.4		0.1553
92.5		0.1553
92.6		0.1553
92.7		0.1553
92.8		0.1553
92.9		0.1553
93		0.1553
93.1		0.160636
93.2		0.160636
93.3		0.160636
93.4		0.160636
93.5		0.160636
93.6		0.160636
93.7		0.160636
93.8		0.160636
93.9		0.160636
94		0.160636
94.1		0.160813
94.2		0.160813
94.3		0.160813
94.4		0.160813
94.5		0.160813
94.6		0.160813
94.7		0.160813
94.8		0.160813
94.9		0.160813
95		0.160813
95.1		0.163251
95.2		0.163251
95.3		0.163251
95.4		0.163251
95.5		0.163251
95.6		0.163251
95.7		0.163251
95.8		0.163251
95.9		0.163251
96		0.163251
96.1		0.16364
96.2		0.16364
96.3		0.16364
96.4		0.16364
96.5		0.16364
96.6		0.16364
96.7		0.16364
96.8		0.16364
96.9		0.16364
97		0.16364
97.1		0.166537
97.2		0.166537
97.3		0.166537
97.4		0.166537
97.5		0.166537
97.6		0.166537
97.7		0.166537
97.8		0.166537
97.9		0.166537
98		0.166537
98.1		0.170459
98.2		0.170459
98.3		0.170459
98.4		0.170459
98.5		0.170459
98.6		0.170459
98.7		0.170459
98.8		0.170459
98.9		0.170459
99		0.170459
99.1		0.170989
99.2		0.170989
99.3		0.170989
99.4		0.170989
99.5		0.170989
99.6		0.170989
99.7		0.170989
99.8		0.170989
99.9		0.170989
100		0.170989
100.1		0.171343
100.2		0.171343
100.3		0.171343
100.4		0.171343
100.5		0.171343
100.6		0.171343
100.7		0.171343
100.8		0.171343
100.9		0.171343
101		0.171343
101.1		0.172615
101.2		0.172615
101.3		0.172615
101.4		0.172615
101.5		0.172615
101.6		0.172615
101.7		0.172615
101.8		0.172615
101.9		0.172615
102		0.172615
102.1		0.177032
102.2		0.177032
102.3		0.177032
102.4		0.177032
102.5		0.177032
102.6		0.177032
102.7		0.177032
102.8		0.177032
102.9		0.177032
103		0.177032
103.1		0.17788
103.2		0.17788
103.3		0.17788
103.4		0.17788
103.5		0.17788
103.6		0.17788
103.7		0.17788
103.8		0.17788
103.9		0.17788
104		0.17788
104.1		0.180813
104.2		0.180813
104.3		0.180813
104.4		0.180813
104.5		0.180813
104.6		0.180813
104.7		0.180813
104.8		0.180813
104.9		0.180813
105		0.180813
105.1		0.18265
105.2		0.18265
105.3		0.18265
105.4		0.18265
105.5		0.18265
105.6		0.18265
105.7		0.18265
105.8		0.18265
105.9		0.18265
106		0.18265
106.1		0.185936
106.2		0.185936
106.3		0.185936
106.4		0.185936
106.5		0.185936
106.6		0.185936
106.7		0.185936
106.8		0.185936
106.9		0.185936
107		0.185936
107.1		0.186855
107.2		0.186855
107.3		0.186855
107.4		0.186855
107.5		0.186855
107.6		0.186855
107.7		0.186855
107.8		0.186855
107.9		0.186855
108		0.186855
108.1		0.187314
108.2		0.187314
108.3		0.187314
108.4		0.187314
108.5		0.187314
108.6		0.187314
108.7		0.187314
108.8		0.187314
108.9		0.187314
109		0.187314
109.1		0.18788
109.2		0.18788
109.3		0.18788
109.4		0.18788
109.5		0.18788
109.6		0.18788
109.7		0.18788
109.8		0.18788
109.9		0.18788
110		0.18788
110.1		0.195265
110.2		0.195265
110.3		0.195265
110.4		0.195265
110.5		0.195265
110.6		0.195265
110.7		0.195265
110.8		0.195265
110.9		0.195265
111		0.195265
111.1		0.195512
111.2		0.195512
111.3		0.195512
111.4		0.195512
111.5		0.195512
111.6		0.195512
111.7		0.195512
111.8		0.195512
111.9		0.195512
112		0.195512
112.1		0.195724
112.2		0.195724
112.3		0.195724
112.4		0.195724
112.5		0.195724
112.6		0.195724
112.7		0.195724
112.8		0.195724
112.9		0.195724
113		0.195724
113.1		0.197986
113.2		0.197986
113.3		0.197986
113.4		0.197986
113.5		0.197986
113.6		0.197986
113.7		0.197986
113.8		0.197986
113.9		0.197986
114		0.197986
114.1		0.202721
114.2		0.202721
114.3		0.202721
114.4		0.202721
114.5		0.202721
114.6		0.202721
114.7		0.202721
114.8		0.202721
114.9		0.202721
115		0.202721
115.1		0.203534
115.2		0.203534
115.3		0.203534
115.4		0.203534
115.5		0.203534
115.6		0.203534
115.7		0.203534
115.8		0.203534
115.9		0.203534
116		0.203534
116.1		0.20371
116.2		0.20371
116.3		0.20371
116.4		0.20371
116.5		0.20371
116.6		0.20371
116.7		0.20371
116.8		0.20371
116.9		0.20371
117		0.20371
117.1		0.206254
117.2		0.206254
117.3		0.206254
117.4		0.206254
117.5		0.206254
117.6		0.206254
117.7		0.206254
117.8		0.206254
117.9		0.206254
118		0.206254
118.1		0.210954
118.2		0.210954
118.3		0.210954
118.4		0.210954
118.5		0.210954
118.6		0.210954
118.7		0.210954
118.8		0.210954
118.9		0.210954
119		0.210954
119.1		0.211767
119.2		0.211767
119.3		0.211767
119.4		0.211767
119.5		0.211767
119.6		0.211767
119.7		0.211767
119.8		0.211767
119.9		0.211767
120		0.211767
120.1		0.212721
120.2		0.212721
120.3		0.212721
120.4		0.212721
120.5		0.212721
120.6		0.212721
120.7		0.212721
120.8		0.212721
120.9		0.212721
121		0.212721
121.1		0.212898
121.2		0.212898
121.3		0.212898
121.4		0.212898
121.5		0.212898
121.6		0.212898
121.7		0.212898
121.8		0.212898
121.9		0.212898
122		0.212898
122.1		0.21841
122.2		0.21841
122.3		0.21841
122.4		0.21841
122.5		0.21841
122.6		0.21841
122.7		0.21841
122.8		0.21841
122.9		0.21841
123		0.21841
123.1		0.219223
123.2		0.219223
123.3		0.219223
123.4		0.219223
123.5		0.219223
123.6		0.219223
123.7		0.219223
123.8		0.219223
123.9		0.219223
124		0.219223
124.1		0.221519
124.2		0.221519
124.3		0.221519
124.4		0.221519
124.5		0.221519
124.6		0.221519
124.7		0.221519
124.8		0.221519
124.9		0.221519
125		0.221519
125.1		0.223251
125.2		0.223251
125.3		0.223251
125.4		0.223251
125.5		0.223251
125.6		0.223251
125.7		0.223251
125.8		0.223251
125.9		0.223251
126		0.223251
126.1		0.225159
126.2		0.225159
126.3		0.225159
126.4		0.225159
126.5		0.225159
126.6		0.225159
126.7		0.225159
126.8		0.225159
126.9		0.225159
127		0.225159
127.1		0.226431
127.2		0.226431
127.3		0.226431
127.4		0.226431
127.5		0.226431
127.6		0.226431
127.7		0.226431
127.8		0.226431
127.9		0.226431
128		0.226431
128.1		0.22682
128.2		0.22682
128.3		0.22682
128.4		0.22682
128.5		0.22682
128.6		0.22682
128.7		0.22682
128.8		0.22682
128.9		0.22682
129		0.22682
129.1		0.23053
129.2		0.23053
129.3		0.23053
129.4		0.23053
129.5		0.23053
129.6		0.23053
129.7		0.23053
129.8		0.23053
129.9		0.23053
130		0.23053
130.1		0.231378
130.2		0.231378
130.3		0.231378
130.4		0.231378
130.5		0.231378
130.6		0.231378
130.7		0.231378
130.8		0.231378
130.9		0.231378
131		0.231378
131.1		0.235866
131.2		0.235866
131.3		0.235866
131.4		0.235866
131.5		0.235866
131.6		0.235866
131.7		0.235866
131.8		0.235866
131.9		0.235866
132		0.235866
132.1		0.236219
132.2		0.236219
132.3		0.236219
132.4		0.236219
132.5		0.236219
132.6		0.236219
132.7		0.236219
132.8		0.236219
132.9		0.236219
133		0.236219
133.1		0.23629
133.2		0.23629
133.3		0.23629
133.4		0.23629
133.5		0.23629
133.6		0.23629
133.7		0.23629
133.8		0.23629
133.9		0.23629
134		0.23629
134.1		0.238799
134.2		0.238799
134.3		0.238799
134.4		0.238799
134.5		0.238799
134.6		0.238799
134.7		0.238799
134.8		0.238799
134.9		0.238799
135		0.238799
135.1		0.241131
135.2		0.241131
135.3		0.241131
135.4		0.241131
135.5		0.241131
135.6		0.241131
135.7		0.241131
135.8		0.241131
135.9		0.241131
136		0.241131
136.1		0.243569
136.2		0.243569
136.3		0.243569
136.4		0.243569
136.5		0.243569
136.6		0.243569
136.7		0.243569
136.8		0.243569
136.9		0.243569
137		0.243569
137.1		0.243958
137.2		0.243958
137.3		0.243958
137.4		0.243958
137.5		0.243958
137.6		0.243958
137.7		0.243958
137.8		0.243958
137.9		0.243958
138		0.243958
138.1		0.24583
138.2		0.24583
138.3		0.24583
138.4		0.24583
138.5		0.24583
138.6		0.24583
138.7		0.24583
138.8		0.24583
138.9		0.24583
139		0.24583
139.1		0.246572
139.2		0.246572
139.3		0.246572
139.4		0.246572
139.5		0.246572
139.6		0.246572
139.7		0.246572
139.8		0.246572
139.9		0.246572
140		0.246572
140.1		0.250283
140.2		0.250283
140.3		0.250283
140.4		0.250283
140.5		0.250283
140.6		0.250283
140.7		0.250283
140.8		0.250283
140.9		0.250283
141		0.250283
141.1		0.252403
141.2		0.252403
141.3		0.252403
141.4		0.252403
141.5		0.252403
141.6		0.252403
141.7		0.252403
141.8		0.252403
141.9		0.252403
142		0.252403
142.1		0.254276
142.2		0.254276
142.3		0.254276
142.4		0.254276
142.5		0.254276
142.6		0.254276
142.7		0.254276
142.8		0.254276
142.9		0.254276
143		0.254276
143.1		0.255724
143.2		0.255724
143.3		0.255724
143.4		0.255724
143.5		0.255724
143.6		0.255724
143.7		0.255724
143.8		0.255724
143.9		0.255724
144		0.255724
144.1		0.260919
144.2		0.260919
144.3		0.260919
144.4		0.260919
144.5		0.260919
144.6		0.260919
144.7		0.260919
144.8		0.260919
144.9		0.260919
145		0.260919
145.1		0.261237
145.2		0.261237
145.3		0.261237
145.4		0.261237
145.5		0.261237
145.6		0.261237
145.7		0.261237
145.8		0.261237
145.9		0.261237
146		0.261237
146.1		0.262261
146.2		0.262261
146.3		0.262261
146.4		0.262261
146.5		0.262261
146.6		0.262261
146.7		0.262261
146.8		0.262261
146.9		0.262261
147		0.262261
147.1		0.262544
147.2		0.262544
147.3		0.262544
147.4		0.262544
147.5		0.262544
147.6		0.262544
147.7		0.262544
147.8		0.262544
147.9		0.262544
148		0.262544
148.1		0.268622
148.2		0.268622
148.3		0.268622
148.4		0.268622
148.5		0.268622
148.6		0.268622
148.7		0.268622
148.8		0.268622
148.9		0.268622
149		0.268622
149.1		0.271272
149.2		0.271272
149.3		0.271272
149.4		0.271272
149.5		0.271272
149.6		0.271272
149.7		0.271272
149.8		0.271272
149.9		0.271272
150		0.271272
150.1		0.271378
150.2		0.271378
150.3		0.271378
150.4		0.271378
150.5		0.271378
150.6		0.271378
150.7		0.271378
150.8		0.271378
150.9		0.271378
151		0.271378
151.1		0.272473
151.2		0.272473
151.3		0.272473
151.4		0.272473
151.5		0.272473
151.6		0.272473
151.7		0.272473
151.8		0.272473
151.9		0.272473
152		0.272473
152.1		0.273816
152.2		0.273816
152.3		0.273816
152.4		0.273816
152.5		0.273816
152.6		0.273816
152.7		0.273816
152.8		0.273816
152.9		0.273816
153		0.273816
153.1		0.278763
153.2		0.278763
153.3		0.278763
153.4		0.278763
153.5		0.278763
153.6		0.278763
153.7		0.278763
153.8		0.278763
153.9		0.278763
154		0.278763
154.1		0.280459
154.2		0.280459
154.3		0.280459
154.4		0.280459
154.5		0.280459
154.6		0.280459
154.7		0.280459
154.8		0.280459
154.9		0.280459
155		0.280459
155.1		0.281519
155.2		0.281519
155.3		0.281519
155.4		0.281519
155.5		0.281519
155.6		0.281519
155.7		0.281519
155.8		0.281519
155.9		0.281519
156		0.281519
156.1		0.283922
156.2		0.283922
156.3		0.283922
156.4		0.283922
156.5		0.283922
156.6		0.283922
156.7		0.283922
156.8		0.283922
156.9		0.283922
157		0.283922
157.1		0.2853
157.2		0.2853
157.3		0.2853
157.4		0.2853
157.5		0.2853
157.6		0.2853
157.7		0.2853
157.8		0.2853
157.9		0.2853
158		0.2853
158.1		0.287385
158.2		0.287385
158.3		0.287385
158.4		0.287385
158.5		0.287385
158.6		0.287385
158.7		0.287385
158.8		0.287385
158.9		0.287385
159		0.287385
159.1		0.290495
159.2		0.290495
159.3		0.290495
159.4		0.290495
159.5		0.290495
159.6		0.290495
159.7		0.290495
159.8		0.290495
159.9		0.290495
160		0.290495
160.1		0.292898
160.2		0.292898
160.3		0.292898
160.4		0.292898
160.5		0.292898
160.6		0.292898
160.7		0.292898
160.8		0.292898
160.9		0.292898
161		0.292898
161.1		0.294876
161.2		0.294876
161.3		0.294876
161.4		0.294876
161.5		0.294876
161.6		0.294876
161.7		0.294876
161.8		0.294876
161.9		0.294876
162		0.294876
162.1		0.296784
162.2		0.296784
162.3		0.296784
162.4		0.296784
162.5		0.296784
162.6		0.296784
162.7		0.296784
162.8		0.296784
162.9		0.296784
163		0.296784
163.1		0.297845
163.2		0.297845
163.3		0.297845
163.4		0.297845
163.5		0.297845
163.6		0.297845
163.7		0.297845
163.8		0.297845
163.9		0.297845
164		0.297845
164.1		0.301837
164.2		0.301837
164.3		0.301837
164.4		0.301837
164.5		0.301837
164.6		0.301837
164.7		0.301837
164.8		0.301837
164.9		0.301837
165		0.301837
165.1		0.304594
165.2		0.304594
165.3		0.304594
165.4		0.304594
165.5		0.304594
165.6		0.304594
165.7		0.304594
165.8		0.304594
165.9		0.304594
166		0.304594
166.1		0.306678
166.2		0.306678
166.3		0.306678
166.4		0.306678
166.5		0.306678
166.6		0.306678
166.7		0.306678
166.8		0.306678
166.9		0.306678
167		0.306678
167.1		0.308834
167.2		0.308834
167.3		0.308834
167.4		0.308834
167.5		0.308834
167.6		0.308834
167.7		0.308834
167.8		0.308834
167.9		0.308834
168		0.308834
168.1		0.309682
168.2		0.309682
168.3		0.309682
168.4		0.309682
168.5		0.309682
168.6		0.309682
168.7		0.309682
168.8		0.309682
168.9		0.309682
169		0.309682
169.1		0.311661
169.2		0.311661
169.3		0.311661
169.4		0.311661
169.5		0.311661
169.6		0.311661
169.7		0.311661
169.8		0.311661
169.9		0.311661
170		0.311661
170.1		0.312898
170.2		0.312898
170.3		0.312898
170.4		0.312898
170.5		0.312898
170.6		0.312898
170.7		0.312898
170.8		0.312898
170.9		0.312898
171		0.312898
171.1		0.314205
171.2		0.314205
171.3		0.314205
171.4		0.314205
171.5		0.314205
171.6		0.314205
171.7		0.314205
171.8		0.314205
171.9		0.314205
172		0.314205
172.1		0.31788
172.2		0.31788
172.3		0.31788
172.4		0.31788
172.5		0.31788
172.6		0.31788
172.7		0.31788
172.8		0.31788
172.9		0.31788
173		0.31788
173.1		0.321095
173.2		0.321095
173.3		0.321095
173.4		0.321095
173.5		0.321095
173.6		0.321095
173.7		0.321095
173.8		0.321095
173.9		0.321095
174		0.321095
174.1		0.322686
174.2		0.322686
174.3		0.322686
174.4		0.322686
174.5		0.322686
174.6		0.322686
174.7		0.322686
174.8		0.322686
174.9		0.322686
175		0.322686
175.1		0.323922
175.2		0.323922
175.3		0.323922
175.4		0.323922
175.5		0.323922
175.6		0.323922
175.7		0.323922
175.8		0.323922
175.9		0.323922
176		0.323922
176.1		0.32477
176.2		0.32477
176.3		0.32477
176.4		0.32477
176.5		0.32477
176.6		0.32477
176.7		0.32477
176.8		0.32477
176.9		0.32477
177		0.32477
177.1		0.328269
177.2		0.328269
177.3		0.328269
177.4		0.328269
177.5		0.328269
177.6		0.328269
177.7		0.328269
177.8		0.328269
177.9		0.328269
178		0.328269
178.1		0.330777
178.2		0.330777
178.3		0.330777
178.4		0.330777
178.5		0.330777
178.6		0.330777
178.7		0.330777
178.8		0.330777
178.9		0.330777
179		0.330777
179.1		0.332968
179.2		0.332968
179.3		0.332968
179.4		0.332968
179.5		0.332968
179.6		0.332968
179.7		0.332968
179.8		0.332968
179.9		0.332968
180		0.332968
180.1		0.334417
180.2		0.334417
180.3		0.334417
180.4		0.334417
180.5		0.334417
180.6		0.334417
180.7		0.334417
180.8		0.334417
180.9		0.334417
181		0.334417
181.1		0.335124
181.2		0.335124
181.3		0.335124
181.4		0.335124
181.5		0.335124
181.6		0.335124
181.7		0.335124
181.8		0.335124
181.9		0.335124
182		0.335124
182.1		0.339576
182.2		0.339576
182.3		0.339576
182.4		0.339576
182.5		0.339576
182.6		0.339576
182.7		0.339576
182.8		0.339576
182.9		0.339576
183		0.339576
183.1		0.341272
183.2		0.341272
183.3		0.341272
183.4		0.341272
183.5		0.341272
183.6		0.341272
183.7		0.341272
183.8		0.341272
183.9		0.341272
184		0.341272
184.1		0.341979
184.2		0.341979
184.3		0.341979
184.4		0.341979
184.5		0.341979
184.6		0.341979
184.7		0.341979
184.8		0.341979
184.9		0.341979
185		0.341979
185.1		0.343322
185.2		0.343322
185.3		0.343322
185.4		0.343322
185.5		0.343322
185.6		0.343322
185.7		0.343322
185.8		0.343322
185.9		0.343322
186		0.343322
186.1		0.348057
186.2		0.348057
186.3		0.348057
186.4		0.348057
186.5		0.348057
186.6		0.348057
186.7		0.348057
186.8		0.348057
186.9		0.348057
187		0.348057
187.1		0.350919
187.2		0.350919
187.3		0.350919
187.4		0.350919
187.5		0.350919
187.6		0.350919
187.7		0.350919
187.8		0.350919
187.9		0.350919
188		0.350919
188.1		0.351555
188.2		0.351555
188.3		0.351555
188.4		0.351555
188.5		0.351555
188.6		0.351555
188.7		0.351555
188.8		0.351555
188.9		0.351555
189		0.351555
189.1		0.352756
189.2		0.352756
189.3		0.352756
189.4		0.352756
189.5		0.352756
189.6		0.352756
189.7		0.352756
189.8		0.352756
189.9		0.352756
190		0.352756
190.1		0.356643
190.2		0.356643
190.3		0.356643
190.4		0.356643
190.5		0.356643
190.6		0.356643
190.7		0.356643
190.8		0.356643
190.9		0.356643
191		0.356643
191.1		0.357597
191.2		0.357597
191.3		0.357597
191.4		0.357597
191.5		0.357597
191.6		0.357597
191.7		0.357597
191.8		0.357597
191.9		0.357597
192		0.357597
192.1		0.357986
192.2		0.357986
192.3		0.357986
192.4		0.357986
192.5		0.357986
192.6		0.357986
192.7		0.357986
192.8		0.357986
192.9		0.357986
193		0.357986
193.1		0.362933
193.2		0.362933
193.3		0.362933
193.4		0.362933
193.5		0.362933
193.6		0.362933
193.7		0.362933
193.8		0.362933
193.9		0.362933
194		0.362933
194.1		0.364205
194.2		0.364205
194.3		0.364205
194.4		0.364205
194.5		0.364205
194.6		0.364205
194.7		0.364205
194.8		0.364205
194.9		0.364205
195		0.364205
195.1		0.367774
195.2		0.367774
195.3		0.367774
195.4		0.367774
195.5		0.367774
195.6		0.367774
195.7		0.367774
195.8		0.367774
195.9		0.367774
196		0.367774
196.1		0.368622
196.2		0.368622
196.3		0.368622
196.4		0.368622
196.5		0.368622
196.6		0.368622
196.7		0.368622
196.8		0.368622
196.9		0.368622
197		0.368622
197.1		0.369117
197.2		0.369117
197.3		0.369117
197.4		0.369117
197.5		0.369117
197.6		0.369117
197.7		0.369117
197.8		0.369117
197.9		0.369117
198		0.369117
198.1		0.371343
198.2		0.371343
198.3		0.371343
198.4		0.371343
198.5		0.371343
198.6		0.371343
198.7		0.371343
198.8		0.371343
198.9		0.371343
199		0.371343
199.1		0.375088
199.2		0.375088
199.3		0.375088
199.4		0.375088
199.5		0.375088
199.6		0.375088
199.7		0.375088
199.8		0.375088
199.9		0.375088
200		0.375088
200.1		0.377845
200.2		0.377845
200.3		0.377845
200.4		0.377845
200.5		0.377845
200.6		0.377845
200.7		0.377845
200.8		0.377845
200.9		0.377845
201		0.377845
201.1		0.379753
201.2		0.379753
201.3		0.379753
201.4		0.379753
201.5		0.379753
201.6		0.379753
201.7		0.379753
201.8		0.379753
201.9		0.379753
202		0.379753
202.1		0.380989
202.2		0.380989
202.3		0.380989
202.4		0.380989
202.5		0.380989
202.6		0.380989
202.7		0.380989
202.8		0.380989
202.9		0.380989
203		0.380989
203.1		0.381201
203.2		0.381201
203.3		0.381201
203.4		0.381201
203.5		0.381201
203.6		0.381201
203.7		0.381201
203.8		0.381201
203.9		0.381201
204		0.381201
204.1		0.389329
204.2		0.389329
204.3		0.389329
204.4		0.389329
204.5		0.389329
204.6		0.389329
204.7		0.389329
204.8		0.389329
204.9		0.389329
205		0.389329
205.1		0.389541
205.2		0.389541
205.3		0.389541
205.4		0.389541
205.5		0.389541
205.6		0.389541
205.7		0.389541
205.8		0.389541
205.9		0.389541
206		0.389541
206.1		0.390071
206.2		0.390071
206.3		0.390071
206.4		0.390071
206.5		0.390071
206.6		0.390071
206.7		0.390071
206.8		0.390071
206.9		0.390071
207		0.390071
207.1		0.391378
207.2		0.391378
207.3		0.391378
207.4		0.391378
207.5		0.391378
207.6		0.391378
207.7		0.391378
207.8		0.391378
207.9		0.391378
208		0.391378
208.1		0.395018
208.2		0.395018
208.3		0.395018
208.4		0.395018
208.5		0.395018
208.6		0.395018
208.7		0.395018
208.8		0.395018
208.9		0.395018
209		0.395018
209.1		0.398057
209.2		0.398057
209.3		0.398057
209.4		0.398057
209.5		0.398057
209.6		0.398057
209.7		0.398057
209.8		0.398057
209.9		0.398057
210		0.398057
210.1		0.398799
210.2		0.398799
210.3		0.398799
210.4		0.398799
210.5		0.398799
210.6		0.398799
210.7		0.398799
210.8		0.398799
210.9		0.398799
211		0.398799
211.1		0.39947
211.2		0.39947
211.3		0.39947
211.4		0.39947
211.5		0.39947
211.6		0.39947
211.7		0.39947
211.8		0.39947
211.9		0.39947
212		0.39947
212.1		0.404382
212.2		0.404382
212.3		0.404382
212.4		0.404382
212.5		0.404382
212.6		0.404382
212.7		0.404382
212.8		0.404382
212.9		0.404382
213		0.404382
213.1		0.405442
213.2		0.405442
213.3		0.405442
213.4		0.405442
213.5		0.405442
213.6		0.405442
213.7		0.405442
213.8		0.405442
213.9		0.405442
214		0.405442
214.1		0.406926
214.2		0.406926
214.3		0.406926
214.4		0.406926
214.5		0.406926
214.6		0.406926
214.7		0.406926
214.8		0.406926
214.9		0.406926
215		0.406926
215.1		0.407208
215.2		0.407208
215.3		0.407208
215.4		0.407208
215.5		0.407208
215.6		0.407208
215.7		0.407208
215.8		0.407208
215.9		0.407208
216		0.407208
216.1		0.411378
216.2		0.411378
216.3		0.411378
216.4		0.411378
216.5		0.411378
216.6		0.411378
216.7		0.411378
216.8		0.411378
216.9		0.411378
217		0.411378
217.1		0.413922
217.2		0.413922
217.3		0.413922
217.4		0.413922
217.5		0.413922
217.6		0.413922
217.7		0.413922
217.8		0.413922
217.9		0.413922
218		0.413922
218.1		0.415654
218.2		0.415654
218.3		0.415654
218.4		0.415654
218.5		0.415654
218.6		0.415654
218.7		0.415654
218.8		0.415654
218.9		0.415654
219		0.415654
219.1		0.415901
219.2		0.415901
219.3		0.415901
219.4		0.415901
219.5		0.415901
219.6		0.415901
219.7		0.415901
219.8		0.415901
219.9		0.415901
220		0.415901
220.1		0.419364
220.2		0.419364
220.3		0.419364
220.4		0.419364
220.5		0.419364
220.6		0.419364
220.7		0.419364
220.8		0.419364
220.9		0.419364
221		0.419364
221.1		0.422261
221.2		0.422261
221.3		0.422261
221.4		0.422261
221.5		0.422261
221.6		0.422261
221.7		0.422261
221.8		0.422261
221.9		0.422261
222		0.422261
222.1		0.423392
222.2		0.423392
222.3		0.423392
222.4		0.423392
222.5		0.423392
222.6		0.423392
222.7		0.423392
222.8		0.423392
222.9		0.423392
223		0.423392
223.1		0.42371
223.2		0.42371
223.3		0.42371
223.4		0.42371
223.5		0.42371
223.6		0.42371
223.7		0.42371
223.8		0.42371
223.9		0.42371
224		0.42371
224.1		0.428657
224.2		0.428657
224.3		0.428657
224.4		0.428657
224.5		0.428657
224.6		0.428657
224.7		0.428657
224.8		0.428657
224.9		0.428657
225		0.428657
225.1		0.430212
225.2		0.430212
225.3		0.430212
225.4		0.430212
225.5		0.430212
225.6		0.430212
225.7		0.430212
225.8		0.430212
225.9		0.430212
226		0.430212
226.1		0.433216
226.2		0.433216
226.3		0.433216
226.4		0.433216
226.5		0.433216
226.6		0.433216
226.7		0.433216
226.8		0.433216
226.9		0.433216
227		0.433216
227.1		0.433604
227.2		0.433604
227.3		0.433604
227.4		0.433604
227.5		0.433604
227.6		0.433604
227.7		0.433604
227.8		0.433604
227.9		0.433604
228		0.433604
228.1		0.433816
228.2		0.433816
228.3		0.433816
228.4		0.433816
228.5		0.433816
228.6		0.433816
228.7		0.433816
228.8		0.433816
228.9		0.433816
229		0.433816
229.1		0.439435
229.2		0.439435
229.3		0.439435
229.4		0.439435
229.5		0.439435
229.6		0.439435
229.7		0.439435
229.8		0.439435
229.9		0.439435
230		0.439435
230.1		0.439823
230.2		0.439823
230.3		0.439823
230.4		0.439823
230.5		0.439823
230.6		0.439823
230.7		0.439823
230.8		0.439823
230.9		0.439823
231		0.439823
231.1		0.442544
231.2		0.442544
231.3		0.442544
231.4		0.442544
231.5		0.442544
231.6		0.442544
231.7		0.442544
231.8		0.442544
231.9		0.442544
232		0.442544
232.1		0.44318
232.2		0.44318
232.3		0.44318
232.4		0.44318
232.5		0.44318
232.6		0.44318
232.7		0.44318
232.8		0.44318
232.9		0.44318
233		0.44318
233.1		0.445265
233.2		0.445265
233.3		0.445265
233.4		0.445265
233.5		0.445265
233.6		0.445265
233.7		0.445265
233.8		0.445265
233.9		0.445265
234		0.445265
234.1		0.44947
234.2		0.44947
234.3		0.44947
234.4		0.44947
234.5		0.44947
234.6		0.44947
234.7		0.44947
234.8		0.44947
234.9		0.44947
235		0.44947
235.1		0.450601
235.2		0.450601
235.3		0.450601
235.4		0.450601
235.5		0.450601
235.6		0.450601
235.7		0.450601
235.8		0.450601
235.9		0.450601
236		0.450601
236.1		0.450848
236.2		0.450848
236.3		0.450848
236.4		0.450848
236.5		0.450848
236.6		0.450848
236.7		0.450848
236.8		0.450848
236.9		0.450848
237		0.450848
237.1		0.451343
237.2		0.451343
237.3		0.451343
237.4		0.451343
237.5		0.451343
237.6		0.451343
237.7		0.451343
237.8		0.451343
237.9		0.451343
238		0.451343
238.1		0.457102
238.2		0.457102
238.3		0.457102
238.4		0.457102
238.5		0.457102
238.6		0.457102
238.7		0.457102
238.8		0.457102
238.9		0.457102
239		0.457102
239.1		0.457208
239.2		0.457208
239.3		0.457208
239.4		0.457208
239.5		0.457208
239.6		0.457208
239.7		0.457208
239.8		0.457208
239.9		0.457208
240		0.457208
240.1		0.459717
240.2		0.459717
240.3		0.459717
240.4		0.459717
240.5		0.459717
240.6		0.459717
240.7		0.459717
240.8		0.459717
240.9		0.459717
241		0.459717
241.1		0.461095
241.2		0.461095
241.3		0.461095
241.4		0.461095
241.5		0.461095
241.6		0.461095
241.7		0.461095
241.8		0.461095
241.9		0.461095
242		0.461095
242.1		0.465477
242.2		0.465477
242.3		0.465477
242.4		0.465477
242.5		0.465477
242.6		0.465477
242.7		0.465477
242.8		0.465477
242.9		0.465477
243		0.465477
243.1		0.46636
243.2		0.46636
243.3		0.46636
243.4		0.46636
243.5		0.46636
243.6		0.46636
243.7		0.46636
243.8		0.46636
243.9		0.46636
244		0.46636
244.1		0.466643
244.2		0.466643
244.3		0.466643
244.4		0.466643
244.5		0.466643
244.6		0.466643
244.7		0.466643
244.8		0.466643
244.9		0.466643
245		0.466643
245.1		0.46735
245.2		0.46735
245.3		0.46735
245.4		0.46735
245.5		0.46735
245.6		0.46735
245.7		0.46735
245.8		0.46735
245.9		0.46735
246		0.46735
246.1		0.472792
246.2		0.472792
246.3		0.472792
246.4		0.472792
246.5		0.472792
246.6		0.472792
246.7		0.472792
246.8		0.472792
246.9		0.472792
247		0.472792
247.1		0.473322
247.2		0.473322
247.3		0.473322
247.4		0.473322
247.5		0.473322
247.6		0.473322
247.7		0.473322
247.8		0.473322
247.9		0.473322
248		0.473322
248.1		0.474912
248.2		0.474912
248.3		0.474912
248.4		0.474912
248.5		0.474912
248.6		0.474912
248.7		0.474912
248.8		0.474912
248.9		0.474912
249		0.474912
249.1		0.475512
249.2		0.475512
249.3		0.475512
249.4		0.475512
249.5		0.475512
249.6		0.475512
249.7		0.475512
249.8		0.475512
249.9		0.475512
250		0.475512
250.1		0.480601
250.2		0.480601
250.3		0.480601
250.4		0.480601
250.5		0.480601
250.6		0.480601
250.7		0.480601
250.8		0.480601
250.9		0.480601
251		0.480601
251.1		0.482014
251.2		0.482014
251.3		0.482014
251.4		0.482014
251.5		0.482014
251.6		0.482014
251.7		0.482014
251.8		0.482014
251.9		0.482014
252		0.482014
252.1		0.483675
252.2		0.483675
252.3		0.483675
252.4		0.483675
252.5		0.483675
252.6		0.483675
252.7		0.483675
252.8		0.483675
252.9		0.483675
253		0.483675
253.1		0.48477
253.2		0.48477
253.3		0.48477
253.4		0.48477
253.5		0.48477
253.6		0.48477
253.7		0.48477
253.8		0.48477
253.9		0.48477
254		0.48477
254.1		0.487774
254.2		0.487774
254.3		0.487774
254.4		0.487774
254.5		0.487774
254.6		0.487774
254.7		0.487774
254.8		0.487774
254.9		0.487774
255		0.487774
255.1		0.490601
255.2		0.490601
255.3		0.490601
255.4		0.490601
255.5		0.490601
255.6		0.490601
255.7		0.490601
255.8		0.490601
255.9		0.490601
256		0.490601
256.1		0.494205
256.2		0.494205
256.3		0.494205
256.4		0.494205
256.5		0.494205
256.6		0.494205
256.7		0.494205
256.8		0.494205
256.9		0.494205
257		0.494205
257.1		0.494558
257.2		0.494558
257.3		0.494558
257.4		0.494558
257.5		0.494558
257.6		0.494558
257.7		0.494558
257.8		0.494558
257.9		0.494558
258		0.494558
258.1		0.495583
258.2		0.495583
258.3		0.495583
258.4		0.495583
258.5		0.495583
258.6		0.495583
258.7		0.495583
258.8		0.495583
258.9		0.495583
259		0.495583
259.1		0.496042
259.2		0.496042
259.3		0.496042
259.4		0.496042
259.5		0.496042
259.6		0.496042
259.7		0.496042
259.8		0.496042
259.9		0.496042
260		0.496042
260.1		0.500989
260.2		0.500989
260.3		0.500989
260.4		0.500989
260.5		0.500989
260.6		0.500989
260.7		0.500989
260.8		0.500989
260.9		0.500989
261		0.500989
261.1		0.502085
261.2		0.502085
261.3		0.502085
261.4		0.502085
261.5		0.502085
261.6		0.502085
261.7		0.502085
261.8		0.502085
261.9		0.502085
262		0.502085
262.1		0.503004
262.2		0.503004
262.3		0.503004
262.4		0.503004
262.5		0.503004
262.6		0.503004
262.7		0.503004
262.8		0.503004
262.9		0.503004
263		0.503004
263.1		0.503357
263.2		0.503357
263.3		0.503357
263.4		0.503357
263.5		0.503357
263.6		0.503357
263.7		0.503357
263.8		0.503357
263.9		0.503357
264		0.503357
264.1		0.509187
264.2		0.509187
264.3		0.509187
264.4		0.509187
264.5		0.509187
264.6		0.509187
264.7		0.509187
264.8		0.509187
264.9		0.509187
265		0.509187
265.1		0.509541
265.2		0.509541
265.3		0.509541
265.4		0.509541
265.5		0.509541
265.6		0.509541
265.7		0.509541
265.8		0.509541
265.9		0.509541
266		0.509541
266.1		0.511237
266.2		0.511237
266.3		0.511237
266.4		0.511237
266.5		0.511237
266.6		0.511237
266.7		0.511237
266.8		0.511237
266.9		0.511237
267		0.511237
267.1		0.512155
267.2		0.512155
267.3		0.512155
267.4		0.512155
267.5		0.512155
267.6		0.512155
267.7		0.512155
267.8		0.512155
267.9		0.512155
268		0.512155
268.1		0.516219
268.2		0.516219
268.3		0.516219
268.4		0.516219
268.5		0.516219
268.6		0.516219
268.7		0.516219
268.8		0.516219
268.9		0.516219
269		0.516219
269.1		0.517633
269.2		0.517633
269.3		0.517633
269.4		0.517633
269.5		0.517633
269.6		0.517633
269.7		0.517633
269.8		0.517633
269.9		0.517633
270		0.517633
270.1		0.518622
270.2		0.518622
270.3		0.518622
270.4		0.518622
270.5		0.518622
270.6		0.518622
270.7		0.518622
270.8		0.518622
270.9		0.518622
271		0.518622
271.1		0.521519
271.2		0.521519
271.3		0.521519
271.4		0.521519
271.5		0.521519
271.6		0.521519
271.7		0.521519
271.8		0.521519
271.9		0.521519
272		0.521519
272.1		0.523569
272.2		0.523569
272.3		0.523569
272.4		0.523569
272.5		0.523569
272.6		0.523569
272.7		0.523569
272.8		0.523569
272.9		0.523569
273		0.523569
273.1		0.525265
273.2		0.525265
273.3		0.525265
273.4		0.525265
273.5		0.525265
273.6		0.525265
273.7		0.525265
273.8		0.525265
273.9		0.525265
274		0.525265
274.1		0.528198
274.2		0.528198
274.3		0.528198
274.4		0.528198
274.5		0.528198
274.6		0.528198
274.7		0.528198
274.8		0.528198
274.9		0.528198
275		0.528198
275.1		0.529435
275.2		0.529435
275.3		0.529435
275.4		0.529435
275.5		0.529435
275.6		0.529435
275.7		0.529435
275.8		0.529435
275.9		0.529435
276		0.529435
276.1		0.530353
276.2		0.530353
276.3		0.530353
276.4		0.530353
276.5		0.530353
276.6		0.530353
276.7		0.530353
276.8		0.530353
276.9		0.530353
277		0.530353
277.1		0.535159
277.2		0.535159
277.3		0.535159
277.4		0.535159
277.5		0.535159
277.6		0.535159
277.7		0.535159
277.8		0.535159
277.9		0.535159
278		0.535159
278.1		0.536608
278.2		0.536608
278.3		0.536608
278.4		0.536608
278.5		0.536608
278.6		0.536608
278.7		0.536608
278.8		0.536608
278.9		0.536608
279		0.536608
279.1		0.536855
279.2		0.536855
279.3		0.536855
279.4		0.536855
279.5		0.536855
279.6		0.536855
279.7		0.536855
279.8		0.536855
279.9		0.536855
280		0.536855
280.1		0.538445
280.2		0.538445
280.3		0.538445
280.4		0.538445
280.5		0.538445
280.6		0.538445
280.7		0.538445
280.8		0.538445
280.9		0.538445
281		0.538445
281.1		0.538657
281.2		0.538657
281.3		0.538657
281.4		0.538657
281.5		0.538657
281.6		0.538657
281.7		0.538657
281.8		0.538657
281.9		0.538657
282		0.538657
282.1		0.545124
282.2		0.545124
282.3		0.545124
282.4		0.545124
282.5		0.545124
282.6		0.545124
282.7		0.545124
282.8		0.545124
282.9		0.545124
283		0.545124
283.1		0.547208
283.2		0.547208
283.3		0.547208
283.4		0.547208
283.5		0.547208
283.6		0.547208
283.7		0.547208
283.8		0.547208
283.9		0.547208
284		0.547208
284.1		0.548127
284.2		0.548127
284.3		0.548127
284.4		0.548127
284.5		0.548127
284.6		0.548127
284.7		0.548127
284.8		0.548127
284.9		0.548127
285		0.548127
285.1		0.553286
285.2		0.553286
285.3		0.553286
285.4		0.553286
285.5		0.553286
285.6		0.553286
285.7		0.553286
285.8		0.553286
285.9		0.553286
286		0.553286
286.1		0.55371
286.2		0.55371
286.3		0.55371
286.4		0.55371
286.5		0.55371
286.6		0.55371
286.7		0.55371
286.8		0.55371
286.9		0.55371
287		0.55371
287.1		0.556113
287.2		0.556113
287.3		0.556113
287.4		0.556113
287.5		0.556113
287.6		0.556113
287.7		0.556113
287.8		0.556113
287.9		0.556113
288		0.556113
288.1		0.559152
288.2		0.559152
288.3		0.559152
288.4		0.559152
288.5		0.559152
288.6		0.559152
288.7		0.559152
288.8		0.559152
288.9		0.559152
289		0.559152
289.1		0.56053
289.2		0.56053
289.3		0.56053
289.4		0.56053
289.5		0.56053
289.6		0.56053
289.7		0.56053
289.8		0.56053
289.9		0.56053
290		0.56053
290.1		0.563216
290.2		0.563216
290.3		0.563216
290.4		0.563216
290.5		0.563216
290.6		0.563216
290.7		0.563216
290.8		0.563216
290.9		0.563216
291		0.563216
291.1		0.566078
291.2		0.566078
291.3		0.566078
291.4		0.566078
291.5		0.566078
291.6		0.566078
291.7		0.566078
291.8		0.566078
291.9		0.566078
292		0.566078
292.1		0.567597
292.2		0.567597
292.3		0.567597
292.4		0.567597
292.5		0.567597
292.6		0.567597
292.7		0.567597
292.8		0.567597
292.9		0.567597
293		0.567597
293.1		0.567597
293.2		0.567597
293.3		0.567597
293.4		0.567597
293.5		0.567597
293.6		0.567597
293.7		0.567597
293.8		0.567597
293.9		0.567597
294		0.567597
294.1		0.567597
294.2		0.567597
294.3		0.567597
294.4		0.567597
294.5		0.567597
294.6		0.567597
294.7		0.567597
294.8		0.567597
294.9		0.567597
295		0.567597
295.1		0.570495
295.2		0.570495
295.3		0.570495
295.4		0.570495
295.5		0.570495
295.6		0.570495
295.7		0.570495
295.8		0.570495
295.9		0.570495
296		0.570495
296.1		0.571343
296.2		0.571343
296.3		0.571343
296.4		0.571343
296.5		0.571343
296.6		0.571343
296.7		0.571343
296.8		0.571343
296.9		0.571343
297		0.571343
297.1		0.573251
297.2		0.573251
297.3		0.573251
297.4		0.573251
297.5		0.573251
297.6		0.573251
297.7		0.573251
297.8		0.573251
297.9		0.573251
298		0.573251
298.1		0.577562
298.2		0.577562
298.3		0.577562
298.4		0.577562
298.5		0.577562
298.6		0.577562
298.7		0.577562
298.8		0.577562
298.9		0.577562
299		0.577562
299.1		0.578304
299.2		0.578304
299.3		0.578304
299.4		0.578304
299.5		0.578304
299.6		0.578304
299.7		0.578304
299.8		0.578304
299.9		0.578304
300		0.578304
300.1		0.578657
300.2		0.578657
300.3		0.578657
300.4		0.578657
300.5		0.578657
300.6		0.578657
300.7		0.578657
300.8		0.578657
300.9		0.578657
301		0.578657
301.1		0.583216
301.2		0.583216
301.3		0.583216
301.4		0.583216
301.5		0.583216
301.6		0.583216
301.7		0.583216
301.8		0.583216
301.9		0.583216
302		0.583216
302.1		0.583322
302.2		0.583322
302.3		0.583322
302.4		0.583322
302.5		0.583322
302.6		0.583322
302.7		0.583322
302.8		0.583322
302.9		0.583322
303		0.583322
303.1		0.583604
303.2		0.583604
303.3		0.583604
303.4		0.583604
303.5		0.583604
303.6		0.583604
303.7		0.583604
303.8		0.583604
303.9		0.583604
304		0.583604
304.1		0.588869
304.2		0.588869
304.3		0.588869
304.4		0.588869
304.5		0.588869
304.6		0.588869
304.7		0.588869
304.8		0.588869
304.9		0.588869
305		0.588869
305.1		0.590141
305.2		0.590141
305.3		0.590141
305.4		0.590141
305.5		0.590141
305.6		0.590141
305.7		0.590141
305.8		0.590141
305.9		0.590141
306		0.590141
306.1		0.590883
306.2		0.590883
306.3		0.590883
306.4		0.590883
306.5		0.590883
306.6		0.590883
306.7		0.590883
306.8		0.590883
306.9		0.590883
307		0.590883
307.1		0.592473
307.2		0.592473
307.3		0.592473
307.4		0.592473
307.5		0.592473
307.6		0.592473
307.7		0.592473
307.8		0.592473
307.9		0.592473
308		0.592473
308.1		0.597491
308.2		0.597491
308.3		0.597491
308.4		0.597491
308.5		0.597491
308.6		0.597491
308.7		0.597491
308.8		0.597491
308.9		0.597491
309		0.597491
309.1		0.598445
309.2		0.598445
309.3		0.598445
309.4		0.598445
309.5		0.598445
309.6		0.598445
309.7		0.598445
309.8		0.598445
309.9		0.598445
310		0.598445
310.1		0.600989
310.2		0.600989
310.3		0.600989
310.4		0.600989
310.5		0.600989
310.6		0.600989
310.7		0.600989
310.8		0.600989
310.9		0.600989
311		0.600989
311.1		0.601201
311.2		0.601201
311.3		0.601201
311.4		0.601201
311.5		0.601201
311.6		0.601201
311.7		0.601201
311.8		0.601201
311.9		0.601201
312		0.601201
312.1		0.60477
312.2		0.60477
312.3		0.60477
312.4		0.60477
312.5		0.60477
312.6		0.60477
312.7		0.60477
312.8		0.60477
312.9		0.60477
313		0.60477
313.1		0.605371
313.2		0.605371
313.3		0.605371
313.4		0.605371
313.5		0.605371
313.6		0.605371
313.7		0.605371
313.8		0.605371
313.9		0.605371
314		0.605371
314.1		0.607244
314.2		0.607244
314.3		0.607244
314.4		0.607244
314.5		0.607244
314.6		0.607244
314.7		0.607244
314.8		0.607244
314.9		0.607244
315		0.607244
315.1		0.607774
315.2		0.607774
315.3		0.607774
315.4		0.607774
315.5		0.607774
315.6		0.607774
315.7		0.607774
315.8		0.607774
315.9		0.607774
316		0.607774
316.1		0.611449
316.2		0.611449
316.3		0.611449
316.4		0.611449
316.5		0.611449
316.6		0.611449
316.7		0.611449
316.8		0.611449
316.9		0.611449
317		0.611449
317.1		0.61417
317.2		0.61417
317.3		0.61417
317.4		0.61417
317.5		0.61417
317.6		0.61417
317.7		0.61417
317.8		0.61417
317.9		0.61417
318		0.61417
318.1		0.614488
318.2		0.614488
318.3		0.614488
318.4		0.614488
318.5		0.614488
318.6		0.614488
318.7		0.614488
318.8		0.614488
318.9		0.614488
319		0.614488
319.1		0.61636
319.2		0.61636
319.3		0.61636
319.4		0.61636
319.5		0.61636
319.6		0.61636
319.7		0.61636
319.8		0.61636
319.9		0.61636
320		0.61636
320.1		0.620601
320.2		0.620601
320.3		0.620601
320.4		0.620601
320.5		0.620601
320.6		0.620601
320.7		0.620601
320.8		0.620601
320.9		0.620601
321		0.620601
321.1		0.622403
321.2		0.622403
321.3		0.622403
321.4		0.622403
321.5		0.622403
321.6		0.622403
321.7		0.622403
321.8		0.622403
321.9		0.622403
322		0.622403
322.1		0.623392
322.2		0.623392
322.3		0.623392
322.4		0.623392
322.5		0.623392
322.6		0.623392
322.7		0.623392
322.8		0.623392
322.9		0.623392
323		0.623392
323.1		0.626007
323.2		0.626007
323.3		0.626007
323.4		0.626007
323.5		0.626007
323.6		0.626007
323.7		0.626007
323.8		0.626007
323.9		0.626007
324		0.626007
324.1		0.627739
324.2		0.627739
324.3		0.627739
324.4		0.627739
324.5		0.627739
324.6		0.627739
324.7		0.627739
324.8		0.627739
324.9		0.627739
325		0.627739
325.1		0.630141
325.2		0.630141
325.3		0.630141
325.4		0.630141
325.5		0.630141
325.6		0.630141
325.7		0.630141
325.8		0.630141
325.9		0.630141
326		0.630141
326.1		0.630459
326.2		0.630459
326.3		0.630459
326.4		0.630459
326.5		0.630459
326.6		0.630459
326.7		0.630459
326.8		0.630459
326.9		0.630459
327		0.630459
327.1		0.632332
327.2		0.632332
327.3		0.632332
327.4		0.632332
327.5		0.632332
327.6		0.632332
327.7		0.632332
327.8		0.632332
327.9		0.632332
328		0.632332
328.1		0.634735
328.2		0.634735
328.3		0.634735
328.4		0.634735
328.5		0.634735
328.6		0.634735
328.7		0.634735
328.8		0.634735
328.9		0.634735
329		0.634735
329.1		0.637951
329.2		0.637951
329.3		0.637951
329.4		0.637951
329.5		0.637951
329.6		0.637951
329.7		0.637951
329.8		0.637951
329.9		0.637951
330		0.637951
330.1		0.641131
330.2		0.641131
330.3		0.641131
330.4		0.641131
330.5		0.641131
330.6		0.641131
330.7		0.641131
330.8		0.641131
330.9		0.641131
331		0.641131
331.1		0.641449
331.2		0.641449
331.3		0.641449
331.4		0.641449
331.5		0.641449
331.6		0.641449
331.7		0.641449
331.8		0.641449
331.9		0.641449
332		0.641449
332.1		0.642615
332.2		0.642615
332.3		0.642615
332.4		0.642615
332.5		0.642615
332.6		0.642615
332.7		0.642615
332.8		0.642615
332.9		0.642615
333		0.642615
333.1		0.64629
333.2		0.64629
333.3		0.64629
333.4		0.64629
333.5		0.64629
333.6		0.64629
333.7		0.64629
333.8		0.64629
333.9		0.64629
334		0.64629
334.1		0.647774
334.2		0.647774
334.3		0.647774
334.4		0.647774
334.5		0.647774
334.6		0.647774
334.7		0.647774
334.8		0.647774
334.9		0.647774
335		0.647774
335.1		0.649011
335.2		0.649011
335.3		0.649011
335.4		0.649011
335.5		0.649011
335.6		0.649011
335.7		0.649011
335.8		0.649011
335.9		0.649011
336		0.649011
336.1		0.652014
336.2		0.652014
336.3		0.652014
336.4		0.652014
336.5		0.652014
336.6		0.652014
336.7		0.652014
336.8		0.652014
336.9		0.652014
337		0.652014
337.1		0.653004
337.2		0.653004
337.3		0.653004
337.4		0.653004
337.5		0.653004
337.6		0.653004
337.7		0.653004
337.8		0.653004
337.9		0.653004
338		0.653004
338.1		0.656678
338.2		0.656678
338.3		0.656678
338.4		0.656678
338.5		0.656678
338.6		0.656678
338.7		0.656678
338.8		0.656678
338.9		0.656678
339		0.656678
339.1		0.657703
339.2		0.657703
339.3		0.657703
339.4		0.657703
339.5		0.657703
339.6		0.657703
339.7		0.657703
339.8		0.657703
339.9		0.657703
340		0.657703
340.1		0.658339
340.2		0.658339
340.3		0.658339
340.4		0.658339
340.5		0.658339
340.6		0.658339
340.7		0.658339
340.8		0.658339
340.9		0.658339
341		0.658339
341.1		0.658693
341.2		0.658693
341.3		0.658693
341.4		0.658693
341.5		0.658693
341.6		0.658693
341.7		0.658693
341.8		0.658693
341.9		0.658693
342		0.658693
342.1		0.663251
342.2		0.663251
342.3		0.663251
342.4		0.663251
342.5		0.663251
342.6		0.663251
342.7		0.663251
342.8		0.663251
342.9		0.663251
343		0.663251
343.1		0.665194
343.2		0.665194
343.3		0.665194
343.4		0.665194
343.5		0.665194
343.6		0.665194
343.7		0.665194
343.8		0.665194
343.9		0.665194
344		0.665194
344.1		0.670071
344.2		0.670071
344.3		0.670071
344.4		0.670071
344.5		0.670071
344.6		0.670071
344.7		0.670071
344.8		0.670071
344.9		0.670071
345		0.670071
345.1		0.672509
345.2		0.672509
345.3		0.672509
345.4		0.672509
345.5		0.672509
345.6		0.672509
345.7		0.672509
345.8		0.672509
345.9		0.672509
346		0.672509
346.1		0.6747
346.2		0.6747
346.3		0.6747
346.4		0.6747
346.5		0.6747
346.6		0.6747
346.7		0.6747
346.8		0.6747
346.9		0.6747
347		0.6747
347.1		0.678198
347.2		0.678198
347.3		0.678198
347.4		0.678198
347.5		0.678198
347.6		0.678198
347.7		0.678198
347.8		0.678198
347.9		0.678198
348		0.678198
348.1		0.68053
348.2		0.68053
348.3		0.68053
348.4		0.68053
348.5		0.68053
348.6		0.68053
348.7		0.68053
348.8		0.68053
348.9		0.68053
349		0.68053
349.1		0.680707
349.2		0.680707
349.3		0.680707
349.4		0.680707
349.5		0.680707
349.6		0.680707
349.7		0.680707
349.8		0.680707
349.9		0.680707
350		0.680707
350.1		0.681731
350.2		0.681731
350.3		0.681731
350.4		0.681731
350.5		0.681731
350.6		0.681731
350.7		0.681731
350.8		0.681731
350.9		0.681731
351		0.681731
351.1		0.688481
351.2		0.688481
351.3		0.688481
351.4		0.688481
351.5		0.688481
351.6		0.688481
351.7		0.688481
351.8		0.688481
351.9		0.688481
352		0.688481
352.1		0.690247
352.2		0.690247
352.3		0.690247
352.4		0.690247
352.5		0.690247
352.6		0.690247
352.7		0.690247
352.8		0.690247
352.9		0.690247
353		0.690247
353.1		0.690247
353.2		0.690247
353.3		0.690247
353.4		0.690247
353.5		0.690247
353.6		0.690247
353.7		0.690247
353.8		0.690247
353.9		0.690247
354		0.690247
354.1		0.690495
354.2		0.690495
354.3		0.690495
354.4		0.690495
354.5		0.690495
354.6		0.690495
354.7		0.690495
354.8		0.690495
354.9		0.690495
355		0.690495
355.1		0.691343
355.2		0.691343
355.3		0.691343
355.4		0.691343
355.5		0.691343
355.6		0.691343
355.7		0.691343
355.8		0.691343
355.9		0.691343
356		0.691343
356.1		0.691802
356.2		0.691802
356.3		0.691802
356.4		0.691802
356.5		0.691802
356.6		0.691802
356.7		0.691802
356.8		0.691802
356.9		0.691802
357		0.691802
357.1		0.695371
357.2		0.695371
357.3		0.695371
357.4		0.695371
357.5		0.695371
357.6		0.695371
357.7		0.695371
357.8		0.695371
357.9		0.695371
358		0.695371
358.1		0.696007
358.2		0.696007
358.3		0.696007
358.4		0.696007
358.5		0.696007
358.6		0.696007
358.7		0.696007
358.8		0.696007
358.9		0.696007
359		0.696007
359.1		0.697562
359.2		0.697562
359.3		0.697562
359.4		0.697562
359.5		0.697562
359.6		0.697562
359.7		0.697562
359.8		0.697562
359.9		0.697562
360		0.697562
360.1		0.697562
360.2		0.697562
360.3		0.697562
360.4		0.697562
360.5		0.697562
360.6		0.697562
360.7		0.697562
360.8		0.697562
360.9		0.697562
361		0.697562
361.1		0.700883
361.2		0.700883
361.3		0.700883
361.4		0.700883
361.5		0.700883
361.6		0.700883
361.7		0.700883
361.8		0.700883
361.9		0.700883
362		0.700883
362.1		0.703746
362.2		0.703746
362.3		0.703746
362.4		0.703746
362.5		0.703746
362.6		0.703746
362.7		0.703746
362.8		0.703746
362.9		0.703746
363		0.703746
363.1		0.705972
363.2		0.705972
363.3		0.705972
363.4		0.705972
363.5		0.705972
363.6		0.705972
363.7		0.705972
363.8		0.705972
363.9		0.705972
364		0.705972
364.1		0.706643
364.2		0.706643
364.3		0.706643
364.4		0.706643
364.5		0.706643
364.6		0.706643
364.7		0.706643
364.8		0.706643
364.9		0.706643
365		0.706643
365.1		0.708375
365.2		0.708375
365.3		0.708375
365.4		0.708375
365.5		0.708375
365.6		0.708375
365.7		0.708375
365.8		0.708375
365.9		0.708375
366		0.708375
366.1		0.71053
366.2		0.71053
366.3		0.71053
366.4		0.71053
366.5		0.71053
366.6		0.71053
366.7		0.71053
366.8		0.71053
366.9		0.71053
367		0.71053
367.1		0.713498
367.2		0.713498
367.3		0.713498
367.4		0.713498
367.5		0.713498
367.6		0.713498
367.7		0.713498
367.8		0.713498
367.9		0.713498
368		0.713498
368.1		0.715724
368.2		0.715724
368.3		0.715724
368.4		0.715724
368.5		0.715724
368.6		0.715724
368.7		0.715724
368.8		0.715724
368.9		0.715724
369		0.715724
369.1		0.717597
369.2		0.717597
369.3		0.717597
369.4		0.717597
369.5		0.717597
369.6		0.717597
369.7		0.717597
369.8		0.717597
369.9		0.717597
370		0.717597
370.1		0.718975
370.2		0.718975
370.3		0.718975
370.4		0.718975
370.5		0.718975
370.6		0.718975
370.7		0.718975
370.8		0.718975
370.9		0.718975
371		0.718975
371.1		0.721025
371.2		0.721025
371.3		0.721025
371.4		0.721025
371.5		0.721025
371.6		0.721025
371.7		0.721025
371.8		0.721025
371.9		0.721025
372		0.721025
372.1		0.724311
372.2		0.724311
372.3		0.724311
372.4		0.724311
372.5		0.724311
372.6		0.724311
372.7		0.724311
372.8		0.724311
372.9		0.724311
373		0.724311
373.1		0.726784
373.2		0.726784
373.3		0.726784
373.4		0.726784
373.5		0.726784
373.6		0.726784
373.7		0.726784
373.8		0.726784
373.9		0.726784
374		0.726784
374.1		0.727491
374.2		0.727491
374.3		0.727491
374.4		0.727491
374.5		0.727491
374.6		0.727491
374.7		0.727491
374.8		0.727491
374.9		0.727491
375		0.727491
375.1		0.728375
375.2		0.728375
375.3		0.728375
375.4		0.728375
375.5		0.728375
375.6		0.728375
375.7		0.728375
375.8		0.728375
375.9		0.728375
376		0.728375
376.1		0.732473
376.2		0.732473
376.3		0.732473
376.4		0.732473
376.5		0.732473
376.6		0.732473
376.7		0.732473
376.8		0.732473
376.9		0.732473
377		0.732473
377.1		0.735336
377.2		0.735336
377.3		0.735336
377.4		0.735336
377.5		0.735336
377.6		0.735336
377.7		0.735336
377.8		0.735336
377.9		0.735336
378		0.735336
378.1		0.735689
378.2		0.735689
378.3		0.735689
378.4		0.735689
378.5		0.735689
378.6		0.735689
378.7		0.735689
378.8		0.735689
378.9		0.735689
379		0.735689
379.1		0.736996
379.2		0.736996
379.3		0.736996
379.4		0.736996
379.5		0.736996
379.6		0.736996
379.7		0.736996
379.8		0.736996
379.9		0.736996
380		0.736996
380.1		0.742014
380.2		0.742014
380.3		0.742014
380.4		0.742014
380.5		0.742014
380.6		0.742014
380.7		0.742014
380.8		0.742014
380.9		0.742014
381		0.742014
381.1		0.742297
381.2		0.742297
381.3		0.742297
381.4		0.742297
381.5		0.742297
381.6		0.742297
381.7		0.742297
381.8		0.742297
381.9		0.742297
382		0.742297
382.1		0.742473
382.2		0.742473
382.3		0.742473
382.4		0.742473
382.5		0.742473
382.6		0.742473
382.7		0.742473
382.8		0.742473
382.9		0.742473
383		0.742473
383.1		0.744523
383.2		0.744523
383.3		0.744523
383.4		0.744523
383.5		0.744523
383.6		0.744523
383.7		0.744523
383.8		0.744523
383.9		0.744523
384		0.744523
384.1		0.750247
384.2		0.750247
384.3		0.750247
384.4		0.750247
384.5		0.750247
384.6		0.750247
384.7		0.750247
384.8		0.750247
384.9		0.750247
385		0.750247
385.1		0.750601
385.2		0.750601
385.3		0.750601
385.4		0.750601
385.5		0.750601
385.6		0.750601
385.7		0.750601
385.8		0.750601
385.9		0.750601
386		0.750601
386.1		0.751519
386.2		0.751519
386.3		0.751519
386.4		0.751519
386.5		0.751519
386.6		0.751519
386.7		0.751519
386.8		0.751519
386.9		0.751519
387		0.751519
387.1		0.752049
387.2		0.752049
387.3		0.752049
387.4		0.752049
387.5		0.752049
387.6		0.752049
387.7		0.752049
387.8		0.752049
387.9		0.752049
388		0.752049
388.1		0.75689
388.2		0.75689
388.3		0.75689
388.4		0.75689
388.5		0.75689
388.6		0.75689
388.7		0.75689
388.8		0.75689
388.9		0.75689
389		0.75689
389.1		0.757633
389.2		0.757633
389.3		0.757633
389.4		0.757633
389.5		0.757633
389.6		0.757633
389.7		0.757633
389.8		0.757633
389.9		0.757633
390		0.757633
390.1		0.759293
390.2		0.759293
390.3		0.759293
390.4		0.759293
390.5		0.759293
390.6		0.759293
390.7		0.759293
390.8		0.759293
390.9		0.759293
391		0.759293
391.1		0.762261
391.2		0.762261
391.3		0.762261
391.4		0.762261
391.5		0.762261
391.6		0.762261
391.7		0.762261
391.8		0.762261
391.9		0.762261
392		0.762261
392.1		0.766608
392.2		0.766608
392.3		0.766608
392.4		0.766608
392.5		0.766608
392.6		0.766608
392.7		0.766608
392.8		0.766608
392.9		0.766608
393		0.766608
393.1		0.768269
393.2		0.768269
393.3		0.768269
393.4		0.768269
393.5		0.768269
393.6		0.768269
393.7		0.768269
393.8		0.768269
393.9		0.768269
394		0.768269
394.1		0.769011
394.2		0.769011
394.3		0.769011
394.4		0.769011
394.5		0.769011
394.6		0.769011
394.7		0.769011
394.8		0.769011
394.9		0.769011
395		0.769011
395.1		0.769293
395.2		0.769293
395.3		0.769293
395.4		0.769293
395.5		0.769293
395.6		0.769293
395.7		0.769293
395.8		0.769293
395.9		0.769293
396		0.769293
396.1		0.772756
396.2		0.772756
396.3		0.772756
396.4		0.772756
396.5		0.772756
396.6		0.772756
396.7		0.772756
396.8		0.772756
396.9		0.772756
397		0.772756
397.1		0.775053
397.2		0.775053
397.3		0.775053
397.4		0.775053
397.5		0.775053
397.6		0.775053
397.7		0.775053
397.8		0.775053
397.9		0.775053
398		0.775053
398.1		0.777032
398.2		0.777032
398.3		0.777032
398.4		0.777032
398.5		0.777032
398.6		0.777032
398.7		0.777032
398.8		0.777032
398.9		0.777032
399		0.777032
399.1		0.779152
399.2		0.779152
399.3		0.779152
399.4		0.779152
399.5		0.779152
399.6		0.779152
399.7		0.779152
399.8		0.779152
399.9		0.779152
400		0.779152
400.1		0.780141
400.2		0.780141
400.3		0.780141
400.4		0.780141
400.5		0.780141
400.6		0.780141
400.7		0.780141
400.8		0.780141
400.9		0.780141
401		0.780141
401.1		0.783251
401.2		0.783251
401.3		0.783251
401.4		0.783251
401.5		0.783251
401.6		0.783251
401.7		0.783251
401.8		0.783251
401.9		0.783251
402		0.783251
402.1		0.783498
402.2		0.783498
402.3		0.783498
402.4		0.783498
402.5		0.783498
402.6		0.783498
402.7		0.783498
402.8		0.783498
402.9		0.783498
403		0.783498
403.1		0.787597
403.2		0.787597
403.3		0.787597
403.4		0.787597
403.5		0.787597
403.6		0.787597
403.7		0.787597
403.8		0.787597
403.9		0.787597
404		0.787597
404.1		0.788975
404.2		0.788975
404.3		0.788975
404.4		0.788975
404.5		0.788975
404.6		0.788975
404.7		0.788975
404.8		0.788975
404.9		0.788975
405		0.788975
405.1		0.789399
405.2		0.789399
405.3		0.789399
405.4		0.789399
405.5		0.789399
405.6		0.789399
405.7		0.789399
405.8		0.789399
405.9		0.789399
406		0.789399
406.1		0.79417
406.2		0.79417
406.3		0.79417
406.4		0.79417
406.5		0.79417
406.6		0.79417
406.7		0.79417
406.8		0.79417
406.9		0.79417
407		0.79417
407.1		0.79583
407.2		0.79583
407.3		0.79583
407.4		0.79583
407.5		0.79583
407.6		0.79583
407.7		0.79583
407.8		0.79583
407.9		0.79583
408		0.79583
408.1		0.796678
408.2		0.796678
408.3		0.796678
408.4		0.796678
408.5		0.796678
408.6		0.796678
408.7		0.796678
408.8		0.796678
408.9		0.796678
409		0.796678
409.1		0.799152
409.2		0.799152
409.3		0.799152
409.4		0.799152
409.5		0.799152
409.6		0.799152
409.7		0.799152
409.8		0.799152
409.9		0.799152
410		0.799152
410.1		0.80258
410.2		0.80258
410.3		0.80258
410.4		0.80258
410.5		0.80258
410.6		0.80258
410.7		0.80258
410.8		0.80258
410.9		0.80258
411		0.80258
411.1		0.802827
411.2		0.802827
411.3		0.802827
411.4		0.802827
411.5		0.802827
411.6		0.802827
411.7		0.802827
411.8		0.802827
411.9		0.802827
412		0.802827
412.1		0.808163
412.2		0.808163
412.3		0.808163
412.4		0.808163
412.5		0.808163
412.6		0.808163
412.7		0.808163
412.8		0.808163
412.9		0.808163
413		0.808163
413.1		0.808445
413.2		0.808445
413.3		0.808445
413.4		0.808445
413.5		0.808445
413.6		0.808445
413.7		0.808445
413.8		0.808445
413.9		0.808445
414		0.808445
414.1		0.810035
414.2		0.810035
414.3		0.810035
414.4		0.810035
414.5		0.810035
414.6		0.810035
414.7		0.810035
414.8		0.810035
414.9		0.810035
415		0.810035
415.1		0.813039
415.2		0.813039
415.3		0.813039
415.4		0.813039
415.5		0.813039
415.6		0.813039
415.7		0.813039
415.8		0.813039
415.9		0.813039
416		0.813039
416.1		0.813286
416.2		0.813286
416.3		0.813286
416.4		0.813286
416.5		0.813286
416.6		0.813286
416.7		0.813286
416.8		0.813286
416.9		0.813286
417		0.813286
417.1		0.813852
417.2		0.813852
417.3		0.813852
417.4		0.813852
417.5		0.813852
417.6		0.813852
417.7		0.813852
417.8		0.813852
417.9		0.813852
418		0.813852
418.1		0.819399
418.2		0.819399
418.3		0.819399
418.4		0.819399
418.5		0.819399
418.6		0.819399
418.7		0.819399
418.8		0.819399
418.9		0.819399
419		0.819399
419.1		0.820035
419.2		0.820035
419.3		0.820035
419.4		0.820035
419.5		0.820035
419.6		0.820035
419.7		0.820035
419.8		0.820035
419.9		0.820035
420		0.820035
420.1		0.821131
420.2		0.821131
420.3		0.821131
420.4		0.821131
420.5		0.821131
420.6		0.821131
420.7		0.821131
420.8		0.821131
420.9		0.821131
421		0.821131
421.1		0.823039
421.2		0.823039
421.3		0.823039
421.4		0.823039
421.5		0.823039
421.6		0.823039
421.7		0.823039
421.8		0.823039
421.9		0.823039
422		0.823039
422.1		0.824841
422.2		0.824841
422.3		0.824841
422.4		0.824841
422.5		0.824841
422.6		0.824841
422.7		0.824841
422.8		0.824841
422.9		0.824841
423		0.824841
423.1		0.827774
423.2		0.827774
423.3		0.827774
423.4		0.827774
423.5		0.827774
423.6		0.827774
423.7		0.827774
423.8		0.827774
423.9		0.827774
424		0.827774
424.1		0.828657
424.2		0.828657
424.3		0.828657
424.4		0.828657
424.5		0.828657
424.6		0.828657
424.7		0.828657
424.8		0.828657
424.9		0.828657
425		0.828657
425.1		0.831943
425.2		0.831943
425.3		0.831943
425.4		0.831943
425.5		0.831943
425.6		0.831943
425.7		0.831943
425.8		0.831943
425.9		0.831943
426		0.831943
426.1		0.834523
426.2		0.834523
426.3		0.834523
426.4		0.834523
426.5		0.834523
426.6		0.834523
426.7		0.834523
426.8		0.834523
426.9		0.834523
427		0.834523
427.1		0.8353
427.2		0.8353
427.3		0.8353
427.4		0.8353
427.5		0.8353
427.6		0.8353
427.7		0.8353
427.8		0.8353
427.9		0.8353
428		0.8353
428.1		0.838021
428.2		0.838021
428.3		0.838021
428.4		0.838021
428.5		0.838021
428.6		0.838021
428.7		0.838021
428.8		0.838021
428.9		0.838021
429		0.838021
429.1		0.838728
429.2		0.838728
429.3		0.838728
429.4		0.838728
429.5		0.838728
429.6		0.838728
429.7		0.838728
429.8		0.838728
429.9		0.838728
430		0.838728
430.1		0.84318
430.2		0.84318
430.3		0.84318
430.4		0.84318
430.5		0.84318
430.6		0.84318
430.7		0.84318
430.8		0.84318
430.9		0.84318
431		0.84318
431.1		0.843463
431.2		0.843463
431.3		0.843463
431.4		0.843463
431.5		0.843463
431.6		0.843463
431.7		0.843463
431.8		0.843463
431.9		0.843463
432		0.843463
432.1		0.847244
432.2		0.847244
432.3		0.847244
432.4		0.847244
432.5		0.847244
432.6		0.847244
432.7		0.847244
432.8		0.847244
432.9		0.847244
433		0.847244
433.1		0.847385
433.2		0.847385
433.3		0.847385
433.4		0.847385
433.5		0.847385
433.6		0.847385
433.7		0.847385
433.8		0.847385
433.9		0.847385
434		0.847385
434.1		0.848339
434.2		0.848339
434.3		0.848339
434.4		0.848339
434.5		0.848339
434.6		0.848339
434.7		0.848339
434.8		0.848339
434.9		0.848339
435		0.848339
435.1		0.852191
435.2		0.852191
435.3		0.852191
435.4		0.852191
435.5		0.852191
435.6		0.852191
435.7		0.852191
435.8		0.852191
435.9		0.852191
436		0.852191
436.1		0.855654
436.2		0.855654
436.3		0.855654
436.4		0.855654
436.5		0.855654
436.6		0.855654
436.7		0.855654
436.8		0.855654
436.9		0.855654
437		0.855654
437.1		0.858339
437.2		0.858339
437.3		0.858339
437.4		0.858339
437.5		0.858339
437.6		0.858339
437.7		0.858339
437.8		0.858339
437.9		0.858339
438		0.858339
438.1		0.858975
438.2		0.858975
438.3		0.858975
438.4		0.858975
438.5		0.858975
438.6		0.858975
438.7		0.858975
438.8		0.858975
438.9		0.858975
439		0.858975
439.1		0.859117
439.2		0.859117
439.3		0.859117
439.4		0.859117
439.5		0.859117
439.6		0.859117
439.7		0.859117
439.8		0.859117
439.9		0.859117
440		0.859117
440.1		0.861908
440.2		0.861908
440.3		0.861908
440.4		0.861908
440.5		0.861908
440.6		0.861908
440.7		0.861908
440.8		0.861908
440.9		0.861908
441		0.861908
441.1		0.8647
441.2		0.8647
441.3		0.8647
441.4		0.8647
441.5		0.8647
441.6		0.8647
441.7		0.8647
441.8		0.8647
441.9		0.8647
442		0.8647
442.1		0.865512
442.2		0.865512
442.3		0.865512
442.4		0.865512
442.5		0.865512
442.6		0.865512
442.7		0.865512
442.8		0.865512
442.9		0.865512
443		0.865512
443.1		0.868622
443.2		0.868622
443.3		0.868622
443.4		0.868622
443.5		0.868622
443.6		0.868622
443.7		0.868622
443.8		0.868622
443.9		0.868622
444		0.868622
444.1		0.870177
444.2		0.870177
444.3		0.870177
444.4		0.870177
444.5		0.870177
444.6		0.870177
444.7		0.870177
444.8		0.870177
444.9		0.870177
445		0.870177
445.1		0.872968
445.2		0.872968
445.3		0.872968
445.4		0.872968
445.5		0.872968
445.6		0.872968
445.7		0.872968
445.8		0.872968
445.9		0.872968
446		0.872968
446.1		0.874134
446.2		0.874134
446.3		0.874134
446.4		0.874134
446.5		0.874134
446.6		0.874134
446.7		0.874134
446.8		0.874134
446.9		0.874134
447		0.874134
447.1		0.874523
447.2		0.874523
447.3		0.874523
447.4		0.874523
447.5		0.874523
447.6		0.874523
447.7		0.874523
447.8		0.874523
447.9		0.874523
448		0.874523
448.1		0.879576
448.2		0.879576
448.3		0.879576
448.4		0.879576
448.5		0.879576
448.6		0.879576
448.7		0.879576
448.8		0.879576
448.9		0.879576
449		0.879576
449.1		0.881484
449.2		0.881484
449.3		0.881484
449.4		0.881484
449.5		0.881484
449.6		0.881484
449.7		0.881484
449.8		0.881484
449.9		0.881484
450		0.881484
450.1		0.882367
450.2		0.882367
450.3		0.882367
450.4		0.882367
450.5		0.882367
450.6		0.882367
450.7		0.882367
450.8		0.882367
450.9		0.882367
451		0.882367
451.1		0.884311
451.2		0.884311
451.3		0.884311
451.4		0.884311
451.5		0.884311
451.6		0.884311
451.7		0.884311
451.8		0.884311
451.9		0.884311
452		0.884311
452.1		0.888092
452.2		0.888092
452.3		0.888092
452.4		0.888092
452.5		0.888092
452.6		0.888092
452.7		0.888092
452.8		0.888092
452.9		0.888092
453		0.888092
453.1		0.889293
453.2		0.889293
453.3		0.889293
453.4		0.889293
453.5		0.889293
453.6		0.889293
453.7		0.889293
453.8		0.889293
453.9		0.889293
454		0.889293
454.1		0.889435
454.2		0.889435
454.3		0.889435
454.4		0.889435
454.5		0.889435
454.6		0.889435
454.7		0.889435
454.8		0.889435
454.9		0.889435
455		0.889435
455.1		0.890318
455.2		0.890318
455.3		0.890318
455.4		0.890318
455.5		0.890318
455.6		0.890318
455.7		0.890318
455.8		0.890318
455.9		0.890318
456		0.890318
456.1		0.896431
456.2		0.896431
456.3		0.896431
456.4		0.896431
456.5		0.896431
456.6		0.896431
456.7		0.896431
456.8		0.896431
456.9		0.896431
457		0.896431
457.1		0.898233
457.2		0.898233
457.3		0.898233
457.4		0.898233
457.5		0.898233
457.6		0.898233
457.7		0.898233
457.8		0.898233
457.9		0.898233
458		0.898233
458.1		0.898587
458.2		0.898587
458.3		0.898587
458.4		0.898587
458.5		0.898587
458.6		0.898587
458.7		0.898587
458.8		0.898587
458.9		0.898587
459		0.898587
459.1		0.898975
459.2		0.898975
459.3		0.898975
459.4		0.898975
459.5		0.898975
459.6		0.898975
459.7		0.898975
459.8		0.898975
459.9		0.898975
460		0.898975
460.1		0.90159
460.2		0.90159
460.3		0.90159
460.4		0.90159
460.5		0.90159
460.6		0.90159
460.7		0.90159
460.8		0.90159
460.9		0.90159
461		0.90159
461.1		0.905795
461.2		0.905795
461.3		0.905795
461.4		0.905795
461.5		0.905795
461.6		0.905795
461.7		0.905795
461.8		0.905795
461.9		0.905795
462		0.905795
462.1		0.908021
462.2		0.908021
462.3		0.908021
462.4		0.908021
462.5		0.908021
462.6		0.908021
462.7		0.908021
462.8		0.908021
462.9		0.908021
463		0.908021
463.1		0.909576
463.2		0.909576
463.3		0.909576
463.4		0.909576
463.5		0.909576
463.6		0.909576
463.7		0.909576
463.8		0.909576
463.9		0.909576
464		0.909576
464.1		0.911272
464.2		0.911272
464.3		0.911272
464.4		0.911272
464.5		0.911272
464.6		0.911272
464.7		0.911272
464.8		0.911272
464.9		0.911272
465		0.911272
465.1		0.91371
465.2		0.91371
465.3		0.91371
465.4		0.91371
465.5		0.91371
465.6		0.91371
465.7		0.91371
465.8		0.91371
465.9		0.91371
466		0.91371
466.1		0.91689
466.2		0.91689
466.3		0.91689
466.4		0.91689
466.5		0.91689
466.6		0.91689
466.7		0.91689
466.8		0.91689
466.9		0.91689
467		0.91689
467.1		0.917668
467.2		0.917668
467.3		0.917668
467.4		0.917668
467.5		0.917668
467.6		0.917668
467.7		0.917668
467.8		0.917668
467.9		0.917668
468		0.917668
468.1		0.91788
468.2		0.91788
468.3		0.91788
468.4		0.91788
468.5		0.91788
468.6		0.91788
468.7		0.91788
468.8		0.91788
468.9		0.91788
469		0.91788
469.1		0.920495
469.2		0.920495
469.3		0.920495
469.4		0.920495
469.5		0.920495
469.6		0.920495
469.7		0.920495
469.8		0.920495
469.9		0.920495
470		0.920495
470.1		0.925724
470.2		0.925724
470.3		0.925724
470.4		0.925724
470.5		0.925724
470.6		0.925724
470.7		0.925724
470.8		0.925724
470.9		0.925724
471		0.925724
471.1		0.926466
471.2		0.926466
471.3		0.926466
471.4		0.926466
471.5		0.926466
471.6		0.926466
471.7		0.926466
471.8		0.926466
471.9		0.926466
472		0.926466
472.1		0.927809
472.2		0.927809
472.3		0.927809
472.4		0.927809
472.5		0.927809
472.6		0.927809
472.7		0.927809
472.8		0.927809
472.9		0.927809
473		0.927809
473.1		0.928233
473.2		0.928233
473.3		0.928233
473.4		0.928233
473.5		0.928233
473.6		0.928233
473.7		0.928233
473.8		0.928233
473.9		0.928233
474		0.928233
474.1		0.934452
474.2		0.934452
474.3		0.934452
474.4		0.934452
474.5		0.934452
474.6		0.934452
474.7		0.934452
474.8		0.934452
474.9		0.934452
475		0.934452
475.1		0.935088
475.2		0.935088
475.3		0.935088
475.4		0.935088
475.5		0.935088
475.6		0.935088
475.7		0.935088
475.8		0.935088
475.9		0.935088
476		0.935088
476.1		0.935512
476.2		0.935512
476.3		0.935512
476.4		0.935512
476.5		0.935512
476.6		0.935512
476.7		0.935512
476.8		0.935512
476.9		0.935512
477		0.935512
477.1		0.936643
477.2		0.936643
477.3		0.936643
477.4		0.936643
477.5		0.936643
477.6		0.936643
477.7		0.936643
477.8		0.936643
477.9		0.936643
478		0.936643
478.1		0.941661
478.2		0.941661
478.3		0.941661
478.4		0.941661
478.5		0.941661
478.6		0.941661
478.7		0.941661
478.8		0.941661
478.9		0.941661
479		0.941661
479.1		0.944134
479.2		0.944134
479.3		0.944134
479.4		0.944134
479.5		0.944134
479.6		0.944134
479.7		0.944134
479.8		0.944134
479.9		0.944134
480		0.944134
480.1		0.944982
480.2		0.944982
480.3		0.944982
480.4		0.944982
480.5		0.944982
480.6		0.944982
480.7		0.944982
480.8		0.944982
480.9		0.944982
481		0.944982
481.1		0.945406
481.2		0.945406
481.3		0.945406
481.4		0.945406
481.5		0.945406
481.6		0.945406
481.7		0.945406
481.8		0.945406
481.9		0.945406
482		0.945406
482.1		0.949329
482.2		0.949329
482.3		0.949329
482.4		0.949329
482.5		0.949329
482.6		0.949329
482.7		0.949329
482.8		0.949329
482.9		0.949329
483		0.949329
483.1		0.951767
483.2		0.951767
483.3		0.951767
483.4		0.951767
483.5		0.951767
483.6		0.951767
483.7		0.951767
483.8		0.951767
483.9		0.951767
484		0.951767
484.1		0.952155
484.2		0.952155
484.3		0.952155
484.4		0.952155
484.5		0.952155
484.6		0.952155
484.7		0.952155
484.8		0.952155
484.9		0.952155
485		0.952155
485.1		0.953357
485.2		0.953357
485.3		0.953357
485.4		0.953357
485.5		0.953357
485.6		0.953357
485.7		0.953357
485.8		0.953357
485.9		0.953357
486		0.953357
486.1		0.957633
486.2		0.957633
486.3		0.957633
486.4		0.957633
486.5		0.957633
486.6		0.957633
486.7		0.957633
486.8		0.957633
486.9		0.957633
487		0.957633
487.1		0.959647
487.2		0.959647
487.3		0.959647
487.4		0.959647
487.5		0.959647
487.6		0.959647
487.7		0.959647
487.8		0.959647
487.9		0.959647
488		0.959647
488.1		0.960318
488.2		0.960318
488.3		0.960318
488.4		0.960318
488.5		0.960318
488.6		0.960318
488.7		0.960318
488.8		0.960318
488.9		0.960318
489		0.960318
489.1		0.9653
489.2		0.9653
489.3		0.9653
489.4		0.9653
489.5		0.9653
489.6		0.9653
489.7		0.9653
489.8		0.9653
489.9		0.9653
490		0.9653
490.1		0.966643
490.2		0.966643
490.3		0.966643
490.4		0.966643
490.5		0.966643
490.6		0.966643
490.7		0.966643
490.8		0.966643
490.9		0.966643
491		0.966643
491.1		0.968587
491.2		0.968587
491.3		0.968587
491.4		0.968587
491.5		0.968587
491.6		0.968587
491.7		0.968587
491.8		0.968587
491.9		0.968587
492		0.968587
492.1		0.968905
492.2		0.968905
492.3		0.968905
492.4		0.968905
492.5		0.968905
492.6		0.968905
492.7		0.968905
492.8		0.968905
492.9		0.968905
493		0.968905
493.1		0.971343
493.2		0.971343
493.3		0.971343
493.4		0.971343
493.5		0.971343
493.6		0.971343
493.7		0.971343
493.8		0.971343
493.9		0.971343
494		0.971343
494.1		0.971696
494.2		0.971696
494.3		0.971696
494.4		0.971696
494.5		0.971696
494.6		0.971696
494.7		0.971696
494.8		0.971696
494.9		0.971696
495		0.971696
495.1		0.973251
495.2		0.973251
495.3		0.973251
495.4		0.973251
495.5		0.973251
495.6		0.973251
495.7		0.973251
495.8		0.973251
495.9		0.973251
496		0.973251
496.1		0.979046
496.2		0.979046
496.3		0.979046
496.4		0.979046
496.5		0.979046
496.6		0.979046
496.7		0.979046
496.8		0.979046
496.9		0.979046
497		0.979046
497.1		0.980848
497.2		0.980848
497.3		0.980848
497.4		0.980848
497.5		0.980848
497.6		0.980848
497.7		0.980848
497.8		0.980848
497.9		0.980848
498		0.980848
498.1		0.98159
498.2		0.98159
498.3		0.98159
498.4		0.98159
498.5		0.98159
498.6		0.98159
498.7		0.98159
498.8		0.98159
498.9		0.98159
499		0.98159
499.1		0.981625
499.2		0.981625
499.3		0.981625
499.4		0.981625
499.5		0.981625
499.6		0.981625
499.7		0.981625
499.8		0.981625
499.9		0.981625
500		0.981625
500.1		0.985689
500.2		0.985689
500.3		0.985689
500.4		0.985689
500.5		0.985689
500.6		0.985689
500.7		0.985689
500.8		0.985689
500.9		0.985689
501		0.985689
501.1		0.985936
501.2		0.985936
501.3		0.985936
501.4		0.985936
501.5		0.985936
501.6		0.985936
501.7		0.985936
501.8		0.985936
501.9		0.985936
502		0.985936
502.1		0.989258
502.2		0.989258
502.3		0.989258
502.4		0.989258
502.5		0.989258
502.6		0.989258
502.7		0.989258
502.8		0.989258
502.9		0.989258
503		0.989258
503.1		0.989399
503.2		0.989399
503.3		0.989399
503.4		0.989399
503.5		0.989399
503.6		0.989399
503.7		0.989399
503.8		0.989399
503.9		0.989399
504		0.989399
504.1		0.995583
504.2		0.995583
504.3		0.995583
504.4		0.995583
504.5		0.995583
504.6		0.995583
504.7		0.995583
504.8		0.995583
504.9		0.995583
505		0.995583
505.1		0.996254
505.2		0.996254
505.3		0.996254
505.4		0.996254
505.5		0.996254
505.6		0.996254
505.7		0.996254
505.8		0.996254
505.9		0.996254
506		0.996254
506.1		0.996396
506.2		0.996396
506.3		0.996396
506.4		0.996396
506.5		0.996396
506.6		0.996396
506.7		0.996396
506.8		0.996396
506.9		0.996396
507		0.996396
507.1		0.996855
507.2		0.996855
507.3		0.996855
507.4		0.996855
507.5		0.996855
507.6		0.996855
507.7		0.996855
507.8		0.996855
507.9		0.996855
508		0.996855
508.1		1
508.2		1
508.3		1
508.4		1
508.5		1
508.6		1
508.7		1
508.8		1
508.9		1
509		1
509.1		1
509.2		1
509.3		1
509.4		1
509.5		1
509.6		1
509.7		1
509.8		1
509.9		1
510		1
510.1		1
510.2		1
510.3		1
510.4		1
510.5		1
510.6		1
510.7		1
510.8		1
510.9		1
511		1
511.1		1
511.2		1
511.3		1
511.4		1
511.5		1
511.6		1
511.7		1
511.8		1
511.9		1
512		1
512.1		1
512.2		1
512.3		1
512.4		1
512.5		1
512.6		1
512.7		1
512.8		1
512.9		1
513		1
513.1		1
513.2		1
513.3		1
513.4		1
513.5		1
513.6		1
513.7		1
513.8		1
513.9		1
514		1
514.1		1
514.2		1
514.3		1
514.4		1
514.5		1
514.6		1
514.7		1
514.8		1
514.9		1
515		1
515.1		1
515.2		1
515.3		1
515.4		1
515.5		1
515.6		1
515.7		1
515.8		1
515.9		1
516		1
516.1		1
516.2		1
516.3		1
516.4		1
516.5		1
516.6		1
516.7		1
516.8		1
516.9		1
517		1
517.1		1
517.2		1
517.3		1
517.4		1
517.5		1
517.6		1
517.7		1
517.8		1
517.9		1
518		1
518.1		1
518.2		1
518.3		1
518.4		1
518.5		1
518.6		1
518.7		1
518.8		1
518.9		1
519		1
519.1		1
519.2		1
519.3		1
519.4		1
519.5		1
519.6		1
519.7		1
519.8		1
519.9		1
520		1
520.1		1
520.2		1
520.3		1
520.4		1
520.5		1
520.6		1
520.7		1
520.8		1
520.9		1
521		1
521.1		1
521.2		1
521.3		1
521.4		1
521.5		1
521.6		1
521.7		1
521.8		1
521.9		1
522		1
522.1		1
522.2		1
522.3		1
522.4		1
522.5		1
522.6		1
522.7		1
522.8		1
522.9		1
523		1
523.1		1
523.2		1
523.3		1
523.4		1
523.5		1
523.6		1
523.7		1
523.8		1
523.9		1
524		1
524.1		1
524.2		1
524.3		1
524.4		1
524.5		1
524.6		1
524.7		1
524.8		1
524.9		1
525		1
525.1		1
525.2		1
525.3		1
525.4		1
525.5		1
525.6		1
525.7		1
525.8		1
525.9		1
526		1
526.1		1
526.2		1
526.3		1
526.4		1
526.5		1
526.6		1
526.7		1
526.8		1
526.9		1
527		1
527.1		1
527.2		1
527.3		1
527.4		1
527.5		1
527.6		1
527.7		1
527.8		1
527.9		1
528		1
528.1		1
528.2		1
528.3		1
528.4		1
528.5		1
528.6		1
528.7		1
528.8		1
528.9		1
529		1
529.1		1
529.2		1
529.3		1
529.4		1
529.5		1
529.6		1
529.7		1
529.8		1
529.9		1
530		1
530.1		1
530.2		1
530.3		1
530.4		1
530.5		1
530.6		1
530.7		1
530.8		1
530.9		1
531		1
531.1		1
531.2		1
531.3		1
531.4		1
531.5		1
531.6		1
531.7		1
531.8		1
531.9		1
532		1
532.1		1
532.2		1
532.3		1
532.4		1
532.5		1
532.6		1
532.7		1
532.8		1
532.9		1
533		1
533.1		1
533.2		1
533.3		1
533.4		1
533.5		1
533.6		1
533.7		1
533.8		1
533.9		1
534		1
534.1		1
534.2		1
534.3		1
534.4		1
534.5		1
534.6		1
534.7		1
534.8		1
534.9		1
535		1
535.1		1
535.2		1
535.3		1
535.4		1
535.5		1
535.6		1
535.7		1
535.8		1
535.9		1
536		1
536.1		1
536.2		1
536.3		1
536.4		1
536.5		1
536.6		1
536.7		1
536.8		1
536.9		1
537		1
537.1		1
537.2		1
537.3		1
537.4		1
537.5		1
537.6		1
537.7		1
537.8		1
537.9		1
538		1
538.1		1
538.2		1
538.3		1
538.4		1
538.5		1
538.6		1
538.7		1
538.8		1
538.9		1
539		1
539.1		1
539.2		1
539.3		1
539.4		1
539.5		1
539.6		1
539.7		1
539.8		1
539.9		1
540		1
540.1		1
540.2		1
540.3		1
540.4		1
540.5		1
540.6		1
540.7		1
540.8		1
540.9		1
541		1
541.1		1
541.2		1
541.3		1
541.4		1
541.5		1
541.6		1
541.7		1
541.8		1
541.9		1
542		1
542.1		1
542.2		1
542.3		1
542.4		1
542.5		1
542.6		1
542.7		1
542.8		1
542.9		1
543		1
543.1		1
543.2		1
543.3		1
543.4		1
543.5		1
543.6		1
543.7		1
543.8		1
543.9		1
544		1
544.1		1
544.2		1
544.3		1
544.4		1
544.5		1
544.6		1
544.7		1
544.8		1
544.9		1
545		1
545.1		1
545.2		1
545.3		1
545.4		1
545.5		1
545.6		1
545.7		1
545.8		1
545.9		1
546		1
546.1		1
546.2		1
546.3		1
546.4		1
546.5		1
546.6		1
546.7		1
546.8		1
546.9		1
547		1
547.1		1
547.2		1
547.3		1
547.4		1
547.5		1
547.6		1
547.7		1
547.8		1
547.9		1
548		1
548.1		1
548.2		1
548.3		1
548.4		1
548.5		1
548.6		1
548.7		1
548.8		1
548.9		1
549		1
549.1		1
549.2		1
549.3		1
549.4		1
549.5		1
549.6		1
549.7		1
549.8		1
549.9		1
550		1
550.1		1
550.2		1
550.3		1
550.4		1
550.5		1
550.6		1
550.7		1
550.8		1
550.9		1
551		1
551.1		1
551.2		1
551.3		1
551.4		1
551.5		1
551.6		1
551.7		1
551.8		1
551.9		1
552		1
552.1		1
552.2		1
552.3		1
552.4		1
552.5		1
552.6		1
552.7		1
552.8		1
552.9		1
553		1
553.1		1
553.2		1
553.3		1
553.4		1
553.5		1
553.6		1
553.7		1
553.8		1
553.9		1
554		1
554.1		1
554.2		1
554.3		1
554.4		1
554.5		1
554.6		1
554.7		1
554.8		1
554.9		1
555		1
555.1		1
555.2		1
555.3		1
555.4		1
555.5		1
555.6		1
555.7		1
555.8		1
555.9		1
556		1
556.1		1
556.2		1
556.3		1
556.4		1
556.5		1
556.6		1
556.7		1
556.8		1
556.9		1
557		1
557.1		1
557.2		1
557.3		1
557.4		1
557.5		1
557.6		1
557.7		1
557.8		1
557.9		1
558		1
558.1		1
558.2		1
558.3		1
558.4		1
558.5		1
558.6		1
558.7		1
558.8		1
558.9		1
559		1
559.1		1
559.2		1
559.3		1
559.4		1
559.5		1
559.6		1
559.7		1
559.8		1
559.9		1
560		1
560.1		1
560.2		1
560.3		1
560.4		1
560.5		1
560.6		1
560.7		1
560.8		1
560.9		1
561		1
561.1		1
561.2		1
561.3		1
561.4		1
561.5		1
561.6		1
561.7		1
561.8		1
561.9		1
562		1
562.1		1
562.2		1
562.3		1
562.4		1
562.5		1
562.6		1
562.7		1
562.8		1
562.9		1
563		1
563.1		1
563.2		1
563.3		1
563.4		1
563.5		1
563.6		1
563.7		1
563.8		1
563.9		1
564		1
564.1		1
564.2		1
564.3		1
564.4		1
564.5		1
564.6		1
564.7		1
564.8		1
564.9		1
565		1
565.1		1
565.2		1
565.3		1
565.4		1
565.5		1
565.6		1
565.7		1
565.8		1
565.9		1
566		1
566.1		1
566.2		1
566.3		1
566.4		1
566.5		1
566.6		1
566.7		1
566.8		1
566.9		1
567		1
567.1		1
567.2		1
567.3		1
567.4		1
567.5		1
567.6		1
567.7		1
567.8		1
567.9		1
568		1
568.1		1
568.2		1
568.3		1
568.4		1
568.5		1
568.6		1
568.7		1
568.8		1
568.9		1
569		1
569.1		1
569.2		1
569.3		1
569.4		1
569.5		1
569.6		1
569.7		1
569.8		1
569.9		1
570		1
570.1		1
570.2		1
570.3		1
570.4		1
570.5		1
570.6		1
570.7		1
570.8		1
570.9		1
571		1
571.1		1
571.2		1
571.3		1
571.4		1
571.5		1
571.6		1
571.7		1
571.8		1
571.9		1
572		1
572.1		1
572.2		1
572.3		1
572.4		1
572.5		1
572.6		1
572.7		1
572.8		1
572.9		1
573		1
573.1		1
573.2		1
573.3		1
573.4		1
573.5		1
573.6		1
573.7		1
573.8		1
573.9		1
574		1
574.1		1
574.2		1
574.3		1
574.4		1
574.5		1
574.6		1
574.7		1
574.8		1
574.9		1
575		1
575.1		1
575.2		1
575.3		1
575.4		1
575.5		1
575.6		1
575.7		1
575.8		1
575.9		1
576		1
576.1		1
576.2		1
576.3		1
576.4		1
576.5		1
576.6		1
576.7		1
576.8		1
576.9		1
577		1
577.1		1
577.2		1
577.3		1
577.4		1
577.5		1
577.6		1
577.7		1
577.8		1
577.9		1
578		1
578.1		1
578.2		1
578.3		1
578.4		1
578.5		1
578.6		1
578.7		1
578.8		1
578.9		1
579		1
579.1		1
579.2		1
579.3		1
579.4		1
579.5		1
579.6		1
579.7		1
579.8		1
579.9		1
580		1
580.1		1
580.2		1
580.3		1
580.4		1
580.5		1
580.6		1
580.7		1
580.8		1
580.9		1
581		1
581.1		1
581.2		1
581.3		1
581.4		1
581.5		1
581.6		1
581.7		1
581.8		1
581.9		1
582		1
582.1		1
582.2		1
582.3		1
582.4		1
582.5		1
582.6		1
582.7		1
582.8		1
582.9		1
583		1
583.1		1
583.2		1
583.3		1
583.4		1
583.5		1
583.6		1
583.7		1
583.8		1
583.9		1
584		1
584.1		1
584.2		1
584.3		1
584.4		1
584.5		1
584.6		1
584.7		1
584.8		1
584.9		1
585		1
585.1		1
585.2		1
585.3		1
585.4		1
585.5		1
585.6		1
585.7		1
585.8		1
585.9		1
586		1
586.1		1
586.2		1
586.3		1
586.4		1
586.5		1
586.6		1
586.7		1
586.8		1
586.9		1
587		1
587.1		1
587.2		1
587.3		1
587.4		1
587.5		1
587.6		1
587.7		1
587.8		1
587.9		1
588		1
588.1		1
588.2		1
588.3		1
588.4		1
588.5		1
588.6		1
588.7		1
588.8		1
588.9		1
589		1
589.1		1
589.2		1
589.3		1
589.4		1
589.5		1
589.6		1
589.7		1
589.8		1
589.9		1
590		1
590.1		1
590.2		1
590.3		1
590.4		1
590.5		1
590.6		1
590.7		1
590.8		1
590.9		1
591		1
591.1		1
591.2		1
591.3		1
591.4		1
591.5		1
591.6		1
591.7		1
591.8		1
591.9		1
592		1
592.1		1
592.2		1
592.3		1
592.4		1
592.5		1
592.6		1
592.7		1
592.8		1
592.9		1
593		1
593.1		1
593.2		1
593.3		1
593.4		1
593.5		1
593.6		1
593.7		1
593.8		1
593.9		1
594		1
594.1		1
594.2		1
594.3		1
594.4		1
594.5		1
594.6		1
594.7		1
594.8		1
594.9		1
595		1
595.1		1
595.2		1
595.3		1
595.4		1
595.5		1
595.6		1
595.7		1
595.8		1
595.9		1
596		1
596.1		1
596.2		1
596.3		1
596.4		1
596.5		1
596.6		1
596.7		1
596.8		1
596.9		1
597		1
597.1		1
597.2		1
597.3		1
597.4		1
597.5		1
597.6		1
597.7		1
597.8		1
597.9		1
598		1
598.1		1
598.2		1
598.3		1
598.4		1
598.5		1
598.6		1
598.7		1
598.8		1
598.9		1
599		1
599.1		1
599.2		1
599.3		1
599.4		1
599.5		1
599.6		1
599.7		1
599.8		1
599.9		1
600		1
