# Calibration file of tamex_id 0 @ channel 3
# fine_T bin		 Calibration value
0.1		0
0.2		0
0.3		0
0.4		0
0.5		0
0.6		0
0.7		0
0.8		0
0.9		0
1		0
1.1		0
1.2		0
1.3		0
1.4		0
1.5		0
1.6		0
1.7		0
1.8		0
1.9		0
2		0
2.1		0
2.2		0
2.3		0
2.4		0
2.5		0
2.6		0
2.7		0
2.8		0
2.9		0
3		0
3.1		0
3.2		0
3.3		0
3.4		0
3.5		0
3.6		0
3.7		0
3.8		0
3.9		0
4		0
4.1		0
4.2		0
4.3		0
4.4		0
4.5		0
4.6		0
4.7		0
4.8		0
4.9		0
5		0
5.1		0
5.2		0
5.3		0
5.4		0
5.5		0
5.6		0
5.7		0
5.8		0
5.9		0
6		0
6.1		0
6.2		0
6.3		0
6.4		0
6.5		0
6.6		0
6.7		0
6.8		0
6.9		0
7		0
7.1		0
7.2		0
7.3		0
7.4		0
7.5		0
7.6		0
7.7		0
7.8		0
7.9		0
8		0
8.1		0
8.2		0
8.3		0
8.4		0
8.5		0
8.6		0
8.7		0
8.8		0
8.9		0
9		0
9.1		0
9.2		0
9.3		0
9.4		0
9.5		0
9.6		0
9.7		0
9.8		0
9.9		0
10		0
10.1		0
10.2		0
10.3		0
10.4		0
10.5		0
10.6		0
10.7		0
10.8		0
10.9		0
11		0
11.1		0
11.2		0
11.3		0
11.4		0
11.5		0
11.6		0
11.7		0
11.8		0
11.9		0
12		0
12.1		0
12.2		0
12.3		0
12.4		0
12.5		0
12.6		0
12.7		0
12.8		0
12.9		0
13		0
13.1		0
13.2		0
13.3		0
13.4		0
13.5		0
13.6		0
13.7		0
13.8		0
13.9		0
14		0
14.1		0
14.2		0
14.3		0
14.4		0
14.5		0
14.6		0
14.7		0
14.8		0
14.9		0
15		0
15.1		0
15.2		0
15.3		0
15.4		0
15.5		0
15.6		0
15.7		0
15.8		0
15.9		0
16		0
16.1		0
16.2		0
16.3		0
16.4		0
16.5		0
16.6		0
16.7		0
16.8		0
16.9		0
17		0
17.1		0.00323394
17.2		0.00323394
17.3		0.00323394
17.4		0.00323394
17.5		0.00323394
17.6		0.00323394
17.7		0.00323394
17.8		0.00323394
17.9		0.00323394
18		0.00323394
18.1		0.00634187
18.2		0.00634187
18.3		0.00634187
18.4		0.00634187
18.5		0.00634187
18.6		0.00634187
18.7		0.00634187
18.8		0.00634187
18.9		0.00634187
19		0.00634187
19.1		0.00894582
19.2		0.00894582
19.3		0.00894582
19.4		0.00894582
19.5		0.00894582
19.6		0.00894582
19.7		0.00894582
19.8		0.00894582
19.9		0.00894582
20		0.00894582
20.1		0.0133977
20.2		0.0133977
20.3		0.0133977
20.4		0.0133977
20.5		0.0133977
20.6		0.0133977
20.7		0.0133977
20.8		0.0133977
20.9		0.0133977
21		0.0133977
21.1		0.0148677
21.2		0.0148677
21.3		0.0148677
21.4		0.0148677
21.5		0.0148677
21.6		0.0148677
21.7		0.0148677
21.8		0.0148677
21.9		0.0148677
22		0.0148677
22.1		0.0165897
22.2		0.0165897
22.3		0.0165897
22.4		0.0165897
22.5		0.0165897
22.6		0.0165897
22.7		0.0165897
22.8		0.0165897
22.9		0.0165897
23		0.0165897
23.1		0.0170937
23.2		0.0170937
23.3		0.0170937
23.4		0.0170937
23.5		0.0170937
23.6		0.0170937
23.7		0.0170937
23.8		0.0170937
23.9		0.0170937
24		0.0170937
24.1		0.0174297
24.2		0.0174297
24.3		0.0174297
24.4		0.0174297
24.5		0.0174297
24.6		0.0174297
24.7		0.0174297
24.8		0.0174297
24.9		0.0174297
25		0.0174297
25.1		0.0236035
25.2		0.0236035
25.3		0.0236035
25.4		0.0236035
25.5		0.0236035
25.6		0.0236035
25.7		0.0236035
25.8		0.0236035
25.9		0.0236035
26		0.0236035
26.1		0.0250315
26.2		0.0250315
26.3		0.0250315
26.4		0.0250315
26.5		0.0250315
26.6		0.0250315
26.7		0.0250315
26.8		0.0250315
26.9		0.0250315
27		0.0250315
27.1		0.0269215
27.2		0.0269215
27.3		0.0269215
27.4		0.0269215
27.5		0.0269215
27.6		0.0269215
27.7		0.0269215
27.8		0.0269215
27.9		0.0269215
28		0.0269215
28.1		0.0283914
28.2		0.0283914
28.3		0.0283914
28.4		0.0283914
28.5		0.0283914
28.6		0.0283914
28.7		0.0283914
28.8		0.0283914
28.9		0.0283914
29		0.0283914
29.1		0.0289374
29.2		0.0289374
29.3		0.0289374
29.4		0.0289374
29.5		0.0289374
29.6		0.0289374
29.7		0.0289374
29.8		0.0289374
29.9		0.0289374
30		0.0289374
30.1		0.0308694
30.2		0.0308694
30.3		0.0308694
30.4		0.0308694
30.5		0.0308694
30.6		0.0308694
30.7		0.0308694
30.8		0.0308694
30.9		0.0308694
31		0.0308694
31.1		0.0320034
31.2		0.0320034
31.3		0.0320034
31.4		0.0320034
31.5		0.0320034
31.6		0.0320034
31.7		0.0320034
31.8		0.0320034
31.9		0.0320034
32		0.0320034
32.1		0.0337253
32.2		0.0337253
32.3		0.0337253
32.4		0.0337253
32.5		0.0337253
32.6		0.0337253
32.7		0.0337253
32.8		0.0337253
32.9		0.0337253
33		0.0337253
33.1		0.0367913
33.2		0.0367913
33.3		0.0367913
33.4		0.0367913
33.5		0.0367913
33.6		0.0367913
33.7		0.0367913
33.8		0.0367913
33.9		0.0367913
34		0.0367913
34.1		0.0391852
34.2		0.0391852
34.3		0.0391852
34.4		0.0391852
34.5		0.0391852
34.6		0.0391852
34.7		0.0391852
34.8		0.0391852
34.9		0.0391852
35		0.0391852
35.1		0.0424192
35.2		0.0424192
35.3		0.0424192
35.4		0.0424192
35.5		0.0424192
35.6		0.0424192
35.7		0.0424192
35.8		0.0424192
35.9		0.0424192
36		0.0424192
36.1		0.0428811
36.2		0.0428811
36.3		0.0428811
36.4		0.0428811
36.5		0.0428811
36.6		0.0428811
36.7		0.0428811
36.8		0.0428811
36.9		0.0428811
37		0.0428811
37.1		0.0436791
37.2		0.0436791
37.3		0.0436791
37.4		0.0436791
37.5		0.0436791
37.6		0.0436791
37.7		0.0436791
37.8		0.0436791
37.9		0.0436791
38		0.0436791
38.1		0.047627
38.2		0.047627
38.3		0.047627
38.4		0.047627
38.5		0.047627
38.6		0.047627
38.7		0.047627
38.8		0.047627
38.9		0.047627
39		0.047627
39.1		0.049097
39.2		0.049097
39.3		0.049097
39.4		0.049097
39.5		0.049097
39.6		0.049097
39.7		0.049097
39.8		0.049097
39.9		0.049097
40		0.049097
40.1		0.049265
40.2		0.049265
40.3		0.049265
40.4		0.049265
40.5		0.049265
40.6		0.049265
40.7		0.049265
40.8		0.049265
40.9		0.049265
41		0.049265
41.1		0.0526669
41.2		0.0526669
41.3		0.0526669
41.4		0.0526669
41.5		0.0526669
41.6		0.0526669
41.7		0.0526669
41.8		0.0526669
41.9		0.0526669
42		0.0526669
42.1		0.0541789
42.2		0.0541789
42.3		0.0541789
42.4		0.0541789
42.5		0.0541789
42.6		0.0541789
42.7		0.0541789
42.8		0.0541789
42.9		0.0541789
43		0.0541789
43.1		0.0596808
43.2		0.0596808
43.3		0.0596808
43.4		0.0596808
43.5		0.0596808
43.6		0.0596808
43.7		0.0596808
43.8		0.0596808
43.9		0.0596808
44		0.0596808
44.1		0.0599748
44.2		0.0599748
44.3		0.0599748
44.4		0.0599748
44.5		0.0599748
44.6		0.0599748
44.7		0.0599748
44.8		0.0599748
44.9		0.0599748
45		0.0599748
45.1		0.0623268
45.2		0.0623268
45.3		0.0623268
45.4		0.0623268
45.5		0.0623268
45.6		0.0623268
45.7		0.0623268
45.8		0.0623268
45.9		0.0623268
46		0.0623268
46.1		0.0667787
46.2		0.0667787
46.3		0.0667787
46.4		0.0667787
46.5		0.0667787
46.6		0.0667787
46.7		0.0667787
46.8		0.0667787
46.9		0.0667787
47		0.0667787
47.1		0.0670727
47.2		0.0670727
47.3		0.0670727
47.4		0.0670727
47.5		0.0670727
47.6		0.0670727
47.7		0.0670727
47.8		0.0670727
47.9		0.0670727
48		0.0670727
48.1		0.0677446
48.2		0.0677446
48.3		0.0677446
48.4		0.0677446
48.5		0.0677446
48.6		0.0677446
48.7		0.0677446
48.8		0.0677446
48.9		0.0677446
49		0.0677446
49.1		0.0722806
49.2		0.0722806
49.3		0.0722806
49.4		0.0722806
49.5		0.0722806
49.6		0.0722806
49.7		0.0722806
49.8		0.0722806
49.9		0.0722806
50		0.0722806
50.1		0.0744225
50.2		0.0744225
50.3		0.0744225
50.4		0.0744225
50.5		0.0744225
50.6		0.0744225
50.7		0.0744225
50.8		0.0744225
50.9		0.0744225
51		0.0744225
51.1		0.0755145
51.2		0.0755145
51.3		0.0755145
51.4		0.0755145
51.5		0.0755145
51.6		0.0755145
51.7		0.0755145
51.8		0.0755145
51.9		0.0755145
52		0.0755145
52.1		0.0768585
52.2		0.0768585
52.3		0.0768585
52.4		0.0768585
52.5		0.0768585
52.6		0.0768585
52.7		0.0768585
52.8		0.0768585
52.9		0.0768585
53		0.0768585
53.1		0.0795044
53.2		0.0795044
53.3		0.0795044
53.4		0.0795044
53.5		0.0795044
53.6		0.0795044
53.7		0.0795044
53.8		0.0795044
53.9		0.0795044
54		0.0795044
54.1		0.0816044
54.2		0.0816044
54.3		0.0816044
54.4		0.0816044
54.5		0.0816044
54.6		0.0816044
54.7		0.0816044
54.8		0.0816044
54.9		0.0816044
55		0.0816044
55.1		0.0838723
55.2		0.0838723
55.3		0.0838723
55.4		0.0838723
55.5		0.0838723
55.6		0.0838723
55.7		0.0838723
55.8		0.0838723
55.9		0.0838723
56		0.0838723
56.1		0.0843763
56.2		0.0843763
56.3		0.0843763
56.4		0.0843763
56.5		0.0843763
56.6		0.0843763
56.7		0.0843763
56.8		0.0843763
56.9		0.0843763
57		0.0843763
57.1		0.0870643
57.2		0.0870643
57.3		0.0870643
57.4		0.0870643
57.5		0.0870643
57.6		0.0870643
57.7		0.0870643
57.8		0.0870643
57.9		0.0870643
58		0.0870643
58.1		0.0898362
58.2		0.0898362
58.3		0.0898362
58.4		0.0898362
58.5		0.0898362
58.6		0.0898362
58.7		0.0898362
58.8		0.0898362
58.9		0.0898362
59		0.0898362
59.1		0.0913062
59.2		0.0913062
59.3		0.0913062
59.4		0.0913062
59.5		0.0913062
59.6		0.0913062
59.7		0.0913062
59.8		0.0913062
59.9		0.0913062
60		0.0913062
60.1		0.0924402
60.2		0.0924402
60.3		0.0924402
60.4		0.0924402
60.5		0.0924402
60.6		0.0924402
60.7		0.0924402
60.8		0.0924402
60.9		0.0924402
61		0.0924402
61.1		0.0931541
61.2		0.0931541
61.3		0.0931541
61.4		0.0931541
61.5		0.0931541
61.6		0.0931541
61.7		0.0931541
61.8		0.0931541
61.9		0.0931541
62		0.0931541
62.1		0.0952541
62.2		0.0952541
62.3		0.0952541
62.4		0.0952541
62.5		0.0952541
62.6		0.0952541
62.7		0.0952541
62.8		0.0952541
62.9		0.0952541
63		0.0952541
63.1		0.098866
63.2		0.098866
63.3		0.098866
63.4		0.098866
63.5		0.098866
63.6		0.098866
63.7		0.098866
63.8		0.098866
63.9		0.098866
64		0.098866
64.1		0.10042
64.2		0.10042
64.3		0.10042
64.4		0.10042
64.5		0.10042
64.6		0.10042
64.7		0.10042
64.8		0.10042
64.9		0.10042
65		0.10042
65.1		0.103696
65.2		0.103696
65.3		0.103696
65.4		0.103696
65.5		0.103696
65.6		0.103696
65.7		0.103696
65.8		0.103696
65.9		0.103696
66		0.103696
66.1		0.103948
66.2		0.103948
66.3		0.103948
66.4		0.103948
66.5		0.103948
66.6		0.103948
66.7		0.103948
66.8		0.103948
66.9		0.103948
67		0.103948
67.1		0.104032
67.2		0.104032
67.3		0.104032
67.4		0.104032
67.5		0.104032
67.6		0.104032
67.7		0.104032
67.8		0.104032
67.9		0.104032
68		0.104032
68.1		0.110836
68.2		0.110836
68.3		0.110836
68.4		0.110836
68.5		0.110836
68.6		0.110836
68.7		0.110836
68.8		0.110836
68.9		0.110836
69		0.110836
69.1		0.111256
69.2		0.111256
69.3		0.111256
69.4		0.111256
69.5		0.111256
69.6		0.111256
69.7		0.111256
69.8		0.111256
69.9		0.111256
70		0.111256
70.1		0.111592
70.2		0.111592
70.3		0.111592
70.4		0.111592
70.5		0.111592
70.6		0.111592
70.7		0.111592
70.8		0.111592
70.9		0.111592
71		0.111592
71.1		0.11365
71.2		0.11365
71.3		0.11365
71.4		0.11365
71.5		0.11365
71.6		0.11365
71.7		0.11365
71.8		0.11365
71.9		0.11365
72		0.11365
72.1		0.118984
72.2		0.118984
72.3		0.118984
72.4		0.118984
72.5		0.118984
72.6		0.118984
72.7		0.118984
72.8		0.118984
72.9		0.118984
73		0.118984
73.1		0.122512
73.2		0.122512
73.3		0.122512
73.4		0.122512
73.5		0.122512
73.6		0.122512
73.7		0.122512
73.8		0.122512
73.9		0.122512
74		0.122512
74.1		0.123394
74.2		0.123394
74.3		0.123394
74.4		0.123394
74.5		0.123394
74.6		0.123394
74.7		0.123394
74.8		0.123394
74.9		0.123394
75		0.123394
75.1		0.123688
75.2		0.123688
75.3		0.123688
75.4		0.123688
75.5		0.123688
75.6		0.123688
75.7		0.123688
75.8		0.123688
75.9		0.123688
76		0.123688
76.1		0.128223
76.2		0.128223
76.3		0.128223
76.4		0.128223
76.5		0.128223
76.6		0.128223
76.7		0.128223
76.8		0.128223
76.9		0.128223
77		0.128223
77.1		0.129903
77.2		0.129903
77.3		0.129903
77.4		0.129903
77.5		0.129903
77.6		0.129903
77.7		0.129903
77.8		0.129903
77.9		0.129903
78		0.129903
78.1		0.130407
78.2		0.130407
78.3		0.130407
78.4		0.130407
78.5		0.130407
78.6		0.130407
78.7		0.130407
78.8		0.130407
78.9		0.130407
79		0.130407
79.1		0.133767
79.2		0.133767
79.3		0.133767
79.4		0.133767
79.5		0.133767
79.6		0.133767
79.7		0.133767
79.8		0.133767
79.9		0.133767
80		0.133767
80.1		0.135657
80.2		0.135657
80.3		0.135657
80.4		0.135657
80.5		0.135657
80.6		0.135657
80.7		0.135657
80.8		0.135657
80.9		0.135657
81		0.135657
81.1		0.138681
81.2		0.138681
81.3		0.138681
81.4		0.138681
81.5		0.138681
81.6		0.138681
81.7		0.138681
81.8		0.138681
81.9		0.138681
82		0.138681
82.1		0.138807
82.2		0.138807
82.3		0.138807
82.4		0.138807
82.5		0.138807
82.6		0.138807
82.7		0.138807
82.8		0.138807
82.9		0.138807
83		0.138807
83.1		0.141453
83.2		0.141453
83.3		0.141453
83.4		0.141453
83.5		0.141453
83.6		0.141453
83.7		0.141453
83.8		0.141453
83.9		0.141453
84		0.141453
84.1		0.144603
84.2		0.144603
84.3		0.144603
84.4		0.144603
84.5		0.144603
84.6		0.144603
84.7		0.144603
84.8		0.144603
84.9		0.144603
85		0.144603
85.1		0.147207
85.2		0.147207
85.3		0.147207
85.4		0.147207
85.5		0.147207
85.6		0.147207
85.7		0.147207
85.8		0.147207
85.9		0.147207
86		0.147207
86.1		0.148761
86.2		0.148761
86.3		0.148761
86.4		0.148761
86.5		0.148761
86.6		0.148761
86.7		0.148761
86.8		0.148761
86.9		0.148761
87		0.148761
87.1		0.149475
87.2		0.149475
87.3		0.149475
87.4		0.149475
87.5		0.149475
87.6		0.149475
87.7		0.149475
87.8		0.149475
87.9		0.149475
88		0.149475
88.1		0.153339
88.2		0.153339
88.3		0.153339
88.4		0.153339
88.5		0.153339
88.6		0.153339
88.7		0.153339
88.8		0.153339
88.9		0.153339
89		0.153339
89.1		0.153423
89.2		0.153423
89.3		0.153423
89.4		0.153423
89.5		0.153423
89.6		0.153423
89.7		0.153423
89.8		0.153423
89.9		0.153423
90		0.153423
90.1		0.155355
90.2		0.155355
90.3		0.155355
90.4		0.155355
90.5		0.155355
90.6		0.155355
90.7		0.155355
90.8		0.155355
90.9		0.155355
91		0.155355
91.1		0.160479
91.2		0.160479
91.3		0.160479
91.4		0.160479
91.5		0.160479
91.6		0.160479
91.7		0.160479
91.8		0.160479
91.9		0.160479
92		0.160479
92.1		0.162033
92.2		0.162033
92.3		0.162033
92.4		0.162033
92.5		0.162033
92.6		0.162033
92.7		0.162033
92.8		0.162033
92.9		0.162033
93		0.162033
93.1		0.163335
93.2		0.163335
93.3		0.163335
93.4		0.163335
93.5		0.163335
93.6		0.163335
93.7		0.163335
93.8		0.163335
93.9		0.163335
94		0.163335
94.1		0.163545
94.2		0.163545
94.3		0.163545
94.4		0.163545
94.5		0.163545
94.6		0.163545
94.7		0.163545
94.8		0.163545
94.9		0.163545
95		0.163545
95.1		0.166149
95.2		0.166149
95.3		0.166149
95.4		0.166149
95.5		0.166149
95.6		0.166149
95.7		0.166149
95.8		0.166149
95.9		0.166149
96		0.166149
96.1		0.166863
96.2		0.166863
96.3		0.166863
96.4		0.166863
96.5		0.166863
96.6		0.166863
96.7		0.166863
96.8		0.166863
96.9		0.166863
97		0.166863
97.1		0.171105
97.2		0.171105
97.3		0.171105
97.4		0.171105
97.5		0.171105
97.6		0.171105
97.7		0.171105
97.8		0.171105
97.9		0.171105
98		0.171105
98.1		0.173877
98.2		0.173877
98.3		0.173877
98.4		0.173877
98.5		0.173877
98.6		0.173877
98.7		0.173877
98.8		0.173877
98.9		0.173877
99		0.173877
99.1		0.174339
99.2		0.174339
99.3		0.174339
99.4		0.174339
99.5		0.174339
99.6		0.174339
99.7		0.174339
99.8		0.174339
99.9		0.174339
100		0.174339
100.1		0.17564
100.2		0.17564
100.3		0.17564
100.4		0.17564
100.5		0.17564
100.6		0.17564
100.7		0.17564
100.8		0.17564
100.9		0.17564
101		0.17564
101.1		0.176774
101.2		0.176774
101.3		0.176774
101.4		0.176774
101.5		0.176774
101.6		0.176774
101.7		0.176774
101.8		0.176774
101.9		0.176774
102		0.176774
102.1		0.18089
102.2		0.18089
102.3		0.18089
102.4		0.18089
102.5		0.18089
102.6		0.18089
102.7		0.18089
102.8		0.18089
102.9		0.18089
103		0.18089
103.1		0.182864
103.2		0.182864
103.3		0.182864
103.4		0.182864
103.5		0.182864
103.6		0.182864
103.7		0.182864
103.8		0.182864
103.9		0.182864
104		0.182864
104.1		0.183746
104.2		0.183746
104.3		0.183746
104.4		0.183746
104.5		0.183746
104.6		0.183746
104.7		0.183746
104.8		0.183746
104.9		0.183746
105		0.183746
105.1		0.18467
105.2		0.18467
105.3		0.18467
105.4		0.18467
105.5		0.18467
105.6		0.18467
105.7		0.18467
105.8		0.18467
105.9		0.18467
106		0.18467
106.1		0.189122
106.2		0.189122
106.3		0.189122
106.4		0.189122
106.5		0.189122
106.6		0.189122
106.7		0.189122
106.8		0.189122
106.9		0.189122
107		0.189122
107.1		0.189962
107.2		0.189962
107.3		0.189962
107.4		0.189962
107.5		0.189962
107.6		0.189962
107.7		0.189962
107.8		0.189962
107.9		0.189962
108		0.189962
108.1		0.191516
108.2		0.191516
108.3		0.191516
108.4		0.191516
108.5		0.191516
108.6		0.191516
108.7		0.191516
108.8		0.191516
108.9		0.191516
109		0.191516
109.1		0.192314
109.2		0.192314
109.3		0.192314
109.4		0.192314
109.5		0.192314
109.6		0.192314
109.7		0.192314
109.8		0.192314
109.9		0.192314
110		0.192314
110.1		0.196136
110.2		0.196136
110.3		0.196136
110.4		0.196136
110.5		0.196136
110.6		0.196136
110.7		0.196136
110.8		0.196136
110.9		0.196136
111		0.196136
111.1		0.198866
111.2		0.198866
111.3		0.198866
111.4		0.198866
111.5		0.198866
111.6		0.198866
111.7		0.198866
111.8		0.198866
111.9		0.198866
112		0.198866
112.1		0.200798
112.2		0.200798
112.3		0.200798
112.4		0.200798
112.5		0.200798
112.6		0.200798
112.7		0.200798
112.8		0.200798
112.9		0.200798
113		0.200798
113.1		0.203024
113.2		0.203024
113.3		0.203024
113.4		0.203024
113.5		0.203024
113.6		0.203024
113.7		0.203024
113.8		0.203024
113.9		0.203024
114		0.203024
114.1		0.208316
114.2		0.208316
114.3		0.208316
114.4		0.208316
114.5		0.208316
114.6		0.208316
114.7		0.208316
114.8		0.208316
114.9		0.208316
115		0.208316
115.1		0.208652
115.2		0.208652
115.3		0.208652
115.4		0.208652
115.5		0.208652
115.6		0.208652
115.7		0.208652
115.8		0.208652
115.9		0.208652
116		0.208652
116.1		0.20882
116.2		0.20882
116.3		0.20882
116.4		0.20882
116.5		0.20882
116.6		0.20882
116.7		0.20882
116.8		0.20882
116.9		0.20882
117		0.20882
117.1		0.211298
117.2		0.211298
117.3		0.211298
117.4		0.211298
117.5		0.211298
117.6		0.211298
117.7		0.211298
117.8		0.211298
117.9		0.211298
118		0.211298
118.1		0.214406
118.2		0.214406
118.3		0.214406
118.4		0.214406
118.5		0.214406
118.6		0.214406
118.7		0.214406
118.8		0.214406
118.9		0.214406
119		0.214406
119.1		0.21911
119.2		0.21911
119.3		0.21911
119.4		0.21911
119.5		0.21911
119.6		0.21911
119.7		0.21911
119.8		0.21911
119.9		0.21911
120		0.21911
120.1		0.219236
120.2		0.219236
120.3		0.219236
120.4		0.219236
120.5		0.219236
120.6		0.219236
120.7		0.219236
120.8		0.219236
120.9		0.219236
121		0.219236
121.1		0.221714
121.2		0.221714
121.3		0.221714
121.4		0.221714
121.5		0.221714
121.6		0.221714
121.7		0.221714
121.8		0.221714
121.9		0.221714
122		0.221714
122.1		0.222428
122.2		0.222428
122.3		0.222428
122.4		0.222428
122.5		0.222428
122.6		0.222428
122.7		0.222428
122.8		0.222428
122.9		0.222428
123		0.222428
123.1		0.225661
123.2		0.225661
123.3		0.225661
123.4		0.225661
123.5		0.225661
123.6		0.225661
123.7		0.225661
123.8		0.225661
123.9		0.225661
124		0.225661
124.1		0.231163
124.2		0.231163
124.3		0.231163
124.4		0.231163
124.5		0.231163
124.6		0.231163
124.7		0.231163
124.8		0.231163
124.9		0.231163
125		0.231163
125.1		0.231415
125.2		0.231415
125.3		0.231415
125.4		0.231415
125.5		0.231415
125.6		0.231415
125.7		0.231415
125.8		0.231415
125.9		0.231415
126		0.231415
126.1		0.231751
126.2		0.231751
126.3		0.231751
126.4		0.231751
126.5		0.231751
126.6		0.231751
126.7		0.231751
126.8		0.231751
126.9		0.231751
127		0.231751
127.1		0.233179
127.2		0.233179
127.3		0.233179
127.4		0.233179
127.5		0.233179
127.6		0.233179
127.7		0.233179
127.8		0.233179
127.9		0.233179
128		0.233179
128.1		0.236539
128.2		0.236539
128.3		0.236539
128.4		0.236539
128.5		0.236539
128.6		0.236539
128.7		0.236539
128.8		0.236539
128.9		0.236539
129		0.236539
129.1		0.238303
129.2		0.238303
129.3		0.238303
129.4		0.238303
129.5		0.238303
129.6		0.238303
129.7		0.238303
129.8		0.238303
129.9		0.238303
130		0.238303
130.1		0.241159
130.2		0.241159
130.3		0.241159
130.4		0.241159
130.5		0.241159
130.6		0.241159
130.7		0.241159
130.8		0.241159
130.9		0.241159
131		0.241159
131.1		0.243091
131.2		0.243091
131.3		0.243091
131.4		0.243091
131.5		0.243091
131.6		0.243091
131.7		0.243091
131.8		0.243091
131.9		0.243091
132		0.243091
132.1		0.246661
132.2		0.246661
132.3		0.246661
132.4		0.246661
132.5		0.246661
132.6		0.246661
132.7		0.246661
132.8		0.246661
132.9		0.246661
133		0.246661
133.1		0.247501
133.2		0.247501
133.3		0.247501
133.4		0.247501
133.5		0.247501
133.6		0.247501
133.7		0.247501
133.8		0.247501
133.9		0.247501
134		0.247501
134.1		0.248299
134.2		0.248299
134.3		0.248299
134.4		0.248299
134.5		0.248299
134.6		0.248299
134.7		0.248299
134.8		0.248299
134.9		0.248299
135		0.248299
135.1		0.249979
135.2		0.249979
135.3		0.249979
135.4		0.249979
135.5		0.249979
135.6		0.249979
135.7		0.249979
135.8		0.249979
135.9		0.249979
136		0.249979
136.1		0.255271
136.2		0.255271
136.3		0.255271
136.4		0.255271
136.5		0.255271
136.6		0.255271
136.7		0.255271
136.8		0.255271
136.9		0.255271
137		0.255271
137.1		0.256783
137.2		0.256783
137.3		0.256783
137.4		0.256783
137.5		0.256783
137.6		0.256783
137.7		0.256783
137.8		0.256783
137.9		0.256783
138		0.256783
138.1		0.258505
138.2		0.258505
138.3		0.258505
138.4		0.258505
138.5		0.258505
138.6		0.258505
138.7		0.258505
138.8		0.258505
138.9		0.258505
139		0.258505
139.1		0.259009
139.2		0.259009
139.3		0.259009
139.4		0.259009
139.5		0.259009
139.6		0.259009
139.7		0.259009
139.8		0.259009
139.9		0.259009
140		0.259009
140.1		0.264847
140.2		0.264847
140.3		0.264847
140.4		0.264847
140.5		0.264847
140.6		0.264847
140.7		0.264847
140.8		0.264847
140.9		0.264847
141		0.264847
141.1		0.265267
141.2		0.265267
141.3		0.265267
141.4		0.265267
141.5		0.265267
141.6		0.265267
141.7		0.265267
141.8		0.265267
141.9		0.265267
142		0.265267
142.1		0.265771
142.2		0.265771
142.3		0.265771
142.4		0.265771
142.5		0.265771
142.6		0.265771
142.7		0.265771
142.8		0.265771
142.9		0.265771
143		0.265771
143.1		0.267199
143.2		0.267199
143.3		0.267199
143.4		0.267199
143.5		0.267199
143.6		0.267199
143.7		0.267199
143.8		0.267199
143.9		0.267199
144		0.267199
144.1		0.272533
144.2		0.272533
144.3		0.272533
144.4		0.272533
144.5		0.272533
144.6		0.272533
144.7		0.272533
144.8		0.272533
144.9		0.272533
145		0.272533
145.1		0.272743
145.2		0.272743
145.3		0.272743
145.4		0.272743
145.5		0.272743
145.6		0.272743
145.7		0.272743
145.8		0.272743
145.9		0.272743
146		0.272743
146.1		0.273919
146.2		0.273919
146.3		0.273919
146.4		0.273919
146.5		0.273919
146.6		0.273919
146.7		0.273919
146.8		0.273919
146.9		0.273919
147		0.273919
147.1		0.275724
147.2		0.275724
147.3		0.275724
147.4		0.275724
147.5		0.275724
147.6		0.275724
147.7		0.275724
147.8		0.275724
147.9		0.275724
148		0.275724
148.1		0.279756
148.2		0.279756
148.3		0.279756
148.4		0.279756
148.5		0.279756
148.6		0.279756
148.7		0.279756
148.8		0.279756
148.9		0.279756
149		0.279756
149.1		0.283074
149.2		0.283074
149.3		0.283074
149.4		0.283074
149.5		0.283074
149.6		0.283074
149.7		0.283074
149.8		0.283074
149.9		0.283074
150		0.283074
150.1		0.283998
150.2		0.283998
150.3		0.283998
150.4		0.283998
150.5		0.283998
150.6		0.283998
150.7		0.283998
150.8		0.283998
150.9		0.283998
151		0.283998
151.1		0.284376
151.2		0.284376
151.3		0.284376
151.4		0.284376
151.5		0.284376
151.6		0.284376
151.7		0.284376
151.8		0.284376
151.9		0.284376
152		0.284376
152.1		0.288408
152.2		0.288408
152.3		0.288408
152.4		0.288408
152.5		0.288408
152.6		0.288408
152.7		0.288408
152.8		0.288408
152.9		0.288408
153		0.288408
153.1		0.289962
153.2		0.289962
153.3		0.289962
153.4		0.289962
153.5		0.289962
153.6		0.289962
153.7		0.289962
153.8		0.289962
153.9		0.289962
154		0.289962
154.1		0.293112
154.2		0.293112
154.3		0.293112
154.4		0.293112
154.5		0.293112
154.6		0.293112
154.7		0.293112
154.8		0.293112
154.9		0.293112
155		0.293112
155.1		0.296598
155.2		0.296598
155.3		0.296598
155.4		0.296598
155.5		0.296598
155.6		0.296598
155.7		0.296598
155.8		0.296598
155.9		0.296598
156		0.296598
156.1		0.296934
156.2		0.296934
156.3		0.296934
156.4		0.296934
156.5		0.296934
156.6		0.296934
156.7		0.296934
156.8		0.296934
156.9		0.296934
157		0.296934
157.1		0.29769
157.2		0.29769
157.3		0.29769
157.4		0.29769
157.5		0.29769
157.6		0.29769
157.7		0.29769
157.8		0.29769
157.9		0.29769
158		0.29769
158.1		0.29958
158.2		0.29958
158.3		0.29958
158.4		0.29958
158.5		0.29958
158.6		0.29958
158.7		0.29958
158.8		0.29958
158.9		0.29958
159		0.29958
159.1		0.30231
159.2		0.30231
159.3		0.30231
159.4		0.30231
159.5		0.30231
159.6		0.30231
159.7		0.30231
159.8		0.30231
159.9		0.30231
160		0.30231
160.1		0.303192
160.2		0.303192
160.3		0.303192
160.4		0.303192
160.5		0.303192
160.6		0.303192
160.7		0.303192
160.8		0.303192
160.9		0.303192
161		0.303192
161.1		0.305208
161.2		0.305208
161.3		0.305208
161.4		0.305208
161.5		0.305208
161.6		0.305208
161.7		0.305208
161.8		0.305208
161.9		0.305208
162		0.305208
162.1		0.309492
162.2		0.309492
162.3		0.309492
162.4		0.309492
162.5		0.309492
162.6		0.309492
162.7		0.309492
162.8		0.309492
162.9		0.309492
163		0.309492
163.1		0.310164
163.2		0.310164
163.3		0.310164
163.4		0.310164
163.5		0.310164
163.6		0.310164
163.7		0.310164
163.8		0.310164
163.9		0.310164
164		0.310164
164.1		0.311172
164.2		0.311172
164.3		0.311172
164.4		0.311172
164.5		0.311172
164.6		0.311172
164.7		0.311172
164.8		0.311172
164.9		0.311172
165		0.311172
165.1		0.311802
165.2		0.311802
165.3		0.311802
165.4		0.311802
165.5		0.311802
165.6		0.311802
165.7		0.311802
165.8		0.311802
165.9		0.311802
166		0.311802
166.1		0.316548
166.2		0.316548
166.3		0.316548
166.4		0.316548
166.5		0.316548
166.6		0.316548
166.7		0.316548
166.8		0.316548
166.9		0.316548
167		0.316548
167.1		0.317976
167.2		0.317976
167.3		0.317976
167.4		0.317976
167.5		0.317976
167.6		0.317976
167.7		0.317976
167.8		0.317976
167.9		0.317976
168		0.317976
168.1		0.320622
168.2		0.320622
168.3		0.320622
168.4		0.320622
168.5		0.320622
168.6		0.320622
168.7		0.320622
168.8		0.320622
168.9		0.320622
169		0.320622
169.1		0.321126
169.2		0.321126
169.3		0.321126
169.4		0.321126
169.5		0.321126
169.6		0.321126
169.7		0.321126
169.8		0.321126
169.9		0.321126
170		0.321126
170.1		0.324696
170.2		0.324696
170.3		0.324696
170.4		0.324696
170.5		0.324696
170.6		0.324696
170.7		0.324696
170.8		0.324696
170.9		0.324696
171		0.324696
171.1		0.327635
171.2		0.327635
171.3		0.327635
171.4		0.327635
171.5		0.327635
171.6		0.327635
171.7		0.327635
171.8		0.327635
171.9		0.327635
172		0.327635
172.1		0.327971
172.2		0.327971
172.3		0.327971
172.4		0.327971
172.5		0.327971
172.6		0.327971
172.7		0.327971
172.8		0.327971
172.9		0.327971
173		0.327971
173.1		0.328349
173.2		0.328349
173.3		0.328349
173.4		0.328349
173.5		0.328349
173.6		0.328349
173.7		0.328349
173.8		0.328349
173.9		0.328349
174		0.328349
174.1		0.333305
174.2		0.333305
174.3		0.333305
174.4		0.333305
174.5		0.333305
174.6		0.333305
174.7		0.333305
174.8		0.333305
174.9		0.333305
175		0.333305
175.1		0.336203
175.2		0.336203
175.3		0.336203
175.4		0.336203
175.5		0.336203
175.6		0.336203
175.7		0.336203
175.8		0.336203
175.9		0.336203
176		0.336203
176.1		0.338387
176.2		0.338387
176.3		0.338387
176.4		0.338387
176.5		0.338387
176.6		0.338387
176.7		0.338387
176.8		0.338387
176.9		0.338387
177		0.338387
177.1		0.339983
177.2		0.339983
177.3		0.339983
177.4		0.339983
177.5		0.339983
177.6		0.339983
177.7		0.339983
177.8		0.339983
177.9		0.339983
178		0.339983
178.1		0.340907
178.2		0.340907
178.3		0.340907
178.4		0.340907
178.5		0.340907
178.6		0.340907
178.7		0.340907
178.8		0.340907
178.9		0.340907
179		0.340907
179.1		0.342839
179.2		0.342839
179.3		0.342839
179.4		0.342839
179.5		0.342839
179.6		0.342839
179.7		0.342839
179.8		0.342839
179.9		0.342839
180		0.342839
180.1		0.345905
180.2		0.345905
180.3		0.345905
180.4		0.345905
180.5		0.345905
180.6		0.345905
180.7		0.345905
180.8		0.345905
180.9		0.345905
181		0.345905
181.1		0.347333
181.2		0.347333
181.3		0.347333
181.4		0.347333
181.5		0.347333
181.6		0.347333
181.7		0.347333
181.8		0.347333
181.9		0.347333
182		0.347333
182.1		0.350399
182.2		0.350399
182.3		0.350399
182.4		0.350399
182.5		0.350399
182.6		0.350399
182.7		0.350399
182.8		0.350399
182.9		0.350399
183		0.350399
183.1		0.350567
183.2		0.350567
183.3		0.350567
183.4		0.350567
183.5		0.350567
183.6		0.350567
183.7		0.350567
183.8		0.350567
183.9		0.350567
184		0.350567
184.1		0.354767
184.2		0.354767
184.3		0.354767
184.4		0.354767
184.5		0.354767
184.6		0.354767
184.7		0.354767
184.8		0.354767
184.9		0.354767
185		0.354767
185.1		0.355229
185.2		0.355229
185.3		0.355229
185.4		0.355229
185.5		0.355229
185.6		0.355229
185.7		0.355229
185.8		0.355229
185.9		0.355229
186		0.355229
186.1		0.356741
186.2		0.356741
186.3		0.356741
186.4		0.356741
186.5		0.356741
186.6		0.356741
186.7		0.356741
186.8		0.356741
186.9		0.356741
187		0.356741
187.1		0.361613
187.2		0.361613
187.3		0.361613
187.4		0.361613
187.5		0.361613
187.6		0.361613
187.7		0.361613
187.8		0.361613
187.9		0.361613
188		0.361613
188.1		0.364259
188.2		0.364259
188.3		0.364259
188.4		0.364259
188.5		0.364259
188.6		0.364259
188.7		0.364259
188.8		0.364259
188.9		0.364259
189		0.364259
189.1		0.366611
189.2		0.366611
189.3		0.366611
189.4		0.366611
189.5		0.366611
189.6		0.366611
189.7		0.366611
189.8		0.366611
189.9		0.366611
190		0.366611
190.1		0.368207
190.2		0.368207
190.3		0.368207
190.4		0.368207
190.5		0.368207
190.6		0.368207
190.7		0.368207
190.8		0.368207
190.9		0.368207
191		0.368207
191.1		0.368291
191.2		0.368291
191.3		0.368291
191.4		0.368291
191.5		0.368291
191.6		0.368291
191.7		0.368291
191.8		0.368291
191.9		0.368291
192		0.368291
192.1		0.373373
192.2		0.373373
192.3		0.373373
192.4		0.373373
192.5		0.373373
192.6		0.373373
192.7		0.373373
192.8		0.373373
192.9		0.373373
193		0.373373
193.1		0.373793
193.2		0.373793
193.3		0.373793
193.4		0.373793
193.5		0.373793
193.6		0.373793
193.7		0.373793
193.8		0.373793
193.9		0.373793
194		0.373793
194.1		0.375304
194.2		0.375304
194.3		0.375304
194.4		0.375304
194.5		0.375304
194.6		0.375304
194.7		0.375304
194.8		0.375304
194.9		0.375304
195		0.375304
195.1		0.37627
195.2		0.37627
195.3		0.37627
195.4		0.37627
195.5		0.37627
195.6		0.37627
195.7		0.37627
195.8		0.37627
195.9		0.37627
196		0.37627
196.1		0.380386
196.2		0.380386
196.3		0.380386
196.4		0.380386
196.5		0.380386
196.6		0.380386
196.7		0.380386
196.8		0.380386
196.9		0.380386
197		0.380386
197.1		0.382528
197.2		0.382528
197.3		0.382528
197.4		0.382528
197.5		0.382528
197.6		0.382528
197.7		0.382528
197.8		0.382528
197.9		0.382528
198		0.382528
198.1		0.382654
198.2		0.382654
198.3		0.382654
198.4		0.382654
198.5		0.382654
198.6		0.382654
198.7		0.382654
198.8		0.382654
198.9		0.382654
199		0.382654
199.1		0.384376
199.2		0.384376
199.3		0.384376
199.4		0.384376
199.5		0.384376
199.6		0.384376
199.7		0.384376
199.8		0.384376
199.9		0.384376
200		0.384376
200.1		0.3895
200.2		0.3895
200.3		0.3895
200.4		0.3895
200.5		0.3895
200.6		0.3895
200.7		0.3895
200.8		0.3895
200.9		0.3895
201		0.3895
201.1		0.38971
201.2		0.38971
201.3		0.38971
201.4		0.38971
201.5		0.38971
201.6		0.38971
201.7		0.38971
201.8		0.38971
201.9		0.38971
202		0.38971
202.1		0.38971
202.2		0.38971
202.3		0.38971
202.4		0.38971
202.5		0.38971
202.6		0.38971
202.7		0.38971
202.8		0.38971
202.9		0.38971
203		0.38971
203.1		0.393406
203.2		0.393406
203.3		0.393406
203.4		0.393406
203.5		0.393406
203.6		0.393406
203.7		0.393406
203.8		0.393406
203.9		0.393406
204		0.393406
204.1		0.394876
204.2		0.394876
204.3		0.394876
204.4		0.394876
204.5		0.394876
204.6		0.394876
204.7		0.394876
204.8		0.394876
204.9		0.394876
205		0.394876
205.1		0.399496
205.2		0.399496
205.3		0.399496
205.4		0.399496
205.5		0.399496
205.6		0.399496
205.7		0.399496
205.8		0.399496
205.9		0.399496
206		0.399496
206.1		0.400084
206.2		0.400084
206.3		0.400084
206.4		0.400084
206.5		0.400084
206.6		0.400084
206.7		0.400084
206.8		0.400084
206.9		0.400084
207		0.400084
207.1		0.402436
207.2		0.402436
207.3		0.402436
207.4		0.402436
207.5		0.402436
207.6		0.402436
207.7		0.402436
207.8		0.402436
207.9		0.402436
208		0.402436
208.1		0.402772
208.2		0.402772
208.3		0.402772
208.4		0.402772
208.5		0.402772
208.6		0.402772
208.7		0.402772
208.8		0.402772
208.9		0.402772
209		0.402772
209.1		0.404578
209.2		0.404578
209.3		0.404578
209.4		0.404578
209.5		0.404578
209.6		0.404578
209.7		0.404578
209.8		0.404578
209.9		0.404578
210		0.404578
210.1		0.407644
210.2		0.407644
210.3		0.407644
210.4		0.407644
210.5		0.407644
210.6		0.407644
210.7		0.407644
210.8		0.407644
210.9		0.407644
211		0.407644
211.1		0.409786
211.2		0.409786
211.3		0.409786
211.4		0.409786
211.5		0.409786
211.6		0.409786
211.7		0.409786
211.8		0.409786
211.9		0.409786
212		0.409786
212.1		0.411214
212.2		0.411214
212.3		0.411214
212.4		0.411214
212.5		0.411214
212.6		0.411214
212.7		0.411214
212.8		0.411214
212.9		0.411214
213		0.411214
213.1		0.414616
213.2		0.414616
213.3		0.414616
213.4		0.414616
213.5		0.414616
213.6		0.414616
213.7		0.414616
213.8		0.414616
213.9		0.414616
214		0.414616
214.1		0.41617
214.2		0.41617
214.3		0.41617
214.4		0.41617
214.5		0.41617
214.6		0.41617
214.7		0.41617
214.8		0.41617
214.9		0.41617
215		0.41617
215.1		0.417892
215.2		0.417892
215.3		0.417892
215.4		0.417892
215.5		0.417892
215.6		0.417892
215.7		0.417892
215.8		0.417892
215.9		0.417892
216		0.417892
216.1		0.419488
216.2		0.419488
216.3		0.419488
216.4		0.419488
216.5		0.419488
216.6		0.419488
216.7		0.419488
216.8		0.419488
216.9		0.419488
217		0.419488
217.1		0.422806
217.2		0.422806
217.3		0.422806
217.4		0.422806
217.5		0.422806
217.6		0.422806
217.7		0.422806
217.8		0.422806
217.9		0.422806
218		0.422806
218.1		0.425031
218.2		0.425031
218.3		0.425031
218.4		0.425031
218.5		0.425031
218.6		0.425031
218.7		0.425031
218.8		0.425031
218.9		0.425031
219		0.425031
219.1		0.427047
219.2		0.427047
219.3		0.427047
219.4		0.427047
219.5		0.427047
219.6		0.427047
219.7		0.427047
219.8		0.427047
219.9		0.427047
220		0.427047
220.1		0.427257
220.2		0.427257
220.3		0.427257
220.4		0.427257
220.5		0.427257
220.6		0.427257
220.7		0.427257
220.8		0.427257
220.9		0.427257
221		0.427257
221.1		0.430239
221.2		0.430239
221.3		0.430239
221.4		0.430239
221.5		0.430239
221.6		0.430239
221.7		0.430239
221.8		0.430239
221.9		0.430239
222		0.430239
222.1		0.433599
222.2		0.433599
222.3		0.433599
222.4		0.433599
222.5		0.433599
222.6		0.433599
222.7		0.433599
222.8		0.433599
222.9		0.433599
223		0.433599
223.1		0.434565
223.2		0.434565
223.3		0.434565
223.4		0.434565
223.5		0.434565
223.6		0.434565
223.7		0.434565
223.8		0.434565
223.9		0.434565
224		0.434565
224.1		0.435993
224.2		0.435993
224.3		0.435993
224.4		0.435993
224.5		0.435993
224.6		0.435993
224.7		0.435993
224.8		0.435993
224.9		0.435993
225		0.435993
225.1		0.437841
225.2		0.437841
225.3		0.437841
225.4		0.437841
225.5		0.437841
225.6		0.437841
225.7		0.437841
225.8		0.437841
225.9		0.437841
226		0.437841
226.1		0.442671
226.2		0.442671
226.3		0.442671
226.4		0.442671
226.5		0.442671
226.6		0.442671
226.7		0.442671
226.8		0.442671
226.9		0.442671
227		0.442671
227.1		0.443679
227.2		0.443679
227.3		0.443679
227.4		0.443679
227.5		0.443679
227.6		0.443679
227.7		0.443679
227.8		0.443679
227.9		0.443679
228		0.443679
228.1		0.443973
228.2		0.443973
228.3		0.443973
228.4		0.443973
228.5		0.443973
228.6		0.443973
228.7		0.443973
228.8		0.443973
228.9		0.443973
229		0.443973
229.1		0.447123
229.2		0.447123
229.3		0.447123
229.4		0.447123
229.5		0.447123
229.6		0.447123
229.7		0.447123
229.8		0.447123
229.9		0.447123
230		0.447123
230.1		0.452289
230.2		0.452289
230.3		0.452289
230.4		0.452289
230.5		0.452289
230.6		0.452289
230.7		0.452289
230.8		0.452289
230.9		0.452289
231		0.452289
231.1		0.452877
231.2		0.452877
231.3		0.452877
231.4		0.452877
231.5		0.452877
231.6		0.452877
231.7		0.452877
231.8		0.452877
231.9		0.452877
232		0.452877
232.1		0.454557
232.2		0.454557
232.3		0.454557
232.4		0.454557
232.5		0.454557
232.6		0.454557
232.7		0.454557
232.8		0.454557
232.9		0.454557
233		0.454557
233.1		0.456405
233.2		0.456405
233.3		0.456405
233.4		0.456405
233.5		0.456405
233.6		0.456405
233.7		0.456405
233.8		0.456405
233.9		0.456405
234		0.456405
234.1		0.459891
234.2		0.459891
234.3		0.459891
234.4		0.459891
234.5		0.459891
234.6		0.459891
234.7		0.459891
234.8		0.459891
234.9		0.459891
235		0.459891
235.1		0.462873
235.2		0.462873
235.3		0.462873
235.4		0.462873
235.5		0.462873
235.6		0.462873
235.7		0.462873
235.8		0.462873
235.9		0.462873
236		0.462873
236.1		0.464133
236.2		0.464133
236.3		0.464133
236.4		0.464133
236.5		0.464133
236.6		0.464133
236.7		0.464133
236.8		0.464133
236.9		0.464133
237		0.464133
237.1		0.464385
237.2		0.464385
237.3		0.464385
237.4		0.464385
237.5		0.464385
237.6		0.464385
237.7		0.464385
237.8		0.464385
237.9		0.464385
238		0.464385
238.1		0.467703
238.2		0.467703
238.3		0.467703
238.4		0.467703
238.5		0.467703
238.6		0.467703
238.7		0.467703
238.8		0.467703
238.9		0.467703
239		0.467703
239.1		0.469971
239.2		0.469971
239.3		0.469971
239.4		0.469971
239.5		0.469971
239.6		0.469971
239.7		0.469971
239.8		0.469971
239.9		0.469971
240		0.469971
240.1		0.470559
240.2		0.470559
240.3		0.470559
240.4		0.470559
240.5		0.470559
240.6		0.470559
240.7		0.470559
240.8		0.470559
240.9		0.470559
241		0.470559
241.1		0.472239
241.2		0.472239
241.3		0.472239
241.4		0.472239
241.5		0.472239
241.6		0.472239
241.7		0.472239
241.8		0.472239
241.9		0.472239
242		0.472239
242.1		0.475388
242.2		0.475388
242.3		0.475388
242.4		0.475388
242.5		0.475388
242.6		0.475388
242.7		0.475388
242.8		0.475388
242.9		0.475388
243		0.475388
243.1		0.478748
243.2		0.478748
243.3		0.478748
243.4		0.478748
243.5		0.478748
243.6		0.478748
243.7		0.478748
243.8		0.478748
243.9		0.478748
244		0.478748
244.1		0.479042
244.2		0.479042
244.3		0.479042
244.4		0.479042
244.5		0.479042
244.6		0.479042
244.7		0.479042
244.8		0.479042
244.9		0.479042
245		0.479042
245.1		0.480638
245.2		0.480638
245.3		0.480638
245.4		0.480638
245.5		0.480638
245.6		0.480638
245.7		0.480638
245.8		0.480638
245.9		0.480638
246		0.480638
246.1		0.481646
246.2		0.481646
246.3		0.481646
246.4		0.481646
246.5		0.481646
246.6		0.481646
246.7		0.481646
246.8		0.481646
246.9		0.481646
247		0.481646
247.1		0.48614
247.2		0.48614
247.3		0.48614
247.4		0.48614
247.5		0.48614
247.6		0.48614
247.7		0.48614
247.8		0.48614
247.9		0.48614
248		0.48614
248.1		0.488492
248.2		0.488492
248.3		0.488492
248.4		0.488492
248.5		0.488492
248.6		0.488492
248.7		0.488492
248.8		0.488492
248.9		0.488492
249		0.488492
249.1		0.489668
249.2		0.489668
249.3		0.489668
249.4		0.489668
249.5		0.489668
249.6		0.489668
249.7		0.489668
249.8		0.489668
249.9		0.489668
250		0.489668
250.1		0.490592
250.2		0.490592
250.3		0.490592
250.4		0.490592
250.5		0.490592
250.6		0.490592
250.7		0.490592
250.8		0.490592
250.9		0.490592
251		0.490592
251.1		0.492314
251.2		0.492314
251.3		0.492314
251.4		0.492314
251.5		0.492314
251.6		0.492314
251.7		0.492314
251.8		0.492314
251.9		0.492314
252		0.492314
252.1		0.496766
252.2		0.496766
252.3		0.496766
252.4		0.496766
252.5		0.496766
252.6		0.496766
252.7		0.496766
252.8		0.496766
252.9		0.496766
253		0.496766
253.1		0.499118
253.2		0.499118
253.3		0.499118
253.4		0.499118
253.5		0.499118
253.6		0.499118
253.7		0.499118
253.8		0.499118
253.9		0.499118
254		0.499118
254.1		0.502394
254.2		0.502394
254.3		0.502394
254.4		0.502394
254.5		0.502394
254.6		0.502394
254.7		0.502394
254.8		0.502394
254.9		0.502394
255		0.502394
255.1		0.502898
255.2		0.502898
255.3		0.502898
255.4		0.502898
255.5		0.502898
255.6		0.502898
255.7		0.502898
255.8		0.502898
255.9		0.502898
256		0.502898
256.1		0.507056
256.2		0.507056
256.3		0.507056
256.4		0.507056
256.5		0.507056
256.6		0.507056
256.7		0.507056
256.8		0.507056
256.9		0.507056
257		0.507056
257.1		0.50777
257.2		0.50777
257.3		0.50777
257.4		0.50777
257.5		0.50777
257.6		0.50777
257.7		0.50777
257.8		0.50777
257.9		0.50777
258		0.50777
258.1		0.509114
258.2		0.509114
258.3		0.509114
258.4		0.509114
258.5		0.509114
258.6		0.509114
258.7		0.509114
258.8		0.509114
258.9		0.509114
259		0.509114
259.1		0.511424
259.2		0.511424
259.3		0.511424
259.4		0.511424
259.5		0.511424
259.6		0.511424
259.7		0.511424
259.8		0.511424
259.9		0.511424
260		0.511424
260.1		0.512852
260.2		0.512852
260.3		0.512852
260.4		0.512852
260.5		0.512852
260.6		0.512852
260.7		0.512852
260.8		0.512852
260.9		0.512852
261		0.512852
261.1		0.513986
261.2		0.513986
261.3		0.513986
261.4		0.513986
261.5		0.513986
261.6		0.513986
261.7		0.513986
261.8		0.513986
261.9		0.513986
262		0.513986
262.1		0.518648
262.2		0.518648
262.3		0.518648
262.4		0.518648
262.5		0.518648
262.6		0.518648
262.7		0.518648
262.8		0.518648
262.9		0.518648
263		0.518648
263.1		0.519362
263.2		0.519362
263.3		0.519362
263.4		0.519362
263.5		0.519362
263.6		0.519362
263.7		0.519362
263.8		0.519362
263.9		0.519362
264		0.519362
264.1		0.521756
264.2		0.521756
264.3		0.521756
264.4		0.521756
264.5		0.521756
264.6		0.521756
264.7		0.521756
264.8		0.521756
264.9		0.521756
265		0.521756
265.1		0.523226
265.2		0.523226
265.3		0.523226
265.4		0.523226
265.5		0.523226
265.6		0.523226
265.7		0.523226
265.8		0.523226
265.9		0.523226
266		0.523226
266.1		0.523688
266.2		0.523688
266.3		0.523688
266.4		0.523688
266.5		0.523688
266.6		0.523688
266.7		0.523688
266.8		0.523688
266.9		0.523688
267		0.523688
267.1		0.525241
267.2		0.525241
267.3		0.525241
267.4		0.525241
267.5		0.525241
267.6		0.525241
267.7		0.525241
267.8		0.525241
267.9		0.525241
268		0.525241
268.1		0.529189
268.2		0.529189
268.3		0.529189
268.4		0.529189
268.5		0.529189
268.6		0.529189
268.7		0.529189
268.8		0.529189
268.9		0.529189
269		0.529189
269.1		0.532549
269.2		0.532549
269.3		0.532549
269.4		0.532549
269.5		0.532549
269.6		0.532549
269.7		0.532549
269.8		0.532549
269.9		0.532549
270		0.532549
270.1		0.533389
270.2		0.533389
270.3		0.533389
270.4		0.533389
270.5		0.533389
270.6		0.533389
270.7		0.533389
270.8		0.533389
270.9		0.533389
271		0.533389
271.1		0.537001
271.2		0.537001
271.3		0.537001
271.4		0.537001
271.5		0.537001
271.6		0.537001
271.7		0.537001
271.8		0.537001
271.9		0.537001
272		0.537001
272.1		0.537379
272.2		0.537379
272.3		0.537379
272.4		0.537379
272.5		0.537379
272.6		0.537379
272.7		0.537379
272.8		0.537379
272.9		0.537379
273		0.537379
273.1		0.540571
273.2		0.540571
273.3		0.540571
273.4		0.540571
273.5		0.540571
273.6		0.540571
273.7		0.540571
273.8		0.540571
273.9		0.540571
274		0.540571
274.1		0.543973
274.2		0.543973
274.3		0.543973
274.4		0.543973
274.5		0.543973
274.6		0.543973
274.7		0.543973
274.8		0.543973
274.9		0.543973
275		0.543973
275.1		0.544057
275.2		0.544057
275.3		0.544057
275.4		0.544057
275.5		0.544057
275.6		0.544057
275.7		0.544057
275.8		0.544057
275.9		0.544057
276		0.544057
276.1		0.545905
276.2		0.545905
276.3		0.545905
276.4		0.545905
276.5		0.545905
276.6		0.545905
276.7		0.545905
276.8		0.545905
276.9		0.545905
277		0.545905
277.1		0.550441
277.2		0.550441
277.3		0.550441
277.4		0.550441
277.5		0.550441
277.6		0.550441
277.7		0.550441
277.8		0.550441
277.9		0.550441
278		0.550441
278.1		0.554431
278.2		0.554431
278.3		0.554431
278.4		0.554431
278.5		0.554431
278.6		0.554431
278.7		0.554431
278.8		0.554431
278.9		0.554431
279		0.554431
279.1		0.554599
279.2		0.554599
279.3		0.554599
279.4		0.554599
279.5		0.554599
279.6		0.554599
279.7		0.554599
279.8		0.554599
279.9		0.554599
280		0.554599
280.1		0.554809
280.2		0.554809
280.3		0.554809
280.4		0.554809
280.5		0.554809
280.6		0.554809
280.7		0.554809
280.8		0.554809
280.9		0.554809
281		0.554809
281.1		0.556489
281.2		0.556489
281.3		0.556489
281.4		0.556489
281.5		0.556489
281.6		0.556489
281.7		0.556489
281.8		0.556489
281.9		0.556489
282		0.556489
282.1		0.562117
282.2		0.562117
282.3		0.562117
282.4		0.562117
282.5		0.562117
282.6		0.562117
282.7		0.562117
282.8		0.562117
282.9		0.562117
283		0.562117
283.1		0.564427
283.2		0.564427
283.3		0.564427
283.4		0.564427
283.5		0.564427
283.6		0.564427
283.7		0.564427
283.8		0.564427
283.9		0.564427
284		0.564427
284.1		0.564637
284.2		0.564637
284.3		0.564637
284.4		0.564637
284.5		0.564637
284.6		0.564637
284.7		0.564637
284.8		0.564637
284.9		0.564637
285		0.564637
285.1		0.570013
285.2		0.570013
285.3		0.570013
285.4		0.570013
285.5		0.570013
285.6		0.570013
285.7		0.570013
285.8		0.570013
285.9		0.570013
286		0.570013
286.1		0.570265
286.2		0.570265
286.3		0.570265
286.4		0.570265
286.5		0.570265
286.6		0.570265
286.7		0.570265
286.8		0.570265
286.9		0.570265
287		0.570265
287.1		0.571735
287.2		0.571735
287.3		0.571735
287.4		0.571735
287.5		0.571735
287.6		0.571735
287.7		0.571735
287.8		0.571735
287.9		0.571735
288		0.571735
288.1		0.575388
288.2		0.575388
288.3		0.575388
288.4		0.575388
288.5		0.575388
288.6		0.575388
288.7		0.575388
288.8		0.575388
288.9		0.575388
289		0.575388
289.1		0.579924
289.2		0.579924
289.3		0.579924
289.4		0.579924
289.5		0.579924
289.6		0.579924
289.7		0.579924
289.8		0.579924
289.9		0.579924
290		0.579924
290.1		0.581142
290.2		0.581142
290.3		0.581142
290.4		0.581142
290.5		0.581142
290.6		0.581142
290.7		0.581142
290.8		0.581142
290.9		0.581142
291		0.581142
291.1		0.581646
291.2		0.581646
291.3		0.581646
291.4		0.581646
291.5		0.581646
291.6		0.581646
291.7		0.581646
291.8		0.581646
291.9		0.581646
292		0.581646
292.1		0.583074
292.2		0.583074
292.3		0.583074
292.4		0.583074
292.5		0.583074
292.6		0.583074
292.7		0.583074
292.8		0.583074
292.9		0.583074
293		0.583074
293.1		0.586686
293.2		0.586686
293.3		0.586686
293.4		0.586686
293.5		0.586686
293.6		0.586686
293.7		0.586686
293.8		0.586686
293.9		0.586686
294		0.586686
294.1		0.589164
294.2		0.589164
294.3		0.589164
294.4		0.589164
294.5		0.589164
294.6		0.589164
294.7		0.589164
294.8		0.589164
294.9		0.589164
295		0.589164
295.1		0.592608
295.2		0.592608
295.3		0.592608
295.4		0.592608
295.5		0.592608
295.6		0.592608
295.7		0.592608
295.8		0.592608
295.9		0.592608
296		0.592608
296.1		0.594204
296.2		0.594204
296.3		0.594204
296.4		0.594204
296.5		0.594204
296.6		0.594204
296.7		0.594204
296.8		0.594204
296.9		0.594204
297		0.594204
297.1		0.595044
297.2		0.595044
297.3		0.595044
297.4		0.595044
297.5		0.595044
297.6		0.595044
297.7		0.595044
297.8		0.595044
297.9		0.595044
298		0.595044
298.1		0.599202
298.2		0.599202
298.3		0.599202
298.4		0.599202
298.5		0.599202
298.6		0.599202
298.7		0.599202
298.8		0.599202
298.9		0.599202
299		0.599202
299.1		0.603822
299.2		0.603822
299.3		0.603822
299.4		0.603822
299.5		0.603822
299.6		0.603822
299.7		0.603822
299.8		0.603822
299.9		0.603822
300		0.603822
300.1		0.605586
300.2		0.605586
300.3		0.605586
300.4		0.605586
300.5		0.605586
300.6		0.605586
300.7		0.605586
300.8		0.605586
300.9		0.605586
301		0.605586
301.1		0.606258
301.2		0.606258
301.3		0.606258
301.4		0.606258
301.5		0.606258
301.6		0.606258
301.7		0.606258
301.8		0.606258
301.9		0.606258
302		0.606258
302.1		0.612096
302.2		0.612096
302.3		0.612096
302.4		0.612096
302.5		0.612096
302.6		0.612096
302.7		0.612096
302.8		0.612096
302.9		0.612096
303		0.612096
303.1		0.613944
303.2		0.613944
303.3		0.613944
303.4		0.613944
303.5		0.613944
303.6		0.613944
303.7		0.613944
303.8		0.613944
303.9		0.613944
304		0.613944
304.1		0.614742
304.2		0.614742
304.3		0.614742
304.4		0.614742
304.5		0.614742
304.6		0.614742
304.7		0.614742
304.8		0.614742
304.9		0.614742
305		0.614742
305.1		0.618228
305.2		0.618228
305.3		0.618228
305.4		0.618228
305.5		0.618228
305.6		0.618228
305.7		0.618228
305.8		0.618228
305.9		0.618228
306		0.618228
306.1		0.618648
306.2		0.618648
306.3		0.618648
306.4		0.618648
306.5		0.618648
306.6		0.618648
306.7		0.618648
306.8		0.618648
306.9		0.618648
307		0.618648
307.1		0.620244
307.2		0.620244
307.3		0.620244
307.4		0.620244
307.5		0.620244
307.6		0.620244
307.7		0.620244
307.8		0.620244
307.9		0.620244
308		0.620244
308.1		0.62499
308.2		0.62499
308.3		0.62499
308.4		0.62499
308.5		0.62499
308.6		0.62499
308.7		0.62499
308.8		0.62499
308.9		0.62499
309		0.62499
309.1		0.625367
309.2		0.625367
309.3		0.625367
309.4		0.625367
309.5		0.625367
309.6		0.625367
309.7		0.625367
309.8		0.625367
309.9		0.625367
310		0.625367
310.1		0.627467
310.2		0.627467
310.3		0.627467
310.4		0.627467
310.5		0.627467
310.6		0.627467
310.7		0.627467
310.8		0.627467
310.9		0.627467
311		0.627467
311.1		0.629063
311.2		0.629063
311.3		0.629063
311.4		0.629063
311.5		0.629063
311.6		0.629063
311.7		0.629063
311.8		0.629063
311.9		0.629063
312		0.629063
312.1		0.631877
312.2		0.631877
312.3		0.631877
312.4		0.631877
312.5		0.631877
312.6		0.631877
312.7		0.631877
312.8		0.631877
312.9		0.631877
313		0.631877
313.1		0.635405
313.2		0.635405
313.3		0.635405
313.4		0.635405
313.5		0.635405
313.6		0.635405
313.7		0.635405
313.8		0.635405
313.9		0.635405
314		0.635405
314.1		0.636203
314.2		0.636203
314.3		0.636203
314.4		0.636203
314.5		0.636203
314.6		0.636203
314.7		0.636203
314.8		0.636203
314.9		0.636203
315		0.636203
315.1		0.638555
315.2		0.638555
315.3		0.638555
315.4		0.638555
315.5		0.638555
315.6		0.638555
315.7		0.638555
315.8		0.638555
315.9		0.638555
316		0.638555
316.1		0.640949
316.2		0.640949
316.3		0.640949
316.4		0.640949
316.5		0.640949
316.6		0.640949
316.7		0.640949
316.8		0.640949
316.9		0.640949
317		0.640949
317.1		0.643385
317.2		0.643385
317.3		0.643385
317.4		0.643385
317.5		0.643385
317.6		0.643385
317.7		0.643385
317.8		0.643385
317.9		0.643385
318		0.643385
318.1		0.644225
318.2		0.644225
318.3		0.644225
318.4		0.644225
318.5		0.644225
318.6		0.644225
318.7		0.644225
318.8		0.644225
318.9		0.644225
319		0.644225
319.1		0.645695
319.2		0.645695
319.3		0.645695
319.4		0.645695
319.5		0.645695
319.6		0.645695
319.7		0.645695
319.8		0.645695
319.9		0.645695
320		0.645695
320.1		0.649601
320.2		0.649601
320.3		0.649601
320.4		0.649601
320.5		0.649601
320.6		0.649601
320.7		0.649601
320.8		0.649601
320.9		0.649601
321		0.649601
321.1		0.650567
321.2		0.650567
321.3		0.650567
321.4		0.650567
321.5		0.650567
321.6		0.650567
321.7		0.650567
321.8		0.650567
321.9		0.650567
322		0.650567
322.1		0.652163
322.2		0.652163
322.3		0.652163
322.4		0.652163
322.5		0.652163
322.6		0.652163
322.7		0.652163
322.8		0.652163
322.9		0.652163
323		0.652163
323.1		0.653969
323.2		0.653969
323.3		0.653969
323.4		0.653969
323.5		0.653969
323.6		0.653969
323.7		0.653969
323.8		0.653969
323.9		0.653969
324		0.653969
324.1		0.655439
324.2		0.655439
324.3		0.655439
324.4		0.655439
324.5		0.655439
324.6		0.655439
324.7		0.655439
324.8		0.655439
324.9		0.655439
325		0.655439
325.1		0.657833
325.2		0.657833
325.3		0.657833
325.4		0.657833
325.5		0.657833
325.6		0.657833
325.7		0.657833
325.8		0.657833
325.9		0.657833
326		0.657833
326.1		0.660017
326.2		0.660017
326.3		0.660017
326.4		0.660017
326.5		0.660017
326.6		0.660017
326.7		0.660017
326.8		0.660017
326.9		0.660017
327		0.660017
327.1		0.661235
327.2		0.661235
327.3		0.661235
327.4		0.661235
327.5		0.661235
327.6		0.661235
327.7		0.661235
327.8		0.661235
327.9		0.661235
328		0.661235
328.1		0.667409
328.2		0.667409
328.3		0.667409
328.4		0.667409
328.5		0.667409
328.6		0.667409
328.7		0.667409
328.8		0.667409
328.9		0.667409
329		0.667409
329.1		0.667661
329.2		0.667661
329.3		0.667661
329.4		0.667661
329.5		0.667661
329.6		0.667661
329.7		0.667661
329.8		0.667661
329.9		0.667661
330		0.667661
330.1		0.667871
330.2		0.667871
330.3		0.667871
330.4		0.667871
330.5		0.667871
330.6		0.667871
330.7		0.667871
330.8		0.667871
330.9		0.667871
331		0.667871
331.1		0.671525
331.2		0.671525
331.3		0.671525
331.4		0.671525
331.5		0.671525
331.6		0.671525
331.7		0.671525
331.8		0.671525
331.9		0.671525
332		0.671525
332.1		0.676606
332.2		0.676606
332.3		0.676606
332.4		0.676606
332.5		0.676606
332.6		0.676606
332.7		0.676606
332.8		0.676606
332.9		0.676606
333		0.676606
333.1		0.677362
333.2		0.677362
333.3		0.677362
333.4		0.677362
333.5		0.677362
333.6		0.677362
333.7		0.677362
333.8		0.677362
333.9		0.677362
334		0.677362
334.1		0.67837
334.2		0.67837
334.3		0.67837
334.4		0.67837
334.5		0.67837
334.6		0.67837
334.7		0.67837
334.8		0.67837
334.9		0.67837
335		0.67837
335.1		0.679294
335.2		0.679294
335.3		0.679294
335.4		0.679294
335.5		0.679294
335.6		0.679294
335.7		0.679294
335.8		0.679294
335.9		0.679294
336		0.679294
336.1		0.682024
336.2		0.682024
336.3		0.682024
336.4		0.682024
336.5		0.682024
336.6		0.682024
336.7		0.682024
336.8		0.682024
336.9		0.682024
337		0.682024
337.1		0.68593
337.2		0.68593
337.3		0.68593
337.4		0.68593
337.5		0.68593
337.6		0.68593
337.7		0.68593
337.8		0.68593
337.9		0.68593
338		0.68593
338.1		0.689332
338.2		0.689332
338.3		0.689332
338.4		0.689332
338.5		0.689332
338.6		0.689332
338.7		0.689332
338.8		0.689332
338.9		0.689332
339		0.689332
339.1		0.68971
339.2		0.68971
339.3		0.68971
339.4		0.68971
339.5		0.68971
339.6		0.68971
339.7		0.68971
339.8		0.68971
339.9		0.68971
340		0.68971
340.1		0.692608
340.2		0.692608
340.3		0.692608
340.4		0.692608
340.5		0.692608
340.6		0.692608
340.7		0.692608
340.8		0.692608
340.9		0.692608
341		0.692608
341.1		0.696976
341.2		0.696976
341.3		0.696976
341.4		0.696976
341.5		0.696976
341.6		0.696976
341.7		0.696976
341.8		0.696976
341.9		0.696976
342		0.696976
342.1		0.699664
342.2		0.699664
342.3		0.699664
342.4		0.699664
342.5		0.699664
342.6		0.699664
342.7		0.699664
342.8		0.699664
342.9		0.699664
343		0.699664
343.1		0.699958
343.2		0.699958
343.3		0.699958
343.4		0.699958
343.5		0.699958
343.6		0.699958
343.7		0.699958
343.8		0.699958
343.9		0.699958
344		0.699958
344.1		0.703822
344.2		0.703822
344.3		0.703822
344.4		0.703822
344.5		0.703822
344.6		0.703822
344.7		0.703822
344.8		0.703822
344.9		0.703822
345		0.703822
345.1		0.704452
345.2		0.704452
345.3		0.704452
345.4		0.704452
345.5		0.704452
345.6		0.704452
345.7		0.704452
345.8		0.704452
345.9		0.704452
346		0.704452
346.1		0.707686
346.2		0.707686
346.3		0.707686
346.4		0.707686
346.5		0.707686
346.6		0.707686
346.7		0.707686
346.8		0.707686
346.9		0.707686
347		0.707686
347.1		0.71113
347.2		0.71113
347.3		0.71113
347.4		0.71113
347.5		0.71113
347.6		0.71113
347.7		0.71113
347.8		0.71113
347.9		0.71113
348		0.71113
348.1		0.711802
348.2		0.711802
348.3		0.711802
348.4		0.711802
348.5		0.711802
348.6		0.711802
348.7		0.711802
348.8		0.711802
348.9		0.711802
349		0.711802
349.1		0.712306
349.2		0.712306
349.3		0.712306
349.4		0.712306
349.5		0.712306
349.6		0.712306
349.7		0.712306
349.8		0.712306
349.9		0.712306
350		0.712306
350.1		0.715288
350.2		0.715288
350.3		0.715288
350.4		0.715288
350.5		0.715288
350.6		0.715288
350.7		0.715288
350.8		0.715288
350.9		0.715288
351		0.715288
351.1		0.715876
351.2		0.715876
351.3		0.715876
351.4		0.715876
351.5		0.715876
351.6		0.715876
351.7		0.715876
351.8		0.715876
351.9		0.715876
352		0.715876
352.1		0.720076
352.2		0.720076
352.3		0.720076
352.4		0.720076
352.5		0.720076
352.6		0.720076
352.7		0.720076
352.8		0.720076
352.9		0.720076
353		0.720076
353.1		0.723352
353.2		0.723352
353.3		0.723352
353.4		0.723352
353.5		0.723352
353.6		0.723352
353.7		0.723352
353.8		0.723352
353.9		0.723352
354		0.723352
354.1		0.724066
354.2		0.724066
354.3		0.724066
354.4		0.724066
354.5		0.724066
354.6		0.724066
354.7		0.724066
354.8		0.724066
354.9		0.724066
355		0.724066
355.1		0.726249
355.2		0.726249
355.3		0.726249
355.4		0.726249
355.5		0.726249
355.6		0.726249
355.7		0.726249
355.8		0.726249
355.9		0.726249
356		0.726249
356.1		0.729609
356.2		0.729609
356.3		0.729609
356.4		0.729609
356.5		0.729609
356.6		0.729609
356.7		0.729609
356.8		0.729609
356.9		0.729609
357		0.729609
357.1		0.733641
357.2		0.733641
357.3		0.733641
357.4		0.733641
357.5		0.733641
357.6		0.733641
357.7		0.733641
357.8		0.733641
357.9		0.733641
358		0.733641
358.1		0.733935
358.2		0.733935
358.3		0.733935
358.4		0.733935
358.5		0.733935
358.6		0.733935
358.7		0.733935
358.8		0.733935
358.9		0.733935
359		0.733935
359.1		0.735741
359.2		0.735741
359.3		0.735741
359.4		0.735741
359.5		0.735741
359.6		0.735741
359.7		0.735741
359.8		0.735741
359.9		0.735741
360		0.735741
360.1		0.740991
360.2		0.740991
360.3		0.740991
360.4		0.740991
360.5		0.740991
360.6		0.740991
360.7		0.740991
360.8		0.740991
360.9		0.740991
361		0.740991
361.1		0.742419
361.2		0.742419
361.3		0.742419
361.4		0.742419
361.5		0.742419
361.6		0.742419
361.7		0.742419
361.8		0.742419
361.9		0.742419
362		0.742419
362.1		0.744309
362.2		0.744309
362.3		0.744309
362.4		0.744309
362.5		0.744309
362.6		0.744309
362.7		0.744309
362.8		0.744309
362.9		0.744309
363		0.744309
363.1		0.745191
363.2		0.745191
363.3		0.745191
363.4		0.745191
363.5		0.745191
363.6		0.745191
363.7		0.745191
363.8		0.745191
363.9		0.745191
364		0.745191
364.1		0.747543
364.2		0.747543
364.3		0.747543
364.4		0.747543
364.5		0.747543
364.6		0.747543
364.7		0.747543
364.8		0.747543
364.9		0.747543
365		0.747543
365.1		0.749265
365.2		0.749265
365.3		0.749265
365.4		0.749265
365.5		0.749265
365.6		0.749265
365.7		0.749265
365.8		0.749265
365.9		0.749265
366		0.749265
366.1		0.752121
366.2		0.752121
366.3		0.752121
366.4		0.752121
366.5		0.752121
366.6		0.752121
366.7		0.752121
366.8		0.752121
366.9		0.752121
367		0.752121
367.1		0.753255
367.2		0.753255
367.3		0.753255
367.4		0.753255
367.5		0.753255
367.6		0.753255
367.7		0.753255
367.8		0.753255
367.9		0.753255
368		0.753255
368.1		0.758379
368.2		0.758379
368.3		0.758379
368.4		0.758379
368.5		0.758379
368.6		0.758379
368.7		0.758379
368.8		0.758379
368.9		0.758379
369		0.758379
369.1		0.758589
369.2		0.758589
369.3		0.758589
369.4		0.758589
369.5		0.758589
369.6		0.758589
369.7		0.758589
369.8		0.758589
369.9		0.758589
370		0.758589
370.1		0.758673
370.2		0.758673
370.3		0.758673
370.4		0.758673
370.5		0.758673
370.6		0.758673
370.7		0.758673
370.8		0.758673
370.9		0.758673
371		0.758673
371.1		0.761277
371.2		0.761277
371.3		0.761277
371.4		0.761277
371.5		0.761277
371.6		0.761277
371.7		0.761277
371.8		0.761277
371.9		0.761277
372		0.761277
372.1		0.765435
372.2		0.765435
372.3		0.765435
372.4		0.765435
372.5		0.765435
372.6		0.765435
372.7		0.765435
372.8		0.765435
372.9		0.765435
373		0.765435
373.1		0.768501
373.2		0.768501
373.3		0.768501
373.4		0.768501
373.5		0.768501
373.6		0.768501
373.7		0.768501
373.8		0.768501
373.9		0.768501
374		0.768501
374.1		0.769971
374.2		0.769971
374.3		0.769971
374.4		0.769971
374.5		0.769971
374.6		0.769971
374.7		0.769971
374.8		0.769971
374.9		0.769971
375		0.769971
375.1		0.771399
375.2		0.771399
375.3		0.771399
375.4		0.771399
375.5		0.771399
375.6		0.771399
375.7		0.771399
375.8		0.771399
375.9		0.771399
376		0.771399
376.1		0.773289
376.2		0.773289
376.3		0.773289
376.4		0.773289
376.5		0.773289
376.6		0.773289
376.7		0.773289
376.8		0.773289
376.9		0.773289
377		0.773289
377.1		0.77585
377.2		0.77585
377.3		0.77585
377.4		0.77585
377.5		0.77585
377.6		0.77585
377.7		0.77585
377.8		0.77585
377.9		0.77585
378		0.77585
378.1		0.777866
378.2		0.777866
378.3		0.777866
378.4		0.777866
378.5		0.777866
378.6		0.777866
378.7		0.777866
378.8		0.777866
378.9		0.777866
379		0.777866
379.1		0.778706
379.2		0.778706
379.3		0.778706
379.4		0.778706
379.5		0.778706
379.6		0.778706
379.7		0.778706
379.8		0.778706
379.9		0.778706
380		0.778706
380.1		0.782066
380.2		0.782066
380.3		0.782066
380.4		0.782066
380.5		0.782066
380.6		0.782066
380.7		0.782066
380.8		0.782066
380.9		0.782066
381		0.782066
381.1		0.783956
381.2		0.783956
381.3		0.783956
381.4		0.783956
381.5		0.783956
381.6		0.783956
381.7		0.783956
381.8		0.783956
381.9		0.783956
382		0.783956
382.1		0.786182
382.2		0.786182
382.3		0.786182
382.4		0.786182
382.5		0.786182
382.6		0.786182
382.7		0.786182
382.8		0.786182
382.9		0.786182
383		0.786182
383.1		0.786644
383.2		0.786644
383.3		0.786644
383.4		0.786644
383.5		0.786644
383.6		0.786644
383.7		0.786644
383.8		0.786644
383.9		0.786644
384		0.786644
384.1		0.786938
384.2		0.786938
384.3		0.786938
384.4		0.786938
384.5		0.786938
384.6		0.786938
384.7		0.786938
384.8		0.786938
384.9		0.786938
385		0.786938
385.1		0.788492
385.2		0.788492
385.3		0.788492
385.4		0.788492
385.5		0.788492
385.6		0.788492
385.7		0.788492
385.8		0.788492
385.9		0.788492
386		0.788492
386.1		0.792482
386.2		0.792482
386.3		0.792482
386.4		0.792482
386.5		0.792482
386.6		0.792482
386.7		0.792482
386.8		0.792482
386.9		0.792482
387		0.792482
387.1		0.79286
387.2		0.79286
387.3		0.79286
387.4		0.79286
387.5		0.79286
387.6		0.79286
387.7		0.79286
387.8		0.79286
387.9		0.79286
388		0.79286
388.1		0.795338
388.2		0.795338
388.3		0.795338
388.4		0.795338
388.5		0.795338
388.6		0.795338
388.7		0.795338
388.8		0.795338
388.9		0.795338
389		0.795338
389.1		0.798068
389.2		0.798068
389.3		0.798068
389.4		0.798068
389.5		0.798068
389.6		0.798068
389.7		0.798068
389.8		0.798068
389.9		0.798068
390		0.798068
390.1		0.801764
390.2		0.801764
390.3		0.801764
390.4		0.801764
390.5		0.801764
390.6		0.801764
390.7		0.801764
390.8		0.801764
390.9		0.801764
391		0.801764
391.1		0.80189
391.2		0.80189
391.3		0.80189
391.4		0.80189
391.5		0.80189
391.6		0.80189
391.7		0.80189
391.8		0.80189
391.9		0.80189
392		0.80189
392.1		0.802142
392.2		0.802142
392.3		0.802142
392.4		0.802142
392.5		0.802142
392.6		0.802142
392.7		0.802142
392.8		0.802142
392.9		0.802142
393		0.802142
393.1		0.802436
393.2		0.802436
393.3		0.802436
393.4		0.802436
393.5		0.802436
393.6		0.802436
393.7		0.802436
393.8		0.802436
393.9		0.802436
394		0.802436
394.1		0.809912
394.2		0.809912
394.3		0.809912
394.4		0.809912
394.5		0.809912
394.6		0.809912
394.7		0.809912
394.8		0.809912
394.9		0.809912
395		0.809912
395.1		0.81197
395.2		0.81197
395.3		0.81197
395.4		0.81197
395.5		0.81197
395.6		0.81197
395.7		0.81197
395.8		0.81197
395.9		0.81197
396		0.81197
396.1		0.813104
396.2		0.813104
396.3		0.813104
396.4		0.813104
396.5		0.813104
396.6		0.813104
396.7		0.813104
396.8		0.813104
396.9		0.813104
397		0.813104
397.1		0.81407
397.2		0.81407
397.3		0.81407
397.4		0.81407
397.5		0.81407
397.6		0.81407
397.7		0.81407
397.8		0.81407
397.9		0.81407
398		0.81407
398.1		0.818564
398.2		0.818564
398.3		0.818564
398.4		0.818564
398.5		0.818564
398.6		0.818564
398.7		0.818564
398.8		0.818564
398.9		0.818564
399		0.818564
399.1		0.819614
399.2		0.819614
399.3		0.819614
399.4		0.819614
399.5		0.819614
399.6		0.819614
399.7		0.819614
399.8		0.819614
399.9		0.819614
400		0.819614
400.1		0.820202
400.2		0.820202
400.3		0.820202
400.4		0.820202
400.5		0.820202
400.6		0.820202
400.7		0.820202
400.8		0.820202
400.9		0.820202
401		0.820202
401.1		0.821924
401.2		0.821924
401.3		0.821924
401.4		0.821924
401.5		0.821924
401.6		0.821924
401.7		0.821924
401.8		0.821924
401.9		0.821924
402		0.821924
402.1		0.825913
402.2		0.825913
402.3		0.825913
402.4		0.825913
402.5		0.825913
402.6		0.825913
402.7		0.825913
402.8		0.825913
402.9		0.825913
403		0.825913
403.1		0.826669
403.2		0.826669
403.3		0.826669
403.4		0.826669
403.5		0.826669
403.6		0.826669
403.7		0.826669
403.8		0.826669
403.9		0.826669
404		0.826669
404.1		0.827467
404.2		0.827467
404.3		0.827467
404.4		0.827467
404.5		0.827467
404.6		0.827467
404.7		0.827467
404.8		0.827467
404.9		0.827467
405		0.827467
405.1		0.831163
405.2		0.831163
405.3		0.831163
405.4		0.831163
405.5		0.831163
405.6		0.831163
405.7		0.831163
405.8		0.831163
405.9		0.831163
406		0.831163
406.1		0.831373
406.2		0.831373
406.3		0.831373
406.4		0.831373
406.5		0.831373
406.6		0.831373
406.7		0.831373
406.8		0.831373
406.9		0.831373
407		0.831373
407.1		0.834733
407.2		0.834733
407.3		0.834733
407.4		0.834733
407.5		0.834733
407.6		0.834733
407.7		0.834733
407.8		0.834733
407.9		0.834733
408		0.834733
408.1		0.837463
408.2		0.837463
408.3		0.837463
408.4		0.837463
408.5		0.837463
408.6		0.837463
408.7		0.837463
408.8		0.837463
408.9		0.837463
409		0.837463
409.1		0.837715
409.2		0.837715
409.3		0.837715
409.4		0.837715
409.5		0.837715
409.6		0.837715
409.7		0.837715
409.8		0.837715
409.9		0.837715
410		0.837715
410.1		0.839815
410.2		0.839815
410.3		0.839815
410.4		0.839815
410.5		0.839815
410.6		0.839815
410.7		0.839815
410.8		0.839815
410.9		0.839815
411		0.839815
411.1		0.840403
411.2		0.840403
411.3		0.840403
411.4		0.840403
411.5		0.840403
411.6		0.840403
411.7		0.840403
411.8		0.840403
411.9		0.840403
412		0.840403
412.1		0.846661
412.2		0.846661
412.3		0.846661
412.4		0.846661
412.5		0.846661
412.6		0.846661
412.7		0.846661
412.8		0.846661
412.9		0.846661
413		0.846661
413.1		0.847543
413.2		0.847543
413.3		0.847543
413.4		0.847543
413.5		0.847543
413.6		0.847543
413.7		0.847543
413.8		0.847543
413.9		0.847543
414		0.847543
414.1		0.847711
414.2		0.847711
414.3		0.847711
414.4		0.847711
414.5		0.847711
414.6		0.847711
414.7		0.847711
414.8		0.847711
414.9		0.847711
415		0.847711
415.1		0.849097
415.2		0.849097
415.3		0.849097
415.4		0.849097
415.5		0.849097
415.6		0.849097
415.7		0.849097
415.8		0.849097
415.9		0.849097
416		0.849097
416.1		0.853087
416.2		0.853087
416.3		0.853087
416.4		0.853087
416.5		0.853087
416.6		0.853087
416.7		0.853087
416.8		0.853087
416.9		0.853087
417		0.853087
417.1		0.855145
417.2		0.855145
417.3		0.855145
417.4		0.855145
417.5		0.855145
417.6		0.855145
417.7		0.855145
417.8		0.855145
417.9		0.855145
418		0.855145
418.1		0.857707
418.2		0.857707
418.3		0.857707
418.4		0.857707
418.5		0.857707
418.6		0.857707
418.7		0.857707
418.8		0.857707
418.9		0.857707
419		0.857707
419.1		0.860185
419.2		0.860185
419.3		0.860185
419.4		0.860185
419.5		0.860185
419.6		0.860185
419.7		0.860185
419.8		0.860185
419.9		0.860185
420		0.860185
420.1		0.863293
420.2		0.863293
420.3		0.863293
420.4		0.863293
420.5		0.863293
420.6		0.863293
420.7		0.863293
420.8		0.863293
420.9		0.863293
421		0.863293
421.1		0.863629
421.2		0.863629
421.3		0.863629
421.4		0.863629
421.5		0.863629
421.6		0.863629
421.7		0.863629
421.8		0.863629
421.9		0.863629
422		0.863629
422.1		0.864385
422.2		0.864385
422.3		0.864385
422.4		0.864385
422.5		0.864385
422.6		0.864385
422.7		0.864385
422.8		0.864385
422.9		0.864385
423		0.864385
423.1		0.864805
423.2		0.864805
423.3		0.864805
423.4		0.864805
423.5		0.864805
423.6		0.864805
423.7		0.864805
423.8		0.864805
423.9		0.864805
424		0.864805
424.1		0.870811
424.2		0.870811
424.3		0.870811
424.4		0.870811
424.5		0.870811
424.6		0.870811
424.7		0.870811
424.8		0.870811
424.9		0.870811
425		0.870811
425.1		0.872491
425.2		0.872491
425.3		0.872491
425.4		0.872491
425.5		0.872491
425.6		0.872491
425.7		0.872491
425.8		0.872491
425.9		0.872491
426		0.872491
426.1		0.873373
426.2		0.873373
426.3		0.873373
426.4		0.873373
426.5		0.873373
426.6		0.873373
426.7		0.873373
426.8		0.873373
426.9		0.873373
427		0.873373
427.1		0.874927
427.2		0.874927
427.3		0.874927
427.4		0.874927
427.5		0.874927
427.6		0.874927
427.7		0.874927
427.8		0.874927
427.9		0.874927
428		0.874927
428.1		0.878706
428.2		0.878706
428.3		0.878706
428.4		0.878706
428.5		0.878706
428.6		0.878706
428.7		0.878706
428.8		0.878706
428.9		0.878706
429		0.878706
429.1		0.880134
429.2		0.880134
429.3		0.880134
429.4		0.880134
429.5		0.880134
429.6		0.880134
429.7		0.880134
429.8		0.880134
429.9		0.880134
430		0.880134
430.1		0.882318
430.2		0.882318
430.3		0.882318
430.4		0.882318
430.5		0.882318
430.6		0.882318
430.7		0.882318
430.8		0.882318
430.9		0.882318
431		0.882318
431.1		0.8832
431.2		0.8832
431.3		0.8832
431.4		0.8832
431.5		0.8832
431.6		0.8832
431.7		0.8832
431.8		0.8832
431.9		0.8832
432		0.8832
432.1		0.883704
432.2		0.883704
432.3		0.883704
432.4		0.883704
432.5		0.883704
432.6		0.883704
432.7		0.883704
432.8		0.883704
432.9		0.883704
433		0.883704
433.1		0.88992
433.2		0.88992
433.3		0.88992
433.4		0.88992
433.5		0.88992
433.6		0.88992
433.7		0.88992
433.8		0.88992
433.9		0.88992
434		0.88992
434.1		0.89076
434.2		0.89076
434.3		0.89076
434.4		0.89076
434.5		0.89076
434.6		0.89076
434.7		0.89076
434.8		0.89076
434.9		0.89076
435		0.89076
435.1		0.892356
435.2		0.892356
435.3		0.892356
435.4		0.892356
435.5		0.892356
435.6		0.892356
435.7		0.892356
435.8		0.892356
435.9		0.892356
436		0.892356
436.1		0.892608
436.2		0.892608
436.3		0.892608
436.4		0.892608
436.5		0.892608
436.6		0.892608
436.7		0.892608
436.8		0.892608
436.9		0.892608
437		0.892608
437.1		0.89349
437.2		0.89349
437.3		0.89349
437.4		0.89349
437.5		0.89349
437.6		0.89349
437.7		0.89349
437.8		0.89349
437.9		0.89349
438		0.89349
438.1		0.89874
438.2		0.89874
438.3		0.89874
438.4		0.89874
438.5		0.89874
438.6		0.89874
438.7		0.89874
438.8		0.89874
438.9		0.89874
439		0.89874
439.1		0.901302
439.2		0.901302
439.3		0.901302
439.4		0.901302
439.5		0.901302
439.6		0.901302
439.7		0.901302
439.8		0.901302
439.9		0.901302
440		0.901302
440.1		0.903486
440.2		0.903486
440.3		0.903486
440.4		0.903486
440.5		0.903486
440.6		0.903486
440.7		0.903486
440.8		0.903486
440.9		0.903486
441		0.903486
441.1		0.90399
441.2		0.90399
441.3		0.90399
441.4		0.90399
441.5		0.90399
441.6		0.90399
441.7		0.90399
441.8		0.90399
441.9		0.90399
442		0.90399
442.1		0.90882
442.2		0.90882
442.3		0.90882
442.4		0.90882
442.5		0.90882
442.6		0.90882
442.7		0.90882
442.8		0.90882
442.9		0.90882
443		0.90882
443.1		0.910374
443.2		0.910374
443.3		0.910374
443.4		0.910374
443.5		0.910374
443.6		0.910374
443.7		0.910374
443.8		0.910374
443.9		0.910374
444		0.910374
444.1		0.910836
444.2		0.910836
444.3		0.910836
444.4		0.910836
444.5		0.910836
444.6		0.910836
444.7		0.910836
444.8		0.910836
444.9		0.910836
445		0.910836
445.1		0.912936
445.2		0.912936
445.3		0.912936
445.4		0.912936
445.5		0.912936
445.6		0.912936
445.7		0.912936
445.8		0.912936
445.9		0.912936
446		0.912936
446.1		0.919656
446.2		0.919656
446.3		0.919656
446.4		0.919656
446.5		0.919656
446.6		0.919656
446.7		0.919656
446.8		0.919656
446.9		0.919656
447		0.919656
447.1		0.920118
447.2		0.920118
447.3		0.920118
447.4		0.920118
447.5		0.920118
447.6		0.920118
447.7		0.920118
447.8		0.920118
447.9		0.920118
448		0.920118
448.1		0.920454
448.2		0.920454
448.3		0.920454
448.4		0.920454
448.5		0.920454
448.6		0.920454
448.7		0.920454
448.8		0.920454
448.9		0.920454
449		0.920454
449.1		0.922848
449.2		0.922848
449.3		0.922848
449.4		0.922848
449.5		0.922848
449.6		0.922848
449.7		0.922848
449.8		0.922848
449.9		0.922848
450		0.922848
450.1		0.927509
450.2		0.927509
450.3		0.927509
450.4		0.927509
450.5		0.927509
450.6		0.927509
450.7		0.927509
450.8		0.927509
450.9		0.927509
451		0.927509
451.1		0.928601
451.2		0.928601
451.3		0.928601
451.4		0.928601
451.5		0.928601
451.6		0.928601
451.7		0.928601
451.8		0.928601
451.9		0.928601
452		0.928601
452.1		0.931457
452.2		0.931457
452.3		0.931457
452.4		0.931457
452.5		0.931457
452.6		0.931457
452.7		0.931457
452.8		0.931457
452.9		0.931457
453		0.931457
453.1		0.932633
453.2		0.932633
453.3		0.932633
453.4		0.932633
453.5		0.932633
453.6		0.932633
453.7		0.932633
453.8		0.932633
453.9		0.932633
454		0.932633
454.1		0.935153
454.2		0.935153
454.3		0.935153
454.4		0.935153
454.5		0.935153
454.6		0.935153
454.7		0.935153
454.8		0.935153
454.9		0.935153
455		0.935153
455.1		0.936917
455.2		0.936917
455.3		0.936917
455.4		0.936917
455.5		0.936917
455.6		0.936917
455.7		0.936917
455.8		0.936917
455.9		0.936917
456		0.936917
456.1		0.939311
456.2		0.939311
456.3		0.939311
456.4		0.939311
456.5		0.939311
456.6		0.939311
456.7		0.939311
456.8		0.939311
456.9		0.939311
457		0.939311
457.1		0.939647
457.2		0.939647
457.3		0.939647
457.4		0.939647
457.5		0.939647
457.6		0.939647
457.7		0.939647
457.8		0.939647
457.9		0.939647
458		0.939647
458.1		0.943847
458.2		0.943847
458.3		0.943847
458.4		0.943847
458.5		0.943847
458.6		0.943847
458.7		0.943847
458.8		0.943847
458.9		0.943847
459		0.943847
459.1		0.943973
459.2		0.943973
459.3		0.943973
459.4		0.943973
459.5		0.943973
459.6		0.943973
459.7		0.943973
459.8		0.943973
459.9		0.943973
460		0.943973
460.1		0.944309
460.2		0.944309
460.3		0.944309
460.4		0.944309
460.5		0.944309
460.6		0.944309
460.7		0.944309
460.8		0.944309
460.9		0.944309
461		0.944309
461.1		0.948173
461.2		0.948173
461.3		0.948173
461.4		0.948173
461.5		0.948173
461.6		0.948173
461.7		0.948173
461.8		0.948173
461.9		0.948173
462		0.948173
462.1		0.950735
462.2		0.950735
462.3		0.950735
462.4		0.950735
462.5		0.950735
462.6		0.950735
462.7		0.950735
462.8		0.950735
462.9		0.950735
463		0.950735
463.1		0.951029
463.2		0.951029
463.3		0.951029
463.4		0.951029
463.5		0.951029
463.6		0.951029
463.7		0.951029
463.8		0.951029
463.9		0.951029
464		0.951029
464.1		0.953255
464.2		0.953255
464.3		0.953255
464.4		0.953255
464.5		0.953255
464.6		0.953255
464.7		0.953255
464.8		0.953255
464.9		0.953255
465		0.953255
465.1		0.953969
465.2		0.953969
465.3		0.953969
465.4		0.953969
465.5		0.953969
465.6		0.953969
465.7		0.953969
465.8		0.953969
465.9		0.953969
466		0.953969
466.1		0.955817
466.2		0.955817
466.3		0.955817
466.4		0.955817
466.5		0.955817
466.6		0.955817
466.7		0.955817
466.8		0.955817
466.9		0.955817
467		0.955817
467.1		0.959009
467.2		0.959009
467.3		0.959009
467.4		0.959009
467.5		0.959009
467.6		0.959009
467.7		0.959009
467.8		0.959009
467.9		0.959009
468		0.959009
468.1		0.960059
468.2		0.960059
468.3		0.960059
468.4		0.960059
468.5		0.960059
468.6		0.960059
468.7		0.960059
468.8		0.960059
468.9		0.960059
469		0.960059
469.1		0.960437
469.2		0.960437
469.3		0.960437
469.4		0.960437
469.5		0.960437
469.6		0.960437
469.7		0.960437
469.8		0.960437
469.9		0.960437
470		0.960437
470.1		0.962705
470.2		0.962705
470.3		0.962705
470.4		0.962705
470.5		0.962705
470.6		0.962705
470.7		0.962705
470.8		0.962705
470.9		0.962705
471		0.962705
471.1		0.964049
471.2		0.964049
471.3		0.964049
471.4		0.964049
471.5		0.964049
471.6		0.964049
471.7		0.964049
471.8		0.964049
471.9		0.964049
472		0.964049
472.1		0.969719
472.2		0.969719
472.3		0.969719
472.4		0.969719
472.5		0.969719
472.6		0.969719
472.7		0.969719
472.8		0.969719
472.9		0.969719
473		0.969719
473.1		0.970349
473.2		0.970349
473.3		0.970349
473.4		0.970349
473.5		0.970349
473.6		0.970349
473.7		0.970349
473.8		0.970349
473.9		0.970349
474		0.970349
474.1		0.971315
474.2		0.971315
474.3		0.971315
474.4		0.971315
474.5		0.971315
474.6		0.971315
474.7		0.971315
474.8		0.971315
474.9		0.971315
475		0.971315
475.1		0.973709
475.2		0.973709
475.3		0.973709
475.4		0.973709
475.5		0.973709
475.6		0.973709
475.7		0.973709
475.8		0.973709
475.9		0.973709
476		0.973709
476.1		0.976816
476.2		0.976816
476.3		0.976816
476.4		0.976816
476.5		0.976816
476.6		0.976816
476.7		0.976816
476.8		0.976816
476.9		0.976816
477		0.976816
477.1		0.978118
477.2		0.978118
477.3		0.978118
477.4		0.978118
477.5		0.978118
477.6		0.978118
477.7		0.978118
477.8		0.978118
477.9		0.978118
478		0.978118
478.1		0.979
478.2		0.979
478.3		0.979
478.4		0.979
478.5		0.979
478.6		0.979
478.7		0.979
478.8		0.979
478.9		0.979
479		0.979
479.1		0.980428
479.2		0.980428
479.3		0.980428
479.4		0.980428
479.5		0.980428
479.6		0.980428
479.7		0.980428
479.8		0.980428
479.9		0.980428
480		0.980428
480.1		0.985174
480.2		0.985174
480.3		0.985174
480.4		0.985174
480.5		0.985174
480.6		0.985174
480.7		0.985174
480.8		0.985174
480.9		0.985174
481		0.985174
481.1		0.985426
481.2		0.985426
481.3		0.985426
481.4		0.985426
481.5		0.985426
481.6		0.985426
481.7		0.985426
481.8		0.985426
481.9		0.985426
482		0.985426
482.1		0.985678
482.2		0.985678
482.3		0.985678
482.4		0.985678
482.5		0.985678
482.6		0.985678
482.7		0.985678
482.8		0.985678
482.9		0.985678
483		0.985678
483.1		0.990466
483.2		0.990466
483.3		0.990466
483.4		0.990466
483.5		0.990466
483.6		0.990466
483.7		0.990466
483.8		0.990466
483.9		0.990466
484		0.990466
484.1		0.991684
484.2		0.991684
484.3		0.991684
484.4		0.991684
484.5		0.991684
484.6		0.991684
484.7		0.991684
484.8		0.991684
484.9		0.991684
485		0.991684
485.1		0.993742
485.2		0.993742
485.3		0.993742
485.4		0.993742
485.5		0.993742
485.6		0.993742
485.7		0.993742
485.8		0.993742
485.9		0.993742
486		0.993742
486.1		0.996262
486.2		0.996262
486.3		0.996262
486.4		0.996262
486.5		0.996262
486.6		0.996262
486.7		0.996262
486.8		0.996262
486.9		0.996262
487		0.996262
487.1		0.997816
487.2		0.997816
487.3		0.997816
487.4		0.997816
487.5		0.997816
487.6		0.997816
487.7		0.997816
487.8		0.997816
487.9		0.997816
488		0.997816
488.1		1
488.2		1
488.3		1
488.4		1
488.5		1
488.6		1
488.7		1
488.8		1
488.9		1
489		1
489.1		1
489.2		1
489.3		1
489.4		1
489.5		1
489.6		1
489.7		1
489.8		1
489.9		1
490		1
490.1		1
490.2		1
490.3		1
490.4		1
490.5		1
490.6		1
490.7		1
490.8		1
490.9		1
491		1
491.1		1
491.2		1
491.3		1
491.4		1
491.5		1
491.6		1
491.7		1
491.8		1
491.9		1
492		1
492.1		1
492.2		1
492.3		1
492.4		1
492.5		1
492.6		1
492.7		1
492.8		1
492.9		1
493		1
493.1		1
493.2		1
493.3		1
493.4		1
493.5		1
493.6		1
493.7		1
493.8		1
493.9		1
494		1
494.1		1
494.2		1
494.3		1
494.4		1
494.5		1
494.6		1
494.7		1
494.8		1
494.9		1
495		1
495.1		1
495.2		1
495.3		1
495.4		1
495.5		1
495.6		1
495.7		1
495.8		1
495.9		1
496		1
496.1		1
496.2		1
496.3		1
496.4		1
496.5		1
496.6		1
496.7		1
496.8		1
496.9		1
497		1
497.1		1
497.2		1
497.3		1
497.4		1
497.5		1
497.6		1
497.7		1
497.8		1
497.9		1
498		1
498.1		1
498.2		1
498.3		1
498.4		1
498.5		1
498.6		1
498.7		1
498.8		1
498.9		1
499		1
499.1		1
499.2		1
499.3		1
499.4		1
499.5		1
499.6		1
499.7		1
499.8		1
499.9		1
500		1
500.1		1
500.2		1
500.3		1
500.4		1
500.5		1
500.6		1
500.7		1
500.8		1
500.9		1
501		1
501.1		1
501.2		1
501.3		1
501.4		1
501.5		1
501.6		1
501.7		1
501.8		1
501.9		1
502		1
502.1		1
502.2		1
502.3		1
502.4		1
502.5		1
502.6		1
502.7		1
502.8		1
502.9		1
503		1
503.1		1
503.2		1
503.3		1
503.4		1
503.5		1
503.6		1
503.7		1
503.8		1
503.9		1
504		1
504.1		1
504.2		1
504.3		1
504.4		1
504.5		1
504.6		1
504.7		1
504.8		1
504.9		1
505		1
505.1		1
505.2		1
505.3		1
505.4		1
505.5		1
505.6		1
505.7		1
505.8		1
505.9		1
506		1
506.1		1
506.2		1
506.3		1
506.4		1
506.5		1
506.6		1
506.7		1
506.8		1
506.9		1
507		1
507.1		1
507.2		1
507.3		1
507.4		1
507.5		1
507.6		1
507.7		1
507.8		1
507.9		1
508		1
508.1		1
508.2		1
508.3		1
508.4		1
508.5		1
508.6		1
508.7		1
508.8		1
508.9		1
509		1
509.1		1
509.2		1
509.3		1
509.4		1
509.5		1
509.6		1
509.7		1
509.8		1
509.9		1
510		1
510.1		1
510.2		1
510.3		1
510.4		1
510.5		1
510.6		1
510.7		1
510.8		1
510.9		1
511		1
511.1		1
511.2		1
511.3		1
511.4		1
511.5		1
511.6		1
511.7		1
511.8		1
511.9		1
512		1
512.1		1
512.2		1
512.3		1
512.4		1
512.5		1
512.6		1
512.7		1
512.8		1
512.9		1
513		1
513.1		1
513.2		1
513.3		1
513.4		1
513.5		1
513.6		1
513.7		1
513.8		1
513.9		1
514		1
514.1		1
514.2		1
514.3		1
514.4		1
514.5		1
514.6		1
514.7		1
514.8		1
514.9		1
515		1
515.1		1
515.2		1
515.3		1
515.4		1
515.5		1
515.6		1
515.7		1
515.8		1
515.9		1
516		1
516.1		1
516.2		1
516.3		1
516.4		1
516.5		1
516.6		1
516.7		1
516.8		1
516.9		1
517		1
517.1		1
517.2		1
517.3		1
517.4		1
517.5		1
517.6		1
517.7		1
517.8		1
517.9		1
518		1
518.1		1
518.2		1
518.3		1
518.4		1
518.5		1
518.6		1
518.7		1
518.8		1
518.9		1
519		1
519.1		1
519.2		1
519.3		1
519.4		1
519.5		1
519.6		1
519.7		1
519.8		1
519.9		1
520		1
520.1		1
520.2		1
520.3		1
520.4		1
520.5		1
520.6		1
520.7		1
520.8		1
520.9		1
521		1
521.1		1
521.2		1
521.3		1
521.4		1
521.5		1
521.6		1
521.7		1
521.8		1
521.9		1
522		1
522.1		1
522.2		1
522.3		1
522.4		1
522.5		1
522.6		1
522.7		1
522.8		1
522.9		1
523		1
523.1		1
523.2		1
523.3		1
523.4		1
523.5		1
523.6		1
523.7		1
523.8		1
523.9		1
524		1
524.1		1
524.2		1
524.3		1
524.4		1
524.5		1
524.6		1
524.7		1
524.8		1
524.9		1
525		1
525.1		1
525.2		1
525.3		1
525.4		1
525.5		1
525.6		1
525.7		1
525.8		1
525.9		1
526		1
526.1		1
526.2		1
526.3		1
526.4		1
526.5		1
526.6		1
526.7		1
526.8		1
526.9		1
527		1
527.1		1
527.2		1
527.3		1
527.4		1
527.5		1
527.6		1
527.7		1
527.8		1
527.9		1
528		1
528.1		1
528.2		1
528.3		1
528.4		1
528.5		1
528.6		1
528.7		1
528.8		1
528.9		1
529		1
529.1		1
529.2		1
529.3		1
529.4		1
529.5		1
529.6		1
529.7		1
529.8		1
529.9		1
530		1
530.1		1
530.2		1
530.3		1
530.4		1
530.5		1
530.6		1
530.7		1
530.8		1
530.9		1
531		1
531.1		1
531.2		1
531.3		1
531.4		1
531.5		1
531.6		1
531.7		1
531.8		1
531.9		1
532		1
532.1		1
532.2		1
532.3		1
532.4		1
532.5		1
532.6		1
532.7		1
532.8		1
532.9		1
533		1
533.1		1
533.2		1
533.3		1
533.4		1
533.5		1
533.6		1
533.7		1
533.8		1
533.9		1
534		1
534.1		1
534.2		1
534.3		1
534.4		1
534.5		1
534.6		1
534.7		1
534.8		1
534.9		1
535		1
535.1		1
535.2		1
535.3		1
535.4		1
535.5		1
535.6		1
535.7		1
535.8		1
535.9		1
536		1
536.1		1
536.2		1
536.3		1
536.4		1
536.5		1
536.6		1
536.7		1
536.8		1
536.9		1
537		1
537.1		1
537.2		1
537.3		1
537.4		1
537.5		1
537.6		1
537.7		1
537.8		1
537.9		1
538		1
538.1		1
538.2		1
538.3		1
538.4		1
538.5		1
538.6		1
538.7		1
538.8		1
538.9		1
539		1
539.1		1
539.2		1
539.3		1
539.4		1
539.5		1
539.6		1
539.7		1
539.8		1
539.9		1
540		1
540.1		1
540.2		1
540.3		1
540.4		1
540.5		1
540.6		1
540.7		1
540.8		1
540.9		1
541		1
541.1		1
541.2		1
541.3		1
541.4		1
541.5		1
541.6		1
541.7		1
541.8		1
541.9		1
542		1
542.1		1
542.2		1
542.3		1
542.4		1
542.5		1
542.6		1
542.7		1
542.8		1
542.9		1
543		1
543.1		1
543.2		1
543.3		1
543.4		1
543.5		1
543.6		1
543.7		1
543.8		1
543.9		1
544		1
544.1		1
544.2		1
544.3		1
544.4		1
544.5		1
544.6		1
544.7		1
544.8		1
544.9		1
545		1
545.1		1
545.2		1
545.3		1
545.4		1
545.5		1
545.6		1
545.7		1
545.8		1
545.9		1
546		1
546.1		1
546.2		1
546.3		1
546.4		1
546.5		1
546.6		1
546.7		1
546.8		1
546.9		1
547		1
547.1		1
547.2		1
547.3		1
547.4		1
547.5		1
547.6		1
547.7		1
547.8		1
547.9		1
548		1
548.1		1
548.2		1
548.3		1
548.4		1
548.5		1
548.6		1
548.7		1
548.8		1
548.9		1
549		1
549.1		1
549.2		1
549.3		1
549.4		1
549.5		1
549.6		1
549.7		1
549.8		1
549.9		1
550		1
550.1		1
550.2		1
550.3		1
550.4		1
550.5		1
550.6		1
550.7		1
550.8		1
550.9		1
551		1
551.1		1
551.2		1
551.3		1
551.4		1
551.5		1
551.6		1
551.7		1
551.8		1
551.9		1
552		1
552.1		1
552.2		1
552.3		1
552.4		1
552.5		1
552.6		1
552.7		1
552.8		1
552.9		1
553		1
553.1		1
553.2		1
553.3		1
553.4		1
553.5		1
553.6		1
553.7		1
553.8		1
553.9		1
554		1
554.1		1
554.2		1
554.3		1
554.4		1
554.5		1
554.6		1
554.7		1
554.8		1
554.9		1
555		1
555.1		1
555.2		1
555.3		1
555.4		1
555.5		1
555.6		1
555.7		1
555.8		1
555.9		1
556		1
556.1		1
556.2		1
556.3		1
556.4		1
556.5		1
556.6		1
556.7		1
556.8		1
556.9		1
557		1
557.1		1
557.2		1
557.3		1
557.4		1
557.5		1
557.6		1
557.7		1
557.8		1
557.9		1
558		1
558.1		1
558.2		1
558.3		1
558.4		1
558.5		1
558.6		1
558.7		1
558.8		1
558.9		1
559		1
559.1		1
559.2		1
559.3		1
559.4		1
559.5		1
559.6		1
559.7		1
559.8		1
559.9		1
560		1
560.1		1
560.2		1
560.3		1
560.4		1
560.5		1
560.6		1
560.7		1
560.8		1
560.9		1
561		1
561.1		1
561.2		1
561.3		1
561.4		1
561.5		1
561.6		1
561.7		1
561.8		1
561.9		1
562		1
562.1		1
562.2		1
562.3		1
562.4		1
562.5		1
562.6		1
562.7		1
562.8		1
562.9		1
563		1
563.1		1
563.2		1
563.3		1
563.4		1
563.5		1
563.6		1
563.7		1
563.8		1
563.9		1
564		1
564.1		1
564.2		1
564.3		1
564.4		1
564.5		1
564.6		1
564.7		1
564.8		1
564.9		1
565		1
565.1		1
565.2		1
565.3		1
565.4		1
565.5		1
565.6		1
565.7		1
565.8		1
565.9		1
566		1
566.1		1
566.2		1
566.3		1
566.4		1
566.5		1
566.6		1
566.7		1
566.8		1
566.9		1
567		1
567.1		1
567.2		1
567.3		1
567.4		1
567.5		1
567.6		1
567.7		1
567.8		1
567.9		1
568		1
568.1		1
568.2		1
568.3		1
568.4		1
568.5		1
568.6		1
568.7		1
568.8		1
568.9		1
569		1
569.1		1
569.2		1
569.3		1
569.4		1
569.5		1
569.6		1
569.7		1
569.8		1
569.9		1
570		1
570.1		1
570.2		1
570.3		1
570.4		1
570.5		1
570.6		1
570.7		1
570.8		1
570.9		1
571		1
571.1		1
571.2		1
571.3		1
571.4		1
571.5		1
571.6		1
571.7		1
571.8		1
571.9		1
572		1
572.1		1
572.2		1
572.3		1
572.4		1
572.5		1
572.6		1
572.7		1
572.8		1
572.9		1
573		1
573.1		1
573.2		1
573.3		1
573.4		1
573.5		1
573.6		1
573.7		1
573.8		1
573.9		1
574		1
574.1		1
574.2		1
574.3		1
574.4		1
574.5		1
574.6		1
574.7		1
574.8		1
574.9		1
575		1
575.1		1
575.2		1
575.3		1
575.4		1
575.5		1
575.6		1
575.7		1
575.8		1
575.9		1
576		1
576.1		1
576.2		1
576.3		1
576.4		1
576.5		1
576.6		1
576.7		1
576.8		1
576.9		1
577		1
577.1		1
577.2		1
577.3		1
577.4		1
577.5		1
577.6		1
577.7		1
577.8		1
577.9		1
578		1
578.1		1
578.2		1
578.3		1
578.4		1
578.5		1
578.6		1
578.7		1
578.8		1
578.9		1
579		1
579.1		1
579.2		1
579.3		1
579.4		1
579.5		1
579.6		1
579.7		1
579.8		1
579.9		1
580		1
580.1		1
580.2		1
580.3		1
580.4		1
580.5		1
580.6		1
580.7		1
580.8		1
580.9		1
581		1
581.1		1
581.2		1
581.3		1
581.4		1
581.5		1
581.6		1
581.7		1
581.8		1
581.9		1
582		1
582.1		1
582.2		1
582.3		1
582.4		1
582.5		1
582.6		1
582.7		1
582.8		1
582.9		1
583		1
583.1		1
583.2		1
583.3		1
583.4		1
583.5		1
583.6		1
583.7		1
583.8		1
583.9		1
584		1
584.1		1
584.2		1
584.3		1
584.4		1
584.5		1
584.6		1
584.7		1
584.8		1
584.9		1
585		1
585.1		1
585.2		1
585.3		1
585.4		1
585.5		1
585.6		1
585.7		1
585.8		1
585.9		1
586		1
586.1		1
586.2		1
586.3		1
586.4		1
586.5		1
586.6		1
586.7		1
586.8		1
586.9		1
587		1
587.1		1
587.2		1
587.3		1
587.4		1
587.5		1
587.6		1
587.7		1
587.8		1
587.9		1
588		1
588.1		1
588.2		1
588.3		1
588.4		1
588.5		1
588.6		1
588.7		1
588.8		1
588.9		1
589		1
589.1		1
589.2		1
589.3		1
589.4		1
589.5		1
589.6		1
589.7		1
589.8		1
589.9		1
590		1
590.1		1
590.2		1
590.3		1
590.4		1
590.5		1
590.6		1
590.7		1
590.8		1
590.9		1
591		1
591.1		1
591.2		1
591.3		1
591.4		1
591.5		1
591.6		1
591.7		1
591.8		1
591.9		1
592		1
592.1		1
592.2		1
592.3		1
592.4		1
592.5		1
592.6		1
592.7		1
592.8		1
592.9		1
593		1
593.1		1
593.2		1
593.3		1
593.4		1
593.5		1
593.6		1
593.7		1
593.8		1
593.9		1
594		1
594.1		1
594.2		1
594.3		1
594.4		1
594.5		1
594.6		1
594.7		1
594.8		1
594.9		1
595		1
595.1		1
595.2		1
595.3		1
595.4		1
595.5		1
595.6		1
595.7		1
595.8		1
595.9		1
596		1
596.1		1
596.2		1
596.3		1
596.4		1
596.5		1
596.6		1
596.7		1
596.8		1
596.9		1
597		1
597.1		1
597.2		1
597.3		1
597.4		1
597.5		1
597.6		1
597.7		1
597.8		1
597.9		1
598		1
598.1		1
598.2		1
598.3		1
598.4		1
598.5		1
598.6		1
598.7		1
598.8		1
598.9		1
599		1
599.1		1
599.2		1
599.3		1
599.4		1
599.5		1
599.6		1
599.7		1
599.8		1
599.9		1
600		1
