# Calibration file of tamex_id 0 @ channel 29
# fine_T bin		 Calibration value
0.1		0
0.2		0
0.3		0
0.4		0
0.5		0
0.6		0
0.7		0
0.8		0
0.9		0
1		0
1.1		0
1.2		0
1.3		0
1.4		0
1.5		0
1.6		0
1.7		0
1.8		0
1.9		0
2		0
2.1		0
2.2		0
2.3		0
2.4		0
2.5		0
2.6		0
2.7		0
2.8		0
2.9		0
3		0
3.1		0
3.2		0
3.3		0
3.4		0
3.5		0
3.6		0
3.7		0
3.8		0
3.9		0
4		0
4.1		0
4.2		0
4.3		0
4.4		0
4.5		0
4.6		0
4.7		0
4.8		0
4.9		0
5		0
5.1		0
5.2		0
5.3		0
5.4		0
5.5		0
5.6		0
5.7		0
5.8		0
5.9		0
6		0
6.1		0
6.2		0
6.3		0
6.4		0
6.5		0
6.6		0
6.7		0
6.8		0
6.9		0
7		0
7.1		0
7.2		0
7.3		0
7.4		0
7.5		0
7.6		0
7.7		0
7.8		0
7.9		0
8		0
8.1		0
8.2		0
8.3		0
8.4		0
8.5		0
8.6		0
8.7		0
8.8		0
8.9		0
9		0
9.1		0
9.2		0
9.3		0
9.4		0
9.5		0
9.6		0
9.7		0
9.8		0
9.9		0
10		0
10.1		0
10.2		0
10.3		0
10.4		0
10.5		0
10.6		0
10.7		0
10.8		0
10.9		0
11		0
11.1		0
11.2		0
11.3		0
11.4		0
11.5		0
11.6		0
11.7		0
11.8		0
11.9		0
12		0
12.1		0
12.2		0
12.3		0
12.4		0
12.5		0
12.6		0
12.7		0
12.8		0
12.9		0
13		0
13.1		0
13.2		0
13.3		0
13.4		0
13.5		0
13.6		0
13.7		0
13.8		0
13.9		0
14		0
14.1		0
14.2		0
14.3		0
14.4		0
14.5		0
14.6		0
14.7		0
14.8		0
14.9		0
15		0
15.1		0
15.2		0
15.3		0
15.4		0
15.5		0
15.6		0
15.7		0
15.8		0
15.9		0
16		0
16.1		0.00693587
16.2		0.00693587
16.3		0.00693587
16.4		0.00693587
16.5		0.00693587
16.6		0.00693587
16.7		0.00693587
16.8		0.00693587
16.9		0.00693587
17		0.00693587
17.1		0.00954869
17.2		0.00954869
17.3		0.00954869
17.4		0.00954869
17.5		0.00954869
17.6		0.00954869
17.7		0.00954869
17.8		0.00954869
17.9		0.00954869
18		0.00954869
18.1		0.0102613
18.2		0.0102613
18.3		0.0102613
18.4		0.0102613
18.5		0.0102613
18.6		0.0102613
18.7		0.0102613
18.8		0.0102613
18.9		0.0102613
19		0.0102613
19.1		0.0111164
19.2		0.0111164
19.3		0.0111164
19.4		0.0111164
19.5		0.0111164
19.6		0.0111164
19.7		0.0111164
19.8		0.0111164
19.9		0.0111164
20		0.0111164
20.1		0.0183373
20.2		0.0183373
20.3		0.0183373
20.4		0.0183373
20.5		0.0183373
20.6		0.0183373
20.7		0.0183373
20.8		0.0183373
20.9		0.0183373
21		0.0183373
21.1		0.0210451
21.2		0.0210451
21.3		0.0210451
21.4		0.0210451
21.5		0.0210451
21.6		0.0210451
21.7		0.0210451
21.8		0.0210451
21.9		0.0210451
22		0.0210451
22.1		0.0216627
22.2		0.0216627
22.3		0.0216627
22.4		0.0216627
22.5		0.0216627
22.6		0.0216627
22.7		0.0216627
22.8		0.0216627
22.9		0.0216627
23		0.0216627
23.1		0.0222328
23.2		0.0222328
23.3		0.0222328
23.4		0.0222328
23.5		0.0222328
23.6		0.0222328
23.7		0.0222328
23.8		0.0222328
23.9		0.0222328
24		0.0222328
24.1		0.0278385
24.2		0.0278385
24.3		0.0278385
24.4		0.0278385
24.5		0.0278385
24.6		0.0278385
24.7		0.0278385
24.8		0.0278385
24.9		0.0278385
25		0.0278385
25.1		0.0295487
25.2		0.0295487
25.3		0.0295487
25.4		0.0295487
25.5		0.0295487
25.6		0.0295487
25.7		0.0295487
25.8		0.0295487
25.9		0.0295487
26		0.0295487
26.1		0.0299762
26.2		0.0299762
26.3		0.0299762
26.4		0.0299762
26.5		0.0299762
26.6		0.0299762
26.7		0.0299762
26.8		0.0299762
26.9		0.0299762
27		0.0299762
27.1		0.0328741
27.2		0.0328741
27.3		0.0328741
27.4		0.0328741
27.5		0.0328741
27.6		0.0328741
27.7		0.0328741
27.8		0.0328741
27.9		0.0328741
28		0.0328741
28.1		0.035867
28.2		0.035867
28.3		0.035867
28.4		0.035867
28.5		0.035867
28.6		0.035867
28.7		0.035867
28.8		0.035867
28.9		0.035867
29		0.035867
29.1		0.0381473
29.2		0.0381473
29.3		0.0381473
29.4		0.0381473
29.5		0.0381473
29.6		0.0381473
29.7		0.0381473
29.8		0.0381473
29.9		0.0381473
30		0.0381473
30.1		0.0384798
30.2		0.0384798
30.3		0.0384798
30.4		0.0384798
30.5		0.0384798
30.6		0.0384798
30.7		0.0384798
30.8		0.0384798
30.9		0.0384798
31		0.0384798
31.1		0.0420428
31.2		0.0420428
31.3		0.0420428
31.4		0.0420428
31.5		0.0420428
31.6		0.0420428
31.7		0.0420428
31.8		0.0420428
31.9		0.0420428
32		0.0420428
32.1		0.0455582
32.2		0.0455582
32.3		0.0455582
32.4		0.0455582
32.5		0.0455582
32.6		0.0455582
32.7		0.0455582
32.8		0.0455582
32.9		0.0455582
33		0.0455582
33.1		0.0466033
33.2		0.0466033
33.3		0.0466033
33.4		0.0466033
33.5		0.0466033
33.6		0.0466033
33.7		0.0466033
33.8		0.0466033
33.9		0.0466033
34		0.0466033
34.1		0.0467458
34.2		0.0467458
34.3		0.0467458
34.4		0.0467458
34.5		0.0467458
34.6		0.0467458
34.7		0.0467458
34.8		0.0467458
34.9		0.0467458
35		0.0467458
35.1		0.0504513
35.2		0.0504513
35.3		0.0504513
35.4		0.0504513
35.5		0.0504513
35.6		0.0504513
35.7		0.0504513
35.8		0.0504513
35.9		0.0504513
36		0.0504513
36.1		0.0508314
36.2		0.0508314
36.3		0.0508314
36.4		0.0508314
36.5		0.0508314
36.6		0.0508314
36.7		0.0508314
36.8		0.0508314
36.9		0.0508314
37		0.0508314
37.1		0.0525416
37.2		0.0525416
37.3		0.0525416
37.4		0.0525416
37.5		0.0525416
37.6		0.0525416
37.7		0.0525416
37.8		0.0525416
37.9		0.0525416
38		0.0525416
38.1		0.0557245
38.2		0.0557245
38.3		0.0557245
38.4		0.0557245
38.5		0.0557245
38.6		0.0557245
38.7		0.0557245
38.8		0.0557245
38.9		0.0557245
39		0.0557245
39.1		0.0576247
39.2		0.0576247
39.3		0.0576247
39.4		0.0576247
39.5		0.0576247
39.6		0.0576247
39.7		0.0576247
39.8		0.0576247
39.9		0.0576247
40		0.0576247
40.1		0.0599525
40.2		0.0599525
40.3		0.0599525
40.4		0.0599525
40.5		0.0599525
40.6		0.0599525
40.7		0.0599525
40.8		0.0599525
40.9		0.0599525
41		0.0599525
41.1		0.0610926
41.2		0.0610926
41.3		0.0610926
41.4		0.0610926
41.5		0.0610926
41.6		0.0610926
41.7		0.0610926
41.8		0.0610926
41.9		0.0610926
42		0.0610926
42.1		0.0611876
42.2		0.0611876
42.3		0.0611876
42.4		0.0611876
42.5		0.0611876
42.6		0.0611876
42.7		0.0611876
42.8		0.0611876
42.9		0.0611876
43		0.0611876
43.1		0.0635154
43.2		0.0635154
43.3		0.0635154
43.4		0.0635154
43.5		0.0635154
43.6		0.0635154
43.7		0.0635154
43.8		0.0635154
43.9		0.0635154
44		0.0635154
44.1		0.0673159
44.2		0.0673159
44.3		0.0673159
44.4		0.0673159
44.5		0.0673159
44.6		0.0673159
44.7		0.0673159
44.8		0.0673159
44.9		0.0673159
45		0.0673159
45.1		0.0689786
45.2		0.0689786
45.3		0.0689786
45.4		0.0689786
45.5		0.0689786
45.6		0.0689786
45.7		0.0689786
45.8		0.0689786
45.9		0.0689786
46		0.0689786
46.1		0.0695487
46.2		0.0695487
46.3		0.0695487
46.4		0.0695487
46.5		0.0695487
46.6		0.0695487
46.7		0.0695487
46.8		0.0695487
46.9		0.0695487
47		0.0695487
47.1		0.072114
47.2		0.072114
47.3		0.072114
47.4		0.072114
47.5		0.072114
47.6		0.072114
47.7		0.072114
47.8		0.072114
47.9		0.072114
48		0.072114
48.1		0.0766746
48.2		0.0766746
48.3		0.0766746
48.4		0.0766746
48.5		0.0766746
48.6		0.0766746
48.7		0.0766746
48.8		0.0766746
48.9		0.0766746
49		0.0766746
49.1		0.0790499
49.2		0.0790499
49.3		0.0790499
49.4		0.0790499
49.5		0.0790499
49.6		0.0790499
49.7		0.0790499
49.8		0.0790499
49.9		0.0790499
50		0.0790499
50.1		0.0797625
50.2		0.0797625
50.3		0.0797625
50.4		0.0797625
50.5		0.0797625
50.6		0.0797625
50.7		0.0797625
50.8		0.0797625
50.9		0.0797625
51		0.0797625
51.1		0.0824228
51.2		0.0824228
51.3		0.0824228
51.4		0.0824228
51.5		0.0824228
51.6		0.0824228
51.7		0.0824228
51.8		0.0824228
51.9		0.0824228
52		0.0824228
52.1		0.0834679
52.2		0.0834679
52.3		0.0834679
52.4		0.0834679
52.5		0.0834679
52.6		0.0834679
52.7		0.0834679
52.8		0.0834679
52.9		0.0834679
53		0.0834679
53.1		0.087886
53.2		0.087886
53.3		0.087886
53.4		0.087886
53.5		0.087886
53.6		0.087886
53.7		0.087886
53.8		0.087886
53.9		0.087886
54		0.087886
54.1		0.0899762
54.2		0.0899762
54.3		0.0899762
54.4		0.0899762
54.5		0.0899762
54.6		0.0899762
54.7		0.0899762
54.8		0.0899762
54.9		0.0899762
55		0.0899762
55.1		0.0912589
55.2		0.0912589
55.3		0.0912589
55.4		0.0912589
55.5		0.0912589
55.6		0.0912589
55.7		0.0912589
55.8		0.0912589
55.9		0.0912589
56		0.0912589
56.1		0.0930166
56.2		0.0930166
56.3		0.0930166
56.4		0.0930166
56.5		0.0930166
56.6		0.0930166
56.7		0.0930166
56.8		0.0930166
56.9		0.0930166
57		0.0930166
57.1		0.0946318
57.2		0.0946318
57.3		0.0946318
57.4		0.0946318
57.5		0.0946318
57.6		0.0946318
57.7		0.0946318
57.8		0.0946318
57.9		0.0946318
58		0.0946318
58.1		0.0981948
58.2		0.0981948
58.3		0.0981948
58.4		0.0981948
58.5		0.0981948
58.6		0.0981948
58.7		0.0981948
58.8		0.0981948
58.9		0.0981948
59		0.0981948
59.1		0.100285
59.2		0.100285
59.3		0.100285
59.4		0.100285
59.5		0.100285
59.6		0.100285
59.7		0.100285
59.8		0.100285
59.9		0.100285
60		0.100285
60.1		0.102328
60.2		0.102328
60.3		0.102328
60.4		0.102328
60.5		0.102328
60.6		0.102328
60.7		0.102328
60.8		0.102328
60.9		0.102328
61		0.102328
61.1		0.103373
61.2		0.103373
61.3		0.103373
61.4		0.103373
61.5		0.103373
61.6		0.103373
61.7		0.103373
61.8		0.103373
61.9		0.103373
62		0.103373
62.1		0.106983
62.2		0.106983
62.3		0.106983
62.4		0.106983
62.5		0.106983
62.6		0.106983
62.7		0.106983
62.8		0.106983
62.9		0.106983
63		0.106983
63.1		0.107838
63.2		0.107838
63.3		0.107838
63.4		0.107838
63.5		0.107838
63.6		0.107838
63.7		0.107838
63.8		0.107838
63.9		0.107838
64		0.107838
64.1		0.109121
64.2		0.109121
64.3		0.109121
64.4		0.109121
64.5		0.109121
64.6		0.109121
64.7		0.109121
64.8		0.109121
64.9		0.109121
65		0.109121
65.1		0.109834
65.2		0.109834
65.3		0.109834
65.4		0.109834
65.5		0.109834
65.6		0.109834
65.7		0.109834
65.8		0.109834
65.9		0.109834
66		0.109834
66.1		0.113254
66.2		0.113254
66.3		0.113254
66.4		0.113254
66.5		0.113254
66.6		0.113254
66.7		0.113254
66.8		0.113254
66.9		0.113254
67		0.113254
67.1		0.115439
67.2		0.115439
67.3		0.115439
67.4		0.115439
67.5		0.115439
67.6		0.115439
67.7		0.115439
67.8		0.115439
67.9		0.115439
68		0.115439
68.1		0.117957
68.2		0.117957
68.3		0.117957
68.4		0.117957
68.5		0.117957
68.6		0.117957
68.7		0.117957
68.8		0.117957
68.9		0.117957
69		0.117957
69.1		0.119525
69.2		0.119525
69.3		0.119525
69.4		0.119525
69.5		0.119525
69.6		0.119525
69.7		0.119525
69.8		0.119525
69.9		0.119525
70		0.119525
70.1		0.125273
70.2		0.125273
70.3		0.125273
70.4		0.125273
70.5		0.125273
70.6		0.125273
70.7		0.125273
70.8		0.125273
70.9		0.125273
71		0.125273
71.1		0.126651
71.2		0.126651
71.3		0.126651
71.4		0.126651
71.5		0.126651
71.6		0.126651
71.7		0.126651
71.8		0.126651
71.9		0.126651
72		0.126651
72.1		0.127601
72.2		0.127601
72.3		0.127601
72.4		0.127601
72.5		0.127601
72.6		0.127601
72.7		0.127601
72.8		0.127601
72.9		0.127601
73		0.127601
73.1		0.128029
73.2		0.128029
73.3		0.128029
73.4		0.128029
73.5		0.128029
73.6		0.128029
73.7		0.128029
73.8		0.128029
73.9		0.128029
74		0.128029
74.1		0.133017
74.2		0.133017
74.3		0.133017
74.4		0.133017
74.5		0.133017
74.6		0.133017
74.7		0.133017
74.8		0.133017
74.9		0.133017
75		0.133017
75.1		0.135297
75.2		0.135297
75.3		0.135297
75.4		0.135297
75.5		0.135297
75.6		0.135297
75.7		0.135297
75.8		0.135297
75.9		0.135297
76		0.135297
76.1		0.135629
76.2		0.135629
76.3		0.135629
76.4		0.135629
76.5		0.135629
76.6		0.135629
76.7		0.135629
76.8		0.135629
76.9		0.135629
77		0.135629
77.1		0.139382
77.2		0.139382
77.3		0.139382
77.4		0.139382
77.5		0.139382
77.6		0.139382
77.7		0.139382
77.8		0.139382
77.9		0.139382
78		0.139382
78.1		0.142423
78.2		0.142423
78.3		0.142423
78.4		0.142423
78.5		0.142423
78.6		0.142423
78.7		0.142423
78.8		0.142423
78.9		0.142423
79		0.142423
79.1		0.142803
79.2		0.142803
79.3		0.142803
79.4		0.142803
79.5		0.142803
79.6		0.142803
79.7		0.142803
79.8		0.142803
79.9		0.142803
80		0.142803
80.1		0.144798
80.2		0.144798
80.3		0.144798
80.4		0.144798
80.5		0.144798
80.6		0.144798
80.7		0.144798
80.8		0.144798
80.9		0.144798
81		0.144798
81.1		0.146176
81.2		0.146176
81.3		0.146176
81.4		0.146176
81.5		0.146176
81.6		0.146176
81.7		0.146176
81.8		0.146176
81.9		0.146176
82		0.146176
82.1		0.149359
82.2		0.149359
82.3		0.149359
82.4		0.149359
82.5		0.149359
82.6		0.149359
82.7		0.149359
82.8		0.149359
82.9		0.149359
83		0.149359
83.1		0.152162
83.2		0.152162
83.3		0.152162
83.4		0.152162
83.5		0.152162
83.6		0.152162
83.7		0.152162
83.8		0.152162
83.9		0.152162
84		0.152162
84.1		0.153302
84.2		0.153302
84.3		0.153302
84.4		0.153302
84.5		0.153302
84.6		0.153302
84.7		0.153302
84.8		0.153302
84.9		0.153302
85		0.153302
85.1		0.154917
85.2		0.154917
85.3		0.154917
85.4		0.154917
85.5		0.154917
85.6		0.154917
85.7		0.154917
85.8		0.154917
85.9		0.154917
86		0.154917
86.1		0.155154
86.2		0.155154
86.3		0.155154
86.4		0.155154
86.5		0.155154
86.6		0.155154
86.7		0.155154
86.8		0.155154
86.9		0.155154
87		0.155154
87.1		0.157577
87.2		0.157577
87.3		0.157577
87.4		0.157577
87.5		0.157577
87.6		0.157577
87.7		0.157577
87.8		0.157577
87.9		0.157577
88		0.157577
88.1		0.160713
88.2		0.160713
88.3		0.160713
88.4		0.160713
88.5		0.160713
88.6		0.160713
88.7		0.160713
88.8		0.160713
88.9		0.160713
89		0.160713
89.1		0.163088
89.2		0.163088
89.3		0.163088
89.4		0.163088
89.5		0.163088
89.6		0.163088
89.7		0.163088
89.8		0.163088
89.9		0.163088
90		0.163088
90.1		0.16323
90.2		0.16323
90.3		0.16323
90.4		0.16323
90.5		0.16323
90.6		0.16323
90.7		0.16323
90.8		0.16323
90.9		0.16323
91		0.16323
91.1		0.1638
91.2		0.1638
91.3		0.1638
91.4		0.1638
91.5		0.1638
91.6		0.1638
91.7		0.1638
91.8		0.1638
91.9		0.1638
92		0.1638
92.1		0.168694
92.2		0.168694
92.3		0.168694
92.4		0.168694
92.5		0.168694
92.6		0.168694
92.7		0.168694
92.8		0.168694
92.9		0.168694
93		0.168694
93.1		0.169169
93.2		0.169169
93.3		0.169169
93.4		0.169169
93.5		0.169169
93.6		0.169169
93.7		0.169169
93.8		0.169169
93.9		0.169169
94		0.169169
94.1		0.170689
94.2		0.170689
94.3		0.170689
94.4		0.170689
94.5		0.170689
94.6		0.170689
94.7		0.170689
94.8		0.170689
94.9		0.170689
95		0.170689
95.1		0.172019
95.2		0.172019
95.3		0.172019
95.4		0.172019
95.5		0.172019
95.6		0.172019
95.7		0.172019
95.8		0.172019
95.9		0.172019
96		0.172019
96.1		0.177862
96.2		0.177862
96.3		0.177862
96.4		0.177862
96.5		0.177862
96.6		0.177862
96.7		0.177862
96.8		0.177862
96.9		0.177862
97		0.177862
97.1		0.17943
97.2		0.17943
97.3		0.17943
97.4		0.17943
97.5		0.17943
97.6		0.17943
97.7		0.17943
97.8		0.17943
97.9		0.17943
98		0.17943
98.1		0.179572
98.2		0.179572
98.3		0.179572
98.4		0.179572
98.5		0.179572
98.6		0.179572
98.7		0.179572
98.8		0.179572
98.9		0.179572
99		0.179572
99.1		0.179905
99.2		0.179905
99.3		0.179905
99.4		0.179905
99.5		0.179905
99.6		0.179905
99.7		0.179905
99.8		0.179905
99.9		0.179905
100		0.179905
100.1		0.188884
100.2		0.188884
100.3		0.188884
100.4		0.188884
100.5		0.188884
100.6		0.188884
100.7		0.188884
100.8		0.188884
100.9		0.188884
101		0.188884
101.1		0.189406
101.2		0.189406
101.3		0.189406
101.4		0.189406
101.5		0.189406
101.6		0.189406
101.7		0.189406
101.8		0.189406
101.9		0.189406
102		0.189406
102.1		0.189501
102.2		0.189501
102.3		0.189501
102.4		0.189501
102.5		0.189501
102.6		0.189501
102.7		0.189501
102.8		0.189501
102.9		0.189501
103		0.189501
103.1		0.189739
103.2		0.189739
103.3		0.189739
103.4		0.189739
103.5		0.189739
103.6		0.189739
103.7		0.189739
103.8		0.189739
103.9		0.189739
104		0.189739
104.1		0.196105
104.2		0.196105
104.3		0.196105
104.4		0.196105
104.5		0.196105
104.6		0.196105
104.7		0.196105
104.8		0.196105
104.9		0.196105
105		0.196105
105.1		0.19924
105.2		0.19924
105.3		0.19924
105.4		0.19924
105.5		0.19924
105.6		0.19924
105.7		0.19924
105.8		0.19924
105.9		0.19924
106		0.19924
106.1		0.19962
106.2		0.19962
106.3		0.19962
106.4		0.19962
106.5		0.19962
106.6		0.19962
106.7		0.19962
106.8		0.19962
106.9		0.19962
107		0.19962
107.1		0.199857
107.2		0.199857
107.3		0.199857
107.4		0.199857
107.5		0.199857
107.6		0.199857
107.7		0.199857
107.8		0.199857
107.9		0.199857
108		0.199857
108.1		0.203088
108.2		0.203088
108.3		0.203088
108.4		0.203088
108.5		0.203088
108.6		0.203088
108.7		0.203088
108.8		0.203088
108.9		0.203088
109		0.203088
109.1		0.206461
109.2		0.206461
109.3		0.206461
109.4		0.206461
109.5		0.206461
109.6		0.206461
109.7		0.206461
109.8		0.206461
109.9		0.206461
110		0.206461
110.1		0.207601
110.2		0.207601
110.3		0.207601
110.4		0.207601
110.5		0.207601
110.6		0.207601
110.7		0.207601
110.8		0.207601
110.9		0.207601
111		0.207601
111.1		0.210831
111.2		0.210831
111.3		0.210831
111.4		0.210831
111.5		0.210831
111.6		0.210831
111.7		0.210831
111.8		0.210831
111.9		0.210831
112		0.210831
112.1		0.212447
112.2		0.212447
112.3		0.212447
112.4		0.212447
112.5		0.212447
112.6		0.212447
112.7		0.212447
112.8		0.212447
112.9		0.212447
113		0.212447
113.1		0.214442
113.2		0.214442
113.3		0.214442
113.4		0.214442
113.5		0.214442
113.6		0.214442
113.7		0.214442
113.8		0.214442
113.9		0.214442
114		0.214442
114.1		0.218717
114.2		0.218717
114.3		0.218717
114.4		0.218717
114.5		0.218717
114.6		0.218717
114.7		0.218717
114.8		0.218717
114.9		0.218717
115		0.218717
115.1		0.219667
115.2		0.219667
115.3		0.219667
115.4		0.219667
115.5		0.219667
115.6		0.219667
115.7		0.219667
115.8		0.219667
115.9		0.219667
116		0.219667
116.1		0.221473
116.2		0.221473
116.3		0.221473
116.4		0.221473
116.5		0.221473
116.6		0.221473
116.7		0.221473
116.8		0.221473
116.9		0.221473
117		0.221473
117.1		0.2219
117.2		0.2219
117.3		0.2219
117.4		0.2219
117.5		0.2219
117.6		0.2219
117.7		0.2219
117.8		0.2219
117.9		0.2219
118		0.2219
118.1		0.224228
118.2		0.224228
118.3		0.224228
118.4		0.224228
118.5		0.224228
118.6		0.224228
118.7		0.224228
118.8		0.224228
118.9		0.224228
119		0.224228
119.1		0.227933
119.2		0.227933
119.3		0.227933
119.4		0.227933
119.5		0.227933
119.6		0.227933
119.7		0.227933
119.8		0.227933
119.9		0.227933
120		0.227933
120.1		0.227981
120.2		0.227981
120.3		0.227981
120.4		0.227981
120.5		0.227981
120.6		0.227981
120.7		0.227981
120.8		0.227981
120.9		0.227981
121		0.227981
121.1		0.233492
121.2		0.233492
121.3		0.233492
121.4		0.233492
121.5		0.233492
121.6		0.233492
121.7		0.233492
121.8		0.233492
121.9		0.233492
122		0.233492
122.1		0.235012
122.2		0.235012
122.3		0.235012
122.4		0.235012
122.5		0.235012
122.6		0.235012
122.7		0.235012
122.8		0.235012
122.9		0.235012
123		0.235012
123.1		0.237435
123.2		0.237435
123.3		0.237435
123.4		0.237435
123.5		0.237435
123.6		0.237435
123.7		0.237435
123.8		0.237435
123.9		0.237435
124		0.237435
124.1		0.2381
124.2		0.2381
124.3		0.2381
124.4		0.2381
124.5		0.2381
124.6		0.2381
124.7		0.2381
124.8		0.2381
124.9		0.2381
125		0.2381
125.1		0.23962
125.2		0.23962
125.3		0.23962
125.4		0.23962
125.5		0.23962
125.6		0.23962
125.7		0.23962
125.8		0.23962
125.9		0.23962
126		0.23962
126.1		0.244656
126.2		0.244656
126.3		0.244656
126.4		0.244656
126.5		0.244656
126.6		0.244656
126.7		0.244656
126.8		0.244656
126.9		0.244656
127		0.244656
127.1		0.247221
127.2		0.247221
127.3		0.247221
127.4		0.247221
127.5		0.247221
127.6		0.247221
127.7		0.247221
127.8		0.247221
127.9		0.247221
128		0.247221
128.1		0.247316
128.2		0.247316
128.3		0.247316
128.4		0.247316
128.5		0.247316
128.6		0.247316
128.7		0.247316
128.8		0.247316
128.9		0.247316
129		0.247316
129.1		0.249596
129.2		0.249596
129.3		0.249596
129.4		0.249596
129.5		0.249596
129.6		0.249596
129.7		0.249596
129.8		0.249596
129.9		0.249596
130		0.249596
130.1		0.254157
130.2		0.254157
130.3		0.254157
130.4		0.254157
130.5		0.254157
130.6		0.254157
130.7		0.254157
130.8		0.254157
130.9		0.254157
131		0.254157
131.1		0.254489
131.2		0.254489
131.3		0.254489
131.4		0.254489
131.5		0.254489
131.6		0.254489
131.7		0.254489
131.8		0.254489
131.9		0.254489
132		0.254489
132.1		0.255914
132.2		0.255914
132.3		0.255914
132.4		0.255914
132.5		0.255914
132.6		0.255914
132.7		0.255914
132.8		0.255914
132.9		0.255914
133		0.255914
133.1		0.25829
133.2		0.25829
133.3		0.25829
133.4		0.25829
133.5		0.25829
133.6		0.25829
133.7		0.25829
133.8		0.25829
133.9		0.25829
134		0.25829
134.1		0.262518
134.2		0.262518
134.3		0.262518
134.4		0.262518
134.5		0.262518
134.6		0.262518
134.7		0.262518
134.8		0.262518
134.9		0.262518
135		0.262518
135.1		0.262993
135.2		0.262993
135.3		0.262993
135.4		0.262993
135.5		0.262993
135.6		0.262993
135.7		0.262993
135.8		0.262993
135.9		0.262993
136		0.262993
136.1		0.265558
136.2		0.265558
136.3		0.265558
136.4		0.265558
136.5		0.265558
136.6		0.265558
136.7		0.265558
136.8		0.265558
136.9		0.265558
137		0.265558
137.1		0.265796
137.2		0.265796
137.3		0.265796
137.4		0.265796
137.5		0.265796
137.6		0.265796
137.7		0.265796
137.8		0.265796
137.9		0.265796
138		0.265796
138.1		0.270831
138.2		0.270831
138.3		0.270831
138.4		0.270831
138.5		0.270831
138.6		0.270831
138.7		0.270831
138.8		0.270831
138.9		0.270831
139		0.270831
139.1		0.271164
139.2		0.271164
139.3		0.271164
139.4		0.271164
139.5		0.271164
139.6		0.271164
139.7		0.271164
139.8		0.271164
139.9		0.271164
140		0.271164
140.1		0.271829
140.2		0.271829
140.3		0.271829
140.4		0.271829
140.5		0.271829
140.6		0.271829
140.7		0.271829
140.8		0.271829
140.9		0.271829
141		0.271829
141.1		0.275012
141.2		0.275012
141.3		0.275012
141.4		0.275012
141.5		0.275012
141.6		0.275012
141.7		0.275012
141.8		0.275012
141.9		0.275012
142		0.275012
142.1		0.27696
142.2		0.27696
142.3		0.27696
142.4		0.27696
142.5		0.27696
142.6		0.27696
142.7		0.27696
142.8		0.27696
142.9		0.27696
143		0.27696
143.1		0.279192
143.2		0.279192
143.3		0.279192
143.4		0.279192
143.5		0.279192
143.6		0.279192
143.7		0.279192
143.8		0.279192
143.9		0.279192
144		0.279192
144.1		0.279952
144.2		0.279952
144.3		0.279952
144.4		0.279952
144.5		0.279952
144.6		0.279952
144.7		0.279952
144.8		0.279952
144.9		0.279952
145		0.279952
145.1		0.28247
145.2		0.28247
145.3		0.28247
145.4		0.28247
145.5		0.28247
145.6		0.28247
145.7		0.28247
145.8		0.28247
145.9		0.28247
146		0.28247
146.1		0.286081
146.2		0.286081
146.3		0.286081
146.4		0.286081
146.5		0.286081
146.6		0.286081
146.7		0.286081
146.8		0.286081
146.9		0.286081
147		0.286081
147.1		0.286176
147.2		0.286176
147.3		0.286176
147.4		0.286176
147.5		0.286176
147.6		0.286176
147.7		0.286176
147.8		0.286176
147.9		0.286176
148		0.286176
148.1		0.289644
148.2		0.289644
148.3		0.289644
148.4		0.289644
148.5		0.289644
148.6		0.289644
148.7		0.289644
148.8		0.289644
148.9		0.289644
149		0.289644
149.1		0.291544
149.2		0.291544
149.3		0.291544
149.4		0.291544
149.5		0.291544
149.6		0.291544
149.7		0.291544
149.8		0.291544
149.9		0.291544
150		0.291544
150.1		0.293729
150.2		0.293729
150.3		0.293729
150.4		0.293729
150.5		0.293729
150.6		0.293729
150.7		0.293729
150.8		0.293729
150.9		0.293729
151		0.293729
151.1		0.295534
151.2		0.295534
151.3		0.295534
151.4		0.295534
151.5		0.295534
151.6		0.295534
151.7		0.295534
151.8		0.295534
151.9		0.295534
152		0.295534
152.1		0.298432
152.2		0.298432
152.3		0.298432
152.4		0.298432
152.5		0.298432
152.6		0.298432
152.7		0.298432
152.8		0.298432
152.9		0.298432
153		0.298432
153.1		0.298622
153.2		0.298622
153.3		0.298622
153.4		0.298622
153.5		0.298622
153.6		0.298622
153.7		0.298622
153.8		0.298622
153.9		0.298622
154		0.298622
154.1		0.302993
154.2		0.302993
154.3		0.302993
154.4		0.302993
154.5		0.302993
154.6		0.302993
154.7		0.302993
154.8		0.302993
154.9		0.302993
155		0.302993
155.1		0.304798
155.2		0.304798
155.3		0.304798
155.4		0.304798
155.5		0.304798
155.6		0.304798
155.7		0.304798
155.8		0.304798
155.9		0.304798
156		0.304798
156.1		0.309264
156.2		0.309264
156.3		0.309264
156.4		0.309264
156.5		0.309264
156.6		0.309264
156.7		0.309264
156.8		0.309264
156.9		0.309264
157		0.309264
157.1		0.309644
157.2		0.309644
157.3		0.309644
157.4		0.309644
157.5		0.309644
157.6		0.309644
157.7		0.309644
157.8		0.309644
157.9		0.309644
158		0.309644
158.1		0.309786
158.2		0.309786
158.3		0.309786
158.4		0.309786
158.5		0.309786
158.6		0.309786
158.7		0.309786
158.8		0.309786
158.9		0.309786
159		0.309786
159.1		0.310689
159.2		0.310689
159.3		0.310689
159.4		0.310689
159.5		0.310689
159.6		0.310689
159.7		0.310689
159.8		0.310689
159.9		0.310689
160		0.310689
160.1		0.318717
160.2		0.318717
160.3		0.318717
160.4		0.318717
160.5		0.318717
160.6		0.318717
160.7		0.318717
160.8		0.318717
160.9		0.318717
161		0.318717
161.1		0.319382
161.2		0.319382
161.3		0.319382
161.4		0.319382
161.5		0.319382
161.6		0.319382
161.7		0.319382
161.8		0.319382
161.9		0.319382
162		0.319382
162.1		0.320713
162.2		0.320713
162.3		0.320713
162.4		0.320713
162.5		0.320713
162.6		0.320713
162.7		0.320713
162.8		0.320713
162.9		0.320713
163		0.320713
163.1		0.320855
163.2		0.320855
163.3		0.320855
163.4		0.320855
163.5		0.320855
163.6		0.320855
163.7		0.320855
163.8		0.320855
163.9		0.320855
164		0.320855
164.1		0.326746
164.2		0.326746
164.3		0.326746
164.4		0.326746
164.5		0.326746
164.6		0.326746
164.7		0.326746
164.8		0.326746
164.9		0.326746
165		0.326746
165.1		0.328266
165.2		0.328266
165.3		0.328266
165.4		0.328266
165.5		0.328266
165.6		0.328266
165.7		0.328266
165.8		0.328266
165.9		0.328266
166		0.328266
166.1		0.328599
166.2		0.328599
166.3		0.328599
166.4		0.328599
166.5		0.328599
166.6		0.328599
166.7		0.328599
166.8		0.328599
166.9		0.328599
167		0.328599
167.1		0.328836
167.2		0.328836
167.3		0.328836
167.4		0.328836
167.5		0.328836
167.6		0.328836
167.7		0.328836
167.8		0.328836
167.9		0.328836
168		0.328836
168.1		0.334109
168.2		0.334109
168.3		0.334109
168.4		0.334109
168.5		0.334109
168.6		0.334109
168.7		0.334109
168.8		0.334109
168.9		0.334109
169		0.334109
169.1		0.335297
169.2		0.335297
169.3		0.335297
169.4		0.335297
169.5		0.335297
169.6		0.335297
169.7		0.335297
169.8		0.335297
169.9		0.335297
170		0.335297
170.1		0.335819
170.2		0.335819
170.3		0.335819
170.4		0.335819
170.5		0.335819
170.6		0.335819
170.7		0.335819
170.8		0.335819
170.9		0.335819
171		0.335819
171.1		0.339002
171.2		0.339002
171.3		0.339002
171.4		0.339002
171.5		0.339002
171.6		0.339002
171.7		0.339002
171.8		0.339002
171.9		0.339002
172		0.339002
172.1		0.344133
172.2		0.344133
172.3		0.344133
172.4		0.344133
172.5		0.344133
172.6		0.344133
172.7		0.344133
172.8		0.344133
172.9		0.344133
173		0.344133
173.1		0.344846
173.2		0.344846
173.3		0.344846
173.4		0.344846
173.5		0.344846
173.6		0.344846
173.7		0.344846
173.8		0.344846
173.9		0.344846
174		0.344846
174.1		0.345321
174.2		0.345321
174.3		0.345321
174.4		0.345321
174.5		0.345321
174.6		0.345321
174.7		0.345321
174.8		0.345321
174.9		0.345321
175		0.345321
175.1		0.346603
175.2		0.346603
175.3		0.346603
175.4		0.346603
175.5		0.346603
175.6		0.346603
175.7		0.346603
175.8		0.346603
175.9		0.346603
176		0.346603
176.1		0.348551
176.2		0.348551
176.3		0.348551
176.4		0.348551
176.5		0.348551
176.6		0.348551
176.7		0.348551
176.8		0.348551
176.9		0.348551
177		0.348551
177.1		0.351069
177.2		0.351069
177.3		0.351069
177.4		0.351069
177.5		0.351069
177.6		0.351069
177.7		0.351069
177.8		0.351069
177.9		0.351069
178		0.351069
178.1		0.354109
178.2		0.354109
178.3		0.354109
178.4		0.354109
178.5		0.354109
178.6		0.354109
178.7		0.354109
178.8		0.354109
178.9		0.354109
179		0.354109
179.1		0.357387
179.2		0.357387
179.3		0.357387
179.4		0.357387
179.5		0.357387
179.6		0.357387
179.7		0.357387
179.8		0.357387
179.9		0.357387
180		0.357387
180.1		0.358765
180.2		0.358765
180.3		0.358765
180.4		0.358765
180.5		0.358765
180.6		0.358765
180.7		0.358765
180.8		0.358765
180.9		0.358765
181		0.358765
181.1		0.361235
181.2		0.361235
181.3		0.361235
181.4		0.361235
181.5		0.361235
181.6		0.361235
181.7		0.361235
181.8		0.361235
181.9		0.361235
182		0.361235
182.1		0.361615
182.2		0.361615
182.3		0.361615
182.4		0.361615
182.5		0.361615
182.6		0.361615
182.7		0.361615
182.8		0.361615
182.9		0.361615
183		0.361615
183.1		0.36228
183.2		0.36228
183.3		0.36228
183.4		0.36228
183.5		0.36228
183.6		0.36228
183.7		0.36228
183.8		0.36228
183.9		0.36228
184		0.36228
184.1		0.366461
184.2		0.366461
184.3		0.366461
184.4		0.366461
184.5		0.366461
184.6		0.366461
184.7		0.366461
184.8		0.366461
184.9		0.366461
185		0.366461
185.1		0.370831
185.2		0.370831
185.3		0.370831
185.4		0.370831
185.5		0.370831
185.6		0.370831
185.7		0.370831
185.8		0.370831
185.9		0.370831
186		0.370831
186.1		0.373064
186.2		0.373064
186.3		0.373064
186.4		0.373064
186.5		0.373064
186.6		0.373064
186.7		0.373064
186.8		0.373064
186.9		0.373064
187		0.373064
187.1		0.373444
187.2		0.373444
187.3		0.373444
187.4		0.373444
187.5		0.373444
187.6		0.373444
187.7		0.373444
187.8		0.373444
187.9		0.373444
188		0.373444
188.1		0.375677
188.2		0.375677
188.3		0.375677
188.4		0.375677
188.5		0.375677
188.6		0.375677
188.7		0.375677
188.8		0.375677
188.9		0.375677
189		0.375677
189.1		0.377482
189.2		0.377482
189.3		0.377482
189.4		0.377482
189.5		0.377482
189.6		0.377482
189.7		0.377482
189.8		0.377482
189.9		0.377482
190		0.377482
190.1		0.379382
190.2		0.379382
190.3		0.379382
190.4		0.379382
190.5		0.379382
190.6		0.379382
190.7		0.379382
190.8		0.379382
190.9		0.379382
191		0.379382
191.1		0.383515
191.2		0.383515
191.3		0.383515
191.4		0.383515
191.5		0.383515
191.6		0.383515
191.7		0.383515
191.8		0.383515
191.9		0.383515
192		0.383515
192.1		0.3838
192.2		0.3838
192.3		0.3838
192.4		0.3838
192.5		0.3838
192.6		0.3838
192.7		0.3838
192.8		0.3838
192.9		0.3838
193		0.3838
193.1		0.384418
193.2		0.384418
193.3		0.384418
193.4		0.384418
193.5		0.384418
193.6		0.384418
193.7		0.384418
193.8		0.384418
193.9		0.384418
194		0.384418
194.1		0.387221
194.2		0.387221
194.3		0.387221
194.4		0.387221
194.5		0.387221
194.6		0.387221
194.7		0.387221
194.8		0.387221
194.9		0.387221
195		0.387221
195.1		0.389359
195.2		0.389359
195.3		0.389359
195.4		0.389359
195.5		0.389359
195.6		0.389359
195.7		0.389359
195.8		0.389359
195.9		0.389359
196		0.389359
196.1		0.389501
196.2		0.389501
196.3		0.389501
196.4		0.389501
196.5		0.389501
196.6		0.389501
196.7		0.389501
196.8		0.389501
196.9		0.389501
197		0.389501
197.1		0.393492
197.2		0.393492
197.3		0.393492
197.4		0.393492
197.5		0.393492
197.6		0.393492
197.7		0.393492
197.8		0.393492
197.9		0.393492
198		0.393492
198.1		0.395819
198.2		0.395819
198.3		0.395819
198.4		0.395819
198.5		0.395819
198.6		0.395819
198.7		0.395819
198.8		0.395819
198.9		0.395819
199		0.395819
199.1		0.400713
199.2		0.400713
199.3		0.400713
199.4		0.400713
199.5		0.400713
199.6		0.400713
199.7		0.400713
199.8		0.400713
199.9		0.400713
200		0.400713
200.1		0.401425
200.2		0.401425
200.3		0.401425
200.4		0.401425
200.5		0.401425
200.6		0.401425
200.7		0.401425
200.8		0.401425
200.9		0.401425
201		0.401425
201.1		0.401663
201.2		0.401663
201.3		0.401663
201.4		0.401663
201.5		0.401663
201.6		0.401663
201.7		0.401663
201.8		0.401663
201.9		0.401663
202		0.401663
202.1		0.405701
202.2		0.405701
202.3		0.405701
202.4		0.405701
202.5		0.405701
202.6		0.405701
202.7		0.405701
202.8		0.405701
202.9		0.405701
203		0.405701
203.1		0.407126
203.2		0.407126
203.3		0.407126
203.4		0.407126
203.5		0.407126
203.6		0.407126
203.7		0.407126
203.8		0.407126
203.9		0.407126
204		0.407126
204.1		0.409976
204.2		0.409976
204.3		0.409976
204.4		0.409976
204.5		0.409976
204.6		0.409976
204.7		0.409976
204.8		0.409976
204.9		0.409976
205		0.409976
205.1		0.411401
205.2		0.411401
205.3		0.411401
205.4		0.411401
205.5		0.411401
205.6		0.411401
205.7		0.411401
205.8		0.411401
205.9		0.411401
206		0.411401
206.1		0.415297
206.2		0.415297
206.3		0.415297
206.4		0.415297
206.5		0.415297
206.6		0.415297
206.7		0.415297
206.8		0.415297
206.9		0.415297
207		0.415297
207.1		0.416295
207.2		0.416295
207.3		0.416295
207.4		0.416295
207.5		0.416295
207.6		0.416295
207.7		0.416295
207.8		0.416295
207.9		0.416295
208		0.416295
208.1		0.418385
208.2		0.418385
208.3		0.418385
208.4		0.418385
208.5		0.418385
208.6		0.418385
208.7		0.418385
208.8		0.418385
208.9		0.418385
209		0.418385
209.1		0.419477
209.2		0.419477
209.3		0.419477
209.4		0.419477
209.5		0.419477
209.6		0.419477
209.7		0.419477
209.8		0.419477
209.9		0.419477
210		0.419477
210.1		0.42399
210.2		0.42399
210.3		0.42399
210.4		0.42399
210.5		0.42399
210.6		0.42399
210.7		0.42399
210.8		0.42399
210.9		0.42399
211		0.42399
211.1		0.425273
211.2		0.425273
211.3		0.425273
211.4		0.425273
211.5		0.425273
211.6		0.425273
211.7		0.425273
211.8		0.425273
211.9		0.425273
212		0.425273
212.1		0.428171
212.2		0.428171
212.3		0.428171
212.4		0.428171
212.5		0.428171
212.6		0.428171
212.7		0.428171
212.8		0.428171
212.9		0.428171
213		0.428171
213.1		0.429691
213.2		0.429691
213.3		0.429691
213.4		0.429691
213.5		0.429691
213.6		0.429691
213.7		0.429691
213.8		0.429691
213.9		0.429691
214		0.429691
214.1		0.432827
214.2		0.432827
214.3		0.432827
214.4		0.432827
214.5		0.432827
214.6		0.432827
214.7		0.432827
214.8		0.432827
214.9		0.432827
215		0.432827
215.1		0.434347
215.2		0.434347
215.3		0.434347
215.4		0.434347
215.5		0.434347
215.6		0.434347
215.7		0.434347
215.8		0.434347
215.9		0.434347
216		0.434347
216.1		0.435392
216.2		0.435392
216.3		0.435392
216.4		0.435392
216.5		0.435392
216.6		0.435392
216.7		0.435392
216.8		0.435392
216.9		0.435392
217		0.435392
217.1		0.44057
217.2		0.44057
217.3		0.44057
217.4		0.44057
217.5		0.44057
217.6		0.44057
217.7		0.44057
217.8		0.44057
217.9		0.44057
218		0.44057
218.1		0.442708
218.2		0.442708
218.3		0.442708
218.4		0.442708
218.5		0.442708
218.6		0.442708
218.7		0.442708
218.8		0.442708
218.9		0.442708
219		0.442708
219.1		0.44285
219.2		0.44285
219.3		0.44285
219.4		0.44285
219.5		0.44285
219.6		0.44285
219.7		0.44285
219.8		0.44285
219.9		0.44285
220		0.44285
220.1		0.446081
220.2		0.446081
220.3		0.446081
220.4		0.446081
220.5		0.446081
220.6		0.446081
220.7		0.446081
220.8		0.446081
220.9		0.446081
221		0.446081
221.1		0.446223
221.2		0.446223
221.3		0.446223
221.4		0.446223
221.5		0.446223
221.6		0.446223
221.7		0.446223
221.8		0.446223
221.9		0.446223
222		0.446223
222.1		0.448361
222.2		0.448361
222.3		0.448361
222.4		0.448361
222.5		0.448361
222.6		0.448361
222.7		0.448361
222.8		0.448361
222.9		0.448361
223		0.448361
223.1		0.454632
223.2		0.454632
223.3		0.454632
223.4		0.454632
223.5		0.454632
223.6		0.454632
223.7		0.454632
223.8		0.454632
223.9		0.454632
224		0.454632
224.1		0.454822
224.2		0.454822
224.3		0.454822
224.4		0.454822
224.5		0.454822
224.6		0.454822
224.7		0.454822
224.8		0.454822
224.9		0.454822
225		0.454822
225.1		0.456485
225.2		0.456485
225.3		0.456485
225.4		0.456485
225.5		0.456485
225.6		0.456485
225.7		0.456485
225.8		0.456485
225.9		0.456485
226		0.456485
226.1		0.45905
226.2		0.45905
226.3		0.45905
226.4		0.45905
226.5		0.45905
226.6		0.45905
226.7		0.45905
226.8		0.45905
226.9		0.45905
227		0.45905
227.1		0.45962
227.2		0.45962
227.3		0.45962
227.4		0.45962
227.5		0.45962
227.6		0.45962
227.7		0.45962
227.8		0.45962
227.9		0.45962
228		0.45962
228.1		0.465748
228.2		0.465748
228.3		0.465748
228.4		0.465748
228.5		0.465748
228.6		0.465748
228.7		0.465748
228.8		0.465748
228.9		0.465748
229		0.465748
229.1		0.466936
229.2		0.466936
229.3		0.466936
229.4		0.466936
229.5		0.466936
229.6		0.466936
229.7		0.466936
229.8		0.466936
229.9		0.466936
230		0.466936
230.1		0.467886
230.2		0.467886
230.3		0.467886
230.4		0.467886
230.5		0.467886
230.6		0.467886
230.7		0.467886
230.8		0.467886
230.9		0.467886
231		0.467886
231.1		0.469501
231.2		0.469501
231.3		0.469501
231.4		0.469501
231.5		0.469501
231.6		0.469501
231.7		0.469501
231.8		0.469501
231.9		0.469501
232		0.469501
232.1		0.473254
232.2		0.473254
232.3		0.473254
232.4		0.473254
232.5		0.473254
232.6		0.473254
232.7		0.473254
232.8		0.473254
232.9		0.473254
233		0.473254
233.1		0.475867
233.2		0.475867
233.3		0.475867
233.4		0.475867
233.5		0.475867
233.6		0.475867
233.7		0.475867
233.8		0.475867
233.9		0.475867
234		0.475867
234.1		0.476912
234.2		0.476912
234.3		0.476912
234.4		0.476912
234.5		0.476912
234.6		0.476912
234.7		0.476912
234.8		0.476912
234.9		0.476912
235		0.476912
235.1		0.478575
235.2		0.478575
235.3		0.478575
235.4		0.478575
235.5		0.478575
235.6		0.478575
235.7		0.478575
235.8		0.478575
235.9		0.478575
236		0.478575
236.1		0.481615
236.2		0.481615
236.3		0.481615
236.4		0.481615
236.5		0.481615
236.6		0.481615
236.7		0.481615
236.8		0.481615
236.9		0.481615
237		0.481615
237.1		0.481853
237.2		0.481853
237.3		0.481853
237.4		0.481853
237.5		0.481853
237.6		0.481853
237.7		0.481853
237.8		0.481853
237.9		0.481853
238		0.481853
238.1		0.482993
238.2		0.482993
238.3		0.482993
238.4		0.482993
238.5		0.482993
238.6		0.482993
238.7		0.482993
238.8		0.482993
238.9		0.482993
239		0.482993
239.1		0.485938
239.2		0.485938
239.3		0.485938
239.4		0.485938
239.5		0.485938
239.6		0.485938
239.7		0.485938
239.8		0.485938
239.9		0.485938
240		0.485938
240.1		0.490356
240.2		0.490356
240.3		0.490356
240.4		0.490356
240.5		0.490356
240.6		0.490356
240.7		0.490356
240.8		0.490356
240.9		0.490356
241		0.490356
241.1		0.493349
241.2		0.493349
241.3		0.493349
241.4		0.493349
241.5		0.493349
241.6		0.493349
241.7		0.493349
241.8		0.493349
241.9		0.493349
242		0.493349
242.1		0.493682
242.2		0.493682
242.3		0.493682
242.4		0.493682
242.5		0.493682
242.6		0.493682
242.7		0.493682
242.8		0.493682
242.9		0.493682
243		0.493682
243.1		0.496437
243.2		0.496437
243.3		0.496437
243.4		0.496437
243.5		0.496437
243.6		0.496437
243.7		0.496437
243.8		0.496437
243.9		0.496437
244		0.496437
244.1		0.497102
244.2		0.497102
244.3		0.497102
244.4		0.497102
244.5		0.497102
244.6		0.497102
244.7		0.497102
244.8		0.497102
244.9		0.497102
245		0.497102
245.1		0.500665
245.2		0.500665
245.3		0.500665
245.4		0.500665
245.5		0.500665
245.6		0.500665
245.7		0.500665
245.8		0.500665
245.9		0.500665
246		0.500665
246.1		0.500808
246.2		0.500808
246.3		0.500808
246.4		0.500808
246.5		0.500808
246.6		0.500808
246.7		0.500808
246.8		0.500808
246.9		0.500808
247		0.500808
247.1		0.503183
247.2		0.503183
247.3		0.503183
247.4		0.503183
247.5		0.503183
247.6		0.503183
247.7		0.503183
247.8		0.503183
247.9		0.503183
248		0.503183
248.1		0.504941
248.2		0.504941
248.3		0.504941
248.4		0.504941
248.5		0.504941
248.6		0.504941
248.7		0.504941
248.8		0.504941
248.9		0.504941
249		0.504941
249.1		0.507411
249.2		0.507411
249.3		0.507411
249.4		0.507411
249.5		0.507411
249.6		0.507411
249.7		0.507411
249.8		0.507411
249.9		0.507411
250		0.507411
250.1		0.512209
250.2		0.512209
250.3		0.512209
250.4		0.512209
250.5		0.512209
250.6		0.512209
250.7		0.512209
250.8		0.512209
250.9		0.512209
251		0.512209
251.1		0.512209
251.2		0.512209
251.3		0.512209
251.4		0.512209
251.5		0.512209
251.6		0.512209
251.7		0.512209
251.8		0.512209
251.9		0.512209
252		0.512209
252.1		0.513064
252.2		0.513064
252.3		0.513064
252.4		0.513064
252.5		0.513064
252.6		0.513064
252.7		0.513064
252.8		0.513064
252.9		0.513064
253		0.513064
253.1		0.514489
253.2		0.514489
253.3		0.514489
253.4		0.514489
253.5		0.514489
253.6		0.514489
253.7		0.514489
253.8		0.514489
253.9		0.514489
254		0.514489
254.1		0.51962
254.2		0.51962
254.3		0.51962
254.4		0.51962
254.5		0.51962
254.6		0.51962
254.7		0.51962
254.8		0.51962
254.9		0.51962
255		0.51962
255.1		0.52
255.2		0.52
255.3		0.52
255.4		0.52
255.5		0.52
255.6		0.52
255.7		0.52
255.8		0.52
255.9		0.52
256		0.52
256.1		0.52266
256.2		0.52266
256.3		0.52266
256.4		0.52266
256.5		0.52266
256.6		0.52266
256.7		0.52266
256.8		0.52266
256.9		0.52266
257		0.52266
257.1		0.523705
257.2		0.523705
257.3		0.523705
257.4		0.523705
257.5		0.523705
257.6		0.523705
257.7		0.523705
257.8		0.523705
257.9		0.523705
258		0.523705
258.1		0.528931
258.2		0.528931
258.3		0.528931
258.4		0.528931
258.5		0.528931
258.6		0.528931
258.7		0.528931
258.8		0.528931
258.9		0.528931
259		0.528931
259.1		0.529929
259.2		0.529929
259.3		0.529929
259.4		0.529929
259.5		0.529929
259.6		0.529929
259.7		0.529929
259.8		0.529929
259.9		0.529929
260		0.529929
260.1		0.530594
260.2		0.530594
260.3		0.530594
260.4		0.530594
260.5		0.530594
260.6		0.530594
260.7		0.530594
260.8		0.530594
260.9		0.530594
261		0.530594
261.1		0.531686
261.2		0.531686
261.3		0.531686
261.4		0.531686
261.5		0.531686
261.6		0.531686
261.7		0.531686
261.8		0.531686
261.9		0.531686
262		0.531686
262.1		0.535962
262.2		0.535962
262.3		0.535962
262.4		0.535962
262.5		0.535962
262.6		0.535962
262.7		0.535962
262.8		0.535962
262.9		0.535962
263		0.535962
263.1		0.5381
263.2		0.5381
263.3		0.5381
263.4		0.5381
263.5		0.5381
263.6		0.5381
263.7		0.5381
263.8		0.5381
263.9		0.5381
264		0.5381
264.1		0.538717
264.2		0.538717
264.3		0.538717
264.4		0.538717
264.5		0.538717
264.6		0.538717
264.7		0.538717
264.8		0.538717
264.9		0.538717
265		0.538717
265.1		0.538907
265.2		0.538907
265.3		0.538907
265.4		0.538907
265.5		0.538907
265.6		0.538907
265.7		0.538907
265.8		0.538907
265.9		0.538907
266		0.538907
266.1		0.543753
266.2		0.543753
266.3		0.543753
266.4		0.543753
266.5		0.543753
266.6		0.543753
266.7		0.543753
266.8		0.543753
266.9		0.543753
267		0.543753
267.1		0.547078
267.2		0.547078
267.3		0.547078
267.4		0.547078
267.5		0.547078
267.6		0.547078
267.7		0.547078
267.8		0.547078
267.9		0.547078
268		0.547078
268.1		0.548931
268.2		0.548931
268.3		0.548931
268.4		0.548931
268.5		0.548931
268.6		0.548931
268.7		0.548931
268.8		0.548931
268.9		0.548931
269		0.548931
269.1		0.551591
269.2		0.551591
269.3		0.551591
269.4		0.551591
269.5		0.551591
269.6		0.551591
269.7		0.551591
269.8		0.551591
269.9		0.551591
270		0.551591
270.1		0.553634
270.2		0.553634
270.3		0.553634
270.4		0.553634
270.5		0.553634
270.6		0.553634
270.7		0.553634
270.8		0.553634
270.9		0.553634
271		0.553634
271.1		0.553777
271.2		0.553777
271.3		0.553777
271.4		0.553777
271.5		0.553777
271.6		0.553777
271.7		0.553777
271.8		0.553777
271.9		0.553777
272		0.553777
272.1		0.555107
272.2		0.555107
272.3		0.555107
272.4		0.555107
272.5		0.555107
272.6		0.555107
272.7		0.555107
272.8		0.555107
272.9		0.555107
273		0.555107
273.1		0.558907
273.2		0.558907
273.3		0.558907
273.4		0.558907
273.5		0.558907
273.6		0.558907
273.7		0.558907
273.8		0.558907
273.9		0.558907
274		0.558907
274.1		0.55981
274.2		0.55981
274.3		0.55981
274.4		0.55981
274.5		0.55981
274.6		0.55981
274.7		0.55981
274.8		0.55981
274.9		0.55981
275		0.55981
275.1		0.563468
275.2		0.563468
275.3		0.563468
275.4		0.563468
275.5		0.563468
275.6		0.563468
275.7		0.563468
275.8		0.563468
275.9		0.563468
276		0.563468
276.1		0.565131
276.2		0.565131
276.3		0.565131
276.4		0.565131
276.5		0.565131
276.6		0.565131
276.7		0.565131
276.8		0.565131
276.9		0.565131
277		0.565131
277.1		0.565511
277.2		0.565511
277.3		0.565511
277.4		0.565511
277.5		0.565511
277.6		0.565511
277.7		0.565511
277.8		0.565511
277.9		0.565511
278		0.565511
278.1		0.565606
278.2		0.565606
278.3		0.565606
278.4		0.565606
278.5		0.565606
278.6		0.565606
278.7		0.565606
278.8		0.565606
278.9		0.565606
279		0.565606
279.1		0.568741
279.2		0.568741
279.3		0.568741
279.4		0.568741
279.5		0.568741
279.6		0.568741
279.7		0.568741
279.8		0.568741
279.9		0.568741
280		0.568741
280.1		0.570736
280.2		0.570736
280.3		0.570736
280.4		0.570736
280.5		0.570736
280.6		0.570736
280.7		0.570736
280.8		0.570736
280.9		0.570736
281		0.570736
281.1		0.573017
281.2		0.573017
281.3		0.573017
281.4		0.573017
281.5		0.573017
281.6		0.573017
281.7		0.573017
281.8		0.573017
281.9		0.573017
282		0.573017
282.1		0.575487
282.2		0.575487
282.3		0.575487
282.4		0.575487
282.5		0.575487
282.6		0.575487
282.7		0.575487
282.8		0.575487
282.9		0.575487
283		0.575487
283.1		0.575914
283.2		0.575914
283.3		0.575914
283.4		0.575914
283.5		0.575914
283.6		0.575914
283.7		0.575914
283.8		0.575914
283.9		0.575914
284		0.575914
284.1		0.579762
284.2		0.579762
284.3		0.579762
284.4		0.579762
284.5		0.579762
284.6		0.579762
284.7		0.579762
284.8		0.579762
284.9		0.579762
285		0.579762
285.1		0.582233
285.2		0.582233
285.3		0.582233
285.4		0.582233
285.5		0.582233
285.6		0.582233
285.7		0.582233
285.8		0.582233
285.9		0.582233
286		0.582233
286.1		0.586746
286.2		0.586746
286.3		0.586746
286.4		0.586746
286.5		0.586746
286.6		0.586746
286.7		0.586746
286.8		0.586746
286.9		0.586746
287		0.586746
287.1		0.591781
287.2		0.591781
287.3		0.591781
287.4		0.591781
287.5		0.591781
287.6		0.591781
287.7		0.591781
287.8		0.591781
287.9		0.591781
288		0.591781
288.1		0.592257
288.2		0.592257
288.3		0.592257
288.4		0.592257
288.5		0.592257
288.6		0.592257
288.7		0.592257
288.8		0.592257
288.9		0.592257
289		0.592257
289.1		0.592684
289.2		0.592684
289.3		0.592684
289.4		0.592684
289.5		0.592684
289.6		0.592684
289.7		0.592684
289.8		0.592684
289.9		0.592684
290		0.592684
290.1		0.594252
290.2		0.594252
290.3		0.594252
290.4		0.594252
290.5		0.594252
290.6		0.594252
290.7		0.594252
290.8		0.594252
290.9		0.594252
291		0.594252
291.1		0.598432
291.2		0.598432
291.3		0.598432
291.4		0.598432
291.5		0.598432
291.6		0.598432
291.7		0.598432
291.8		0.598432
291.9		0.598432
292		0.598432
292.1		0.60342
292.2		0.60342
292.3		0.60342
292.4		0.60342
292.5		0.60342
292.6		0.60342
292.7		0.60342
292.8		0.60342
292.9		0.60342
293		0.60342
293.1		0.603943
293.2		0.603943
293.3		0.603943
293.4		0.603943
293.5		0.603943
293.6		0.603943
293.7		0.603943
293.8		0.603943
293.9		0.603943
294		0.603943
294.1		0.605463
294.2		0.605463
294.3		0.605463
294.4		0.605463
294.5		0.605463
294.6		0.605463
294.7		0.605463
294.8		0.605463
294.9		0.605463
295		0.605463
295.1		0.605463
295.2		0.605463
295.3		0.605463
295.4		0.605463
295.5		0.605463
295.6		0.605463
295.7		0.605463
295.8		0.605463
295.9		0.605463
296		0.605463
296.1		0.605463
296.2		0.605463
296.3		0.605463
296.4		0.605463
296.5		0.605463
296.6		0.605463
296.7		0.605463
296.8		0.605463
296.9		0.605463
297		0.605463
297.1		0.607791
297.2		0.607791
297.3		0.607791
297.4		0.607791
297.5		0.607791
297.6		0.607791
297.7		0.607791
297.8		0.607791
297.9		0.607791
298		0.607791
298.1		0.609074
298.2		0.609074
298.3		0.609074
298.4		0.609074
298.5		0.609074
298.6		0.609074
298.7		0.609074
298.8		0.609074
298.9		0.609074
299		0.609074
299.1		0.611496
299.2		0.611496
299.3		0.611496
299.4		0.611496
299.5		0.611496
299.6		0.611496
299.7		0.611496
299.8		0.611496
299.9		0.611496
300		0.611496
300.1		0.614489
300.2		0.614489
300.3		0.614489
300.4		0.614489
300.5		0.614489
300.6		0.614489
300.7		0.614489
300.8		0.614489
300.9		0.614489
301		0.614489
301.1		0.615534
301.2		0.615534
301.3		0.615534
301.4		0.615534
301.5		0.615534
301.6		0.615534
301.7		0.615534
301.8		0.615534
301.9		0.615534
302		0.615534
302.1		0.618622
302.2		0.618622
302.3		0.618622
302.4		0.618622
302.5		0.618622
302.6		0.618622
302.7		0.618622
302.8		0.618622
302.9		0.618622
303		0.618622
303.1		0.62038
303.2		0.62038
303.3		0.62038
303.4		0.62038
303.5		0.62038
303.6		0.62038
303.7		0.62038
303.8		0.62038
303.9		0.62038
304		0.62038
304.1		0.62152
304.2		0.62152
304.3		0.62152
304.4		0.62152
304.5		0.62152
304.6		0.62152
304.7		0.62152
304.8		0.62152
304.9		0.62152
305		0.62152
305.1		0.621948
305.2		0.621948
305.3		0.621948
305.4		0.621948
305.5		0.621948
305.6		0.621948
305.7		0.621948
305.8		0.621948
305.9		0.621948
306		0.621948
306.1		0.627696
306.2		0.627696
306.3		0.627696
306.4		0.627696
306.5		0.627696
306.6		0.627696
306.7		0.627696
306.8		0.627696
306.9		0.627696
307		0.627696
307.1		0.628504
307.2		0.628504
307.3		0.628504
307.4		0.628504
307.5		0.628504
307.6		0.628504
307.7		0.628504
307.8		0.628504
307.9		0.628504
308		0.628504
308.1		0.629834
308.2		0.629834
308.3		0.629834
308.4		0.629834
308.5		0.629834
308.6		0.629834
308.7		0.629834
308.8		0.629834
308.9		0.629834
309		0.629834
309.1		0.632447
309.2		0.632447
309.3		0.632447
309.4		0.632447
309.5		0.632447
309.6		0.632447
309.7		0.632447
309.8		0.632447
309.9		0.632447
310		0.632447
310.1		0.634632
310.2		0.634632
310.3		0.634632
310.4		0.634632
310.5		0.634632
310.6		0.634632
310.7		0.634632
310.8		0.634632
310.9		0.634632
311		0.634632
311.1		0.634869
311.2		0.634869
311.3		0.634869
311.4		0.634869
311.5		0.634869
311.6		0.634869
311.7		0.634869
311.8		0.634869
311.9		0.634869
312		0.634869
312.1		0.636817
312.2		0.636817
312.3		0.636817
312.4		0.636817
312.5		0.636817
312.6		0.636817
312.7		0.636817
312.8		0.636817
312.9		0.636817
313		0.636817
313.1		0.638195
313.2		0.638195
313.3		0.638195
313.4		0.638195
313.5		0.638195
313.6		0.638195
313.7		0.638195
313.8		0.638195
313.9		0.638195
314		0.638195
314.1		0.643135
314.2		0.643135
314.3		0.643135
314.4		0.643135
314.5		0.643135
314.6		0.643135
314.7		0.643135
314.8		0.643135
314.9		0.643135
315		0.643135
315.1		0.64361
315.2		0.64361
315.3		0.64361
315.4		0.64361
315.5		0.64361
315.6		0.64361
315.7		0.64361
315.8		0.64361
315.9		0.64361
316		0.64361
316.1		0.644133
316.2		0.644133
316.3		0.644133
316.4		0.644133
316.5		0.644133
316.6		0.644133
316.7		0.644133
316.8		0.644133
316.9		0.644133
317		0.644133
317.1		0.644371
317.2		0.644371
317.3		0.644371
317.4		0.644371
317.5		0.644371
317.6		0.644371
317.7		0.644371
317.8		0.644371
317.9		0.644371
318		0.644371
318.1		0.650736
318.2		0.650736
318.3		0.650736
318.4		0.650736
318.5		0.650736
318.6		0.650736
318.7		0.650736
318.8		0.650736
318.9		0.650736
319		0.650736
319.1		0.652304
319.2		0.652304
319.3		0.652304
319.4		0.652304
319.5		0.652304
319.6		0.652304
319.7		0.652304
319.8		0.652304
319.9		0.652304
320		0.652304
320.1		0.655107
320.2		0.655107
320.3		0.655107
320.4		0.655107
320.5		0.655107
320.6		0.655107
320.7		0.655107
320.8		0.655107
320.9		0.655107
321		0.655107
321.1		0.655487
321.2		0.655487
321.3		0.655487
321.4		0.655487
321.5		0.655487
321.6		0.655487
321.7		0.655487
321.8		0.655487
321.9		0.655487
322		0.655487
322.1		0.660048
322.2		0.660048
322.3		0.660048
322.4		0.660048
322.5		0.660048
322.6		0.660048
322.7		0.660048
322.8		0.660048
322.9		0.660048
323		0.660048
323.1		0.66076
323.2		0.66076
323.3		0.66076
323.4		0.66076
323.5		0.66076
323.6		0.66076
323.7		0.66076
323.8		0.66076
323.9		0.66076
324		0.66076
324.1		0.662233
324.2		0.662233
324.3		0.662233
324.4		0.662233
324.5		0.662233
324.6		0.662233
324.7		0.662233
324.8		0.662233
324.9		0.662233
325		0.662233
325.1		0.662803
325.2		0.662803
325.3		0.662803
325.4		0.662803
325.5		0.662803
325.6		0.662803
325.7		0.662803
325.8		0.662803
325.9		0.662803
326		0.662803
326.1		0.665606
326.2		0.665606
326.3		0.665606
326.4		0.665606
326.5		0.665606
326.6		0.665606
326.7		0.665606
326.8		0.665606
326.9		0.665606
327		0.665606
327.1		0.670974
327.2		0.670974
327.3		0.670974
327.4		0.670974
327.5		0.670974
327.6		0.670974
327.7		0.670974
327.8		0.670974
327.9		0.670974
328		0.670974
328.1		0.671211
328.2		0.671211
328.3		0.671211
328.4		0.671211
328.5		0.671211
328.6		0.671211
328.7		0.671211
328.8		0.671211
328.9		0.671211
329		0.671211
329.1		0.673064
329.2		0.673064
329.3		0.673064
329.4		0.673064
329.5		0.673064
329.6		0.673064
329.7		0.673064
329.8		0.673064
329.9		0.673064
330		0.673064
330.1		0.675249
330.2		0.675249
330.3		0.675249
330.4		0.675249
330.5		0.675249
330.6		0.675249
330.7		0.675249
330.8		0.675249
330.9		0.675249
331		0.675249
331.1		0.678195
331.2		0.678195
331.3		0.678195
331.4		0.678195
331.5		0.678195
331.6		0.678195
331.7		0.678195
331.8		0.678195
331.9		0.678195
332		0.678195
332.1		0.679097
332.2		0.679097
332.3		0.679097
332.4		0.679097
332.5		0.679097
332.6		0.679097
332.7		0.679097
332.8		0.679097
332.9		0.679097
333		0.679097
333.1		0.68247
333.2		0.68247
333.3		0.68247
333.4		0.68247
333.5		0.68247
333.6		0.68247
333.7		0.68247
333.8		0.68247
333.9		0.68247
334		0.68247
334.1		0.682613
334.2		0.682613
334.3		0.682613
334.4		0.682613
334.5		0.682613
334.6		0.682613
334.7		0.682613
334.8		0.682613
334.9		0.682613
335		0.682613
335.1		0.686651
335.2		0.686651
335.3		0.686651
335.4		0.686651
335.5		0.686651
335.6		0.686651
335.7		0.686651
335.8		0.686651
335.9		0.686651
336		0.686651
336.1		0.688076
336.2		0.688076
336.3		0.688076
336.4		0.688076
336.5		0.688076
336.6		0.688076
336.7		0.688076
336.8		0.688076
336.9		0.688076
337		0.688076
337.1		0.690261
337.2		0.690261
337.3		0.690261
337.4		0.690261
337.5		0.690261
337.6		0.690261
337.7		0.690261
337.8		0.690261
337.9		0.690261
338		0.690261
338.1		0.691876
338.2		0.691876
338.3		0.691876
338.4		0.691876
338.5		0.691876
338.6		0.691876
338.7		0.691876
338.8		0.691876
338.9		0.691876
339		0.691876
339.1		0.694679
339.2		0.694679
339.3		0.694679
339.4		0.694679
339.5		0.694679
339.6		0.694679
339.7		0.694679
339.8		0.694679
339.9		0.694679
340		0.694679
340.1		0.701805
340.2		0.701805
340.3		0.701805
340.4		0.701805
340.5		0.701805
340.6		0.701805
340.7		0.701805
340.8		0.701805
340.9		0.701805
341		0.701805
341.1		0.701805
341.2		0.701805
341.3		0.701805
341.4		0.701805
341.5		0.701805
341.6		0.701805
341.7		0.701805
341.8		0.701805
341.9		0.701805
342		0.701805
342.1		0.701995
342.2		0.701995
342.3		0.701995
342.4		0.701995
342.5		0.701995
342.6		0.701995
342.7		0.701995
342.8		0.701995
342.9		0.701995
343		0.701995
343.1		0.709549
343.2		0.709549
343.3		0.709549
343.4		0.709549
343.5		0.709549
343.6		0.709549
343.7		0.709549
343.8		0.709549
343.9		0.709549
344		0.709549
344.1		0.712637
344.2		0.712637
344.3		0.712637
344.4		0.712637
344.5		0.712637
344.6		0.712637
344.7		0.712637
344.8		0.712637
344.9		0.712637
345		0.712637
345.1		0.713112
345.2		0.713112
345.3		0.713112
345.4		0.713112
345.5		0.713112
345.6		0.713112
345.7		0.713112
345.8		0.713112
345.9		0.713112
346		0.713112
346.1		0.715202
346.2		0.715202
346.3		0.715202
346.4		0.715202
346.5		0.715202
346.6		0.715202
346.7		0.715202
346.8		0.715202
346.9		0.715202
347		0.715202
347.1		0.715487
347.2		0.715487
347.3		0.715487
347.4		0.715487
347.5		0.715487
347.6		0.715487
347.7		0.715487
347.8		0.715487
347.9		0.715487
348		0.715487
348.1		0.718765
348.2		0.718765
348.3		0.718765
348.4		0.718765
348.5		0.718765
348.6		0.718765
348.7		0.718765
348.8		0.718765
348.9		0.718765
349		0.718765
349.1		0.722233
349.2		0.722233
349.3		0.722233
349.4		0.722233
349.5		0.722233
349.6		0.722233
349.7		0.722233
349.8		0.722233
349.9		0.722233
350		0.722233
350.1		0.723278
350.2		0.723278
350.3		0.723278
350.4		0.723278
350.5		0.723278
350.6		0.723278
350.7		0.723278
350.8		0.723278
350.9		0.723278
351		0.723278
351.1		0.723753
351.2		0.723753
351.3		0.723753
351.4		0.723753
351.5		0.723753
351.6		0.723753
351.7		0.723753
351.8		0.723753
351.9		0.723753
352		0.723753
352.1		0.725891
352.2		0.725891
352.3		0.725891
352.4		0.725891
352.5		0.725891
352.6		0.725891
352.7		0.725891
352.8		0.725891
352.9		0.725891
353		0.725891
353.1		0.726413
353.2		0.726413
353.3		0.726413
353.4		0.726413
353.5		0.726413
353.6		0.726413
353.7		0.726413
353.8		0.726413
353.9		0.726413
354		0.726413
354.1		0.726698
354.2		0.726698
354.3		0.726698
354.4		0.726698
354.5		0.726698
354.6		0.726698
354.7		0.726698
354.8		0.726698
354.9		0.726698
355		0.726698
355.1		0.732019
355.2		0.732019
355.3		0.732019
355.4		0.732019
355.5		0.732019
355.6		0.732019
355.7		0.732019
355.8		0.732019
355.9		0.732019
356		0.732019
356.1		0.734157
356.2		0.734157
356.3		0.734157
356.4		0.734157
356.5		0.734157
356.6		0.734157
356.7		0.734157
356.8		0.734157
356.9		0.734157
357		0.734157
357.1		0.734727
357.2		0.734727
357.3		0.734727
357.4		0.734727
357.5		0.734727
357.6		0.734727
357.7		0.734727
357.8		0.734727
357.9		0.734727
358		0.734727
358.1		0.734727
358.2		0.734727
358.3		0.734727
358.4		0.734727
358.5		0.734727
358.6		0.734727
358.7		0.734727
358.8		0.734727
358.9		0.734727
359		0.734727
359.1		0.737245
359.2		0.737245
359.3		0.737245
359.4		0.737245
359.5		0.737245
359.6		0.737245
359.7		0.737245
359.8		0.737245
359.9		0.737245
360		0.737245
360.1		0.740238
360.2		0.740238
360.3		0.740238
360.4		0.740238
360.5		0.740238
360.6		0.740238
360.7		0.740238
360.8		0.740238
360.9		0.740238
361		0.740238
361.1		0.740808
361.2		0.740808
361.3		0.740808
361.4		0.740808
361.5		0.740808
361.6		0.740808
361.7		0.740808
361.8		0.740808
361.9		0.740808
362		0.740808
362.1		0.74285
362.2		0.74285
362.3		0.74285
362.4		0.74285
362.5		0.74285
362.6		0.74285
362.7		0.74285
362.8		0.74285
362.9		0.74285
363		0.74285
363.1		0.744418
363.2		0.744418
363.3		0.744418
363.4		0.744418
363.5		0.744418
363.6		0.744418
363.7		0.744418
363.8		0.744418
363.9		0.744418
364		0.744418
364.1		0.744751
364.2		0.744751
364.3		0.744751
364.4		0.744751
364.5		0.744751
364.6		0.744751
364.7		0.744751
364.8		0.744751
364.9		0.744751
365		0.744751
365.1		0.748979
365.2		0.748979
365.3		0.748979
365.4		0.748979
365.5		0.748979
365.6		0.748979
365.7		0.748979
365.8		0.748979
365.9		0.748979
366		0.748979
366.1		0.750499
366.2		0.750499
366.3		0.750499
366.4		0.750499
366.5		0.750499
366.6		0.750499
366.7		0.750499
366.8		0.750499
366.9		0.750499
367		0.750499
367.1		0.752304
367.2		0.752304
367.3		0.752304
367.4		0.752304
367.5		0.752304
367.6		0.752304
367.7		0.752304
367.8		0.752304
367.9		0.752304
368		0.752304
368.1		0.754394
368.2		0.754394
368.3		0.754394
368.4		0.754394
368.5		0.754394
368.6		0.754394
368.7		0.754394
368.8		0.754394
368.9		0.754394
369		0.754394
369.1		0.75601
369.2		0.75601
369.3		0.75601
369.4		0.75601
369.5		0.75601
369.6		0.75601
369.7		0.75601
369.8		0.75601
369.9		0.75601
370		0.75601
370.1		0.759097
370.2		0.759097
370.3		0.759097
370.4		0.759097
370.5		0.759097
370.6		0.759097
370.7		0.759097
370.8		0.759097
370.9		0.759097
371		0.759097
371.1		0.761948
371.2		0.761948
371.3		0.761948
371.4		0.761948
371.5		0.761948
371.6		0.761948
371.7		0.761948
371.8		0.761948
371.9		0.761948
372		0.761948
372.1		0.76228
372.2		0.76228
372.3		0.76228
372.4		0.76228
372.5		0.76228
372.6		0.76228
372.7		0.76228
372.8		0.76228
372.9		0.76228
373		0.76228
373.1		0.763943
373.2		0.763943
373.3		0.763943
373.4		0.763943
373.5		0.763943
373.6		0.763943
373.7		0.763943
373.8		0.763943
373.9		0.763943
374		0.763943
374.1		0.767743
374.2		0.767743
374.3		0.767743
374.4		0.767743
374.5		0.767743
374.6		0.767743
374.7		0.767743
374.8		0.767743
374.9		0.767743
375		0.767743
375.1		0.768836
375.2		0.768836
375.3		0.768836
375.4		0.768836
375.5		0.768836
375.6		0.768836
375.7		0.768836
375.8		0.768836
375.9		0.768836
376		0.768836
376.1		0.770261
376.2		0.770261
376.3		0.770261
376.4		0.770261
376.5		0.770261
376.6		0.770261
376.7		0.770261
376.8		0.770261
376.9		0.770261
377		0.770261
377.1		0.771734
377.2		0.771734
377.3		0.771734
377.4		0.771734
377.5		0.771734
377.6		0.771734
377.7		0.771734
377.8		0.771734
377.9		0.771734
378		0.771734
378.1		0.775107
378.2		0.775107
378.3		0.775107
378.4		0.775107
378.5		0.775107
378.6		0.775107
378.7		0.775107
378.8		0.775107
378.9		0.775107
379		0.775107
379.1		0.776627
379.2		0.776627
379.3		0.776627
379.4		0.776627
379.5		0.776627
379.6		0.776627
379.7		0.776627
379.8		0.776627
379.9		0.776627
380		0.776627
380.1		0.778337
380.2		0.778337
380.3		0.778337
380.4		0.778337
380.5		0.778337
380.6		0.778337
380.7		0.778337
380.8		0.778337
380.9		0.778337
381		0.778337
381.1		0.780808
381.2		0.780808
381.3		0.780808
381.4		0.780808
381.5		0.780808
381.6		0.780808
381.7		0.780808
381.8		0.780808
381.9		0.780808
382		0.780808
382.1		0.784323
382.2		0.784323
382.3		0.784323
382.4		0.784323
382.5		0.784323
382.6		0.784323
382.7		0.784323
382.8		0.784323
382.9		0.784323
383		0.784323
383.1		0.786888
383.2		0.786888
383.3		0.786888
383.4		0.786888
383.5		0.786888
383.6		0.786888
383.7		0.786888
383.8		0.786888
383.9		0.786888
384		0.786888
384.1		0.787458
384.2		0.787458
384.3		0.787458
384.4		0.787458
384.5		0.787458
384.6		0.787458
384.7		0.787458
384.8		0.787458
384.9		0.787458
385		0.787458
385.1		0.788741
385.2		0.788741
385.3		0.788741
385.4		0.788741
385.5		0.788741
385.6		0.788741
385.7		0.788741
385.8		0.788741
385.9		0.788741
386		0.788741
386.1		0.794157
386.2		0.794157
386.3		0.794157
386.4		0.794157
386.5		0.794157
386.6		0.794157
386.7		0.794157
386.8		0.794157
386.9		0.794157
387		0.794157
387.1		0.794347
387.2		0.794347
387.3		0.794347
387.4		0.794347
387.5		0.794347
387.6		0.794347
387.7		0.794347
387.8		0.794347
387.9		0.794347
388		0.794347
388.1		0.794347
388.2		0.794347
388.3		0.794347
388.4		0.794347
388.5		0.794347
388.6		0.794347
388.7		0.794347
388.8		0.794347
388.9		0.794347
389		0.794347
389.1		0.796295
389.2		0.796295
389.3		0.796295
389.4		0.796295
389.5		0.796295
389.6		0.796295
389.7		0.796295
389.8		0.796295
389.9		0.796295
390		0.796295
390.1		0.802233
390.2		0.802233
390.3		0.802233
390.4		0.802233
390.5		0.802233
390.6		0.802233
390.7		0.802233
390.8		0.802233
390.9		0.802233
391		0.802233
391.1		0.80323
391.2		0.80323
391.3		0.80323
391.4		0.80323
391.5		0.80323
391.6		0.80323
391.7		0.80323
391.8		0.80323
391.9		0.80323
392		0.80323
392.1		0.80323
392.2		0.80323
392.3		0.80323
392.4		0.80323
392.5		0.80323
392.6		0.80323
392.7		0.80323
392.8		0.80323
392.9		0.80323
393		0.80323
393.1		0.804466
393.2		0.804466
393.3		0.804466
393.4		0.804466
393.5		0.804466
393.6		0.804466
393.7		0.804466
393.8		0.804466
393.9		0.804466
394		0.804466
394.1		0.806128
394.2		0.806128
394.3		0.806128
394.4		0.806128
394.5		0.806128
394.6		0.806128
394.7		0.806128
394.8		0.806128
394.9		0.806128
395		0.806128
395.1		0.812162
395.2		0.812162
395.3		0.812162
395.4		0.812162
395.5		0.812162
395.6		0.812162
395.7		0.812162
395.8		0.812162
395.9		0.812162
396		0.812162
396.1		0.813254
396.2		0.813254
396.3		0.813254
396.4		0.813254
396.5		0.813254
396.6		0.813254
396.7		0.813254
396.8		0.813254
396.9		0.813254
397		0.813254
397.1		0.817245
397.2		0.817245
397.3		0.817245
397.4		0.817245
397.5		0.817245
397.6		0.817245
397.7		0.817245
397.8		0.817245
397.9		0.817245
398		0.817245
398.1		0.817815
398.2		0.817815
398.3		0.817815
398.4		0.817815
398.5		0.817815
398.6		0.817815
398.7		0.817815
398.8		0.817815
398.9		0.817815
399		0.817815
399.1		0.818052
399.2		0.818052
399.3		0.818052
399.4		0.818052
399.5		0.818052
399.6		0.818052
399.7		0.818052
399.8		0.818052
399.9		0.818052
400		0.818052
400.1		0.820428
400.2		0.820428
400.3		0.820428
400.4		0.820428
400.5		0.820428
400.6		0.820428
400.7		0.820428
400.8		0.820428
400.9		0.820428
401		0.820428
401.1		0.82228
401.2		0.82228
401.3		0.82228
401.4		0.82228
401.5		0.82228
401.6		0.82228
401.7		0.82228
401.8		0.82228
401.9		0.82228
402		0.82228
402.1		0.823895
402.2		0.823895
402.3		0.823895
402.4		0.823895
402.5		0.823895
402.6		0.823895
402.7		0.823895
402.8		0.823895
402.9		0.823895
403		0.823895
403.1		0.826366
403.2		0.826366
403.3		0.826366
403.4		0.826366
403.5		0.826366
403.6		0.826366
403.7		0.826366
403.8		0.826366
403.9		0.826366
404		0.826366
404.1		0.833444
404.2		0.833444
404.3		0.833444
404.4		0.833444
404.5		0.833444
404.6		0.833444
404.7		0.833444
404.8		0.833444
404.9		0.833444
405		0.833444
405.1		0.833777
405.2		0.833777
405.3		0.833777
405.4		0.833777
405.5		0.833777
405.6		0.833777
405.7		0.833777
405.8		0.833777
405.9		0.833777
406		0.833777
406.1		0.834727
406.2		0.834727
406.3		0.834727
406.4		0.834727
406.5		0.834727
406.6		0.834727
406.7		0.834727
406.8		0.834727
406.9		0.834727
407		0.834727
407.1		0.835107
407.2		0.835107
407.3		0.835107
407.4		0.835107
407.5		0.835107
407.6		0.835107
407.7		0.835107
407.8		0.835107
407.9		0.835107
408		0.835107
408.1		0.841378
408.2		0.841378
408.3		0.841378
408.4		0.841378
408.5		0.841378
408.6		0.841378
408.7		0.841378
408.8		0.841378
408.9		0.841378
409		0.841378
409.1		0.84304
409.2		0.84304
409.3		0.84304
409.4		0.84304
409.5		0.84304
409.6		0.84304
409.7		0.84304
409.8		0.84304
409.9		0.84304
410		0.84304
410.1		0.844323
410.2		0.844323
410.3		0.844323
410.4		0.844323
410.5		0.844323
410.6		0.844323
410.7		0.844323
410.8		0.844323
410.9		0.844323
411		0.844323
411.1		0.845843
411.2		0.845843
411.3		0.845843
411.4		0.845843
411.5		0.845843
411.6		0.845843
411.7		0.845843
411.8		0.845843
411.9		0.845843
412		0.845843
412.1		0.848029
412.2		0.848029
412.3		0.848029
412.4		0.848029
412.5		0.848029
412.6		0.848029
412.7		0.848029
412.8		0.848029
412.9		0.848029
413		0.848029
413.1		0.848741
413.2		0.848741
413.3		0.848741
413.4		0.848741
413.5		0.848741
413.6		0.848741
413.7		0.848741
413.8		0.848741
413.9		0.848741
414		0.848741
414.1		0.851496
414.2		0.851496
414.3		0.851496
414.4		0.851496
414.5		0.851496
414.6		0.851496
414.7		0.851496
414.8		0.851496
414.9		0.851496
415		0.851496
415.1		0.853064
415.2		0.853064
415.3		0.853064
415.4		0.853064
415.5		0.853064
415.6		0.853064
415.7		0.853064
415.8		0.853064
415.9		0.853064
416		0.853064
416.1		0.855249
416.2		0.855249
416.3		0.855249
416.4		0.855249
416.5		0.855249
416.6		0.855249
416.7		0.855249
416.8		0.855249
416.9		0.855249
417		0.855249
417.1		0.858242
417.2		0.858242
417.3		0.858242
417.4		0.858242
417.5		0.858242
417.6		0.858242
417.7		0.858242
417.8		0.858242
417.9		0.858242
418		0.858242
418.1		0.859145
418.2		0.859145
418.3		0.859145
418.4		0.859145
418.5		0.859145
418.6		0.859145
418.7		0.859145
418.8		0.859145
418.9		0.859145
419		0.859145
419.1		0.859572
419.2		0.859572
419.3		0.859572
419.4		0.859572
419.5		0.859572
419.6		0.859572
419.7		0.859572
419.8		0.859572
419.9		0.859572
420		0.859572
420.1		0.863515
420.2		0.863515
420.3		0.863515
420.4		0.863515
420.5		0.863515
420.6		0.863515
420.7		0.863515
420.8		0.863515
420.9		0.863515
421		0.863515
421.1		0.864608
421.2		0.864608
421.3		0.864608
421.4		0.864608
421.5		0.864608
421.6		0.864608
421.7		0.864608
421.8		0.864608
421.9		0.864608
422		0.864608
422.1		0.866698
422.2		0.866698
422.3		0.866698
422.4		0.866698
422.5		0.866698
422.6		0.866698
422.7		0.866698
422.8		0.866698
422.9		0.866698
423		0.866698
423.1		0.868504
423.2		0.868504
423.3		0.868504
423.4		0.868504
423.5		0.868504
423.6		0.868504
423.7		0.868504
423.8		0.868504
423.9		0.868504
424		0.868504
424.1		0.870309
424.2		0.870309
424.3		0.870309
424.4		0.870309
424.5		0.870309
424.6		0.870309
424.7		0.870309
424.8		0.870309
424.9		0.870309
425		0.870309
425.1		0.873349
425.2		0.873349
425.3		0.873349
425.4		0.873349
425.5		0.873349
425.6		0.873349
425.7		0.873349
425.8		0.873349
425.9		0.873349
426		0.873349
426.1		0.875724
426.2		0.875724
426.3		0.875724
426.4		0.875724
426.5		0.875724
426.6		0.875724
426.7		0.875724
426.8		0.875724
426.9		0.875724
427		0.875724
427.1		0.877292
427.2		0.877292
427.3		0.877292
427.4		0.877292
427.5		0.877292
427.6		0.877292
427.7		0.877292
427.8		0.877292
427.9		0.877292
428		0.877292
428.1		0.879667
428.2		0.879667
428.3		0.879667
428.4		0.879667
428.5		0.879667
428.6		0.879667
428.7		0.879667
428.8		0.879667
428.9		0.879667
429		0.879667
429.1		0.879857
429.2		0.879857
429.3		0.879857
429.4		0.879857
429.5		0.879857
429.6		0.879857
429.7		0.879857
429.8		0.879857
429.9		0.879857
430		0.879857
430.1		0.882375
430.2		0.882375
430.3		0.882375
430.4		0.882375
430.5		0.882375
430.6		0.882375
430.7		0.882375
430.8		0.882375
430.9		0.882375
431		0.882375
431.1		0.885843
431.2		0.885843
431.3		0.885843
431.4		0.885843
431.5		0.885843
431.6		0.885843
431.7		0.885843
431.8		0.885843
431.9		0.885843
432		0.885843
432.1		0.888456
432.2		0.888456
432.3		0.888456
432.4		0.888456
432.5		0.888456
432.6		0.888456
432.7		0.888456
432.8		0.888456
432.9		0.888456
433		0.888456
433.1		0.891639
433.2		0.891639
433.3		0.891639
433.4		0.891639
433.5		0.891639
433.6		0.891639
433.7		0.891639
433.8		0.891639
433.9		0.891639
434		0.891639
434.1		0.891924
434.2		0.891924
434.3		0.891924
434.4		0.891924
434.5		0.891924
434.6		0.891924
434.7		0.891924
434.8		0.891924
434.9		0.891924
435		0.891924
435.1		0.895582
435.2		0.895582
435.3		0.895582
435.4		0.895582
435.5		0.895582
435.6		0.895582
435.7		0.895582
435.8		0.895582
435.9		0.895582
436		0.895582
436.1		0.895819
436.2		0.895819
436.3		0.895819
436.4		0.895819
436.5		0.895819
436.6		0.895819
436.7		0.895819
436.8		0.895819
436.9		0.895819
437		0.895819
437.1		0.897767
437.2		0.897767
437.3		0.897767
437.4		0.897767
437.5		0.897767
437.6		0.897767
437.7		0.897767
437.8		0.897767
437.9		0.897767
438		0.897767
438.1		0.902565
438.2		0.902565
438.3		0.902565
438.4		0.902565
438.5		0.902565
438.6		0.902565
438.7		0.902565
438.8		0.902565
438.9		0.902565
439		0.902565
439.1		0.902945
439.2		0.902945
439.3		0.902945
439.4		0.902945
439.5		0.902945
439.6		0.902945
439.7		0.902945
439.8		0.902945
439.9		0.902945
440		0.902945
440.1		0.903183
440.2		0.903183
440.3		0.903183
440.4		0.903183
440.5		0.903183
440.6		0.903183
440.7		0.903183
440.8		0.903183
440.9		0.903183
441		0.903183
441.1		0.907791
441.2		0.907791
441.3		0.907791
441.4		0.907791
441.5		0.907791
441.6		0.907791
441.7		0.907791
441.8		0.907791
441.9		0.907791
442		0.907791
442.1		0.912494
442.2		0.912494
442.3		0.912494
442.4		0.912494
442.5		0.912494
442.6		0.912494
442.7		0.912494
442.8		0.912494
442.9		0.912494
443		0.912494
443.1		0.913397
443.2		0.913397
443.3		0.913397
443.4		0.913397
443.5		0.913397
443.6		0.913397
443.7		0.913397
443.8		0.913397
443.9		0.913397
444		0.913397
444.1		0.914964
444.2		0.914964
444.3		0.914964
444.4		0.914964
444.5		0.914964
444.6		0.914964
444.7		0.914964
444.8		0.914964
444.9		0.914964
445		0.914964
445.1		0.915439
445.2		0.915439
445.3		0.915439
445.4		0.915439
445.5		0.915439
445.6		0.915439
445.7		0.915439
445.8		0.915439
445.9		0.915439
446		0.915439
446.1		0.91924
446.2		0.91924
446.3		0.91924
446.4		0.91924
446.5		0.91924
446.6		0.91924
446.7		0.91924
446.8		0.91924
446.9		0.91924
447		0.91924
447.1		0.920855
447.2		0.920855
447.3		0.920855
447.4		0.920855
447.5		0.920855
447.6		0.920855
447.7		0.920855
447.8		0.920855
447.9		0.920855
448		0.920855
448.1		0.923135
448.2		0.923135
448.3		0.923135
448.4		0.923135
448.5		0.923135
448.6		0.923135
448.7		0.923135
448.8		0.923135
448.9		0.923135
449		0.923135
449.1		0.925321
449.2		0.925321
449.3		0.925321
449.4		0.925321
449.5		0.925321
449.6		0.925321
449.7		0.925321
449.8		0.925321
449.9		0.925321
450		0.925321
450.1		0.929644
450.2		0.929644
450.3		0.929644
450.4		0.929644
450.5		0.929644
450.6		0.929644
450.7		0.929644
450.8		0.929644
450.9		0.929644
451		0.929644
451.1		0.930451
451.2		0.930451
451.3		0.930451
451.4		0.930451
451.5		0.930451
451.6		0.930451
451.7		0.930451
451.8		0.930451
451.9		0.930451
452		0.930451
452.1		0.930689
452.2		0.930689
452.3		0.930689
452.4		0.930689
452.5		0.930689
452.6		0.930689
452.7		0.930689
452.8		0.930689
452.9		0.930689
453		0.930689
453.1		0.933207
453.2		0.933207
453.3		0.933207
453.4		0.933207
453.5		0.933207
453.6		0.933207
453.7		0.933207
453.8		0.933207
453.9		0.933207
454		0.933207
454.1		0.937245
454.2		0.937245
454.3		0.937245
454.4		0.937245
454.5		0.937245
454.6		0.937245
454.7		0.937245
454.8		0.937245
454.9		0.937245
455		0.937245
455.1		0.939287
455.2		0.939287
455.3		0.939287
455.4		0.939287
455.5		0.939287
455.6		0.939287
455.7		0.939287
455.8		0.939287
455.9		0.939287
456		0.939287
456.1		0.940998
456.2		0.940998
456.3		0.940998
456.4		0.940998
456.5		0.940998
456.6		0.940998
456.7		0.940998
456.8		0.940998
456.9		0.940998
457		0.940998
457.1		0.941948
457.2		0.941948
457.3		0.941948
457.4		0.941948
457.5		0.941948
457.6		0.941948
457.7		0.941948
457.8		0.941948
457.9		0.941948
458		0.941948
458.1		0.942233
458.2		0.942233
458.3		0.942233
458.4		0.942233
458.5		0.942233
458.6		0.942233
458.7		0.942233
458.8		0.942233
458.9		0.942233
459		0.942233
459.1		0.947031
459.2		0.947031
459.3		0.947031
459.4		0.947031
459.5		0.947031
459.6		0.947031
459.7		0.947031
459.8		0.947031
459.9		0.947031
460		0.947031
460.1		0.949359
460.2		0.949359
460.3		0.949359
460.4		0.949359
460.5		0.949359
460.6		0.949359
460.7		0.949359
460.8		0.949359
460.9		0.949359
461		0.949359
461.1		0.951021
461.2		0.951021
461.3		0.951021
461.4		0.951021
461.5		0.951021
461.6		0.951021
461.7		0.951021
461.8		0.951021
461.9		0.951021
462		0.951021
462.1		0.951401
462.2		0.951401
462.3		0.951401
462.4		0.951401
462.5		0.951401
462.6		0.951401
462.7		0.951401
462.8		0.951401
462.9		0.951401
463		0.951401
463.1		0.952114
463.2		0.952114
463.3		0.952114
463.4		0.952114
463.5		0.952114
463.6		0.952114
463.7		0.952114
463.8		0.952114
463.9		0.952114
464		0.952114
464.1		0.955154
464.2		0.955154
464.3		0.955154
464.4		0.955154
464.5		0.955154
464.6		0.955154
464.7		0.955154
464.8		0.955154
464.9		0.955154
465		0.955154
465.1		0.95677
465.2		0.95677
465.3		0.95677
465.4		0.95677
465.5		0.95677
465.6		0.95677
465.7		0.95677
465.8		0.95677
465.9		0.95677
466		0.95677
466.1		0.957435
466.2		0.957435
466.3		0.957435
466.4		0.957435
466.5		0.957435
466.6		0.957435
466.7		0.957435
466.8		0.957435
466.9		0.957435
467		0.957435
467.1		0.961283
467.2		0.961283
467.3		0.961283
467.4		0.961283
467.5		0.961283
467.6		0.961283
467.7		0.961283
467.8		0.961283
467.9		0.961283
468		0.961283
468.1		0.965938
468.2		0.965938
468.3		0.965938
468.4		0.965938
468.5		0.965938
468.6		0.965938
468.7		0.965938
468.8		0.965938
468.9		0.965938
469		0.965938
469.1		0.967173
469.2		0.967173
469.3		0.967173
469.4		0.967173
469.5		0.967173
469.6		0.967173
469.7		0.967173
469.8		0.967173
469.9		0.967173
470		0.967173
470.1		0.968171
470.2		0.968171
470.3		0.968171
470.4		0.968171
470.5		0.968171
470.6		0.968171
470.7		0.968171
470.8		0.968171
470.9		0.968171
471		0.968171
471.1		0.970119
471.2		0.970119
471.3		0.970119
471.4		0.970119
471.5		0.970119
471.6		0.970119
471.7		0.970119
471.8		0.970119
471.9		0.970119
472		0.970119
472.1		0.974347
472.2		0.974347
472.3		0.974347
472.4		0.974347
472.5		0.974347
472.6		0.974347
472.7		0.974347
472.8		0.974347
472.9		0.974347
473		0.974347
473.1		0.975629
473.2		0.975629
473.3		0.975629
473.4		0.975629
473.5		0.975629
473.6		0.975629
473.7		0.975629
473.8		0.975629
473.9		0.975629
474		0.975629
474.1		0.97791
474.2		0.97791
474.3		0.97791
474.4		0.97791
474.5		0.97791
474.6		0.97791
474.7		0.97791
474.8		0.97791
474.9		0.97791
475		0.97791
475.1		0.977957
475.2		0.977957
475.3		0.977957
475.4		0.977957
475.5		0.977957
475.6		0.977957
475.7		0.977957
475.8		0.977957
475.9		0.977957
476		0.977957
476.1		0.980998
476.2		0.980998
476.3		0.980998
476.4		0.980998
476.5		0.980998
476.6		0.980998
476.7		0.980998
476.8		0.980998
476.9		0.980998
477		0.980998
477.1		0.984561
477.2		0.984561
477.3		0.984561
477.4		0.984561
477.5		0.984561
477.6		0.984561
477.7		0.984561
477.8		0.984561
477.9		0.984561
478		0.984561
478.1		0.984656
478.2		0.984656
478.3		0.984656
478.4		0.984656
478.5		0.984656
478.6		0.984656
478.7		0.984656
478.8		0.984656
478.9		0.984656
479		0.984656
479.1		0.987126
479.2		0.987126
479.3		0.987126
479.4		0.987126
479.5		0.987126
479.6		0.987126
479.7		0.987126
479.8		0.987126
479.9		0.987126
480		0.987126
480.1		0.990214
480.2		0.990214
480.3		0.990214
480.4		0.990214
480.5		0.990214
480.6		0.990214
480.7		0.990214
480.8		0.990214
480.9		0.990214
481		0.990214
481.1		0.992732
481.2		0.992732
481.3		0.992732
481.4		0.992732
481.5		0.992732
481.6		0.992732
481.7		0.992732
481.8		0.992732
481.9		0.992732
482		0.992732
482.1		0.993682
482.2		0.993682
482.3		0.993682
482.4		0.993682
482.5		0.993682
482.6		0.993682
482.7		0.993682
482.8		0.993682
482.9		0.993682
483		0.993682
483.1		0.996247
483.2		0.996247
483.3		0.996247
483.4		0.996247
483.5		0.996247
483.6		0.996247
483.7		0.996247
483.8		0.996247
483.9		0.996247
484		0.996247
484.1		0.997625
484.2		0.997625
484.3		0.997625
484.4		0.997625
484.5		0.997625
484.6		0.997625
484.7		0.997625
484.8		0.997625
484.9		0.997625
485		0.997625
485.1		0.999762
485.2		0.999762
485.3		0.999762
485.4		0.999762
485.5		0.999762
485.6		0.999762
485.7		0.999762
485.8		0.999762
485.9		0.999762
486		0.999762
486.1		0.999952
486.2		0.999952
486.3		0.999952
486.4		0.999952
486.5		0.999952
486.6		0.999952
486.7		0.999952
486.8		0.999952
486.9		0.999952
487		0.999952
487.1		1
487.2		1
487.3		1
487.4		1
487.5		1
487.6		1
487.7		1
487.8		1
487.9		1
488		1
488.1		1
488.2		1
488.3		1
488.4		1
488.5		1
488.6		1
488.7		1
488.8		1
488.9		1
489		1
489.1		1
489.2		1
489.3		1
489.4		1
489.5		1
489.6		1
489.7		1
489.8		1
489.9		1
490		1
490.1		1
490.2		1
490.3		1
490.4		1
490.5		1
490.6		1
490.7		1
490.8		1
490.9		1
491		1
491.1		1
491.2		1
491.3		1
491.4		1
491.5		1
491.6		1
491.7		1
491.8		1
491.9		1
492		1
492.1		1
492.2		1
492.3		1
492.4		1
492.5		1
492.6		1
492.7		1
492.8		1
492.9		1
493		1
493.1		1
493.2		1
493.3		1
493.4		1
493.5		1
493.6		1
493.7		1
493.8		1
493.9		1
494		1
494.1		1
494.2		1
494.3		1
494.4		1
494.5		1
494.6		1
494.7		1
494.8		1
494.9		1
495		1
495.1		1
495.2		1
495.3		1
495.4		1
495.5		1
495.6		1
495.7		1
495.8		1
495.9		1
496		1
496.1		1
496.2		1
496.3		1
496.4		1
496.5		1
496.6		1
496.7		1
496.8		1
496.9		1
497		1
497.1		1
497.2		1
497.3		1
497.4		1
497.5		1
497.6		1
497.7		1
497.8		1
497.9		1
498		1
498.1		1
498.2		1
498.3		1
498.4		1
498.5		1
498.6		1
498.7		1
498.8		1
498.9		1
499		1
499.1		1
499.2		1
499.3		1
499.4		1
499.5		1
499.6		1
499.7		1
499.8		1
499.9		1
500		1
500.1		1
500.2		1
500.3		1
500.4		1
500.5		1
500.6		1
500.7		1
500.8		1
500.9		1
501		1
501.1		1
501.2		1
501.3		1
501.4		1
501.5		1
501.6		1
501.7		1
501.8		1
501.9		1
502		1
502.1		1
502.2		1
502.3		1
502.4		1
502.5		1
502.6		1
502.7		1
502.8		1
502.9		1
503		1
503.1		1
503.2		1
503.3		1
503.4		1
503.5		1
503.6		1
503.7		1
503.8		1
503.9		1
504		1
504.1		1
504.2		1
504.3		1
504.4		1
504.5		1
504.6		1
504.7		1
504.8		1
504.9		1
505		1
505.1		1
505.2		1
505.3		1
505.4		1
505.5		1
505.6		1
505.7		1
505.8		1
505.9		1
506		1
506.1		1
506.2		1
506.3		1
506.4		1
506.5		1
506.6		1
506.7		1
506.8		1
506.9		1
507		1
507.1		1
507.2		1
507.3		1
507.4		1
507.5		1
507.6		1
507.7		1
507.8		1
507.9		1
508		1
508.1		1
508.2		1
508.3		1
508.4		1
508.5		1
508.6		1
508.7		1
508.8		1
508.9		1
509		1
509.1		1
509.2		1
509.3		1
509.4		1
509.5		1
509.6		1
509.7		1
509.8		1
509.9		1
510		1
510.1		1
510.2		1
510.3		1
510.4		1
510.5		1
510.6		1
510.7		1
510.8		1
510.9		1
511		1
511.1		1
511.2		1
511.3		1
511.4		1
511.5		1
511.6		1
511.7		1
511.8		1
511.9		1
512		1
512.1		1
512.2		1
512.3		1
512.4		1
512.5		1
512.6		1
512.7		1
512.8		1
512.9		1
513		1
513.1		1
513.2		1
513.3		1
513.4		1
513.5		1
513.6		1
513.7		1
513.8		1
513.9		1
514		1
514.1		1
514.2		1
514.3		1
514.4		1
514.5		1
514.6		1
514.7		1
514.8		1
514.9		1
515		1
515.1		1
515.2		1
515.3		1
515.4		1
515.5		1
515.6		1
515.7		1
515.8		1
515.9		1
516		1
516.1		1
516.2		1
516.3		1
516.4		1
516.5		1
516.6		1
516.7		1
516.8		1
516.9		1
517		1
517.1		1
517.2		1
517.3		1
517.4		1
517.5		1
517.6		1
517.7		1
517.8		1
517.9		1
518		1
518.1		1
518.2		1
518.3		1
518.4		1
518.5		1
518.6		1
518.7		1
518.8		1
518.9		1
519		1
519.1		1
519.2		1
519.3		1
519.4		1
519.5		1
519.6		1
519.7		1
519.8		1
519.9		1
520		1
520.1		1
520.2		1
520.3		1
520.4		1
520.5		1
520.6		1
520.7		1
520.8		1
520.9		1
521		1
521.1		1
521.2		1
521.3		1
521.4		1
521.5		1
521.6		1
521.7		1
521.8		1
521.9		1
522		1
522.1		1
522.2		1
522.3		1
522.4		1
522.5		1
522.6		1
522.7		1
522.8		1
522.9		1
523		1
523.1		1
523.2		1
523.3		1
523.4		1
523.5		1
523.6		1
523.7		1
523.8		1
523.9		1
524		1
524.1		1
524.2		1
524.3		1
524.4		1
524.5		1
524.6		1
524.7		1
524.8		1
524.9		1
525		1
525.1		1
525.2		1
525.3		1
525.4		1
525.5		1
525.6		1
525.7		1
525.8		1
525.9		1
526		1
526.1		1
526.2		1
526.3		1
526.4		1
526.5		1
526.6		1
526.7		1
526.8		1
526.9		1
527		1
527.1		1
527.2		1
527.3		1
527.4		1
527.5		1
527.6		1
527.7		1
527.8		1
527.9		1
528		1
528.1		1
528.2		1
528.3		1
528.4		1
528.5		1
528.6		1
528.7		1
528.8		1
528.9		1
529		1
529.1		1
529.2		1
529.3		1
529.4		1
529.5		1
529.6		1
529.7		1
529.8		1
529.9		1
530		1
530.1		1
530.2		1
530.3		1
530.4		1
530.5		1
530.6		1
530.7		1
530.8		1
530.9		1
531		1
531.1		1
531.2		1
531.3		1
531.4		1
531.5		1
531.6		1
531.7		1
531.8		1
531.9		1
532		1
532.1		1
532.2		1
532.3		1
532.4		1
532.5		1
532.6		1
532.7		1
532.8		1
532.9		1
533		1
533.1		1
533.2		1
533.3		1
533.4		1
533.5		1
533.6		1
533.7		1
533.8		1
533.9		1
534		1
534.1		1
534.2		1
534.3		1
534.4		1
534.5		1
534.6		1
534.7		1
534.8		1
534.9		1
535		1
535.1		1
535.2		1
535.3		1
535.4		1
535.5		1
535.6		1
535.7		1
535.8		1
535.9		1
536		1
536.1		1
536.2		1
536.3		1
536.4		1
536.5		1
536.6		1
536.7		1
536.8		1
536.9		1
537		1
537.1		1
537.2		1
537.3		1
537.4		1
537.5		1
537.6		1
537.7		1
537.8		1
537.9		1
538		1
538.1		1
538.2		1
538.3		1
538.4		1
538.5		1
538.6		1
538.7		1
538.8		1
538.9		1
539		1
539.1		1
539.2		1
539.3		1
539.4		1
539.5		1
539.6		1
539.7		1
539.8		1
539.9		1
540		1
540.1		1
540.2		1
540.3		1
540.4		1
540.5		1
540.6		1
540.7		1
540.8		1
540.9		1
541		1
541.1		1
541.2		1
541.3		1
541.4		1
541.5		1
541.6		1
541.7		1
541.8		1
541.9		1
542		1
542.1		1
542.2		1
542.3		1
542.4		1
542.5		1
542.6		1
542.7		1
542.8		1
542.9		1
543		1
543.1		1
543.2		1
543.3		1
543.4		1
543.5		1
543.6		1
543.7		1
543.8		1
543.9		1
544		1
544.1		1
544.2		1
544.3		1
544.4		1
544.5		1
544.6		1
544.7		1
544.8		1
544.9		1
545		1
545.1		1
545.2		1
545.3		1
545.4		1
545.5		1
545.6		1
545.7		1
545.8		1
545.9		1
546		1
546.1		1
546.2		1
546.3		1
546.4		1
546.5		1
546.6		1
546.7		1
546.8		1
546.9		1
547		1
547.1		1
547.2		1
547.3		1
547.4		1
547.5		1
547.6		1
547.7		1
547.8		1
547.9		1
548		1
548.1		1
548.2		1
548.3		1
548.4		1
548.5		1
548.6		1
548.7		1
548.8		1
548.9		1
549		1
549.1		1
549.2		1
549.3		1
549.4		1
549.5		1
549.6		1
549.7		1
549.8		1
549.9		1
550		1
550.1		1
550.2		1
550.3		1
550.4		1
550.5		1
550.6		1
550.7		1
550.8		1
550.9		1
551		1
551.1		1
551.2		1
551.3		1
551.4		1
551.5		1
551.6		1
551.7		1
551.8		1
551.9		1
552		1
552.1		1
552.2		1
552.3		1
552.4		1
552.5		1
552.6		1
552.7		1
552.8		1
552.9		1
553		1
553.1		1
553.2		1
553.3		1
553.4		1
553.5		1
553.6		1
553.7		1
553.8		1
553.9		1
554		1
554.1		1
554.2		1
554.3		1
554.4		1
554.5		1
554.6		1
554.7		1
554.8		1
554.9		1
555		1
555.1		1
555.2		1
555.3		1
555.4		1
555.5		1
555.6		1
555.7		1
555.8		1
555.9		1
556		1
556.1		1
556.2		1
556.3		1
556.4		1
556.5		1
556.6		1
556.7		1
556.8		1
556.9		1
557		1
557.1		1
557.2		1
557.3		1
557.4		1
557.5		1
557.6		1
557.7		1
557.8		1
557.9		1
558		1
558.1		1
558.2		1
558.3		1
558.4		1
558.5		1
558.6		1
558.7		1
558.8		1
558.9		1
559		1
559.1		1
559.2		1
559.3		1
559.4		1
559.5		1
559.6		1
559.7		1
559.8		1
559.9		1
560		1
560.1		1
560.2		1
560.3		1
560.4		1
560.5		1
560.6		1
560.7		1
560.8		1
560.9		1
561		1
561.1		1
561.2		1
561.3		1
561.4		1
561.5		1
561.6		1
561.7		1
561.8		1
561.9		1
562		1
562.1		1
562.2		1
562.3		1
562.4		1
562.5		1
562.6		1
562.7		1
562.8		1
562.9		1
563		1
563.1		1
563.2		1
563.3		1
563.4		1
563.5		1
563.6		1
563.7		1
563.8		1
563.9		1
564		1
564.1		1
564.2		1
564.3		1
564.4		1
564.5		1
564.6		1
564.7		1
564.8		1
564.9		1
565		1
565.1		1
565.2		1
565.3		1
565.4		1
565.5		1
565.6		1
565.7		1
565.8		1
565.9		1
566		1
566.1		1
566.2		1
566.3		1
566.4		1
566.5		1
566.6		1
566.7		1
566.8		1
566.9		1
567		1
567.1		1
567.2		1
567.3		1
567.4		1
567.5		1
567.6		1
567.7		1
567.8		1
567.9		1
568		1
568.1		1
568.2		1
568.3		1
568.4		1
568.5		1
568.6		1
568.7		1
568.8		1
568.9		1
569		1
569.1		1
569.2		1
569.3		1
569.4		1
569.5		1
569.6		1
569.7		1
569.8		1
569.9		1
570		1
570.1		1
570.2		1
570.3		1
570.4		1
570.5		1
570.6		1
570.7		1
570.8		1
570.9		1
571		1
571.1		1
571.2		1
571.3		1
571.4		1
571.5		1
571.6		1
571.7		1
571.8		1
571.9		1
572		1
572.1		1
572.2		1
572.3		1
572.4		1
572.5		1
572.6		1
572.7		1
572.8		1
572.9		1
573		1
573.1		1
573.2		1
573.3		1
573.4		1
573.5		1
573.6		1
573.7		1
573.8		1
573.9		1
574		1
574.1		1
574.2		1
574.3		1
574.4		1
574.5		1
574.6		1
574.7		1
574.8		1
574.9		1
575		1
575.1		1
575.2		1
575.3		1
575.4		1
575.5		1
575.6		1
575.7		1
575.8		1
575.9		1
576		1
576.1		1
576.2		1
576.3		1
576.4		1
576.5		1
576.6		1
576.7		1
576.8		1
576.9		1
577		1
577.1		1
577.2		1
577.3		1
577.4		1
577.5		1
577.6		1
577.7		1
577.8		1
577.9		1
578		1
578.1		1
578.2		1
578.3		1
578.4		1
578.5		1
578.6		1
578.7		1
578.8		1
578.9		1
579		1
579.1		1
579.2		1
579.3		1
579.4		1
579.5		1
579.6		1
579.7		1
579.8		1
579.9		1
580		1
580.1		1
580.2		1
580.3		1
580.4		1
580.5		1
580.6		1
580.7		1
580.8		1
580.9		1
581		1
581.1		1
581.2		1
581.3		1
581.4		1
581.5		1
581.6		1
581.7		1
581.8		1
581.9		1
582		1
582.1		1
582.2		1
582.3		1
582.4		1
582.5		1
582.6		1
582.7		1
582.8		1
582.9		1
583		1
583.1		1
583.2		1
583.3		1
583.4		1
583.5		1
583.6		1
583.7		1
583.8		1
583.9		1
584		1
584.1		1
584.2		1
584.3		1
584.4		1
584.5		1
584.6		1
584.7		1
584.8		1
584.9		1
585		1
585.1		1
585.2		1
585.3		1
585.4		1
585.5		1
585.6		1
585.7		1
585.8		1
585.9		1
586		1
586.1		1
586.2		1
586.3		1
586.4		1
586.5		1
586.6		1
586.7		1
586.8		1
586.9		1
587		1
587.1		1
587.2		1
587.3		1
587.4		1
587.5		1
587.6		1
587.7		1
587.8		1
587.9		1
588		1
588.1		1
588.2		1
588.3		1
588.4		1
588.5		1
588.6		1
588.7		1
588.8		1
588.9		1
589		1
589.1		1
589.2		1
589.3		1
589.4		1
589.5		1
589.6		1
589.7		1
589.8		1
589.9		1
590		1
590.1		1
590.2		1
590.3		1
590.4		1
590.5		1
590.6		1
590.7		1
590.8		1
590.9		1
591		1
591.1		1
591.2		1
591.3		1
591.4		1
591.5		1
591.6		1
591.7		1
591.8		1
591.9		1
592		1
592.1		1
592.2		1
592.3		1
592.4		1
592.5		1
592.6		1
592.7		1
592.8		1
592.9		1
593		1
593.1		1
593.2		1
593.3		1
593.4		1
593.5		1
593.6		1
593.7		1
593.8		1
593.9		1
594		1
594.1		1
594.2		1
594.3		1
594.4		1
594.5		1
594.6		1
594.7		1
594.8		1
594.9		1
595		1
595.1		1
595.2		1
595.3		1
595.4		1
595.5		1
595.6		1
595.7		1
595.8		1
595.9		1
596		1
596.1		1
596.2		1
596.3		1
596.4		1
596.5		1
596.6		1
596.7		1
596.8		1
596.9		1
597		1
597.1		1
597.2		1
597.3		1
597.4		1
597.5		1
597.6		1
597.7		1
597.8		1
597.9		1
598		1
598.1		1
598.2		1
598.3		1
598.4		1
598.5		1
598.6		1
598.7		1
598.8		1
598.9		1
599		1
599.1		1
599.2		1
599.3		1
599.4		1
599.5		1
599.6		1
599.7		1
599.8		1
599.9		1
600		1
