# Calibration file of tamex_id 1 @ channel 10
# fine_T bin		 Calibration value
0.1		0
0.2		0
0.3		0
0.4		0
0.5		0
0.6		0
0.7		0
0.8		0
0.9		0
1		0
1.1		0
1.2		0
1.3		0
1.4		0
1.5		0
1.6		0
1.7		0
1.8		0
1.9		0
2		0
2.1		0
2.2		0
2.3		0
2.4		0
2.5		0
2.6		0
2.7		0
2.8		0
2.9		0
3		0
3.1		0
3.2		0
3.3		0
3.4		0
3.5		0
3.6		0
3.7		0
3.8		0
3.9		0
4		0
4.1		0
4.2		0
4.3		0
4.4		0
4.5		0
4.6		0
4.7		0
4.8		0
4.9		0
5		0
5.1		0
5.2		0
5.3		0
5.4		0
5.5		0
5.6		0
5.7		0
5.8		0
5.9		0
6		0
6.1		0
6.2		0
6.3		0
6.4		0
6.5		0
6.6		0
6.7		0
6.8		0
6.9		0
7		0
7.1		0
7.2		0
7.3		0
7.4		0
7.5		0
7.6		0
7.7		0
7.8		0
7.9		0
8		0
8.1		0
8.2		0
8.3		0
8.4		0
8.5		0
8.6		0
8.7		0
8.8		0
8.9		0
9		0
9.1		0
9.2		0
9.3		0
9.4		0
9.5		0
9.6		0
9.7		0
9.8		0
9.9		0
10		0
10.1		0
10.2		0
10.3		0
10.4		0
10.5		0
10.6		0
10.7		0
10.8		0
10.9		0
11		0
11.1		0
11.2		0
11.3		0
11.4		0
11.5		0
11.6		0
11.7		0
11.8		0
11.9		0
12		0
12.1		0
12.2		0
12.3		0
12.4		0
12.5		0
12.6		0
12.7		0
12.8		0
12.9		0
13		0
13.1		0
13.2		0
13.3		0
13.4		0
13.5		0
13.6		0
13.7		0
13.8		0
13.9		0
14		0
14.1		0
14.2		0
14.3		0
14.4		0
14.5		0
14.6		0
14.7		0
14.8		0
14.9		0
15		0
15.1		0
15.2		0
15.3		0
15.4		0
15.5		0
15.6		0
15.7		0
15.8		0
15.9		0
16		0
16.1		0.0077484
16.2		0.0077484
16.3		0.0077484
16.4		0.0077484
16.5		0.0077484
16.6		0.0077484
16.7		0.0077484
16.8		0.0077484
16.9		0.0077484
17		0.0077484
17.1		0.00877393
17.2		0.00877393
17.3		0.00877393
17.4		0.00877393
17.5		0.00877393
17.6		0.00877393
17.7		0.00877393
17.8		0.00877393
17.9		0.00877393
18		0.00877393
18.1		0.0118505
18.2		0.0118505
18.3		0.0118505
18.4		0.0118505
18.5		0.0118505
18.6		0.0118505
18.7		0.0118505
18.8		0.0118505
18.9		0.0118505
19		0.0118505
19.1		0.0124202
19.2		0.0124202
19.3		0.0124202
19.4		0.0124202
19.5		0.0124202
19.6		0.0124202
19.7		0.0124202
19.8		0.0124202
19.9		0.0124202
20		0.0124202
20.1		0.0168642
20.2		0.0168642
20.3		0.0168642
20.4		0.0168642
20.5		0.0168642
20.6		0.0168642
20.7		0.0168642
20.8		0.0168642
20.9		0.0168642
21		0.0168642
21.1		0.0177758
21.2		0.0177758
21.3		0.0177758
21.4		0.0177758
21.5		0.0177758
21.6		0.0177758
21.7		0.0177758
21.8		0.0177758
21.9		0.0177758
22		0.0177758
22.1		0.0217639
22.2		0.0217639
22.3		0.0217639
22.4		0.0217639
22.5		0.0217639
22.6		0.0217639
22.7		0.0217639
22.8		0.0217639
22.9		0.0217639
23		0.0217639
23.1		0.0221057
23.2		0.0221057
23.3		0.0221057
23.4		0.0221057
23.5		0.0221057
23.6		0.0221057
23.7		0.0221057
23.8		0.0221057
23.9		0.0221057
24		0.0221057
24.1		0.023701
24.2		0.023701
24.3		0.023701
24.4		0.023701
24.5		0.023701
24.6		0.023701
24.7		0.023701
24.8		0.023701
24.9		0.023701
25		0.023701
25.1		0.0276892
25.2		0.0276892
25.3		0.0276892
25.4		0.0276892
25.5		0.0276892
25.6		0.0276892
25.7		0.0276892
25.8		0.0276892
25.9		0.0276892
26		0.0276892
26.1		0.0287147
26.2		0.0287147
26.3		0.0287147
26.4		0.0287147
26.5		0.0287147
26.6		0.0287147
26.7		0.0287147
26.8		0.0287147
26.9		0.0287147
27		0.0287147
27.1		0.0315634
27.2		0.0315634
27.3		0.0315634
27.4		0.0315634
27.5		0.0315634
27.6		0.0315634
27.7		0.0315634
27.8		0.0315634
27.9		0.0315634
28		0.0315634
28.1		0.0336144
28.2		0.0336144
28.3		0.0336144
28.4		0.0336144
28.5		0.0336144
28.6		0.0336144
28.7		0.0336144
28.8		0.0336144
28.9		0.0336144
29		0.0336144
29.1		0.0346399
29.2		0.0346399
29.3		0.0346399
29.4		0.0346399
29.5		0.0346399
29.6		0.0346399
29.7		0.0346399
29.8		0.0346399
29.9		0.0346399
30		0.0346399
30.1		0.0369189
30.2		0.0369189
30.3		0.0369189
30.4		0.0369189
30.5		0.0369189
30.6		0.0369189
30.7		0.0369189
30.8		0.0369189
30.9		0.0369189
31		0.0369189
31.1		0.0379444
31.2		0.0379444
31.3		0.0379444
31.4		0.0379444
31.5		0.0379444
31.6		0.0379444
31.7		0.0379444
31.8		0.0379444
31.9		0.0379444
32		0.0379444
32.1		0.0380583
32.2		0.0380583
32.3		0.0380583
32.4		0.0380583
32.5		0.0380583
32.6		0.0380583
32.7		0.0380583
32.8		0.0380583
32.9		0.0380583
33		0.0380583
33.1		0.0420465
33.2		0.0420465
33.3		0.0420465
33.4		0.0420465
33.5		0.0420465
33.6		0.0420465
33.7		0.0420465
33.8		0.0420465
33.9		0.0420465
34		0.0420465
34.1		0.0443254
34.2		0.0443254
34.3		0.0443254
34.4		0.0443254
34.5		0.0443254
34.6		0.0443254
34.7		0.0443254
34.8		0.0443254
34.9		0.0443254
35		0.0443254
35.1		0.0471741
35.2		0.0471741
35.3		0.0471741
35.4		0.0471741
35.5		0.0471741
35.6		0.0471741
35.7		0.0471741
35.8		0.0471741
35.9		0.0471741
36		0.0471741
36.1		0.0493391
36.2		0.0493391
36.3		0.0493391
36.4		0.0493391
36.5		0.0493391
36.6		0.0493391
36.7		0.0493391
36.8		0.0493391
36.9		0.0493391
37		0.0493391
37.1		0.0499088
37.2		0.0499088
37.3		0.0499088
37.4		0.0499088
37.5		0.0499088
37.6		0.0499088
37.7		0.0499088
37.8		0.0499088
37.9		0.0499088
38		0.0499088
38.1		0.0521878
38.2		0.0521878
38.3		0.0521878
38.4		0.0521878
38.5		0.0521878
38.6		0.0521878
38.7		0.0521878
38.8		0.0521878
38.9		0.0521878
39		0.0521878
39.1		0.0551504
39.2		0.0551504
39.3		0.0551504
39.4		0.0551504
39.5		0.0551504
39.6		0.0551504
39.7		0.0551504
39.8		0.0551504
39.9		0.0551504
40		0.0551504
40.1		0.0562899
40.2		0.0562899
40.3		0.0562899
40.4		0.0562899
40.5		0.0562899
40.6		0.0562899
40.7		0.0562899
40.8		0.0562899
40.9		0.0562899
41		0.0562899
41.1		0.0583409
41.2		0.0583409
41.3		0.0583409
41.4		0.0583409
41.5		0.0583409
41.6		0.0583409
41.7		0.0583409
41.8		0.0583409
41.9		0.0583409
42		0.0583409
42.1		0.0591386
42.2		0.0591386
42.3		0.0591386
42.4		0.0591386
42.5		0.0591386
42.6		0.0591386
42.7		0.0591386
42.8		0.0591386
42.9		0.0591386
43		0.0591386
43.1		0.0595943
43.2		0.0595943
43.3		0.0595943
43.4		0.0595943
43.5		0.0595943
43.6		0.0595943
43.7		0.0595943
43.8		0.0595943
43.9		0.0595943
44		0.0595943
44.1		0.0618733
44.2		0.0618733
44.3		0.0618733
44.4		0.0618733
44.5		0.0618733
44.6		0.0618733
44.7		0.0618733
44.8		0.0618733
44.9		0.0618733
45		0.0618733
45.1		0.0650638
45.2		0.0650638
45.3		0.0650638
45.4		0.0650638
45.5		0.0650638
45.6		0.0650638
45.7		0.0650638
45.8		0.0650638
45.9		0.0650638
46		0.0650638
46.1		0.0677985
46.2		0.0677985
46.3		0.0677985
46.4		0.0677985
46.5		0.0677985
46.6		0.0677985
46.7		0.0677985
46.8		0.0677985
46.9		0.0677985
47		0.0677985
47.1		0.0695077
47.2		0.0695077
47.3		0.0695077
47.4		0.0695077
47.5		0.0695077
47.6		0.0695077
47.7		0.0695077
47.8		0.0695077
47.9		0.0695077
48		0.0695077
48.1		0.0703054
48.2		0.0703054
48.3		0.0703054
48.4		0.0703054
48.5		0.0703054
48.6		0.0703054
48.7		0.0703054
48.8		0.0703054
48.9		0.0703054
49		0.0703054
49.1		0.0707612
49.2		0.0707612
49.3		0.0707612
49.4		0.0707612
49.5		0.0707612
49.6		0.0707612
49.7		0.0707612
49.8		0.0707612
49.9		0.0707612
50		0.0707612
50.1		0.0741796
50.2		0.0741796
50.3		0.0741796
50.4		0.0741796
50.5		0.0741796
50.6		0.0741796
50.7		0.0741796
50.8		0.0741796
50.9		0.0741796
51		0.0741796
51.1		0.0746354
51.2		0.0746354
51.3		0.0746354
51.4		0.0746354
51.5		0.0746354
51.6		0.0746354
51.7		0.0746354
51.8		0.0746354
51.9		0.0746354
52		0.0746354
52.1		0.0804467
52.2		0.0804467
52.3		0.0804467
52.4		0.0804467
52.5		0.0804467
52.6		0.0804467
52.7		0.0804467
52.8		0.0804467
52.9		0.0804467
53		0.0804467
53.1		0.0821559
53.2		0.0821559
53.3		0.0821559
53.4		0.0821559
53.5		0.0821559
53.6		0.0821559
53.7		0.0821559
53.8		0.0821559
53.9		0.0821559
54		0.0821559
54.1		0.0821559
54.2		0.0821559
54.3		0.0821559
54.4		0.0821559
54.5		0.0821559
54.6		0.0821559
54.7		0.0821559
54.8		0.0821559
54.9		0.0821559
55		0.0821559
55.1		0.0832954
55.2		0.0832954
55.3		0.0832954
55.4		0.0832954
55.5		0.0832954
55.6		0.0832954
55.7		0.0832954
55.8		0.0832954
55.9		0.0832954
56		0.0832954
56.1		0.0843209
56.2		0.0843209
56.3		0.0843209
56.4		0.0843209
56.5		0.0843209
56.6		0.0843209
56.7		0.0843209
56.8		0.0843209
56.9		0.0843209
57		0.0843209
57.1		0.0877393
57.2		0.0877393
57.3		0.0877393
57.4		0.0877393
57.5		0.0877393
57.6		0.0877393
57.7		0.0877393
57.8		0.0877393
57.9		0.0877393
58		0.0877393
58.1		0.0911577
58.2		0.0911577
58.3		0.0911577
58.4		0.0911577
58.5		0.0911577
58.6		0.0911577
58.7		0.0911577
58.8		0.0911577
58.9		0.0911577
59		0.0911577
59.1		0.0918414
59.2		0.0918414
59.3		0.0918414
59.4		0.0918414
59.5		0.0918414
59.6		0.0918414
59.7		0.0918414
59.8		0.0918414
59.9		0.0918414
60		0.0918414
60.1		0.0936645
60.2		0.0936645
60.3		0.0936645
60.4		0.0936645
60.5		0.0936645
60.6		0.0936645
60.7		0.0936645
60.8		0.0936645
60.9		0.0936645
61		0.0936645
61.1		0.0937785
61.2		0.0937785
61.3		0.0937785
61.4		0.0937785
61.5		0.0937785
61.6		0.0937785
61.7		0.0937785
61.8		0.0937785
61.9		0.0937785
62		0.0937785
62.1		0.0978806
62.2		0.0978806
62.3		0.0978806
62.4		0.0978806
62.5		0.0978806
62.6		0.0978806
62.7		0.0978806
62.8		0.0978806
62.9		0.0978806
63		0.0978806
63.1		0.0990201
63.2		0.0990201
63.3		0.0990201
63.4		0.0990201
63.5		0.0990201
63.6		0.0990201
63.7		0.0990201
63.8		0.0990201
63.9		0.0990201
64		0.0990201
64.1		0.101869
64.2		0.101869
64.3		0.101869
64.4		0.101869
64.5		0.101869
64.6		0.101869
64.7		0.101869
64.8		0.101869
64.9		0.101869
65		0.101869
65.1		0.105287
65.2		0.105287
65.3		0.105287
65.4		0.105287
65.5		0.105287
65.6		0.105287
65.7		0.105287
65.8		0.105287
65.9		0.105287
66		0.105287
66.1		0.106768
66.2		0.106768
66.3		0.106768
66.4		0.106768
66.5		0.106768
66.6		0.106768
66.7		0.106768
66.8		0.106768
66.9		0.106768
67		0.106768
67.1		0.107908
67.2		0.107908
67.3		0.107908
67.4		0.107908
67.5		0.107908
67.6		0.107908
67.7		0.107908
67.8		0.107908
67.9		0.107908
68		0.107908
68.1		0.110643
68.2		0.110643
68.3		0.110643
68.4		0.110643
68.5		0.110643
68.6		0.110643
68.7		0.110643
68.8		0.110643
68.9		0.110643
69		0.110643
69.1		0.110985
69.2		0.110985
69.3		0.110985
69.4		0.110985
69.5		0.110985
69.6		0.110985
69.7		0.110985
69.8		0.110985
69.9		0.110985
70		0.110985
70.1		0.113149
70.2		0.113149
70.3		0.113149
70.4		0.113149
70.5		0.113149
70.6		0.113149
70.7		0.113149
70.8		0.113149
70.9		0.113149
71		0.113149
71.1		0.117366
71.2		0.117366
71.3		0.117366
71.4		0.117366
71.5		0.117366
71.6		0.117366
71.7		0.117366
71.8		0.117366
71.9		0.117366
72		0.117366
72.1		0.119075
72.2		0.119075
72.3		0.119075
72.4		0.119075
72.5		0.119075
72.6		0.119075
72.7		0.119075
72.8		0.119075
72.9		0.119075
73		0.119075
73.1		0.119531
73.2		0.119531
73.3		0.119531
73.4		0.119531
73.5		0.119531
73.6		0.119531
73.7		0.119531
73.8		0.119531
73.9		0.119531
74		0.119531
74.1		0.121354
74.2		0.121354
74.3		0.121354
74.4		0.121354
74.5		0.121354
74.6		0.121354
74.7		0.121354
74.8		0.121354
74.9		0.121354
75		0.121354
75.1		0.125
75.2		0.125
75.3		0.125
75.4		0.125
75.5		0.125
75.6		0.125
75.7		0.125
75.8		0.125
75.9		0.125
76		0.125
76.1		0.125342
76.2		0.125342
76.3		0.125342
76.4		0.125342
76.5		0.125342
76.6		0.125342
76.7		0.125342
76.8		0.125342
76.9		0.125342
77		0.125342
77.1		0.127051
77.2		0.127051
77.3		0.127051
77.4		0.127051
77.5		0.127051
77.6		0.127051
77.7		0.127051
77.8		0.127051
77.9		0.127051
78		0.127051
78.1		0.129444
78.2		0.129444
78.3		0.129444
78.4		0.129444
78.5		0.129444
78.6		0.129444
78.7		0.129444
78.8		0.129444
78.9		0.129444
79		0.129444
79.1		0.132293
79.2		0.132293
79.3		0.132293
79.4		0.132293
79.5		0.132293
79.6		0.132293
79.7		0.132293
79.8		0.132293
79.9		0.132293
80		0.132293
80.1		0.132293
80.2		0.132293
80.3		0.132293
80.4		0.132293
80.5		0.132293
80.6		0.132293
80.7		0.132293
80.8		0.132293
80.9		0.132293
81		0.132293
81.1		0.136281
81.2		0.136281
81.3		0.136281
81.4		0.136281
81.5		0.136281
81.6		0.136281
81.7		0.136281
81.8		0.136281
81.9		0.136281
82		0.136281
82.1		0.137306
82.2		0.137306
82.3		0.137306
82.4		0.137306
82.5		0.137306
82.6		0.137306
82.7		0.137306
82.8		0.137306
82.9		0.137306
83		0.137306
83.1		0.137648
83.2		0.137648
83.3		0.137648
83.4		0.137648
83.5		0.137648
83.6		0.137648
83.7		0.137648
83.8		0.137648
83.9		0.137648
84		0.137648
84.1		0.14118
84.2		0.14118
84.3		0.14118
84.4		0.14118
84.5		0.14118
84.6		0.14118
84.7		0.14118
84.8		0.14118
84.9		0.14118
85		0.14118
85.1		0.143459
85.2		0.143459
85.3		0.143459
85.4		0.143459
85.5		0.143459
85.6		0.143459
85.7		0.143459
85.8		0.143459
85.9		0.143459
86		0.143459
86.1		0.145055
86.2		0.145055
86.3		0.145055
86.4		0.145055
86.5		0.145055
86.6		0.145055
86.7		0.145055
86.8		0.145055
86.9		0.145055
87		0.145055
87.1		0.147562
87.2		0.147562
87.3		0.147562
87.4		0.147562
87.5		0.147562
87.6		0.147562
87.7		0.147562
87.8		0.147562
87.9		0.147562
88		0.147562
88.1		0.150296
88.2		0.150296
88.3		0.150296
88.4		0.150296
88.5		0.150296
88.6		0.150296
88.7		0.150296
88.8		0.150296
88.9		0.150296
89		0.150296
89.1		0.15098
89.2		0.15098
89.3		0.15098
89.4		0.15098
89.5		0.15098
89.6		0.15098
89.7		0.15098
89.8		0.15098
89.9		0.15098
90		0.15098
90.1		0.15155
90.2		0.15155
90.3		0.15155
90.4		0.15155
90.5		0.15155
90.6		0.15155
90.7		0.15155
90.8		0.15155
90.9		0.15155
91		0.15155
91.1		0.154398
91.2		0.154398
91.3		0.154398
91.4		0.154398
91.5		0.154398
91.6		0.154398
91.7		0.154398
91.8		0.154398
91.9		0.154398
92		0.154398
92.1		0.158842
92.2		0.158842
92.3		0.158842
92.4		0.158842
92.5		0.158842
92.6		0.158842
92.7		0.158842
92.8		0.158842
92.9		0.158842
93		0.158842
93.1		0.159412
93.2		0.159412
93.3		0.159412
93.4		0.159412
93.5		0.159412
93.6		0.159412
93.7		0.159412
93.8		0.159412
93.9		0.159412
94		0.159412
94.1		0.160438
94.2		0.160438
94.3		0.160438
94.4		0.160438
94.5		0.160438
94.6		0.160438
94.7		0.160438
94.8		0.160438
94.9		0.160438
95		0.160438
95.1		0.162716
95.2		0.162716
95.3		0.162716
95.4		0.162716
95.5		0.162716
95.6		0.162716
95.7		0.162716
95.8		0.162716
95.9		0.162716
96		0.162716
96.1		0.164198
96.2		0.164198
96.3		0.164198
96.4		0.164198
96.5		0.164198
96.6		0.164198
96.7		0.164198
96.8		0.164198
96.9		0.164198
97		0.164198
97.1		0.1683
97.2		0.1683
97.3		0.1683
97.4		0.1683
97.5		0.1683
97.6		0.1683
97.7		0.1683
97.8		0.1683
97.9		0.1683
98		0.1683
98.1		0.171376
98.2		0.171376
98.3		0.171376
98.4		0.171376
98.5		0.171376
98.6		0.171376
98.7		0.171376
98.8		0.171376
98.9		0.171376
99		0.171376
99.1		0.17149
99.2		0.17149
99.3		0.17149
99.4		0.17149
99.5		0.17149
99.6		0.17149
99.7		0.17149
99.8		0.17149
99.9		0.17149
100		0.17149
100.1		0.172516
100.2		0.172516
100.3		0.172516
100.4		0.172516
100.5		0.172516
100.6		0.172516
100.7		0.172516
100.8		0.172516
100.9		0.172516
101		0.172516
101.1		0.17263
101.2		0.17263
101.3		0.17263
101.4		0.17263
101.5		0.17263
101.6		0.17263
101.7		0.17263
101.8		0.17263
101.9		0.17263
102		0.17263
102.1		0.173997
102.2		0.173997
102.3		0.173997
102.4		0.173997
102.5		0.173997
102.6		0.173997
102.7		0.173997
102.8		0.173997
102.9		0.173997
103		0.173997
103.1		0.178327
103.2		0.178327
103.3		0.178327
103.4		0.178327
103.5		0.178327
103.6		0.178327
103.7		0.178327
103.8		0.178327
103.9		0.178327
104		0.178327
104.1		0.179011
104.2		0.179011
104.3		0.179011
104.4		0.179011
104.5		0.179011
104.6		0.179011
104.7		0.179011
104.8		0.179011
104.9		0.179011
105		0.179011
105.1		0.18015
105.2		0.18015
105.3		0.18015
105.4		0.18015
105.5		0.18015
105.6		0.18015
105.7		0.18015
105.8		0.18015
105.9		0.18015
106		0.18015
106.1		0.182999
106.2		0.182999
106.3		0.182999
106.4		0.182999
106.5		0.182999
106.6		0.182999
106.7		0.182999
106.8		0.182999
106.9		0.182999
107		0.182999
107.1		0.185506
107.2		0.185506
107.3		0.185506
107.4		0.185506
107.5		0.185506
107.6		0.185506
107.7		0.185506
107.8		0.185506
107.9		0.185506
108		0.185506
108.1		0.185962
108.2		0.185962
108.3		0.185962
108.4		0.185962
108.5		0.185962
108.6		0.185962
108.7		0.185962
108.8		0.185962
108.9		0.185962
109		0.185962
109.1		0.189494
109.2		0.189494
109.3		0.189494
109.4		0.189494
109.5		0.189494
109.6		0.189494
109.7		0.189494
109.8		0.189494
109.9		0.189494
110		0.189494
110.1		0.189494
110.2		0.189494
110.3		0.189494
110.4		0.189494
110.5		0.189494
110.6		0.189494
110.7		0.189494
110.8		0.189494
110.9		0.189494
111		0.189494
111.1		0.192685
111.2		0.192685
111.3		0.192685
111.4		0.192685
111.5		0.192685
111.6		0.192685
111.7		0.192685
111.8		0.192685
111.9		0.192685
112		0.192685
112.1		0.194736
112.2		0.194736
112.3		0.194736
112.4		0.194736
112.5		0.194736
112.6		0.194736
112.7		0.194736
112.8		0.194736
112.9		0.194736
113		0.194736
113.1		0.196103
113.2		0.196103
113.3		0.196103
113.4		0.196103
113.5		0.196103
113.6		0.196103
113.7		0.196103
113.8		0.196103
113.9		0.196103
114		0.196103
114.1		0.198724
114.2		0.198724
114.3		0.198724
114.4		0.198724
114.5		0.198724
114.6		0.198724
114.7		0.198724
114.8		0.198724
114.9		0.198724
115		0.198724
115.1		0.201117
115.2		0.201117
115.3		0.201117
115.4		0.201117
115.5		0.201117
115.6		0.201117
115.7		0.201117
115.8		0.201117
115.9		0.201117
116		0.201117
116.1		0.202028
116.2		0.202028
116.3		0.202028
116.4		0.202028
116.5		0.202028
116.6		0.202028
116.7		0.202028
116.8		0.202028
116.9		0.202028
117		0.202028
117.1		0.206586
117.2		0.206586
117.3		0.206586
117.4		0.206586
117.5		0.206586
117.6		0.206586
117.7		0.206586
117.8		0.206586
117.9		0.206586
118		0.206586
118.1		0.206928
118.2		0.206928
118.3		0.206928
118.4		0.206928
118.5		0.206928
118.6		0.206928
118.7		0.206928
118.8		0.206928
118.9		0.206928
119		0.206928
119.1		0.209663
119.2		0.209663
119.3		0.209663
119.4		0.209663
119.5		0.209663
119.6		0.209663
119.7		0.209663
119.8		0.209663
119.9		0.209663
120		0.209663
120.1		0.209777
120.2		0.209777
120.3		0.209777
120.4		0.209777
120.5		0.209777
120.6		0.209777
120.7		0.209777
120.8		0.209777
120.9		0.209777
121		0.209777
121.1		0.209777
121.2		0.209777
121.3		0.209777
121.4		0.209777
121.5		0.209777
121.6		0.209777
121.7		0.209777
121.8		0.209777
121.9		0.209777
122		0.209777
122.1		0.214676
122.2		0.214676
122.3		0.214676
122.4		0.214676
122.5		0.214676
122.6		0.214676
122.7		0.214676
122.8		0.214676
122.9		0.214676
123		0.214676
123.1		0.216386
123.2		0.216386
123.3		0.216386
123.4		0.216386
123.5		0.216386
123.6		0.216386
123.7		0.216386
123.8		0.216386
123.9		0.216386
124		0.216386
124.1		0.217753
124.2		0.217753
124.3		0.217753
124.4		0.217753
124.5		0.217753
124.6		0.217753
124.7		0.217753
124.8		0.217753
124.9		0.217753
125		0.217753
125.1		0.21912
125.2		0.21912
125.3		0.21912
125.4		0.21912
125.5		0.21912
125.6		0.21912
125.7		0.21912
125.8		0.21912
125.9		0.21912
126		0.21912
126.1		0.221399
126.2		0.221399
126.3		0.221399
126.4		0.221399
126.5		0.221399
126.6		0.221399
126.7		0.221399
126.8		0.221399
126.9		0.221399
127		0.221399
127.1		0.223108
127.2		0.223108
127.3		0.223108
127.4		0.223108
127.5		0.223108
127.6		0.223108
127.7		0.223108
127.8		0.223108
127.9		0.223108
128		0.223108
128.1		0.224134
128.2		0.224134
128.3		0.224134
128.4		0.224134
128.5		0.224134
128.6		0.224134
128.7		0.224134
128.8		0.224134
128.9		0.224134
129		0.224134
129.1		0.231085
129.2		0.231085
129.3		0.231085
129.4		0.231085
129.5		0.231085
129.6		0.231085
129.7		0.231085
129.8		0.231085
129.9		0.231085
130		0.231085
130.1		0.231085
130.2		0.231085
130.3		0.231085
130.4		0.231085
130.5		0.231085
130.6		0.231085
130.7		0.231085
130.8		0.231085
130.9		0.231085
131		0.231085
131.1		0.231313
131.2		0.231313
131.3		0.231313
131.4		0.231313
131.5		0.231313
131.6		0.231313
131.7		0.231313
131.8		0.231313
131.9		0.231313
132		0.231313
132.1		0.23211
132.2		0.23211
132.3		0.23211
132.4		0.23211
132.5		0.23211
132.6		0.23211
132.7		0.23211
132.8		0.23211
132.9		0.23211
133		0.23211
133.1		0.235187
133.2		0.235187
133.3		0.235187
133.4		0.235187
133.5		0.235187
133.6		0.235187
133.7		0.235187
133.8		0.235187
133.9		0.235187
134		0.235187
134.1		0.237466
134.2		0.237466
134.3		0.237466
134.4		0.237466
134.5		0.237466
134.6		0.237466
134.7		0.237466
134.8		0.237466
134.9		0.237466
135		0.237466
135.1		0.240087
135.2		0.240087
135.3		0.240087
135.4		0.240087
135.5		0.240087
135.6		0.240087
135.7		0.240087
135.8		0.240087
135.9		0.240087
136		0.240087
136.1		0.243847
136.2		0.243847
136.3		0.243847
136.4		0.243847
136.5		0.243847
136.6		0.243847
136.7		0.243847
136.8		0.243847
136.9		0.243847
137		0.243847
137.1		0.2451
137.2		0.2451
137.3		0.2451
137.4		0.2451
137.5		0.2451
137.6		0.2451
137.7		0.2451
137.8		0.2451
137.9		0.2451
138		0.2451
138.1		0.246354
138.2		0.246354
138.3		0.246354
138.4		0.246354
138.5		0.246354
138.6		0.246354
138.7		0.246354
138.8		0.246354
138.9		0.246354
139		0.246354
139.1		0.246468
139.2		0.246468
139.3		0.246468
139.4		0.246468
139.5		0.246468
139.6		0.246468
139.7		0.246468
139.8		0.246468
139.9		0.246468
140		0.246468
140.1		0.250228
140.2		0.250228
140.3		0.250228
140.4		0.250228
140.5		0.250228
140.6		0.250228
140.7		0.250228
140.8		0.250228
140.9		0.250228
141		0.250228
141.1		0.251026
141.2		0.251026
141.3		0.251026
141.4		0.251026
141.5		0.251026
141.6		0.251026
141.7		0.251026
141.8		0.251026
141.9		0.251026
142		0.251026
142.1		0.255356
142.2		0.255356
142.3		0.255356
142.4		0.255356
142.5		0.255356
142.6		0.255356
142.7		0.255356
142.8		0.255356
142.9		0.255356
143		0.255356
143.1		0.255811
143.2		0.255811
143.3		0.255811
143.4		0.255811
143.5		0.255811
143.6		0.255811
143.7		0.255811
143.8		0.255811
143.9		0.255811
144		0.255811
144.1		0.256495
144.2		0.256495
144.3		0.256495
144.4		0.256495
144.5		0.256495
144.6		0.256495
144.7		0.256495
144.8		0.256495
144.9		0.256495
145		0.256495
145.1		0.256837
145.2		0.256837
145.3		0.256837
145.4		0.256837
145.5		0.256837
145.6		0.256837
145.7		0.256837
145.8		0.256837
145.9		0.256837
146		0.256837
146.1		0.261167
146.2		0.261167
146.3		0.261167
146.4		0.261167
146.5		0.261167
146.6		0.261167
146.7		0.261167
146.8		0.261167
146.9		0.261167
147		0.261167
147.1		0.261395
147.2		0.261395
147.3		0.261395
147.4		0.261395
147.5		0.261395
147.6		0.261395
147.7		0.261395
147.8		0.261395
147.9		0.261395
148		0.261395
148.1		0.266067
148.2		0.266067
148.3		0.266067
148.4		0.266067
148.5		0.266067
148.6		0.266067
148.7		0.266067
148.8		0.266067
148.9		0.266067
149		0.266067
149.1		0.26675
149.2		0.26675
149.3		0.26675
149.4		0.26675
149.5		0.26675
149.6		0.26675
149.7		0.26675
149.8		0.26675
149.9		0.26675
150		0.26675
150.1		0.267662
150.2		0.267662
150.3		0.267662
150.4		0.267662
150.5		0.267662
150.6		0.267662
150.7		0.267662
150.8		0.267662
150.9		0.267662
151		0.267662
151.1		0.267776
151.2		0.267776
151.3		0.267776
151.4		0.267776
151.5		0.267776
151.6		0.267776
151.7		0.267776
151.8		0.267776
151.9		0.267776
152		0.267776
152.1		0.27165
152.2		0.27165
152.3		0.27165
152.4		0.27165
152.5		0.27165
152.6		0.27165
152.7		0.27165
152.8		0.27165
152.9		0.27165
153		0.27165
153.1		0.272903
153.2		0.272903
153.3		0.272903
153.4		0.272903
153.5		0.272903
153.6		0.272903
153.7		0.272903
153.8		0.272903
153.9		0.272903
154		0.272903
154.1		0.27598
154.2		0.27598
154.3		0.27598
154.4		0.27598
154.5		0.27598
154.6		0.27598
154.7		0.27598
154.8		0.27598
154.9		0.27598
155		0.27598
155.1		0.278373
155.2		0.278373
155.3		0.278373
155.4		0.278373
155.5		0.278373
155.6		0.278373
155.7		0.278373
155.8		0.278373
155.9		0.278373
156		0.278373
156.1		0.279512
156.2		0.279512
156.3		0.279512
156.4		0.279512
156.5		0.279512
156.6		0.279512
156.7		0.279512
156.8		0.279512
156.9		0.279512
157		0.279512
157.1		0.283956
157.2		0.283956
157.3		0.283956
157.4		0.283956
157.5		0.283956
157.6		0.283956
157.7		0.283956
157.8		0.283956
157.9		0.283956
158		0.283956
158.1		0.284298
158.2		0.284298
158.3		0.284298
158.4		0.284298
158.5		0.284298
158.6		0.284298
158.7		0.284298
158.8		0.284298
158.9		0.284298
159		0.284298
159.1		0.285665
159.2		0.285665
159.3		0.285665
159.4		0.285665
159.5		0.285665
159.6		0.285665
159.7		0.285665
159.8		0.285665
159.9		0.285665
160		0.285665
160.1		0.288628
160.2		0.288628
160.3		0.288628
160.4		0.288628
160.5		0.288628
160.6		0.288628
160.7		0.288628
160.8		0.288628
160.9		0.288628
161		0.288628
161.1		0.289312
161.2		0.289312
161.3		0.289312
161.4		0.289312
161.5		0.289312
161.6		0.289312
161.7		0.289312
161.8		0.289312
161.9		0.289312
162		0.289312
162.1		0.293642
162.2		0.293642
162.3		0.293642
162.4		0.293642
162.5		0.293642
162.6		0.293642
162.7		0.293642
162.8		0.293642
162.9		0.293642
163		0.293642
163.1		0.294211
163.2		0.294211
163.3		0.294211
163.4		0.294211
163.5		0.294211
163.6		0.294211
163.7		0.294211
163.8		0.294211
163.9		0.294211
164		0.294211
164.1		0.294439
164.2		0.294439
164.3		0.294439
164.4		0.294439
164.5		0.294439
164.6		0.294439
164.7		0.294439
164.8		0.294439
164.9		0.294439
165		0.294439
165.1		0.297744
165.2		0.297744
165.3		0.297744
165.4		0.297744
165.5		0.297744
165.6		0.297744
165.7		0.297744
165.8		0.297744
165.9		0.297744
166		0.297744
166.1		0.300934
166.2		0.300934
166.3		0.300934
166.4		0.300934
166.5		0.300934
166.6		0.300934
166.7		0.300934
166.8		0.300934
166.9		0.300934
167		0.300934
167.1		0.301846
167.2		0.301846
167.3		0.301846
167.4		0.301846
167.5		0.301846
167.6		0.301846
167.7		0.301846
167.8		0.301846
167.9		0.301846
168		0.301846
168.1		0.302871
168.2		0.302871
168.3		0.302871
168.4		0.302871
168.5		0.302871
168.6		0.302871
168.7		0.302871
168.8		0.302871
168.9		0.302871
169		0.302871
169.1		0.304239
169.2		0.304239
169.3		0.304239
169.4		0.304239
169.5		0.304239
169.6		0.304239
169.7		0.304239
169.8		0.304239
169.9		0.304239
170		0.304239
170.1		0.306062
170.2		0.306062
170.3		0.306062
170.4		0.306062
170.5		0.306062
170.6		0.306062
170.7		0.306062
170.8		0.306062
170.9		0.306062
171		0.306062
171.1		0.310164
171.2		0.310164
171.3		0.310164
171.4		0.310164
171.5		0.310164
171.6		0.310164
171.7		0.310164
171.8		0.310164
171.9		0.310164
172		0.310164
172.1		0.311304
172.2		0.311304
172.3		0.311304
172.4		0.311304
172.5		0.311304
172.6		0.311304
172.7		0.311304
172.8		0.311304
172.9		0.311304
173		0.311304
173.1		0.316659
173.2		0.316659
173.3		0.316659
173.4		0.316659
173.5		0.316659
173.6		0.316659
173.7		0.316659
173.8		0.316659
173.9		0.316659
174		0.316659
174.1		0.317912
174.2		0.317912
174.3		0.317912
174.4		0.317912
174.5		0.317912
174.6		0.317912
174.7		0.317912
174.8		0.317912
174.9		0.317912
175		0.317912
175.1		0.320989
175.2		0.320989
175.3		0.320989
175.4		0.320989
175.5		0.320989
175.6		0.320989
175.7		0.320989
175.8		0.320989
175.9		0.320989
176		0.320989
176.1		0.321217
176.2		0.321217
176.3		0.321217
176.4		0.321217
176.5		0.321217
176.6		0.321217
176.7		0.321217
176.8		0.321217
176.9		0.321217
177		0.321217
177.1		0.321673
177.2		0.321673
177.3		0.321673
177.4		0.321673
177.5		0.321673
177.6		0.321673
177.7		0.321673
177.8		0.321673
177.9		0.321673
178		0.321673
178.1		0.324407
178.2		0.324407
178.3		0.324407
178.4		0.324407
178.5		0.324407
178.6		0.324407
178.7		0.324407
178.8		0.324407
178.9		0.324407
179		0.324407
179.1		0.325889
179.2		0.325889
179.3		0.325889
179.4		0.325889
179.5		0.325889
179.6		0.325889
179.7		0.325889
179.8		0.325889
179.9		0.325889
180		0.325889
180.1		0.327028
180.2		0.327028
180.3		0.327028
180.4		0.327028
180.5		0.327028
180.6		0.327028
180.7		0.327028
180.8		0.327028
180.9		0.327028
181		0.327028
181.1		0.329193
181.2		0.329193
181.3		0.329193
181.4		0.329193
181.5		0.329193
181.6		0.329193
181.7		0.329193
181.8		0.329193
181.9		0.329193
182		0.329193
182.1		0.33113
182.2		0.33113
182.3		0.33113
182.4		0.33113
182.5		0.33113
182.6		0.33113
182.7		0.33113
182.8		0.33113
182.9		0.33113
183		0.33113
183.1		0.332384
183.2		0.332384
183.3		0.332384
183.4		0.332384
183.5		0.332384
183.6		0.332384
183.7		0.332384
183.8		0.332384
183.9		0.332384
184		0.332384
184.1		0.334321
184.2		0.334321
184.3		0.334321
184.4		0.334321
184.5		0.334321
184.6		0.334321
184.7		0.334321
184.8		0.334321
184.9		0.334321
185		0.334321
185.1		0.337284
185.2		0.337284
185.3		0.337284
185.4		0.337284
185.5		0.337284
185.6		0.337284
185.7		0.337284
185.8		0.337284
185.9		0.337284
186		0.337284
186.1		0.338423
186.2		0.338423
186.3		0.338423
186.4		0.338423
186.5		0.338423
186.6		0.338423
186.7		0.338423
186.8		0.338423
186.9		0.338423
187		0.338423
187.1		0.341841
187.2		0.341841
187.3		0.341841
187.4		0.341841
187.5		0.341841
187.6		0.341841
187.7		0.341841
187.8		0.341841
187.9		0.341841
188		0.341841
188.1		0.343437
188.2		0.343437
188.3		0.343437
188.4		0.343437
188.5		0.343437
188.6		0.343437
188.7		0.343437
188.8		0.343437
188.9		0.343437
189		0.343437
189.1		0.345032
189.2		0.345032
189.3		0.345032
189.4		0.345032
189.5		0.345032
189.6		0.345032
189.7		0.345032
189.8		0.345032
189.9		0.345032
190		0.345032
190.1		0.346399
190.2		0.346399
190.3		0.346399
190.4		0.346399
190.5		0.346399
190.6		0.346399
190.7		0.346399
190.8		0.346399
190.9		0.346399
191		0.346399
191.1		0.349362
191.2		0.349362
191.3		0.349362
191.4		0.349362
191.5		0.349362
191.6		0.349362
191.7		0.349362
191.8		0.349362
191.9		0.349362
192		0.349362
192.1		0.351299
192.2		0.351299
192.3		0.351299
192.4		0.351299
192.5		0.351299
192.6		0.351299
192.7		0.351299
192.8		0.351299
192.9		0.351299
193		0.351299
193.1		0.352438
193.2		0.352438
193.3		0.352438
193.4		0.352438
193.5		0.352438
193.6		0.352438
193.7		0.352438
193.8		0.352438
193.9		0.352438
194		0.352438
194.1		0.35335
194.2		0.35335
194.3		0.35335
194.4		0.35335
194.5		0.35335
194.6		0.35335
194.7		0.35335
194.8		0.35335
194.9		0.35335
195		0.35335
195.1		0.35768
195.2		0.35768
195.3		0.35768
195.4		0.35768
195.5		0.35768
195.6		0.35768
195.7		0.35768
195.8		0.35768
195.9		0.35768
196		0.35768
196.1		0.359503
196.2		0.359503
196.3		0.359503
196.4		0.359503
196.5		0.359503
196.6		0.359503
196.7		0.359503
196.8		0.359503
196.9		0.359503
197		0.359503
197.1		0.360985
197.2		0.360985
197.3		0.360985
197.4		0.360985
197.5		0.360985
197.6		0.360985
197.7		0.360985
197.8		0.360985
197.9		0.360985
198		0.360985
198.1		0.362124
198.2		0.362124
198.3		0.362124
198.4		0.362124
198.5		0.362124
198.6		0.362124
198.7		0.362124
198.8		0.362124
198.9		0.362124
199		0.362124
199.1		0.364403
199.2		0.364403
199.3		0.364403
199.4		0.364403
199.5		0.364403
199.6		0.364403
199.7		0.364403
199.8		0.364403
199.9		0.364403
200		0.364403
200.1		0.367366
200.2		0.367366
200.3		0.367366
200.4		0.367366
200.5		0.367366
200.6		0.367366
200.7		0.367366
200.8		0.367366
200.9		0.367366
201		0.367366
201.1		0.368391
201.2		0.368391
201.3		0.368391
201.4		0.368391
201.5		0.368391
201.6		0.368391
201.7		0.368391
201.8		0.368391
201.9		0.368391
202		0.368391
202.1		0.368733
202.2		0.368733
202.3		0.368733
202.4		0.368733
202.5		0.368733
202.6		0.368733
202.7		0.368733
202.8		0.368733
202.9		0.368733
203		0.368733
203.1		0.369531
203.2		0.369531
203.3		0.369531
203.4		0.369531
203.5		0.369531
203.6		0.369531
203.7		0.369531
203.8		0.369531
203.9		0.369531
204		0.369531
204.1		0.376139
204.2		0.376139
204.3		0.376139
204.4		0.376139
204.5		0.376139
204.6		0.376139
204.7		0.376139
204.8		0.376139
204.9		0.376139
205		0.376139
205.1		0.377051
205.2		0.377051
205.3		0.377051
205.4		0.377051
205.5		0.377051
205.6		0.377051
205.7		0.377051
205.8		0.377051
205.9		0.377051
206		0.377051
206.1		0.377735
206.2		0.377735
206.3		0.377735
206.4		0.377735
206.5		0.377735
206.6		0.377735
206.7		0.377735
206.8		0.377735
206.9		0.377735
207		0.377735
207.1		0.382407
207.2		0.382407
207.3		0.382407
207.4		0.382407
207.5		0.382407
207.6		0.382407
207.7		0.382407
207.8		0.382407
207.9		0.382407
208		0.382407
208.1		0.383204
208.2		0.383204
208.3		0.383204
208.4		0.383204
208.5		0.383204
208.6		0.383204
208.7		0.383204
208.8		0.383204
208.9		0.383204
209		0.383204
209.1		0.385483
209.2		0.385483
209.3		0.385483
209.4		0.385483
209.5		0.385483
209.6		0.385483
209.7		0.385483
209.8		0.385483
209.9		0.385483
210		0.385483
210.1		0.38742
210.2		0.38742
210.3		0.38742
210.4		0.38742
210.5		0.38742
210.6		0.38742
210.7		0.38742
210.8		0.38742
210.9		0.38742
211		0.38742
211.1		0.389357
211.2		0.389357
211.3		0.389357
211.4		0.389357
211.5		0.389357
211.6		0.389357
211.7		0.389357
211.8		0.389357
211.9		0.389357
212		0.389357
212.1		0.390155
212.2		0.390155
212.3		0.390155
212.4		0.390155
212.5		0.390155
212.6		0.390155
212.7		0.390155
212.8		0.390155
212.9		0.390155
213		0.390155
213.1		0.395055
213.2		0.395055
213.3		0.395055
213.4		0.395055
213.5		0.395055
213.6		0.395055
213.7		0.395055
213.8		0.395055
213.9		0.395055
214		0.395055
214.1		0.397106
214.2		0.397106
214.3		0.397106
214.4		0.397106
214.5		0.397106
214.6		0.397106
214.7		0.397106
214.8		0.397106
214.9		0.397106
215		0.397106
215.1		0.398587
215.2		0.398587
215.3		0.398587
215.4		0.398587
215.5		0.398587
215.6		0.398587
215.7		0.398587
215.8		0.398587
215.9		0.398587
216		0.398587
216.1		0.401778
216.2		0.401778
216.3		0.401778
216.4		0.401778
216.5		0.401778
216.6		0.401778
216.7		0.401778
216.8		0.401778
216.9		0.401778
217		0.401778
217.1		0.402119
217.2		0.402119
217.3		0.402119
217.4		0.402119
217.5		0.402119
217.6		0.402119
217.7		0.402119
217.8		0.402119
217.9		0.402119
218		0.402119
218.1		0.405652
218.2		0.405652
218.3		0.405652
218.4		0.405652
218.5		0.405652
218.6		0.405652
218.7		0.405652
218.8		0.405652
218.9		0.405652
219		0.405652
219.1		0.40588
219.2		0.40588
219.3		0.40588
219.4		0.40588
219.5		0.40588
219.6		0.40588
219.7		0.40588
219.8		0.40588
219.9		0.40588
220		0.40588
220.1		0.408842
220.2		0.408842
220.3		0.408842
220.4		0.408842
220.5		0.408842
220.6		0.408842
220.7		0.408842
220.8		0.408842
220.9		0.408842
221		0.408842
221.1		0.411121
221.2		0.411121
221.3		0.411121
221.4		0.411121
221.5		0.411121
221.6		0.411121
221.7		0.411121
221.8		0.411121
221.9		0.411121
222		0.411121
222.1		0.412603
222.2		0.412603
222.3		0.412603
222.4		0.412603
222.5		0.412603
222.6		0.412603
222.7		0.412603
222.8		0.412603
222.9		0.412603
223		0.412603
223.1		0.4134
223.2		0.4134
223.3		0.4134
223.4		0.4134
223.5		0.4134
223.6		0.4134
223.7		0.4134
223.8		0.4134
223.9		0.4134
224		0.4134
224.1		0.415337
224.2		0.415337
224.3		0.415337
224.4		0.415337
224.5		0.415337
224.6		0.415337
224.7		0.415337
224.8		0.415337
224.9		0.415337
225		0.415337
225.1		0.416819
225.2		0.416819
225.3		0.416819
225.4		0.416819
225.5		0.416819
225.6		0.416819
225.7		0.416819
225.8		0.416819
225.9		0.416819
226		0.416819
226.1		0.42149
226.2		0.42149
226.3		0.42149
226.4		0.42149
226.5		0.42149
226.6		0.42149
226.7		0.42149
226.8		0.42149
226.9		0.42149
227		0.42149
227.1		0.421946
227.2		0.421946
227.3		0.421946
227.4		0.421946
227.5		0.421946
227.6		0.421946
227.7		0.421946
227.8		0.421946
227.9		0.421946
228		0.421946
228.1		0.422516
228.2		0.422516
228.3		0.422516
228.4		0.422516
228.5		0.422516
228.6		0.422516
228.7		0.422516
228.8		0.422516
228.9		0.422516
229		0.422516
229.1		0.423314
229.2		0.423314
229.3		0.423314
229.4		0.423314
229.5		0.423314
229.6		0.423314
229.7		0.423314
229.8		0.423314
229.9		0.423314
230		0.423314
230.1		0.426846
230.2		0.426846
230.3		0.426846
230.4		0.426846
230.5		0.426846
230.6		0.426846
230.7		0.426846
230.8		0.426846
230.9		0.426846
231		0.426846
231.1		0.429125
231.2		0.429125
231.3		0.429125
231.4		0.429125
231.5		0.429125
231.6		0.429125
231.7		0.429125
231.8		0.429125
231.9		0.429125
232		0.429125
232.1		0.431746
232.2		0.431746
232.3		0.431746
232.4		0.431746
232.5		0.431746
232.6		0.431746
232.7		0.431746
232.8		0.431746
232.9		0.431746
233		0.431746
233.1		0.433227
233.2		0.433227
233.3		0.433227
233.4		0.433227
233.5		0.433227
233.6		0.433227
233.7		0.433227
233.8		0.433227
233.9		0.433227
234		0.433227
234.1		0.434139
234.2		0.434139
234.3		0.434139
234.4		0.434139
234.5		0.434139
234.6		0.434139
234.7		0.434139
234.8		0.434139
234.9		0.434139
235		0.434139
235.1		0.435392
235.2		0.435392
235.3		0.435392
235.4		0.435392
235.5		0.435392
235.6		0.435392
235.7		0.435392
235.8		0.435392
235.9		0.435392
236		0.435392
236.1		0.436759
236.2		0.436759
236.3		0.436759
236.4		0.436759
236.5		0.436759
236.6		0.436759
236.7		0.436759
236.8		0.436759
236.9		0.436759
237		0.436759
237.1		0.438241
237.2		0.438241
237.3		0.438241
237.4		0.438241
237.5		0.438241
237.6		0.438241
237.7		0.438241
237.8		0.438241
237.9		0.438241
238		0.438241
238.1		0.443938
238.2		0.443938
238.3		0.443938
238.4		0.443938
238.5		0.443938
238.6		0.443938
238.7		0.443938
238.8		0.443938
238.9		0.443938
239		0.443938
239.1		0.445077
239.2		0.445077
239.3		0.445077
239.4		0.445077
239.5		0.445077
239.6		0.445077
239.7		0.445077
239.8		0.445077
239.9		0.445077
240		0.445077
240.1		0.445419
240.2		0.445419
240.3		0.445419
240.4		0.445419
240.5		0.445419
240.6		0.445419
240.7		0.445419
240.8		0.445419
240.9		0.445419
241		0.445419
241.1		0.446445
241.2		0.446445
241.3		0.446445
241.4		0.446445
241.5		0.446445
241.6		0.446445
241.7		0.446445
241.8		0.446445
241.9		0.446445
242		0.446445
242.1		0.449407
242.2		0.449407
242.3		0.449407
242.4		0.449407
242.5		0.449407
242.6		0.449407
242.7		0.449407
242.8		0.449407
242.9		0.449407
243		0.449407
243.1		0.453965
243.2		0.453965
243.3		0.453965
243.4		0.453965
243.5		0.453965
243.6		0.453965
243.7		0.453965
243.8		0.453965
243.9		0.453965
244		0.453965
244.1		0.454649
244.2		0.454649
244.3		0.454649
244.4		0.454649
244.5		0.454649
244.6		0.454649
244.7		0.454649
244.8		0.454649
244.9		0.454649
245		0.454649
245.1		0.456016
245.2		0.456016
245.3		0.456016
245.4		0.456016
245.5		0.456016
245.6		0.456016
245.7		0.456016
245.8		0.456016
245.9		0.456016
246		0.456016
246.1		0.456472
246.2		0.456472
246.3		0.456472
246.4		0.456472
246.5		0.456472
246.6		0.456472
246.7		0.456472
246.8		0.456472
246.9		0.456472
247		0.456472
247.1		0.458523
247.2		0.458523
247.3		0.458523
247.4		0.458523
247.5		0.458523
247.6		0.458523
247.7		0.458523
247.8		0.458523
247.9		0.458523
248		0.458523
248.1		0.460346
248.2		0.460346
248.3		0.460346
248.4		0.460346
248.5		0.460346
248.6		0.460346
248.7		0.460346
248.8		0.460346
248.9		0.460346
249		0.460346
249.1		0.463537
249.2		0.463537
249.3		0.463537
249.4		0.463537
249.5		0.463537
249.6		0.463537
249.7		0.463537
249.8		0.463537
249.9		0.463537
250		0.463537
250.1		0.464676
250.2		0.464676
250.3		0.464676
250.4		0.464676
250.5		0.464676
250.6		0.464676
250.7		0.464676
250.8		0.464676
250.9		0.464676
251		0.464676
251.1		0.46536
251.2		0.46536
251.3		0.46536
251.4		0.46536
251.5		0.46536
251.6		0.46536
251.7		0.46536
251.8		0.46536
251.9		0.46536
252		0.46536
252.1		0.468892
252.2		0.468892
252.3		0.468892
252.4		0.468892
252.5		0.468892
252.6		0.468892
252.7		0.468892
252.8		0.468892
252.9		0.468892
253		0.468892
253.1		0.471399
253.2		0.471399
253.3		0.471399
253.4		0.471399
253.5		0.471399
253.6		0.471399
253.7		0.471399
253.8		0.471399
253.9		0.471399
254		0.471399
254.1		0.472653
254.2		0.472653
254.3		0.472653
254.4		0.472653
254.5		0.472653
254.6		0.472653
254.7		0.472653
254.8		0.472653
254.9		0.472653
255		0.472653
255.1		0.47345
255.2		0.47345
255.3		0.47345
255.4		0.47345
255.5		0.47345
255.6		0.47345
255.7		0.47345
255.8		0.47345
255.9		0.47345
256		0.47345
256.1		0.474704
256.2		0.474704
256.3		0.474704
256.4		0.474704
256.5		0.474704
256.6		0.474704
256.7		0.474704
256.8		0.474704
256.9		0.474704
257		0.474704
257.1		0.475957
257.2		0.475957
257.3		0.475957
257.4		0.475957
257.5		0.475957
257.6		0.475957
257.7		0.475957
257.8		0.475957
257.9		0.475957
258		0.475957
258.1		0.477438
258.2		0.477438
258.3		0.477438
258.4		0.477438
258.5		0.477438
258.6		0.477438
258.7		0.477438
258.8		0.477438
258.9		0.477438
259		0.477438
259.1		0.483022
259.2		0.483022
259.3		0.483022
259.4		0.483022
259.5		0.483022
259.6		0.483022
259.7		0.483022
259.8		0.483022
259.9		0.483022
260		0.483022
260.1		0.484161
260.2		0.484161
260.3		0.484161
260.4		0.484161
260.5		0.484161
260.6		0.484161
260.7		0.484161
260.8		0.484161
260.9		0.484161
261		0.484161
261.1		0.485643
261.2		0.485643
261.3		0.485643
261.4		0.485643
261.5		0.485643
261.6		0.485643
261.7		0.485643
261.8		0.485643
261.9		0.485643
262		0.485643
262.1		0.48758
262.2		0.48758
262.3		0.48758
262.4		0.48758
262.5		0.48758
262.6		0.48758
262.7		0.48758
262.8		0.48758
262.9		0.48758
263		0.48758
263.1		0.490542
263.2		0.490542
263.3		0.490542
263.4		0.490542
263.5		0.490542
263.6		0.490542
263.7		0.490542
263.8		0.490542
263.9		0.490542
264		0.490542
264.1		0.492138
264.2		0.492138
264.3		0.492138
264.4		0.492138
264.5		0.492138
264.6		0.492138
264.7		0.492138
264.8		0.492138
264.9		0.492138
265		0.492138
265.1		0.497265
265.2		0.497265
265.3		0.497265
265.4		0.497265
265.5		0.497265
265.6		0.497265
265.7		0.497265
265.8		0.497265
265.9		0.497265
266		0.497265
266.1		0.498633
266.2		0.498633
266.3		0.498633
266.4		0.498633
266.5		0.498633
266.6		0.498633
266.7		0.498633
266.8		0.498633
266.9		0.498633
267		0.498633
267.1		0.499544
267.2		0.499544
267.3		0.499544
267.4		0.499544
267.5		0.499544
267.6		0.499544
267.7		0.499544
267.8		0.499544
267.9		0.499544
268		0.499544
268.1		0.502165
268.2		0.502165
268.3		0.502165
268.4		0.502165
268.5		0.502165
268.6		0.502165
268.7		0.502165
268.8		0.502165
268.9		0.502165
269		0.502165
269.1		0.50376
269.2		0.50376
269.3		0.50376
269.4		0.50376
269.5		0.50376
269.6		0.50376
269.7		0.50376
269.8		0.50376
269.9		0.50376
270		0.50376
270.1		0.504216
270.2		0.504216
270.3		0.504216
270.4		0.504216
270.5		0.504216
270.6		0.504216
270.7		0.504216
270.8		0.504216
270.9		0.504216
271		0.504216
271.1		0.511281
271.2		0.511281
271.3		0.511281
271.4		0.511281
271.5		0.511281
271.6		0.511281
271.7		0.511281
271.8		0.511281
271.9		0.511281
272		0.511281
272.1		0.512534
272.2		0.512534
272.3		0.512534
272.4		0.512534
272.5		0.512534
272.6		0.512534
272.7		0.512534
272.8		0.512534
272.9		0.512534
273		0.512534
273.1		0.512876
273.2		0.512876
273.3		0.512876
273.4		0.512876
273.5		0.512876
273.6		0.512876
273.7		0.512876
273.8		0.512876
273.9		0.512876
274		0.512876
274.1		0.514471
274.2		0.514471
274.3		0.514471
274.4		0.514471
274.5		0.514471
274.6		0.514471
274.7		0.514471
274.8		0.514471
274.9		0.514471
275		0.514471
275.1		0.515611
275.2		0.515611
275.3		0.515611
275.4		0.515611
275.5		0.515611
275.6		0.515611
275.7		0.515611
275.8		0.515611
275.9		0.515611
276		0.515611
276.1		0.516522
276.2		0.516522
276.3		0.516522
276.4		0.516522
276.5		0.516522
276.6		0.516522
276.7		0.516522
276.8		0.516522
276.9		0.516522
277		0.516522
277.1		0.521308
277.2		0.521308
277.3		0.521308
277.4		0.521308
277.5		0.521308
277.6		0.521308
277.7		0.521308
277.8		0.521308
277.9		0.521308
278		0.521308
278.1		0.523929
278.2		0.523929
278.3		0.523929
278.4		0.523929
278.5		0.523929
278.6		0.523929
278.7		0.523929
278.8		0.523929
278.9		0.523929
279		0.523929
279.1		0.524613
279.2		0.524613
279.3		0.524613
279.4		0.524613
279.5		0.524613
279.6		0.524613
279.7		0.524613
279.8		0.524613
279.9		0.524613
280		0.524613
280.1		0.525068
280.2		0.525068
280.3		0.525068
280.4		0.525068
280.5		0.525068
280.6		0.525068
280.7		0.525068
280.8		0.525068
280.9		0.525068
281		0.525068
281.1		0.525752
281.2		0.525752
281.3		0.525752
281.4		0.525752
281.5		0.525752
281.6		0.525752
281.7		0.525752
281.8		0.525752
281.9		0.525752
282		0.525752
282.1		0.52917
282.2		0.52917
282.3		0.52917
282.4		0.52917
282.5		0.52917
282.6		0.52917
282.7		0.52917
282.8		0.52917
282.9		0.52917
283		0.52917
283.1		0.533728
283.2		0.533728
283.3		0.533728
283.4		0.533728
283.5		0.533728
283.6		0.533728
283.7		0.533728
283.8		0.533728
283.9		0.533728
284		0.533728
284.1		0.53407
284.2		0.53407
284.3		0.53407
284.4		0.53407
284.5		0.53407
284.6		0.53407
284.7		0.53407
284.8		0.53407
284.9		0.53407
285		0.53407
285.1		0.538058
285.2		0.538058
285.3		0.538058
285.4		0.538058
285.5		0.538058
285.6		0.538058
285.7		0.538058
285.8		0.538058
285.9		0.538058
286		0.538058
286.1		0.53954
286.2		0.53954
286.3		0.53954
286.4		0.53954
286.5		0.53954
286.6		0.53954
286.7		0.53954
286.8		0.53954
286.9		0.53954
287		0.53954
287.1		0.539995
287.2		0.539995
287.3		0.539995
287.4		0.539995
287.5		0.539995
287.6		0.539995
287.7		0.539995
287.8		0.539995
287.9		0.539995
288		0.539995
288.1		0.543528
288.2		0.543528
288.3		0.543528
288.4		0.543528
288.5		0.543528
288.6		0.543528
288.7		0.543528
288.8		0.543528
288.9		0.543528
289		0.543528
289.1		0.547174
289.2		0.547174
289.3		0.547174
289.4		0.547174
289.5		0.547174
289.6		0.547174
289.7		0.547174
289.8		0.547174
289.9		0.547174
290		0.547174
290.1		0.547288
290.2		0.547288
290.3		0.547288
290.4		0.547288
290.5		0.547288
290.6		0.547288
290.7		0.547288
290.8		0.547288
290.9		0.547288
291		0.547288
291.1		0.547288
291.2		0.547288
291.3		0.547288
291.4		0.547288
291.5		0.547288
291.6		0.547288
291.7		0.547288
291.8		0.547288
291.9		0.547288
292		0.547288
292.1		0.547402
292.2		0.547402
292.3		0.547402
292.4		0.547402
292.5		0.547402
292.6		0.547402
292.7		0.547402
292.8		0.547402
292.9		0.547402
293		0.547402
293.1		0.552074
293.2		0.552074
293.3		0.552074
293.4		0.552074
293.5		0.552074
293.6		0.552074
293.7		0.552074
293.8		0.552074
293.9		0.552074
294		0.552074
294.1		0.55515
294.2		0.55515
294.3		0.55515
294.4		0.55515
294.5		0.55515
294.6		0.55515
294.7		0.55515
294.8		0.55515
294.9		0.55515
295		0.55515
295.1		0.558227
295.2		0.558227
295.3		0.558227
295.4		0.558227
295.5		0.558227
295.6		0.558227
295.7		0.558227
295.8		0.558227
295.9		0.558227
296		0.558227
296.1		0.55948
296.2		0.55948
296.3		0.55948
296.4		0.55948
296.5		0.55948
296.6		0.55948
296.7		0.55948
296.8		0.55948
296.9		0.55948
297		0.55948
297.1		0.562101
297.2		0.562101
297.3		0.562101
297.4		0.562101
297.5		0.562101
297.6		0.562101
297.7		0.562101
297.8		0.562101
297.9		0.562101
298		0.562101
298.1		0.567343
298.2		0.567343
298.3		0.567343
298.4		0.567343
298.5		0.567343
298.6		0.567343
298.7		0.567343
298.8		0.567343
298.9		0.567343
299		0.567343
299.1		0.572812
299.2		0.572812
299.3		0.572812
299.4		0.572812
299.5		0.572812
299.6		0.572812
299.7		0.572812
299.8		0.572812
299.9		0.572812
300		0.572812
300.1		0.573838
300.2		0.573838
300.3		0.573838
300.4		0.573838
300.5		0.573838
300.6		0.573838
300.7		0.573838
300.8		0.573838
300.9		0.573838
301		0.573838
301.1		0.575433
301.2		0.575433
301.3		0.575433
301.4		0.575433
301.5		0.575433
301.6		0.575433
301.7		0.575433
301.8		0.575433
301.9		0.575433
302		0.575433
302.1		0.577028
302.2		0.577028
302.3		0.577028
302.4		0.577028
302.5		0.577028
302.6		0.577028
302.7		0.577028
302.8		0.577028
302.9		0.577028
303		0.577028
303.1		0.580789
303.2		0.580789
303.3		0.580789
303.4		0.580789
303.5		0.580789
303.6		0.580789
303.7		0.580789
303.8		0.580789
303.9		0.580789
304		0.580789
304.1		0.583523
304.2		0.583523
304.3		0.583523
304.4		0.583523
304.5		0.583523
304.6		0.583523
304.7		0.583523
304.8		0.583523
304.9		0.583523
305		0.583523
305.1		0.584321
305.2		0.584321
305.3		0.584321
305.4		0.584321
305.5		0.584321
305.6		0.584321
305.7		0.584321
305.8		0.584321
305.9		0.584321
306		0.584321
306.1		0.586258
306.2		0.586258
306.3		0.586258
306.4		0.586258
306.5		0.586258
306.6		0.586258
306.7		0.586258
306.8		0.586258
306.9		0.586258
307		0.586258
307.1		0.588081
307.2		0.588081
307.3		0.588081
307.4		0.588081
307.5		0.588081
307.6		0.588081
307.7		0.588081
307.8		0.588081
307.9		0.588081
308		0.588081
308.1		0.588651
308.2		0.588651
308.3		0.588651
308.4		0.588651
308.5		0.588651
308.6		0.588651
308.7		0.588651
308.8		0.588651
308.9		0.588651
309		0.588651
309.1		0.5915
309.2		0.5915
309.3		0.5915
309.4		0.5915
309.5		0.5915
309.6		0.5915
309.7		0.5915
309.8		0.5915
309.9		0.5915
310		0.5915
310.1		0.592297
310.2		0.592297
310.3		0.592297
310.4		0.592297
310.5		0.592297
310.6		0.592297
310.7		0.592297
310.8		0.592297
310.9		0.592297
311		0.592297
311.1		0.596171
311.2		0.596171
311.3		0.596171
311.4		0.596171
311.5		0.596171
311.6		0.596171
311.7		0.596171
311.8		0.596171
311.9		0.596171
312		0.596171
312.1		0.600957
312.2		0.600957
312.3		0.600957
312.4		0.600957
312.5		0.600957
312.6		0.600957
312.7		0.600957
312.8		0.600957
312.9		0.600957
313		0.600957
313.1		0.602666
313.2		0.602666
313.3		0.602666
313.4		0.602666
313.5		0.602666
313.6		0.602666
313.7		0.602666
313.8		0.602666
313.9		0.602666
314		0.602666
314.1		0.603578
314.2		0.603578
314.3		0.603578
314.4		0.603578
314.5		0.603578
314.6		0.603578
314.7		0.603578
314.8		0.603578
314.9		0.603578
315		0.603578
315.1		0.603692
315.2		0.603692
315.3		0.603692
315.4		0.603692
315.5		0.603692
315.6		0.603692
315.7		0.603692
315.8		0.603692
315.9		0.603692
316		0.603692
316.1		0.609047
316.2		0.609047
316.3		0.609047
316.4		0.609047
316.5		0.609047
316.6		0.609047
316.7		0.609047
316.8		0.609047
316.9		0.609047
317		0.609047
317.1		0.610187
317.2		0.610187
317.3		0.610187
317.4		0.610187
317.5		0.610187
317.6		0.610187
317.7		0.610187
317.8		0.610187
317.9		0.610187
318		0.610187
318.1		0.615314
318.2		0.615314
318.3		0.615314
318.4		0.615314
318.5		0.615314
318.6		0.615314
318.7		0.615314
318.8		0.615314
318.9		0.615314
319		0.615314
319.1		0.615542
319.2		0.615542
319.3		0.615542
319.4		0.615542
319.5		0.615542
319.6		0.615542
319.7		0.615542
319.8		0.615542
319.9		0.615542
320		0.615542
320.1		0.618049
320.2		0.618049
320.3		0.618049
320.4		0.618049
320.5		0.618049
320.6		0.618049
320.7		0.618049
320.8		0.618049
320.9		0.618049
321		0.618049
321.1		0.618619
321.2		0.618619
321.3		0.618619
321.4		0.618619
321.5		0.618619
321.6		0.618619
321.7		0.618619
321.8		0.618619
321.9		0.618619
322		0.618619
322.1		0.619644
322.2		0.619644
322.3		0.619644
322.4		0.619644
322.5		0.619644
322.6		0.619644
322.7		0.619644
322.8		0.619644
322.9		0.619644
323		0.619644
323.1		0.621126
323.2		0.621126
323.3		0.621126
323.4		0.621126
323.5		0.621126
323.6		0.621126
323.7		0.621126
323.8		0.621126
323.9		0.621126
324		0.621126
324.1		0.623974
324.2		0.623974
324.3		0.623974
324.4		0.623974
324.5		0.623974
324.6		0.623974
324.7		0.623974
324.8		0.623974
324.9		0.623974
325		0.623974
325.1		0.629786
325.2		0.629786
325.3		0.629786
325.4		0.629786
325.5		0.629786
325.6		0.629786
325.7		0.629786
325.8		0.629786
325.9		0.629786
326		0.629786
326.1		0.630014
326.2		0.630014
326.3		0.630014
326.4		0.630014
326.5		0.630014
326.6		0.630014
326.7		0.630014
326.8		0.630014
326.9		0.630014
327		0.630014
327.1		0.631381
327.2		0.631381
327.3		0.631381
327.4		0.631381
327.5		0.631381
327.6		0.631381
327.7		0.631381
327.8		0.631381
327.9		0.631381
328		0.631381
328.1		0.632976
328.2		0.632976
328.3		0.632976
328.4		0.632976
328.5		0.632976
328.6		0.632976
328.7		0.632976
328.8		0.632976
328.9		0.632976
329		0.632976
329.1		0.634686
329.2		0.634686
329.3		0.634686
329.4		0.634686
329.5		0.634686
329.6		0.634686
329.7		0.634686
329.8		0.634686
329.9		0.634686
330		0.634686
330.1		0.636851
330.2		0.636851
330.3		0.636851
330.4		0.636851
330.5		0.636851
330.6		0.636851
330.7		0.636851
330.8		0.636851
330.9		0.636851
331		0.636851
331.1		0.639585
331.2		0.639585
331.3		0.639585
331.4		0.639585
331.5		0.639585
331.6		0.639585
331.7		0.639585
331.8		0.639585
331.9		0.639585
332		0.639585
332.1		0.64232
332.2		0.64232
332.3		0.64232
332.4		0.64232
332.5		0.64232
332.6		0.64232
332.7		0.64232
332.8		0.64232
332.9		0.64232
333		0.64232
333.1		0.643687
333.2		0.643687
333.3		0.643687
333.4		0.643687
333.5		0.643687
333.6		0.643687
333.7		0.643687
333.8		0.643687
333.9		0.643687
334		0.643687
334.1		0.644257
334.2		0.644257
334.3		0.644257
334.4		0.644257
334.5		0.644257
334.6		0.644257
334.7		0.644257
334.8		0.644257
334.9		0.644257
335		0.644257
335.1		0.64665
335.2		0.64665
335.3		0.64665
335.4		0.64665
335.5		0.64665
335.6		0.64665
335.7		0.64665
335.8		0.64665
335.9		0.64665
336		0.64665
336.1		0.646992
336.2		0.646992
336.3		0.646992
336.4		0.646992
336.5		0.646992
336.6		0.646992
336.7		0.646992
336.8		0.646992
336.9		0.646992
337		0.646992
337.1		0.652575
337.2		0.652575
337.3		0.652575
337.4		0.652575
337.5		0.652575
337.6		0.652575
337.7		0.652575
337.8		0.652575
337.9		0.652575
338		0.652575
338.1		0.652575
338.2		0.652575
338.3		0.652575
338.4		0.652575
338.5		0.652575
338.6		0.652575
338.7		0.652575
338.8		0.652575
338.9		0.652575
339		0.652575
339.1		0.655424
339.2		0.655424
339.3		0.655424
339.4		0.655424
339.5		0.655424
339.6		0.655424
339.7		0.655424
339.8		0.655424
339.9		0.655424
340		0.655424
340.1		0.657703
340.2		0.657703
340.3		0.657703
340.4		0.657703
340.5		0.657703
340.6		0.657703
340.7		0.657703
340.8		0.657703
340.9		0.657703
341		0.657703
341.1		0.662033
341.2		0.662033
341.3		0.662033
341.4		0.662033
341.5		0.662033
341.6		0.662033
341.7		0.662033
341.8		0.662033
341.9		0.662033
342		0.662033
342.1		0.66283
342.2		0.66283
342.3		0.66283
342.4		0.66283
342.5		0.66283
342.6		0.66283
342.7		0.66283
342.8		0.66283
342.9		0.66283
343		0.66283
343.1		0.663172
343.2		0.663172
343.3		0.663172
343.4		0.663172
343.5		0.663172
343.6		0.663172
343.7		0.663172
343.8		0.663172
343.9		0.663172
344		0.663172
344.1		0.667046
344.2		0.667046
344.3		0.667046
344.4		0.667046
344.5		0.667046
344.6		0.667046
344.7		0.667046
344.8		0.667046
344.9		0.667046
345		0.667046
345.1		0.667274
345.2		0.667274
345.3		0.667274
345.4		0.667274
345.5		0.667274
345.6		0.667274
345.7		0.667274
345.8		0.667274
345.9		0.667274
346		0.667274
346.1		0.672858
346.2		0.672858
346.3		0.672858
346.4		0.672858
346.5		0.672858
346.6		0.672858
346.7		0.672858
346.8		0.672858
346.9		0.672858
347		0.672858
347.1		0.672858
347.2		0.672858
347.3		0.672858
347.4		0.672858
347.5		0.672858
347.6		0.672858
347.7		0.672858
347.8		0.672858
347.9		0.672858
348		0.672858
348.1		0.673314
348.2		0.673314
348.3		0.673314
348.4		0.673314
348.5		0.673314
348.6		0.673314
348.7		0.673314
348.8		0.673314
348.9		0.673314
349		0.673314
349.1		0.674339
349.2		0.674339
349.3		0.674339
349.4		0.674339
349.5		0.674339
349.6		0.674339
349.7		0.674339
349.8		0.674339
349.9		0.674339
350		0.674339
350.1		0.676048
350.2		0.676048
350.3		0.676048
350.4		0.676048
350.5		0.676048
350.6		0.676048
350.7		0.676048
350.8		0.676048
350.9		0.676048
351		0.676048
351.1		0.676846
351.2		0.676846
351.3		0.676846
351.4		0.676846
351.5		0.676846
351.6		0.676846
351.7		0.676846
351.8		0.676846
351.9		0.676846
352		0.676846
352.1		0.683455
352.2		0.683455
352.3		0.683455
352.4		0.683455
352.5		0.683455
352.6		0.683455
352.7		0.683455
352.8		0.683455
352.9		0.683455
353		0.683455
353.1		0.683797
353.2		0.683797
353.3		0.683797
353.4		0.683797
353.5		0.683797
353.6		0.683797
353.7		0.683797
353.8		0.683797
353.9		0.683797
354		0.683797
354.1		0.683911
354.2		0.683911
354.3		0.683911
354.4		0.683911
354.5		0.683911
354.6		0.683911
354.7		0.683911
354.8		0.683911
354.9		0.683911
355		0.683911
355.1		0.691317
355.2		0.691317
355.3		0.691317
355.4		0.691317
355.5		0.691317
355.6		0.691317
355.7		0.691317
355.8		0.691317
355.9		0.691317
356		0.691317
356.1		0.696901
356.2		0.696901
356.3		0.696901
356.4		0.696901
356.5		0.696901
356.6		0.696901
356.7		0.696901
356.8		0.696901
356.9		0.696901
357		0.696901
357.1		0.69804
357.2		0.69804
357.3		0.69804
357.4		0.69804
357.5		0.69804
357.6		0.69804
357.7		0.69804
357.8		0.69804
357.9		0.69804
358		0.69804
358.1		0.698724
358.2		0.698724
358.3		0.698724
358.4		0.698724
358.5		0.698724
358.6		0.698724
358.7		0.698724
358.8		0.698724
358.9		0.698724
359		0.698724
359.1		0.703054
359.2		0.703054
359.3		0.703054
359.4		0.703054
359.5		0.703054
359.6		0.703054
359.7		0.703054
359.8		0.703054
359.9		0.703054
360		0.703054
360.1		0.705789
360.2		0.705789
360.3		0.705789
360.4		0.705789
360.5		0.705789
360.6		0.705789
360.7		0.705789
360.8		0.705789
360.9		0.705789
361		0.705789
361.1		0.706244
361.2		0.706244
361.3		0.706244
361.4		0.706244
361.5		0.706244
361.6		0.706244
361.7		0.706244
361.8		0.706244
361.9		0.706244
362		0.706244
362.1		0.708979
362.2		0.708979
362.3		0.708979
362.4		0.708979
362.5		0.708979
362.6		0.708979
362.7		0.708979
362.8		0.708979
362.9		0.708979
363		0.708979
363.1		0.7116
363.2		0.7116
363.3		0.7116
363.4		0.7116
363.5		0.7116
363.6		0.7116
363.7		0.7116
363.8		0.7116
363.9		0.7116
364		0.7116
364.1		0.713195
364.2		0.713195
364.3		0.713195
364.4		0.713195
364.5		0.713195
364.6		0.713195
364.7		0.713195
364.8		0.713195
364.9		0.713195
365		0.713195
365.1		0.713765
365.2		0.713765
365.3		0.713765
365.4		0.713765
365.5		0.713765
365.6		0.713765
365.7		0.713765
365.8		0.713765
365.9		0.713765
366		0.713765
366.1		0.716955
366.2		0.716955
366.3		0.716955
366.4		0.716955
366.5		0.716955
366.6		0.716955
366.7		0.716955
366.8		0.716955
366.9		0.716955
367		0.716955
367.1		0.717753
367.2		0.717753
367.3		0.717753
367.4		0.717753
367.5		0.717753
367.6		0.717753
367.7		0.717753
367.8		0.717753
367.9		0.717753
368		0.717753
368.1		0.719006
368.2		0.719006
368.3		0.719006
368.4		0.719006
368.5		0.719006
368.6		0.719006
368.7		0.719006
368.8		0.719006
368.9		0.719006
369		0.719006
369.1		0.722539
369.2		0.722539
369.3		0.722539
369.4		0.722539
369.5		0.722539
369.6		0.722539
369.7		0.722539
369.8		0.722539
369.9		0.722539
370		0.722539
370.1		0.722995
370.2		0.722995
370.3		0.722995
370.4		0.722995
370.5		0.722995
370.6		0.722995
370.7		0.722995
370.8		0.722995
370.9		0.722995
371		0.722995
371.1		0.723336
371.2		0.723336
371.3		0.723336
371.4		0.723336
371.5		0.723336
371.6		0.723336
371.7		0.723336
371.8		0.723336
371.9		0.723336
372		0.723336
372.1		0.729603
372.2		0.729603
372.3		0.729603
372.4		0.729603
372.5		0.729603
372.6		0.729603
372.7		0.729603
372.8		0.729603
372.9		0.729603
373		0.729603
373.1		0.731541
373.2		0.731541
373.3		0.731541
373.4		0.731541
373.5		0.731541
373.6		0.731541
373.7		0.731541
373.8		0.731541
373.9		0.731541
374		0.731541
374.1		0.734731
374.2		0.734731
374.3		0.734731
374.4		0.734731
374.5		0.734731
374.6		0.734731
374.7		0.734731
374.8		0.734731
374.9		0.734731
375		0.734731
375.1		0.734959
375.2		0.734959
375.3		0.734959
375.4		0.734959
375.5		0.734959
375.6		0.734959
375.7		0.734959
375.8		0.734959
375.9		0.734959
376		0.734959
376.1		0.734959
376.2		0.734959
376.3		0.734959
376.4		0.734959
376.5		0.734959
376.6		0.734959
376.7		0.734959
376.8		0.734959
376.9		0.734959
377		0.734959
377.1		0.73758
377.2		0.73758
377.3		0.73758
377.4		0.73758
377.5		0.73758
377.6		0.73758
377.7		0.73758
377.8		0.73758
377.9		0.73758
378		0.73758
378.1		0.738036
378.2		0.738036
378.3		0.738036
378.4		0.738036
378.5		0.738036
378.6		0.738036
378.7		0.738036
378.8		0.738036
378.9		0.738036
379		0.738036
379.1		0.742821
379.2		0.742821
379.3		0.742821
379.4		0.742821
379.5		0.742821
379.6		0.742821
379.7		0.742821
379.8		0.742821
379.9		0.742821
380		0.742821
380.1		0.742935
380.2		0.742935
380.3		0.742935
380.4		0.742935
380.5		0.742935
380.6		0.742935
380.7		0.742935
380.8		0.742935
380.9		0.742935
381		0.742935
381.1		0.744303
381.2		0.744303
381.3		0.744303
381.4		0.744303
381.5		0.744303
381.6		0.744303
381.7		0.744303
381.8		0.744303
381.9		0.744303
382		0.744303
382.1		0.748633
382.2		0.748633
382.3		0.748633
382.4		0.748633
382.5		0.748633
382.6		0.748633
382.7		0.748633
382.8		0.748633
382.9		0.748633
383		0.748633
383.1		0.749202
383.2		0.749202
383.3		0.749202
383.4		0.749202
383.5		0.749202
383.6		0.749202
383.7		0.749202
383.8		0.749202
383.9		0.749202
384		0.749202
384.1		0.749658
384.2		0.749658
384.3		0.749658
384.4		0.749658
384.5		0.749658
384.6		0.749658
384.7		0.749658
384.8		0.749658
384.9		0.749658
385		0.749658
385.1		0.752507
385.2		0.752507
385.3		0.752507
385.4		0.752507
385.5		0.752507
385.6		0.752507
385.7		0.752507
385.8		0.752507
385.9		0.752507
386		0.752507
386.1		0.755583
386.2		0.755583
386.3		0.755583
386.4		0.755583
386.5		0.755583
386.6		0.755583
386.7		0.755583
386.8		0.755583
386.9		0.755583
387		0.755583
387.1		0.756381
387.2		0.756381
387.3		0.756381
387.4		0.756381
387.5		0.756381
387.6		0.756381
387.7		0.756381
387.8		0.756381
387.9		0.756381
388		0.756381
388.1		0.759002
388.2		0.759002
388.3		0.759002
388.4		0.759002
388.5		0.759002
388.6		0.759002
388.7		0.759002
388.8		0.759002
388.9		0.759002
389		0.759002
389.1		0.761053
389.2		0.761053
389.3		0.761053
389.4		0.761053
389.5		0.761053
389.6		0.761053
389.7		0.761053
389.8		0.761053
389.9		0.761053
390		0.761053
390.1		0.761281
390.2		0.761281
390.3		0.761281
390.4		0.761281
390.5		0.761281
390.6		0.761281
390.7		0.761281
390.8		0.761281
390.9		0.761281
391		0.761281
391.1		0.764243
391.2		0.764243
391.3		0.764243
391.4		0.764243
391.5		0.764243
391.6		0.764243
391.7		0.764243
391.8		0.764243
391.9		0.764243
392		0.764243
392.1		0.764585
392.2		0.764585
392.3		0.764585
392.4		0.764585
392.5		0.764585
392.6		0.764585
392.7		0.764585
392.8		0.764585
392.9		0.764585
393		0.764585
393.1		0.765269
393.2		0.765269
393.3		0.765269
393.4		0.765269
393.5		0.765269
393.6		0.765269
393.7		0.765269
393.8		0.765269
393.9		0.765269
394		0.765269
394.1		0.77108
394.2		0.77108
394.3		0.77108
394.4		0.77108
394.5		0.77108
394.6		0.77108
394.7		0.77108
394.8		0.77108
394.9		0.77108
395		0.77108
395.1		0.77165
395.2		0.77165
395.3		0.77165
395.4		0.77165
395.5		0.77165
395.6		0.77165
395.7		0.77165
395.8		0.77165
395.9		0.77165
396		0.77165
396.1		0.77541
396.2		0.77541
396.3		0.77541
396.4		0.77541
396.5		0.77541
396.6		0.77541
396.7		0.77541
396.8		0.77541
396.9		0.77541
397		0.77541
397.1		0.776208
397.2		0.776208
397.3		0.776208
397.4		0.776208
397.5		0.776208
397.6		0.776208
397.7		0.776208
397.8		0.776208
397.9		0.776208
398		0.776208
398.1		0.776778
398.2		0.776778
398.3		0.776778
398.4		0.776778
398.5		0.776778
398.6		0.776778
398.7		0.776778
398.8		0.776778
398.9		0.776778
399		0.776778
399.1		0.783614
399.2		0.783614
399.3		0.783614
399.4		0.783614
399.5		0.783614
399.6		0.783614
399.7		0.783614
399.8		0.783614
399.9		0.783614
400		0.783614
400.1		0.785665
400.2		0.785665
400.3		0.785665
400.4		0.785665
400.5		0.785665
400.6		0.785665
400.7		0.785665
400.8		0.785665
400.9		0.785665
401		0.785665
401.1		0.786121
401.2		0.786121
401.3		0.786121
401.4		0.786121
401.5		0.786121
401.6		0.786121
401.7		0.786121
401.8		0.786121
401.9		0.786121
402		0.786121
402.1		0.787147
402.2		0.787147
402.3		0.787147
402.4		0.787147
402.5		0.787147
402.6		0.787147
402.7		0.787147
402.8		0.787147
402.9		0.787147
403		0.787147
403.1		0.789881
403.2		0.789881
403.3		0.789881
403.4		0.789881
403.5		0.789881
403.6		0.789881
403.7		0.789881
403.8		0.789881
403.9		0.789881
404		0.789881
404.1		0.79216
404.2		0.79216
404.3		0.79216
404.4		0.79216
404.5		0.79216
404.6		0.79216
404.7		0.79216
404.8		0.79216
404.9		0.79216
405		0.79216
405.1		0.792616
405.2		0.792616
405.3		0.792616
405.4		0.792616
405.5		0.792616
405.6		0.792616
405.7		0.792616
405.8		0.792616
405.9		0.792616
406		0.792616
406.1		0.793984
406.2		0.793984
406.3		0.793984
406.4		0.793984
406.5		0.793984
406.6		0.793984
406.7		0.793984
406.8		0.793984
406.9		0.793984
407		0.793984
407.1		0.797288
407.2		0.797288
407.3		0.797288
407.4		0.797288
407.5		0.797288
407.6		0.797288
407.7		0.797288
407.8		0.797288
407.9		0.797288
408		0.797288
408.1		0.800023
408.2		0.800023
408.3		0.800023
408.4		0.800023
408.5		0.800023
408.6		0.800023
408.7		0.800023
408.8		0.800023
408.9		0.800023
409		0.800023
409.1		0.800934
409.2		0.800934
409.3		0.800934
409.4		0.800934
409.5		0.800934
409.6		0.800934
409.7		0.800934
409.8		0.800934
409.9		0.800934
410		0.800934
410.1		0.801618
410.2		0.801618
410.3		0.801618
410.4		0.801618
410.5		0.801618
410.6		0.801618
410.7		0.801618
410.8		0.801618
410.9		0.801618
411		0.801618
411.1		0.80196
411.2		0.80196
411.3		0.80196
411.4		0.80196
411.5		0.80196
411.6		0.80196
411.7		0.80196
411.8		0.80196
411.9		0.80196
412		0.80196
412.1		0.807088
412.2		0.807088
412.3		0.807088
412.4		0.807088
412.5		0.807088
412.6		0.807088
412.7		0.807088
412.8		0.807088
412.9		0.807088
413		0.807088
413.1		0.808911
413.2		0.808911
413.3		0.808911
413.4		0.808911
413.5		0.808911
413.6		0.808911
413.7		0.808911
413.8		0.808911
413.9		0.808911
414		0.808911
414.1		0.813696
414.2		0.813696
414.3		0.813696
414.4		0.813696
414.5		0.813696
414.6		0.813696
414.7		0.813696
414.8		0.813696
414.9		0.813696
415		0.813696
415.1		0.815178
415.2		0.815178
415.3		0.815178
415.4		0.815178
415.5		0.815178
415.6		0.815178
415.7		0.815178
415.8		0.815178
415.9		0.815178
416		0.815178
416.1		0.816545
416.2		0.816545
416.3		0.816545
416.4		0.816545
416.5		0.816545
416.6		0.816545
416.7		0.816545
416.8		0.816545
416.9		0.816545
417		0.816545
417.1		0.817115
417.2		0.817115
417.3		0.817115
417.4		0.817115
417.5		0.817115
417.6		0.817115
417.7		0.817115
417.8		0.817115
417.9		0.817115
418		0.817115
418.1		0.818482
418.2		0.818482
418.3		0.818482
418.4		0.818482
418.5		0.818482
418.6		0.818482
418.7		0.818482
418.8		0.818482
418.9		0.818482
419		0.818482
419.1		0.820077
419.2		0.820077
419.3		0.820077
419.4		0.820077
419.5		0.820077
419.6		0.820077
419.7		0.820077
419.8		0.820077
419.9		0.820077
420		0.820077
420.1		0.822926
420.2		0.822926
420.3		0.822926
420.4		0.822926
420.5		0.822926
420.6		0.822926
420.7		0.822926
420.8		0.822926
420.9		0.822926
421		0.822926
421.1		0.826459
421.2		0.826459
421.3		0.826459
421.4		0.826459
421.5		0.826459
421.6		0.826459
421.7		0.826459
421.8		0.826459
421.9		0.826459
422		0.826459
422.1		0.827028
422.2		0.827028
422.3		0.827028
422.4		0.827028
422.5		0.827028
422.6		0.827028
422.7		0.827028
422.8		0.827028
422.9		0.827028
423		0.827028
423.1		0.828054
423.2		0.828054
423.3		0.828054
423.4		0.828054
423.5		0.828054
423.6		0.828054
423.7		0.828054
423.8		0.828054
423.9		0.828054
424		0.828054
424.1		0.830675
424.2		0.830675
424.3		0.830675
424.4		0.830675
424.5		0.830675
424.6		0.830675
424.7		0.830675
424.8		0.830675
424.9		0.830675
425		0.830675
425.1		0.833637
425.2		0.833637
425.3		0.833637
425.4		0.833637
425.5		0.833637
425.6		0.833637
425.7		0.833637
425.8		0.833637
425.9		0.833637
426		0.833637
426.1		0.835005
426.2		0.835005
426.3		0.835005
426.4		0.835005
426.5		0.835005
426.6		0.835005
426.7		0.835005
426.8		0.835005
426.9		0.835005
427		0.835005
427.1		0.839562
427.2		0.839562
427.3		0.839562
427.4		0.839562
427.5		0.839562
427.6		0.839562
427.7		0.839562
427.8		0.839562
427.9		0.839562
428		0.839562
428.1		0.839904
428.2		0.839904
428.3		0.839904
428.4		0.839904
428.5		0.839904
428.6		0.839904
428.7		0.839904
428.8		0.839904
428.9		0.839904
429		0.839904
429.1		0.840246
429.2		0.840246
429.3		0.840246
429.4		0.840246
429.5		0.840246
429.6		0.840246
429.7		0.840246
429.8		0.840246
429.9		0.840246
430		0.840246
430.1		0.84093
430.2		0.84093
430.3		0.84093
430.4		0.84093
430.5		0.84093
430.6		0.84093
430.7		0.84093
430.8		0.84093
430.9		0.84093
431		0.84093
431.1		0.844348
431.2		0.844348
431.3		0.844348
431.4		0.844348
431.5		0.844348
431.6		0.844348
431.7		0.844348
431.8		0.844348
431.9		0.844348
432		0.844348
432.1		0.846627
432.2		0.846627
432.3		0.846627
432.4		0.846627
432.5		0.846627
432.6		0.846627
432.7		0.846627
432.8		0.846627
432.9		0.846627
433		0.846627
433.1		0.849248
433.2		0.849248
433.3		0.849248
433.4		0.849248
433.5		0.849248
433.6		0.849248
433.7		0.849248
433.8		0.849248
433.9		0.849248
434		0.849248
434.1		0.849704
434.2		0.849704
434.3		0.849704
434.4		0.849704
434.5		0.849704
434.6		0.849704
434.7		0.849704
434.8		0.849704
434.9		0.849704
435		0.849704
435.1		0.851413
435.2		0.851413
435.3		0.851413
435.4		0.851413
435.5		0.851413
435.6		0.851413
435.7		0.851413
435.8		0.851413
435.9		0.851413
436		0.851413
436.1		0.851869
436.2		0.851869
436.3		0.851869
436.4		0.851869
436.5		0.851869
436.6		0.851869
436.7		0.851869
436.8		0.851869
436.9		0.851869
437		0.851869
437.1		0.855743
437.2		0.855743
437.3		0.855743
437.4		0.855743
437.5		0.855743
437.6		0.855743
437.7		0.855743
437.8		0.855743
437.9		0.855743
438		0.855743
438.1		0.858478
438.2		0.858478
438.3		0.858478
438.4		0.858478
438.5		0.858478
438.6		0.858478
438.7		0.858478
438.8		0.858478
438.9		0.858478
439		0.858478
439.1		0.859047
439.2		0.859047
439.3		0.859047
439.4		0.859047
439.5		0.859047
439.6		0.859047
439.7		0.859047
439.8		0.859047
439.9		0.859047
440		0.859047
440.1		0.86144
440.2		0.86144
440.3		0.86144
440.4		0.86144
440.5		0.86144
440.6		0.86144
440.7		0.86144
440.8		0.86144
440.9		0.86144
441		0.86144
441.1		0.863833
441.2		0.863833
441.3		0.863833
441.4		0.863833
441.5		0.863833
441.6		0.863833
441.7		0.863833
441.8		0.863833
441.9		0.863833
442		0.863833
442.1		0.867252
442.2		0.867252
442.3		0.867252
442.4		0.867252
442.5		0.867252
442.6		0.867252
442.7		0.867252
442.8		0.867252
442.9		0.867252
443		0.867252
443.1		0.868277
443.2		0.868277
443.3		0.868277
443.4		0.868277
443.5		0.868277
443.6		0.868277
443.7		0.868277
443.8		0.868277
443.9		0.868277
444		0.868277
444.1		0.873519
444.2		0.873519
444.3		0.873519
444.4		0.873519
444.5		0.873519
444.6		0.873519
444.7		0.873519
444.8		0.873519
444.9		0.873519
445		0.873519
445.1		0.873747
445.2		0.873747
445.3		0.873747
445.4		0.873747
445.5		0.873747
445.6		0.873747
445.7		0.873747
445.8		0.873747
445.9		0.873747
446		0.873747
446.1		0.876253
446.2		0.876253
446.3		0.876253
446.4		0.876253
446.5		0.876253
446.6		0.876253
446.7		0.876253
446.8		0.876253
446.9		0.876253
447		0.876253
447.1		0.878874
447.2		0.878874
447.3		0.878874
447.4		0.878874
447.5		0.878874
447.6		0.878874
447.7		0.878874
447.8		0.878874
447.9		0.878874
448		0.878874
448.1		0.879786
448.2		0.879786
448.3		0.879786
448.4		0.879786
448.5		0.879786
448.6		0.879786
448.7		0.879786
448.8		0.879786
448.9		0.879786
449		0.879786
449.1		0.8799
449.2		0.8799
449.3		0.8799
449.4		0.8799
449.5		0.8799
449.6		0.8799
449.7		0.8799
449.8		0.8799
449.9		0.8799
450		0.8799
450.1		0.882976
450.2		0.882976
450.3		0.882976
450.4		0.882976
450.5		0.882976
450.6		0.882976
450.7		0.882976
450.8		0.882976
450.9		0.882976
451		0.882976
451.1		0.886167
451.2		0.886167
451.3		0.886167
451.4		0.886167
451.5		0.886167
451.6		0.886167
451.7		0.886167
451.8		0.886167
451.9		0.886167
452		0.886167
452.1		0.886737
452.2		0.886737
452.3		0.886737
452.4		0.886737
452.5		0.886737
452.6		0.886737
452.7		0.886737
452.8		0.886737
452.9		0.886737
453		0.886737
453.1		0.890497
453.2		0.890497
453.3		0.890497
453.4		0.890497
453.5		0.890497
453.6		0.890497
453.7		0.890497
453.8		0.890497
453.9		0.890497
454		0.890497
454.1		0.89118
454.2		0.89118
454.3		0.89118
454.4		0.89118
454.5		0.89118
454.6		0.89118
454.7		0.89118
454.8		0.89118
454.9		0.89118
455		0.89118
455.1		0.893573
455.2		0.893573
455.3		0.893573
455.4		0.893573
455.5		0.893573
455.6		0.893573
455.7		0.893573
455.8		0.893573
455.9		0.893573
456		0.893573
456.1		0.895283
456.2		0.895283
456.3		0.895283
456.4		0.895283
456.5		0.895283
456.6		0.895283
456.7		0.895283
456.8		0.895283
456.9		0.895283
457		0.895283
457.1		0.897562
457.2		0.897562
457.3		0.897562
457.4		0.897562
457.5		0.897562
457.6		0.897562
457.7		0.897562
457.8		0.897562
457.9		0.897562
458		0.897562
458.1		0.897789
458.2		0.897789
458.3		0.897789
458.4		0.897789
458.5		0.897789
458.6		0.897789
458.7		0.897789
458.8		0.897789
458.9		0.897789
459		0.897789
459.1		0.904284
459.2		0.904284
459.3		0.904284
459.4		0.904284
459.5		0.904284
459.6		0.904284
459.7		0.904284
459.8		0.904284
459.9		0.904284
460		0.904284
460.1		0.905994
460.2		0.905994
460.3		0.905994
460.4		0.905994
460.5		0.905994
460.6		0.905994
460.7		0.905994
460.8		0.905994
460.9		0.905994
461		0.905994
461.1		0.907019
461.2		0.907019
461.3		0.907019
461.4		0.907019
461.5		0.907019
461.6		0.907019
461.7		0.907019
461.8		0.907019
461.9		0.907019
462		0.907019
462.1		0.9085
462.2		0.9085
462.3		0.9085
462.4		0.9085
462.5		0.9085
462.6		0.9085
462.7		0.9085
462.8		0.9085
462.9		0.9085
463		0.9085
463.1		0.91021
463.2		0.91021
463.3		0.91021
463.4		0.91021
463.5		0.91021
463.6		0.91021
463.7		0.91021
463.8		0.91021
463.9		0.91021
464		0.91021
464.1		0.911805
464.2		0.911805
464.3		0.911805
464.4		0.911805
464.5		0.911805
464.6		0.911805
464.7		0.911805
464.8		0.911805
464.9		0.911805
465		0.911805
465.1		0.914426
465.2		0.914426
465.3		0.914426
465.4		0.914426
465.5		0.914426
465.6		0.914426
465.7		0.914426
465.8		0.914426
465.9		0.914426
466		0.914426
466.1		0.915793
466.2		0.915793
466.3		0.915793
466.4		0.915793
466.5		0.915793
466.6		0.915793
466.7		0.915793
466.8		0.915793
466.9		0.915793
467		0.915793
467.1		0.919553
467.2		0.919553
467.3		0.919553
467.4		0.919553
467.5		0.919553
467.6		0.919553
467.7		0.919553
467.8		0.919553
467.9		0.919553
468		0.919553
468.1		0.919781
468.2		0.919781
468.3		0.919781
468.4		0.919781
468.5		0.919781
468.6		0.919781
468.7		0.919781
468.8		0.919781
468.9		0.919781
469		0.919781
469.1		0.92206
469.2		0.92206
469.3		0.92206
469.4		0.92206
469.5		0.92206
469.6		0.92206
469.7		0.92206
469.8		0.92206
469.9		0.92206
470		0.92206
470.1		0.923655
470.2		0.923655
470.3		0.923655
470.4		0.923655
470.5		0.923655
470.6		0.923655
470.7		0.923655
470.8		0.923655
470.9		0.923655
471		0.923655
471.1		0.923769
471.2		0.923769
471.3		0.923769
471.4		0.923769
471.5		0.923769
471.6		0.923769
471.7		0.923769
471.8		0.923769
471.9		0.923769
472		0.923769
472.1		0.929695
472.2		0.929695
472.3		0.929695
472.4		0.929695
472.5		0.929695
472.6		0.929695
472.7		0.929695
472.8		0.929695
472.9		0.929695
473		0.929695
473.1		0.929809
473.2		0.929809
473.3		0.929809
473.4		0.929809
473.5		0.929809
473.6		0.929809
473.7		0.929809
473.8		0.929809
473.9		0.929809
474		0.929809
474.1		0.930036
474.2		0.930036
474.3		0.930036
474.4		0.930036
474.5		0.930036
474.6		0.930036
474.7		0.930036
474.8		0.930036
474.9		0.930036
475		0.930036
475.1		0.931518
475.2		0.931518
475.3		0.931518
475.4		0.931518
475.5		0.931518
475.6		0.931518
475.7		0.931518
475.8		0.931518
475.9		0.931518
476		0.931518
476.1		0.934708
476.2		0.934708
476.3		0.934708
476.4		0.934708
476.5		0.934708
476.6		0.934708
476.7		0.934708
476.8		0.934708
476.9		0.934708
477		0.934708
477.1		0.936531
477.2		0.936531
477.3		0.936531
477.4		0.936531
477.5		0.936531
477.6		0.936531
477.7		0.936531
477.8		0.936531
477.9		0.936531
478		0.936531
478.1		0.941203
478.2		0.941203
478.3		0.941203
478.4		0.941203
478.5		0.941203
478.6		0.941203
478.7		0.941203
478.8		0.941203
478.9		0.941203
479		0.941203
479.1		0.941431
479.2		0.941431
479.3		0.941431
479.4		0.941431
479.5		0.941431
479.6		0.941431
479.7		0.941431
479.8		0.941431
479.9		0.941431
480		0.941431
480.1		0.942685
480.2		0.942685
480.3		0.942685
480.4		0.942685
480.5		0.942685
480.6		0.942685
480.7		0.942685
480.8		0.942685
480.9		0.942685
481		0.942685
481.1		0.945647
481.2		0.945647
481.3		0.945647
481.4		0.945647
481.5		0.945647
481.6		0.945647
481.7		0.945647
481.8		0.945647
481.9		0.945647
482		0.945647
482.1		0.946331
482.2		0.946331
482.3		0.946331
482.4		0.946331
482.5		0.946331
482.6		0.946331
482.7		0.946331
482.8		0.946331
482.9		0.946331
483		0.946331
483.1		0.94804
483.2		0.94804
483.3		0.94804
483.4		0.94804
483.5		0.94804
483.6		0.94804
483.7		0.94804
483.8		0.94804
483.9		0.94804
484		0.94804
484.1		0.949863
484.2		0.949863
484.3		0.949863
484.4		0.949863
484.5		0.949863
484.6		0.949863
484.7		0.949863
484.8		0.949863
484.9		0.949863
485		0.949863
485.1		0.951686
485.2		0.951686
485.3		0.951686
485.4		0.951686
485.5		0.951686
485.6		0.951686
485.7		0.951686
485.8		0.951686
485.9		0.951686
486		0.951686
486.1		0.954193
486.2		0.954193
486.3		0.954193
486.4		0.954193
486.5		0.954193
486.6		0.954193
486.7		0.954193
486.8		0.954193
486.9		0.954193
487		0.954193
487.1		0.954193
487.2		0.954193
487.3		0.954193
487.4		0.954193
487.5		0.954193
487.6		0.954193
487.7		0.954193
487.8		0.954193
487.9		0.954193
488		0.954193
488.1		0.957042
488.2		0.957042
488.3		0.957042
488.4		0.957042
488.5		0.957042
488.6		0.957042
488.7		0.957042
488.8		0.957042
488.9		0.957042
489		0.957042
489.1		0.957954
489.2		0.957954
489.3		0.957954
489.4		0.957954
489.5		0.957954
489.6		0.957954
489.7		0.957954
489.8		0.957954
489.9		0.957954
490		0.957954
490.1		0.960688
490.2		0.960688
490.3		0.960688
490.4		0.960688
490.5		0.960688
490.6		0.960688
490.7		0.960688
490.8		0.960688
490.9		0.960688
491		0.960688
491.1		0.963879
491.2		0.963879
491.3		0.963879
491.4		0.963879
491.5		0.963879
491.6		0.963879
491.7		0.963879
491.8		0.963879
491.9		0.963879
492		0.963879
492.1		0.965018
492.2		0.965018
492.3		0.965018
492.4		0.965018
492.5		0.965018
492.6		0.965018
492.7		0.965018
492.8		0.965018
492.9		0.965018
493		0.965018
493.1		0.967069
493.2		0.967069
493.3		0.967069
493.4		0.967069
493.5		0.967069
493.6		0.967069
493.7		0.967069
493.8		0.967069
493.9		0.967069
494		0.967069
494.1		0.970146
494.2		0.970146
494.3		0.970146
494.4		0.970146
494.5		0.970146
494.6		0.970146
494.7		0.970146
494.8		0.970146
494.9		0.970146
495		0.970146
495.1		0.972881
495.2		0.972881
495.3		0.972881
495.4		0.972881
495.5		0.972881
495.6		0.972881
495.7		0.972881
495.8		0.972881
495.9		0.972881
496		0.972881
496.1		0.972881
496.2		0.972881
496.3		0.972881
496.4		0.972881
496.5		0.972881
496.6		0.972881
496.7		0.972881
496.8		0.972881
496.9		0.972881
497		0.972881
497.1		0.973564
497.2		0.973564
497.3		0.973564
497.4		0.973564
497.5		0.973564
497.6		0.973564
497.7		0.973564
497.8		0.973564
497.9		0.973564
498		0.973564
498.1		0.977097
498.2		0.977097
498.3		0.977097
498.4		0.977097
498.5		0.977097
498.6		0.977097
498.7		0.977097
498.8		0.977097
498.9		0.977097
499		0.977097
499.1		0.980287
499.2		0.980287
499.3		0.980287
499.4		0.980287
499.5		0.980287
499.6		0.980287
499.7		0.980287
499.8		0.980287
499.9		0.980287
500		0.980287
500.1		0.982566
500.2		0.982566
500.3		0.982566
500.4		0.982566
500.5		0.982566
500.6		0.982566
500.7		0.982566
500.8		0.982566
500.9		0.982566
501		0.982566
501.1		0.983136
501.2		0.983136
501.3		0.983136
501.4		0.983136
501.5		0.983136
501.6		0.983136
501.7		0.983136
501.8		0.983136
501.9		0.983136
502		0.983136
502.1		0.984617
502.2		0.984617
502.3		0.984617
502.4		0.984617
502.5		0.984617
502.6		0.984617
502.7		0.984617
502.8		0.984617
502.9		0.984617
503		0.984617
503.1		0.984617
503.2		0.984617
503.3		0.984617
503.4		0.984617
503.5		0.984617
503.6		0.984617
503.7		0.984617
503.8		0.984617
503.9		0.984617
504		0.984617
504.1		0.988149
504.2		0.988149
504.3		0.988149
504.4		0.988149
504.5		0.988149
504.6		0.988149
504.7		0.988149
504.8		0.988149
504.9		0.988149
505		0.988149
505.1		0.990884
505.2		0.990884
505.3		0.990884
505.4		0.990884
505.5		0.990884
505.6		0.990884
505.7		0.990884
505.8		0.990884
505.9		0.990884
506		0.990884
506.1		0.994303
506.2		0.994303
506.3		0.994303
506.4		0.994303
506.5		0.994303
506.6		0.994303
506.7		0.994303
506.8		0.994303
506.9		0.994303
507		0.994303
507.1		0.995442
507.2		0.995442
507.3		0.995442
507.4		0.995442
507.5		0.995442
507.6		0.995442
507.7		0.995442
507.8		0.995442
507.9		0.995442
508		0.995442
508.1		0.995784
508.2		0.995784
508.3		0.995784
508.4		0.995784
508.5		0.995784
508.6		0.995784
508.7		0.995784
508.8		0.995784
508.9		0.995784
509		0.995784
509.1		0.996582
509.2		0.996582
509.3		0.996582
509.4		0.996582
509.5		0.996582
509.6		0.996582
509.7		0.996582
509.8		0.996582
509.9		0.996582
510		0.996582
510.1		0.999886
510.2		0.999886
510.3		0.999886
510.4		0.999886
510.5		0.999886
510.6		0.999886
510.7		0.999886
510.8		0.999886
510.9		0.999886
511		0.999886
511.1		1
511.2		1
511.3		1
511.4		1
511.5		1
511.6		1
511.7		1
511.8		1
511.9		1
512		1
512.1		1
512.2		1
512.3		1
512.4		1
512.5		1
512.6		1
512.7		1
512.8		1
512.9		1
513		1
513.1		1
513.2		1
513.3		1
513.4		1
513.5		1
513.6		1
513.7		1
513.8		1
513.9		1
514		1
514.1		1
514.2		1
514.3		1
514.4		1
514.5		1
514.6		1
514.7		1
514.8		1
514.9		1
515		1
515.1		1
515.2		1
515.3		1
515.4		1
515.5		1
515.6		1
515.7		1
515.8		1
515.9		1
516		1
516.1		1
516.2		1
516.3		1
516.4		1
516.5		1
516.6		1
516.7		1
516.8		1
516.9		1
517		1
517.1		1
517.2		1
517.3		1
517.4		1
517.5		1
517.6		1
517.7		1
517.8		1
517.9		1
518		1
518.1		1
518.2		1
518.3		1
518.4		1
518.5		1
518.6		1
518.7		1
518.8		1
518.9		1
519		1
519.1		1
519.2		1
519.3		1
519.4		1
519.5		1
519.6		1
519.7		1
519.8		1
519.9		1
520		1
520.1		1
520.2		1
520.3		1
520.4		1
520.5		1
520.6		1
520.7		1
520.8		1
520.9		1
521		1
521.1		1
521.2		1
521.3		1
521.4		1
521.5		1
521.6		1
521.7		1
521.8		1
521.9		1
522		1
522.1		1
522.2		1
522.3		1
522.4		1
522.5		1
522.6		1
522.7		1
522.8		1
522.9		1
523		1
523.1		1
523.2		1
523.3		1
523.4		1
523.5		1
523.6		1
523.7		1
523.8		1
523.9		1
524		1
524.1		1
524.2		1
524.3		1
524.4		1
524.5		1
524.6		1
524.7		1
524.8		1
524.9		1
525		1
525.1		1
525.2		1
525.3		1
525.4		1
525.5		1
525.6		1
525.7		1
525.8		1
525.9		1
526		1
526.1		1
526.2		1
526.3		1
526.4		1
526.5		1
526.6		1
526.7		1
526.8		1
526.9		1
527		1
527.1		1
527.2		1
527.3		1
527.4		1
527.5		1
527.6		1
527.7		1
527.8		1
527.9		1
528		1
528.1		1
528.2		1
528.3		1
528.4		1
528.5		1
528.6		1
528.7		1
528.8		1
528.9		1
529		1
529.1		1
529.2		1
529.3		1
529.4		1
529.5		1
529.6		1
529.7		1
529.8		1
529.9		1
530		1
530.1		1
530.2		1
530.3		1
530.4		1
530.5		1
530.6		1
530.7		1
530.8		1
530.9		1
531		1
531.1		1
531.2		1
531.3		1
531.4		1
531.5		1
531.6		1
531.7		1
531.8		1
531.9		1
532		1
532.1		1
532.2		1
532.3		1
532.4		1
532.5		1
532.6		1
532.7		1
532.8		1
532.9		1
533		1
533.1		1
533.2		1
533.3		1
533.4		1
533.5		1
533.6		1
533.7		1
533.8		1
533.9		1
534		1
534.1		1
534.2		1
534.3		1
534.4		1
534.5		1
534.6		1
534.7		1
534.8		1
534.9		1
535		1
535.1		1
535.2		1
535.3		1
535.4		1
535.5		1
535.6		1
535.7		1
535.8		1
535.9		1
536		1
536.1		1
536.2		1
536.3		1
536.4		1
536.5		1
536.6		1
536.7		1
536.8		1
536.9		1
537		1
537.1		1
537.2		1
537.3		1
537.4		1
537.5		1
537.6		1
537.7		1
537.8		1
537.9		1
538		1
538.1		1
538.2		1
538.3		1
538.4		1
538.5		1
538.6		1
538.7		1
538.8		1
538.9		1
539		1
539.1		1
539.2		1
539.3		1
539.4		1
539.5		1
539.6		1
539.7		1
539.8		1
539.9		1
540		1
540.1		1
540.2		1
540.3		1
540.4		1
540.5		1
540.6		1
540.7		1
540.8		1
540.9		1
541		1
541.1		1
541.2		1
541.3		1
541.4		1
541.5		1
541.6		1
541.7		1
541.8		1
541.9		1
542		1
542.1		1
542.2		1
542.3		1
542.4		1
542.5		1
542.6		1
542.7		1
542.8		1
542.9		1
543		1
543.1		1
543.2		1
543.3		1
543.4		1
543.5		1
543.6		1
543.7		1
543.8		1
543.9		1
544		1
544.1		1
544.2		1
544.3		1
544.4		1
544.5		1
544.6		1
544.7		1
544.8		1
544.9		1
545		1
545.1		1
545.2		1
545.3		1
545.4		1
545.5		1
545.6		1
545.7		1
545.8		1
545.9		1
546		1
546.1		1
546.2		1
546.3		1
546.4		1
546.5		1
546.6		1
546.7		1
546.8		1
546.9		1
547		1
547.1		1
547.2		1
547.3		1
547.4		1
547.5		1
547.6		1
547.7		1
547.8		1
547.9		1
548		1
548.1		1
548.2		1
548.3		1
548.4		1
548.5		1
548.6		1
548.7		1
548.8		1
548.9		1
549		1
549.1		1
549.2		1
549.3		1
549.4		1
549.5		1
549.6		1
549.7		1
549.8		1
549.9		1
550		1
550.1		1
550.2		1
550.3		1
550.4		1
550.5		1
550.6		1
550.7		1
550.8		1
550.9		1
551		1
551.1		1
551.2		1
551.3		1
551.4		1
551.5		1
551.6		1
551.7		1
551.8		1
551.9		1
552		1
552.1		1
552.2		1
552.3		1
552.4		1
552.5		1
552.6		1
552.7		1
552.8		1
552.9		1
553		1
553.1		1
553.2		1
553.3		1
553.4		1
553.5		1
553.6		1
553.7		1
553.8		1
553.9		1
554		1
554.1		1
554.2		1
554.3		1
554.4		1
554.5		1
554.6		1
554.7		1
554.8		1
554.9		1
555		1
555.1		1
555.2		1
555.3		1
555.4		1
555.5		1
555.6		1
555.7		1
555.8		1
555.9		1
556		1
556.1		1
556.2		1
556.3		1
556.4		1
556.5		1
556.6		1
556.7		1
556.8		1
556.9		1
557		1
557.1		1
557.2		1
557.3		1
557.4		1
557.5		1
557.6		1
557.7		1
557.8		1
557.9		1
558		1
558.1		1
558.2		1
558.3		1
558.4		1
558.5		1
558.6		1
558.7		1
558.8		1
558.9		1
559		1
559.1		1
559.2		1
559.3		1
559.4		1
559.5		1
559.6		1
559.7		1
559.8		1
559.9		1
560		1
560.1		1
560.2		1
560.3		1
560.4		1
560.5		1
560.6		1
560.7		1
560.8		1
560.9		1
561		1
561.1		1
561.2		1
561.3		1
561.4		1
561.5		1
561.6		1
561.7		1
561.8		1
561.9		1
562		1
562.1		1
562.2		1
562.3		1
562.4		1
562.5		1
562.6		1
562.7		1
562.8		1
562.9		1
563		1
563.1		1
563.2		1
563.3		1
563.4		1
563.5		1
563.6		1
563.7		1
563.8		1
563.9		1
564		1
564.1		1
564.2		1
564.3		1
564.4		1
564.5		1
564.6		1
564.7		1
564.8		1
564.9		1
565		1
565.1		1
565.2		1
565.3		1
565.4		1
565.5		1
565.6		1
565.7		1
565.8		1
565.9		1
566		1
566.1		1
566.2		1
566.3		1
566.4		1
566.5		1
566.6		1
566.7		1
566.8		1
566.9		1
567		1
567.1		1
567.2		1
567.3		1
567.4		1
567.5		1
567.6		1
567.7		1
567.8		1
567.9		1
568		1
568.1		1
568.2		1
568.3		1
568.4		1
568.5		1
568.6		1
568.7		1
568.8		1
568.9		1
569		1
569.1		1
569.2		1
569.3		1
569.4		1
569.5		1
569.6		1
569.7		1
569.8		1
569.9		1
570		1
570.1		1
570.2		1
570.3		1
570.4		1
570.5		1
570.6		1
570.7		1
570.8		1
570.9		1
571		1
571.1		1
571.2		1
571.3		1
571.4		1
571.5		1
571.6		1
571.7		1
571.8		1
571.9		1
572		1
572.1		1
572.2		1
572.3		1
572.4		1
572.5		1
572.6		1
572.7		1
572.8		1
572.9		1
573		1
573.1		1
573.2		1
573.3		1
573.4		1
573.5		1
573.6		1
573.7		1
573.8		1
573.9		1
574		1
574.1		1
574.2		1
574.3		1
574.4		1
574.5		1
574.6		1
574.7		1
574.8		1
574.9		1
575		1
575.1		1
575.2		1
575.3		1
575.4		1
575.5		1
575.6		1
575.7		1
575.8		1
575.9		1
576		1
576.1		1
576.2		1
576.3		1
576.4		1
576.5		1
576.6		1
576.7		1
576.8		1
576.9		1
577		1
577.1		1
577.2		1
577.3		1
577.4		1
577.5		1
577.6		1
577.7		1
577.8		1
577.9		1
578		1
578.1		1
578.2		1
578.3		1
578.4		1
578.5		1
578.6		1
578.7		1
578.8		1
578.9		1
579		1
579.1		1
579.2		1
579.3		1
579.4		1
579.5		1
579.6		1
579.7		1
579.8		1
579.9		1
580		1
580.1		1
580.2		1
580.3		1
580.4		1
580.5		1
580.6		1
580.7		1
580.8		1
580.9		1
581		1
581.1		1
581.2		1
581.3		1
581.4		1
581.5		1
581.6		1
581.7		1
581.8		1
581.9		1
582		1
582.1		1
582.2		1
582.3		1
582.4		1
582.5		1
582.6		1
582.7		1
582.8		1
582.9		1
583		1
583.1		1
583.2		1
583.3		1
583.4		1
583.5		1
583.6		1
583.7		1
583.8		1
583.9		1
584		1
584.1		1
584.2		1
584.3		1
584.4		1
584.5		1
584.6		1
584.7		1
584.8		1
584.9		1
585		1
585.1		1
585.2		1
585.3		1
585.4		1
585.5		1
585.6		1
585.7		1
585.8		1
585.9		1
586		1
586.1		1
586.2		1
586.3		1
586.4		1
586.5		1
586.6		1
586.7		1
586.8		1
586.9		1
587		1
587.1		1
587.2		1
587.3		1
587.4		1
587.5		1
587.6		1
587.7		1
587.8		1
587.9		1
588		1
588.1		1
588.2		1
588.3		1
588.4		1
588.5		1
588.6		1
588.7		1
588.8		1
588.9		1
589		1
589.1		1
589.2		1
589.3		1
589.4		1
589.5		1
589.6		1
589.7		1
589.8		1
589.9		1
590		1
590.1		1
590.2		1
590.3		1
590.4		1
590.5		1
590.6		1
590.7		1
590.8		1
590.9		1
591		1
591.1		1
591.2		1
591.3		1
591.4		1
591.5		1
591.6		1
591.7		1
591.8		1
591.9		1
592		1
592.1		1
592.2		1
592.3		1
592.4		1
592.5		1
592.6		1
592.7		1
592.8		1
592.9		1
593		1
593.1		1
593.2		1
593.3		1
593.4		1
593.5		1
593.6		1
593.7		1
593.8		1
593.9		1
594		1
594.1		1
594.2		1
594.3		1
594.4		1
594.5		1
594.6		1
594.7		1
594.8		1
594.9		1
595		1
595.1		1
595.2		1
595.3		1
595.4		1
595.5		1
595.6		1
595.7		1
595.8		1
595.9		1
596		1
596.1		1
596.2		1
596.3		1
596.4		1
596.5		1
596.6		1
596.7		1
596.8		1
596.9		1
597		1
597.1		1
597.2		1
597.3		1
597.4		1
597.5		1
597.6		1
597.7		1
597.8		1
597.9		1
598		1
598.1		1
598.2		1
598.3		1
598.4		1
598.5		1
598.6		1
598.7		1
598.8		1
598.9		1
599		1
599.1		1
599.2		1
599.3		1
599.4		1
599.5		1
599.6		1
599.7		1
599.8		1
599.9		1
600		1
