# Calibration file of tamex_id 0 @ channel 19
# fine_T bin		 Calibration value
0.1		0
0.2		0
0.3		0
0.4		0
0.5		0
0.6		0
0.7		0
0.8		0
0.9		0
1		0
1.1		0
1.2		0
1.3		0
1.4		0
1.5		0
1.6		0
1.7		0
1.8		0
1.9		0
2		0
2.1		0
2.2		0
2.3		0
2.4		0
2.5		0
2.6		0
2.7		0
2.8		0
2.9		0
3		0
3.1		0
3.2		0
3.3		0
3.4		0
3.5		0
3.6		0
3.7		0
3.8		0
3.9		0
4		0
4.1		0
4.2		0
4.3		0
4.4		0
4.5		0
4.6		0
4.7		0
4.8		0
4.9		0
5		0
5.1		0
5.2		0
5.3		0
5.4		0
5.5		0
5.6		0
5.7		0
5.8		0
5.9		0
6		0
6.1		0
6.2		0
6.3		0
6.4		0
6.5		0
6.6		0
6.7		0
6.8		0
6.9		0
7		0
7.1		0
7.2		0
7.3		0
7.4		0
7.5		0
7.6		0
7.7		0
7.8		0
7.9		0
8		0
8.1		0
8.2		0
8.3		0
8.4		0
8.5		0
8.6		0
8.7		0
8.8		0
8.9		0
9		0
9.1		0
9.2		0
9.3		0
9.4		0
9.5		0
9.6		0
9.7		0
9.8		0
9.9		0
10		0
10.1		0
10.2		0
10.3		0
10.4		0
10.5		0
10.6		0
10.7		0
10.8		0
10.9		0
11		0
11.1		0
11.2		0
11.3		0
11.4		0
11.5		0
11.6		0
11.7		0
11.8		0
11.9		0
12		0
12.1		0
12.2		0
12.3		0
12.4		0
12.5		0
12.6		0
12.7		0
12.8		0
12.9		0
13		0
13.1		0
13.2		0
13.3		0
13.4		0
13.5		0
13.6		0
13.7		0
13.8		0
13.9		0
14		0
14.1		0
14.2		0
14.3		0
14.4		0
14.5		0
14.6		0
14.7		0
14.8		0
14.9		0
15		0
15.1		0
15.2		0
15.3		0
15.4		0
15.5		0
15.6		0
15.7		0
15.8		0
15.9		0
16		0
16.1		0.00287174
16.2		0.00287174
16.3		0.00287174
16.4		0.00287174
16.5		0.00287174
16.6		0.00287174
16.7		0.00287174
16.8		0.00287174
16.9		0.00287174
17		0.00287174
17.1		0.00929667
17.2		0.00929667
17.3		0.00929667
17.4		0.00929667
17.5		0.00929667
17.6		0.00929667
17.7		0.00929667
17.8		0.00929667
17.9		0.00929667
18		0.00929667
18.1		0.0109516
18.2		0.0109516
18.3		0.0109516
18.4		0.0109516
18.5		0.0109516
18.6		0.0109516
18.7		0.0109516
18.8		0.0109516
18.9		0.0109516
19		0.0109516
19.1		0.0110976
19.2		0.0110976
19.3		0.0110976
19.4		0.0110976
19.5		0.0110976
19.6		0.0110976
19.7		0.0110976
19.8		0.0110976
19.9		0.0110976
20		0.0110976
20.1		0.0179119
20.2		0.0179119
20.3		0.0179119
20.4		0.0179119
20.5		0.0179119
20.6		0.0179119
20.7		0.0179119
20.8		0.0179119
20.9		0.0179119
21		0.0179119
21.1		0.0188367
21.2		0.0188367
21.3		0.0188367
21.4		0.0188367
21.5		0.0188367
21.6		0.0188367
21.7		0.0188367
21.8		0.0188367
21.9		0.0188367
22		0.0188367
22.1		0.0190801
22.2		0.0190801
22.3		0.0190801
22.4		0.0190801
22.5		0.0190801
22.6		0.0190801
22.7		0.0190801
22.8		0.0190801
22.9		0.0190801
23		0.0190801
23.1		0.0202969
23.2		0.0202969
23.3		0.0202969
23.4		0.0202969
23.5		0.0202969
23.6		0.0202969
23.7		0.0202969
23.8		0.0202969
23.9		0.0202969
24		0.0202969
24.1		0.0246775
24.2		0.0246775
24.3		0.0246775
24.4		0.0246775
24.5		0.0246775
24.6		0.0246775
24.7		0.0246775
24.8		0.0246775
24.9		0.0246775
25		0.0246775
25.1		0.0271599
25.2		0.0271599
25.3		0.0271599
25.4		0.0271599
25.5		0.0271599
25.6		0.0271599
25.7		0.0271599
25.8		0.0271599
25.9		0.0271599
26		0.0271599
26.1		0.0276466
26.2		0.0276466
26.3		0.0276466
26.4		0.0276466
26.5		0.0276466
26.6		0.0276466
26.7		0.0276466
26.8		0.0276466
26.9		0.0276466
27		0.0276466
27.1		0.0315892
27.2		0.0315892
27.3		0.0315892
27.4		0.0315892
27.5		0.0315892
27.6		0.0315892
27.7		0.0315892
27.8		0.0315892
27.9		0.0315892
28		0.0315892
28.1		0.034607
28.2		0.034607
28.3		0.034607
28.4		0.034607
28.5		0.034607
28.6		0.034607
28.7		0.034607
28.8		0.034607
28.9		0.034607
29		0.034607
29.1		0.0348503
29.2		0.0348503
29.3		0.0348503
29.4		0.0348503
29.5		0.0348503
29.6		0.0348503
29.7		0.0348503
29.8		0.0348503
29.9		0.0348503
30		0.0348503
30.1		0.0357751
30.2		0.0357751
30.3		0.0357751
30.4		0.0357751
30.5		0.0357751
30.6		0.0357751
30.7		0.0357751
30.8		0.0357751
30.9		0.0357751
31		0.0357751
31.1		0.0379168
31.2		0.0379168
31.3		0.0379168
31.4		0.0379168
31.5		0.0379168
31.6		0.0379168
31.7		0.0379168
31.8		0.0379168
31.9		0.0379168
32		0.0379168
32.1		0.039377
32.2		0.039377
32.3		0.039377
32.4		0.039377
32.5		0.039377
32.6		0.039377
32.7		0.039377
32.8		0.039377
32.9		0.039377
33		0.039377
33.1		0.0437576
33.2		0.0437576
33.3		0.0437576
33.4		0.0437576
33.5		0.0437576
33.6		0.0437576
33.7		0.0437576
33.8		0.0437576
33.9		0.0437576
34		0.0437576
34.1		0.0443904
34.2		0.0443904
34.3		0.0443904
34.4		0.0443904
34.5		0.0443904
34.6		0.0443904
34.7		0.0443904
34.8		0.0443904
34.9		0.0443904
35		0.0443904
35.1		0.0445851
35.2		0.0445851
35.3		0.0445851
35.4		0.0445851
35.5		0.0445851
35.6		0.0445851
35.7		0.0445851
35.8		0.0445851
35.9		0.0445851
36		0.0445851
36.1		0.0484789
36.2		0.0484789
36.3		0.0484789
36.4		0.0484789
36.5		0.0484789
36.6		0.0484789
36.7		0.0484789
36.8		0.0484789
36.9		0.0484789
37		0.0484789
37.1		0.0487223
37.2		0.0487223
37.3		0.0487223
37.4		0.0487223
37.5		0.0487223
37.6		0.0487223
37.7		0.0487223
37.8		0.0487223
37.9		0.0487223
38		0.0487223
38.1		0.0529083
38.2		0.0529083
38.3		0.0529083
38.4		0.0529083
38.5		0.0529083
38.6		0.0529083
38.7		0.0529083
38.8		0.0529083
38.9		0.0529083
39		0.0529083
39.1		0.053395
39.2		0.053395
39.3		0.053395
39.4		0.053395
39.5		0.053395
39.6		0.053395
39.7		0.053395
39.8		0.053395
39.9		0.053395
40		0.053395
40.1		0.0565588
40.2		0.0565588
40.3		0.0565588
40.4		0.0565588
40.5		0.0565588
40.6		0.0565588
40.7		0.0565588
40.8		0.0565588
40.9		0.0565588
41		0.0565588
41.1		0.0590411
41.2		0.0590411
41.3		0.0590411
41.4		0.0590411
41.5		0.0590411
41.6		0.0590411
41.7		0.0590411
41.8		0.0590411
41.9		0.0590411
42		0.0590411
42.1		0.0620589
42.2		0.0620589
42.3		0.0620589
42.4		0.0620589
42.5		0.0620589
42.6		0.0620589
42.7		0.0620589
42.8		0.0620589
42.9		0.0620589
43		0.0620589
43.1		0.0632271
43.2		0.0632271
43.3		0.0632271
43.4		0.0632271
43.5		0.0632271
43.6		0.0632271
43.7		0.0632271
43.8		0.0632271
43.9		0.0632271
44		0.0632271
44.1		0.0646386
44.2		0.0646386
44.3		0.0646386
44.4		0.0646386
44.5		0.0646386
44.6		0.0646386
44.7		0.0646386
44.8		0.0646386
44.9		0.0646386
45		0.0646386
45.1		0.0646873
45.2		0.0646873
45.3		0.0646873
45.4		0.0646873
45.5		0.0646873
45.6		0.0646873
45.7		0.0646873
45.8		0.0646873
45.9		0.0646873
46		0.0646873
46.1		0.0698467
46.2		0.0698467
46.3		0.0698467
46.4		0.0698467
46.5		0.0698467
46.6		0.0698467
46.7		0.0698467
46.8		0.0698467
46.9		0.0698467
47		0.0698467
47.1		0.0716963
47.2		0.0716963
47.3		0.0716963
47.4		0.0716963
47.5		0.0716963
47.6		0.0716963
47.7		0.0716963
47.8		0.0716963
47.9		0.0716963
48		0.0716963
48.1		0.0741786
48.2		0.0741786
48.3		0.0741786
48.4		0.0741786
48.5		0.0741786
48.6		0.0741786
48.7		0.0741786
48.8		0.0741786
48.9		0.0741786
49		0.0741786
49.1		0.074276
49.2		0.074276
49.3		0.074276
49.4		0.074276
49.5		0.074276
49.6		0.074276
49.7		0.074276
49.8		0.074276
49.9		0.074276
50		0.074276
50.1		0.0789973
50.2		0.0789973
50.3		0.0789973
50.4		0.0789973
50.5		0.0789973
50.6		0.0789973
50.7		0.0789973
50.8		0.0789973
50.9		0.0789973
51		0.0789973
51.1		0.0804575
51.2		0.0804575
51.3		0.0804575
51.4		0.0804575
51.5		0.0804575
51.6		0.0804575
51.7		0.0804575
51.8		0.0804575
51.9		0.0804575
52		0.0804575
52.1		0.0826965
52.2		0.0826965
52.3		0.0826965
52.4		0.0826965
52.5		0.0826965
52.6		0.0826965
52.7		0.0826965
52.8		0.0826965
52.9		0.0826965
53		0.0826965
53.1		0.0837187
53.2		0.0837187
53.3		0.0837187
53.4		0.0837187
53.5		0.0837187
53.6		0.0837187
53.7		0.0837187
53.8		0.0837187
53.9		0.0837187
54		0.0837187
54.1		0.0862497
54.2		0.0862497
54.3		0.0862497
54.4		0.0862497
54.5		0.0862497
54.6		0.0862497
54.7		0.0862497
54.8		0.0862497
54.9		0.0862497
55		0.0862497
55.1		0.0864931
55.2		0.0864931
55.3		0.0864931
55.4		0.0864931
55.5		0.0864931
55.6		0.0864931
55.7		0.0864931
55.8		0.0864931
55.9		0.0864931
56		0.0864931
56.1		0.0899976
56.2		0.0899976
56.3		0.0899976
56.4		0.0899976
56.5		0.0899976
56.6		0.0899976
56.7		0.0899976
56.8		0.0899976
56.9		0.0899976
57		0.0899976
57.1		0.0912144
57.2		0.0912144
57.3		0.0912144
57.4		0.0912144
57.5		0.0912144
57.6		0.0912144
57.7		0.0912144
57.8		0.0912144
57.9		0.0912144
58		0.0912144
58.1		0.0926746
58.2		0.0926746
58.3		0.0926746
58.4		0.0926746
58.5		0.0926746
58.6		0.0926746
58.7		0.0926746
58.8		0.0926746
58.9		0.0926746
59		0.0926746
59.1		0.095303
59.2		0.095303
59.3		0.095303
59.4		0.095303
59.5		0.095303
59.6		0.095303
59.7		0.095303
59.8		0.095303
59.9		0.095303
60		0.095303
60.1		0.0972013
60.2		0.0972013
60.3		0.0972013
60.4		0.0972013
60.5		0.0972013
60.6		0.0972013
60.7		0.0972013
60.8		0.0972013
60.9		0.0972013
61		0.0972013
61.1		0.097396
61.2		0.097396
61.3		0.097396
61.4		0.097396
61.5		0.097396
61.6		0.097396
61.7		0.097396
61.8		0.097396
61.9		0.097396
62		0.097396
62.1		0.100803
62.2		0.100803
62.3		0.100803
62.4		0.100803
62.5		0.100803
62.6		0.100803
62.7		0.100803
62.8		0.100803
62.9		0.100803
63		0.100803
63.1		0.104113
63.2		0.104113
63.3		0.104113
63.4		0.104113
63.5		0.104113
63.6		0.104113
63.7		0.104113
63.8		0.104113
63.9		0.104113
64		0.104113
64.1		0.105281
64.2		0.105281
64.3		0.105281
64.4		0.105281
64.5		0.105281
64.6		0.105281
64.7		0.105281
64.8		0.105281
64.9		0.105281
65		0.105281
65.1		0.110246
65.2		0.110246
65.3		0.110246
65.4		0.110246
65.5		0.110246
65.6		0.110246
65.7		0.110246
65.8		0.110246
65.9		0.110246
66		0.110246
66.1		0.110489
66.2		0.110489
66.3		0.110489
66.4		0.110489
66.5		0.110489
66.6		0.110489
66.7		0.110489
66.8		0.110489
66.9		0.110489
67		0.110489
67.1		0.112485
67.2		0.112485
67.3		0.112485
67.4		0.112485
67.5		0.112485
67.6		0.112485
67.7		0.112485
67.8		0.112485
67.9		0.112485
68		0.112485
68.1		0.114821
68.2		0.114821
68.3		0.114821
68.4		0.114821
68.5		0.114821
68.6		0.114821
68.7		0.114821
68.8		0.114821
68.9		0.114821
69		0.114821
69.1		0.115016
69.2		0.115016
69.3		0.115016
69.4		0.115016
69.5		0.115016
69.6		0.115016
69.7		0.115016
69.8		0.115016
69.9		0.115016
70		0.115016
70.1		0.11925
70.2		0.11925
70.3		0.11925
70.4		0.11925
70.5		0.11925
70.6		0.11925
70.7		0.11925
70.8		0.11925
70.9		0.11925
71		0.11925
71.1		0.119445
71.2		0.119445
71.3		0.119445
71.4		0.119445
71.5		0.119445
71.6		0.119445
71.7		0.119445
71.8		0.119445
71.9		0.119445
72		0.119445
72.1		0.122171
72.2		0.122171
72.3		0.122171
72.4		0.122171
72.5		0.122171
72.6		0.122171
72.7		0.122171
72.8		0.122171
72.9		0.122171
73		0.122171
73.1		0.125091
73.2		0.125091
73.3		0.125091
73.4		0.125091
73.5		0.125091
73.6		0.125091
73.7		0.125091
73.8		0.125091
73.9		0.125091
74		0.125091
74.1		0.1266
74.2		0.1266
74.3		0.1266
74.4		0.1266
74.5		0.1266
74.6		0.1266
74.7		0.1266
74.8		0.1266
74.9		0.1266
75		0.1266
75.1		0.131175
75.2		0.131175
75.3		0.131175
75.4		0.131175
75.5		0.131175
75.6		0.131175
75.7		0.131175
75.8		0.131175
75.9		0.131175
76		0.131175
76.1		0.132198
76.2		0.132198
76.3		0.132198
76.4		0.132198
76.5		0.132198
76.6		0.132198
76.7		0.132198
76.8		0.132198
76.9		0.132198
77		0.132198
77.1		0.132441
77.2		0.132441
77.3		0.132441
77.4		0.132441
77.5		0.132441
77.6		0.132441
77.7		0.132441
77.8		0.132441
77.9		0.132441
78		0.132441
78.1		0.133853
78.2		0.133853
78.3		0.133853
78.4		0.133853
78.5		0.133853
78.6		0.133853
78.7		0.133853
78.8		0.133853
78.9		0.133853
79		0.133853
79.1		0.135751
79.2		0.135751
79.3		0.135751
79.4		0.135751
79.5		0.135751
79.6		0.135751
79.7		0.135751
79.8		0.135751
79.9		0.135751
80		0.135751
80.1		0.139353
80.2		0.139353
80.3		0.139353
80.4		0.139353
80.5		0.139353
80.6		0.139353
80.7		0.139353
80.8		0.139353
80.9		0.139353
81		0.139353
81.1		0.141738
81.2		0.141738
81.3		0.141738
81.4		0.141738
81.5		0.141738
81.6		0.141738
81.7		0.141738
81.8		0.141738
81.9		0.141738
82		0.141738
82.1		0.143344
82.2		0.143344
82.3		0.143344
82.4		0.143344
82.5		0.143344
82.6		0.143344
82.7		0.143344
82.8		0.143344
82.9		0.143344
83		0.143344
83.1		0.144074
83.2		0.144074
83.3		0.144074
83.4		0.144074
83.5		0.144074
83.6		0.144074
83.7		0.144074
83.8		0.144074
83.9		0.144074
84		0.144074
84.1		0.147481
84.2		0.147481
84.3		0.147481
84.4		0.147481
84.5		0.147481
84.6		0.147481
84.7		0.147481
84.8		0.147481
84.9		0.147481
85		0.147481
85.1		0.148747
85.2		0.148747
85.3		0.148747
85.4		0.148747
85.5		0.148747
85.6		0.148747
85.7		0.148747
85.8		0.148747
85.9		0.148747
86		0.148747
86.1		0.151472
86.2		0.151472
86.3		0.151472
86.4		0.151472
86.5		0.151472
86.6		0.151472
86.7		0.151472
86.8		0.151472
86.9		0.151472
87		0.151472
87.1		0.152105
87.2		0.152105
87.3		0.152105
87.4		0.152105
87.5		0.152105
87.6		0.152105
87.7		0.152105
87.8		0.152105
87.9		0.152105
88		0.152105
88.1		0.155561
88.2		0.155561
88.3		0.155561
88.4		0.155561
88.5		0.155561
88.6		0.155561
88.7		0.155561
88.8		0.155561
88.9		0.155561
89		0.155561
89.1		0.15634
89.2		0.15634
89.3		0.15634
89.4		0.15634
89.5		0.15634
89.6		0.15634
89.7		0.15634
89.8		0.15634
89.9		0.15634
90		0.15634
90.1		0.156486
90.2		0.156486
90.3		0.156486
90.4		0.156486
90.5		0.156486
90.6		0.156486
90.7		0.156486
90.8		0.156486
90.9		0.156486
91		0.156486
91.1		0.157751
91.2		0.157751
91.3		0.157751
91.4		0.157751
91.5		0.157751
91.6		0.157751
91.7		0.157751
91.8		0.157751
91.9		0.157751
92		0.157751
92.1		0.163835
92.2		0.163835
92.3		0.163835
92.4		0.163835
92.5		0.163835
92.6		0.163835
92.7		0.163835
92.8		0.163835
92.9		0.163835
93		0.163835
93.1		0.165004
93.2		0.165004
93.3		0.165004
93.4		0.165004
93.5		0.165004
93.6		0.165004
93.7		0.165004
93.8		0.165004
93.9		0.165004
94		0.165004
94.1		0.166707
94.2		0.166707
94.3		0.166707
94.4		0.166707
94.5		0.166707
94.6		0.166707
94.7		0.166707
94.8		0.166707
94.9		0.166707
95		0.166707
95.1		0.167437
95.2		0.167437
95.3		0.167437
95.4		0.167437
95.5		0.167437
95.6		0.167437
95.7		0.167437
95.8		0.167437
95.9		0.167437
96		0.167437
96.1		0.16953
96.2		0.16953
96.3		0.16953
96.4		0.16953
96.5		0.16953
96.6		0.16953
96.7		0.16953
96.8		0.16953
96.9		0.16953
97		0.16953
97.1		0.174495
97.2		0.174495
97.3		0.174495
97.4		0.174495
97.5		0.174495
97.6		0.174495
97.7		0.174495
97.8		0.174495
97.9		0.174495
98		0.174495
98.1		0.174641
98.2		0.174641
98.3		0.174641
98.4		0.174641
98.5		0.174641
98.6		0.174641
98.7		0.174641
98.8		0.174641
98.9		0.174641
99		0.174641
99.1		0.174836
99.2		0.174836
99.3		0.174836
99.4		0.174836
99.5		0.174836
99.6		0.174836
99.7		0.174836
99.8		0.174836
99.9		0.174836
100		0.174836
100.1		0.178
100.2		0.178
100.3		0.178
100.4		0.178
100.5		0.178
100.6		0.178
100.7		0.178
100.8		0.178
100.9		0.178
101		0.178
101.1		0.179314
101.2		0.179314
101.3		0.179314
101.4		0.179314
101.5		0.179314
101.6		0.179314
101.7		0.179314
101.8		0.179314
101.9		0.179314
102		0.179314
102.1		0.181991
102.2		0.181991
102.3		0.181991
102.4		0.181991
102.5		0.181991
102.6		0.181991
102.7		0.181991
102.8		0.181991
102.9		0.181991
103		0.181991
103.1		0.185252
103.2		0.185252
103.3		0.185252
103.4		0.185252
103.5		0.185252
103.6		0.185252
103.7		0.185252
103.8		0.185252
103.9		0.185252
104		0.185252
104.1		0.187491
104.2		0.187491
104.3		0.187491
104.4		0.187491
104.5		0.187491
104.6		0.187491
104.7		0.187491
104.8		0.187491
104.9		0.187491
105		0.187491
105.1		0.187734
105.2		0.187734
105.3		0.187734
105.4		0.187734
105.5		0.187734
105.6		0.187734
105.7		0.187734
105.8		0.187734
105.9		0.187734
106		0.187734
106.1		0.191336
106.2		0.191336
106.3		0.191336
106.4		0.191336
106.5		0.191336
106.6		0.191336
106.7		0.191336
106.8		0.191336
106.9		0.191336
107		0.191336
107.1		0.192699
107.2		0.192699
107.3		0.192699
107.4		0.192699
107.5		0.192699
107.6		0.192699
107.7		0.192699
107.8		0.192699
107.9		0.192699
108		0.192699
108.1		0.193186
108.2		0.193186
108.3		0.193186
108.4		0.193186
108.5		0.193186
108.6		0.193186
108.7		0.193186
108.8		0.193186
108.9		0.193186
109		0.193186
109.1		0.195376
109.2		0.195376
109.3		0.195376
109.4		0.195376
109.5		0.195376
109.6		0.195376
109.7		0.195376
109.8		0.195376
109.9		0.195376
110		0.195376
110.1		0.201752
110.2		0.201752
110.3		0.201752
110.4		0.201752
110.5		0.201752
110.6		0.201752
110.7		0.201752
110.8		0.201752
110.9		0.201752
111		0.201752
111.1		0.202726
111.2		0.202726
111.3		0.202726
111.4		0.202726
111.5		0.202726
111.6		0.202726
111.7		0.202726
111.8		0.202726
111.9		0.202726
112		0.202726
112.1		0.202872
112.2		0.202872
112.3		0.202872
112.4		0.202872
112.5		0.202872
112.6		0.202872
112.7		0.202872
112.8		0.202872
112.9		0.202872
113		0.202872
113.1		0.203748
113.2		0.203748
113.3		0.203748
113.4		0.203748
113.5		0.203748
113.6		0.203748
113.7		0.203748
113.8		0.203748
113.9		0.203748
114		0.203748
114.1		0.208664
114.2		0.208664
114.3		0.208664
114.4		0.208664
114.5		0.208664
114.6		0.208664
114.7		0.208664
114.8		0.208664
114.9		0.208664
115		0.208664
115.1		0.209297
115.2		0.209297
115.3		0.209297
115.4		0.209297
115.5		0.209297
115.6		0.209297
115.7		0.209297
115.8		0.209297
115.9		0.209297
116		0.209297
116.1		0.211195
116.2		0.211195
116.3		0.211195
116.4		0.211195
116.5		0.211195
116.6		0.211195
116.7		0.211195
116.8		0.211195
116.9		0.211195
117		0.211195
117.1		0.214553
117.2		0.214553
117.3		0.214553
117.4		0.214553
117.5		0.214553
117.6		0.214553
117.7		0.214553
117.8		0.214553
117.9		0.214553
118		0.214553
118.1		0.218447
118.2		0.218447
118.3		0.218447
118.4		0.218447
118.5		0.218447
118.6		0.218447
118.7		0.218447
118.8		0.218447
118.9		0.218447
119		0.218447
119.1		0.219275
119.2		0.219275
119.3		0.219275
119.4		0.219275
119.5		0.219275
119.6		0.219275
119.7		0.219275
119.8		0.219275
119.9		0.219275
120		0.219275
120.1		0.220297
120.2		0.220297
120.3		0.220297
120.4		0.220297
120.5		0.220297
120.6		0.220297
120.7		0.220297
120.8		0.220297
120.9		0.220297
121		0.220297
121.1		0.221806
121.2		0.221806
121.3		0.221806
121.4		0.221806
121.5		0.221806
121.6		0.221806
121.7		0.221806
121.8		0.221806
121.9		0.221806
122		0.221806
122.1		0.226576
122.2		0.226576
122.3		0.226576
122.4		0.226576
122.5		0.226576
122.6		0.226576
122.7		0.226576
122.8		0.226576
122.9		0.226576
123		0.226576
123.1		0.229058
123.2		0.229058
123.3		0.229058
123.4		0.229058
123.5		0.229058
123.6		0.229058
123.7		0.229058
123.8		0.229058
123.9		0.229058
124		0.229058
124.1		0.230178
124.2		0.230178
124.3		0.230178
124.4		0.230178
124.5		0.230178
124.6		0.230178
124.7		0.230178
124.8		0.230178
124.9		0.230178
125		0.230178
125.1		0.231346
125.2		0.231346
125.3		0.231346
125.4		0.231346
125.5		0.231346
125.6		0.231346
125.7		0.231346
125.8		0.231346
125.9		0.231346
126		0.231346
126.1		0.236505
126.2		0.236505
126.3		0.236505
126.4		0.236505
126.5		0.236505
126.6		0.236505
126.7		0.236505
126.8		0.236505
126.9		0.236505
127		0.236505
127.1		0.23855
127.2		0.23855
127.3		0.23855
127.4		0.23855
127.5		0.23855
127.6		0.23855
127.7		0.23855
127.8		0.23855
127.9		0.23855
128		0.23855
128.1		0.239864
128.2		0.239864
128.3		0.239864
128.4		0.239864
128.5		0.239864
128.6		0.239864
128.7		0.239864
128.8		0.239864
128.9		0.239864
129		0.239864
129.1		0.24147
129.2		0.24147
129.3		0.24147
129.4		0.24147
129.5		0.24147
129.6		0.24147
129.7		0.24147
129.8		0.24147
129.9		0.24147
130		0.24147
130.1		0.243076
130.2		0.243076
130.3		0.243076
130.4		0.243076
130.5		0.243076
130.6		0.243076
130.7		0.243076
130.8		0.243076
130.9		0.243076
131		0.243076
131.1		0.244585
131.2		0.244585
131.3		0.244585
131.4		0.244585
131.5		0.244585
131.6		0.244585
131.7		0.244585
131.8		0.244585
131.9		0.244585
132		0.244585
132.1		0.247019
132.2		0.247019
132.3		0.247019
132.4		0.247019
132.5		0.247019
132.6		0.247019
132.7		0.247019
132.8		0.247019
132.9		0.247019
133		0.247019
133.1		0.247457
133.2		0.247457
133.3		0.247457
133.4		0.247457
133.5		0.247457
133.6		0.247457
133.7		0.247457
133.8		0.247457
133.9		0.247457
134		0.247457
134.1		0.250864
134.2		0.250864
134.3		0.250864
134.4		0.250864
134.5		0.250864
134.6		0.250864
134.7		0.250864
134.8		0.250864
134.9		0.250864
135		0.250864
135.1		0.253152
135.2		0.253152
135.3		0.253152
135.4		0.253152
135.5		0.253152
135.6		0.253152
135.7		0.253152
135.8		0.253152
135.9		0.253152
136		0.253152
136.1		0.25359
136.2		0.25359
136.3		0.25359
136.4		0.25359
136.5		0.25359
136.6		0.25359
136.7		0.25359
136.8		0.25359
136.9		0.25359
137		0.25359
137.1		0.255439
137.2		0.255439
137.3		0.255439
137.4		0.255439
137.5		0.255439
137.6		0.255439
137.7		0.255439
137.8		0.255439
137.9		0.255439
138		0.255439
138.1		0.259674
138.2		0.259674
138.3		0.259674
138.4		0.259674
138.5		0.259674
138.6		0.259674
138.7		0.259674
138.8		0.259674
138.9		0.259674
139		0.259674
139.1		0.261621
139.2		0.261621
139.3		0.261621
139.4		0.261621
139.5		0.261621
139.6		0.261621
139.7		0.261621
139.8		0.261621
139.9		0.261621
140		0.261621
140.1		0.26274
140.2		0.26274
140.3		0.26274
140.4		0.26274
140.5		0.26274
140.6		0.26274
140.7		0.26274
140.8		0.26274
140.9		0.26274
141		0.26274
141.1		0.26313
141.2		0.26313
141.3		0.26313
141.4		0.26313
141.5		0.26313
141.6		0.26313
141.7		0.26313
141.8		0.26313
141.9		0.26313
142		0.26313
142.1		0.26532
142.2		0.26532
142.3		0.26532
142.4		0.26532
142.5		0.26532
142.6		0.26532
142.7		0.26532
142.8		0.26532
142.9		0.26532
143		0.26532
143.1		0.26717
143.2		0.26717
143.3		0.26717
143.4		0.26717
143.5		0.26717
143.6		0.26717
143.7		0.26717
143.8		0.26717
143.9		0.26717
144		0.26717
144.1		0.267997
144.2		0.267997
144.3		0.267997
144.4		0.267997
144.5		0.267997
144.6		0.267997
144.7		0.267997
144.8		0.267997
144.9		0.267997
145		0.267997
145.1		0.271064
145.2		0.271064
145.3		0.271064
145.4		0.271064
145.5		0.271064
145.6		0.271064
145.7		0.271064
145.8		0.271064
145.9		0.271064
146		0.271064
146.1		0.271356
146.2		0.271356
146.3		0.271356
146.4		0.271356
146.5		0.271356
146.6		0.271356
146.7		0.271356
146.8		0.271356
146.9		0.271356
147		0.271356
147.1		0.275152
147.2		0.275152
147.3		0.275152
147.4		0.275152
147.5		0.275152
147.6		0.275152
147.7		0.275152
147.8		0.275152
147.9		0.275152
148		0.275152
148.1		0.280652
148.2		0.280652
148.3		0.280652
148.4		0.280652
148.5		0.280652
148.6		0.280652
148.7		0.280652
148.8		0.280652
148.9		0.280652
149		0.280652
149.1		0.281674
149.2		0.281674
149.3		0.281674
149.4		0.281674
149.5		0.281674
149.6		0.281674
149.7		0.281674
149.8		0.281674
149.9		0.281674
150		0.281674
150.1		0.281966
150.2		0.281966
150.3		0.281966
150.4		0.281966
150.5		0.281966
150.6		0.281966
150.7		0.281966
150.8		0.281966
150.9		0.281966
151		0.281966
151.1		0.282599
151.2		0.282599
151.3		0.282599
151.4		0.282599
151.5		0.282599
151.6		0.282599
151.7		0.282599
151.8		0.282599
151.9		0.282599
152		0.282599
152.1		0.288975
152.2		0.288975
152.3		0.288975
152.4		0.288975
152.5		0.288975
152.6		0.288975
152.7		0.288975
152.8		0.288975
152.9		0.288975
153		0.288975
153.1		0.291166
153.2		0.291166
153.3		0.291166
153.4		0.291166
153.5		0.291166
153.6		0.291166
153.7		0.291166
153.8		0.291166
153.9		0.291166
154		0.291166
154.1		0.291214
154.2		0.291214
154.3		0.291214
154.4		0.291214
154.5		0.291214
154.6		0.291214
154.7		0.291214
154.8		0.291214
154.9		0.291214
155		0.291214
155.1		0.292675
155.2		0.292675
155.3		0.292675
155.4		0.292675
155.5		0.292675
155.6		0.292675
155.7		0.292675
155.8		0.292675
155.9		0.292675
156		0.292675
156.1		0.294378
156.2		0.294378
156.3		0.294378
156.4		0.294378
156.5		0.294378
156.6		0.294378
156.7		0.294378
156.8		0.294378
156.9		0.294378
157		0.294378
157.1		0.297737
157.2		0.297737
157.3		0.297737
157.4		0.297737
157.5		0.297737
157.6		0.297737
157.7		0.297737
157.8		0.297737
157.9		0.297737
158		0.297737
158.1		0.298126
158.2		0.298126
158.3		0.298126
158.4		0.298126
158.5		0.298126
158.6		0.298126
158.7		0.298126
158.8		0.298126
158.9		0.298126
159		0.298126
159.1		0.302263
159.2		0.302263
159.3		0.302263
159.4		0.302263
159.5		0.302263
159.6		0.302263
159.7		0.302263
159.8		0.302263
159.9		0.302263
160		0.302263
160.1		0.304308
160.2		0.304308
160.3		0.304308
160.4		0.304308
160.5		0.304308
160.6		0.304308
160.7		0.304308
160.8		0.304308
160.9		0.304308
161		0.304308
161.1		0.304454
161.2		0.304454
161.3		0.304454
161.4		0.304454
161.5		0.304454
161.6		0.304454
161.7		0.304454
161.8		0.304454
161.9		0.304454
162		0.304454
162.1		0.309126
162.2		0.309126
162.3		0.309126
162.4		0.309126
162.5		0.309126
162.6		0.309126
162.7		0.309126
162.8		0.309126
162.9		0.309126
163		0.309126
163.1		0.310051
163.2		0.310051
163.3		0.310051
163.4		0.310051
163.5		0.310051
163.6		0.310051
163.7		0.310051
163.8		0.310051
163.9		0.310051
164		0.310051
164.1		0.312047
164.2		0.312047
164.3		0.312047
164.4		0.312047
164.5		0.312047
164.6		0.312047
164.7		0.312047
164.8		0.312047
164.9		0.312047
165		0.312047
165.1		0.312339
165.2		0.312339
165.3		0.312339
165.4		0.312339
165.5		0.312339
165.6		0.312339
165.7		0.312339
165.8		0.312339
165.9		0.312339
166		0.312339
166.1		0.314626
166.2		0.314626
166.3		0.314626
166.4		0.314626
166.5		0.314626
166.6		0.314626
166.7		0.314626
166.8		0.314626
166.9		0.314626
167		0.314626
167.1		0.317742
167.2		0.317742
167.3		0.317742
167.4		0.317742
167.5		0.317742
167.6		0.317742
167.7		0.317742
167.8		0.317742
167.9		0.317742
168		0.317742
168.1		0.319153
168.2		0.319153
168.3		0.319153
168.4		0.319153
168.5		0.319153
168.6		0.319153
168.7		0.319153
168.8		0.319153
168.9		0.319153
169		0.319153
169.1		0.320857
169.2		0.320857
169.3		0.320857
169.4		0.320857
169.5		0.320857
169.6		0.320857
169.7		0.320857
169.8		0.320857
169.9		0.320857
170		0.320857
170.1		0.323972
170.2		0.323972
170.3		0.323972
170.4		0.323972
170.5		0.323972
170.6		0.323972
170.7		0.323972
170.8		0.323972
170.9		0.323972
171		0.323972
171.1		0.325043
171.2		0.325043
171.3		0.325043
171.4		0.325043
171.5		0.325043
171.6		0.325043
171.7		0.325043
171.8		0.325043
171.9		0.325043
172		0.325043
172.1		0.325821
172.2		0.325821
172.3		0.325821
172.4		0.325821
172.5		0.325821
172.6		0.325821
172.7		0.325821
172.8		0.325821
172.9		0.325821
173		0.325821
173.1		0.328109
173.2		0.328109
173.3		0.328109
173.4		0.328109
173.5		0.328109
173.6		0.328109
173.7		0.328109
173.8		0.328109
173.9		0.328109
174		0.328109
174.1		0.331808
174.2		0.331808
174.3		0.331808
174.4		0.331808
174.5		0.331808
174.6		0.331808
174.7		0.331808
174.8		0.331808
174.9		0.331808
175		0.331808
175.1		0.33322
175.2		0.33322
175.3		0.33322
175.4		0.33322
175.5		0.33322
175.6		0.33322
175.7		0.33322
175.8		0.33322
175.9		0.33322
176		0.33322
176.1		0.333317
176.2		0.333317
176.3		0.333317
176.4		0.333317
176.5		0.333317
176.6		0.333317
176.7		0.333317
176.8		0.333317
176.9		0.333317
177		0.333317
177.1		0.335945
177.2		0.335945
177.3		0.335945
177.4		0.335945
177.5		0.335945
177.6		0.335945
177.7		0.335945
177.8		0.335945
177.9		0.335945
178		0.335945
178.1		0.339158
178.2		0.339158
178.3		0.339158
178.4		0.339158
178.5		0.339158
178.6		0.339158
178.7		0.339158
178.8		0.339158
178.9		0.339158
179		0.339158
179.1		0.342127
179.2		0.342127
179.3		0.342127
179.4		0.342127
179.5		0.342127
179.6		0.342127
179.7		0.342127
179.8		0.342127
179.9		0.342127
180		0.342127
180.1		0.342322
180.2		0.342322
180.3		0.342322
180.4		0.342322
180.5		0.342322
180.6		0.342322
180.7		0.342322
180.8		0.342322
180.9		0.342322
181		0.342322
181.1		0.344707
181.2		0.344707
181.3		0.344707
181.4		0.344707
181.5		0.344707
181.6		0.344707
181.7		0.344707
181.8		0.344707
181.9		0.344707
182		0.344707
182.1		0.346459
182.2		0.346459
182.3		0.346459
182.4		0.346459
182.5		0.346459
182.6		0.346459
182.7		0.346459
182.8		0.346459
182.9		0.346459
183		0.346459
183.1		0.346848
183.2		0.346848
183.3		0.346848
183.4		0.346848
183.5		0.346848
183.6		0.346848
183.7		0.346848
183.8		0.346848
183.9		0.346848
184		0.346848
184.1		0.350158
184.2		0.350158
184.3		0.350158
184.4		0.350158
184.5		0.350158
184.6		0.350158
184.7		0.350158
184.8		0.350158
184.9		0.350158
185		0.350158
185.1		0.350986
185.2		0.350986
185.3		0.350986
185.4		0.350986
185.5		0.350986
185.6		0.350986
185.7		0.350986
185.8		0.350986
185.9		0.350986
186		0.350986
186.1		0.353225
186.2		0.353225
186.3		0.353225
186.4		0.353225
186.5		0.353225
186.6		0.353225
186.7		0.353225
186.8		0.353225
186.9		0.353225
187		0.353225
187.1		0.35668
187.2		0.35668
187.3		0.35668
187.4		0.35668
187.5		0.35668
187.6		0.35668
187.7		0.35668
187.8		0.35668
187.9		0.35668
188		0.35668
188.1		0.356972
188.2		0.356972
188.3		0.356972
188.4		0.356972
188.5		0.356972
188.6		0.356972
188.7		0.356972
188.8		0.356972
188.9		0.356972
189		0.356972
189.1		0.357362
189.2		0.357362
189.3		0.357362
189.4		0.357362
189.5		0.357362
189.6		0.357362
189.7		0.357362
189.8		0.357362
189.9		0.357362
190		0.357362
190.1		0.363787
190.2		0.363787
190.3		0.363787
190.4		0.363787
190.5		0.363787
190.6		0.363787
190.7		0.363787
190.8		0.363787
190.9		0.363787
191		0.363787
191.1		0.363835
191.2		0.363835
191.3		0.363835
191.4		0.363835
191.5		0.363835
191.6		0.363835
191.7		0.363835
191.8		0.363835
191.9		0.363835
192		0.363835
192.1		0.365685
192.2		0.365685
192.3		0.365685
192.4		0.365685
192.5		0.365685
192.6		0.365685
192.7		0.365685
192.8		0.365685
192.9		0.365685
193		0.365685
193.1		0.368752
193.2		0.368752
193.3		0.368752
193.4		0.368752
193.5		0.368752
193.6		0.368752
193.7		0.368752
193.8		0.368752
193.9		0.368752
194		0.368752
194.1		0.370017
194.2		0.370017
194.3		0.370017
194.4		0.370017
194.5		0.370017
194.6		0.370017
194.7		0.370017
194.8		0.370017
194.9		0.370017
195		0.370017
195.1		0.373619
195.2		0.373619
195.3		0.373619
195.4		0.373619
195.5		0.373619
195.6		0.373619
195.7		0.373619
195.8		0.373619
195.9		0.373619
196		0.373619
196.1		0.37396
196.2		0.37396
196.3		0.37396
196.4		0.37396
196.5		0.37396
196.6		0.37396
196.7		0.37396
196.8		0.37396
196.9		0.37396
197		0.37396
197.1		0.37542
197.2		0.37542
197.3		0.37542
197.4		0.37542
197.5		0.37542
197.6		0.37542
197.7		0.37542
197.8		0.37542
197.9		0.37542
198		0.37542
198.1		0.377221
198.2		0.377221
198.3		0.377221
198.4		0.377221
198.5		0.377221
198.6		0.377221
198.7		0.377221
198.8		0.377221
198.9		0.377221
199		0.377221
199.1		0.380287
199.2		0.380287
199.3		0.380287
199.4		0.380287
199.5		0.380287
199.6		0.380287
199.7		0.380287
199.8		0.380287
199.9		0.380287
200		0.380287
200.1		0.383743
200.2		0.383743
200.3		0.383743
200.4		0.383743
200.5		0.383743
200.6		0.383743
200.7		0.383743
200.8		0.383743
200.9		0.383743
201		0.383743
201.1		0.383938
201.2		0.383938
201.3		0.383938
201.4		0.383938
201.5		0.383938
201.6		0.383938
201.7		0.383938
201.8		0.383938
201.9		0.383938
202		0.383938
202.1		0.385447
202.2		0.385447
202.3		0.385447
202.4		0.385447
202.5		0.385447
202.6		0.385447
202.7		0.385447
202.8		0.385447
202.9		0.385447
203		0.385447
203.1		0.38861
203.2		0.38861
203.3		0.38861
203.4		0.38861
203.5		0.38861
203.6		0.38861
203.7		0.38861
203.8		0.38861
203.9		0.38861
204		0.38861
204.1		0.394646
204.2		0.394646
204.3		0.394646
204.4		0.394646
204.5		0.394646
204.6		0.394646
204.7		0.394646
204.8		0.394646
204.9		0.394646
205		0.394646
205.1		0.394841
205.2		0.394841
205.3		0.394841
205.4		0.394841
205.5		0.394841
205.6		0.394841
205.7		0.394841
205.8		0.394841
205.9		0.394841
206		0.394841
206.1		0.395084
206.2		0.395084
206.3		0.395084
206.4		0.395084
206.5		0.395084
206.6		0.395084
206.7		0.395084
206.8		0.395084
206.9		0.395084
207		0.395084
207.1		0.39523
207.2		0.39523
207.3		0.39523
207.4		0.39523
207.5		0.39523
207.6		0.39523
207.7		0.39523
207.8		0.39523
207.9		0.39523
208		0.39523
208.1		0.400633
208.2		0.400633
208.3		0.400633
208.4		0.400633
208.5		0.400633
208.6		0.400633
208.7		0.400633
208.8		0.400633
208.9		0.400633
209		0.400633
209.1		0.401558
209.2		0.401558
209.3		0.401558
209.4		0.401558
209.5		0.401558
209.6		0.401558
209.7		0.401558
209.8		0.401558
209.9		0.401558
210		0.401558
210.1		0.40292
210.2		0.40292
210.3		0.40292
210.4		0.40292
210.5		0.40292
210.6		0.40292
210.7		0.40292
210.8		0.40292
210.9		0.40292
211		0.40292
211.1		0.404089
211.2		0.404089
211.3		0.404089
211.4		0.404089
211.5		0.404089
211.6		0.404089
211.7		0.404089
211.8		0.404089
211.9		0.404089
212		0.404089
212.1		0.411682
212.2		0.411682
212.3		0.411682
212.4		0.411682
212.5		0.411682
212.6		0.411682
212.7		0.411682
212.8		0.411682
212.9		0.411682
213		0.411682
213.1		0.411974
213.2		0.411974
213.3		0.411974
213.4		0.411974
213.5		0.411974
213.6		0.411974
213.7		0.411974
213.8		0.411974
213.9		0.411974
214		0.411974
214.1		0.41212
214.2		0.41212
214.3		0.41212
214.4		0.41212
214.5		0.41212
214.6		0.41212
214.7		0.41212
214.8		0.41212
214.9		0.41212
215		0.41212
215.1		0.413045
215.2		0.413045
215.3		0.413045
215.4		0.413045
215.5		0.413045
215.6		0.413045
215.7		0.413045
215.8		0.413045
215.9		0.413045
216		0.413045
216.1		0.421173
216.2		0.421173
216.3		0.421173
216.4		0.421173
216.5		0.421173
216.6		0.421173
216.7		0.421173
216.8		0.421173
216.9		0.421173
217		0.421173
217.1		0.421416
217.2		0.421416
217.3		0.421416
217.4		0.421416
217.5		0.421416
217.6		0.421416
217.7		0.421416
217.8		0.421416
217.9		0.421416
218		0.421416
218.1		0.422779
218.2		0.422779
218.3		0.422779
218.4		0.422779
218.5		0.422779
218.6		0.422779
218.7		0.422779
218.8		0.422779
218.9		0.422779
219		0.422779
219.1		0.426624
219.2		0.426624
219.3		0.426624
219.4		0.426624
219.5		0.426624
219.6		0.426624
219.7		0.426624
219.8		0.426624
219.9		0.426624
220		0.426624
220.1		0.428231
220.2		0.428231
220.3		0.428231
220.4		0.428231
220.5		0.428231
220.6		0.428231
220.7		0.428231
220.8		0.428231
220.9		0.428231
221		0.428231
221.1		0.430713
221.2		0.430713
221.3		0.430713
221.4		0.430713
221.5		0.430713
221.6		0.430713
221.7		0.430713
221.8		0.430713
221.9		0.430713
222		0.430713
222.1		0.43193
222.2		0.43193
222.3		0.43193
222.4		0.43193
222.5		0.43193
222.6		0.43193
222.7		0.43193
222.8		0.43193
222.9		0.43193
223		0.43193
223.1		0.434364
223.2		0.434364
223.3		0.434364
223.4		0.434364
223.5		0.434364
223.6		0.434364
223.7		0.434364
223.8		0.434364
223.9		0.434364
224		0.434364
224.1		0.43451
224.2		0.43451
224.3		0.43451
224.4		0.43451
224.5		0.43451
224.6		0.43451
224.7		0.43451
224.8		0.43451
224.9		0.43451
225		0.43451
225.1		0.437089
225.2		0.437089
225.3		0.437089
225.4		0.437089
225.5		0.437089
225.6		0.437089
225.7		0.437089
225.8		0.437089
225.9		0.437089
226		0.437089
226.1		0.438257
226.2		0.438257
226.3		0.438257
226.4		0.438257
226.5		0.438257
226.6		0.438257
226.7		0.438257
226.8		0.438257
226.9		0.438257
227		0.438257
227.1		0.442103
227.2		0.442103
227.3		0.442103
227.4		0.442103
227.5		0.442103
227.6		0.442103
227.7		0.442103
227.8		0.442103
227.9		0.442103
228		0.442103
228.1		0.442881
228.2		0.442881
228.3		0.442881
228.4		0.442881
228.5		0.442881
228.6		0.442881
228.7		0.442881
228.8		0.442881
228.9		0.442881
229		0.442881
229.1		0.445851
229.2		0.445851
229.3		0.445851
229.4		0.445851
229.5		0.445851
229.6		0.445851
229.7		0.445851
229.8		0.445851
229.9		0.445851
230		0.445851
230.1		0.447505
230.2		0.447505
230.3		0.447505
230.4		0.447505
230.5		0.447505
230.6		0.447505
230.7		0.447505
230.8		0.447505
230.9		0.447505
231		0.447505
231.1		0.44882
231.2		0.44882
231.3		0.44882
231.4		0.44882
231.5		0.44882
231.6		0.44882
231.7		0.44882
231.8		0.44882
231.9		0.44882
232		0.44882
232.1		0.451351
232.2		0.451351
232.3		0.451351
232.4		0.451351
232.5		0.451351
232.6		0.451351
232.7		0.451351
232.8		0.451351
232.9		0.451351
233		0.451351
233.1		0.453541
233.2		0.453541
233.3		0.453541
233.4		0.453541
233.5		0.453541
233.6		0.453541
233.7		0.453541
233.8		0.453541
233.9		0.453541
234		0.453541
234.1		0.457289
234.2		0.457289
234.3		0.457289
234.4		0.457289
234.5		0.457289
234.6		0.457289
234.7		0.457289
234.8		0.457289
234.9		0.457289
235		0.457289
235.1		0.45763
235.2		0.45763
235.3		0.45763
235.4		0.45763
235.5		0.45763
235.6		0.45763
235.7		0.45763
235.8		0.45763
235.9		0.45763
236		0.45763
236.1		0.458311
236.2		0.458311
236.3		0.458311
236.4		0.458311
236.5		0.458311
236.6		0.458311
236.7		0.458311
236.8		0.458311
236.9		0.458311
237		0.458311
237.1		0.464103
237.2		0.464103
237.3		0.464103
237.4		0.464103
237.5		0.464103
237.6		0.464103
237.7		0.464103
237.8		0.464103
237.9		0.464103
238		0.464103
238.1		0.467121
238.2		0.467121
238.3		0.467121
238.4		0.467121
238.5		0.467121
238.6		0.467121
238.7		0.467121
238.8		0.467121
238.9		0.467121
239		0.467121
239.1		0.468192
239.2		0.468192
239.3		0.468192
239.4		0.468192
239.5		0.468192
239.6		0.468192
239.7		0.468192
239.8		0.468192
239.9		0.468192
240		0.468192
240.1		0.468776
240.2		0.468776
240.3		0.468776
240.4		0.468776
240.5		0.468776
240.6		0.468776
240.7		0.468776
240.8		0.468776
240.9		0.468776
241		0.468776
241.1		0.471064
241.2		0.471064
241.3		0.471064
241.4		0.471064
241.5		0.471064
241.6		0.471064
241.7		0.471064
241.8		0.471064
241.9		0.471064
242		0.471064
242.1		0.474665
242.2		0.474665
242.3		0.474665
242.4		0.474665
242.5		0.474665
242.6		0.474665
242.7		0.474665
242.8		0.474665
242.9		0.474665
243		0.474665
243.1		0.476856
243.2		0.476856
243.3		0.476856
243.4		0.476856
243.5		0.476856
243.6		0.476856
243.7		0.476856
243.8		0.476856
243.9		0.476856
244		0.476856
244.1		0.477099
244.2		0.477099
244.3		0.477099
244.4		0.477099
244.5		0.477099
244.6		0.477099
244.7		0.477099
244.8		0.477099
244.9		0.477099
245		0.477099
245.1		0.480409
245.2		0.480409
245.3		0.480409
245.4		0.480409
245.5		0.480409
245.6		0.480409
245.7		0.480409
245.8		0.480409
245.9		0.480409
246		0.480409
246.1		0.483573
246.2		0.483573
246.3		0.483573
246.4		0.483573
246.5		0.483573
246.6		0.483573
246.7		0.483573
246.8		0.483573
246.9		0.483573
247		0.483573
247.1		0.483962
247.2		0.483962
247.3		0.483962
247.4		0.483962
247.5		0.483962
247.6		0.483962
247.7		0.483962
247.8		0.483962
247.9		0.483962
248		0.483962
248.1		0.486785
248.2		0.486785
248.3		0.486785
248.4		0.486785
248.5		0.486785
248.6		0.486785
248.7		0.486785
248.8		0.486785
248.9		0.486785
249		0.486785
249.1		0.487174
249.2		0.487174
249.3		0.487174
249.4		0.487174
249.5		0.487174
249.6		0.487174
249.7		0.487174
249.8		0.487174
249.9		0.487174
250		0.487174
250.1		0.494232
250.2		0.494232
250.3		0.494232
250.4		0.494232
250.5		0.494232
250.6		0.494232
250.7		0.494232
250.8		0.494232
250.9		0.494232
251		0.494232
251.1		0.495449
251.2		0.495449
251.3		0.495449
251.4		0.495449
251.5		0.495449
251.6		0.495449
251.7		0.495449
251.8		0.495449
251.9		0.495449
252		0.495449
252.1		0.49613
252.2		0.49613
252.3		0.49613
252.4		0.49613
252.5		0.49613
252.6		0.49613
252.7		0.49613
252.8		0.49613
252.9		0.49613
253		0.49613
253.1		0.496471
253.2		0.496471
253.3		0.496471
253.4		0.496471
253.5		0.496471
253.6		0.496471
253.7		0.496471
253.8		0.496471
253.9		0.496471
254		0.496471
254.1		0.498321
254.2		0.498321
254.3		0.498321
254.4		0.498321
254.5		0.498321
254.6		0.498321
254.7		0.498321
254.8		0.498321
254.9		0.498321
255		0.498321
255.1		0.502993
255.2		0.502993
255.3		0.502993
255.4		0.502993
255.5		0.502993
255.6		0.502993
255.7		0.502993
255.8		0.502993
255.9		0.502993
256		0.502993
256.1		0.505135
256.2		0.505135
256.3		0.505135
256.4		0.505135
256.5		0.505135
256.6		0.505135
256.7		0.505135
256.8		0.505135
256.9		0.505135
257		0.505135
257.1		0.506595
257.2		0.506595
257.3		0.506595
257.4		0.506595
257.5		0.506595
257.6		0.506595
257.7		0.506595
257.8		0.506595
257.9		0.506595
258		0.506595
258.1		0.507812
258.2		0.507812
258.3		0.507812
258.4		0.507812
258.5		0.507812
258.6		0.507812
258.7		0.507812
258.8		0.507812
258.9		0.507812
259		0.507812
259.1		0.509029
259.2		0.509029
259.3		0.509029
259.4		0.509029
259.5		0.509029
259.6		0.509029
259.7		0.509029
259.8		0.509029
259.9		0.509029
260		0.509029
260.1		0.514237
260.2		0.514237
260.3		0.514237
260.4		0.514237
260.5		0.514237
260.6		0.514237
260.7		0.514237
260.8		0.514237
260.9		0.514237
261		0.514237
261.1		0.514286
261.2		0.514286
261.3		0.514286
261.4		0.514286
261.5		0.514286
261.6		0.514286
261.7		0.514286
261.8		0.514286
261.9		0.514286
262		0.514286
262.1		0.516573
262.2		0.516573
262.3		0.516573
262.4		0.516573
262.5		0.516573
262.6		0.516573
262.7		0.516573
262.8		0.516573
262.9		0.516573
263		0.516573
263.1		0.516573
263.2		0.516573
263.3		0.516573
263.4		0.516573
263.5		0.516573
263.6		0.516573
263.7		0.516573
263.8		0.516573
263.9		0.516573
264		0.516573
264.1		0.523582
264.2		0.523582
264.3		0.523582
264.4		0.523582
264.5		0.523582
264.6		0.523582
264.7		0.523582
264.8		0.523582
264.9		0.523582
265		0.523582
265.1		0.524556
265.2		0.524556
265.3		0.524556
265.4		0.524556
265.5		0.524556
265.6		0.524556
265.7		0.524556
265.8		0.524556
265.9		0.524556
266		0.524556
266.1		0.524702
266.2		0.524702
266.3		0.524702
266.4		0.524702
266.5		0.524702
266.6		0.524702
266.7		0.524702
266.8		0.524702
266.9		0.524702
267		0.524702
267.1		0.526405
267.2		0.526405
267.3		0.526405
267.4		0.526405
267.5		0.526405
267.6		0.526405
267.7		0.526405
267.8		0.526405
267.9		0.526405
268		0.526405
268.1		0.532198
268.2		0.532198
268.3		0.532198
268.4		0.532198
268.5		0.532198
268.6		0.532198
268.7		0.532198
268.8		0.532198
268.9		0.532198
269		0.532198
269.1		0.532587
269.2		0.532587
269.3		0.532587
269.4		0.532587
269.5		0.532587
269.6		0.532587
269.7		0.532587
269.8		0.532587
269.9		0.532587
270		0.532587
270.1		0.532733
270.2		0.532733
270.3		0.532733
270.4		0.532733
270.5		0.532733
270.6		0.532733
270.7		0.532733
270.8		0.532733
270.9		0.532733
271		0.532733
271.1		0.534242
271.2		0.534242
271.3		0.534242
271.4		0.534242
271.5		0.534242
271.6		0.534242
271.7		0.534242
271.8		0.534242
271.9		0.534242
272		0.534242
272.1		0.53799
272.2		0.53799
272.3		0.53799
272.4		0.53799
272.5		0.53799
272.6		0.53799
272.7		0.53799
272.8		0.53799
272.9		0.53799
273		0.53799
273.1		0.538233
273.2		0.538233
273.3		0.538233
273.4		0.538233
273.5		0.538233
273.6		0.538233
273.7		0.538233
273.8		0.538233
273.9		0.538233
274		0.538233
274.1		0.542906
274.2		0.542906
274.3		0.542906
274.4		0.542906
274.5		0.542906
274.6		0.542906
274.7		0.542906
274.8		0.542906
274.9		0.542906
275		0.542906
275.1		0.543198
275.2		0.543198
275.3		0.543198
275.4		0.543198
275.5		0.543198
275.6		0.543198
275.7		0.543198
275.8		0.543198
275.9		0.543198
276		0.543198
276.1		0.544415
276.2		0.544415
276.3		0.544415
276.4		0.544415
276.5		0.544415
276.6		0.544415
276.7		0.544415
276.8		0.544415
276.9		0.544415
277		0.544415
277.1		0.547871
277.2		0.547871
277.3		0.547871
277.4		0.547871
277.5		0.547871
277.6		0.547871
277.7		0.547871
277.8		0.547871
277.9		0.547871
278		0.547871
278.1		0.548163
278.2		0.548163
278.3		0.548163
278.4		0.548163
278.5		0.548163
278.6		0.548163
278.7		0.548163
278.8		0.548163
278.9		0.548163
279		0.548163
279.1		0.549428
279.2		0.549428
279.3		0.549428
279.4		0.549428
279.5		0.549428
279.6		0.549428
279.7		0.549428
279.8		0.549428
279.9		0.549428
280		0.549428
280.1		0.553663
280.2		0.553663
280.3		0.553663
280.4		0.553663
280.5		0.553663
280.6		0.553663
280.7		0.553663
280.8		0.553663
280.9		0.553663
281		0.553663
281.1		0.553711
281.2		0.553711
281.3		0.553711
281.4		0.553711
281.5		0.553711
281.6		0.553711
281.7		0.553711
281.8		0.553711
281.9		0.553711
282		0.553711
282.1		0.556486
282.2		0.556486
282.3		0.556486
282.4		0.556486
282.5		0.556486
282.6		0.556486
282.7		0.556486
282.8		0.556486
282.9		0.556486
283		0.556486
283.1		0.559552
283.2		0.559552
283.3		0.559552
283.4		0.559552
283.5		0.559552
283.6		0.559552
283.7		0.559552
283.8		0.559552
283.9		0.559552
284		0.559552
284.1		0.563154
284.2		0.563154
284.3		0.563154
284.4		0.563154
284.5		0.563154
284.6		0.563154
284.7		0.563154
284.8		0.563154
284.9		0.563154
285		0.563154
285.1		0.564468
285.2		0.564468
285.3		0.564468
285.4		0.564468
285.5		0.564468
285.6		0.564468
285.7		0.564468
285.8		0.564468
285.9		0.564468
286		0.564468
286.1		0.568216
286.2		0.568216
286.3		0.568216
286.4		0.568216
286.5		0.568216
286.6		0.568216
286.7		0.568216
286.8		0.568216
286.9		0.568216
287		0.568216
287.1		0.572256
287.2		0.572256
287.3		0.572256
287.4		0.572256
287.5		0.572256
287.6		0.572256
287.7		0.572256
287.8		0.572256
287.9		0.572256
288		0.572256
288.1		0.572645
288.2		0.572645
288.3		0.572645
288.4		0.572645
288.5		0.572645
288.6		0.572645
288.7		0.572645
288.8		0.572645
288.9		0.572645
289		0.572645
289.1		0.574252
289.2		0.574252
289.3		0.574252
289.4		0.574252
289.5		0.574252
289.6		0.574252
289.7		0.574252
289.8		0.574252
289.9		0.574252
290		0.574252
290.1		0.57761
290.2		0.57761
290.3		0.57761
290.4		0.57761
290.5		0.57761
290.6		0.57761
290.7		0.57761
290.8		0.57761
290.9		0.57761
291		0.57761
291.1		0.58238
291.2		0.58238
291.3		0.58238
291.4		0.58238
291.5		0.58238
291.6		0.58238
291.7		0.58238
291.8		0.58238
291.9		0.58238
292		0.58238
292.1		0.582477
292.2		0.582477
292.3		0.582477
292.4		0.582477
292.5		0.582477
292.6		0.582477
292.7		0.582477
292.8		0.582477
292.9		0.582477
293		0.582477
293.1		0.5835
293.2		0.5835
293.3		0.5835
293.4		0.5835
293.5		0.5835
293.6		0.5835
293.7		0.5835
293.8		0.5835
293.9		0.5835
294		0.5835
294.1		0.585301
294.2		0.585301
294.3		0.585301
294.4		0.585301
294.5		0.585301
294.6		0.585301
294.7		0.585301
294.8		0.585301
294.9		0.585301
295		0.585301
295.1		0.585301
295.2		0.585301
295.3		0.585301
295.4		0.585301
295.5		0.585301
295.6		0.585301
295.7		0.585301
295.8		0.585301
295.9		0.585301
296		0.585301
296.1		0.585301
296.2		0.585301
296.3		0.585301
296.4		0.585301
296.5		0.585301
296.6		0.585301
296.7		0.585301
296.8		0.585301
296.9		0.585301
297		0.585301
297.1		0.589681
297.2		0.589681
297.3		0.589681
297.4		0.589681
297.5		0.589681
297.6		0.589681
297.7		0.589681
297.8		0.589681
297.9		0.589681
298		0.589681
298.1		0.590898
298.2		0.590898
298.3		0.590898
298.4		0.590898
298.5		0.590898
298.6		0.590898
298.7		0.590898
298.8		0.590898
298.9		0.590898
299		0.590898
299.1		0.59231
299.2		0.59231
299.3		0.59231
299.4		0.59231
299.5		0.59231
299.6		0.59231
299.7		0.59231
299.8		0.59231
299.9		0.59231
300		0.59231
300.1		0.593186
300.2		0.593186
300.3		0.593186
300.4		0.593186
300.5		0.593186
300.6		0.593186
300.7		0.593186
300.8		0.593186
300.9		0.593186
301		0.593186
301.1		0.594403
301.2		0.594403
301.3		0.594403
301.4		0.594403
301.5		0.594403
301.6		0.594403
301.7		0.594403
301.8		0.594403
301.9		0.594403
302		0.594403
302.1		0.597518
302.2		0.597518
302.3		0.597518
302.4		0.597518
302.5		0.597518
302.6		0.597518
302.7		0.597518
302.8		0.597518
302.9		0.597518
303		0.597518
303.1		0.599611
303.2		0.599611
303.3		0.599611
303.4		0.599611
303.5		0.599611
303.6		0.599611
303.7		0.599611
303.8		0.599611
303.9		0.599611
304		0.599611
304.1		0.600779
304.2		0.600779
304.3		0.600779
304.4		0.600779
304.5		0.600779
304.6		0.600779
304.7		0.600779
304.8		0.600779
304.9		0.600779
305		0.600779
305.1		0.600925
305.2		0.600925
305.3		0.600925
305.4		0.600925
305.5		0.600925
305.6		0.600925
305.7		0.600925
305.8		0.600925
305.9		0.600925
306		0.600925
306.1		0.605257
306.2		0.605257
306.3		0.605257
306.4		0.605257
306.5		0.605257
306.6		0.605257
306.7		0.605257
306.8		0.605257
306.9		0.605257
307		0.605257
307.1		0.606133
307.2		0.606133
307.3		0.606133
307.4		0.606133
307.5		0.606133
307.6		0.606133
307.7		0.606133
307.8		0.606133
307.9		0.606133
308		0.606133
308.1		0.608226
308.2		0.608226
308.3		0.608226
308.4		0.608226
308.5		0.608226
308.6		0.608226
308.7		0.608226
308.8		0.608226
308.9		0.608226
309		0.608226
309.1		0.609929
309.2		0.609929
309.3		0.609929
309.4		0.609929
309.5		0.609929
309.6		0.609929
309.7		0.609929
309.8		0.609929
309.9		0.609929
310		0.609929
310.1		0.610319
310.2		0.610319
310.3		0.610319
310.4		0.610319
310.5		0.610319
310.6		0.610319
310.7		0.610319
310.8		0.610319
310.9		0.610319
311		0.610319
311.1		0.616452
311.2		0.616452
311.3		0.616452
311.4		0.616452
311.5		0.616452
311.6		0.616452
311.7		0.616452
311.8		0.616452
311.9		0.616452
312		0.616452
312.1		0.616549
312.2		0.616549
312.3		0.616549
312.4		0.616549
312.5		0.616549
312.6		0.616549
312.7		0.616549
312.8		0.616549
312.9		0.616549
313		0.616549
313.1		0.616744
313.2		0.616744
313.3		0.616744
313.4		0.616744
313.5		0.616744
313.6		0.616744
313.7		0.616744
313.8		0.616744
313.9		0.616744
314		0.616744
314.1		0.618837
314.2		0.618837
314.3		0.618837
314.4		0.618837
314.5		0.618837
314.6		0.618837
314.7		0.618837
314.8		0.618837
314.9		0.618837
315		0.618837
315.1		0.620638
315.2		0.620638
315.3		0.620638
315.4		0.620638
315.5		0.620638
315.6		0.620638
315.7		0.620638
315.8		0.620638
315.9		0.620638
316		0.620638
316.1		0.626186
316.2		0.626186
316.3		0.626186
316.4		0.626186
316.5		0.626186
316.6		0.626186
316.7		0.626186
316.8		0.626186
316.9		0.626186
317		0.626186
317.1		0.626576
317.2		0.626576
317.3		0.626576
317.4		0.626576
317.5		0.626576
317.6		0.626576
317.7		0.626576
317.8		0.626576
317.9		0.626576
318		0.626576
318.1		0.628377
318.2		0.628377
318.3		0.628377
318.4		0.628377
318.5		0.628377
318.6		0.628377
318.7		0.628377
318.8		0.628377
318.9		0.628377
319		0.628377
319.1		0.632173
319.2		0.632173
319.3		0.632173
319.4		0.632173
319.5		0.632173
319.6		0.632173
319.7		0.632173
319.8		0.632173
319.9		0.632173
320		0.632173
320.1		0.635045
320.2		0.635045
320.3		0.635045
320.4		0.635045
320.5		0.635045
320.6		0.635045
320.7		0.635045
320.8		0.635045
320.9		0.635045
321		0.635045
321.1		0.635191
321.2		0.635191
321.3		0.635191
321.4		0.635191
321.5		0.635191
321.6		0.635191
321.7		0.635191
321.8		0.635191
321.9		0.635191
322		0.635191
322.1		0.637089
322.2		0.637089
322.3		0.637089
322.4		0.637089
322.5		0.637089
322.6		0.637089
322.7		0.637089
322.8		0.637089
322.9		0.637089
323		0.637089
323.1		0.640691
323.2		0.640691
323.3		0.640691
323.4		0.640691
323.5		0.640691
323.6		0.640691
323.7		0.640691
323.8		0.640691
323.9		0.640691
324		0.640691
324.1		0.641567
324.2		0.641567
324.3		0.641567
324.4		0.641567
324.5		0.641567
324.6		0.641567
324.7		0.641567
324.8		0.641567
324.9		0.641567
325		0.641567
325.1		0.643709
325.2		0.643709
325.3		0.643709
325.4		0.643709
325.5		0.643709
325.6		0.643709
325.7		0.643709
325.8		0.643709
325.9		0.643709
326		0.643709
326.1		0.644098
326.2		0.644098
326.3		0.644098
326.4		0.644098
326.5		0.644098
326.6		0.644098
326.7		0.644098
326.8		0.644098
326.9		0.644098
327		0.644098
327.1		0.644147
327.2		0.644147
327.3		0.644147
327.4		0.644147
327.5		0.644147
327.6		0.644147
327.7		0.644147
327.8		0.644147
327.9		0.644147
328		0.644147
328.1		0.648917
328.2		0.648917
328.3		0.648917
328.4		0.648917
328.5		0.648917
328.6		0.648917
328.7		0.648917
328.8		0.648917
328.9		0.648917
329		0.648917
329.1		0.652519
329.2		0.652519
329.3		0.652519
329.4		0.652519
329.5		0.652519
329.6		0.652519
329.7		0.652519
329.8		0.652519
329.9		0.652519
330		0.652519
330.1		0.652811
330.2		0.652811
330.3		0.652811
330.4		0.652811
330.5		0.652811
330.6		0.652811
330.7		0.652811
330.8		0.652811
330.9		0.652811
331		0.652811
331.1		0.657046
331.2		0.657046
331.3		0.657046
331.4		0.657046
331.5		0.657046
331.6		0.657046
331.7		0.657046
331.8		0.657046
331.9		0.657046
332		0.657046
332.1		0.659284
332.2		0.659284
332.3		0.659284
332.4		0.659284
332.5		0.659284
332.6		0.659284
332.7		0.659284
332.8		0.659284
332.9		0.659284
333		0.659284
333.1		0.66167
333.2		0.66167
333.3		0.66167
333.4		0.66167
333.5		0.66167
333.6		0.66167
333.7		0.66167
333.8		0.66167
333.9		0.66167
334		0.66167
334.1		0.662156
334.2		0.662156
334.3		0.662156
334.4		0.662156
334.5		0.662156
334.6		0.662156
334.7		0.662156
334.8		0.662156
334.9		0.662156
335		0.662156
335.1		0.664395
335.2		0.664395
335.3		0.664395
335.4		0.664395
335.5		0.664395
335.6		0.664395
335.7		0.664395
335.8		0.664395
335.9		0.664395
336		0.664395
336.1		0.665709
336.2		0.665709
336.3		0.665709
336.4		0.665709
336.5		0.665709
336.6		0.665709
336.7		0.665709
336.8		0.665709
336.9		0.665709
337		0.665709
337.1		0.666926
337.2		0.666926
337.3		0.666926
337.4		0.666926
337.5		0.666926
337.6		0.666926
337.7		0.666926
337.8		0.666926
337.9		0.666926
338		0.666926
338.1		0.669895
338.2		0.669895
338.3		0.669895
338.4		0.669895
338.5		0.669895
338.6		0.669895
338.7		0.669895
338.8		0.669895
338.9		0.669895
339		0.669895
339.1		0.670139
339.2		0.670139
339.3		0.670139
339.4		0.670139
339.5		0.670139
339.6		0.670139
339.7		0.670139
339.8		0.670139
339.9		0.670139
340		0.670139
340.1		0.674519
340.2		0.674519
340.3		0.674519
340.4		0.674519
340.5		0.674519
340.6		0.674519
340.7		0.674519
340.8		0.674519
340.9		0.674519
341		0.674519
341.1		0.677196
341.2		0.677196
341.3		0.677196
341.4		0.677196
341.5		0.677196
341.6		0.677196
341.7		0.677196
341.8		0.677196
341.9		0.677196
342		0.677196
342.1		0.682404
342.2		0.682404
342.3		0.682404
342.4		0.682404
342.5		0.682404
342.6		0.682404
342.7		0.682404
342.8		0.682404
342.9		0.682404
343		0.682404
343.1		0.683086
343.2		0.683086
343.3		0.683086
343.4		0.683086
343.5		0.683086
343.6		0.683086
343.7		0.683086
343.8		0.683086
343.9		0.683086
344		0.683086
344.1		0.685082
344.2		0.685082
344.3		0.685082
344.4		0.685082
344.5		0.685082
344.6		0.685082
344.7		0.685082
344.8		0.685082
344.9		0.685082
345		0.685082
345.1		0.688343
345.2		0.688343
345.3		0.688343
345.4		0.688343
345.5		0.688343
345.6		0.688343
345.7		0.688343
345.8		0.688343
345.9		0.688343
346		0.688343
346.1		0.691068
346.2		0.691068
346.3		0.691068
346.4		0.691068
346.5		0.691068
346.6		0.691068
346.7		0.691068
346.8		0.691068
346.9		0.691068
347		0.691068
347.1		0.691896
347.2		0.691896
347.3		0.691896
347.4		0.691896
347.5		0.691896
347.6		0.691896
347.7		0.691896
347.8		0.691896
347.9		0.691896
348		0.691896
348.1		0.696033
348.2		0.696033
348.3		0.696033
348.4		0.696033
348.5		0.696033
348.6		0.696033
348.7		0.696033
348.8		0.696033
348.9		0.696033
349		0.696033
349.1		0.698029
349.2		0.698029
349.3		0.698029
349.4		0.698029
349.5		0.698029
349.6		0.698029
349.7		0.698029
349.8		0.698029
349.9		0.698029
350		0.698029
350.1		0.699197
350.2		0.699197
350.3		0.699197
350.4		0.699197
350.5		0.699197
350.6		0.699197
350.7		0.699197
350.8		0.699197
350.9		0.699197
351		0.699197
351.1		0.703772
351.2		0.703772
351.3		0.703772
351.4		0.703772
351.5		0.703772
351.6		0.703772
351.7		0.703772
351.8		0.703772
351.9		0.703772
352		0.703772
352.1		0.703772
352.2		0.703772
352.3		0.703772
352.4		0.703772
352.5		0.703772
352.6		0.703772
352.7		0.703772
352.8		0.703772
352.9		0.703772
353		0.703772
353.1		0.704794
353.2		0.704794
353.3		0.704794
353.4		0.704794
353.5		0.704794
353.6		0.704794
353.7		0.704794
353.8		0.704794
353.9		0.704794
354		0.704794
354.1		0.704892
354.2		0.704892
354.3		0.704892
354.4		0.704892
354.5		0.704892
354.6		0.704892
354.7		0.704892
354.8		0.704892
354.9		0.704892
355		0.704892
355.1		0.70494
355.2		0.70494
355.3		0.70494
355.4		0.70494
355.5		0.70494
355.6		0.70494
355.7		0.70494
355.8		0.70494
355.9		0.70494
356		0.70494
356.1		0.710781
356.2		0.710781
356.3		0.710781
356.4		0.710781
356.5		0.710781
356.6		0.710781
356.7		0.710781
356.8		0.710781
356.9		0.710781
357		0.710781
357.1		0.712193
357.2		0.712193
357.3		0.712193
357.4		0.712193
357.5		0.712193
357.6		0.712193
357.7		0.712193
357.8		0.712193
357.9		0.712193
358		0.712193
358.1		0.712193
358.2		0.712193
358.3		0.712193
358.4		0.712193
358.5		0.712193
358.6		0.712193
358.7		0.712193
358.8		0.712193
358.9		0.712193
359		0.712193
359.1		0.71341
359.2		0.71341
359.3		0.71341
359.4		0.71341
359.5		0.71341
359.6		0.71341
359.7		0.71341
359.8		0.71341
359.9		0.71341
360		0.71341
360.1		0.716184
360.2		0.716184
360.3		0.716184
360.4		0.716184
360.5		0.716184
360.6		0.716184
360.7		0.716184
360.8		0.716184
360.9		0.716184
361		0.716184
361.1		0.716476
361.2		0.716476
361.3		0.716476
361.4		0.716476
361.5		0.716476
361.6		0.716476
361.7		0.716476
361.8		0.716476
361.9		0.716476
362		0.716476
362.1		0.72183
362.2		0.72183
362.3		0.72183
362.4		0.72183
362.5		0.72183
362.6		0.72183
362.7		0.72183
362.8		0.72183
362.9		0.72183
363		0.72183
363.1		0.723242
363.2		0.723242
363.3		0.723242
363.4		0.723242
363.5		0.723242
363.6		0.723242
363.7		0.723242
363.8		0.723242
363.9		0.723242
364		0.723242
364.1		0.724118
364.2		0.724118
364.3		0.724118
364.4		0.724118
364.5		0.724118
364.6		0.724118
364.7		0.724118
364.8		0.724118
364.9		0.724118
365		0.724118
365.1		0.725724
365.2		0.725724
365.3		0.725724
365.4		0.725724
365.5		0.725724
365.6		0.725724
365.7		0.725724
365.8		0.725724
365.9		0.725724
366		0.725724
366.1		0.730056
366.2		0.730056
366.3		0.730056
366.4		0.730056
366.5		0.730056
366.6		0.730056
366.7		0.730056
366.8		0.730056
366.9		0.730056
367		0.730056
367.1		0.73283
367.2		0.73283
367.3		0.73283
367.4		0.73283
367.5		0.73283
367.6		0.73283
367.7		0.73283
367.8		0.73283
367.9		0.73283
368		0.73283
368.1		0.73356
368.2		0.73356
368.3		0.73356
368.4		0.73356
368.5		0.73356
368.6		0.73356
368.7		0.73356
368.8		0.73356
368.9		0.73356
369		0.73356
369.1		0.734096
369.2		0.734096
369.3		0.734096
369.4		0.734096
369.5		0.734096
369.6		0.734096
369.7		0.734096
369.8		0.734096
369.9		0.734096
370		0.734096
370.1		0.736822
370.2		0.736822
370.3		0.736822
370.4		0.736822
370.5		0.736822
370.6		0.736822
370.7		0.736822
370.8		0.736822
370.9		0.736822
371		0.736822
371.1		0.737649
371.2		0.737649
371.3		0.737649
371.4		0.737649
371.5		0.737649
371.6		0.737649
371.7		0.737649
371.8		0.737649
371.9		0.737649
372		0.737649
372.1		0.741202
372.2		0.741202
372.3		0.741202
372.4		0.741202
372.5		0.741202
372.6		0.741202
372.7		0.741202
372.8		0.741202
372.9		0.741202
373		0.741202
373.1		0.746605
373.2		0.746605
373.3		0.746605
373.4		0.746605
373.5		0.746605
373.6		0.746605
373.7		0.746605
373.8		0.746605
373.9		0.746605
374		0.746605
374.1		0.747286
374.2		0.747286
374.3		0.747286
374.4		0.747286
374.5		0.747286
374.6		0.747286
374.7		0.747286
374.8		0.747286
374.9		0.747286
375		0.747286
375.1		0.748357
375.2		0.748357
375.3		0.748357
375.4		0.748357
375.5		0.748357
375.6		0.748357
375.7		0.748357
375.8		0.748357
375.9		0.748357
376		0.748357
376.1		0.748795
376.2		0.748795
376.3		0.748795
376.4		0.748795
376.5		0.748795
376.6		0.748795
376.7		0.748795
376.8		0.748795
376.9		0.748795
377		0.748795
377.1		0.749477
377.2		0.749477
377.3		0.749477
377.4		0.749477
377.5		0.749477
377.6		0.749477
377.7		0.749477
377.8		0.749477
377.9		0.749477
378		0.749477
378.1		0.753176
378.2		0.753176
378.3		0.753176
378.4		0.753176
378.5		0.753176
378.6		0.753176
378.7		0.753176
378.8		0.753176
378.9		0.753176
379		0.753176
379.1		0.755999
379.2		0.755999
379.3		0.755999
379.4		0.755999
379.5		0.755999
379.6		0.755999
379.7		0.755999
379.8		0.755999
379.9		0.755999
380		0.755999
380.1		0.759504
380.2		0.759504
380.3		0.759504
380.4		0.759504
380.5		0.759504
380.6		0.759504
380.7		0.759504
380.8		0.759504
380.9		0.759504
381		0.759504
381.1		0.761694
381.2		0.761694
381.3		0.761694
381.4		0.761694
381.5		0.761694
381.6		0.761694
381.7		0.761694
381.8		0.761694
381.9		0.761694
382		0.761694
382.1		0.761937
382.2		0.761937
382.3		0.761937
382.4		0.761937
382.5		0.761937
382.6		0.761937
382.7		0.761937
382.8		0.761937
382.9		0.761937
383		0.761937
383.1		0.765296
383.2		0.765296
383.3		0.765296
383.4		0.765296
383.5		0.765296
383.6		0.765296
383.7		0.765296
383.8		0.765296
383.9		0.765296
384		0.765296
384.1		0.765734
384.2		0.765734
384.3		0.765734
384.4		0.765734
384.5		0.765734
384.6		0.765734
384.7		0.765734
384.8		0.765734
384.9		0.765734
385		0.765734
385.1		0.768703
385.2		0.768703
385.3		0.768703
385.4		0.768703
385.5		0.768703
385.6		0.768703
385.7		0.768703
385.8		0.768703
385.9		0.768703
386		0.768703
386.1		0.769384
386.2		0.769384
386.3		0.769384
386.4		0.769384
386.5		0.769384
386.6		0.769384
386.7		0.769384
386.8		0.769384
386.9		0.769384
387		0.769384
387.1		0.772305
387.2		0.772305
387.3		0.772305
387.4		0.772305
387.5		0.772305
387.6		0.772305
387.7		0.772305
387.8		0.772305
387.9		0.772305
388		0.772305
388.1		0.774544
388.2		0.774544
388.3		0.774544
388.4		0.774544
388.5		0.774544
388.6		0.774544
388.7		0.774544
388.8		0.774544
388.9		0.774544
389		0.774544
389.1		0.775566
389.2		0.775566
389.3		0.775566
389.4		0.775566
389.5		0.775566
389.6		0.775566
389.7		0.775566
389.8		0.775566
389.9		0.775566
390		0.775566
390.1		0.776491
390.2		0.776491
390.3		0.776491
390.4		0.776491
390.5		0.776491
390.6		0.776491
390.7		0.776491
390.8		0.776491
390.9		0.776491
391		0.776491
391.1		0.778827
391.2		0.778827
391.3		0.778827
391.4		0.778827
391.5		0.778827
391.6		0.778827
391.7		0.778827
391.8		0.778827
391.9		0.778827
392		0.778827
392.1		0.784376
392.2		0.784376
392.3		0.784376
392.4		0.784376
392.5		0.784376
392.6		0.784376
392.7		0.784376
392.8		0.784376
392.9		0.784376
393		0.784376
393.1		0.784668
393.2		0.784668
393.3		0.784668
393.4		0.784668
393.5		0.784668
393.6		0.784668
393.7		0.784668
393.8		0.784668
393.9		0.784668
394		0.784668
394.1		0.786128
394.2		0.786128
394.3		0.786128
394.4		0.786128
394.5		0.786128
394.6		0.786128
394.7		0.786128
394.8		0.786128
394.9		0.786128
395		0.786128
395.1		0.786469
395.2		0.786469
395.3		0.786469
395.4		0.786469
395.5		0.786469
395.6		0.786469
395.7		0.786469
395.8		0.786469
395.9		0.786469
396		0.786469
396.1		0.793867
396.2		0.793867
396.3		0.793867
396.4		0.793867
396.5		0.793867
396.6		0.793867
396.7		0.793867
396.8		0.793867
396.9		0.793867
397		0.793867
397.1		0.794403
397.2		0.794403
397.3		0.794403
397.4		0.794403
397.5		0.794403
397.6		0.794403
397.7		0.794403
397.8		0.794403
397.9		0.794403
398		0.794403
398.1		0.795717
398.2		0.795717
398.3		0.795717
398.4		0.795717
398.5		0.795717
398.6		0.795717
398.7		0.795717
398.8		0.795717
398.9		0.795717
399		0.795717
399.1		0.79708
399.2		0.79708
399.3		0.79708
399.4		0.79708
399.5		0.79708
399.6		0.79708
399.7		0.79708
399.8		0.79708
399.9		0.79708
400		0.79708
400.1		0.801752
400.2		0.801752
400.3		0.801752
400.4		0.801752
400.5		0.801752
400.6		0.801752
400.7		0.801752
400.8		0.801752
400.9		0.801752
401		0.801752
401.1		0.803553
401.2		0.803553
401.3		0.803553
401.4		0.803553
401.5		0.803553
401.6		0.803553
401.7		0.803553
401.8		0.803553
401.9		0.803553
402		0.803553
402.1		0.805451
402.2		0.805451
402.3		0.805451
402.4		0.805451
402.5		0.805451
402.6		0.805451
402.7		0.805451
402.8		0.805451
402.9		0.805451
403		0.805451
403.1		0.806668
403.2		0.806668
403.3		0.806668
403.4		0.806668
403.5		0.806668
403.6		0.806668
403.7		0.806668
403.8		0.806668
403.9		0.806668
404		0.806668
404.1		0.811487
404.2		0.811487
404.3		0.811487
404.4		0.811487
404.5		0.811487
404.6		0.811487
404.7		0.811487
404.8		0.811487
404.9		0.811487
405		0.811487
405.1		0.812558
405.2		0.812558
405.3		0.812558
405.4		0.812558
405.5		0.812558
405.6		0.812558
405.7		0.812558
405.8		0.812558
405.9		0.812558
406		0.812558
406.1		0.813531
406.2		0.813531
406.3		0.813531
406.4		0.813531
406.5		0.813531
406.6		0.813531
406.7		0.813531
406.8		0.813531
406.9		0.813531
407		0.813531
407.1		0.814748
407.2		0.814748
407.3		0.814748
407.4		0.814748
407.5		0.814748
407.6		0.814748
407.7		0.814748
407.8		0.814748
407.9		0.814748
408		0.814748
408.1		0.817474
408.2		0.817474
408.3		0.817474
408.4		0.817474
408.5		0.817474
408.6		0.817474
408.7		0.817474
408.8		0.817474
408.9		0.817474
409		0.817474
409.1		0.820978
409.2		0.820978
409.3		0.820978
409.4		0.820978
409.5		0.820978
409.6		0.820978
409.7		0.820978
409.8		0.820978
409.9		0.820978
410		0.820978
410.1		0.822341
410.2		0.822341
410.3		0.822341
410.4		0.822341
410.5		0.822341
410.6		0.822341
410.7		0.822341
410.8		0.822341
410.9		0.822341
411		0.822341
411.1		0.822487
411.2		0.822487
411.3		0.822487
411.4		0.822487
411.5		0.822487
411.6		0.822487
411.7		0.822487
411.8		0.822487
411.9		0.822487
412		0.822487
412.1		0.825359
412.2		0.825359
412.3		0.825359
412.4		0.825359
412.5		0.825359
412.6		0.825359
412.7		0.825359
412.8		0.825359
412.9		0.825359
413		0.825359
413.1		0.828279
413.2		0.828279
413.3		0.828279
413.4		0.828279
413.5		0.828279
413.6		0.828279
413.7		0.828279
413.8		0.828279
413.9		0.828279
414		0.828279
414.1		0.828766
414.2		0.828766
414.3		0.828766
414.4		0.828766
414.5		0.828766
414.6		0.828766
414.7		0.828766
414.8		0.828766
414.9		0.828766
415		0.828766
415.1		0.833682
415.2		0.833682
415.3		0.833682
415.4		0.833682
415.5		0.833682
415.6		0.833682
415.7		0.833682
415.8		0.833682
415.9		0.833682
416		0.833682
416.1		0.834266
416.2		0.834266
416.3		0.834266
416.4		0.834266
416.5		0.834266
416.6		0.834266
416.7		0.834266
416.8		0.834266
416.9		0.834266
417		0.834266
417.1		0.83743
417.2		0.83743
417.3		0.83743
417.4		0.83743
417.5		0.83743
417.6		0.83743
417.7		0.83743
417.8		0.83743
417.9		0.83743
418		0.83743
418.1		0.840545
418.2		0.840545
418.3		0.840545
418.4		0.840545
418.5		0.840545
418.6		0.840545
418.7		0.840545
418.8		0.840545
418.9		0.840545
419		0.840545
419.1		0.840935
419.2		0.840935
419.3		0.840935
419.4		0.840935
419.5		0.840935
419.6		0.840935
419.7		0.840935
419.8		0.840935
419.9		0.840935
420		0.840935
420.1		0.841811
420.2		0.841811
420.3		0.841811
420.4		0.841811
420.5		0.841811
420.6		0.841811
420.7		0.841811
420.8		0.841811
420.9		0.841811
421		0.841811
421.1		0.843758
421.2		0.843758
421.3		0.843758
421.4		0.843758
421.5		0.843758
421.6		0.843758
421.7		0.843758
421.8		0.843758
421.9		0.843758
422		0.843758
422.1		0.847408
422.2		0.847408
422.3		0.847408
422.4		0.847408
422.5		0.847408
422.6		0.847408
422.7		0.847408
422.8		0.847408
422.9		0.847408
423		0.847408
423.1		0.847749
423.2		0.847749
423.3		0.847749
423.4		0.847749
423.5		0.847749
423.6		0.847749
423.7		0.847749
423.8		0.847749
423.9		0.847749
424		0.847749
424.1		0.853298
424.2		0.853298
424.3		0.853298
424.4		0.853298
424.5		0.853298
424.6		0.853298
424.7		0.853298
424.8		0.853298
424.9		0.853298
425		0.853298
425.1		0.853833
425.2		0.853833
425.3		0.853833
425.4		0.853833
425.5		0.853833
425.6		0.853833
425.7		0.853833
425.8		0.853833
425.9		0.853833
426		0.853833
426.1		0.859333
426.2		0.859333
426.3		0.859333
426.4		0.859333
426.5		0.859333
426.6		0.859333
426.7		0.859333
426.8		0.859333
426.9		0.859333
427		0.859333
427.1		0.859674
427.2		0.859674
427.3		0.859674
427.4		0.859674
427.5		0.859674
427.6		0.859674
427.7		0.859674
427.8		0.859674
427.9		0.859674
428		0.859674
428.1		0.859723
428.2		0.859723
428.3		0.859723
428.4		0.859723
428.5		0.859723
428.6		0.859723
428.7		0.859723
428.8		0.859723
428.9		0.859723
429		0.859723
429.1		0.860842
429.2		0.860842
429.3		0.860842
429.4		0.860842
429.5		0.860842
429.6		0.860842
429.7		0.860842
429.8		0.860842
429.9		0.860842
430		0.860842
430.1		0.866975
430.2		0.866975
430.3		0.866975
430.4		0.866975
430.5		0.866975
430.6		0.866975
430.7		0.866975
430.8		0.866975
430.9		0.866975
431		0.866975
431.1		0.868581
431.2		0.868581
431.3		0.868581
431.4		0.868581
431.5		0.868581
431.6		0.868581
431.7		0.868581
431.8		0.868581
431.9		0.868581
432		0.868581
432.1		0.869117
432.2		0.869117
432.3		0.869117
432.4		0.869117
432.5		0.869117
432.6		0.869117
432.7		0.869117
432.8		0.869117
432.9		0.869117
433		0.869117
433.1		0.869798
433.2		0.869798
433.3		0.869798
433.4		0.869798
433.5		0.869798
433.6		0.869798
433.7		0.869798
433.8		0.869798
433.9		0.869798
434		0.869798
434.1		0.87267
434.2		0.87267
434.3		0.87267
434.4		0.87267
434.5		0.87267
434.6		0.87267
434.7		0.87267
434.8		0.87267
434.9		0.87267
435		0.87267
435.1		0.874276
435.2		0.874276
435.3		0.874276
435.4		0.874276
435.5		0.874276
435.6		0.874276
435.7		0.874276
435.8		0.874276
435.9		0.874276
436		0.874276
436.1		0.876661
436.2		0.876661
436.3		0.876661
436.4		0.876661
436.5		0.876661
436.6		0.876661
436.7		0.876661
436.8		0.876661
436.9		0.876661
437		0.876661
437.1		0.879338
437.2		0.879338
437.3		0.879338
437.4		0.879338
437.5		0.879338
437.6		0.879338
437.7		0.879338
437.8		0.879338
437.9		0.879338
438		0.879338
438.1		0.87963
438.2		0.87963
438.3		0.87963
438.4		0.87963
438.5		0.87963
438.6		0.87963
438.7		0.87963
438.8		0.87963
438.9		0.87963
439		0.87963
439.1		0.883183
439.2		0.883183
439.3		0.883183
439.4		0.883183
439.5		0.883183
439.6		0.883183
439.7		0.883183
439.8		0.883183
439.9		0.883183
440		0.883183
440.1		0.884205
440.2		0.884205
440.3		0.884205
440.4		0.884205
440.5		0.884205
440.6		0.884205
440.7		0.884205
440.8		0.884205
440.9		0.884205
441		0.884205
441.1		0.885617
441.2		0.885617
441.3		0.885617
441.4		0.885617
441.5		0.885617
441.6		0.885617
441.7		0.885617
441.8		0.885617
441.9		0.885617
442		0.885617
442.1		0.889657
442.2		0.889657
442.3		0.889657
442.4		0.889657
442.5		0.889657
442.6		0.889657
442.7		0.889657
442.8		0.889657
442.9		0.889657
443		0.889657
443.1		0.892334
443.2		0.892334
443.3		0.892334
443.4		0.892334
443.5		0.892334
443.6		0.892334
443.7		0.892334
443.8		0.892334
443.9		0.892334
444		0.892334
444.1		0.892529
444.2		0.892529
444.3		0.892529
444.4		0.892529
444.5		0.892529
444.6		0.892529
444.7		0.892529
444.8		0.892529
444.9		0.892529
445		0.892529
445.1		0.896228
445.2		0.896228
445.3		0.896228
445.4		0.896228
445.5		0.896228
445.6		0.896228
445.7		0.896228
445.8		0.896228
445.9		0.896228
446		0.896228
446.1		0.897883
446.2		0.897883
446.3		0.897883
446.4		0.897883
446.5		0.897883
446.6		0.897883
446.7		0.897883
446.8		0.897883
446.9		0.897883
447		0.897883
447.1		0.899392
447.2		0.899392
447.3		0.899392
447.4		0.899392
447.5		0.899392
447.6		0.899392
447.7		0.899392
447.8		0.899392
447.9		0.899392
448		0.899392
448.1		0.901631
448.2		0.901631
448.3		0.901631
448.4		0.901631
448.5		0.901631
448.6		0.901631
448.7		0.901631
448.8		0.901631
448.9		0.901631
449		0.901631
449.1		0.903139
449.2		0.903139
449.3		0.903139
449.4		0.903139
449.5		0.903139
449.6		0.903139
449.7		0.903139
449.8		0.903139
449.9		0.903139
450		0.903139
450.1		0.903724
450.2		0.903724
450.3		0.903724
450.4		0.903724
450.5		0.903724
450.6		0.903724
450.7		0.903724
450.8		0.903724
450.9		0.903724
451		0.903724
451.1		0.906011
451.2		0.906011
451.3		0.906011
451.4		0.906011
451.5		0.906011
451.6		0.906011
451.7		0.906011
451.8		0.906011
451.9		0.906011
452		0.906011
452.1		0.907228
452.2		0.907228
452.3		0.907228
452.4		0.907228
452.5		0.907228
452.6		0.907228
452.7		0.907228
452.8		0.907228
452.9		0.907228
453		0.907228
453.1		0.913361
453.2		0.913361
453.3		0.913361
453.4		0.913361
453.5		0.913361
453.6		0.913361
453.7		0.913361
453.8		0.913361
453.9		0.913361
454		0.913361
454.1		0.914626
454.2		0.914626
454.3		0.914626
454.4		0.914626
454.5		0.914626
454.6		0.914626
454.7		0.914626
454.8		0.914626
454.9		0.914626
455		0.914626
455.1		0.916087
455.2		0.916087
455.3		0.916087
455.4		0.916087
455.5		0.916087
455.6		0.916087
455.7		0.916087
455.8		0.916087
455.9		0.916087
456		0.916087
456.1		0.918812
456.2		0.918812
456.3		0.918812
456.4		0.918812
456.5		0.918812
456.6		0.918812
456.7		0.918812
456.8		0.918812
456.9		0.918812
457		0.918812
457.1		0.91925
457.2		0.91925
457.3		0.91925
457.4		0.91925
457.5		0.91925
457.6		0.91925
457.7		0.91925
457.8		0.91925
457.9		0.91925
458		0.91925
458.1		0.920467
458.2		0.920467
458.3		0.920467
458.4		0.920467
458.5		0.920467
458.6		0.920467
458.7		0.920467
458.8		0.920467
458.9		0.920467
459		0.920467
459.1		0.92514
459.2		0.92514
459.3		0.92514
459.4		0.92514
459.5		0.92514
459.6		0.92514
459.7		0.92514
459.8		0.92514
459.9		0.92514
460		0.92514
460.1		0.925481
460.2		0.925481
460.3		0.925481
460.4		0.925481
460.5		0.925481
460.6		0.925481
460.7		0.925481
460.8		0.925481
460.9		0.925481
461		0.925481
461.1		0.929959
461.2		0.929959
461.3		0.929959
461.4		0.929959
461.5		0.929959
461.6		0.929959
461.7		0.929959
461.8		0.929959
461.9		0.929959
462		0.929959
462.1		0.930007
462.2		0.930007
462.3		0.930007
462.4		0.930007
462.5		0.930007
462.6		0.930007
462.7		0.930007
462.8		0.930007
462.9		0.930007
463		0.930007
463.1		0.930153
463.2		0.930153
463.3		0.930153
463.4		0.930153
463.5		0.930153
463.6		0.930153
463.7		0.930153
463.8		0.930153
463.9		0.930153
464		0.930153
464.1		0.935167
464.2		0.935167
464.3		0.935167
464.4		0.935167
464.5		0.935167
464.6		0.935167
464.7		0.935167
464.8		0.935167
464.9		0.935167
465		0.935167
465.1		0.937503
465.2		0.937503
465.3		0.937503
465.4		0.937503
465.5		0.937503
465.6		0.937503
465.7		0.937503
465.8		0.937503
465.9		0.937503
466		0.937503
466.1		0.937795
466.2		0.937795
466.3		0.937795
466.4		0.937795
466.5		0.937795
466.6		0.937795
466.7		0.937795
466.8		0.937795
466.9		0.937795
467		0.937795
467.1		0.939888
467.2		0.939888
467.3		0.939888
467.4		0.939888
467.5		0.939888
467.6		0.939888
467.7		0.939888
467.8		0.939888
467.9		0.939888
468		0.939888
468.1		0.946021
468.2		0.946021
468.3		0.946021
468.4		0.946021
468.5		0.946021
468.6		0.946021
468.7		0.946021
468.8		0.946021
468.9		0.946021
469		0.946021
469.1		0.946946
469.2		0.946946
469.3		0.946946
469.4		0.946946
469.5		0.946946
469.6		0.946946
469.7		0.946946
469.8		0.946946
469.9		0.946946
470		0.946946
470.1		0.947092
470.2		0.947092
470.3		0.947092
470.4		0.947092
470.5		0.947092
470.6		0.947092
470.7		0.947092
470.8		0.947092
470.9		0.947092
471		0.947092
471.1		0.949233
471.2		0.949233
471.3		0.949233
471.4		0.949233
471.5		0.949233
471.6		0.949233
471.7		0.949233
471.8		0.949233
471.9		0.949233
472		0.949233
472.1		0.952397
472.2		0.952397
472.3		0.952397
472.4		0.952397
472.5		0.952397
472.6		0.952397
472.7		0.952397
472.8		0.952397
472.9		0.952397
473		0.952397
473.1		0.953371
473.2		0.953371
473.3		0.953371
473.4		0.953371
473.5		0.953371
473.6		0.953371
473.7		0.953371
473.8		0.953371
473.9		0.953371
474		0.953371
474.1		0.956388
474.2		0.956388
474.3		0.956388
474.4		0.956388
474.5		0.956388
474.6		0.956388
474.7		0.956388
474.8		0.956388
474.9		0.956388
475		0.956388
475.1		0.958968
475.2		0.958968
475.3		0.958968
475.4		0.958968
475.5		0.958968
475.6		0.958968
475.7		0.958968
475.8		0.958968
475.9		0.958968
476		0.958968
476.1		0.962375
476.2		0.962375
476.3		0.962375
476.4		0.962375
476.5		0.962375
476.6		0.962375
476.7		0.962375
476.8		0.962375
476.9		0.962375
477		0.962375
477.1		0.963592
477.2		0.963592
477.3		0.963592
477.4		0.963592
477.5		0.963592
477.6		0.963592
477.7		0.963592
477.8		0.963592
477.9		0.963592
478		0.963592
478.1		0.964371
478.2		0.964371
478.3		0.964371
478.4		0.964371
478.5		0.964371
478.6		0.964371
478.7		0.964371
478.8		0.964371
478.9		0.964371
479		0.964371
479.1		0.964906
479.2		0.964906
479.3		0.964906
479.4		0.964906
479.5		0.964906
479.6		0.964906
479.7		0.964906
479.8		0.964906
479.9		0.964906
480		0.964906
480.1		0.972256
480.2		0.972256
480.3		0.972256
480.4		0.972256
480.5		0.972256
480.6		0.972256
480.7		0.972256
480.8		0.972256
480.9		0.972256
481		0.972256
481.1		0.973083
481.2		0.973083
481.3		0.973083
481.4		0.973083
481.5		0.973083
481.6		0.973083
481.7		0.973083
481.8		0.973083
481.9		0.973083
482		0.973083
482.1		0.973473
482.2		0.973473
482.3		0.973473
482.4		0.973473
482.5		0.973473
482.6		0.973473
482.7		0.973473
482.8		0.973473
482.9		0.973473
483		0.973473
483.1		0.97503
483.2		0.97503
483.3		0.97503
483.4		0.97503
483.5		0.97503
483.6		0.97503
483.7		0.97503
483.8		0.97503
483.9		0.97503
484		0.97503
484.1		0.98092
484.2		0.98092
484.3		0.98092
484.4		0.98092
484.5		0.98092
484.6		0.98092
484.7		0.98092
484.8		0.98092
484.9		0.98092
485		0.98092
485.1		0.981261
485.2		0.981261
485.3		0.981261
485.4		0.981261
485.5		0.981261
485.6		0.981261
485.7		0.981261
485.8		0.981261
485.9		0.981261
486		0.981261
486.1		0.981747
486.2		0.981747
486.3		0.981747
486.4		0.981747
486.5		0.981747
486.6		0.981747
486.7		0.981747
486.8		0.981747
486.9		0.981747
487		0.981747
487.1		0.982477
487.2		0.982477
487.3		0.982477
487.4		0.982477
487.5		0.982477
487.6		0.982477
487.7		0.982477
487.8		0.982477
487.9		0.982477
488		0.982477
488.1		0.987394
488.2		0.987394
488.3		0.987394
488.4		0.987394
488.5		0.987394
488.6		0.987394
488.7		0.987394
488.8		0.987394
488.9		0.987394
489		0.987394
489.1		0.988367
489.2		0.988367
489.3		0.988367
489.4		0.988367
489.5		0.988367
489.6		0.988367
489.7		0.988367
489.8		0.988367
489.9		0.988367
490		0.988367
490.1		0.990606
490.2		0.990606
490.3		0.990606
490.4		0.990606
490.5		0.990606
490.6		0.990606
490.7		0.990606
490.8		0.990606
490.9		0.990606
491		0.990606
491.1		0.991141
491.2		0.991141
491.3		0.991141
491.4		0.991141
491.5		0.991141
491.6		0.991141
491.7		0.991141
491.8		0.991141
491.9		0.991141
492		0.991141
492.1		0.994597
492.2		0.994597
492.3		0.994597
492.4		0.994597
492.5		0.994597
492.6		0.994597
492.7		0.994597
492.8		0.994597
492.9		0.994597
493		0.994597
493.1		0.997761
493.2		0.997761
493.3		0.997761
493.4		0.997761
493.5		0.997761
493.6		0.997761
493.7		0.997761
493.8		0.997761
493.9		0.997761
494		0.997761
494.1		0.997858
494.2		0.997858
494.3		0.997858
494.4		0.997858
494.5		0.997858
494.6		0.997858
494.7		0.997858
494.8		0.997858
494.9		0.997858
495		0.997858
495.1		0.999319
495.2		0.999319
495.3		0.999319
495.4		0.999319
495.5		0.999319
495.6		0.999319
495.7		0.999319
495.8		0.999319
495.9		0.999319
496		0.999319
496.1		0.999708
496.2		0.999708
496.3		0.999708
496.4		0.999708
496.5		0.999708
496.6		0.999708
496.7		0.999708
496.8		0.999708
496.9		0.999708
497		0.999708
497.1		1
497.2		1
497.3		1
497.4		1
497.5		1
497.6		1
497.7		1
497.8		1
497.9		1
498		1
498.1		1
498.2		1
498.3		1
498.4		1
498.5		1
498.6		1
498.7		1
498.8		1
498.9		1
499		1
499.1		1
499.2		1
499.3		1
499.4		1
499.5		1
499.6		1
499.7		1
499.8		1
499.9		1
500		1
500.1		1
500.2		1
500.3		1
500.4		1
500.5		1
500.6		1
500.7		1
500.8		1
500.9		1
501		1
501.1		1
501.2		1
501.3		1
501.4		1
501.5		1
501.6		1
501.7		1
501.8		1
501.9		1
502		1
502.1		1
502.2		1
502.3		1
502.4		1
502.5		1
502.6		1
502.7		1
502.8		1
502.9		1
503		1
503.1		1
503.2		1
503.3		1
503.4		1
503.5		1
503.6		1
503.7		1
503.8		1
503.9		1
504		1
504.1		1
504.2		1
504.3		1
504.4		1
504.5		1
504.6		1
504.7		1
504.8		1
504.9		1
505		1
505.1		1
505.2		1
505.3		1
505.4		1
505.5		1
505.6		1
505.7		1
505.8		1
505.9		1
506		1
506.1		1
506.2		1
506.3		1
506.4		1
506.5		1
506.6		1
506.7		1
506.8		1
506.9		1
507		1
507.1		1
507.2		1
507.3		1
507.4		1
507.5		1
507.6		1
507.7		1
507.8		1
507.9		1
508		1
508.1		1
508.2		1
508.3		1
508.4		1
508.5		1
508.6		1
508.7		1
508.8		1
508.9		1
509		1
509.1		1
509.2		1
509.3		1
509.4		1
509.5		1
509.6		1
509.7		1
509.8		1
509.9		1
510		1
510.1		1
510.2		1
510.3		1
510.4		1
510.5		1
510.6		1
510.7		1
510.8		1
510.9		1
511		1
511.1		1
511.2		1
511.3		1
511.4		1
511.5		1
511.6		1
511.7		1
511.8		1
511.9		1
512		1
512.1		1
512.2		1
512.3		1
512.4		1
512.5		1
512.6		1
512.7		1
512.8		1
512.9		1
513		1
513.1		1
513.2		1
513.3		1
513.4		1
513.5		1
513.6		1
513.7		1
513.8		1
513.9		1
514		1
514.1		1
514.2		1
514.3		1
514.4		1
514.5		1
514.6		1
514.7		1
514.8		1
514.9		1
515		1
515.1		1
515.2		1
515.3		1
515.4		1
515.5		1
515.6		1
515.7		1
515.8		1
515.9		1
516		1
516.1		1
516.2		1
516.3		1
516.4		1
516.5		1
516.6		1
516.7		1
516.8		1
516.9		1
517		1
517.1		1
517.2		1
517.3		1
517.4		1
517.5		1
517.6		1
517.7		1
517.8		1
517.9		1
518		1
518.1		1
518.2		1
518.3		1
518.4		1
518.5		1
518.6		1
518.7		1
518.8		1
518.9		1
519		1
519.1		1
519.2		1
519.3		1
519.4		1
519.5		1
519.6		1
519.7		1
519.8		1
519.9		1
520		1
520.1		1
520.2		1
520.3		1
520.4		1
520.5		1
520.6		1
520.7		1
520.8		1
520.9		1
521		1
521.1		1
521.2		1
521.3		1
521.4		1
521.5		1
521.6		1
521.7		1
521.8		1
521.9		1
522		1
522.1		1
522.2		1
522.3		1
522.4		1
522.5		1
522.6		1
522.7		1
522.8		1
522.9		1
523		1
523.1		1
523.2		1
523.3		1
523.4		1
523.5		1
523.6		1
523.7		1
523.8		1
523.9		1
524		1
524.1		1
524.2		1
524.3		1
524.4		1
524.5		1
524.6		1
524.7		1
524.8		1
524.9		1
525		1
525.1		1
525.2		1
525.3		1
525.4		1
525.5		1
525.6		1
525.7		1
525.8		1
525.9		1
526		1
526.1		1
526.2		1
526.3		1
526.4		1
526.5		1
526.6		1
526.7		1
526.8		1
526.9		1
527		1
527.1		1
527.2		1
527.3		1
527.4		1
527.5		1
527.6		1
527.7		1
527.8		1
527.9		1
528		1
528.1		1
528.2		1
528.3		1
528.4		1
528.5		1
528.6		1
528.7		1
528.8		1
528.9		1
529		1
529.1		1
529.2		1
529.3		1
529.4		1
529.5		1
529.6		1
529.7		1
529.8		1
529.9		1
530		1
530.1		1
530.2		1
530.3		1
530.4		1
530.5		1
530.6		1
530.7		1
530.8		1
530.9		1
531		1
531.1		1
531.2		1
531.3		1
531.4		1
531.5		1
531.6		1
531.7		1
531.8		1
531.9		1
532		1
532.1		1
532.2		1
532.3		1
532.4		1
532.5		1
532.6		1
532.7		1
532.8		1
532.9		1
533		1
533.1		1
533.2		1
533.3		1
533.4		1
533.5		1
533.6		1
533.7		1
533.8		1
533.9		1
534		1
534.1		1
534.2		1
534.3		1
534.4		1
534.5		1
534.6		1
534.7		1
534.8		1
534.9		1
535		1
535.1		1
535.2		1
535.3		1
535.4		1
535.5		1
535.6		1
535.7		1
535.8		1
535.9		1
536		1
536.1		1
536.2		1
536.3		1
536.4		1
536.5		1
536.6		1
536.7		1
536.8		1
536.9		1
537		1
537.1		1
537.2		1
537.3		1
537.4		1
537.5		1
537.6		1
537.7		1
537.8		1
537.9		1
538		1
538.1		1
538.2		1
538.3		1
538.4		1
538.5		1
538.6		1
538.7		1
538.8		1
538.9		1
539		1
539.1		1
539.2		1
539.3		1
539.4		1
539.5		1
539.6		1
539.7		1
539.8		1
539.9		1
540		1
540.1		1
540.2		1
540.3		1
540.4		1
540.5		1
540.6		1
540.7		1
540.8		1
540.9		1
541		1
541.1		1
541.2		1
541.3		1
541.4		1
541.5		1
541.6		1
541.7		1
541.8		1
541.9		1
542		1
542.1		1
542.2		1
542.3		1
542.4		1
542.5		1
542.6		1
542.7		1
542.8		1
542.9		1
543		1
543.1		1
543.2		1
543.3		1
543.4		1
543.5		1
543.6		1
543.7		1
543.8		1
543.9		1
544		1
544.1		1
544.2		1
544.3		1
544.4		1
544.5		1
544.6		1
544.7		1
544.8		1
544.9		1
545		1
545.1		1
545.2		1
545.3		1
545.4		1
545.5		1
545.6		1
545.7		1
545.8		1
545.9		1
546		1
546.1		1
546.2		1
546.3		1
546.4		1
546.5		1
546.6		1
546.7		1
546.8		1
546.9		1
547		1
547.1		1
547.2		1
547.3		1
547.4		1
547.5		1
547.6		1
547.7		1
547.8		1
547.9		1
548		1
548.1		1
548.2		1
548.3		1
548.4		1
548.5		1
548.6		1
548.7		1
548.8		1
548.9		1
549		1
549.1		1
549.2		1
549.3		1
549.4		1
549.5		1
549.6		1
549.7		1
549.8		1
549.9		1
550		1
550.1		1
550.2		1
550.3		1
550.4		1
550.5		1
550.6		1
550.7		1
550.8		1
550.9		1
551		1
551.1		1
551.2		1
551.3		1
551.4		1
551.5		1
551.6		1
551.7		1
551.8		1
551.9		1
552		1
552.1		1
552.2		1
552.3		1
552.4		1
552.5		1
552.6		1
552.7		1
552.8		1
552.9		1
553		1
553.1		1
553.2		1
553.3		1
553.4		1
553.5		1
553.6		1
553.7		1
553.8		1
553.9		1
554		1
554.1		1
554.2		1
554.3		1
554.4		1
554.5		1
554.6		1
554.7		1
554.8		1
554.9		1
555		1
555.1		1
555.2		1
555.3		1
555.4		1
555.5		1
555.6		1
555.7		1
555.8		1
555.9		1
556		1
556.1		1
556.2		1
556.3		1
556.4		1
556.5		1
556.6		1
556.7		1
556.8		1
556.9		1
557		1
557.1		1
557.2		1
557.3		1
557.4		1
557.5		1
557.6		1
557.7		1
557.8		1
557.9		1
558		1
558.1		1
558.2		1
558.3		1
558.4		1
558.5		1
558.6		1
558.7		1
558.8		1
558.9		1
559		1
559.1		1
559.2		1
559.3		1
559.4		1
559.5		1
559.6		1
559.7		1
559.8		1
559.9		1
560		1
560.1		1
560.2		1
560.3		1
560.4		1
560.5		1
560.6		1
560.7		1
560.8		1
560.9		1
561		1
561.1		1
561.2		1
561.3		1
561.4		1
561.5		1
561.6		1
561.7		1
561.8		1
561.9		1
562		1
562.1		1
562.2		1
562.3		1
562.4		1
562.5		1
562.6		1
562.7		1
562.8		1
562.9		1
563		1
563.1		1
563.2		1
563.3		1
563.4		1
563.5		1
563.6		1
563.7		1
563.8		1
563.9		1
564		1
564.1		1
564.2		1
564.3		1
564.4		1
564.5		1
564.6		1
564.7		1
564.8		1
564.9		1
565		1
565.1		1
565.2		1
565.3		1
565.4		1
565.5		1
565.6		1
565.7		1
565.8		1
565.9		1
566		1
566.1		1
566.2		1
566.3		1
566.4		1
566.5		1
566.6		1
566.7		1
566.8		1
566.9		1
567		1
567.1		1
567.2		1
567.3		1
567.4		1
567.5		1
567.6		1
567.7		1
567.8		1
567.9		1
568		1
568.1		1
568.2		1
568.3		1
568.4		1
568.5		1
568.6		1
568.7		1
568.8		1
568.9		1
569		1
569.1		1
569.2		1
569.3		1
569.4		1
569.5		1
569.6		1
569.7		1
569.8		1
569.9		1
570		1
570.1		1
570.2		1
570.3		1
570.4		1
570.5		1
570.6		1
570.7		1
570.8		1
570.9		1
571		1
571.1		1
571.2		1
571.3		1
571.4		1
571.5		1
571.6		1
571.7		1
571.8		1
571.9		1
572		1
572.1		1
572.2		1
572.3		1
572.4		1
572.5		1
572.6		1
572.7		1
572.8		1
572.9		1
573		1
573.1		1
573.2		1
573.3		1
573.4		1
573.5		1
573.6		1
573.7		1
573.8		1
573.9		1
574		1
574.1		1
574.2		1
574.3		1
574.4		1
574.5		1
574.6		1
574.7		1
574.8		1
574.9		1
575		1
575.1		1
575.2		1
575.3		1
575.4		1
575.5		1
575.6		1
575.7		1
575.8		1
575.9		1
576		1
576.1		1
576.2		1
576.3		1
576.4		1
576.5		1
576.6		1
576.7		1
576.8		1
576.9		1
577		1
577.1		1
577.2		1
577.3		1
577.4		1
577.5		1
577.6		1
577.7		1
577.8		1
577.9		1
578		1
578.1		1
578.2		1
578.3		1
578.4		1
578.5		1
578.6		1
578.7		1
578.8		1
578.9		1
579		1
579.1		1
579.2		1
579.3		1
579.4		1
579.5		1
579.6		1
579.7		1
579.8		1
579.9		1
580		1
580.1		1
580.2		1
580.3		1
580.4		1
580.5		1
580.6		1
580.7		1
580.8		1
580.9		1
581		1
581.1		1
581.2		1
581.3		1
581.4		1
581.5		1
581.6		1
581.7		1
581.8		1
581.9		1
582		1
582.1		1
582.2		1
582.3		1
582.4		1
582.5		1
582.6		1
582.7		1
582.8		1
582.9		1
583		1
583.1		1
583.2		1
583.3		1
583.4		1
583.5		1
583.6		1
583.7		1
583.8		1
583.9		1
584		1
584.1		1
584.2		1
584.3		1
584.4		1
584.5		1
584.6		1
584.7		1
584.8		1
584.9		1
585		1
585.1		1
585.2		1
585.3		1
585.4		1
585.5		1
585.6		1
585.7		1
585.8		1
585.9		1
586		1
586.1		1
586.2		1
586.3		1
586.4		1
586.5		1
586.6		1
586.7		1
586.8		1
586.9		1
587		1
587.1		1
587.2		1
587.3		1
587.4		1
587.5		1
587.6		1
587.7		1
587.8		1
587.9		1
588		1
588.1		1
588.2		1
588.3		1
588.4		1
588.5		1
588.6		1
588.7		1
588.8		1
588.9		1
589		1
589.1		1
589.2		1
589.3		1
589.4		1
589.5		1
589.6		1
589.7		1
589.8		1
589.9		1
590		1
590.1		1
590.2		1
590.3		1
590.4		1
590.5		1
590.6		1
590.7		1
590.8		1
590.9		1
591		1
591.1		1
591.2		1
591.3		1
591.4		1
591.5		1
591.6		1
591.7		1
591.8		1
591.9		1
592		1
592.1		1
592.2		1
592.3		1
592.4		1
592.5		1
592.6		1
592.7		1
592.8		1
592.9		1
593		1
593.1		1
593.2		1
593.3		1
593.4		1
593.5		1
593.6		1
593.7		1
593.8		1
593.9		1
594		1
594.1		1
594.2		1
594.3		1
594.4		1
594.5		1
594.6		1
594.7		1
594.8		1
594.9		1
595		1
595.1		1
595.2		1
595.3		1
595.4		1
595.5		1
595.6		1
595.7		1
595.8		1
595.9		1
596		1
596.1		1
596.2		1
596.3		1
596.4		1
596.5		1
596.6		1
596.7		1
596.8		1
596.9		1
597		1
597.1		1
597.2		1
597.3		1
597.4		1
597.5		1
597.6		1
597.7		1
597.8		1
597.9		1
598		1
598.1		1
598.2		1
598.3		1
598.4		1
598.5		1
598.6		1
598.7		1
598.8		1
598.9		1
599		1
599.1		1
599.2		1
599.3		1
599.4		1
599.5		1
599.6		1
599.7		1
599.8		1
599.9		1
600		1
