# Calibration file of tamex_id 0 @ channel 13
# fine_T bin		 Calibration value
0.1		0
0.2		0
0.3		0
0.4		0
0.5		0
0.6		0
0.7		0
0.8		0
0.9		0
1		0
1.1		0
1.2		0
1.3		0
1.4		0
1.5		0
1.6		0
1.7		0
1.8		0
1.9		0
2		0
2.1		0
2.2		0
2.3		0
2.4		0
2.5		0
2.6		0
2.7		0
2.8		0
2.9		0
3		0
3.1		0
3.2		0
3.3		0
3.4		0
3.5		0
3.6		0
3.7		0
3.8		0
3.9		0
4		0
4.1		0
4.2		0
4.3		0
4.4		0
4.5		0
4.6		0
4.7		0
4.8		0
4.9		0
5		0
5.1		0
5.2		0
5.3		0
5.4		0
5.5		0
5.6		0
5.7		0
5.8		0
5.9		0
6		0
6.1		0
6.2		0
6.3		0
6.4		0
6.5		0
6.6		0
6.7		0
6.8		0
6.9		0
7		0
7.1		0
7.2		0
7.3		0
7.4		0
7.5		0
7.6		0
7.7		0
7.8		0
7.9		0
8		0
8.1		0
8.2		0
8.3		0
8.4		0
8.5		0
8.6		0
8.7		0
8.8		0
8.9		0
9		0
9.1		0
9.2		0
9.3		0
9.4		0
9.5		0
9.6		0
9.7		0
9.8		0
9.9		0
10		0
10.1		0
10.2		0
10.3		0
10.4		0
10.5		0
10.6		0
10.7		0
10.8		0
10.9		0
11		0
11.1		0
11.2		0
11.3		0
11.4		0
11.5		0
11.6		0
11.7		0
11.8		0
11.9		0
12		0
12.1		0
12.2		0
12.3		0
12.4		0
12.5		0
12.6		0
12.7		0
12.8		0
12.9		0
13		0
13.1		0
13.2		0
13.3		0
13.4		0
13.5		0
13.6		0
13.7		0
13.8		0
13.9		0
14		0
14.1		0
14.2		0
14.3		0
14.4		0
14.5		0
14.6		0
14.7		0
14.8		0
14.9		0
15		0
15.1		0
15.2		0
15.3		0
15.4		0
15.5		0
15.6		0
15.7		0
15.8		0
15.9		0
16		0
16.1		0.00202578
16.2		0.00202578
16.3		0.00202578
16.4		0.00202578
16.5		0.00202578
16.6		0.00202578
16.7		0.00202578
16.8		0.00202578
16.9		0.00202578
17		0.00202578
17.1		0.00883978
17.2		0.00883978
17.3		0.00883978
17.4		0.00883978
17.5		0.00883978
17.6		0.00883978
17.7		0.00883978
17.8		0.00883978
17.9		0.00883978
18		0.00883978
18.1		0.00985267
18.2		0.00985267
18.3		0.00985267
18.4		0.00985267
18.5		0.00985267
18.6		0.00985267
18.7		0.00985267
18.8		0.00985267
18.9		0.00985267
19		0.00985267
19.1		0.0103131
19.2		0.0103131
19.3		0.0103131
19.4		0.0103131
19.5		0.0103131
19.6		0.0103131
19.7		0.0103131
19.8		0.0103131
19.9		0.0103131
20		0.0103131
20.1		0.0178177
20.2		0.0178177
20.3		0.0178177
20.4		0.0178177
20.5		0.0178177
20.6		0.0178177
20.7		0.0178177
20.8		0.0178177
20.9		0.0178177
21		0.0178177
21.1		0.0186464
21.2		0.0186464
21.3		0.0186464
21.4		0.0186464
21.5		0.0186464
21.6		0.0186464
21.7		0.0186464
21.8		0.0186464
21.9		0.0186464
22		0.0186464
22.1		0.0186924
22.2		0.0186924
22.3		0.0186924
22.4		0.0186924
22.5		0.0186924
22.6		0.0186924
22.7		0.0186924
22.8		0.0186924
22.9		0.0186924
23		0.0186924
23.1		0.0194291
23.2		0.0194291
23.3		0.0194291
23.4		0.0194291
23.5		0.0194291
23.6		0.0194291
23.7		0.0194291
23.8		0.0194291
23.9		0.0194291
24		0.0194291
24.1		0.0234346
24.2		0.0234346
24.3		0.0234346
24.4		0.0234346
24.5		0.0234346
24.6		0.0234346
24.7		0.0234346
24.8		0.0234346
24.9		0.0234346
25		0.0234346
25.1		0.0263812
25.2		0.0263812
25.3		0.0263812
25.4		0.0263812
25.5		0.0263812
25.6		0.0263812
25.7		0.0263812
25.8		0.0263812
25.9		0.0263812
26		0.0263812
26.1		0.0271639
26.2		0.0271639
26.3		0.0271639
26.4		0.0271639
26.5		0.0271639
26.6		0.0271639
26.7		0.0271639
26.8		0.0271639
26.9		0.0271639
27		0.0271639
27.1		0.0277164
27.2		0.0277164
27.3		0.0277164
27.4		0.0277164
27.5		0.0277164
27.6		0.0277164
27.7		0.0277164
27.8		0.0277164
27.9		0.0277164
28		0.0277164
28.1		0.0279006
28.2		0.0279006
28.3		0.0279006
28.4		0.0279006
28.5		0.0279006
28.6		0.0279006
28.7		0.0279006
28.8		0.0279006
28.9		0.0279006
29		0.0279006
29.1		0.0325967
29.2		0.0325967
29.3		0.0325967
29.4		0.0325967
29.5		0.0325967
29.6		0.0325967
29.7		0.0325967
29.8		0.0325967
29.9		0.0325967
30		0.0325967
30.1		0.034116
30.2		0.034116
30.3		0.034116
30.4		0.034116
30.5		0.034116
30.6		0.034116
30.7		0.034116
30.8		0.034116
30.9		0.034116
31		0.034116
31.1		0.0343002
31.2		0.0343002
31.3		0.0343002
31.4		0.0343002
31.5		0.0343002
31.6		0.0343002
31.7		0.0343002
31.8		0.0343002
31.9		0.0343002
32		0.0343002
32.1		0.0350368
32.2		0.0350368
32.3		0.0350368
32.4		0.0350368
32.5		0.0350368
32.6		0.0350368
32.7		0.0350368
32.8		0.0350368
32.9		0.0350368
33		0.0350368
33.1		0.0357274
33.2		0.0357274
33.3		0.0357274
33.4		0.0357274
33.5		0.0357274
33.6		0.0357274
33.7		0.0357274
33.8		0.0357274
33.9		0.0357274
34		0.0357274
34.1		0.0428637
34.2		0.0428637
34.3		0.0428637
34.4		0.0428637
34.5		0.0428637
34.6		0.0428637
34.7		0.0428637
34.8		0.0428637
34.9		0.0428637
35		0.0428637
35.1		0.0446133
35.2		0.0446133
35.3		0.0446133
35.4		0.0446133
35.5		0.0446133
35.6		0.0446133
35.7		0.0446133
35.8		0.0446133
35.9		0.0446133
36		0.0446133
36.1		0.0448895
36.2		0.0448895
36.3		0.0448895
36.4		0.0448895
36.5		0.0448895
36.6		0.0448895
36.7		0.0448895
36.8		0.0448895
36.9		0.0448895
37		0.0448895
37.1		0.0481123
37.2		0.0481123
37.3		0.0481123
37.4		0.0481123
37.5		0.0481123
37.6		0.0481123
37.7		0.0481123
37.8		0.0481123
37.9		0.0481123
38		0.0481123
38.1		0.0517956
38.2		0.0517956
38.3		0.0517956
38.4		0.0517956
38.5		0.0517956
38.6		0.0517956
38.7		0.0517956
38.8		0.0517956
38.9		0.0517956
39		0.0517956
39.1		0.0521639
39.2		0.0521639
39.3		0.0521639
39.4		0.0521639
39.5		0.0521639
39.6		0.0521639
39.7		0.0521639
39.8		0.0521639
39.9		0.0521639
40		0.0521639
40.1		0.0551105
40.2		0.0551105
40.3		0.0551105
40.4		0.0551105
40.5		0.0551105
40.6		0.0551105
40.7		0.0551105
40.8		0.0551105
40.9		0.0551105
41		0.0551105
41.1		0.0552947
41.2		0.0552947
41.3		0.0552947
41.4		0.0552947
41.5		0.0552947
41.6		0.0552947
41.7		0.0552947
41.8		0.0552947
41.9		0.0552947
42		0.0552947
42.1		0.060267
42.2		0.060267
42.3		0.060267
42.4		0.060267
42.5		0.060267
42.6		0.060267
42.7		0.060267
42.8		0.060267
42.9		0.060267
43		0.060267
43.1		0.0603591
43.2		0.0603591
43.3		0.0603591
43.4		0.0603591
43.5		0.0603591
43.6		0.0603591
43.7		0.0603591
43.8		0.0603591
43.9		0.0603591
44		0.0603591
44.1		0.0619245
44.2		0.0619245
44.3		0.0619245
44.4		0.0619245
44.5		0.0619245
44.6		0.0619245
44.7		0.0619245
44.8		0.0619245
44.9		0.0619245
45		0.0619245
45.1		0.0632597
45.2		0.0632597
45.3		0.0632597
45.4		0.0632597
45.5		0.0632597
45.6		0.0632597
45.7		0.0632597
45.8		0.0632597
45.9		0.0632597
46		0.0632597
46.1		0.067081
46.2		0.067081
46.3		0.067081
46.4		0.067081
46.5		0.067081
46.6		0.067081
46.7		0.067081
46.8		0.067081
46.9		0.067081
47		0.067081
47.1		0.0686924
47.2		0.0686924
47.3		0.0686924
47.4		0.0686924
47.5		0.0686924
47.6		0.0686924
47.7		0.0686924
47.8		0.0686924
47.9		0.0686924
48		0.0686924
48.1		0.0707643
48.2		0.0707643
48.3		0.0707643
48.4		0.0707643
48.5		0.0707643
48.6		0.0707643
48.7		0.0707643
48.8		0.0707643
48.9		0.0707643
49		0.0707643
49.1		0.0728361
49.2		0.0728361
49.3		0.0728361
49.4		0.0728361
49.5		0.0728361
49.6		0.0728361
49.7		0.0728361
49.8		0.0728361
49.9		0.0728361
50		0.0728361
50.1		0.0732965
50.2		0.0732965
50.3		0.0732965
50.4		0.0732965
50.5		0.0732965
50.6		0.0732965
50.7		0.0732965
50.8		0.0732965
50.9		0.0732965
51		0.0732965
51.1		0.0738029
51.2		0.0738029
51.3		0.0738029
51.4		0.0738029
51.5		0.0738029
51.6		0.0738029
51.7		0.0738029
51.8		0.0738029
51.9		0.0738029
52		0.0738029
52.1		0.0757366
52.2		0.0757366
52.3		0.0757366
52.4		0.0757366
52.5		0.0757366
52.6		0.0757366
52.7		0.0757366
52.8		0.0757366
52.9		0.0757366
53		0.0757366
53.1		0.0792818
53.2		0.0792818
53.3		0.0792818
53.4		0.0792818
53.5		0.0792818
53.6		0.0792818
53.7		0.0792818
53.8		0.0792818
53.9		0.0792818
54		0.0792818
54.1		0.0828729
54.2		0.0828729
54.3		0.0828729
54.4		0.0828729
54.5		0.0828729
54.6		0.0828729
54.7		0.0828729
54.8		0.0828729
54.9		0.0828729
55		0.0828729
55.1		0.0837937
55.2		0.0837937
55.3		0.0837937
55.4		0.0837937
55.5		0.0837937
55.6		0.0837937
55.7		0.0837937
55.8		0.0837937
55.9		0.0837937
56		0.0837937
56.1		0.0846685
56.2		0.0846685
56.3		0.0846685
56.4		0.0846685
56.5		0.0846685
56.6		0.0846685
56.7		0.0846685
56.8		0.0846685
56.9		0.0846685
57		0.0846685
57.1		0.0856814
57.2		0.0856814
57.3		0.0856814
57.4		0.0856814
57.5		0.0856814
57.6		0.0856814
57.7		0.0856814
57.8		0.0856814
57.9		0.0856814
58		0.0856814
58.1		0.0894107
58.2		0.0894107
58.3		0.0894107
58.4		0.0894107
58.5		0.0894107
58.6		0.0894107
58.7		0.0894107
58.8		0.0894107
58.9		0.0894107
59		0.0894107
59.1		0.0943831
59.2		0.0943831
59.3		0.0943831
59.4		0.0943831
59.5		0.0943831
59.6		0.0943831
59.7		0.0943831
59.8		0.0943831
59.9		0.0943831
60		0.0943831
60.1		0.0947974
60.2		0.0947974
60.3		0.0947974
60.4		0.0947974
60.5		0.0947974
60.6		0.0947974
60.7		0.0947974
60.8		0.0947974
60.9		0.0947974
61		0.0947974
61.1		0.0962247
61.2		0.0962247
61.3		0.0962247
61.4		0.0962247
61.5		0.0962247
61.6		0.0962247
61.7		0.0962247
61.8		0.0962247
61.9		0.0962247
62		0.0962247
62.1		0.0967311
62.2		0.0967311
62.3		0.0967311
62.4		0.0967311
62.5		0.0967311
62.6		0.0967311
62.7		0.0967311
62.8		0.0967311
62.9		0.0967311
63		0.0967311
63.1		0.100046
63.2		0.100046
63.3		0.100046
63.4		0.100046
63.5		0.100046
63.6		0.100046
63.7		0.100046
63.8		0.100046
63.9		0.100046
64		0.100046
64.1		0.103039
64.2		0.103039
64.3		0.103039
64.4		0.103039
64.5		0.103039
64.6		0.103039
64.7		0.103039
64.8		0.103039
64.9		0.103039
65		0.103039
65.1		0.106123
65.2		0.106123
65.3		0.106123
65.4		0.106123
65.5		0.106123
65.6		0.106123
65.7		0.106123
65.8		0.106123
65.9		0.106123
66		0.106123
66.1		0.10732
66.2		0.10732
66.3		0.10732
66.4		0.10732
66.5		0.10732
66.6		0.10732
66.7		0.10732
66.8		0.10732
66.9		0.10732
67		0.10732
67.1		0.108057
67.2		0.108057
67.3		0.108057
67.4		0.108057
67.5		0.108057
67.6		0.108057
67.7		0.108057
67.8		0.108057
67.9		0.108057
68		0.108057
68.1		0.111464
68.2		0.111464
68.3		0.111464
68.4		0.111464
68.5		0.111464
68.6		0.111464
68.7		0.111464
68.8		0.111464
68.9		0.111464
69		0.111464
69.1		0.112155
69.2		0.112155
69.3		0.112155
69.4		0.112155
69.5		0.112155
69.6		0.112155
69.7		0.112155
69.8		0.112155
69.9		0.112155
70		0.112155
70.1		0.11395
70.2		0.11395
70.3		0.11395
70.4		0.11395
70.5		0.11395
70.6		0.11395
70.7		0.11395
70.8		0.11395
70.9		0.11395
71		0.11395
71.1		0.117634
71.2		0.117634
71.3		0.117634
71.4		0.117634
71.5		0.117634
71.6		0.117634
71.7		0.117634
71.8		0.117634
71.9		0.117634
72		0.117634
72.1		0.120718
72.2		0.120718
72.3		0.120718
72.4		0.120718
72.5		0.120718
72.6		0.120718
72.7		0.120718
72.8		0.120718
72.9		0.120718
73		0.120718
73.1		0.121271
73.2		0.121271
73.3		0.121271
73.4		0.121271
73.5		0.121271
73.6		0.121271
73.7		0.121271
73.8		0.121271
73.9		0.121271
74		0.121271
74.1		0.121593
74.2		0.121593
74.3		0.121593
74.4		0.121593
74.5		0.121593
74.6		0.121593
74.7		0.121593
74.8		0.121593
74.9		0.121593
75		0.121593
75.1		0.125552
75.2		0.125552
75.3		0.125552
75.4		0.125552
75.5		0.125552
75.6		0.125552
75.7		0.125552
75.8		0.125552
75.9		0.125552
76		0.125552
76.1		0.129374
76.2		0.129374
76.3		0.129374
76.4		0.129374
76.5		0.129374
76.6		0.129374
76.7		0.129374
76.8		0.129374
76.9		0.129374
77		0.129374
77.1		0.129558
77.2		0.129558
77.3		0.129558
77.4		0.129558
77.5		0.129558
77.6		0.129558
77.7		0.129558
77.8		0.129558
77.9		0.129558
78		0.129558
78.1		0.130571
78.2		0.130571
78.3		0.130571
78.4		0.130571
78.5		0.130571
78.6		0.130571
78.7		0.130571
78.8		0.130571
78.9		0.130571
79		0.130571
79.1		0.13384
79.2		0.13384
79.3		0.13384
79.4		0.13384
79.5		0.13384
79.6		0.13384
79.7		0.13384
79.8		0.13384
79.9		0.13384
80		0.13384
80.1		0.134807
80.2		0.134807
80.3		0.134807
80.4		0.134807
80.5		0.134807
80.6		0.134807
80.7		0.134807
80.8		0.134807
80.9		0.134807
81		0.134807
81.1		0.139042
81.2		0.139042
81.3		0.139042
81.4		0.139042
81.5		0.139042
81.6		0.139042
81.7		0.139042
81.8		0.139042
81.9		0.139042
82		0.139042
82.1		0.139917
82.2		0.139917
82.3		0.139917
82.4		0.139917
82.5		0.139917
82.6		0.139917
82.7		0.139917
82.8		0.139917
82.9		0.139917
83		0.139917
83.1		0.141851
83.2		0.141851
83.3		0.141851
83.4		0.141851
83.5		0.141851
83.6		0.141851
83.7		0.141851
83.8		0.141851
83.9		0.141851
84		0.141851
84.1		0.142311
84.2		0.142311
84.3		0.142311
84.4		0.142311
84.5		0.142311
84.6		0.142311
84.7		0.142311
84.8		0.142311
84.9		0.142311
85		0.142311
85.1		0.146501
85.2		0.146501
85.3		0.146501
85.4		0.146501
85.5		0.146501
85.6		0.146501
85.7		0.146501
85.8		0.146501
85.9		0.146501
86		0.146501
86.1		0.147284
86.2		0.147284
86.3		0.147284
86.4		0.147284
86.5		0.147284
86.6		0.147284
86.7		0.147284
86.8		0.147284
86.9		0.147284
87		0.147284
87.1		0.150599
87.2		0.150599
87.3		0.150599
87.4		0.150599
87.5		0.150599
87.6		0.150599
87.7		0.150599
87.8		0.150599
87.9		0.150599
88		0.150599
88.1		0.15244
88.2		0.15244
88.3		0.15244
88.4		0.15244
88.5		0.15244
88.6		0.15244
88.7		0.15244
88.8		0.15244
88.9		0.15244
89		0.15244
89.1		0.152716
89.2		0.152716
89.3		0.152716
89.4		0.152716
89.5		0.152716
89.6		0.152716
89.7		0.152716
89.8		0.152716
89.9		0.152716
90		0.152716
90.1		0.156998
90.2		0.156998
90.3		0.156998
90.4		0.156998
90.5		0.156998
90.6		0.156998
90.7		0.156998
90.8		0.156998
90.9		0.156998
91		0.156998
91.1		0.157873
91.2		0.157873
91.3		0.157873
91.4		0.157873
91.5		0.157873
91.6		0.157873
91.7		0.157873
91.8		0.157873
91.9		0.157873
92		0.157873
92.1		0.158103
92.2		0.158103
92.3		0.158103
92.4		0.158103
92.5		0.158103
92.6		0.158103
92.7		0.158103
92.8		0.158103
92.9		0.158103
93		0.158103
93.1		0.161188
93.2		0.161188
93.3		0.161188
93.4		0.161188
93.5		0.161188
93.6		0.161188
93.7		0.161188
93.8		0.161188
93.9		0.161188
94		0.161188
94.1		0.165746
94.2		0.165746
94.3		0.165746
94.4		0.165746
94.5		0.165746
94.6		0.165746
94.7		0.165746
94.8		0.165746
94.9		0.165746
95		0.165746
95.1		0.167495
95.2		0.167495
95.3		0.167495
95.4		0.167495
95.5		0.167495
95.6		0.167495
95.7		0.167495
95.8		0.167495
95.9		0.167495
96		0.167495
96.1		0.167541
96.2		0.167541
96.3		0.167541
96.4		0.167541
96.5		0.167541
96.6		0.167541
96.7		0.167541
96.8		0.167541
96.9		0.167541
97		0.167541
97.1		0.169936
97.2		0.169936
97.3		0.169936
97.4		0.169936
97.5		0.169936
97.6		0.169936
97.7		0.169936
97.8		0.169936
97.9		0.169936
98		0.169936
98.1		0.171501
98.2		0.171501
98.3		0.171501
98.4		0.171501
98.5		0.171501
98.6		0.171501
98.7		0.171501
98.8		0.171501
98.9		0.171501
99		0.171501
99.1		0.172744
99.2		0.172744
99.3		0.172744
99.4		0.172744
99.5		0.172744
99.6		0.172744
99.7		0.172744
99.8		0.172744
99.9		0.172744
100		0.172744
100.1		0.175322
100.2		0.175322
100.3		0.175322
100.4		0.175322
100.5		0.175322
100.6		0.175322
100.7		0.175322
100.8		0.175322
100.9		0.175322
101		0.175322
101.1		0.178177
101.2		0.178177
101.3		0.178177
101.4		0.178177
101.5		0.178177
101.6		0.178177
101.7		0.178177
101.8		0.178177
101.9		0.178177
102		0.178177
102.1		0.179098
102.2		0.179098
102.3		0.179098
102.4		0.179098
102.5		0.179098
102.6		0.179098
102.7		0.179098
102.8		0.179098
102.9		0.179098
103		0.179098
103.1		0.181169
103.2		0.181169
103.3		0.181169
103.4		0.181169
103.5		0.181169
103.6		0.181169
103.7		0.181169
103.8		0.181169
103.9		0.181169
104		0.181169
104.1		0.182366
104.2		0.182366
104.3		0.182366
104.4		0.182366
104.5		0.182366
104.6		0.182366
104.7		0.182366
104.8		0.182366
104.9		0.182366
105		0.182366
105.1		0.182965
105.2		0.182965
105.3		0.182965
105.4		0.182965
105.5		0.182965
105.6		0.182965
105.7		0.182965
105.8		0.182965
105.9		0.182965
106		0.182965
106.1		0.186004
106.2		0.186004
106.3		0.186004
106.4		0.186004
106.5		0.186004
106.6		0.186004
106.7		0.186004
106.8		0.186004
106.9		0.186004
107		0.186004
107.1		0.189733
107.2		0.189733
107.3		0.189733
107.4		0.189733
107.5		0.189733
107.6		0.189733
107.7		0.189733
107.8		0.189733
107.9		0.189733
108		0.189733
108.1		0.190424
108.2		0.190424
108.3		0.190424
108.4		0.190424
108.5		0.190424
108.6		0.190424
108.7		0.190424
108.8		0.190424
108.9		0.190424
109		0.190424
109.1		0.190884
109.2		0.190884
109.3		0.190884
109.4		0.190884
109.5		0.190884
109.6		0.190884
109.7		0.190884
109.8		0.190884
109.9		0.190884
110		0.190884
110.1		0.196915
110.2		0.196915
110.3		0.196915
110.4		0.196915
110.5		0.196915
110.6		0.196915
110.7		0.196915
110.8		0.196915
110.9		0.196915
111		0.196915
111.1		0.19756
111.2		0.19756
111.3		0.19756
111.4		0.19756
111.5		0.19756
111.6		0.19756
111.7		0.19756
111.8		0.19756
111.9		0.19756
112		0.19756
112.1		0.19779
112.2		0.19779
112.3		0.19779
112.4		0.19779
112.5		0.19779
112.6		0.19779
112.7		0.19779
112.8		0.19779
112.9		0.19779
113		0.19779
113.1		0.20023
113.2		0.20023
113.3		0.20023
113.4		0.20023
113.5		0.20023
113.6		0.20023
113.7		0.20023
113.8		0.20023
113.9		0.20023
114		0.20023
114.1		0.202072
114.2		0.202072
114.3		0.202072
114.4		0.202072
114.5		0.202072
114.6		0.202072
114.7		0.202072
114.8		0.202072
114.9		0.202072
115		0.202072
115.1		0.205387
115.2		0.205387
115.3		0.205387
115.4		0.205387
115.5		0.205387
115.6		0.205387
115.7		0.205387
115.8		0.205387
115.9		0.205387
116		0.205387
116.1		0.206169
116.2		0.206169
116.3		0.206169
116.4		0.206169
116.5		0.206169
116.6		0.206169
116.7		0.206169
116.8		0.206169
116.9		0.206169
117		0.206169
117.1		0.207551
117.2		0.207551
117.3		0.207551
117.4		0.207551
117.5		0.207551
117.6		0.207551
117.7		0.207551
117.8		0.207551
117.9		0.207551
118		0.207551
118.1		0.213582
118.2		0.213582
118.3		0.213582
118.4		0.213582
118.5		0.213582
118.6		0.213582
118.7		0.213582
118.8		0.213582
118.9		0.213582
119		0.213582
119.1		0.213904
119.2		0.213904
119.3		0.213904
119.4		0.213904
119.5		0.213904
119.6		0.213904
119.7		0.213904
119.8		0.213904
119.9		0.213904
120		0.213904
120.1		0.215239
120.2		0.215239
120.3		0.215239
120.4		0.215239
120.5		0.215239
120.6		0.215239
120.7		0.215239
120.8		0.215239
120.9		0.215239
121		0.215239
121.1		0.217265
121.2		0.217265
121.3		0.217265
121.4		0.217265
121.5		0.217265
121.6		0.217265
121.7		0.217265
121.8		0.217265
121.9		0.217265
122		0.217265
122.1		0.219291
122.2		0.219291
122.3		0.219291
122.4		0.219291
122.5		0.219291
122.6		0.219291
122.7		0.219291
122.8		0.219291
122.9		0.219291
123		0.219291
123.1		0.221547
123.2		0.221547
123.3		0.221547
123.4		0.221547
123.5		0.221547
123.6		0.221547
123.7		0.221547
123.8		0.221547
123.9		0.221547
124		0.221547
124.1		0.222974
124.2		0.222974
124.3		0.222974
124.4		0.222974
124.5		0.222974
124.6		0.222974
124.7		0.222974
124.8		0.222974
124.9		0.222974
125		0.222974
125.1		0.225092
125.2		0.225092
125.3		0.225092
125.4		0.225092
125.5		0.225092
125.6		0.225092
125.7		0.225092
125.8		0.225092
125.9		0.225092
126		0.225092
126.1		0.227486
126.2		0.227486
126.3		0.227486
126.4		0.227486
126.5		0.227486
126.6		0.227486
126.7		0.227486
126.8		0.227486
126.9		0.227486
127		0.227486
127.1		0.229098
127.2		0.229098
127.3		0.229098
127.4		0.229098
127.5		0.229098
127.6		0.229098
127.7		0.229098
127.8		0.229098
127.9		0.229098
128		0.229098
128.1		0.230571
128.2		0.230571
128.3		0.230571
128.4		0.230571
128.5		0.230571
128.6		0.230571
128.7		0.230571
128.8		0.230571
128.9		0.230571
129		0.230571
129.1		0.231077
129.2		0.231077
129.3		0.231077
129.4		0.231077
129.5		0.231077
129.6		0.231077
129.7		0.231077
129.8		0.231077
129.9		0.231077
130		0.231077
130.1		0.233195
130.2		0.233195
130.3		0.233195
130.4		0.233195
130.5		0.233195
130.6		0.233195
130.7		0.233195
130.8		0.233195
130.9		0.233195
131		0.233195
131.1		0.236464
131.2		0.236464
131.3		0.236464
131.4		0.236464
131.5		0.236464
131.6		0.236464
131.7		0.236464
131.8		0.236464
131.9		0.236464
132		0.236464
132.1		0.237385
132.2		0.237385
132.3		0.237385
132.4		0.237385
132.5		0.237385
132.6		0.237385
132.7		0.237385
132.8		0.237385
132.9		0.237385
133		0.237385
133.1		0.240608
133.2		0.240608
133.3		0.240608
133.4		0.240608
133.5		0.240608
133.6		0.240608
133.7		0.240608
133.8		0.240608
133.9		0.240608
134		0.240608
134.1		0.24093
134.2		0.24093
134.3		0.24093
134.4		0.24093
134.5		0.24093
134.6		0.24093
134.7		0.24093
134.8		0.24093
134.9		0.24093
135		0.24093
135.1		0.242864
135.2		0.242864
135.3		0.242864
135.4		0.242864
135.5		0.242864
135.6		0.242864
135.7		0.242864
135.8		0.242864
135.9		0.242864
136		0.242864
136.1		0.246225
136.2		0.246225
136.3		0.246225
136.4		0.246225
136.5		0.246225
136.6		0.246225
136.7		0.246225
136.8		0.246225
136.9		0.246225
137		0.246225
137.1		0.247422
137.2		0.247422
137.3		0.247422
137.4		0.247422
137.5		0.247422
137.6		0.247422
137.7		0.247422
137.8		0.247422
137.9		0.247422
138		0.247422
138.1		0.249171
138.2		0.249171
138.3		0.249171
138.4		0.249171
138.5		0.249171
138.6		0.249171
138.7		0.249171
138.8		0.249171
138.9		0.249171
139		0.249171
139.1		0.251796
139.2		0.251796
139.3		0.251796
139.4		0.251796
139.5		0.251796
139.6		0.251796
139.7		0.251796
139.8		0.251796
139.9		0.251796
140		0.251796
140.1		0.255387
140.2		0.255387
140.3		0.255387
140.4		0.255387
140.5		0.255387
140.6		0.255387
140.7		0.255387
140.8		0.255387
140.9		0.255387
141		0.255387
141.1		0.258149
141.2		0.258149
141.3		0.258149
141.4		0.258149
141.5		0.258149
141.6		0.258149
141.7		0.258149
141.8		0.258149
141.9		0.258149
142		0.258149
142.1		0.259024
142.2		0.259024
142.3		0.259024
142.4		0.259024
142.5		0.259024
142.6		0.259024
142.7		0.259024
142.8		0.259024
142.9		0.259024
143		0.259024
143.1		0.259392
143.2		0.259392
143.3		0.259392
143.4		0.259392
143.5		0.259392
143.6		0.259392
143.7		0.259392
143.8		0.259392
143.9		0.259392
144		0.259392
144.1		0.265424
144.2		0.265424
144.3		0.265424
144.4		0.265424
144.5		0.265424
144.6		0.265424
144.7		0.265424
144.8		0.265424
144.9		0.265424
145		0.265424
145.1		0.26616
145.2		0.26616
145.3		0.26616
145.4		0.26616
145.5		0.26616
145.6		0.26616
145.7		0.26616
145.8		0.26616
145.9		0.26616
146		0.26616
146.1		0.266344
146.2		0.266344
146.3		0.266344
146.4		0.266344
146.5		0.266344
146.6		0.266344
146.7		0.266344
146.8		0.266344
146.9		0.266344
147		0.266344
147.1		0.266897
147.2		0.266897
147.3		0.266897
147.4		0.266897
147.5		0.266897
147.6		0.266897
147.7		0.266897
147.8		0.266897
147.9		0.266897
148		0.266897
148.1		0.273527
148.2		0.273527
148.3		0.273527
148.4		0.273527
148.5		0.273527
148.6		0.273527
148.7		0.273527
148.8		0.273527
148.9		0.273527
149		0.273527
149.1		0.273711
149.2		0.273711
149.3		0.273711
149.4		0.273711
149.5		0.273711
149.6		0.273711
149.7		0.273711
149.8		0.273711
149.9		0.273711
150		0.273711
150.1		0.275414
150.2		0.275414
150.3		0.275414
150.4		0.275414
150.5		0.275414
150.6		0.275414
150.7		0.275414
150.8		0.275414
150.9		0.275414
151		0.275414
151.1		0.276381
151.2		0.276381
151.3		0.276381
151.4		0.276381
151.5		0.276381
151.6		0.276381
151.7		0.276381
151.8		0.276381
151.9		0.276381
152		0.276381
152.1		0.279742
152.2		0.279742
152.3		0.279742
152.4		0.279742
152.5		0.279742
152.6		0.279742
152.7		0.279742
152.8		0.279742
152.9		0.279742
153		0.279742
153.1		0.283748
153.2		0.283748
153.3		0.283748
153.4		0.283748
153.5		0.283748
153.6		0.283748
153.7		0.283748
153.8		0.283748
153.9		0.283748
154		0.283748
154.1		0.283978
154.2		0.283978
154.3		0.283978
154.4		0.283978
154.5		0.283978
154.6		0.283978
154.7		0.283978
154.8		0.283978
154.9		0.283978
155		0.283978
155.1		0.285129
155.2		0.285129
155.3		0.285129
155.4		0.285129
155.5		0.285129
155.6		0.285129
155.7		0.285129
155.8		0.285129
155.9		0.285129
156		0.285129
156.1		0.286832
156.2		0.286832
156.3		0.286832
156.4		0.286832
156.5		0.286832
156.6		0.286832
156.7		0.286832
156.8		0.286832
156.9		0.286832
157		0.286832
157.1		0.288029
157.2		0.288029
157.3		0.288029
157.4		0.288029
157.5		0.288029
157.6		0.288029
157.7		0.288029
157.8		0.288029
157.9		0.288029
158		0.288029
158.1		0.289134
158.2		0.289134
158.3		0.289134
158.4		0.289134
158.5		0.289134
158.6		0.289134
158.7		0.289134
158.8		0.289134
158.9		0.289134
159		0.289134
159.1		0.293324
159.2		0.293324
159.3		0.293324
159.4		0.293324
159.5		0.293324
159.6		0.293324
159.7		0.293324
159.8		0.293324
159.9		0.293324
160		0.293324
160.1		0.294567
160.2		0.294567
160.3		0.294567
160.4		0.294567
160.5		0.294567
160.6		0.294567
160.7		0.294567
160.8		0.294567
160.9		0.294567
161		0.294567
161.1		0.296731
161.2		0.296731
161.3		0.296731
161.4		0.296731
161.5		0.296731
161.6		0.296731
161.7		0.296731
161.8		0.296731
161.9		0.296731
162		0.296731
162.1		0.299217
162.2		0.299217
162.3		0.299217
162.4		0.299217
162.5		0.299217
162.6		0.299217
162.7		0.299217
162.8		0.299217
162.9		0.299217
163		0.299217
163.1		0.299816
163.2		0.299816
163.3		0.299816
163.4		0.299816
163.5		0.299816
163.6		0.299816
163.7		0.299816
163.8		0.299816
163.9		0.299816
164		0.299816
164.1		0.301105
164.2		0.301105
164.3		0.301105
164.4		0.301105
164.5		0.301105
164.6		0.301105
164.7		0.301105
164.8		0.301105
164.9		0.301105
165		0.301105
165.1		0.305893
165.2		0.305893
165.3		0.305893
165.4		0.305893
165.5		0.305893
165.6		0.305893
165.7		0.305893
165.8		0.305893
165.9		0.305893
166		0.305893
166.1		0.306538
166.2		0.306538
166.3		0.306538
166.4		0.306538
166.5		0.306538
166.6		0.306538
166.7		0.306538
166.8		0.306538
166.9		0.306538
167		0.306538
167.1		0.310497
167.2		0.310497
167.3		0.310497
167.4		0.310497
167.5		0.310497
167.6		0.310497
167.7		0.310497
167.8		0.310497
167.9		0.310497
168		0.310497
168.1		0.310773
168.2		0.310773
168.3		0.310773
168.4		0.310773
168.5		0.310773
168.6		0.310773
168.7		0.310773
168.8		0.310773
168.9		0.310773
169		0.310773
169.1		0.313076
169.2		0.313076
169.3		0.313076
169.4		0.313076
169.5		0.313076
169.6		0.313076
169.7		0.313076
169.8		0.313076
169.9		0.313076
170		0.313076
170.1		0.315976
170.2		0.315976
170.3		0.315976
170.4		0.315976
170.5		0.315976
170.6		0.315976
170.7		0.315976
170.8		0.315976
170.9		0.315976
171		0.315976
171.1		0.317173
171.2		0.317173
171.3		0.317173
171.4		0.317173
171.5		0.317173
171.6		0.317173
171.7		0.317173
171.8		0.317173
171.9		0.317173
172		0.317173
172.1		0.317541
172.2		0.317541
172.3		0.317541
172.4		0.317541
172.5		0.317541
172.6		0.317541
172.7		0.317541
172.8		0.317541
172.9		0.317541
173		0.317541
173.1		0.321179
173.2		0.321179
173.3		0.321179
173.4		0.321179
173.5		0.321179
173.6		0.321179
173.7		0.321179
173.8		0.321179
173.9		0.321179
174		0.321179
174.1		0.327072
174.2		0.327072
174.3		0.327072
174.4		0.327072
174.5		0.327072
174.6		0.327072
174.7		0.327072
174.8		0.327072
174.9		0.327072
175		0.327072
175.1		0.32721
175.2		0.32721
175.3		0.32721
175.4		0.32721
175.5		0.32721
175.6		0.32721
175.7		0.32721
175.8		0.32721
175.9		0.32721
176		0.32721
176.1		0.327302
176.2		0.327302
176.3		0.327302
176.4		0.327302
176.5		0.327302
176.6		0.327302
176.7		0.327302
176.8		0.327302
176.9		0.327302
177		0.327302
177.1		0.33186
177.2		0.33186
177.3		0.33186
177.4		0.33186
177.5		0.33186
177.6		0.33186
177.7		0.33186
177.8		0.33186
177.9		0.33186
178		0.33186
178.1		0.335451
178.2		0.335451
178.3		0.335451
178.4		0.335451
178.5		0.335451
178.6		0.335451
178.7		0.335451
178.8		0.335451
178.9		0.335451
179		0.335451
179.1		0.337201
179.2		0.337201
179.3		0.337201
179.4		0.337201
179.5		0.337201
179.6		0.337201
179.7		0.337201
179.8		0.337201
179.9		0.337201
180		0.337201
180.1		0.337661
180.2		0.337661
180.3		0.337661
180.4		0.337661
180.5		0.337661
180.6		0.337661
180.7		0.337661
180.8		0.337661
180.9		0.337661
181		0.337661
181.1		0.33849
181.2		0.33849
181.3		0.33849
181.4		0.33849
181.5		0.33849
181.6		0.33849
181.7		0.33849
181.8		0.33849
181.9		0.33849
182		0.33849
182.1		0.344613
182.2		0.344613
182.3		0.344613
182.4		0.344613
182.5		0.344613
182.6		0.344613
182.7		0.344613
182.8		0.344613
182.9		0.344613
183		0.344613
183.1		0.345212
183.2		0.345212
183.3		0.345212
183.4		0.345212
183.5		0.345212
183.6		0.345212
183.7		0.345212
183.8		0.345212
183.9		0.345212
184		0.345212
184.1		0.345442
184.2		0.345442
184.3		0.345442
184.4		0.345442
184.5		0.345442
184.6		0.345442
184.7		0.345442
184.8		0.345442
184.9		0.345442
185		0.345442
185.1		0.34825
185.2		0.34825
185.3		0.34825
185.4		0.34825
185.5		0.34825
185.6		0.34825
185.7		0.34825
185.8		0.34825
185.9		0.34825
186		0.34825
186.1		0.350368
186.2		0.350368
186.3		0.350368
186.4		0.350368
186.5		0.350368
186.6		0.350368
186.7		0.350368
186.8		0.350368
186.9		0.350368
187		0.350368
187.1		0.354282
187.2		0.354282
187.3		0.354282
187.4		0.354282
187.5		0.354282
187.6		0.354282
187.7		0.354282
187.8		0.354282
187.9		0.354282
188		0.354282
188.1		0.356722
188.2		0.356722
188.3		0.356722
188.4		0.356722
188.5		0.356722
188.6		0.356722
188.7		0.356722
188.8		0.356722
188.9		0.356722
189		0.356722
189.1		0.358241
189.2		0.358241
189.3		0.358241
189.4		0.358241
189.5		0.358241
189.6		0.358241
189.7		0.358241
189.8		0.358241
189.9		0.358241
190		0.358241
190.1		0.361648
190.2		0.361648
190.3		0.361648
190.4		0.361648
190.5		0.361648
190.6		0.361648
190.7		0.361648
190.8		0.361648
190.9		0.361648
191		0.361648
191.1		0.363766
191.2		0.363766
191.3		0.363766
191.4		0.363766
191.5		0.363766
191.6		0.363766
191.7		0.363766
191.8		0.363766
191.9		0.363766
192		0.363766
192.1		0.363904
192.2		0.363904
192.3		0.363904
192.4		0.363904
192.5		0.363904
192.6		0.363904
192.7		0.363904
192.8		0.363904
192.9		0.363904
193		0.363904
193.1		0.369245
193.2		0.369245
193.3		0.369245
193.4		0.369245
193.5		0.369245
193.6		0.369245
193.7		0.369245
193.8		0.369245
193.9		0.369245
194		0.369245
194.1		0.370534
194.2		0.370534
194.3		0.370534
194.4		0.370534
194.5		0.370534
194.6		0.370534
194.7		0.370534
194.8		0.370534
194.9		0.370534
195		0.370534
195.1		0.372514
195.2		0.372514
195.3		0.372514
195.4		0.372514
195.5		0.372514
195.6		0.372514
195.7		0.372514
195.8		0.372514
195.9		0.372514
196		0.372514
196.1		0.374171
196.2		0.374171
196.3		0.374171
196.4		0.374171
196.5		0.374171
196.6		0.374171
196.7		0.374171
196.8		0.374171
196.9		0.374171
197		0.374171
197.1		0.374678
197.2		0.374678
197.3		0.374678
197.4		0.374678
197.5		0.374678
197.6		0.374678
197.7		0.374678
197.8		0.374678
197.9		0.374678
198		0.374678
198.1		0.375921
198.2		0.375921
198.3		0.375921
198.4		0.375921
198.5		0.375921
198.6		0.375921
198.7		0.375921
198.8		0.375921
198.9		0.375921
199		0.375921
199.1		0.381169
199.2		0.381169
199.3		0.381169
199.4		0.381169
199.5		0.381169
199.6		0.381169
199.7		0.381169
199.8		0.381169
199.9		0.381169
200		0.381169
200.1		0.3814
200.2		0.3814
200.3		0.3814
200.4		0.3814
200.5		0.3814
200.6		0.3814
200.7		0.3814
200.8		0.3814
200.9		0.3814
201		0.3814
201.1		0.3843
201.2		0.3843
201.3		0.3843
201.4		0.3843
201.5		0.3843
201.6		0.3843
201.7		0.3843
201.8		0.3843
201.9		0.3843
202		0.3843
202.1		0.384669
202.2		0.384669
202.3		0.384669
202.4		0.384669
202.5		0.384669
202.6		0.384669
202.7		0.384669
202.8		0.384669
202.9		0.384669
203		0.384669
203.1		0.385912
203.2		0.385912
203.3		0.385912
203.4		0.385912
203.5		0.385912
203.6		0.385912
203.7		0.385912
203.8		0.385912
203.9		0.385912
204		0.385912
204.1		0.390147
204.2		0.390147
204.3		0.390147
204.4		0.390147
204.5		0.390147
204.6		0.390147
204.7		0.390147
204.8		0.390147
204.9		0.390147
205		0.390147
205.1		0.392726
205.2		0.392726
205.3		0.392726
205.4		0.392726
205.5		0.392726
205.6		0.392726
205.7		0.392726
205.8		0.392726
205.9		0.392726
206		0.392726
206.1		0.394015
206.2		0.394015
206.3		0.394015
206.4		0.394015
206.5		0.394015
206.6		0.394015
206.7		0.394015
206.8		0.394015
206.9		0.394015
207		0.394015
207.1		0.394521
207.2		0.394521
207.3		0.394521
207.4		0.394521
207.5		0.394521
207.6		0.394521
207.7		0.394521
207.8		0.394521
207.9		0.394521
208		0.394521
208.1		0.398711
208.2		0.398711
208.3		0.398711
208.4		0.398711
208.5		0.398711
208.6		0.398711
208.7		0.398711
208.8		0.398711
208.9		0.398711
209		0.398711
209.1		0.398941
209.2		0.398941
209.3		0.398941
209.4		0.398941
209.5		0.398941
209.6		0.398941
209.7		0.398941
209.8		0.398941
209.9		0.398941
210		0.398941
210.1		0.402302
210.2		0.402302
210.3		0.402302
210.4		0.402302
210.5		0.402302
210.6		0.402302
210.7		0.402302
210.8		0.402302
210.9		0.402302
211		0.402302
211.1		0.403821
211.2		0.403821
211.3		0.403821
211.4		0.403821
211.5		0.403821
211.6		0.403821
211.7		0.403821
211.8		0.403821
211.9		0.403821
212		0.403821
212.1		0.407735
212.2		0.407735
212.3		0.407735
212.4		0.407735
212.5		0.407735
212.6		0.407735
212.7		0.407735
212.8		0.407735
212.9		0.407735
213		0.407735
213.1		0.408287
213.2		0.408287
213.3		0.408287
213.4		0.408287
213.5		0.408287
213.6		0.408287
213.7		0.408287
213.8		0.408287
213.9		0.408287
214		0.408287
214.1		0.409254
214.2		0.409254
214.3		0.409254
214.4		0.409254
214.5		0.409254
214.6		0.409254
214.7		0.409254
214.8		0.409254
214.9		0.409254
215		0.409254
215.1		0.410912
215.2		0.410912
215.3		0.410912
215.4		0.410912
215.5		0.410912
215.6		0.410912
215.7		0.410912
215.8		0.410912
215.9		0.410912
216		0.410912
216.1		0.413628
216.2		0.413628
216.3		0.413628
216.4		0.413628
216.5		0.413628
216.6		0.413628
216.7		0.413628
216.8		0.413628
216.9		0.413628
217		0.413628
217.1		0.4157
217.2		0.4157
217.3		0.4157
217.4		0.4157
217.5		0.4157
217.6		0.4157
217.7		0.4157
217.8		0.4157
217.9		0.4157
218		0.4157
218.1		0.417495
218.2		0.417495
218.3		0.417495
218.4		0.417495
218.5		0.417495
218.6		0.417495
218.7		0.417495
218.8		0.417495
218.9		0.417495
219		0.417495
219.1		0.421179
219.2		0.421179
219.3		0.421179
219.4		0.421179
219.5		0.421179
219.6		0.421179
219.7		0.421179
219.8		0.421179
219.9		0.421179
220		0.421179
220.1		0.422422
220.2		0.422422
220.3		0.422422
220.4		0.422422
220.5		0.422422
220.6		0.422422
220.7		0.422422
220.8		0.422422
220.9		0.422422
221		0.422422
221.1		0.424263
221.2		0.424263
221.3		0.424263
221.4		0.424263
221.5		0.424263
221.6		0.424263
221.7		0.424263
221.8		0.424263
221.9		0.424263
222		0.424263
222.1		0.425783
222.2		0.425783
222.3		0.425783
222.4		0.425783
222.5		0.425783
222.6		0.425783
222.7		0.425783
222.8		0.425783
222.9		0.425783
223		0.425783
223.1		0.426611
223.2		0.426611
223.3		0.426611
223.4		0.426611
223.5		0.426611
223.6		0.426611
223.7		0.426611
223.8		0.426611
223.9		0.426611
224		0.426611
224.1		0.429466
224.2		0.429466
224.3		0.429466
224.4		0.429466
224.5		0.429466
224.6		0.429466
224.7		0.429466
224.8		0.429466
224.9		0.429466
225		0.429466
225.1		0.431308
225.2		0.431308
225.3		0.431308
225.4		0.431308
225.5		0.431308
225.6		0.431308
225.7		0.431308
225.8		0.431308
225.9		0.431308
226		0.431308
226.1		0.433011
226.2		0.433011
226.3		0.433011
226.4		0.433011
226.5		0.433011
226.6		0.433011
226.7		0.433011
226.8		0.433011
226.9		0.433011
227		0.433011
227.1		0.434484
227.2		0.434484
227.3		0.434484
227.4		0.434484
227.5		0.434484
227.6		0.434484
227.7		0.434484
227.8		0.434484
227.9		0.434484
228		0.434484
228.1		0.437753
228.2		0.437753
228.3		0.437753
228.4		0.437753
228.5		0.437753
228.6		0.437753
228.7		0.437753
228.8		0.437753
228.9		0.437753
229		0.437753
229.1		0.43918
229.2		0.43918
229.3		0.43918
229.4		0.43918
229.5		0.43918
229.6		0.43918
229.7		0.43918
229.8		0.43918
229.9		0.43918
230		0.43918
230.1		0.440285
230.2		0.440285
230.3		0.440285
230.4		0.440285
230.5		0.440285
230.6		0.440285
230.7		0.440285
230.8		0.440285
230.9		0.440285
231		0.440285
231.1		0.44337
231.2		0.44337
231.3		0.44337
231.4		0.44337
231.5		0.44337
231.6		0.44337
231.7		0.44337
231.8		0.44337
231.9		0.44337
232		0.44337
232.1		0.445028
232.2		0.445028
232.3		0.445028
232.4		0.445028
232.5		0.445028
232.6		0.445028
232.7		0.445028
232.8		0.445028
232.9		0.445028
233		0.445028
233.1		0.446639
233.2		0.446639
233.3		0.446639
233.4		0.446639
233.5		0.446639
233.6		0.446639
233.7		0.446639
233.8		0.446639
233.9		0.446639
234		0.446639
234.1		0.451657
234.2		0.451657
234.3		0.451657
234.4		0.451657
234.5		0.451657
234.6		0.451657
234.7		0.451657
234.8		0.451657
234.9		0.451657
235		0.451657
235.1		0.452716
235.2		0.452716
235.3		0.452716
235.4		0.452716
235.5		0.452716
235.6		0.452716
235.7		0.452716
235.8		0.452716
235.9		0.452716
236		0.452716
236.1		0.453039
236.2		0.453039
236.3		0.453039
236.4		0.453039
236.5		0.453039
236.6		0.453039
236.7		0.453039
236.8		0.453039
236.9		0.453039
237		0.453039
237.1		0.453223
237.2		0.453223
237.3		0.453223
237.4		0.453223
237.5		0.453223
237.6		0.453223
237.7		0.453223
237.8		0.453223
237.9		0.453223
238		0.453223
238.1		0.461464
238.2		0.461464
238.3		0.461464
238.4		0.461464
238.5		0.461464
238.6		0.461464
238.7		0.461464
238.8		0.461464
238.9		0.461464
239		0.461464
239.1		0.462201
239.2		0.462201
239.3		0.462201
239.4		0.462201
239.5		0.462201
239.6		0.462201
239.7		0.462201
239.8		0.462201
239.9		0.462201
240		0.462201
240.1		0.462523
240.2		0.462523
240.3		0.462523
240.4		0.462523
240.5		0.462523
240.6		0.462523
240.7		0.462523
240.8		0.462523
240.9		0.462523
241		0.462523
241.1		0.463766
241.2		0.463766
241.3		0.463766
241.4		0.463766
241.5		0.463766
241.6		0.463766
241.7		0.463766
241.8		0.463766
241.9		0.463766
242		0.463766
242.1		0.466759
242.2		0.466759
242.3		0.466759
242.4		0.466759
242.5		0.466759
242.6		0.466759
242.7		0.466759
242.8		0.466759
242.9		0.466759
243		0.466759
243.1		0.467634
243.2		0.467634
243.3		0.467634
243.4		0.467634
243.5		0.467634
243.6		0.467634
243.7		0.467634
243.8		0.467634
243.9		0.467634
244		0.467634
244.1		0.471731
244.2		0.471731
244.3		0.471731
244.4		0.471731
244.5		0.471731
244.6		0.471731
244.7		0.471731
244.8		0.471731
244.9		0.471731
245		0.471731
245.1		0.472468
245.2		0.472468
245.3		0.472468
245.4		0.472468
245.5		0.472468
245.6		0.472468
245.7		0.472468
245.8		0.472468
245.9		0.472468
246		0.472468
246.1		0.475276
246.2		0.475276
246.3		0.475276
246.4		0.475276
246.5		0.475276
246.6		0.475276
246.7		0.475276
246.8		0.475276
246.9		0.475276
247		0.475276
247.1		0.476565
247.2		0.476565
247.3		0.476565
247.4		0.476565
247.5		0.476565
247.6		0.476565
247.7		0.476565
247.8		0.476565
247.9		0.476565
248		0.476565
248.1		0.477532
248.2		0.477532
248.3		0.477532
248.4		0.477532
248.5		0.477532
248.6		0.477532
248.7		0.477532
248.8		0.477532
248.9		0.477532
249		0.477532
249.1		0.477993
249.2		0.477993
249.3		0.477993
249.4		0.477993
249.5		0.477993
249.6		0.477993
249.7		0.477993
249.8		0.477993
249.9		0.477993
250		0.477993
250.1		0.480387
250.2		0.480387
250.3		0.480387
250.4		0.480387
250.5		0.480387
250.6		0.480387
250.7		0.480387
250.8		0.480387
250.9		0.480387
251		0.480387
251.1		0.484208
251.2		0.484208
251.3		0.484208
251.4		0.484208
251.5		0.484208
251.6		0.484208
251.7		0.484208
251.8		0.484208
251.9		0.484208
252		0.484208
252.1		0.485912
252.2		0.485912
252.3		0.485912
252.4		0.485912
252.5		0.485912
252.6		0.485912
252.7		0.485912
252.8		0.485912
252.9		0.485912
253		0.485912
253.1		0.486971
253.2		0.486971
253.3		0.486971
253.4		0.486971
253.5		0.486971
253.6		0.486971
253.7		0.486971
253.8		0.486971
253.9		0.486971
254		0.486971
254.1		0.487753
254.2		0.487753
254.3		0.487753
254.4		0.487753
254.5		0.487753
254.6		0.487753
254.7		0.487753
254.8		0.487753
254.9		0.487753
255		0.487753
255.1		0.48849
255.2		0.48849
255.3		0.48849
255.4		0.48849
255.5		0.48849
255.6		0.48849
255.7		0.48849
255.8		0.48849
255.9		0.48849
256		0.48849
256.1		0.492081
256.2		0.492081
256.3		0.492081
256.4		0.492081
256.5		0.492081
256.6		0.492081
256.7		0.492081
256.8		0.492081
256.9		0.492081
257		0.492081
257.1		0.496133
257.2		0.496133
257.3		0.496133
257.4		0.496133
257.5		0.496133
257.6		0.496133
257.7		0.496133
257.8		0.496133
257.9		0.496133
258		0.496133
258.1		0.497652
258.2		0.497652
258.3		0.497652
258.4		0.497652
258.5		0.497652
258.6		0.497652
258.7		0.497652
258.8		0.497652
258.9		0.497652
259		0.497652
259.1		0.499171
259.2		0.499171
259.3		0.499171
259.4		0.499171
259.5		0.499171
259.6		0.499171
259.7		0.499171
259.8		0.499171
259.9		0.499171
260		0.499171
260.1		0.50198
260.2		0.50198
260.3		0.50198
260.4		0.50198
260.5		0.50198
260.6		0.50198
260.7		0.50198
260.8		0.50198
260.9		0.50198
261		0.50198
261.1		0.502394
261.2		0.502394
261.3		0.502394
261.4		0.502394
261.5		0.502394
261.6		0.502394
261.7		0.502394
261.8		0.502394
261.9		0.502394
262		0.502394
262.1		0.504926
262.2		0.504926
262.3		0.504926
262.4		0.504926
262.5		0.504926
262.6		0.504926
262.7		0.504926
262.8		0.504926
262.9		0.504926
263		0.504926
263.1		0.508517
263.2		0.508517
263.3		0.508517
263.4		0.508517
263.5		0.508517
263.6		0.508517
263.7		0.508517
263.8		0.508517
263.9		0.508517
264		0.508517
264.1		0.511142
264.2		0.511142
264.3		0.511142
264.4		0.511142
264.5		0.511142
264.6		0.511142
264.7		0.511142
264.8		0.511142
264.9		0.511142
265		0.511142
265.1		0.512937
265.2		0.512937
265.3		0.512937
265.4		0.512937
265.5		0.512937
265.6		0.512937
265.7		0.512937
265.8		0.512937
265.9		0.512937
266		0.512937
266.1		0.513306
266.2		0.513306
266.3		0.513306
266.4		0.513306
266.5		0.513306
266.6		0.513306
266.7		0.513306
266.8		0.513306
266.9		0.513306
267		0.513306
267.1		0.516621
267.2		0.516621
267.3		0.516621
267.4		0.516621
267.5		0.516621
267.6		0.516621
267.7		0.516621
267.8		0.516621
267.9		0.516621
268		0.516621
268.1		0.517864
268.2		0.517864
268.3		0.517864
268.4		0.517864
268.5		0.517864
268.6		0.517864
268.7		0.517864
268.8		0.517864
268.9		0.517864
269		0.517864
269.1		0.522284
269.2		0.522284
269.3		0.522284
269.4		0.522284
269.5		0.522284
269.6		0.522284
269.7		0.522284
269.8		0.522284
269.9		0.522284
270		0.522284
270.1		0.522698
270.2		0.522698
270.3		0.522698
270.4		0.522698
270.5		0.522698
270.6		0.522698
270.7		0.522698
270.8		0.522698
270.9		0.522698
271		0.522698
271.1		0.52546
271.2		0.52546
271.3		0.52546
271.4		0.52546
271.5		0.52546
271.6		0.52546
271.7		0.52546
271.8		0.52546
271.9		0.52546
272		0.52546
272.1		0.528361
272.2		0.528361
272.3		0.528361
272.4		0.528361
272.5		0.528361
272.6		0.528361
272.7		0.528361
272.8		0.528361
272.9		0.528361
273		0.528361
273.1		0.528683
273.2		0.528683
273.3		0.528683
273.4		0.528683
273.5		0.528683
273.6		0.528683
273.7		0.528683
273.8		0.528683
273.9		0.528683
274		0.528683
274.1		0.529512
274.2		0.529512
274.3		0.529512
274.4		0.529512
274.5		0.529512
274.6		0.529512
274.7		0.529512
274.8		0.529512
274.9		0.529512
275		0.529512
275.1		0.531538
275.2		0.531538
275.3		0.531538
275.4		0.531538
275.5		0.531538
275.6		0.531538
275.7		0.531538
275.8		0.531538
275.9		0.531538
276		0.531538
276.1		0.534991
276.2		0.534991
276.3		0.534991
276.4		0.534991
276.5		0.534991
276.6		0.534991
276.7		0.534991
276.8		0.534991
276.9		0.534991
277		0.534991
277.1		0.53895
277.2		0.53895
277.3		0.53895
277.4		0.53895
277.5		0.53895
277.6		0.53895
277.7		0.53895
277.8		0.53895
277.9		0.53895
278		0.53895
278.1		0.539917
278.2		0.539917
278.3		0.539917
278.4		0.539917
278.5		0.539917
278.6		0.539917
278.7		0.539917
278.8		0.539917
278.9		0.539917
279		0.539917
279.1		0.540009
279.2		0.540009
279.3		0.540009
279.4		0.540009
279.5		0.540009
279.6		0.540009
279.7		0.540009
279.8		0.540009
279.9		0.540009
280		0.540009
280.1		0.54314
280.2		0.54314
280.3		0.54314
280.4		0.54314
280.5		0.54314
280.6		0.54314
280.7		0.54314
280.8		0.54314
280.9		0.54314
281		0.54314
281.1		0.543646
281.2		0.543646
281.3		0.543646
281.4		0.543646
281.5		0.543646
281.6		0.543646
281.7		0.543646
281.8		0.543646
281.9		0.543646
282		0.543646
282.1		0.545626
282.2		0.545626
282.3		0.545626
282.4		0.545626
282.5		0.545626
282.6		0.545626
282.7		0.545626
282.8		0.545626
282.9		0.545626
283		0.545626
283.1		0.550138
283.2		0.550138
283.3		0.550138
283.4		0.550138
283.5		0.550138
283.6		0.550138
283.7		0.550138
283.8		0.550138
283.9		0.550138
284		0.550138
284.1		0.552716
284.2		0.552716
284.3		0.552716
284.4		0.552716
284.5		0.552716
284.6		0.552716
284.7		0.552716
284.8		0.552716
284.9		0.552716
285		0.552716
285.1		0.556123
285.2		0.556123
285.3		0.556123
285.4		0.556123
285.5		0.556123
285.6		0.556123
285.7		0.556123
285.8		0.556123
285.9		0.556123
286		0.556123
286.1		0.556262
286.2		0.556262
286.3		0.556262
286.4		0.556262
286.5		0.556262
286.6		0.556262
286.7		0.556262
286.8		0.556262
286.9		0.556262
287		0.556262
287.1		0.559853
287.2		0.559853
287.3		0.559853
287.4		0.559853
287.5		0.559853
287.6		0.559853
287.7		0.559853
287.8		0.559853
287.9		0.559853
288		0.559853
288.1		0.564457
288.2		0.564457
288.3		0.564457
288.4		0.564457
288.5		0.564457
288.6		0.564457
288.7		0.564457
288.8		0.564457
288.9		0.564457
289		0.564457
289.1		0.565838
289.2		0.565838
289.3		0.565838
289.4		0.565838
289.5		0.565838
289.6		0.565838
289.7		0.565838
289.8		0.565838
289.9		0.565838
290		0.565838
290.1		0.56593
290.2		0.56593
290.3		0.56593
290.4		0.56593
290.5		0.56593
290.6		0.56593
290.7		0.56593
290.8		0.56593
290.9		0.56593
291		0.56593
291.1		0.57081
291.2		0.57081
291.3		0.57081
291.4		0.57081
291.5		0.57081
291.6		0.57081
291.7		0.57081
291.8		0.57081
291.9		0.57081
292		0.57081
292.1		0.571869
292.2		0.571869
292.3		0.571869
292.4		0.571869
292.5		0.571869
292.6		0.571869
292.7		0.571869
292.8		0.571869
292.9		0.571869
293		0.571869
293.1		0.574171
293.2		0.574171
293.3		0.574171
293.4		0.574171
293.5		0.574171
293.6		0.574171
293.7		0.574171
293.8		0.574171
293.9		0.574171
294		0.574171
294.1		0.575599
294.2		0.575599
294.3		0.575599
294.4		0.575599
294.5		0.575599
294.6		0.575599
294.7		0.575599
294.8		0.575599
294.9		0.575599
295		0.575599
295.1		0.576703
295.2		0.576703
295.3		0.576703
295.4		0.576703
295.5		0.576703
295.6		0.576703
295.7		0.576703
295.8		0.576703
295.9		0.576703
296		0.576703
296.1		0.580709
296.2		0.580709
296.3		0.580709
296.4		0.580709
296.5		0.580709
296.6		0.580709
296.7		0.580709
296.8		0.580709
296.9		0.580709
297		0.580709
297.1		0.583057
297.2		0.583057
297.3		0.583057
297.4		0.583057
297.5		0.583057
297.6		0.583057
297.7		0.583057
297.8		0.583057
297.9		0.583057
298		0.583057
298.1		0.584208
298.2		0.584208
298.3		0.584208
298.4		0.584208
298.5		0.584208
298.6		0.584208
298.7		0.584208
298.8		0.584208
298.9		0.584208
299		0.584208
299.1		0.586648
299.2		0.586648
299.3		0.586648
299.4		0.586648
299.5		0.586648
299.6		0.586648
299.7		0.586648
299.8		0.586648
299.9		0.586648
300		0.586648
300.1		0.591575
300.2		0.591575
300.3		0.591575
300.4		0.591575
300.5		0.591575
300.6		0.591575
300.7		0.591575
300.8		0.591575
300.9		0.591575
301		0.591575
301.1		0.594199
301.2		0.594199
301.3		0.594199
301.4		0.594199
301.5		0.594199
301.6		0.594199
301.7		0.594199
301.8		0.594199
301.9		0.594199
302		0.594199
302.1		0.598158
302.2		0.598158
302.3		0.598158
302.4		0.598158
302.5		0.598158
302.6		0.598158
302.7		0.598158
302.8		0.598158
302.9		0.598158
303		0.598158
303.1		0.599586
303.2		0.599586
303.3		0.599586
303.4		0.599586
303.5		0.599586
303.6		0.599586
303.7		0.599586
303.8		0.599586
303.9		0.599586
304		0.599586
304.1		0.601105
304.2		0.601105
304.3		0.601105
304.4		0.601105
304.5		0.601105
304.6		0.601105
304.7		0.601105
304.8		0.601105
304.9		0.601105
305		0.601105
305.1		0.604466
305.2		0.604466
305.3		0.604466
305.4		0.604466
305.5		0.604466
305.6		0.604466
305.7		0.604466
305.8		0.604466
305.9		0.604466
306		0.604466
306.1		0.608379
306.2		0.608379
306.3		0.608379
306.4		0.608379
306.5		0.608379
306.6		0.608379
306.7		0.608379
306.8		0.608379
306.9		0.608379
307		0.608379
307.1		0.609254
307.2		0.609254
307.3		0.609254
307.4		0.609254
307.5		0.609254
307.6		0.609254
307.7		0.609254
307.8		0.609254
307.9		0.609254
308		0.609254
308.1		0.60953
308.2		0.60953
308.3		0.60953
308.4		0.60953
308.5		0.60953
308.6		0.60953
308.7		0.60953
308.8		0.60953
308.9		0.60953
309		0.60953
309.1		0.611786
309.2		0.611786
309.3		0.611786
309.4		0.611786
309.5		0.611786
309.6		0.611786
309.7		0.611786
309.8		0.611786
309.9		0.611786
310		0.611786
310.1		0.617818
310.2		0.617818
310.3		0.617818
310.4		0.617818
310.5		0.617818
310.6		0.617818
310.7		0.617818
310.8		0.617818
310.9		0.617818
311		0.617818
311.1		0.618877
311.2		0.618877
311.3		0.618877
311.4		0.618877
311.5		0.618877
311.6		0.618877
311.7		0.618877
311.8		0.618877
311.9		0.618877
312		0.618877
312.1		0.619797
312.2		0.619797
312.3		0.619797
312.4		0.619797
312.5		0.619797
312.6		0.619797
312.7		0.619797
312.8		0.619797
312.9		0.619797
313		0.619797
313.1		0.620994
313.2		0.620994
313.3		0.620994
313.4		0.620994
313.5		0.620994
313.6		0.620994
313.7		0.620994
313.8		0.620994
313.9		0.620994
314		0.620994
314.1		0.623297
314.2		0.623297
314.3		0.623297
314.4		0.623297
314.5		0.623297
314.6		0.623297
314.7		0.623297
314.8		0.623297
314.9		0.623297
315		0.623297
315.1		0.626473
315.2		0.626473
315.3		0.626473
315.4		0.626473
315.5		0.626473
315.6		0.626473
315.7		0.626473
315.8		0.626473
315.9		0.626473
316		0.626473
316.1		0.626703
316.2		0.626703
316.3		0.626703
316.4		0.626703
316.5		0.626703
316.6		0.626703
316.7		0.626703
316.8		0.626703
316.9		0.626703
317		0.626703
317.1		0.628039
317.2		0.628039
317.3		0.628039
317.4		0.628039
317.5		0.628039
317.6		0.628039
317.7		0.628039
317.8		0.628039
317.9		0.628039
318		0.628039
318.1		0.631354
318.2		0.631354
318.3		0.631354
318.4		0.631354
318.5		0.631354
318.6		0.631354
318.7		0.631354
318.8		0.631354
318.9		0.631354
319		0.631354
319.1		0.633656
319.2		0.633656
319.3		0.633656
319.4		0.633656
319.5		0.633656
319.6		0.633656
319.7		0.633656
319.8		0.633656
319.9		0.633656
320		0.633656
320.1		0.635175
320.2		0.635175
320.3		0.635175
320.4		0.635175
320.5		0.635175
320.6		0.635175
320.7		0.635175
320.8		0.635175
320.9		0.635175
321		0.635175
321.1		0.637293
321.2		0.637293
321.3		0.637293
321.4		0.637293
321.5		0.637293
321.6		0.637293
321.7		0.637293
321.8		0.637293
321.9		0.637293
322		0.637293
322.1		0.641897
322.2		0.641897
322.3		0.641897
322.4		0.641897
322.5		0.641897
322.6		0.641897
322.7		0.641897
322.8		0.641897
322.9		0.641897
323		0.641897
323.1		0.642127
323.2		0.642127
323.3		0.642127
323.4		0.642127
323.5		0.642127
323.6		0.642127
323.7		0.642127
323.8		0.642127
323.9		0.642127
324		0.642127
324.1		0.643554
324.2		0.643554
324.3		0.643554
324.4		0.643554
324.5		0.643554
324.6		0.643554
324.7		0.643554
324.8		0.643554
324.9		0.643554
325		0.643554
325.1		0.646409
325.2		0.646409
325.3		0.646409
325.4		0.646409
325.5		0.646409
325.6		0.646409
325.7		0.646409
325.8		0.646409
325.9		0.646409
326		0.646409
326.1		0.646961
326.2		0.646961
326.3		0.646961
326.4		0.646961
326.5		0.646961
326.6		0.646961
326.7		0.646961
326.8		0.646961
326.9		0.646961
327		0.646961
327.1		0.651703
327.2		0.651703
327.3		0.651703
327.4		0.651703
327.5		0.651703
327.6		0.651703
327.7		0.651703
327.8		0.651703
327.9		0.651703
328		0.651703
328.1		0.652394
328.2		0.652394
328.3		0.652394
328.4		0.652394
328.5		0.652394
328.6		0.652394
328.7		0.652394
328.8		0.652394
328.9		0.652394
329		0.652394
329.1		0.654282
329.2		0.654282
329.3		0.654282
329.4		0.654282
329.5		0.654282
329.6		0.654282
329.7		0.654282
329.8		0.654282
329.9		0.654282
330		0.654282
330.1		0.655479
330.2		0.655479
330.3		0.655479
330.4		0.655479
330.5		0.655479
330.6		0.655479
330.7		0.655479
330.8		0.655479
330.9		0.655479
331		0.655479
331.1		0.657228
331.2		0.657228
331.3		0.657228
331.4		0.657228
331.5		0.657228
331.6		0.657228
331.7		0.657228
331.8		0.657228
331.9		0.657228
332		0.657228
332.1		0.660773
332.2		0.660773
332.3		0.660773
332.4		0.660773
332.5		0.660773
332.6		0.660773
332.7		0.660773
332.8		0.660773
332.9		0.660773
333		0.660773
333.1		0.663214
333.2		0.663214
333.3		0.663214
333.4		0.663214
333.5		0.663214
333.6		0.663214
333.7		0.663214
333.8		0.663214
333.9		0.663214
334		0.663214
334.1		0.663766
334.2		0.663766
334.3		0.663766
334.4		0.663766
334.5		0.663766
334.6		0.663766
334.7		0.663766
334.8		0.663766
334.9		0.663766
335		0.663766
335.1		0.663858
335.2		0.663858
335.3		0.663858
335.4		0.663858
335.5		0.663858
335.6		0.663858
335.7		0.663858
335.8		0.663858
335.9		0.663858
336		0.663858
336.1		0.669521
336.2		0.669521
336.3		0.669521
336.4		0.669521
336.5		0.669521
336.6		0.669521
336.7		0.669521
336.8		0.669521
336.9		0.669521
337		0.669521
337.1		0.670212
337.2		0.670212
337.3		0.670212
337.4		0.670212
337.5		0.670212
337.6		0.670212
337.7		0.670212
337.8		0.670212
337.9		0.670212
338		0.670212
338.1		0.67302
338.2		0.67302
338.3		0.67302
338.4		0.67302
338.5		0.67302
338.6		0.67302
338.7		0.67302
338.8		0.67302
338.9		0.67302
339		0.67302
339.1		0.675783
339.2		0.675783
339.3		0.675783
339.4		0.675783
339.5		0.675783
339.6		0.675783
339.7		0.675783
339.8		0.675783
339.9		0.675783
340		0.675783
340.1		0.678591
340.2		0.678591
340.3		0.678591
340.4		0.678591
340.5		0.678591
340.6		0.678591
340.7		0.678591
340.8		0.678591
340.9		0.678591
341		0.678591
341.1		0.679144
341.2		0.679144
341.3		0.679144
341.4		0.679144
341.5		0.679144
341.6		0.679144
341.7		0.679144
341.8		0.679144
341.9		0.679144
342		0.679144
342.1		0.683333
342.2		0.683333
342.3		0.683333
342.4		0.683333
342.5		0.683333
342.6		0.683333
342.7		0.683333
342.8		0.683333
342.9		0.683333
343		0.683333
343.1		0.684116
343.2		0.684116
343.3		0.684116
343.4		0.684116
343.5		0.684116
343.6		0.684116
343.7		0.684116
343.8		0.684116
343.9		0.684116
344		0.684116
344.1		0.687569
344.2		0.687569
344.3		0.687569
344.4		0.687569
344.5		0.687569
344.6		0.687569
344.7		0.687569
344.8		0.687569
344.9		0.687569
345		0.687569
345.1		0.691943
345.2		0.691943
345.3		0.691943
345.4		0.691943
345.5		0.691943
345.6		0.691943
345.7		0.691943
345.8		0.691943
345.9		0.691943
346		0.691943
346.1		0.692311
346.2		0.692311
346.3		0.692311
346.4		0.692311
346.5		0.692311
346.6		0.692311
346.7		0.692311
346.8		0.692311
346.9		0.692311
347		0.692311
347.1		0.693278
347.2		0.693278
347.3		0.693278
347.4		0.693278
347.5		0.693278
347.6		0.693278
347.7		0.693278
347.8		0.693278
347.9		0.693278
348		0.693278
348.1		0.694521
348.2		0.694521
348.3		0.694521
348.4		0.694521
348.5		0.694521
348.6		0.694521
348.7		0.694521
348.8		0.694521
348.9		0.694521
349		0.694521
349.1		0.69489
349.2		0.69489
349.3		0.69489
349.4		0.69489
349.5		0.69489
349.6		0.69489
349.7		0.69489
349.8		0.69489
349.9		0.69489
350		0.69489
350.1		0.699724
350.2		0.699724
350.3		0.699724
350.4		0.699724
350.5		0.699724
350.6		0.699724
350.7		0.699724
350.8		0.699724
350.9		0.699724
351		0.699724
351.1		0.702394
351.2		0.702394
351.3		0.702394
351.4		0.702394
351.5		0.702394
351.6		0.702394
351.7		0.702394
351.8		0.702394
351.9		0.702394
352		0.702394
352.1		0.705295
352.2		0.705295
352.3		0.705295
352.4		0.705295
352.5		0.705295
352.6		0.705295
352.7		0.705295
352.8		0.705295
352.9		0.705295
353		0.705295
353.1		0.708978
353.2		0.708978
353.3		0.708978
353.4		0.708978
353.5		0.708978
353.6		0.708978
353.7		0.708978
353.8		0.708978
353.9		0.708978
354		0.708978
354.1		0.710727
354.2		0.710727
354.3		0.710727
354.4		0.710727
354.5		0.710727
354.6		0.710727
354.7		0.710727
354.8		0.710727
354.9		0.710727
355		0.710727
355.1		0.716114
355.2		0.716114
355.3		0.716114
355.4		0.716114
355.5		0.716114
355.6		0.716114
355.7		0.716114
355.8		0.716114
355.9		0.716114
356		0.716114
356.1		0.716897
356.2		0.716897
356.3		0.716897
356.4		0.716897
356.5		0.716897
356.6		0.716897
356.7		0.716897
356.8		0.716897
356.9		0.716897
357		0.716897
357.1		0.718508
357.2		0.718508
357.3		0.718508
357.4		0.718508
357.5		0.718508
357.6		0.718508
357.7		0.718508
357.8		0.718508
357.9		0.718508
358		0.718508
358.1		0.722606
358.2		0.722606
358.3		0.722606
358.4		0.722606
358.5		0.722606
358.6		0.722606
358.7		0.722606
358.8		0.722606
358.9		0.722606
359		0.722606
359.1		0.723343
359.2		0.723343
359.3		0.723343
359.4		0.723343
359.5		0.723343
359.6		0.723343
359.7		0.723343
359.8		0.723343
359.9		0.723343
360		0.723343
360.1		0.725276
360.2		0.725276
360.3		0.725276
360.4		0.725276
360.5		0.725276
360.6		0.725276
360.7		0.725276
360.8		0.725276
360.9		0.725276
361		0.725276
361.1		0.726934
361.2		0.726934
361.3		0.726934
361.4		0.726934
361.5		0.726934
361.6		0.726934
361.7		0.726934
361.8		0.726934
361.9		0.726934
362		0.726934
362.1		0.73011
362.2		0.73011
362.3		0.73011
362.4		0.73011
362.5		0.73011
362.6		0.73011
362.7		0.73011
362.8		0.73011
362.9		0.73011
363		0.73011
363.1		0.732228
363.2		0.732228
363.3		0.732228
363.4		0.732228
363.5		0.732228
363.6		0.732228
363.7		0.732228
363.8		0.732228
363.9		0.732228
364		0.732228
364.1		0.73232
364.2		0.73232
364.3		0.73232
364.4		0.73232
364.5		0.73232
364.6		0.73232
364.7		0.73232
364.8		0.73232
364.9		0.73232
365		0.73232
365.1		0.733333
365.2		0.733333
365.3		0.733333
365.4		0.733333
365.5		0.733333
365.6		0.733333
365.7		0.733333
365.8		0.733333
365.9		0.733333
366		0.733333
366.1		0.738536
366.2		0.738536
366.3		0.738536
366.4		0.738536
366.5		0.738536
366.6		0.738536
366.7		0.738536
366.8		0.738536
366.9		0.738536
367		0.738536
367.1		0.739687
367.2		0.739687
367.3		0.739687
367.4		0.739687
367.5		0.739687
367.6		0.739687
367.7		0.739687
367.8		0.739687
367.9		0.739687
368		0.739687
368.1		0.741344
368.2		0.741344
368.3		0.741344
368.4		0.741344
368.5		0.741344
368.6		0.741344
368.7		0.741344
368.8		0.741344
368.9		0.741344
369		0.741344
369.1		0.742818
369.2		0.742818
369.3		0.742818
369.4		0.742818
369.5		0.742818
369.6		0.742818
369.7		0.742818
369.8		0.742818
369.9		0.742818
370		0.742818
370.1		0.743094
370.2		0.743094
370.3		0.743094
370.4		0.743094
370.5		0.743094
370.6		0.743094
370.7		0.743094
370.8		0.743094
370.9		0.743094
371		0.743094
371.1		0.748573
371.2		0.748573
371.3		0.748573
371.4		0.748573
371.5		0.748573
371.6		0.748573
371.7		0.748573
371.8		0.748573
371.9		0.748573
372		0.748573
372.1		0.749171
372.2		0.749171
372.3		0.749171
372.4		0.749171
372.5		0.749171
372.6		0.749171
372.7		0.749171
372.8		0.749171
372.9		0.749171
373		0.749171
373.1		0.750138
373.2		0.750138
373.3		0.750138
373.4		0.750138
373.5		0.750138
373.6		0.750138
373.7		0.750138
373.8		0.750138
373.9		0.750138
374		0.750138
374.1		0.753361
374.2		0.753361
374.3		0.753361
374.4		0.753361
374.5		0.753361
374.6		0.753361
374.7		0.753361
374.8		0.753361
374.9		0.753361
375		0.753361
375.1		0.754512
375.2		0.754512
375.3		0.754512
375.4		0.754512
375.5		0.754512
375.6		0.754512
375.7		0.754512
375.8		0.754512
375.9		0.754512
376		0.754512
376.1		0.758886
376.2		0.758886
376.3		0.758886
376.4		0.758886
376.5		0.758886
376.6		0.758886
376.7		0.758886
376.8		0.758886
376.9		0.758886
377		0.758886
377.1		0.760681
377.2		0.760681
377.3		0.760681
377.4		0.760681
377.5		0.760681
377.6		0.760681
377.7		0.760681
377.8		0.760681
377.9		0.760681
378		0.760681
378.1		0.762477
378.2		0.762477
378.3		0.762477
378.4		0.762477
378.5		0.762477
378.6		0.762477
378.7		0.762477
378.8		0.762477
378.9		0.762477
379		0.762477
379.1		0.764088
379.2		0.764088
379.3		0.764088
379.4		0.764088
379.5		0.764088
379.6		0.764088
379.7		0.764088
379.8		0.764088
379.9		0.764088
380		0.764088
380.1		0.767587
380.2		0.767587
380.3		0.767587
380.4		0.767587
380.5		0.767587
380.6		0.767587
380.7		0.767587
380.8		0.767587
380.9		0.767587
381		0.767587
381.1		0.769429
381.2		0.769429
381.3		0.769429
381.4		0.769429
381.5		0.769429
381.6		0.769429
381.7		0.769429
381.8		0.769429
381.9		0.769429
382		0.769429
382.1		0.770718
382.2		0.770718
382.3		0.770718
382.4		0.770718
382.5		0.770718
382.6		0.770718
382.7		0.770718
382.8		0.770718
382.9		0.770718
383		0.770718
383.1		0.772284
383.2		0.772284
383.3		0.772284
383.4		0.772284
383.5		0.772284
383.6		0.772284
383.7		0.772284
383.8		0.772284
383.9		0.772284
384		0.772284
384.1		0.776197
384.2		0.776197
384.3		0.776197
384.4		0.776197
384.5		0.776197
384.6		0.776197
384.7		0.776197
384.8		0.776197
384.9		0.776197
385		0.776197
385.1		0.77698
385.2		0.77698
385.3		0.77698
385.4		0.77698
385.5		0.77698
385.6		0.77698
385.7		0.77698
385.8		0.77698
385.9		0.77698
386		0.77698
386.1		0.779144
386.2		0.779144
386.3		0.779144
386.4		0.779144
386.5		0.779144
386.6		0.779144
386.7		0.779144
386.8		0.779144
386.9		0.779144
387		0.779144
387.1		0.780341
387.2		0.780341
387.3		0.780341
387.4		0.780341
387.5		0.780341
387.6		0.780341
387.7		0.780341
387.8		0.780341
387.9		0.780341
388		0.780341
388.1		0.783333
388.2		0.783333
388.3		0.783333
388.4		0.783333
388.5		0.783333
388.6		0.783333
388.7		0.783333
388.8		0.783333
388.9		0.783333
389		0.783333
389.1		0.784991
389.2		0.784991
389.3		0.784991
389.4		0.784991
389.5		0.784991
389.6		0.784991
389.7		0.784991
389.8		0.784991
389.9		0.784991
390		0.784991
390.1		0.785313
390.2		0.785313
390.3		0.785313
390.4		0.785313
390.5		0.785313
390.6		0.785313
390.7		0.785313
390.8		0.785313
390.9		0.785313
391		0.785313
391.1		0.787155
391.2		0.787155
391.3		0.787155
391.4		0.787155
391.5		0.787155
391.6		0.787155
391.7		0.787155
391.8		0.787155
391.9		0.787155
392		0.787155
392.1		0.788996
392.2		0.788996
392.3		0.788996
392.4		0.788996
392.5		0.788996
392.6		0.788996
392.7		0.788996
392.8		0.788996
392.9		0.788996
393		0.788996
393.1		0.791298
393.2		0.791298
393.3		0.791298
393.4		0.791298
393.5		0.791298
393.6		0.791298
393.7		0.791298
393.8		0.791298
393.9		0.791298
394		0.791298
394.1		0.794383
394.2		0.794383
394.3		0.794383
394.4		0.794383
394.5		0.794383
394.6		0.794383
394.7		0.794383
394.8		0.794383
394.9		0.794383
395		0.794383
395.1		0.796087
395.2		0.796087
395.3		0.796087
395.4		0.796087
395.5		0.796087
395.6		0.796087
395.7		0.796087
395.8		0.796087
395.9		0.796087
396		0.796087
396.1		0.797974
396.2		0.797974
396.3		0.797974
396.4		0.797974
396.5		0.797974
396.6		0.797974
396.7		0.797974
396.8		0.797974
396.9		0.797974
397		0.797974
397.1		0.801243
397.2		0.801243
397.3		0.801243
397.4		0.801243
397.5		0.801243
397.6		0.801243
397.7		0.801243
397.8		0.801243
397.9		0.801243
398		0.801243
398.1		0.802855
398.2		0.802855
398.3		0.802855
398.4		0.802855
398.5		0.802855
398.6		0.802855
398.7		0.802855
398.8		0.802855
398.9		0.802855
399		0.802855
399.1		0.803453
399.2		0.803453
399.3		0.803453
399.4		0.803453
399.5		0.803453
399.6		0.803453
399.7		0.803453
399.8		0.803453
399.9		0.803453
400		0.803453
400.1		0.80686
400.2		0.80686
400.3		0.80686
400.4		0.80686
400.5		0.80686
400.6		0.80686
400.7		0.80686
400.8		0.80686
400.9		0.80686
401		0.80686
401.1		0.809669
401.2		0.809669
401.3		0.809669
401.4		0.809669
401.5		0.809669
401.6		0.809669
401.7		0.809669
401.8		0.809669
401.9		0.809669
402		0.809669
402.1		0.811142
402.2		0.811142
402.3		0.811142
402.4		0.811142
402.5		0.811142
402.6		0.811142
402.7		0.811142
402.8		0.811142
402.9		0.811142
403		0.811142
403.1		0.811326
403.2		0.811326
403.3		0.811326
403.4		0.811326
403.5		0.811326
403.6		0.811326
403.7		0.811326
403.8		0.811326
403.9		0.811326
404		0.811326
404.1		0.813029
404.2		0.813029
404.3		0.813029
404.4		0.813029
404.5		0.813029
404.6		0.813029
404.7		0.813029
404.8		0.813029
404.9		0.813029
405		0.813029
405.1		0.814411
405.2		0.814411
405.3		0.814411
405.4		0.814411
405.5		0.814411
405.6		0.814411
405.7		0.814411
405.8		0.814411
405.9		0.814411
406		0.814411
406.1		0.820534
406.2		0.820534
406.3		0.820534
406.4		0.820534
406.5		0.820534
406.6		0.820534
406.7		0.820534
406.8		0.820534
406.9		0.820534
407		0.820534
407.1		0.821777
407.2		0.821777
407.3		0.821777
407.4		0.821777
407.5		0.821777
407.6		0.821777
407.7		0.821777
407.8		0.821777
407.9		0.821777
408		0.821777
408.1		0.821961
408.2		0.821961
408.3		0.821961
408.4		0.821961
408.5		0.821961
408.6		0.821961
408.7		0.821961
408.8		0.821961
408.9		0.821961
409		0.821961
409.1		0.822007
409.2		0.822007
409.3		0.822007
409.4		0.822007
409.5		0.822007
409.6		0.822007
409.7		0.822007
409.8		0.822007
409.9		0.822007
410		0.822007
410.1		0.827164
410.2		0.827164
410.3		0.827164
410.4		0.827164
410.5		0.827164
410.6		0.827164
410.7		0.827164
410.8		0.827164
410.9		0.827164
411		0.827164
411.1		0.827348
411.2		0.827348
411.3		0.827348
411.4		0.827348
411.5		0.827348
411.6		0.827348
411.7		0.827348
411.8		0.827348
411.9		0.827348
412		0.827348
412.1		0.829972
412.2		0.829972
412.3		0.829972
412.4		0.829972
412.5		0.829972
412.6		0.829972
412.7		0.829972
412.8		0.829972
412.9		0.829972
413		0.829972
413.1		0.830525
413.2		0.830525
413.3		0.830525
413.4		0.830525
413.5		0.830525
413.6		0.830525
413.7		0.830525
413.8		0.830525
413.9		0.830525
414		0.830525
414.1		0.833886
414.2		0.833886
414.3		0.833886
414.4		0.833886
414.5		0.833886
414.6		0.833886
414.7		0.833886
414.8		0.833886
414.9		0.833886
415		0.833886
415.1		0.835681
415.2		0.835681
415.3		0.835681
415.4		0.835681
415.5		0.835681
415.6		0.835681
415.7		0.835681
415.8		0.835681
415.9		0.835681
416		0.835681
416.1		0.837707
416.2		0.837707
416.3		0.837707
416.4		0.837707
416.5		0.837707
416.6		0.837707
416.7		0.837707
416.8		0.837707
416.9		0.837707
417		0.837707
417.1		0.838628
417.2		0.838628
417.3		0.838628
417.4		0.838628
417.5		0.838628
417.6		0.838628
417.7		0.838628
417.8		0.838628
417.9		0.838628
418		0.838628
418.1		0.841114
418.2		0.841114
418.3		0.841114
418.4		0.841114
418.5		0.841114
418.6		0.841114
418.7		0.841114
418.8		0.841114
418.9		0.841114
419		0.841114
419.1		0.84291
419.2		0.84291
419.3		0.84291
419.4		0.84291
419.5		0.84291
419.6		0.84291
419.7		0.84291
419.8		0.84291
419.9		0.84291
420		0.84291
420.1		0.84535
420.2		0.84535
420.3		0.84535
420.4		0.84535
420.5		0.84535
420.6		0.84535
420.7		0.84535
420.8		0.84535
420.9		0.84535
421		0.84535
421.1		0.847007
421.2		0.847007
421.3		0.847007
421.4		0.847007
421.5		0.847007
421.6		0.847007
421.7		0.847007
421.8		0.847007
421.9		0.847007
422		0.847007
422.1		0.849033
422.2		0.849033
422.3		0.849033
422.4		0.849033
422.5		0.849033
422.6		0.849033
422.7		0.849033
422.8		0.849033
422.9		0.849033
423		0.849033
423.1		0.852072
423.2		0.852072
423.3		0.852072
423.4		0.852072
423.5		0.852072
423.6		0.852072
423.7		0.852072
423.8		0.852072
423.9		0.852072
424		0.852072
424.1		0.853637
424.2		0.853637
424.3		0.853637
424.4		0.853637
424.5		0.853637
424.6		0.853637
424.7		0.853637
424.8		0.853637
424.9		0.853637
425		0.853637
425.1		0.856031
425.2		0.856031
425.3		0.856031
425.4		0.856031
425.5		0.856031
425.6		0.856031
425.7		0.856031
425.8		0.856031
425.9		0.856031
426		0.856031
426.1		0.858425
426.2		0.858425
426.3		0.858425
426.4		0.858425
426.5		0.858425
426.6		0.858425
426.7		0.858425
426.8		0.858425
426.9		0.858425
427		0.858425
427.1		0.859991
427.2		0.859991
427.3		0.859991
427.4		0.859991
427.5		0.859991
427.6		0.859991
427.7		0.859991
427.8		0.859991
427.9		0.859991
428		0.859991
428.1		0.861418
428.2		0.861418
428.3		0.861418
428.4		0.861418
428.5		0.861418
428.6		0.861418
428.7		0.861418
428.8		0.861418
428.9		0.861418
429		0.861418
429.1		0.862707
429.2		0.862707
429.3		0.862707
429.4		0.862707
429.5		0.862707
429.6		0.862707
429.7		0.862707
429.8		0.862707
429.9		0.862707
430		0.862707
430.1		0.864503
430.2		0.864503
430.3		0.864503
430.4		0.864503
430.5		0.864503
430.6		0.864503
430.7		0.864503
430.8		0.864503
430.9		0.864503
431		0.864503
431.1		0.867864
431.2		0.867864
431.3		0.867864
431.4		0.867864
431.5		0.867864
431.6		0.867864
431.7		0.867864
431.8		0.867864
431.9		0.867864
432		0.867864
432.1		0.869199
432.2		0.869199
432.3		0.869199
432.4		0.869199
432.5		0.869199
432.6		0.869199
432.7		0.869199
432.8		0.869199
432.9		0.869199
433		0.869199
433.1		0.869521
433.2		0.869521
433.3		0.869521
433.4		0.869521
433.5		0.869521
433.6		0.869521
433.7		0.869521
433.8		0.869521
433.9		0.869521
434		0.869521
434.1		0.872099
434.2		0.872099
434.3		0.872099
434.4		0.872099
434.5		0.872099
434.6		0.872099
434.7		0.872099
434.8		0.872099
434.9		0.872099
435		0.872099
435.1		0.874908
435.2		0.874908
435.3		0.874908
435.4		0.874908
435.5		0.874908
435.6		0.874908
435.7		0.874908
435.8		0.874908
435.9		0.874908
436		0.874908
436.1		0.879742
436.2		0.879742
436.3		0.879742
436.4		0.879742
436.5		0.879742
436.6		0.879742
436.7		0.879742
436.8		0.879742
436.9		0.879742
437		0.879742
437.1		0.88011
437.2		0.88011
437.3		0.88011
437.4		0.88011
437.5		0.88011
437.6		0.88011
437.7		0.88011
437.8		0.88011
437.9		0.88011
438		0.88011
438.1		0.881215
438.2		0.881215
438.3		0.881215
438.4		0.881215
438.5		0.881215
438.6		0.881215
438.7		0.881215
438.8		0.881215
438.9		0.881215
439		0.881215
439.1		0.881492
439.2		0.881492
439.3		0.881492
439.4		0.881492
439.5		0.881492
439.6		0.881492
439.7		0.881492
439.8		0.881492
439.9		0.881492
440		0.881492
440.1		0.885773
440.2		0.885773
440.3		0.885773
440.4		0.885773
440.5		0.885773
440.6		0.885773
440.7		0.885773
440.8		0.885773
440.9		0.885773
441		0.885773
441.1		0.888168
441.2		0.888168
441.3		0.888168
441.4		0.888168
441.5		0.888168
441.6		0.888168
441.7		0.888168
441.8		0.888168
441.9		0.888168
442		0.888168
442.1		0.890378
442.2		0.890378
442.3		0.890378
442.4		0.890378
442.5		0.890378
442.6		0.890378
442.7		0.890378
442.8		0.890378
442.9		0.890378
443		0.890378
443.1		0.892403
443.2		0.892403
443.3		0.892403
443.4		0.892403
443.5		0.892403
443.6		0.892403
443.7		0.892403
443.8		0.892403
443.9		0.892403
444		0.892403
444.1		0.897099
444.2		0.897099
444.3		0.897099
444.4		0.897099
444.5		0.897099
444.6		0.897099
444.7		0.897099
444.8		0.897099
444.9		0.897099
445		0.897099
445.1		0.898527
445.2		0.898527
445.3		0.898527
445.4		0.898527
445.5		0.898527
445.6		0.898527
445.7		0.898527
445.8		0.898527
445.9		0.898527
446		0.898527
446.1		0.899171
446.2		0.899171
446.3		0.899171
446.4		0.899171
446.5		0.899171
446.6		0.899171
446.7		0.899171
446.8		0.899171
446.9		0.899171
447		0.899171
447.1		0.900092
447.2		0.900092
447.3		0.900092
447.4		0.900092
447.5		0.900092
447.6		0.900092
447.7		0.900092
447.8		0.900092
447.9		0.900092
448		0.900092
448.1		0.903361
448.2		0.903361
448.3		0.903361
448.4		0.903361
448.5		0.903361
448.6		0.903361
448.7		0.903361
448.8		0.903361
448.9		0.903361
449		0.903361
449.1		0.905801
449.2		0.905801
449.3		0.905801
449.4		0.905801
449.5		0.905801
449.6		0.905801
449.7		0.905801
449.8		0.905801
449.9		0.905801
450		0.905801
450.1		0.907413
450.2		0.907413
450.3		0.907413
450.4		0.907413
450.5		0.907413
450.6		0.907413
450.7		0.907413
450.8		0.907413
450.9		0.907413
451		0.907413
451.1		0.910083
451.2		0.910083
451.3		0.910083
451.4		0.910083
451.5		0.910083
451.6		0.910083
451.7		0.910083
451.8		0.910083
451.9		0.910083
452		0.910083
452.1		0.910497
452.2		0.910497
452.3		0.910497
452.4		0.910497
452.5		0.910497
452.6		0.910497
452.7		0.910497
452.8		0.910497
452.9		0.910497
453		0.910497
453.1		0.911142
453.2		0.911142
453.3		0.911142
453.4		0.911142
453.5		0.911142
453.6		0.911142
453.7		0.911142
453.8		0.911142
453.9		0.911142
454		0.911142
454.1		0.91372
454.2		0.91372
454.3		0.91372
454.4		0.91372
454.5		0.91372
454.6		0.91372
454.7		0.91372
454.8		0.91372
454.9		0.91372
455		0.91372
455.1		0.915378
455.2		0.915378
455.3		0.915378
455.4		0.915378
455.5		0.915378
455.6		0.915378
455.7		0.915378
455.8		0.915378
455.9		0.915378
456		0.915378
456.1		0.918831
456.2		0.918831
456.3		0.918831
456.4		0.918831
456.5		0.918831
456.6		0.918831
456.7		0.918831
456.8		0.918831
456.9		0.918831
457		0.918831
457.1		0.92058
457.2		0.92058
457.3		0.92058
457.4		0.92058
457.5		0.92058
457.6		0.92058
457.7		0.92058
457.8		0.92058
457.9		0.92058
458		0.92058
458.1		0.922422
458.2		0.922422
458.3		0.922422
458.4		0.922422
458.5		0.922422
458.6		0.922422
458.7		0.922422
458.8		0.922422
458.9		0.922422
459		0.922422
459.1		0.924171
459.2		0.924171
459.3		0.924171
459.4		0.924171
459.5		0.924171
459.6		0.924171
459.7		0.924171
459.8		0.924171
459.9		0.924171
460		0.924171
460.1		0.925184
460.2		0.925184
460.3		0.925184
460.4		0.925184
460.5		0.925184
460.6		0.925184
460.7		0.925184
460.8		0.925184
460.9		0.925184
461		0.925184
461.1		0.925691
461.2		0.925691
461.3		0.925691
461.4		0.925691
461.5		0.925691
461.6		0.925691
461.7		0.925691
461.8		0.925691
461.9		0.925691
462		0.925691
462.1		0.928821
462.2		0.928821
462.3		0.928821
462.4		0.928821
462.5		0.928821
462.6		0.928821
462.7		0.928821
462.8		0.928821
462.9		0.928821
463		0.928821
463.1		0.932597
463.2		0.932597
463.3		0.932597
463.4		0.932597
463.5		0.932597
463.6		0.932597
463.7		0.932597
463.8		0.932597
463.9		0.932597
464		0.932597
464.1		0.933886
464.2		0.933886
464.3		0.933886
464.4		0.933886
464.5		0.933886
464.6		0.933886
464.7		0.933886
464.8		0.933886
464.9		0.933886
465		0.933886
465.1		0.934761
465.2		0.934761
465.3		0.934761
465.4		0.934761
465.5		0.934761
465.6		0.934761
465.7		0.934761
465.8		0.934761
465.9		0.934761
466		0.934761
466.1		0.937109
466.2		0.937109
466.3		0.937109
466.4		0.937109
466.5		0.937109
466.6		0.937109
466.7		0.937109
466.8		0.937109
466.9		0.937109
467		0.937109
467.1		0.937983
467.2		0.937983
467.3		0.937983
467.4		0.937983
467.5		0.937983
467.6		0.937983
467.7		0.937983
467.8		0.937983
467.9		0.937983
468		0.937983
468.1		0.938858
468.2		0.938858
468.3		0.938858
468.4		0.938858
468.5		0.938858
468.6		0.938858
468.7		0.938858
468.8		0.938858
468.9		0.938858
469		0.938858
469.1		0.941483
469.2		0.941483
469.3		0.941483
469.4		0.941483
469.5		0.941483
469.6		0.941483
469.7		0.941483
469.8		0.941483
469.9		0.941483
470		0.941483
470.1		0.94733
470.2		0.94733
470.3		0.94733
470.4		0.94733
470.5		0.94733
470.6		0.94733
470.7		0.94733
470.8		0.94733
470.9		0.94733
471		0.94733
471.1		0.94779
471.2		0.94779
471.3		0.94779
471.4		0.94779
471.5		0.94779
471.6		0.94779
471.7		0.94779
471.8		0.94779
471.9		0.94779
472		0.94779
472.1		0.948481
472.2		0.948481
472.3		0.948481
472.4		0.948481
472.5		0.948481
472.6		0.948481
472.7		0.948481
472.8		0.948481
472.9		0.948481
473		0.948481
473.1		0.948573
473.2		0.948573
473.3		0.948573
473.4		0.948573
473.5		0.948573
473.6		0.948573
473.7		0.948573
473.8		0.948573
473.9		0.948573
474		0.948573
474.1		0.951565
474.2		0.951565
474.3		0.951565
474.4		0.951565
474.5		0.951565
474.6		0.951565
474.7		0.951565
474.8		0.951565
474.9		0.951565
475		0.951565
475.1		0.952348
475.2		0.952348
475.3		0.952348
475.4		0.952348
475.5		0.952348
475.6		0.952348
475.7		0.952348
475.8		0.952348
475.9		0.952348
476		0.952348
476.1		0.95732
476.2		0.95732
476.3		0.95732
476.4		0.95732
476.5		0.95732
476.6		0.95732
476.7		0.95732
476.8		0.95732
476.9		0.95732
477		0.95732
477.1		0.95861
477.2		0.95861
477.3		0.95861
477.4		0.95861
477.5		0.95861
477.6		0.95861
477.7		0.95861
477.8		0.95861
477.9		0.95861
478		0.95861
478.1		0.958978
478.2		0.958978
478.3		0.958978
478.4		0.958978
478.5		0.958978
478.6		0.958978
478.7		0.958978
478.8		0.958978
478.9		0.958978
479		0.958978
479.1		0.962799
479.2		0.962799
479.3		0.962799
479.4		0.962799
479.5		0.962799
479.6		0.962799
479.7		0.962799
479.8		0.962799
479.9		0.962799
480		0.962799
480.1		0.96326
480.2		0.96326
480.3		0.96326
480.4		0.96326
480.5		0.96326
480.6		0.96326
480.7		0.96326
480.8		0.96326
480.9		0.96326
481		0.96326
481.1		0.963812
481.2		0.963812
481.3		0.963812
481.4		0.963812
481.5		0.963812
481.6		0.963812
481.7		0.963812
481.8		0.963812
481.9		0.963812
482		0.963812
482.1		0.968416
482.2		0.968416
482.3		0.968416
482.4		0.968416
482.5		0.968416
482.6		0.968416
482.7		0.968416
482.8		0.968416
482.9		0.968416
483		0.968416
483.1		0.970948
483.2		0.970948
483.3		0.970948
483.4		0.970948
483.5		0.970948
483.6		0.970948
483.7		0.970948
483.8		0.970948
483.9		0.970948
484		0.970948
484.1		0.972284
484.2		0.972284
484.3		0.972284
484.4		0.972284
484.5		0.972284
484.6		0.972284
484.7		0.972284
484.8		0.972284
484.9		0.972284
485		0.972284
485.1		0.972698
485.2		0.972698
485.3		0.972698
485.4		0.972698
485.5		0.972698
485.6		0.972698
485.7		0.972698
485.8		0.972698
485.9		0.972698
486		0.972698
486.1		0.973987
486.2		0.973987
486.3		0.973987
486.4		0.973987
486.5		0.973987
486.6		0.973987
486.7		0.973987
486.8		0.973987
486.9		0.973987
487		0.973987
487.1		0.978453
487.2		0.978453
487.3		0.978453
487.4		0.978453
487.5		0.978453
487.6		0.978453
487.7		0.978453
487.8		0.978453
487.9		0.978453
488		0.978453
488.1		0.979834
488.2		0.979834
488.3		0.979834
488.4		0.979834
488.5		0.979834
488.6		0.979834
488.7		0.979834
488.8		0.979834
488.9		0.979834
489		0.979834
489.1		0.983978
489.2		0.983978
489.3		0.983978
489.4		0.983978
489.5		0.983978
489.6		0.983978
489.7		0.983978
489.8		0.983978
489.9		0.983978
490		0.983978
490.1		0.98407
490.2		0.98407
490.3		0.98407
490.4		0.98407
490.5		0.98407
490.6		0.98407
490.7		0.98407
490.8		0.98407
490.9		0.98407
491		0.98407
491.1		0.985543
491.2		0.985543
491.3		0.985543
491.4		0.985543
491.5		0.985543
491.6		0.985543
491.7		0.985543
491.8		0.985543
491.9		0.985543
492		0.985543
492.1		0.988076
492.2		0.988076
492.3		0.988076
492.4		0.988076
492.5		0.988076
492.6		0.988076
492.7		0.988076
492.8		0.988076
492.9		0.988076
493		0.988076
493.1		0.990976
493.2		0.990976
493.3		0.990976
493.4		0.990976
493.5		0.990976
493.6		0.990976
493.7		0.990976
493.8		0.990976
493.9		0.990976
494		0.990976
494.1		0.991621
494.2		0.991621
494.3		0.991621
494.4		0.991621
494.5		0.991621
494.6		0.991621
494.7		0.991621
494.8		0.991621
494.9		0.991621
495		0.991621
495.1		0.994659
495.2		0.994659
495.3		0.994659
495.4		0.994659
495.5		0.994659
495.6		0.994659
495.7		0.994659
495.8		0.994659
495.9		0.994659
496		0.994659
496.1		0.997698
496.2		0.997698
496.3		0.997698
496.4		0.997698
496.5		0.997698
496.6		0.997698
496.7		0.997698
496.8		0.997698
496.9		0.997698
497		0.997698
497.1		0.99977
497.2		0.99977
497.3		0.99977
497.4		0.99977
497.5		0.99977
497.6		0.99977
497.7		0.99977
497.8		0.99977
497.9		0.99977
498		0.99977
498.1		0.999954
498.2		0.999954
498.3		0.999954
498.4		0.999954
498.5		0.999954
498.6		0.999954
498.7		0.999954
498.8		0.999954
498.9		0.999954
499		0.999954
499.1		1
499.2		1
499.3		1
499.4		1
499.5		1
499.6		1
499.7		1
499.8		1
499.9		1
500		1
500.1		1
500.2		1
500.3		1
500.4		1
500.5		1
500.6		1
500.7		1
500.8		1
500.9		1
501		1
501.1		1
501.2		1
501.3		1
501.4		1
501.5		1
501.6		1
501.7		1
501.8		1
501.9		1
502		1
502.1		1
502.2		1
502.3		1
502.4		1
502.5		1
502.6		1
502.7		1
502.8		1
502.9		1
503		1
503.1		1
503.2		1
503.3		1
503.4		1
503.5		1
503.6		1
503.7		1
503.8		1
503.9		1
504		1
504.1		1
504.2		1
504.3		1
504.4		1
504.5		1
504.6		1
504.7		1
504.8		1
504.9		1
505		1
505.1		1
505.2		1
505.3		1
505.4		1
505.5		1
505.6		1
505.7		1
505.8		1
505.9		1
506		1
506.1		1
506.2		1
506.3		1
506.4		1
506.5		1
506.6		1
506.7		1
506.8		1
506.9		1
507		1
507.1		1
507.2		1
507.3		1
507.4		1
507.5		1
507.6		1
507.7		1
507.8		1
507.9		1
508		1
508.1		1
508.2		1
508.3		1
508.4		1
508.5		1
508.6		1
508.7		1
508.8		1
508.9		1
509		1
509.1		1
509.2		1
509.3		1
509.4		1
509.5		1
509.6		1
509.7		1
509.8		1
509.9		1
510		1
510.1		1
510.2		1
510.3		1
510.4		1
510.5		1
510.6		1
510.7		1
510.8		1
510.9		1
511		1
511.1		1
511.2		1
511.3		1
511.4		1
511.5		1
511.6		1
511.7		1
511.8		1
511.9		1
512		1
512.1		1
512.2		1
512.3		1
512.4		1
512.5		1
512.6		1
512.7		1
512.8		1
512.9		1
513		1
513.1		1
513.2		1
513.3		1
513.4		1
513.5		1
513.6		1
513.7		1
513.8		1
513.9		1
514		1
514.1		1
514.2		1
514.3		1
514.4		1
514.5		1
514.6		1
514.7		1
514.8		1
514.9		1
515		1
515.1		1
515.2		1
515.3		1
515.4		1
515.5		1
515.6		1
515.7		1
515.8		1
515.9		1
516		1
516.1		1
516.2		1
516.3		1
516.4		1
516.5		1
516.6		1
516.7		1
516.8		1
516.9		1
517		1
517.1		1
517.2		1
517.3		1
517.4		1
517.5		1
517.6		1
517.7		1
517.8		1
517.9		1
518		1
518.1		1
518.2		1
518.3		1
518.4		1
518.5		1
518.6		1
518.7		1
518.8		1
518.9		1
519		1
519.1		1
519.2		1
519.3		1
519.4		1
519.5		1
519.6		1
519.7		1
519.8		1
519.9		1
520		1
520.1		1
520.2		1
520.3		1
520.4		1
520.5		1
520.6		1
520.7		1
520.8		1
520.9		1
521		1
521.1		1
521.2		1
521.3		1
521.4		1
521.5		1
521.6		1
521.7		1
521.8		1
521.9		1
522		1
522.1		1
522.2		1
522.3		1
522.4		1
522.5		1
522.6		1
522.7		1
522.8		1
522.9		1
523		1
523.1		1
523.2		1
523.3		1
523.4		1
523.5		1
523.6		1
523.7		1
523.8		1
523.9		1
524		1
524.1		1
524.2		1
524.3		1
524.4		1
524.5		1
524.6		1
524.7		1
524.8		1
524.9		1
525		1
525.1		1
525.2		1
525.3		1
525.4		1
525.5		1
525.6		1
525.7		1
525.8		1
525.9		1
526		1
526.1		1
526.2		1
526.3		1
526.4		1
526.5		1
526.6		1
526.7		1
526.8		1
526.9		1
527		1
527.1		1
527.2		1
527.3		1
527.4		1
527.5		1
527.6		1
527.7		1
527.8		1
527.9		1
528		1
528.1		1
528.2		1
528.3		1
528.4		1
528.5		1
528.6		1
528.7		1
528.8		1
528.9		1
529		1
529.1		1
529.2		1
529.3		1
529.4		1
529.5		1
529.6		1
529.7		1
529.8		1
529.9		1
530		1
530.1		1
530.2		1
530.3		1
530.4		1
530.5		1
530.6		1
530.7		1
530.8		1
530.9		1
531		1
531.1		1
531.2		1
531.3		1
531.4		1
531.5		1
531.6		1
531.7		1
531.8		1
531.9		1
532		1
532.1		1
532.2		1
532.3		1
532.4		1
532.5		1
532.6		1
532.7		1
532.8		1
532.9		1
533		1
533.1		1
533.2		1
533.3		1
533.4		1
533.5		1
533.6		1
533.7		1
533.8		1
533.9		1
534		1
534.1		1
534.2		1
534.3		1
534.4		1
534.5		1
534.6		1
534.7		1
534.8		1
534.9		1
535		1
535.1		1
535.2		1
535.3		1
535.4		1
535.5		1
535.6		1
535.7		1
535.8		1
535.9		1
536		1
536.1		1
536.2		1
536.3		1
536.4		1
536.5		1
536.6		1
536.7		1
536.8		1
536.9		1
537		1
537.1		1
537.2		1
537.3		1
537.4		1
537.5		1
537.6		1
537.7		1
537.8		1
537.9		1
538		1
538.1		1
538.2		1
538.3		1
538.4		1
538.5		1
538.6		1
538.7		1
538.8		1
538.9		1
539		1
539.1		1
539.2		1
539.3		1
539.4		1
539.5		1
539.6		1
539.7		1
539.8		1
539.9		1
540		1
540.1		1
540.2		1
540.3		1
540.4		1
540.5		1
540.6		1
540.7		1
540.8		1
540.9		1
541		1
541.1		1
541.2		1
541.3		1
541.4		1
541.5		1
541.6		1
541.7		1
541.8		1
541.9		1
542		1
542.1		1
542.2		1
542.3		1
542.4		1
542.5		1
542.6		1
542.7		1
542.8		1
542.9		1
543		1
543.1		1
543.2		1
543.3		1
543.4		1
543.5		1
543.6		1
543.7		1
543.8		1
543.9		1
544		1
544.1		1
544.2		1
544.3		1
544.4		1
544.5		1
544.6		1
544.7		1
544.8		1
544.9		1
545		1
545.1		1
545.2		1
545.3		1
545.4		1
545.5		1
545.6		1
545.7		1
545.8		1
545.9		1
546		1
546.1		1
546.2		1
546.3		1
546.4		1
546.5		1
546.6		1
546.7		1
546.8		1
546.9		1
547		1
547.1		1
547.2		1
547.3		1
547.4		1
547.5		1
547.6		1
547.7		1
547.8		1
547.9		1
548		1
548.1		1
548.2		1
548.3		1
548.4		1
548.5		1
548.6		1
548.7		1
548.8		1
548.9		1
549		1
549.1		1
549.2		1
549.3		1
549.4		1
549.5		1
549.6		1
549.7		1
549.8		1
549.9		1
550		1
550.1		1
550.2		1
550.3		1
550.4		1
550.5		1
550.6		1
550.7		1
550.8		1
550.9		1
551		1
551.1		1
551.2		1
551.3		1
551.4		1
551.5		1
551.6		1
551.7		1
551.8		1
551.9		1
552		1
552.1		1
552.2		1
552.3		1
552.4		1
552.5		1
552.6		1
552.7		1
552.8		1
552.9		1
553		1
553.1		1
553.2		1
553.3		1
553.4		1
553.5		1
553.6		1
553.7		1
553.8		1
553.9		1
554		1
554.1		1
554.2		1
554.3		1
554.4		1
554.5		1
554.6		1
554.7		1
554.8		1
554.9		1
555		1
555.1		1
555.2		1
555.3		1
555.4		1
555.5		1
555.6		1
555.7		1
555.8		1
555.9		1
556		1
556.1		1
556.2		1
556.3		1
556.4		1
556.5		1
556.6		1
556.7		1
556.8		1
556.9		1
557		1
557.1		1
557.2		1
557.3		1
557.4		1
557.5		1
557.6		1
557.7		1
557.8		1
557.9		1
558		1
558.1		1
558.2		1
558.3		1
558.4		1
558.5		1
558.6		1
558.7		1
558.8		1
558.9		1
559		1
559.1		1
559.2		1
559.3		1
559.4		1
559.5		1
559.6		1
559.7		1
559.8		1
559.9		1
560		1
560.1		1
560.2		1
560.3		1
560.4		1
560.5		1
560.6		1
560.7		1
560.8		1
560.9		1
561		1
561.1		1
561.2		1
561.3		1
561.4		1
561.5		1
561.6		1
561.7		1
561.8		1
561.9		1
562		1
562.1		1
562.2		1
562.3		1
562.4		1
562.5		1
562.6		1
562.7		1
562.8		1
562.9		1
563		1
563.1		1
563.2		1
563.3		1
563.4		1
563.5		1
563.6		1
563.7		1
563.8		1
563.9		1
564		1
564.1		1
564.2		1
564.3		1
564.4		1
564.5		1
564.6		1
564.7		1
564.8		1
564.9		1
565		1
565.1		1
565.2		1
565.3		1
565.4		1
565.5		1
565.6		1
565.7		1
565.8		1
565.9		1
566		1
566.1		1
566.2		1
566.3		1
566.4		1
566.5		1
566.6		1
566.7		1
566.8		1
566.9		1
567		1
567.1		1
567.2		1
567.3		1
567.4		1
567.5		1
567.6		1
567.7		1
567.8		1
567.9		1
568		1
568.1		1
568.2		1
568.3		1
568.4		1
568.5		1
568.6		1
568.7		1
568.8		1
568.9		1
569		1
569.1		1
569.2		1
569.3		1
569.4		1
569.5		1
569.6		1
569.7		1
569.8		1
569.9		1
570		1
570.1		1
570.2		1
570.3		1
570.4		1
570.5		1
570.6		1
570.7		1
570.8		1
570.9		1
571		1
571.1		1
571.2		1
571.3		1
571.4		1
571.5		1
571.6		1
571.7		1
571.8		1
571.9		1
572		1
572.1		1
572.2		1
572.3		1
572.4		1
572.5		1
572.6		1
572.7		1
572.8		1
572.9		1
573		1
573.1		1
573.2		1
573.3		1
573.4		1
573.5		1
573.6		1
573.7		1
573.8		1
573.9		1
574		1
574.1		1
574.2		1
574.3		1
574.4		1
574.5		1
574.6		1
574.7		1
574.8		1
574.9		1
575		1
575.1		1
575.2		1
575.3		1
575.4		1
575.5		1
575.6		1
575.7		1
575.8		1
575.9		1
576		1
576.1		1
576.2		1
576.3		1
576.4		1
576.5		1
576.6		1
576.7		1
576.8		1
576.9		1
577		1
577.1		1
577.2		1
577.3		1
577.4		1
577.5		1
577.6		1
577.7		1
577.8		1
577.9		1
578		1
578.1		1
578.2		1
578.3		1
578.4		1
578.5		1
578.6		1
578.7		1
578.8		1
578.9		1
579		1
579.1		1
579.2		1
579.3		1
579.4		1
579.5		1
579.6		1
579.7		1
579.8		1
579.9		1
580		1
580.1		1
580.2		1
580.3		1
580.4		1
580.5		1
580.6		1
580.7		1
580.8		1
580.9		1
581		1
581.1		1
581.2		1
581.3		1
581.4		1
581.5		1
581.6		1
581.7		1
581.8		1
581.9		1
582		1
582.1		1
582.2		1
582.3		1
582.4		1
582.5		1
582.6		1
582.7		1
582.8		1
582.9		1
583		1
583.1		1
583.2		1
583.3		1
583.4		1
583.5		1
583.6		1
583.7		1
583.8		1
583.9		1
584		1
584.1		1
584.2		1
584.3		1
584.4		1
584.5		1
584.6		1
584.7		1
584.8		1
584.9		1
585		1
585.1		1
585.2		1
585.3		1
585.4		1
585.5		1
585.6		1
585.7		1
585.8		1
585.9		1
586		1
586.1		1
586.2		1
586.3		1
586.4		1
586.5		1
586.6		1
586.7		1
586.8		1
586.9		1
587		1
587.1		1
587.2		1
587.3		1
587.4		1
587.5		1
587.6		1
587.7		1
587.8		1
587.9		1
588		1
588.1		1
588.2		1
588.3		1
588.4		1
588.5		1
588.6		1
588.7		1
588.8		1
588.9		1
589		1
589.1		1
589.2		1
589.3		1
589.4		1
589.5		1
589.6		1
589.7		1
589.8		1
589.9		1
590		1
590.1		1
590.2		1
590.3		1
590.4		1
590.5		1
590.6		1
590.7		1
590.8		1
590.9		1
591		1
591.1		1
591.2		1
591.3		1
591.4		1
591.5		1
591.6		1
591.7		1
591.8		1
591.9		1
592		1
592.1		1
592.2		1
592.3		1
592.4		1
592.5		1
592.6		1
592.7		1
592.8		1
592.9		1
593		1
593.1		1
593.2		1
593.3		1
593.4		1
593.5		1
593.6		1
593.7		1
593.8		1
593.9		1
594		1
594.1		1
594.2		1
594.3		1
594.4		1
594.5		1
594.6		1
594.7		1
594.8		1
594.9		1
595		1
595.1		1
595.2		1
595.3		1
595.4		1
595.5		1
595.6		1
595.7		1
595.8		1
595.9		1
596		1
596.1		1
596.2		1
596.3		1
596.4		1
596.5		1
596.6		1
596.7		1
596.8		1
596.9		1
597		1
597.1		1
597.2		1
597.3		1
597.4		1
597.5		1
597.6		1
597.7		1
597.8		1
597.9		1
598		1
598.1		1
598.2		1
598.3		1
598.4		1
598.5		1
598.6		1
598.7		1
598.8		1
598.9		1
599		1
599.1		1
599.2		1
599.3		1
599.4		1
599.5		1
599.6		1
599.7		1
599.8		1
599.9		1
600		1
