# Calibration file of tamex_id 1 @ channel 8
# fine_T bin		 Calibration value
0.1		0
0.2		0
0.3		0
0.4		0
0.5		0
0.6		0
0.7		0
0.8		0
0.9		0
1		0
1.1		0
1.2		0
1.3		0
1.4		0
1.5		0
1.6		0
1.7		0
1.8		0
1.9		0
2		0
2.1		0
2.2		0
2.3		0
2.4		0
2.5		0
2.6		0
2.7		0
2.8		0
2.9		0
3		0
3.1		0
3.2		0
3.3		0
3.4		0
3.5		0
3.6		0
3.7		0
3.8		0
3.9		0
4		0
4.1		0
4.2		0
4.3		0
4.4		0
4.5		0
4.6		0
4.7		0
4.8		0
4.9		0
5		0
5.1		0
5.2		0
5.3		0
5.4		0
5.5		0
5.6		0
5.7		0
5.8		0
5.9		0
6		0
6.1		0
6.2		0
6.3		0
6.4		0
6.5		0
6.6		0
6.7		0
6.8		0
6.9		0
7		0
7.1		0
7.2		0
7.3		0
7.4		0
7.5		0
7.6		0
7.7		0
7.8		0
7.9		0
8		0
8.1		0
8.2		0
8.3		0
8.4		0
8.5		0
8.6		0
8.7		0
8.8		0
8.9		0
9		0
9.1		0
9.2		0
9.3		0
9.4		0
9.5		0
9.6		0
9.7		0
9.8		0
9.9		0
10		0
10.1		0
10.2		0
10.3		0
10.4		0
10.5		0
10.6		0
10.7		0
10.8		0
10.9		0
11		0
11.1		0
11.2		0
11.3		0
11.4		0
11.5		0
11.6		0
11.7		0
11.8		0
11.9		0
12		0
12.1		0
12.2		0
12.3		0
12.4		0
12.5		0
12.6		0
12.7		0
12.8		0
12.9		0
13		0
13.1		0
13.2		0
13.3		0
13.4		0
13.5		0
13.6		0
13.7		0
13.8		0
13.9		0
14		0
14.1		0
14.2		0
14.3		0
14.4		0
14.5		0
14.6		0
14.7		0
14.8		0
14.9		0
15		0
15.1		0
15.2		0
15.3		0
15.4		0
15.5		0
15.6		0
15.7		0
15.8		0
15.9		0
16		0
16.1		0.00342411
16.2		0.00342411
16.3		0.00342411
16.4		0.00342411
16.5		0.00342411
16.6		0.00342411
16.7		0.00342411
16.8		0.00342411
16.9		0.00342411
17		0.00342411
17.1		0.00829842
17.2		0.00829842
17.3		0.00829842
17.4		0.00829842
17.5		0.00829842
17.6		0.00829842
17.7		0.00829842
17.8		0.00829842
17.9		0.00829842
18		0.00829842
18.1		0.00858041
18.2		0.00858041
18.3		0.00858041
18.4		0.00858041
18.5		0.00858041
18.6		0.00858041
18.7		0.00858041
18.8		0.00858041
18.9		0.00858041
19		0.00858041
19.1		0.0100709
19.2		0.0100709
19.3		0.0100709
19.4		0.0100709
19.5		0.0100709
19.6		0.0100709
19.7		0.0100709
19.8		0.0100709
19.9		0.0100709
20		0.0100709
20.1		0.0155898
20.2		0.0155898
20.3		0.0155898
20.4		0.0155898
20.5		0.0155898
20.6		0.0155898
20.7		0.0155898
20.8		0.0155898
20.9		0.0155898
21		0.0155898
21.1		0.018611
21.2		0.018611
21.3		0.018611
21.4		0.018611
21.5		0.018611
21.6		0.018611
21.7		0.018611
21.8		0.018611
21.9		0.018611
22		0.018611
22.1		0.0188527
22.2		0.0188527
22.3		0.0188527
22.4		0.0188527
22.5		0.0188527
22.6		0.0188527
22.7		0.0188527
22.8		0.0188527
22.9		0.0188527
23		0.0188527
23.1		0.019457
23.2		0.019457
23.3		0.019457
23.4		0.019457
23.5		0.019457
23.6		0.019457
23.7		0.019457
23.8		0.019457
23.9		0.019457
24		0.019457
24.1		0.0228005
24.2		0.0228005
24.3		0.0228005
24.4		0.0228005
24.5		0.0228005
24.6		0.0228005
24.7		0.0228005
24.8		0.0228005
24.9		0.0228005
25		0.0228005
25.1		0.0253787
25.2		0.0253787
25.3		0.0253787
25.4		0.0253787
25.5		0.0253787
25.6		0.0253787
25.7		0.0253787
25.8		0.0253787
25.9		0.0253787
26		0.0253787
26.1		0.026426
26.2		0.026426
26.3		0.026426
26.4		0.026426
26.5		0.026426
26.6		0.026426
26.7		0.026426
26.8		0.026426
26.9		0.026426
27		0.026426
27.1		0.0279971
27.2		0.0279971
27.3		0.0279971
27.4		0.0279971
27.5		0.0279971
27.6		0.0279971
27.7		0.0279971
27.8		0.0279971
27.9		0.0279971
28		0.0279971
28.1		0.0304141
28.2		0.0304141
28.3		0.0304141
28.4		0.0304141
28.5		0.0304141
28.6		0.0304141
28.7		0.0304141
28.8		0.0304141
28.9		0.0304141
29		0.0304141
29.1		0.0326297
29.2		0.0326297
29.3		0.0326297
29.4		0.0326297
29.5		0.0326297
29.6		0.0326297
29.7		0.0326297
29.8		0.0326297
29.9		0.0326297
30		0.0326297
30.1		0.0339994
30.2		0.0339994
30.3		0.0339994
30.4		0.0339994
30.5		0.0339994
30.6		0.0339994
30.7		0.0339994
30.8		0.0339994
30.9		0.0339994
31		0.0339994
31.1		0.0366178
31.2		0.0366178
31.3		0.0366178
31.4		0.0366178
31.5		0.0366178
31.6		0.0366178
31.7		0.0366178
31.8		0.0366178
31.9		0.0366178
32		0.0366178
32.1		0.0372623
32.2		0.0372623
32.3		0.0372623
32.4		0.0372623
32.5		0.0372623
32.6		0.0372623
32.7		0.0372623
32.8		0.0372623
32.9		0.0372623
33		0.0372623
33.1		0.0379874
33.2		0.0379874
33.3		0.0379874
33.4		0.0379874
33.5		0.0379874
33.6		0.0379874
33.7		0.0379874
33.8		0.0379874
33.9		0.0379874
34		0.0379874
34.1		0.0435466
34.2		0.0435466
34.3		0.0435466
34.4		0.0435466
34.5		0.0435466
34.6		0.0435466
34.7		0.0435466
34.8		0.0435466
34.9		0.0435466
35		0.0435466
35.1		0.0438688
35.2		0.0438688
35.3		0.0438688
35.4		0.0438688
35.5		0.0438688
35.6		0.0438688
35.7		0.0438688
35.8		0.0438688
35.9		0.0438688
36		0.0438688
36.1		0.0451176
36.2		0.0451176
36.3		0.0451176
36.4		0.0451176
36.5		0.0451176
36.6		0.0451176
36.7		0.0451176
36.8		0.0451176
36.9		0.0451176
37		0.0451176
37.1		0.0465678
37.2		0.0465678
37.3		0.0465678
37.4		0.0465678
37.5		0.0465678
37.6		0.0465678
37.7		0.0465678
37.8		0.0465678
37.9		0.0465678
38		0.0465678
38.1		0.0511199
38.2		0.0511199
38.3		0.0511199
38.4		0.0511199
38.5		0.0511199
38.6		0.0511199
38.7		0.0511199
38.8		0.0511199
38.9		0.0511199
39		0.0511199
39.1		0.0519256
39.2		0.0519256
39.3		0.0519256
39.4		0.0519256
39.5		0.0519256
39.6		0.0519256
39.7		0.0519256
39.8		0.0519256
39.9		0.0519256
40		0.0519256
40.1		0.0538995
40.2		0.0538995
40.3		0.0538995
40.4		0.0538995
40.5		0.0538995
40.6		0.0538995
40.7		0.0538995
40.8		0.0538995
40.9		0.0538995
41		0.0538995
41.1		0.0547051
41.2		0.0547051
41.3		0.0547051
41.4		0.0547051
41.5		0.0547051
41.6		0.0547051
41.7		0.0547051
41.8		0.0547051
41.9		0.0547051
42		0.0547051
42.1		0.0586529
42.2		0.0586529
42.3		0.0586529
42.4		0.0586529
42.5		0.0586529
42.6		0.0586529
42.7		0.0586529
42.8		0.0586529
42.9		0.0586529
43		0.0586529
43.1		0.0588543
43.2		0.0588543
43.3		0.0588543
43.4		0.0588543
43.5		0.0588543
43.6		0.0588543
43.7		0.0588543
43.8		0.0588543
43.9		0.0588543
44		0.0588543
44.1		0.0593377
44.2		0.0593377
44.3		0.0593377
44.4		0.0593377
44.5		0.0593377
44.6		0.0593377
44.7		0.0593377
44.8		0.0593377
44.9		0.0593377
45		0.0593377
45.1		0.0596197
45.2		0.0596197
45.3		0.0596197
45.4		0.0596197
45.5		0.0596197
45.6		0.0596197
45.7		0.0596197
45.8		0.0596197
45.9		0.0596197
46		0.0596197
46.1		0.0643329
46.2		0.0643329
46.3		0.0643329
46.4		0.0643329
46.5		0.0643329
46.6		0.0643329
46.7		0.0643329
46.8		0.0643329
46.9		0.0643329
47		0.0643329
47.1		0.0667096
47.2		0.0667096
47.3		0.0667096
47.4		0.0667096
47.5		0.0667096
47.6		0.0667096
47.7		0.0667096
47.8		0.0667096
47.9		0.0667096
48		0.0667096
48.1		0.0688447
48.2		0.0688447
48.3		0.0688447
48.4		0.0688447
48.5		0.0688447
48.6		0.0688447
48.7		0.0688447
48.8		0.0688447
48.9		0.0688447
49		0.0688447
49.1		0.0718257
49.2		0.0718257
49.3		0.0718257
49.4		0.0718257
49.5		0.0718257
49.6		0.0718257
49.7		0.0718257
49.8		0.0718257
49.9		0.0718257
50		0.0718257
50.1		0.0721479
50.2		0.0721479
50.3		0.0721479
50.4		0.0721479
50.5		0.0721479
50.6		0.0721479
50.7		0.0721479
50.8		0.0721479
50.9		0.0721479
51		0.0721479
51.1		0.0748066
51.2		0.0748066
51.3		0.0748066
51.4		0.0748066
51.5		0.0748066
51.6		0.0748066
51.7		0.0748066
51.8		0.0748066
51.9		0.0748066
52		0.0748066
52.1		0.0775459
52.2		0.0775459
52.3		0.0775459
52.4		0.0775459
52.5		0.0775459
52.6		0.0775459
52.7		0.0775459
52.8		0.0775459
52.9		0.0775459
53		0.0775459
53.1		0.0800032
53.2		0.0800032
53.3		0.0800032
53.4		0.0800032
53.5		0.0800032
53.6		0.0800032
53.7		0.0800032
53.8		0.0800032
53.9		0.0800032
54		0.0800032
54.1		0.0818966
54.2		0.0818966
54.3		0.0818966
54.4		0.0818966
54.5		0.0818966
54.6		0.0818966
54.7		0.0818966
54.8		0.0818966
54.9		0.0818966
55		0.0818966
55.1		0.0834273
55.2		0.0834273
55.3		0.0834273
55.4		0.0834273
55.5		0.0834273
55.6		0.0834273
55.7		0.0834273
55.8		0.0834273
55.9		0.0834273
56		0.0834273
56.1		0.0848373
56.2		0.0848373
56.3		0.0848373
56.4		0.0848373
56.5		0.0848373
56.6		0.0848373
56.7		0.0848373
56.8		0.0848373
56.9		0.0848373
57		0.0848373
57.1		0.0864889
57.2		0.0864889
57.3		0.0864889
57.4		0.0864889
57.5		0.0864889
57.6		0.0864889
57.7		0.0864889
57.8		0.0864889
57.9		0.0864889
58		0.0864889
58.1		0.0881808
58.2		0.0881808
58.3		0.0881808
58.4		0.0881808
58.5		0.0881808
58.6		0.0881808
58.7		0.0881808
58.8		0.0881808
58.9		0.0881808
59		0.0881808
59.1		0.0919675
59.2		0.0919675
59.3		0.0919675
59.4		0.0919675
59.5		0.0919675
59.6		0.0919675
59.7		0.0919675
59.8		0.0919675
59.9		0.0919675
60		0.0919675
60.1		0.0931357
60.2		0.0931357
60.3		0.0931357
60.4		0.0931357
60.5		0.0931357
60.6		0.0931357
60.7		0.0931357
60.8		0.0931357
60.9		0.0931357
61		0.0931357
61.1		0.0932968
61.2		0.0932968
61.3		0.0932968
61.4		0.0932968
61.5		0.0932968
61.6		0.0932968
61.7		0.0932968
61.8		0.0932968
61.9		0.0932968
62		0.0932968
62.1		0.0963181
62.2		0.0963181
62.3		0.0963181
62.4		0.0963181
62.5		0.0963181
62.6		0.0963181
62.7		0.0963181
62.8		0.0963181
62.9		0.0963181
63		0.0963181
63.1		0.100024
63.2		0.100024
63.3		0.100024
63.4		0.100024
63.5		0.100024
63.6		0.100024
63.7		0.100024
63.8		0.100024
63.9		0.100024
64		0.100024
64.1		0.101192
64.2		0.101192
64.3		0.101192
64.4		0.101192
64.5		0.101192
64.6		0.101192
64.7		0.101192
64.8		0.101192
64.9		0.101192
65		0.101192
65.1		0.102763
65.2		0.102763
65.3		0.102763
65.4		0.102763
65.5		0.102763
65.6		0.102763
65.7		0.102763
65.8		0.102763
65.9		0.102763
66		0.102763
66.1		0.102884
66.2		0.102884
66.3		0.102884
66.4		0.102884
66.5		0.102884
66.6		0.102884
66.7		0.102884
66.8		0.102884
66.9		0.102884
67		0.102884
67.1		0.108564
67.2		0.108564
67.3		0.108564
67.4		0.108564
67.5		0.108564
67.6		0.108564
67.7		0.108564
67.8		0.108564
67.9		0.108564
68		0.108564
68.1		0.110015
68.2		0.110015
68.3		0.110015
68.4		0.110015
68.5		0.110015
68.6		0.110015
68.7		0.110015
68.8		0.110015
68.9		0.110015
69		0.110015
69.1		0.112955
69.2		0.112955
69.3		0.112955
69.4		0.112955
69.5		0.112955
69.6		0.112955
69.7		0.112955
69.8		0.112955
69.9		0.112955
70		0.112955
70.1		0.113157
70.2		0.113157
70.3		0.113157
70.4		0.113157
70.5		0.113157
70.6		0.113157
70.7		0.113157
70.8		0.113157
70.9		0.113157
71		0.113157
71.1		0.115574
71.2		0.115574
71.3		0.115574
71.4		0.115574
71.5		0.115574
71.6		0.115574
71.7		0.115574
71.8		0.115574
71.9		0.115574
72		0.115574
72.1		0.120367
72.2		0.120367
72.3		0.120367
72.4		0.120367
72.5		0.120367
72.6		0.120367
72.7		0.120367
72.8		0.120367
72.9		0.120367
73		0.120367
73.1		0.121415
73.2		0.121415
73.3		0.121415
73.4		0.121415
73.5		0.121415
73.6		0.121415
73.7		0.121415
73.8		0.121415
73.9		0.121415
74		0.121415
74.1		0.123389
74.2		0.123389
74.3		0.123389
74.4		0.123389
74.5		0.123389
74.6		0.123389
74.7		0.123389
74.8		0.123389
74.9		0.123389
75		0.123389
75.1		0.124154
75.2		0.124154
75.3		0.124154
75.4		0.124154
75.5		0.124154
75.6		0.124154
75.7		0.124154
75.8		0.124154
75.9		0.124154
76		0.124154
76.1		0.129955
76.2		0.129955
76.3		0.129955
76.4		0.129955
76.5		0.129955
76.6		0.129955
76.7		0.129955
76.8		0.129955
76.9		0.129955
77		0.129955
77.1		0.130317
77.2		0.130317
77.3		0.130317
77.4		0.130317
77.5		0.130317
77.6		0.130317
77.7		0.130317
77.8		0.130317
77.9		0.130317
78		0.130317
78.1		0.131929
78.2		0.131929
78.3		0.131929
78.4		0.131929
78.5		0.131929
78.6		0.131929
78.7		0.131929
78.8		0.131929
78.9		0.131929
79		0.131929
79.1		0.132493
79.2		0.132493
79.3		0.132493
79.4		0.132493
79.5		0.132493
79.6		0.132493
79.7		0.132493
79.8		0.132493
79.9		0.132493
80		0.132493
80.1		0.13781
80.2		0.13781
80.3		0.13781
80.4		0.13781
80.5		0.13781
80.6		0.13781
80.7		0.13781
80.8		0.13781
80.9		0.13781
81		0.13781
81.1		0.139905
81.2		0.139905
81.3		0.139905
81.4		0.139905
81.5		0.139905
81.6		0.139905
81.7		0.139905
81.8		0.139905
81.9		0.139905
82		0.139905
82.1		0.141315
82.2		0.141315
82.3		0.141315
82.4		0.141315
82.5		0.141315
82.6		0.141315
82.7		0.141315
82.8		0.141315
82.9		0.141315
83		0.141315
83.1		0.14208
83.2		0.14208
83.3		0.14208
83.4		0.14208
83.5		0.14208
83.6		0.14208
83.7		0.14208
83.8		0.14208
83.9		0.14208
84		0.14208
84.1		0.144094
84.2		0.144094
84.3		0.144094
84.4		0.144094
84.5		0.144094
84.6		0.144094
84.7		0.144094
84.8		0.144094
84.9		0.144094
85		0.144094
85.1		0.147357
85.2		0.147357
85.3		0.147357
85.4		0.147357
85.5		0.147357
85.6		0.147357
85.7		0.147357
85.8		0.147357
85.9		0.147357
86		0.147357
86.1		0.147801
86.2		0.147801
86.3		0.147801
86.4		0.147801
86.5		0.147801
86.6		0.147801
86.7		0.147801
86.8		0.147801
86.9		0.147801
87		0.147801
87.1		0.149855
87.2		0.149855
87.3		0.149855
87.4		0.149855
87.5		0.149855
87.6		0.149855
87.7		0.149855
87.8		0.149855
87.9		0.149855
88		0.149855
88.1		0.153682
88.2		0.153682
88.3		0.153682
88.4		0.153682
88.5		0.153682
88.6		0.153682
88.7		0.153682
88.8		0.153682
88.9		0.153682
89		0.153682
89.1		0.154931
89.2		0.154931
89.3		0.154931
89.4		0.154931
89.5		0.154931
89.6		0.154931
89.7		0.154931
89.8		0.154931
89.9		0.154931
90		0.154931
90.1		0.157469
90.2		0.157469
90.3		0.157469
90.4		0.157469
90.5		0.157469
90.6		0.157469
90.7		0.157469
90.8		0.157469
90.9		0.157469
91		0.157469
91.1		0.160691
91.2		0.160691
91.3		0.160691
91.4		0.160691
91.5		0.160691
91.6		0.160691
91.7		0.160691
91.8		0.160691
91.9		0.160691
92		0.160691
92.1		0.161819
92.2		0.161819
92.3		0.161819
92.4		0.161819
92.5		0.161819
92.6		0.161819
92.7		0.161819
92.8		0.161819
92.9		0.161819
93		0.161819
93.1		0.163995
93.2		0.163995
93.3		0.163995
93.4		0.163995
93.5		0.163995
93.6		0.163995
93.7		0.163995
93.8		0.163995
93.9		0.163995
94		0.163995
94.1		0.164599
94.2		0.164599
94.3		0.164599
94.4		0.164599
94.5		0.164599
94.6		0.164599
94.7		0.164599
94.8		0.164599
94.9		0.164599
95		0.164599
95.1		0.167499
95.2		0.167499
95.3		0.167499
95.4		0.167499
95.5		0.167499
95.6		0.167499
95.7		0.167499
95.8		0.167499
95.9		0.167499
96		0.167499
96.1		0.168506
96.2		0.168506
96.3		0.168506
96.4		0.168506
96.5		0.168506
96.6		0.168506
96.7		0.168506
96.8		0.168506
96.9		0.168506
97		0.168506
97.1		0.172172
97.2		0.172172
97.3		0.172172
97.4		0.172172
97.5		0.172172
97.6		0.172172
97.7		0.172172
97.8		0.172172
97.9		0.172172
98		0.172172
98.1		0.17471
98.2		0.17471
98.3		0.17471
98.4		0.17471
98.5		0.17471
98.6		0.17471
98.7		0.17471
98.8		0.17471
98.9		0.17471
99		0.17471
99.1		0.17475
99.2		0.17475
99.3		0.17475
99.4		0.17475
99.5		0.17475
99.6		0.17475
99.7		0.17475
99.8		0.17475
99.9		0.17475
100		0.17475
100.1		0.175677
100.2		0.175677
100.3		0.175677
100.4		0.175677
100.5		0.175677
100.6		0.175677
100.7		0.175677
100.8		0.175677
100.9		0.175677
101		0.175677
101.1		0.178255
101.2		0.178255
101.3		0.178255
101.4		0.178255
101.5		0.178255
101.6		0.178255
101.7		0.178255
101.8		0.178255
101.9		0.178255
102		0.178255
102.1		0.182122
102.2		0.182122
102.3		0.182122
102.4		0.182122
102.5		0.182122
102.6		0.182122
102.7		0.182122
102.8		0.182122
102.9		0.182122
103		0.182122
103.1		0.184459
103.2		0.184459
103.3		0.184459
103.4		0.184459
103.5		0.184459
103.6		0.184459
103.7		0.184459
103.8		0.184459
103.9		0.184459
104		0.184459
104.1		0.185989
104.2		0.185989
104.3		0.185989
104.4		0.185989
104.5		0.185989
104.6		0.185989
104.7		0.185989
104.8		0.185989
104.9		0.185989
105		0.185989
105.1		0.186755
105.2		0.186755
105.3		0.186755
105.4		0.186755
105.5		0.186755
105.6		0.186755
105.7		0.186755
105.8		0.186755
105.9		0.186755
106		0.186755
106.1		0.189494
106.2		0.189494
106.3		0.189494
106.4		0.189494
106.5		0.189494
106.6		0.189494
106.7		0.189494
106.8		0.189494
106.9		0.189494
107		0.189494
107.1		0.193361
107.2		0.193361
107.3		0.193361
107.4		0.193361
107.5		0.193361
107.6		0.193361
107.7		0.193361
107.8		0.193361
107.9		0.193361
108		0.193361
108.1		0.193925
108.2		0.193925
108.3		0.193925
108.4		0.193925
108.5		0.193925
108.6		0.193925
108.7		0.193925
108.8		0.193925
108.9		0.193925
109		0.193925
109.1		0.194409
109.2		0.194409
109.3		0.194409
109.4		0.194409
109.5		0.194409
109.6		0.194409
109.7		0.194409
109.8		0.194409
109.9		0.194409
110		0.194409
110.1		0.197712
110.2		0.197712
110.3		0.197712
110.4		0.197712
110.5		0.197712
110.6		0.197712
110.7		0.197712
110.8		0.197712
110.9		0.197712
111		0.197712
111.1		0.200089
111.2		0.200089
111.3		0.200089
111.4		0.200089
111.5		0.200089
111.6		0.200089
111.7		0.200089
111.8		0.200089
111.9		0.200089
112		0.200089
112.1		0.202707
112.2		0.202707
112.3		0.202707
112.4		0.202707
112.5		0.202707
112.6		0.202707
112.7		0.202707
112.8		0.202707
112.9		0.202707
113		0.202707
113.1		0.204399
113.2		0.204399
113.3		0.204399
113.4		0.204399
113.5		0.204399
113.6		0.204399
113.7		0.204399
113.8		0.204399
113.9		0.204399
114		0.204399
114.1		0.207662
114.2		0.207662
114.3		0.207662
114.4		0.207662
114.5		0.207662
114.6		0.207662
114.7		0.207662
114.8		0.207662
114.9		0.207662
115		0.207662
115.1		0.208024
115.2		0.208024
115.3		0.208024
115.4		0.208024
115.5		0.208024
115.6		0.208024
115.7		0.208024
115.8		0.208024
115.9		0.208024
116		0.208024
116.1		0.211529
116.2		0.211529
116.3		0.211529
116.4		0.211529
116.5		0.211529
116.6		0.211529
116.7		0.211529
116.8		0.211529
116.9		0.211529
117		0.211529
117.1		0.214027
117.2		0.214027
117.3		0.214027
117.4		0.214027
117.5		0.214027
117.6		0.214027
117.7		0.214027
117.8		0.214027
117.9		0.214027
118		0.214027
118.1		0.215517
118.2		0.215517
118.3		0.215517
118.4		0.215517
118.5		0.215517
118.6		0.215517
118.7		0.215517
118.8		0.215517
118.9		0.215517
119		0.215517
119.1		0.218055
119.2		0.218055
119.3		0.218055
119.4		0.218055
119.5		0.218055
119.6		0.218055
119.7		0.218055
119.8		0.218055
119.9		0.218055
120		0.218055
120.1		0.21874
120.2		0.21874
120.3		0.21874
120.4		0.21874
120.5		0.21874
120.6		0.21874
120.7		0.21874
120.8		0.21874
120.9		0.21874
121		0.21874
121.1		0.219707
121.2		0.219707
121.3		0.219707
121.4		0.219707
121.5		0.219707
121.6		0.219707
121.7		0.219707
121.8		0.219707
121.9		0.219707
122		0.219707
122.1		0.219908
122.2		0.219908
122.3		0.219908
122.4		0.219908
122.5		0.219908
122.6		0.219908
122.7		0.219908
122.8		0.219908
122.9		0.219908
123		0.219908
123.1		0.223453
123.2		0.223453
123.3		0.223453
123.4		0.223453
123.5		0.223453
123.6		0.223453
123.7		0.223453
123.8		0.223453
123.9		0.223453
124		0.223453
124.1		0.227643
124.2		0.227643
124.3		0.227643
124.4		0.227643
124.5		0.227643
124.6		0.227643
124.7		0.227643
124.8		0.227643
124.9		0.227643
125		0.227643
125.1		0.22869
125.2		0.22869
125.3		0.22869
125.4		0.22869
125.5		0.22869
125.6		0.22869
125.7		0.22869
125.8		0.22869
125.9		0.22869
126		0.22869
126.1		0.229254
126.2		0.229254
126.3		0.229254
126.4		0.229254
126.5		0.229254
126.6		0.229254
126.7		0.229254
126.8		0.229254
126.9		0.229254
127		0.229254
127.1		0.231752
127.2		0.231752
127.3		0.231752
127.4		0.231752
127.5		0.231752
127.6		0.231752
127.7		0.231752
127.8		0.231752
127.9		0.231752
128		0.231752
128.1		0.234773
128.2		0.234773
128.3		0.234773
128.4		0.234773
128.5		0.234773
128.6		0.234773
128.7		0.234773
128.8		0.234773
128.9		0.234773
129		0.234773
129.1		0.235337
129.2		0.235337
129.3		0.235337
129.4		0.235337
129.5		0.235337
129.6		0.235337
129.7		0.235337
129.8		0.235337
129.9		0.235337
130		0.235337
130.1		0.239244
130.2		0.239244
130.3		0.239244
130.4		0.239244
130.5		0.239244
130.6		0.239244
130.7		0.239244
130.8		0.239244
130.9		0.239244
131		0.239244
131.1		0.239728
131.2		0.239728
131.3		0.239728
131.4		0.239728
131.5		0.239728
131.6		0.239728
131.7		0.239728
131.8		0.239728
131.9		0.239728
132		0.239728
132.1		0.24283
132.2		0.24283
132.3		0.24283
132.4		0.24283
132.5		0.24283
132.6		0.24283
132.7		0.24283
132.8		0.24283
132.9		0.24283
133		0.24283
133.1		0.243595
133.2		0.243595
133.3		0.243595
133.4		0.243595
133.5		0.243595
133.6		0.243595
133.7		0.243595
133.8		0.243595
133.9		0.243595
134		0.243595
134.1		0.243837
134.2		0.243837
134.3		0.243837
134.4		0.243837
134.5		0.243837
134.6		0.243837
134.7		0.243837
134.8		0.243837
134.9		0.243837
135		0.243837
135.1		0.244683
135.2		0.244683
135.3		0.244683
135.4		0.244683
135.5		0.244683
135.6		0.244683
135.7		0.244683
135.8		0.244683
135.9		0.244683
136		0.244683
136.1		0.25149
136.2		0.25149
136.3		0.25149
136.4		0.25149
136.5		0.25149
136.6		0.25149
136.7		0.25149
136.8		0.25149
136.9		0.25149
137		0.25149
137.1		0.252377
137.2		0.252377
137.3		0.252377
137.4		0.252377
137.5		0.252377
137.6		0.252377
137.7		0.252377
137.8		0.252377
137.9		0.252377
138		0.252377
138.1		0.253182
138.2		0.253182
138.3		0.253182
138.4		0.253182
138.5		0.253182
138.6		0.253182
138.7		0.253182
138.8		0.253182
138.9		0.253182
139		0.253182
139.1		0.254552
139.2		0.254552
139.3		0.254552
139.4		0.254552
139.5		0.254552
139.6		0.254552
139.7		0.254552
139.8		0.254552
139.9		0.254552
140		0.254552
140.1		0.258379
140.2		0.258379
140.3		0.258379
140.4		0.258379
140.5		0.258379
140.6		0.258379
140.7		0.258379
140.8		0.258379
140.9		0.258379
141		0.258379
141.1		0.260715
141.2		0.260715
141.3		0.260715
141.4		0.260715
141.5		0.260715
141.6		0.260715
141.7		0.260715
141.8		0.260715
141.9		0.260715
142		0.260715
142.1		0.262448
142.2		0.262448
142.3		0.262448
142.4		0.262448
142.5		0.262448
142.6		0.262448
142.7		0.262448
142.8		0.262448
142.9		0.262448
143		0.262448
143.1		0.262609
143.2		0.262609
143.3		0.262609
143.4		0.262609
143.5		0.262609
143.6		0.262609
143.7		0.262609
143.8		0.262609
143.9		0.262609
144		0.262609
144.1		0.265751
144.2		0.265751
144.3		0.265751
144.4		0.265751
144.5		0.265751
144.6		0.265751
144.7		0.265751
144.8		0.265751
144.9		0.265751
145		0.265751
145.1		0.26841
145.2		0.26841
145.3		0.26841
145.4		0.26841
145.5		0.26841
145.6		0.26841
145.7		0.26841
145.8		0.26841
145.9		0.26841
146		0.26841
146.1		0.269538
146.2		0.269538
146.3		0.269538
146.4		0.269538
146.5		0.269538
146.6		0.269538
146.7		0.269538
146.8		0.269538
146.9		0.269538
147		0.269538
147.1		0.270625
147.2		0.270625
147.3		0.270625
147.4		0.270625
147.5		0.270625
147.6		0.270625
147.7		0.270625
147.8		0.270625
147.9		0.270625
148		0.270625
148.1		0.274694
148.2		0.274694
148.3		0.274694
148.4		0.274694
148.5		0.274694
148.6		0.274694
148.7		0.274694
148.8		0.274694
148.9		0.274694
149		0.274694
149.1		0.2755
149.2		0.2755
149.3		0.2755
149.4		0.2755
149.5		0.2755
149.6		0.2755
149.7		0.2755
149.8		0.2755
149.9		0.2755
150		0.2755
150.1		0.278843
150.2		0.278843
150.3		0.278843
150.4		0.278843
150.5		0.278843
150.6		0.278843
150.7		0.278843
150.8		0.278843
150.9		0.278843
151		0.278843
151.1		0.280454
151.2		0.280454
151.3		0.280454
151.4		0.280454
151.5		0.280454
151.6		0.280454
151.7		0.280454
151.8		0.280454
151.9		0.280454
152		0.280454
152.1		0.282146
152.2		0.282146
152.3		0.282146
152.4		0.282146
152.5		0.282146
152.6		0.282146
152.7		0.282146
152.8		0.282146
152.9		0.282146
153		0.282146
153.1		0.28408
153.2		0.28408
153.3		0.28408
153.4		0.28408
153.5		0.28408
153.6		0.28408
153.7		0.28408
153.8		0.28408
153.9		0.28408
154		0.28408
154.1		0.285893
154.2		0.285893
154.3		0.285893
154.4		0.285893
154.5		0.285893
154.6		0.285893
154.7		0.285893
154.8		0.285893
154.9		0.285893
155		0.285893
155.1		0.289277
155.2		0.289277
155.3		0.289277
155.4		0.289277
155.5		0.289277
155.6		0.289277
155.7		0.289277
155.8		0.289277
155.9		0.289277
156		0.289277
156.1		0.290082
156.2		0.290082
156.3		0.290082
156.4		0.290082
156.5		0.290082
156.6		0.290082
156.7		0.290082
156.8		0.290082
156.9		0.290082
157		0.290082
157.1		0.292499
157.2		0.292499
157.3		0.292499
157.4		0.292499
157.5		0.292499
157.6		0.292499
157.7		0.292499
157.8		0.292499
157.9		0.292499
158		0.292499
158.1		0.29544
158.2		0.29544
158.3		0.29544
158.4		0.29544
158.5		0.29544
158.6		0.29544
158.7		0.29544
158.8		0.29544
158.9		0.29544
159		0.29544
159.1		0.296366
159.2		0.296366
159.3		0.296366
159.4		0.296366
159.5		0.296366
159.6		0.296366
159.7		0.296366
159.8		0.296366
159.9		0.296366
160		0.296366
160.1		0.29685
160.2		0.29685
160.3		0.29685
160.4		0.29685
160.5		0.29685
160.6		0.29685
160.7		0.29685
160.8		0.29685
160.9		0.29685
161		0.29685
161.1		0.298179
161.2		0.298179
161.3		0.298179
161.4		0.298179
161.5		0.298179
161.6		0.298179
161.7		0.298179
161.8		0.298179
161.9		0.298179
162		0.298179
162.1		0.305027
162.2		0.305027
162.3		0.305027
162.4		0.305027
162.5		0.305027
162.6		0.305027
162.7		0.305027
162.8		0.305027
162.9		0.305027
163		0.305027
163.1		0.305471
163.2		0.305471
163.3		0.305471
163.4		0.305471
163.5		0.305471
163.6		0.305471
163.7		0.305471
163.8		0.305471
163.9		0.305471
164		0.305471
164.1		0.306921
164.2		0.306921
164.3		0.306921
164.4		0.306921
164.5		0.306921
164.6		0.306921
164.7		0.306921
164.8		0.306921
164.9		0.306921
165		0.306921
165.1		0.308129
165.2		0.308129
165.3		0.308129
165.4		0.308129
165.5		0.308129
165.6		0.308129
165.7		0.308129
165.8		0.308129
165.9		0.308129
166		0.308129
166.1		0.310143
166.2		0.310143
166.3		0.310143
166.4		0.310143
166.5		0.310143
166.6		0.310143
166.7		0.310143
166.8		0.310143
166.9		0.310143
167		0.310143
167.1		0.311191
167.2		0.311191
167.3		0.311191
167.4		0.311191
167.5		0.311191
167.6		0.311191
167.7		0.311191
167.8		0.311191
167.9		0.311191
168		0.311191
168.1		0.315501
168.2		0.315501
168.3		0.315501
168.4		0.315501
168.5		0.315501
168.6		0.315501
168.7		0.315501
168.8		0.315501
168.9		0.315501
169		0.315501
169.1		0.316347
169.2		0.316347
169.3		0.316347
169.4		0.316347
169.5		0.316347
169.6		0.316347
169.7		0.316347
169.8		0.316347
169.9		0.316347
170		0.316347
170.1		0.319932
170.2		0.319932
170.3		0.319932
170.4		0.319932
170.5		0.319932
170.6		0.319932
170.7		0.319932
170.8		0.319932
170.9		0.319932
171		0.319932
171.1		0.320375
171.2		0.320375
171.3		0.320375
171.4		0.320375
171.5		0.320375
171.6		0.320375
171.7		0.320375
171.8		0.320375
171.9		0.320375
172		0.320375
172.1		0.322228
172.2		0.322228
172.3		0.322228
172.4		0.322228
172.5		0.322228
172.6		0.322228
172.7		0.322228
172.8		0.322228
172.9		0.322228
173		0.322228
173.1		0.32251
173.2		0.32251
173.3		0.32251
173.4		0.32251
173.5		0.32251
173.6		0.32251
173.7		0.32251
173.8		0.32251
173.9		0.32251
174		0.32251
174.1		0.326781
174.2		0.326781
174.3		0.326781
174.4		0.326781
174.5		0.326781
174.6		0.326781
174.7		0.326781
174.8		0.326781
174.9		0.326781
175		0.326781
175.1		0.329278
175.2		0.329278
175.3		0.329278
175.4		0.329278
175.5		0.329278
175.6		0.329278
175.7		0.329278
175.8		0.329278
175.9		0.329278
176		0.329278
176.1		0.330889
176.2		0.330889
176.3		0.330889
176.4		0.330889
176.5		0.330889
176.6		0.330889
176.7		0.330889
176.8		0.330889
176.9		0.330889
177		0.330889
177.1		0.331212
177.2		0.331212
177.3		0.331212
177.4		0.331212
177.5		0.331212
177.6		0.331212
177.7		0.331212
177.8		0.331212
177.9		0.331212
178		0.331212
178.1		0.334394
178.2		0.334394
178.3		0.334394
178.4		0.334394
178.5		0.334394
178.6		0.334394
178.7		0.334394
178.8		0.334394
178.9		0.334394
179		0.334394
179.1		0.337577
179.2		0.337577
179.3		0.337577
179.4		0.337577
179.5		0.337577
179.6		0.337577
179.7		0.337577
179.8		0.337577
179.9		0.337577
180		0.337577
180.1		0.338181
180.2		0.338181
180.3		0.338181
180.4		0.338181
180.5		0.338181
180.6		0.338181
180.7		0.338181
180.8		0.338181
180.9		0.338181
181		0.338181
181.1		0.339309
181.2		0.339309
181.3		0.339309
181.4		0.339309
181.5		0.339309
181.6		0.339309
181.7		0.339309
181.8		0.339309
181.9		0.339309
182		0.339309
182.1		0.340477
182.2		0.340477
182.3		0.340477
182.4		0.340477
182.5		0.340477
182.6		0.340477
182.7		0.340477
182.8		0.340477
182.9		0.340477
183		0.340477
183.1		0.344022
183.2		0.344022
183.3		0.344022
183.4		0.344022
183.5		0.344022
183.6		0.344022
183.7		0.344022
183.8		0.344022
183.9		0.344022
184		0.344022
184.1		0.34805
184.2		0.34805
184.3		0.34805
184.4		0.34805
184.5		0.34805
184.6		0.34805
184.7		0.34805
184.8		0.34805
184.9		0.34805
185		0.34805
185.1		0.349138
185.2		0.349138
185.3		0.349138
185.4		0.349138
185.5		0.349138
185.6		0.349138
185.7		0.349138
185.8		0.349138
185.9		0.349138
186		0.349138
186.1		0.349863
186.2		0.349863
186.3		0.349863
186.4		0.349863
186.5		0.349863
186.6		0.349863
186.7		0.349863
186.8		0.349863
186.9		0.349863
187		0.349863
187.1		0.350064
187.2		0.350064
187.3		0.350064
187.4		0.350064
187.5		0.350064
187.6		0.350064
187.7		0.350064
187.8		0.350064
187.9		0.350064
188		0.350064
188.1		0.356671
188.2		0.356671
188.3		0.356671
188.4		0.356671
188.5		0.356671
188.6		0.356671
188.7		0.356671
188.8		0.356671
188.9		0.356671
189		0.356671
189.1		0.357074
189.2		0.357074
189.3		0.357074
189.4		0.357074
189.5		0.357074
189.6		0.357074
189.7		0.357074
189.8		0.357074
189.9		0.357074
190		0.357074
190.1		0.357799
190.2		0.357799
190.3		0.357799
190.4		0.357799
190.5		0.357799
190.6		0.357799
190.7		0.357799
190.8		0.357799
190.9		0.357799
191		0.357799
191.1		0.358927
191.2		0.358927
191.3		0.358927
191.4		0.358927
191.5		0.358927
191.6		0.358927
191.7		0.358927
191.8		0.358927
191.9		0.358927
192		0.358927
192.1		0.364728
192.2		0.364728
192.3		0.364728
192.4		0.364728
192.5		0.364728
192.6		0.364728
192.7		0.364728
192.8		0.364728
192.9		0.364728
193		0.364728
193.1		0.365815
193.2		0.365815
193.3		0.365815
193.4		0.365815
193.5		0.365815
193.6		0.365815
193.7		0.365815
193.8		0.365815
193.9		0.365815
194		0.365815
194.1		0.366621
194.2		0.366621
194.3		0.366621
194.4		0.366621
194.5		0.366621
194.6		0.366621
194.7		0.366621
194.8		0.366621
194.9		0.366621
195		0.366621
195.1		0.369119
195.2		0.369119
195.3		0.369119
195.4		0.369119
195.5		0.369119
195.6		0.369119
195.7		0.369119
195.8		0.369119
195.9		0.369119
196		0.369119
196.1		0.37218
196.2		0.37218
196.3		0.37218
196.4		0.37218
196.5		0.37218
196.6		0.37218
196.7		0.37218
196.8		0.37218
196.9		0.37218
197		0.37218
197.1		0.374839
197.2		0.374839
197.3		0.374839
197.4		0.374839
197.5		0.374839
197.6		0.374839
197.7		0.374839
197.8		0.374839
197.9		0.374839
198		0.374839
198.1		0.376088
198.2		0.376088
198.3		0.376088
198.4		0.376088
198.5		0.376088
198.6		0.376088
198.7		0.376088
198.8		0.376088
198.9		0.376088
199		0.376088
199.1		0.376652
199.2		0.376652
199.3		0.376652
199.4		0.376652
199.5		0.376652
199.6		0.376652
199.7		0.376652
199.8		0.376652
199.9		0.376652
200		0.376652
200.1		0.381687
200.2		0.381687
200.3		0.381687
200.4		0.381687
200.5		0.381687
200.6		0.381687
200.7		0.381687
200.8		0.381687
200.9		0.381687
201		0.381687
201.1		0.382009
201.2		0.382009
201.3		0.382009
201.4		0.382009
201.5		0.382009
201.6		0.382009
201.7		0.382009
201.8		0.382009
201.9		0.382009
202		0.382009
202.1		0.384104
202.2		0.384104
202.3		0.384104
202.4		0.384104
202.5		0.384104
202.6		0.384104
202.7		0.384104
202.8		0.384104
202.9		0.384104
203		0.384104
203.1		0.385232
203.2		0.385232
203.3		0.385232
203.4		0.385232
203.5		0.385232
203.6		0.385232
203.7		0.385232
203.8		0.385232
203.9		0.385232
204		0.385232
204.1		0.385796
204.2		0.385796
204.3		0.385796
204.4		0.385796
204.5		0.385796
204.6		0.385796
204.7		0.385796
204.8		0.385796
204.9		0.385796
205		0.385796
205.1		0.389704
205.2		0.389704
205.3		0.389704
205.4		0.389704
205.5		0.389704
205.6		0.389704
205.7		0.389704
205.8		0.389704
205.9		0.389704
206		0.389704
206.1		0.391395
206.2		0.391395
206.3		0.391395
206.4		0.391395
206.5		0.391395
206.6		0.391395
206.7		0.391395
206.8		0.391395
206.9		0.391395
207		0.391395
207.1		0.392765
207.2		0.392765
207.3		0.392765
207.4		0.392765
207.5		0.392765
207.6		0.392765
207.7		0.392765
207.8		0.392765
207.9		0.392765
208		0.392765
208.1		0.394296
208.2		0.394296
208.3		0.394296
208.4		0.394296
208.5		0.394296
208.6		0.394296
208.7		0.394296
208.8		0.394296
208.9		0.394296
209		0.394296
209.1		0.395303
209.2		0.395303
209.3		0.395303
209.4		0.395303
209.5		0.395303
209.6		0.395303
209.7		0.395303
209.8		0.395303
209.9		0.395303
210		0.395303
210.1		0.398364
210.2		0.398364
210.3		0.398364
210.4		0.398364
210.5		0.398364
210.6		0.398364
210.7		0.398364
210.8		0.398364
210.9		0.398364
211		0.398364
211.1		0.39913
211.2		0.39913
211.3		0.39913
211.4		0.39913
211.5		0.39913
211.6		0.39913
211.7		0.39913
211.8		0.39913
211.9		0.39913
212		0.39913
212.1		0.401668
212.2		0.401668
212.3		0.401668
212.4		0.401668
212.5		0.401668
212.6		0.401668
212.7		0.401668
212.8		0.401668
212.9		0.401668
213		0.401668
213.1		0.40195
213.2		0.40195
213.3		0.40195
213.4		0.40195
213.5		0.40195
213.6		0.40195
213.7		0.40195
213.8		0.40195
213.9		0.40195
214		0.40195
214.1		0.407589
214.2		0.407589
214.3		0.407589
214.4		0.407589
214.5		0.407589
214.6		0.407589
214.7		0.407589
214.8		0.407589
214.9		0.407589
215		0.407589
215.1		0.408355
215.2		0.408355
215.3		0.408355
215.4		0.408355
215.5		0.408355
215.6		0.408355
215.7		0.408355
215.8		0.408355
215.9		0.408355
216		0.408355
216.1		0.40904
216.2		0.40904
216.3		0.40904
216.4		0.40904
216.5		0.40904
216.6		0.40904
216.7		0.40904
216.8		0.40904
216.9		0.40904
217		0.40904
217.1		0.409805
217.2		0.409805
217.3		0.409805
217.4		0.409805
217.5		0.409805
217.6		0.409805
217.7		0.409805
217.8		0.409805
217.9		0.409805
218		0.409805
218.1		0.415404
218.2		0.415404
218.3		0.415404
218.4		0.415404
218.5		0.415404
218.6		0.415404
218.7		0.415404
218.8		0.415404
218.9		0.415404
219		0.415404
219.1		0.415807
219.2		0.415807
219.3		0.415807
219.4		0.415807
219.5		0.415807
219.6		0.415807
219.7		0.415807
219.8		0.415807
219.9		0.415807
220		0.415807
220.1		0.418506
220.2		0.418506
220.3		0.418506
220.4		0.418506
220.5		0.418506
220.6		0.418506
220.7		0.418506
220.8		0.418506
220.9		0.418506
221		0.418506
221.1		0.418748
221.2		0.418748
221.3		0.418748
221.4		0.418748
221.5		0.418748
221.6		0.418748
221.7		0.418748
221.8		0.418748
221.9		0.418748
222		0.418748
222.1		0.422655
222.2		0.422655
222.3		0.422655
222.4		0.422655
222.5		0.422655
222.6		0.422655
222.7		0.422655
222.8		0.422655
222.9		0.422655
223		0.422655
223.1		0.423622
223.2		0.423622
223.3		0.423622
223.4		0.423622
223.5		0.423622
223.6		0.423622
223.7		0.423622
223.8		0.423622
223.9		0.423622
224		0.423622
224.1		0.42616
224.2		0.42616
224.3		0.42616
224.4		0.42616
224.5		0.42616
224.6		0.42616
224.7		0.42616
224.8		0.42616
224.9		0.42616
225		0.42616
225.1		0.426482
225.2		0.426482
225.3		0.426482
225.4		0.426482
225.5		0.426482
225.6		0.426482
225.7		0.426482
225.8		0.426482
225.9		0.426482
226		0.426482
226.1		0.431598
226.2		0.431598
226.3		0.431598
226.4		0.431598
226.5		0.431598
226.6		0.431598
226.7		0.431598
226.8		0.431598
226.9		0.431598
227		0.431598
227.1		0.432807
227.2		0.432807
227.3		0.432807
227.4		0.432807
227.5		0.432807
227.6		0.432807
227.7		0.432807
227.8		0.432807
227.9		0.432807
228		0.432807
228.1		0.434338
228.2		0.434338
228.3		0.434338
228.4		0.434338
228.5		0.434338
228.6		0.434338
228.7		0.434338
228.8		0.434338
228.9		0.434338
229		0.434338
229.1		0.435627
229.2		0.435627
229.3		0.435627
229.4		0.435627
229.5		0.435627
229.6		0.435627
229.7		0.435627
229.8		0.435627
229.9		0.435627
230		0.435627
230.1		0.436996
230.2		0.436996
230.3		0.436996
230.4		0.436996
230.5		0.436996
230.6		0.436996
230.7		0.436996
230.8		0.436996
230.9		0.436996
231		0.436996
231.1		0.4403
231.2		0.4403
231.3		0.4403
231.4		0.4403
231.5		0.4403
231.6		0.4403
231.7		0.4403
231.8		0.4403
231.9		0.4403
232		0.4403
232.1		0.441629
232.2		0.441629
232.3		0.441629
232.4		0.441629
232.5		0.441629
232.6		0.441629
232.7		0.441629
232.8		0.441629
232.9		0.441629
233		0.441629
233.1		0.442233
233.2		0.442233
233.3		0.442233
233.4		0.442233
233.5		0.442233
233.6		0.442233
233.7		0.442233
233.8		0.442233
233.9		0.442233
234		0.442233
234.1		0.444127
234.2		0.444127
234.3		0.444127
234.4		0.444127
234.5		0.444127
234.6		0.444127
234.7		0.444127
234.8		0.444127
234.9		0.444127
235		0.444127
235.1		0.447591
235.2		0.447591
235.3		0.447591
235.4		0.447591
235.5		0.447591
235.6		0.447591
235.7		0.447591
235.8		0.447591
235.9		0.447591
236		0.447591
236.1		0.448356
236.2		0.448356
236.3		0.448356
236.4		0.448356
236.5		0.448356
236.6		0.448356
236.7		0.448356
236.8		0.448356
236.9		0.448356
237		0.448356
237.1		0.450733
237.2		0.450733
237.3		0.450733
237.4		0.450733
237.5		0.450733
237.6		0.450733
237.7		0.450733
237.8		0.450733
237.9		0.450733
238		0.450733
238.1		0.453916
238.2		0.453916
238.3		0.453916
238.4		0.453916
238.5		0.453916
238.6		0.453916
238.7		0.453916
238.8		0.453916
238.9		0.453916
239		0.453916
239.1		0.457944
239.2		0.457944
239.3		0.457944
239.4		0.457944
239.5		0.457944
239.6		0.457944
239.7		0.457944
239.8		0.457944
239.9		0.457944
240		0.457944
240.1		0.458347
240.2		0.458347
240.3		0.458347
240.4		0.458347
240.5		0.458347
240.6		0.458347
240.7		0.458347
240.8		0.458347
240.9		0.458347
241		0.458347
241.1		0.460522
241.2		0.460522
241.3		0.460522
241.4		0.460522
241.5		0.460522
241.6		0.460522
241.7		0.460522
241.8		0.460522
241.9		0.460522
242		0.460522
242.1		0.462295
242.2		0.462295
242.3		0.462295
242.4		0.462295
242.5		0.462295
242.6		0.462295
242.7		0.462295
242.8		0.462295
242.9		0.462295
243		0.462295
243.1		0.464268
243.2		0.464268
243.3		0.464268
243.4		0.464268
243.5		0.464268
243.6		0.464268
243.7		0.464268
243.8		0.464268
243.9		0.464268
244		0.464268
244.1		0.467088
244.2		0.467088
244.3		0.467088
244.4		0.467088
244.5		0.467088
244.6		0.467088
244.7		0.467088
244.8		0.467088
244.9		0.467088
245		0.467088
245.1		0.467491
245.2		0.467491
245.3		0.467491
245.4		0.467491
245.5		0.467491
245.6		0.467491
245.7		0.467491
245.8		0.467491
245.9		0.467491
246		0.467491
246.1		0.468659
246.2		0.468659
246.3		0.468659
246.4		0.468659
246.5		0.468659
246.6		0.468659
246.7		0.468659
246.8		0.468659
246.9		0.468659
247		0.468659
247.1		0.4716
247.2		0.4716
247.3		0.4716
247.4		0.4716
247.5		0.4716
247.6		0.4716
247.7		0.4716
247.8		0.4716
247.9		0.4716
248		0.4716
248.1		0.474742
248.2		0.474742
248.3		0.474742
248.4		0.474742
248.5		0.474742
248.6		0.474742
248.7		0.474742
248.8		0.474742
248.9		0.474742
249		0.474742
249.1		0.47583
249.2		0.47583
249.3		0.47583
249.4		0.47583
249.5		0.47583
249.6		0.47583
249.7		0.47583
249.8		0.47583
249.9		0.47583
250		0.47583
250.1		0.477965
250.2		0.477965
250.3		0.477965
250.4		0.477965
250.5		0.477965
250.6		0.477965
250.7		0.477965
250.8		0.477965
250.9		0.477965
251		0.477965
251.1		0.478529
251.2		0.478529
251.3		0.478529
251.4		0.478529
251.5		0.478529
251.6		0.478529
251.7		0.478529
251.8		0.478529
251.9		0.478529
252		0.478529
252.1		0.481631
252.2		0.481631
252.3		0.481631
252.4		0.481631
252.5		0.481631
252.6		0.481631
252.7		0.481631
252.8		0.481631
252.9		0.481631
253		0.481631
253.1		0.483363
253.2		0.483363
253.3		0.483363
253.4		0.483363
253.5		0.483363
253.6		0.483363
253.7		0.483363
253.8		0.483363
253.9		0.483363
254		0.483363
254.1		0.483484
254.2		0.483484
254.3		0.483484
254.4		0.483484
254.5		0.483484
254.6		0.483484
254.7		0.483484
254.8		0.483484
254.9		0.483484
255		0.483484
255.1		0.487955
255.2		0.487955
255.3		0.487955
255.4		0.487955
255.5		0.487955
255.6		0.487955
255.7		0.487955
255.8		0.487955
255.9		0.487955
256		0.487955
256.1		0.491057
256.2		0.491057
256.3		0.491057
256.4		0.491057
256.5		0.491057
256.6		0.491057
256.7		0.491057
256.8		0.491057
256.9		0.491057
257		0.491057
257.1		0.491178
257.2		0.491178
257.3		0.491178
257.4		0.491178
257.5		0.491178
257.6		0.491178
257.7		0.491178
257.8		0.491178
257.9		0.491178
258		0.491178
258.1		0.491299
258.2		0.491299
258.3		0.491299
258.4		0.491299
258.5		0.491299
258.6		0.491299
258.7		0.491299
258.8		0.491299
258.9		0.491299
259		0.491299
259.1		0.495126
259.2		0.495126
259.3		0.495126
259.4		0.495126
259.5		0.495126
259.6		0.495126
259.7		0.495126
259.8		0.495126
259.9		0.495126
260		0.495126
260.1		0.5
260.2		0.5
260.3		0.5
260.4		0.5
260.5		0.5
260.6		0.5
260.7		0.5
260.8		0.5
260.9		0.5
261		0.5
261.1		0.500242
261.2		0.500242
261.3		0.500242
261.4		0.500242
261.5		0.500242
261.6		0.500242
261.7		0.500242
261.8		0.500242
261.9		0.500242
262		0.500242
262.1		0.502095
262.2		0.502095
262.3		0.502095
262.4		0.502095
262.5		0.502095
262.6		0.502095
262.7		0.502095
262.8		0.502095
262.9		0.502095
263		0.502095
263.1		0.503867
263.2		0.503867
263.3		0.503867
263.4		0.503867
263.5		0.503867
263.6		0.503867
263.7		0.503867
263.8		0.503867
263.9		0.503867
264		0.503867
264.1		0.506687
264.2		0.506687
264.3		0.506687
264.4		0.506687
264.5		0.506687
264.6		0.506687
264.7		0.506687
264.8		0.506687
264.9		0.506687
265		0.506687
265.1		0.509386
265.2		0.509386
265.3		0.509386
265.4		0.509386
265.5		0.509386
265.6		0.509386
265.7		0.509386
265.8		0.509386
265.9		0.509386
266		0.509386
266.1		0.511521
266.2		0.511521
266.3		0.511521
266.4		0.511521
266.5		0.511521
266.6		0.511521
266.7		0.511521
266.8		0.511521
266.9		0.511521
267		0.511521
267.1		0.513576
267.2		0.513576
267.3		0.513576
267.4		0.513576
267.5		0.513576
267.6		0.513576
267.7		0.513576
267.8		0.513576
267.9		0.513576
268		0.513576
268.1		0.514985
268.2		0.514985
268.3		0.514985
268.4		0.514985
268.5		0.514985
268.6		0.514985
268.7		0.514985
268.8		0.514985
268.9		0.514985
269		0.514985
269.1		0.518651
269.2		0.518651
269.3		0.518651
269.4		0.518651
269.5		0.518651
269.6		0.518651
269.7		0.518651
269.8		0.518651
269.9		0.518651
270		0.518651
270.1		0.520464
270.2		0.520464
270.3		0.520464
270.4		0.520464
270.5		0.520464
270.6		0.520464
270.7		0.520464
270.8		0.520464
270.9		0.520464
271		0.520464
271.1		0.522881
271.2		0.522881
271.3		0.522881
271.4		0.522881
271.5		0.522881
271.6		0.522881
271.7		0.522881
271.8		0.522881
271.9		0.522881
272		0.522881
272.1		0.523646
272.2		0.523646
272.3		0.523646
272.4		0.523646
272.5		0.523646
272.6		0.523646
272.7		0.523646
272.8		0.523646
272.9		0.523646
273		0.523646
273.1		0.524331
273.2		0.524331
273.3		0.524331
273.4		0.524331
273.5		0.524331
273.6		0.524331
273.7		0.524331
273.8		0.524331
273.9		0.524331
274		0.524331
274.1		0.528843
274.2		0.528843
274.3		0.528843
274.4		0.528843
274.5		0.528843
274.6		0.528843
274.7		0.528843
274.8		0.528843
274.9		0.528843
275		0.528843
275.1		0.529165
275.2		0.529165
275.3		0.529165
275.4		0.529165
275.5		0.529165
275.6		0.529165
275.7		0.529165
275.8		0.529165
275.9		0.529165
276		0.529165
276.1		0.530253
276.2		0.530253
276.3		0.530253
276.4		0.530253
276.5		0.530253
276.6		0.530253
276.7		0.530253
276.8		0.530253
276.9		0.530253
277		0.530253
277.1		0.536014
277.2		0.536014
277.3		0.536014
277.4		0.536014
277.5		0.536014
277.6		0.536014
277.7		0.536014
277.8		0.536014
277.9		0.536014
278		0.536014
278.1		0.53839
278.2		0.53839
278.3		0.53839
278.4		0.53839
278.5		0.53839
278.6		0.53839
278.7		0.53839
278.8		0.53839
278.9		0.53839
279		0.53839
279.1		0.539277
279.2		0.539277
279.3		0.539277
279.4		0.539277
279.5		0.539277
279.6		0.539277
279.7		0.539277
279.8		0.539277
279.9		0.539277
280		0.539277
280.1		0.540082
280.2		0.540082
280.3		0.540082
280.4		0.540082
280.5		0.540082
280.6		0.540082
280.7		0.540082
280.8		0.540082
280.9		0.540082
281		0.540082
281.1		0.540525
281.2		0.540525
281.3		0.540525
281.4		0.540525
281.5		0.540525
281.6		0.540525
281.7		0.540525
281.8		0.540525
281.9		0.540525
282		0.540525
282.1		0.543708
282.2		0.543708
282.3		0.543708
282.4		0.543708
282.5		0.543708
282.6		0.543708
282.7		0.543708
282.8		0.543708
282.9		0.543708
283		0.543708
283.1		0.549468
283.2		0.549468
283.3		0.549468
283.4		0.549468
283.5		0.549468
283.6		0.549468
283.7		0.549468
283.8		0.549468
283.9		0.549468
284		0.549468
284.1		0.550234
284.2		0.550234
284.3		0.550234
284.4		0.550234
284.5		0.550234
284.6		0.550234
284.7		0.550234
284.8		0.550234
284.9		0.550234
285		0.550234
285.1		0.554061
285.2		0.554061
285.3		0.554061
285.4		0.554061
285.5		0.554061
285.6		0.554061
285.7		0.554061
285.8		0.554061
285.9		0.554061
286		0.554061
286.1		0.554423
286.2		0.554423
286.3		0.554423
286.4		0.554423
286.5		0.554423
286.6		0.554423
286.7		0.554423
286.8		0.554423
286.9		0.554423
287		0.554423
287.1		0.555269
287.2		0.555269
287.3		0.555269
287.4		0.555269
287.5		0.555269
287.6		0.555269
287.7		0.555269
287.8		0.555269
287.9		0.555269
288		0.555269
288.1		0.558371
288.2		0.558371
288.3		0.558371
288.4		0.558371
288.5		0.558371
288.6		0.558371
288.7		0.558371
288.8		0.558371
288.9		0.558371
289		0.558371
289.1		0.564252
289.2		0.564252
289.3		0.564252
289.4		0.564252
289.5		0.564252
289.6		0.564252
289.7		0.564252
289.8		0.564252
289.9		0.564252
290		0.564252
290.1		0.565058
290.2		0.565058
290.3		0.565058
290.4		0.565058
290.5		0.565058
290.6		0.565058
290.7		0.565058
290.8		0.565058
290.9		0.565058
291		0.565058
291.1		0.565058
291.2		0.565058
291.3		0.565058
291.4		0.565058
291.5		0.565058
291.6		0.565058
291.7		0.565058
291.8		0.565058
291.9		0.565058
292		0.565058
292.1		0.567918
292.2		0.567918
292.3		0.567918
292.4		0.567918
292.5		0.567918
292.6		0.567918
292.7		0.567918
292.8		0.567918
292.9		0.567918
293		0.567918
293.1		0.570295
293.2		0.570295
293.3		0.570295
293.4		0.570295
293.5		0.570295
293.6		0.570295
293.7		0.570295
293.8		0.570295
293.9		0.570295
294		0.570295
294.1		0.575169
294.2		0.575169
294.3		0.575169
294.4		0.575169
294.5		0.575169
294.6		0.575169
294.7		0.575169
294.8		0.575169
294.9		0.575169
295		0.575169
295.1		0.576942
295.2		0.576942
295.3		0.576942
295.4		0.576942
295.5		0.576942
295.6		0.576942
295.7		0.576942
295.8		0.576942
295.9		0.576942
296		0.576942
296.1		0.577143
296.2		0.577143
296.3		0.577143
296.4		0.577143
296.5		0.577143
296.6		0.577143
296.7		0.577143
296.8		0.577143
296.9		0.577143
297		0.577143
297.1		0.582461
297.2		0.582461
297.3		0.582461
297.4		0.582461
297.5		0.582461
297.6		0.582461
297.7		0.582461
297.8		0.582461
297.9		0.582461
298		0.582461
298.1		0.585361
298.2		0.585361
298.3		0.585361
298.4		0.585361
298.5		0.585361
298.6		0.585361
298.7		0.585361
298.8		0.585361
298.9		0.585361
299		0.585361
299.1		0.589752
299.2		0.589752
299.3		0.589752
299.4		0.589752
299.5		0.589752
299.6		0.589752
299.7		0.589752
299.8		0.589752
299.9		0.589752
300		0.589752
300.1		0.59088
300.2		0.59088
300.3		0.59088
300.4		0.59088
300.5		0.59088
300.6		0.59088
300.7		0.59088
300.8		0.59088
300.9		0.59088
301		0.59088
301.1		0.592975
301.2		0.592975
301.3		0.592975
301.4		0.592975
301.5		0.592975
301.6		0.592975
301.7		0.592975
301.8		0.592975
301.9		0.592975
302		0.592975
302.1		0.593982
302.2		0.593982
302.3		0.593982
302.4		0.593982
302.5		0.593982
302.6		0.593982
302.7		0.593982
302.8		0.593982
302.9		0.593982
303		0.593982
303.1		0.596519
303.2		0.596519
303.3		0.596519
303.4		0.596519
303.5		0.596519
303.6		0.596519
303.7		0.596519
303.8		0.596519
303.9		0.596519
304		0.596519
304.1		0.597849
304.2		0.597849
304.3		0.597849
304.4		0.597849
304.5		0.597849
304.6		0.597849
304.7		0.597849
304.8		0.597849
304.9		0.597849
305		0.597849
305.1		0.598695
305.2		0.598695
305.3		0.598695
305.4		0.598695
305.5		0.598695
305.6		0.598695
305.7		0.598695
305.8		0.598695
305.9		0.598695
306		0.598695
306.1		0.601474
306.2		0.601474
306.3		0.601474
306.4		0.601474
306.5		0.601474
306.6		0.601474
306.7		0.601474
306.8		0.601474
306.9		0.601474
307		0.601474
307.1		0.601716
307.2		0.601716
307.3		0.601716
307.4		0.601716
307.5		0.601716
307.6		0.601716
307.7		0.601716
307.8		0.601716
307.9		0.601716
308		0.601716
308.1		0.606349
308.2		0.606349
308.3		0.606349
308.4		0.606349
308.5		0.606349
308.6		0.606349
308.7		0.606349
308.8		0.606349
308.9		0.606349
309		0.606349
309.1		0.607195
309.2		0.607195
309.3		0.607195
309.4		0.607195
309.5		0.607195
309.6		0.607195
309.7		0.607195
309.8		0.607195
309.9		0.607195
310		0.607195
310.1		0.610538
310.2		0.610538
310.3		0.610538
310.4		0.610538
310.5		0.610538
310.6		0.610538
310.7		0.610538
310.8		0.610538
310.9		0.610538
311		0.610538
311.1		0.611545
311.2		0.611545
311.3		0.611545
311.4		0.611545
311.5		0.611545
311.6		0.611545
311.7		0.611545
311.8		0.611545
311.9		0.611545
312		0.611545
312.1		0.614969
312.2		0.614969
312.3		0.614969
312.4		0.614969
312.5		0.614969
312.6		0.614969
312.7		0.614969
312.8		0.614969
312.9		0.614969
313		0.614969
313.1		0.616742
313.2		0.616742
313.3		0.616742
313.4		0.616742
313.5		0.616742
313.6		0.616742
313.7		0.616742
313.8		0.616742
313.9		0.616742
314		0.616742
314.1		0.616984
314.2		0.616984
314.3		0.616984
314.4		0.616984
314.5		0.616984
314.6		0.616984
314.7		0.616984
314.8		0.616984
314.9		0.616984
315		0.616984
315.1		0.620488
315.2		0.620488
315.3		0.620488
315.4		0.620488
315.5		0.620488
315.6		0.620488
315.7		0.620488
315.8		0.620488
315.9		0.620488
316		0.620488
316.1		0.625161
316.2		0.625161
316.3		0.625161
316.4		0.625161
316.5		0.625161
316.6		0.625161
316.7		0.625161
316.8		0.625161
316.9		0.625161
317		0.625161
317.1		0.625564
317.2		0.625564
317.3		0.625564
317.4		0.625564
317.5		0.625564
317.6		0.625564
317.7		0.625564
317.8		0.625564
317.9		0.625564
318		0.625564
318.1		0.626209
318.2		0.626209
318.3		0.626209
318.4		0.626209
318.5		0.626209
318.6		0.626209
318.7		0.626209
318.8		0.626209
318.9		0.626209
319		0.626209
319.1		0.626893
319.2		0.626893
319.3		0.626893
319.4		0.626893
319.5		0.626893
319.6		0.626893
319.7		0.626893
319.8		0.626893
319.9		0.626893
320		0.626893
320.1		0.63205
320.2		0.63205
320.3		0.63205
320.4		0.63205
320.5		0.63205
320.6		0.63205
320.7		0.63205
320.8		0.63205
320.9		0.63205
321		0.63205
321.1		0.635635
321.2		0.635635
321.3		0.635635
321.4		0.635635
321.5		0.635635
321.6		0.635635
321.7		0.635635
321.8		0.635635
321.9		0.635635
322		0.635635
322.1		0.635877
322.2		0.635877
322.3		0.635877
322.4		0.635877
322.5		0.635877
322.6		0.635877
322.7		0.635877
322.8		0.635877
322.9		0.635877
323		0.635877
323.1		0.638052
323.2		0.638052
323.3		0.638052
323.4		0.638052
323.5		0.638052
323.6		0.638052
323.7		0.638052
323.8		0.638052
323.9		0.638052
324		0.638052
324.1		0.642362
324.2		0.642362
324.3		0.642362
324.4		0.642362
324.5		0.642362
324.6		0.642362
324.7		0.642362
324.8		0.642362
324.9		0.642362
325		0.642362
325.1		0.642765
325.2		0.642765
325.3		0.642765
325.4		0.642765
325.5		0.642765
325.6		0.642765
325.7		0.642765
325.8		0.642765
325.9		0.642765
326		0.642765
326.1		0.643732
326.2		0.643732
326.3		0.643732
326.4		0.643732
326.5		0.643732
326.6		0.643732
326.7		0.643732
326.8		0.643732
326.9		0.643732
327		0.643732
327.1		0.646713
327.2		0.646713
327.3		0.646713
327.4		0.646713
327.5		0.646713
327.6		0.646713
327.7		0.646713
327.8		0.646713
327.9		0.646713
328		0.646713
328.1		0.64909
328.2		0.64909
328.3		0.64909
328.4		0.64909
328.5		0.64909
328.6		0.64909
328.7		0.64909
328.8		0.64909
328.9		0.64909
329		0.64909
329.1		0.651345
329.2		0.651345
329.3		0.651345
329.4		0.651345
329.5		0.651345
329.6		0.651345
329.7		0.651345
329.8		0.651345
329.9		0.651345
330		0.651345
330.1		0.652353
330.2		0.652353
330.3		0.652353
330.4		0.652353
330.5		0.652353
330.6		0.652353
330.7		0.652353
330.8		0.652353
330.9		0.652353
331		0.652353
331.1		0.654085
331.2		0.654085
331.3		0.654085
331.4		0.654085
331.5		0.654085
331.6		0.654085
331.7		0.654085
331.8		0.654085
331.9		0.654085
332		0.654085
332.1		0.657428
332.2		0.657428
332.3		0.657428
332.4		0.657428
332.5		0.657428
332.6		0.657428
332.7		0.657428
332.8		0.657428
332.9		0.657428
333		0.657428
333.1		0.660933
333.2		0.660933
333.3		0.660933
333.4		0.660933
333.5		0.660933
333.6		0.660933
333.7		0.660933
333.8		0.660933
333.9		0.660933
334		0.660933
334.1		0.661134
334.2		0.661134
334.3		0.661134
334.4		0.661134
334.5		0.661134
334.6		0.661134
334.7		0.661134
334.8		0.661134
334.9		0.661134
335		0.661134
335.1		0.661618
335.2		0.661618
335.3		0.661618
335.4		0.661618
335.5		0.661618
335.6		0.661618
335.7		0.661618
335.8		0.661618
335.9		0.661618
336		0.661618
336.1		0.666532
336.2		0.666532
336.3		0.666532
336.4		0.666532
336.5		0.666532
336.6		0.666532
336.7		0.666532
336.8		0.666532
336.9		0.666532
337		0.666532
337.1		0.669393
337.2		0.669393
337.3		0.669393
337.4		0.669393
337.5		0.669393
337.6		0.669393
337.7		0.669393
337.8		0.669393
337.9		0.669393
338		0.669393
338.1		0.671689
338.2		0.671689
338.3		0.671689
338.4		0.671689
338.5		0.671689
338.6		0.671689
338.7		0.671689
338.8		0.671689
338.9		0.671689
339		0.671689
339.1		0.672172
339.2		0.672172
339.3		0.672172
339.4		0.672172
339.5		0.672172
339.6		0.672172
339.7		0.672172
339.8		0.672172
339.9		0.672172
340		0.672172
340.1		0.673743
340.2		0.673743
340.3		0.673743
340.4		0.673743
340.5		0.673743
340.6		0.673743
340.7		0.673743
340.8		0.673743
340.9		0.673743
341		0.673743
341.1		0.678698
341.2		0.678698
341.3		0.678698
341.4		0.678698
341.5		0.678698
341.6		0.678698
341.7		0.678698
341.8		0.678698
341.9		0.678698
342		0.678698
342.1		0.681075
342.2		0.681075
342.3		0.681075
342.4		0.681075
342.5		0.681075
342.6		0.681075
342.7		0.681075
342.8		0.681075
342.9		0.681075
343		0.681075
343.1		0.683008
343.2		0.683008
343.3		0.683008
343.4		0.683008
343.5		0.683008
343.6		0.683008
343.7		0.683008
343.8		0.683008
343.9		0.683008
344		0.683008
344.1		0.684257
344.2		0.684257
344.3		0.684257
344.4		0.684257
344.5		0.684257
344.6		0.684257
344.7		0.684257
344.8		0.684257
344.9		0.684257
345		0.684257
345.1		0.685506
345.2		0.685506
345.3		0.685506
345.4		0.685506
345.5		0.685506
345.6		0.685506
345.7		0.685506
345.8		0.685506
345.9		0.685506
346		0.685506
346.1		0.690098
346.2		0.690098
346.3		0.690098
346.4		0.690098
346.5		0.690098
346.6		0.690098
346.7		0.690098
346.8		0.690098
346.9		0.690098
347		0.690098
347.1		0.691307
347.2		0.691307
347.3		0.691307
347.4		0.691307
347.5		0.691307
347.6		0.691307
347.7		0.691307
347.8		0.691307
347.9		0.691307
348		0.691307
348.1		0.691307
348.2		0.691307
348.3		0.691307
348.4		0.691307
348.5		0.691307
348.6		0.691307
348.7		0.691307
348.8		0.691307
348.9		0.691307
349		0.691307
349.1		0.693361
349.2		0.693361
349.3		0.693361
349.4		0.693361
349.5		0.693361
349.6		0.693361
349.7		0.693361
349.8		0.693361
349.9		0.693361
350		0.693361
350.1		0.69598
350.2		0.69598
350.3		0.69598
350.4		0.69598
350.5		0.69598
350.6		0.69598
350.7		0.69598
350.8		0.69598
350.9		0.69598
351		0.69598
351.1		0.696705
351.2		0.696705
351.3		0.696705
351.4		0.696705
351.5		0.696705
351.6		0.696705
351.7		0.696705
351.8		0.696705
351.9		0.696705
352		0.696705
352.1		0.702385
352.2		0.702385
352.3		0.702385
352.4		0.702385
352.5		0.702385
352.6		0.702385
352.7		0.702385
352.8		0.702385
352.9		0.702385
353		0.702385
353.1		0.703392
353.2		0.703392
353.3		0.703392
353.4		0.703392
353.5		0.703392
353.6		0.703392
353.7		0.703392
353.8		0.703392
353.9		0.703392
354		0.703392
354.1		0.705446
354.2		0.705446
354.3		0.705446
354.4		0.705446
354.5		0.705446
354.6		0.705446
354.7		0.705446
354.8		0.705446
354.9		0.705446
355		0.705446
355.1		0.710885
355.2		0.710885
355.3		0.710885
355.4		0.710885
355.5		0.710885
355.6		0.710885
355.7		0.710885
355.8		0.710885
355.9		0.710885
356		0.710885
356.1		0.712657
356.2		0.712657
356.3		0.712657
356.4		0.712657
356.5		0.712657
356.6		0.712657
356.7		0.712657
356.8		0.712657
356.9		0.712657
357		0.712657
357.1		0.718901
357.2		0.718901
357.3		0.718901
357.4		0.718901
357.5		0.718901
357.6		0.718901
357.7		0.718901
357.8		0.718901
357.9		0.718901
358		0.718901
358.1		0.719344
358.2		0.719344
358.3		0.719344
358.4		0.719344
358.5		0.719344
358.6		0.719344
358.7		0.719344
358.8		0.719344
358.9		0.719344
359		0.719344
359.1		0.719666
359.2		0.719666
359.3		0.719666
359.4		0.719666
359.5		0.719666
359.6		0.719666
359.7		0.719666
359.8		0.719666
359.9		0.719666
360		0.719666
360.1		0.723091
360.2		0.723091
360.3		0.723091
360.4		0.723091
360.5		0.723091
360.6		0.723091
360.7		0.723091
360.8		0.723091
360.9		0.723091
361		0.723091
361.1		0.726031
361.2		0.726031
361.3		0.726031
361.4		0.726031
361.5		0.726031
361.6		0.726031
361.7		0.726031
361.8		0.726031
361.9		0.726031
362		0.726031
362.1		0.727965
362.2		0.727965
362.3		0.727965
362.4		0.727965
362.5		0.727965
362.6		0.727965
362.7		0.727965
362.8		0.727965
362.9		0.727965
363		0.727965
363.1		0.72869
363.2		0.72869
363.3		0.72869
363.4		0.72869
363.5		0.72869
363.6		0.72869
363.7		0.72869
363.8		0.72869
363.9		0.72869
364		0.72869
364.1		0.731631
364.2		0.731631
364.3		0.731631
364.4		0.731631
364.5		0.731631
364.6		0.731631
364.7		0.731631
364.8		0.731631
364.9		0.731631
365		0.731631
365.1		0.732678
365.2		0.732678
365.3		0.732678
365.4		0.732678
365.5		0.732678
365.6		0.732678
365.7		0.732678
365.8		0.732678
365.9		0.732678
366		0.732678
366.1		0.733282
366.2		0.733282
366.3		0.733282
366.4		0.733282
366.5		0.733282
366.6		0.733282
366.7		0.733282
366.8		0.733282
366.9		0.733282
367		0.733282
367.1		0.734813
367.2		0.734813
367.3		0.734813
367.4		0.734813
367.5		0.734813
367.6		0.734813
367.7		0.734813
367.8		0.734813
367.9		0.734813
368		0.734813
368.1		0.741903
368.2		0.741903
368.3		0.741903
368.4		0.741903
368.5		0.741903
368.6		0.741903
368.7		0.741903
368.8		0.741903
368.9		0.741903
369		0.741903
369.1		0.742145
369.2		0.742145
369.3		0.742145
369.4		0.742145
369.5		0.742145
369.6		0.742145
369.7		0.742145
369.8		0.742145
369.9		0.742145
370		0.742145
370.1		0.743192
370.2		0.743192
370.3		0.743192
370.4		0.743192
370.5		0.743192
370.6		0.743192
370.7		0.743192
370.8		0.743192
370.9		0.743192
371		0.743192
371.1		0.743716
371.2		0.743716
371.3		0.743716
371.4		0.743716
371.5		0.743716
371.6		0.743716
371.7		0.743716
371.8		0.743716
371.9		0.743716
372		0.743716
372.1		0.749073
372.2		0.749073
372.3		0.749073
372.4		0.749073
372.5		0.749073
372.6		0.749073
372.7		0.749073
372.8		0.749073
372.9		0.749073
373		0.749073
373.1		0.750645
373.2		0.750645
373.3		0.750645
373.4		0.750645
373.5		0.750645
373.6		0.750645
373.7		0.750645
373.8		0.750645
373.9		0.750645
374		0.750645
374.1		0.751974
374.2		0.751974
374.3		0.751974
374.4		0.751974
374.5		0.751974
374.6		0.751974
374.7		0.751974
374.8		0.751974
374.9		0.751974
375		0.751974
375.1		0.75427
375.2		0.75427
375.3		0.75427
375.4		0.75427
375.5		0.75427
375.6		0.75427
375.7		0.75427
375.8		0.75427
375.9		0.75427
376		0.75427
376.1		0.755277
376.2		0.755277
376.3		0.755277
376.4		0.755277
376.5		0.755277
376.6		0.755277
376.7		0.755277
376.8		0.755277
376.9		0.755277
377		0.755277
377.1		0.759346
377.2		0.759346
377.3		0.759346
377.4		0.759346
377.5		0.759346
377.6		0.759346
377.7		0.759346
377.8		0.759346
377.9		0.759346
378		0.759346
378.1		0.760554
378.2		0.760554
378.3		0.760554
378.4		0.760554
378.5		0.760554
378.6		0.760554
378.7		0.760554
378.8		0.760554
378.9		0.760554
379		0.760554
379.1		0.762166
379.2		0.762166
379.3		0.762166
379.4		0.762166
379.5		0.762166
379.6		0.762166
379.7		0.762166
379.8		0.762166
379.9		0.762166
380		0.762166
380.1		0.763052
380.2		0.763052
380.3		0.763052
380.4		0.763052
380.5		0.763052
380.6		0.763052
380.7		0.763052
380.8		0.763052
380.9		0.763052
381		0.763052
381.1		0.763616
381.2		0.763616
381.3		0.763616
381.4		0.763616
381.5		0.763616
381.6		0.763616
381.7		0.763616
381.8		0.763616
381.9		0.763616
382		0.763616
382.1		0.768933
382.2		0.768933
382.3		0.768933
382.4		0.768933
382.5		0.768933
382.6		0.768933
382.7		0.768933
382.8		0.768933
382.9		0.768933
383		0.768933
383.1		0.771109
383.2		0.771109
383.3		0.771109
383.4		0.771109
383.5		0.771109
383.6		0.771109
383.7		0.771109
383.8		0.771109
383.9		0.771109
384		0.771109
384.1		0.771713
384.2		0.771713
384.3		0.771713
384.4		0.771713
384.5		0.771713
384.6		0.771713
384.7		0.771713
384.8		0.771713
384.9		0.771713
385		0.771713
385.1		0.773808
385.2		0.773808
385.3		0.773808
385.4		0.773808
385.5		0.773808
385.6		0.773808
385.7		0.773808
385.8		0.773808
385.9		0.773808
386		0.773808
386.1		0.776265
386.2		0.776265
386.3		0.776265
386.4		0.776265
386.5		0.776265
386.6		0.776265
386.7		0.776265
386.8		0.776265
386.9		0.776265
387		0.776265
387.1		0.777554
387.2		0.777554
387.3		0.777554
387.4		0.777554
387.5		0.777554
387.6		0.777554
387.7		0.777554
387.8		0.777554
387.9		0.777554
388		0.777554
388.1		0.779044
388.2		0.779044
388.3		0.779044
388.4		0.779044
388.5		0.779044
388.6		0.779044
388.7		0.779044
388.8		0.779044
388.9		0.779044
389		0.779044
389.1		0.781985
389.2		0.781985
389.3		0.781985
389.4		0.781985
389.5		0.781985
389.6		0.781985
389.7		0.781985
389.8		0.781985
389.9		0.781985
390		0.781985
390.1		0.784281
390.2		0.784281
390.3		0.784281
390.4		0.784281
390.5		0.784281
390.6		0.784281
390.7		0.784281
390.8		0.784281
390.9		0.784281
391		0.784281
391.1		0.784765
391.2		0.784765
391.3		0.784765
391.4		0.784765
391.5		0.784765
391.6		0.784765
391.7		0.784765
391.8		0.784765
391.9		0.784765
392		0.784765
392.1		0.787021
392.2		0.787021
392.3		0.787021
392.4		0.787021
392.5		0.787021
392.6		0.787021
392.7		0.787021
392.8		0.787021
392.9		0.787021
393		0.787021
393.1		0.787987
393.2		0.787987
393.3		0.787987
393.4		0.787987
393.5		0.787987
393.6		0.787987
393.7		0.787987
393.8		0.787987
393.9		0.787987
394		0.787987
394.1		0.790646
394.2		0.790646
394.3		0.790646
394.4		0.790646
394.5		0.790646
394.6		0.790646
394.7		0.790646
394.8		0.790646
394.9		0.790646
395		0.790646
395.1		0.792539
395.2		0.792539
395.3		0.792539
395.4		0.792539
395.5		0.792539
395.6		0.792539
395.7		0.792539
395.8		0.792539
395.9		0.792539
396		0.792539
396.1		0.79544
396.2		0.79544
396.3		0.79544
396.4		0.79544
396.5		0.79544
396.6		0.79544
396.7		0.79544
396.8		0.79544
396.9		0.79544
397		0.79544
397.1		0.797857
397.2		0.797857
397.3		0.797857
397.4		0.797857
397.5		0.797857
397.6		0.797857
397.7		0.797857
397.8		0.797857
397.9		0.797857
398		0.797857
398.1		0.798582
398.2		0.798582
398.3		0.798582
398.4		0.798582
398.5		0.798582
398.6		0.798582
398.7		0.798582
398.8		0.798582
398.9		0.798582
399		0.798582
399.1		0.80249
399.2		0.80249
399.3		0.80249
399.4		0.80249
399.5		0.80249
399.6		0.80249
399.7		0.80249
399.8		0.80249
399.9		0.80249
400		0.80249
400.1		0.803779
400.2		0.803779
400.3		0.803779
400.4		0.803779
400.5		0.803779
400.6		0.803779
400.7		0.803779
400.8		0.803779
400.9		0.803779
401		0.803779
401.1		0.805269
401.2		0.805269
401.3		0.805269
401.4		0.805269
401.5		0.805269
401.6		0.805269
401.7		0.805269
401.8		0.805269
401.9		0.805269
402		0.805269
402.1		0.808129
402.2		0.808129
402.3		0.808129
402.4		0.808129
402.5		0.808129
402.6		0.808129
402.7		0.808129
402.8		0.808129
402.9		0.808129
403		0.808129
403.1		0.808572
403.2		0.808572
403.3		0.808572
403.4		0.808572
403.5		0.808572
403.6		0.808572
403.7		0.808572
403.8		0.808572
403.9		0.808572
404		0.808572
404.1		0.811674
404.2		0.811674
404.3		0.811674
404.4		0.811674
404.5		0.811674
404.6		0.811674
404.7		0.811674
404.8		0.811674
404.9		0.811674
405		0.811674
405.1		0.81256
405.2		0.81256
405.3		0.81256
405.4		0.81256
405.5		0.81256
405.6		0.81256
405.7		0.81256
405.8		0.81256
405.9		0.81256
406		0.81256
406.1		0.812722
406.2		0.812722
406.3		0.812722
406.4		0.812722
406.5		0.812722
406.6		0.812722
406.7		0.812722
406.8		0.812722
406.9		0.812722
407		0.812722
407.1		0.8182
407.2		0.8182
407.3		0.8182
407.4		0.8182
407.5		0.8182
407.6		0.8182
407.7		0.8182
407.8		0.8182
407.9		0.8182
408		0.8182
408.1		0.819006
408.2		0.819006
408.3		0.819006
408.4		0.819006
408.5		0.819006
408.6		0.819006
408.7		0.819006
408.8		0.819006
408.9		0.819006
409		0.819006
409.1		0.819006
409.2		0.819006
409.3		0.819006
409.4		0.819006
409.5		0.819006
409.6		0.819006
409.7		0.819006
409.8		0.819006
409.9		0.819006
410		0.819006
410.1		0.822188
410.2		0.822188
410.3		0.822188
410.4		0.822188
410.5		0.822188
410.6		0.822188
410.7		0.822188
410.8		0.822188
410.9		0.822188
411		0.822188
411.1		0.823034
411.2		0.823034
411.3		0.823034
411.4		0.823034
411.5		0.823034
411.6		0.823034
411.7		0.823034
411.8		0.823034
411.9		0.823034
412		0.823034
412.1		0.827345
412.2		0.827345
412.3		0.827345
412.4		0.827345
412.5		0.827345
412.6		0.827345
412.7		0.827345
412.8		0.827345
412.9		0.827345
413		0.827345
413.1		0.827425
413.2		0.827425
413.3		0.827425
413.4		0.827425
413.5		0.827425
413.6		0.827425
413.7		0.827425
413.8		0.827425
413.9		0.827425
414		0.827425
414.1		0.827626
414.2		0.827626
414.3		0.827626
414.4		0.827626
414.5		0.827626
414.6		0.827626
414.7		0.827626
414.8		0.827626
414.9		0.827626
415		0.827626
415.1		0.828472
415.2		0.828472
415.3		0.828472
415.4		0.828472
415.5		0.828472
415.6		0.828472
415.7		0.828472
415.8		0.828472
415.9		0.828472
416		0.828472
416.1		0.833387
416.2		0.833387
416.3		0.833387
416.4		0.833387
416.5		0.833387
416.6		0.833387
416.7		0.833387
416.8		0.833387
416.9		0.833387
417		0.833387
417.1		0.833991
417.2		0.833991
417.3		0.833991
417.4		0.833991
417.5		0.833991
417.6		0.833991
417.7		0.833991
417.8		0.833991
417.9		0.833991
418		0.833991
418.1		0.835079
418.2		0.835079
418.3		0.835079
418.4		0.835079
418.5		0.835079
418.6		0.835079
418.7		0.835079
418.8		0.835079
418.9		0.835079
419		0.835079
419.1		0.836851
419.2		0.836851
419.3		0.836851
419.4		0.836851
419.5		0.836851
419.6		0.836851
419.7		0.836851
419.8		0.836851
419.9		0.836851
420		0.836851
420.1		0.841162
420.2		0.841162
420.3		0.841162
420.4		0.841162
420.5		0.841162
420.6		0.841162
420.7		0.841162
420.8		0.841162
420.9		0.841162
421		0.841162
421.1		0.84374
421.2		0.84374
421.3		0.84374
421.4		0.84374
421.5		0.84374
421.6		0.84374
421.7		0.84374
421.8		0.84374
421.9		0.84374
422		0.84374
422.1		0.844264
422.2		0.844264
422.3		0.844264
422.4		0.844264
422.5		0.844264
422.6		0.844264
422.7		0.844264
422.8		0.844264
422.9		0.844264
423		0.844264
423.1		0.845754
423.2		0.845754
423.3		0.845754
423.4		0.845754
423.5		0.845754
423.6		0.845754
423.7		0.845754
423.8		0.845754
423.9		0.845754
424		0.845754
424.1		0.848091
424.2		0.848091
424.3		0.848091
424.4		0.848091
424.5		0.848091
424.6		0.848091
424.7		0.848091
424.8		0.848091
424.9		0.848091
425		0.848091
425.1		0.848937
425.2		0.848937
425.3		0.848937
425.4		0.848937
425.5		0.848937
425.6		0.848937
425.7		0.848937
425.8		0.848937
425.9		0.848937
426		0.848937
426.1		0.852199
426.2		0.852199
426.3		0.852199
426.4		0.852199
426.5		0.852199
426.6		0.852199
426.7		0.852199
426.8		0.852199
426.9		0.852199
427		0.852199
427.1		0.852562
427.2		0.852562
427.3		0.852562
427.4		0.852562
427.5		0.852562
427.6		0.852562
427.7		0.852562
427.8		0.852562
427.9		0.852562
428		0.852562
428.1		0.855744
428.2		0.855744
428.3		0.855744
428.4		0.855744
428.5		0.855744
428.6		0.855744
428.7		0.855744
428.8		0.855744
428.9		0.855744
429		0.855744
429.1		0.859007
429.2		0.859007
429.3		0.859007
429.4		0.859007
429.5		0.859007
429.6		0.859007
429.7		0.859007
429.8		0.859007
429.9		0.859007
430		0.859007
430.1		0.860377
430.2		0.860377
430.3		0.860377
430.4		0.860377
430.5		0.860377
430.6		0.860377
430.7		0.860377
430.8		0.860377
430.9		0.860377
431		0.860377
431.1		0.860699
431.2		0.860699
431.3		0.860699
431.4		0.860699
431.5		0.860699
431.6		0.860699
431.7		0.860699
431.8		0.860699
431.9		0.860699
432		0.860699
432.1		0.861666
432.2		0.861666
432.3		0.861666
432.4		0.861666
432.5		0.861666
432.6		0.861666
432.7		0.861666
432.8		0.861666
432.9		0.861666
433		0.861666
433.1		0.865292
433.2		0.865292
433.3		0.865292
433.4		0.865292
433.5		0.865292
433.6		0.865292
433.7		0.865292
433.8		0.865292
433.9		0.865292
434		0.865292
434.1		0.869078
434.2		0.869078
434.3		0.869078
434.4		0.869078
434.5		0.869078
434.6		0.869078
434.7		0.869078
434.8		0.869078
434.9		0.869078
435		0.869078
435.1		0.870327
435.2		0.870327
435.3		0.870327
435.4		0.870327
435.5		0.870327
435.6		0.870327
435.7		0.870327
435.8		0.870327
435.9		0.870327
436		0.870327
436.1		0.871133
436.2		0.871133
436.3		0.871133
436.4		0.871133
436.5		0.871133
436.6		0.871133
436.7		0.871133
436.8		0.871133
436.9		0.871133
437		0.871133
437.1		0.871818
437.2		0.871818
437.3		0.871818
437.4		0.871818
437.5		0.871818
437.6		0.871818
437.7		0.871818
437.8		0.871818
437.9		0.871818
438		0.871818
438.1		0.87649
438.2		0.87649
438.3		0.87649
438.4		0.87649
438.5		0.87649
438.6		0.87649
438.7		0.87649
438.8		0.87649
438.9		0.87649
439		0.87649
439.1		0.878505
439.2		0.878505
439.3		0.878505
439.4		0.878505
439.5		0.878505
439.6		0.878505
439.7		0.878505
439.8		0.878505
439.9		0.878505
440		0.878505
440.1		0.880559
440.2		0.880559
440.3		0.880559
440.4		0.880559
440.5		0.880559
440.6		0.880559
440.7		0.880559
440.8		0.880559
440.9		0.880559
441		0.880559
441.1		0.881002
441.2		0.881002
441.3		0.881002
441.4		0.881002
441.5		0.881002
441.6		0.881002
441.7		0.881002
441.8		0.881002
441.9		0.881002
442		0.881002
442.1		0.885675
442.2		0.885675
442.3		0.885675
442.4		0.885675
442.5		0.885675
442.6		0.885675
442.7		0.885675
442.8		0.885675
442.9		0.885675
443		0.885675
443.1		0.886239
443.2		0.886239
443.3		0.886239
443.4		0.886239
443.5		0.886239
443.6		0.886239
443.7		0.886239
443.8		0.886239
443.9		0.886239
444		0.886239
444.1		0.88636
444.2		0.88636
444.3		0.88636
444.4		0.88636
444.5		0.88636
444.6		0.88636
444.7		0.88636
444.8		0.88636
444.9		0.88636
445		0.88636
445.1		0.891798
445.2		0.891798
445.3		0.891798
445.4		0.891798
445.5		0.891798
445.6		0.891798
445.7		0.891798
445.8		0.891798
445.9		0.891798
446		0.891798
446.1		0.892684
446.2		0.892684
446.3		0.892684
446.4		0.892684
446.5		0.892684
446.6		0.892684
446.7		0.892684
446.8		0.892684
446.9		0.892684
447		0.892684
447.1		0.895424
447.2		0.895424
447.3		0.895424
447.4		0.895424
447.5		0.895424
447.6		0.895424
447.7		0.895424
447.8		0.895424
447.9		0.895424
448		0.895424
448.1		0.896431
448.2		0.896431
448.3		0.896431
448.4		0.896431
448.5		0.896431
448.6		0.896431
448.7		0.896431
448.8		0.896431
448.9		0.896431
449		0.896431
449.1		0.89909
449.2		0.89909
449.3		0.89909
449.4		0.89909
449.5		0.89909
449.6		0.89909
449.7		0.89909
449.8		0.89909
449.9		0.89909
450		0.89909
450.1		0.899251
450.2		0.899251
450.3		0.899251
450.4		0.899251
450.5		0.899251
450.6		0.899251
450.7		0.899251
450.8		0.899251
450.9		0.899251
451		0.899251
451.1		0.900902
451.2		0.900902
451.3		0.900902
451.4		0.900902
451.5		0.900902
451.6		0.900902
451.7		0.900902
451.8		0.900902
451.9		0.900902
452		0.900902
452.1		0.901144
452.2		0.901144
452.3		0.901144
452.4		0.901144
452.5		0.901144
452.6		0.901144
452.7		0.901144
452.8		0.901144
452.9		0.901144
453		0.901144
453.1		0.906059
453.2		0.906059
453.3		0.906059
453.4		0.906059
453.5		0.906059
453.6		0.906059
453.7		0.906059
453.8		0.906059
453.9		0.906059
454		0.906059
454.1		0.906985
454.2		0.906985
454.3		0.906985
454.4		0.906985
454.5		0.906985
454.6		0.906985
454.7		0.906985
454.8		0.906985
454.9		0.906985
455		0.906985
455.1		0.910087
455.2		0.910087
455.3		0.910087
455.4		0.910087
455.5		0.910087
455.6		0.910087
455.7		0.910087
455.8		0.910087
455.9		0.910087
456		0.910087
456.1		0.910852
456.2		0.910852
456.3		0.910852
456.4		0.910852
456.5		0.910852
456.6		0.910852
456.7		0.910852
456.8		0.910852
456.9		0.910852
457		0.910852
457.1		0.911537
457.2		0.911537
457.3		0.911537
457.4		0.911537
457.5		0.911537
457.6		0.911537
457.7		0.911537
457.8		0.911537
457.9		0.911537
458		0.911537
458.1		0.915686
458.2		0.915686
458.3		0.915686
458.4		0.915686
458.5		0.915686
458.6		0.915686
458.7		0.915686
458.8		0.915686
458.9		0.915686
459		0.915686
459.1		0.917821
459.2		0.917821
459.3		0.917821
459.4		0.917821
459.5		0.917821
459.6		0.917821
459.7		0.917821
459.8		0.917821
459.9		0.917821
460		0.917821
460.1		0.918184
460.2		0.918184
460.3		0.918184
460.4		0.918184
460.5		0.918184
460.6		0.918184
460.7		0.918184
460.8		0.918184
460.9		0.918184
461		0.918184
461.1		0.922696
461.2		0.922696
461.3		0.922696
461.4		0.922696
461.5		0.922696
461.6		0.922696
461.7		0.922696
461.8		0.922696
461.9		0.922696
462		0.922696
462.1		0.925234
462.2		0.925234
462.3		0.925234
462.4		0.925234
462.5		0.925234
462.6		0.925234
462.7		0.925234
462.8		0.925234
462.9		0.925234
463		0.925234
463.1		0.926402
463.2		0.926402
463.3		0.926402
463.4		0.926402
463.5		0.926402
463.6		0.926402
463.7		0.926402
463.8		0.926402
463.9		0.926402
464		0.926402
464.1		0.926563
464.2		0.926563
464.3		0.926563
464.4		0.926563
464.5		0.926563
464.6		0.926563
464.7		0.926563
464.8		0.926563
464.9		0.926563
465		0.926563
465.1		0.928859
465.2		0.928859
465.3		0.928859
465.4		0.928859
465.5		0.928859
465.6		0.928859
465.7		0.928859
465.8		0.928859
465.9		0.928859
466		0.928859
466.1		0.929947
466.2		0.929947
466.3		0.929947
466.4		0.929947
466.5		0.929947
466.6		0.929947
466.7		0.929947
466.8		0.929947
466.9		0.929947
467		0.929947
467.1		0.933008
467.2		0.933008
467.3		0.933008
467.4		0.933008
467.5		0.933008
467.6		0.933008
467.7		0.933008
467.8		0.933008
467.9		0.933008
468		0.933008
468.1		0.934056
468.2		0.934056
468.3		0.934056
468.4		0.934056
468.5		0.934056
468.6		0.934056
468.7		0.934056
468.8		0.934056
468.9		0.934056
469		0.934056
469.1		0.936714
469.2		0.936714
469.3		0.936714
469.4		0.936714
469.5		0.936714
469.6		0.936714
469.7		0.936714
469.8		0.936714
469.9		0.936714
470		0.936714
470.1		0.937722
470.2		0.937722
470.3		0.937722
470.4		0.937722
470.5		0.937722
470.6		0.937722
470.7		0.937722
470.8		0.937722
470.9		0.937722
471		0.937722
471.1		0.937963
471.2		0.937963
471.3		0.937963
471.4		0.937963
471.5		0.937963
471.6		0.937963
471.7		0.937963
471.8		0.937963
471.9		0.937963
472		0.937963
472.1		0.944127
472.2		0.944127
472.3		0.944127
472.4		0.944127
472.5		0.944127
472.6		0.944127
472.7		0.944127
472.8		0.944127
472.9		0.944127
473		0.944127
473.1		0.944852
473.2		0.944852
473.3		0.944852
473.4		0.944852
473.5		0.944852
473.6		0.944852
473.7		0.944852
473.8		0.944852
473.9		0.944852
474		0.944852
474.1		0.945698
474.2		0.945698
474.3		0.945698
474.4		0.945698
474.5		0.945698
474.6		0.945698
474.7		0.945698
474.8		0.945698
474.9		0.945698
475		0.945698
475.1		0.948679
475.2		0.948679
475.3		0.948679
475.4		0.948679
475.5		0.948679
475.6		0.948679
475.7		0.948679
475.8		0.948679
475.9		0.948679
476		0.948679
476.1		0.951861
476.2		0.951861
476.3		0.951861
476.4		0.951861
476.5		0.951861
476.6		0.951861
476.7		0.951861
476.8		0.951861
476.9		0.951861
477		0.951861
477.1		0.952385
477.2		0.952385
477.3		0.952385
477.4		0.952385
477.5		0.952385
477.6		0.952385
477.7		0.952385
477.8		0.952385
477.9		0.952385
478		0.952385
478.1		0.954721
478.2		0.954721
478.3		0.954721
478.4		0.954721
478.5		0.954721
478.6		0.954721
478.7		0.954721
478.8		0.954721
478.9		0.954721
479		0.954721
479.1		0.955889
479.2		0.955889
479.3		0.955889
479.4		0.955889
479.5		0.955889
479.6		0.955889
479.7		0.955889
479.8		0.955889
479.9		0.955889
480		0.955889
480.1		0.961287
480.2		0.961287
480.3		0.961287
480.4		0.961287
480.5		0.961287
480.6		0.961287
480.7		0.961287
480.8		0.961287
480.9		0.961287
481		0.961287
481.1		0.963181
481.2		0.963181
481.3		0.963181
481.4		0.963181
481.5		0.963181
481.6		0.963181
481.7		0.963181
481.8		0.963181
481.9		0.963181
482		0.963181
482.1		0.963986
482.2		0.963986
482.3		0.963986
482.4		0.963986
482.5		0.963986
482.6		0.963986
482.7		0.963986
482.8		0.963986
482.9		0.963986
483		0.963986
483.1		0.96447
483.2		0.96447
483.3		0.96447
483.4		0.96447
483.5		0.96447
483.6		0.96447
483.7		0.96447
483.8		0.96447
483.9		0.96447
484		0.96447
484.1		0.969022
484.2		0.969022
484.3		0.969022
484.4		0.969022
484.5		0.969022
484.6		0.969022
484.7		0.969022
484.8		0.969022
484.9		0.969022
485		0.969022
485.1		0.970633
485.2		0.970633
485.3		0.970633
485.4		0.970633
485.5		0.970633
485.6		0.970633
485.7		0.970633
485.8		0.970633
485.9		0.970633
486		0.970633
486.1		0.971197
486.2		0.971197
486.3		0.971197
486.4		0.971197
486.5		0.971197
486.6		0.971197
486.7		0.971197
486.8		0.971197
486.9		0.971197
487		0.971197
487.1		0.974259
487.2		0.974259
487.3		0.974259
487.4		0.974259
487.5		0.974259
487.6		0.974259
487.7		0.974259
487.8		0.974259
487.9		0.974259
488		0.974259
488.1		0.974541
488.2		0.974541
488.3		0.974541
488.4		0.974541
488.5		0.974541
488.6		0.974541
488.7		0.974541
488.8		0.974541
488.9		0.974541
489		0.974541
489.1		0.977844
489.2		0.977844
489.3		0.977844
489.4		0.977844
489.5		0.977844
489.6		0.977844
489.7		0.977844
489.8		0.977844
489.9		0.977844
490		0.977844
490.1		0.980221
490.2		0.980221
490.3		0.980221
490.4		0.980221
490.5		0.980221
490.6		0.980221
490.7		0.980221
490.8		0.980221
490.9		0.980221
491		0.980221
491.1		0.980624
491.2		0.980624
491.3		0.980624
491.4		0.980624
491.5		0.980624
491.6		0.980624
491.7		0.980624
491.8		0.980624
491.9		0.980624
492		0.980624
492.1		0.984289
492.2		0.984289
492.3		0.984289
492.4		0.984289
492.5		0.984289
492.6		0.984289
492.7		0.984289
492.8		0.984289
492.9		0.984289
493		0.984289
493.1		0.985659
493.2		0.985659
493.3		0.985659
493.4		0.985659
493.5		0.985659
493.6		0.985659
493.7		0.985659
493.8		0.985659
493.9		0.985659
494		0.985659
494.1		0.988277
494.2		0.988277
494.3		0.988277
494.4		0.988277
494.5		0.988277
494.6		0.988277
494.7		0.988277
494.8		0.988277
494.9		0.988277
495		0.988277
495.1		0.9886
495.2		0.9886
495.3		0.9886
495.4		0.9886
495.5		0.9886
495.6		0.9886
495.7		0.9886
495.8		0.9886
495.9		0.9886
496		0.9886
496.1		0.990936
496.2		0.990936
496.3		0.990936
496.4		0.990936
496.5		0.990936
496.6		0.990936
496.7		0.990936
496.8		0.990936
496.9		0.990936
497		0.990936
497.1		0.995287
497.2		0.995287
497.3		0.995287
497.4		0.995287
497.5		0.995287
497.6		0.995287
497.7		0.995287
497.8		0.995287
497.9		0.995287
498		0.995287
498.1		0.996495
498.2		0.996495
498.3		0.996495
498.4		0.996495
498.5		0.996495
498.6		0.996495
498.7		0.996495
498.8		0.996495
498.9		0.996495
499		0.996495
499.1		0.996616
499.2		0.996616
499.3		0.996616
499.4		0.996616
499.5		0.996616
499.6		0.996616
499.7		0.996616
499.8		0.996616
499.9		0.996616
500		0.996616
500.1		0.998348
500.2		0.998348
500.3		0.998348
500.4		0.998348
500.5		0.998348
500.6		0.998348
500.7		0.998348
500.8		0.998348
500.9		0.998348
501		0.998348
501.1		0.999557
501.2		0.999557
501.3		0.999557
501.4		0.999557
501.5		0.999557
501.6		0.999557
501.7		0.999557
501.8		0.999557
501.9		0.999557
502		0.999557
502.1		1
502.2		1
502.3		1
502.4		1
502.5		1
502.6		1
502.7		1
502.8		1
502.9		1
503		1
503.1		1
503.2		1
503.3		1
503.4		1
503.5		1
503.6		1
503.7		1
503.8		1
503.9		1
504		1
504.1		1
504.2		1
504.3		1
504.4		1
504.5		1
504.6		1
504.7		1
504.8		1
504.9		1
505		1
505.1		1
505.2		1
505.3		1
505.4		1
505.5		1
505.6		1
505.7		1
505.8		1
505.9		1
506		1
506.1		1
506.2		1
506.3		1
506.4		1
506.5		1
506.6		1
506.7		1
506.8		1
506.9		1
507		1
507.1		1
507.2		1
507.3		1
507.4		1
507.5		1
507.6		1
507.7		1
507.8		1
507.9		1
508		1
508.1		1
508.2		1
508.3		1
508.4		1
508.5		1
508.6		1
508.7		1
508.8		1
508.9		1
509		1
509.1		1
509.2		1
509.3		1
509.4		1
509.5		1
509.6		1
509.7		1
509.8		1
509.9		1
510		1
510.1		1
510.2		1
510.3		1
510.4		1
510.5		1
510.6		1
510.7		1
510.8		1
510.9		1
511		1
511.1		1
511.2		1
511.3		1
511.4		1
511.5		1
511.6		1
511.7		1
511.8		1
511.9		1
512		1
512.1		1
512.2		1
512.3		1
512.4		1
512.5		1
512.6		1
512.7		1
512.8		1
512.9		1
513		1
513.1		1
513.2		1
513.3		1
513.4		1
513.5		1
513.6		1
513.7		1
513.8		1
513.9		1
514		1
514.1		1
514.2		1
514.3		1
514.4		1
514.5		1
514.6		1
514.7		1
514.8		1
514.9		1
515		1
515.1		1
515.2		1
515.3		1
515.4		1
515.5		1
515.6		1
515.7		1
515.8		1
515.9		1
516		1
516.1		1
516.2		1
516.3		1
516.4		1
516.5		1
516.6		1
516.7		1
516.8		1
516.9		1
517		1
517.1		1
517.2		1
517.3		1
517.4		1
517.5		1
517.6		1
517.7		1
517.8		1
517.9		1
518		1
518.1		1
518.2		1
518.3		1
518.4		1
518.5		1
518.6		1
518.7		1
518.8		1
518.9		1
519		1
519.1		1
519.2		1
519.3		1
519.4		1
519.5		1
519.6		1
519.7		1
519.8		1
519.9		1
520		1
520.1		1
520.2		1
520.3		1
520.4		1
520.5		1
520.6		1
520.7		1
520.8		1
520.9		1
521		1
521.1		1
521.2		1
521.3		1
521.4		1
521.5		1
521.6		1
521.7		1
521.8		1
521.9		1
522		1
522.1		1
522.2		1
522.3		1
522.4		1
522.5		1
522.6		1
522.7		1
522.8		1
522.9		1
523		1
523.1		1
523.2		1
523.3		1
523.4		1
523.5		1
523.6		1
523.7		1
523.8		1
523.9		1
524		1
524.1		1
524.2		1
524.3		1
524.4		1
524.5		1
524.6		1
524.7		1
524.8		1
524.9		1
525		1
525.1		1
525.2		1
525.3		1
525.4		1
525.5		1
525.6		1
525.7		1
525.8		1
525.9		1
526		1
526.1		1
526.2		1
526.3		1
526.4		1
526.5		1
526.6		1
526.7		1
526.8		1
526.9		1
527		1
527.1		1
527.2		1
527.3		1
527.4		1
527.5		1
527.6		1
527.7		1
527.8		1
527.9		1
528		1
528.1		1
528.2		1
528.3		1
528.4		1
528.5		1
528.6		1
528.7		1
528.8		1
528.9		1
529		1
529.1		1
529.2		1
529.3		1
529.4		1
529.5		1
529.6		1
529.7		1
529.8		1
529.9		1
530		1
530.1		1
530.2		1
530.3		1
530.4		1
530.5		1
530.6		1
530.7		1
530.8		1
530.9		1
531		1
531.1		1
531.2		1
531.3		1
531.4		1
531.5		1
531.6		1
531.7		1
531.8		1
531.9		1
532		1
532.1		1
532.2		1
532.3		1
532.4		1
532.5		1
532.6		1
532.7		1
532.8		1
532.9		1
533		1
533.1		1
533.2		1
533.3		1
533.4		1
533.5		1
533.6		1
533.7		1
533.8		1
533.9		1
534		1
534.1		1
534.2		1
534.3		1
534.4		1
534.5		1
534.6		1
534.7		1
534.8		1
534.9		1
535		1
535.1		1
535.2		1
535.3		1
535.4		1
535.5		1
535.6		1
535.7		1
535.8		1
535.9		1
536		1
536.1		1
536.2		1
536.3		1
536.4		1
536.5		1
536.6		1
536.7		1
536.8		1
536.9		1
537		1
537.1		1
537.2		1
537.3		1
537.4		1
537.5		1
537.6		1
537.7		1
537.8		1
537.9		1
538		1
538.1		1
538.2		1
538.3		1
538.4		1
538.5		1
538.6		1
538.7		1
538.8		1
538.9		1
539		1
539.1		1
539.2		1
539.3		1
539.4		1
539.5		1
539.6		1
539.7		1
539.8		1
539.9		1
540		1
540.1		1
540.2		1
540.3		1
540.4		1
540.5		1
540.6		1
540.7		1
540.8		1
540.9		1
541		1
541.1		1
541.2		1
541.3		1
541.4		1
541.5		1
541.6		1
541.7		1
541.8		1
541.9		1
542		1
542.1		1
542.2		1
542.3		1
542.4		1
542.5		1
542.6		1
542.7		1
542.8		1
542.9		1
543		1
543.1		1
543.2		1
543.3		1
543.4		1
543.5		1
543.6		1
543.7		1
543.8		1
543.9		1
544		1
544.1		1
544.2		1
544.3		1
544.4		1
544.5		1
544.6		1
544.7		1
544.8		1
544.9		1
545		1
545.1		1
545.2		1
545.3		1
545.4		1
545.5		1
545.6		1
545.7		1
545.8		1
545.9		1
546		1
546.1		1
546.2		1
546.3		1
546.4		1
546.5		1
546.6		1
546.7		1
546.8		1
546.9		1
547		1
547.1		1
547.2		1
547.3		1
547.4		1
547.5		1
547.6		1
547.7		1
547.8		1
547.9		1
548		1
548.1		1
548.2		1
548.3		1
548.4		1
548.5		1
548.6		1
548.7		1
548.8		1
548.9		1
549		1
549.1		1
549.2		1
549.3		1
549.4		1
549.5		1
549.6		1
549.7		1
549.8		1
549.9		1
550		1
550.1		1
550.2		1
550.3		1
550.4		1
550.5		1
550.6		1
550.7		1
550.8		1
550.9		1
551		1
551.1		1
551.2		1
551.3		1
551.4		1
551.5		1
551.6		1
551.7		1
551.8		1
551.9		1
552		1
552.1		1
552.2		1
552.3		1
552.4		1
552.5		1
552.6		1
552.7		1
552.8		1
552.9		1
553		1
553.1		1
553.2		1
553.3		1
553.4		1
553.5		1
553.6		1
553.7		1
553.8		1
553.9		1
554		1
554.1		1
554.2		1
554.3		1
554.4		1
554.5		1
554.6		1
554.7		1
554.8		1
554.9		1
555		1
555.1		1
555.2		1
555.3		1
555.4		1
555.5		1
555.6		1
555.7		1
555.8		1
555.9		1
556		1
556.1		1
556.2		1
556.3		1
556.4		1
556.5		1
556.6		1
556.7		1
556.8		1
556.9		1
557		1
557.1		1
557.2		1
557.3		1
557.4		1
557.5		1
557.6		1
557.7		1
557.8		1
557.9		1
558		1
558.1		1
558.2		1
558.3		1
558.4		1
558.5		1
558.6		1
558.7		1
558.8		1
558.9		1
559		1
559.1		1
559.2		1
559.3		1
559.4		1
559.5		1
559.6		1
559.7		1
559.8		1
559.9		1
560		1
560.1		1
560.2		1
560.3		1
560.4		1
560.5		1
560.6		1
560.7		1
560.8		1
560.9		1
561		1
561.1		1
561.2		1
561.3		1
561.4		1
561.5		1
561.6		1
561.7		1
561.8		1
561.9		1
562		1
562.1		1
562.2		1
562.3		1
562.4		1
562.5		1
562.6		1
562.7		1
562.8		1
562.9		1
563		1
563.1		1
563.2		1
563.3		1
563.4		1
563.5		1
563.6		1
563.7		1
563.8		1
563.9		1
564		1
564.1		1
564.2		1
564.3		1
564.4		1
564.5		1
564.6		1
564.7		1
564.8		1
564.9		1
565		1
565.1		1
565.2		1
565.3		1
565.4		1
565.5		1
565.6		1
565.7		1
565.8		1
565.9		1
566		1
566.1		1
566.2		1
566.3		1
566.4		1
566.5		1
566.6		1
566.7		1
566.8		1
566.9		1
567		1
567.1		1
567.2		1
567.3		1
567.4		1
567.5		1
567.6		1
567.7		1
567.8		1
567.9		1
568		1
568.1		1
568.2		1
568.3		1
568.4		1
568.5		1
568.6		1
568.7		1
568.8		1
568.9		1
569		1
569.1		1
569.2		1
569.3		1
569.4		1
569.5		1
569.6		1
569.7		1
569.8		1
569.9		1
570		1
570.1		1
570.2		1
570.3		1
570.4		1
570.5		1
570.6		1
570.7		1
570.8		1
570.9		1
571		1
571.1		1
571.2		1
571.3		1
571.4		1
571.5		1
571.6		1
571.7		1
571.8		1
571.9		1
572		1
572.1		1
572.2		1
572.3		1
572.4		1
572.5		1
572.6		1
572.7		1
572.8		1
572.9		1
573		1
573.1		1
573.2		1
573.3		1
573.4		1
573.5		1
573.6		1
573.7		1
573.8		1
573.9		1
574		1
574.1		1
574.2		1
574.3		1
574.4		1
574.5		1
574.6		1
574.7		1
574.8		1
574.9		1
575		1
575.1		1
575.2		1
575.3		1
575.4		1
575.5		1
575.6		1
575.7		1
575.8		1
575.9		1
576		1
576.1		1
576.2		1
576.3		1
576.4		1
576.5		1
576.6		1
576.7		1
576.8		1
576.9		1
577		1
577.1		1
577.2		1
577.3		1
577.4		1
577.5		1
577.6		1
577.7		1
577.8		1
577.9		1
578		1
578.1		1
578.2		1
578.3		1
578.4		1
578.5		1
578.6		1
578.7		1
578.8		1
578.9		1
579		1
579.1		1
579.2		1
579.3		1
579.4		1
579.5		1
579.6		1
579.7		1
579.8		1
579.9		1
580		1
580.1		1
580.2		1
580.3		1
580.4		1
580.5		1
580.6		1
580.7		1
580.8		1
580.9		1
581		1
581.1		1
581.2		1
581.3		1
581.4		1
581.5		1
581.6		1
581.7		1
581.8		1
581.9		1
582		1
582.1		1
582.2		1
582.3		1
582.4		1
582.5		1
582.6		1
582.7		1
582.8		1
582.9		1
583		1
583.1		1
583.2		1
583.3		1
583.4		1
583.5		1
583.6		1
583.7		1
583.8		1
583.9		1
584		1
584.1		1
584.2		1
584.3		1
584.4		1
584.5		1
584.6		1
584.7		1
584.8		1
584.9		1
585		1
585.1		1
585.2		1
585.3		1
585.4		1
585.5		1
585.6		1
585.7		1
585.8		1
585.9		1
586		1
586.1		1
586.2		1
586.3		1
586.4		1
586.5		1
586.6		1
586.7		1
586.8		1
586.9		1
587		1
587.1		1
587.2		1
587.3		1
587.4		1
587.5		1
587.6		1
587.7		1
587.8		1
587.9		1
588		1
588.1		1
588.2		1
588.3		1
588.4		1
588.5		1
588.6		1
588.7		1
588.8		1
588.9		1
589		1
589.1		1
589.2		1
589.3		1
589.4		1
589.5		1
589.6		1
589.7		1
589.8		1
589.9		1
590		1
590.1		1
590.2		1
590.3		1
590.4		1
590.5		1
590.6		1
590.7		1
590.8		1
590.9		1
591		1
591.1		1
591.2		1
591.3		1
591.4		1
591.5		1
591.6		1
591.7		1
591.8		1
591.9		1
592		1
592.1		1
592.2		1
592.3		1
592.4		1
592.5		1
592.6		1
592.7		1
592.8		1
592.9		1
593		1
593.1		1
593.2		1
593.3		1
593.4		1
593.5		1
593.6		1
593.7		1
593.8		1
593.9		1
594		1
594.1		1
594.2		1
594.3		1
594.4		1
594.5		1
594.6		1
594.7		1
594.8		1
594.9		1
595		1
595.1		1
595.2		1
595.3		1
595.4		1
595.5		1
595.6		1
595.7		1
595.8		1
595.9		1
596		1
596.1		1
596.2		1
596.3		1
596.4		1
596.5		1
596.6		1
596.7		1
596.8		1
596.9		1
597		1
597.1		1
597.2		1
597.3		1
597.4		1
597.5		1
597.6		1
597.7		1
597.8		1
597.9		1
598		1
598.1		1
598.2		1
598.3		1
598.4		1
598.5		1
598.6		1
598.7		1
598.8		1
598.9		1
599		1
599.1		1
599.2		1
599.3		1
599.4		1
599.5		1
599.6		1
599.7		1
599.8		1
599.9		1
600		1
