# Calibration file of tamex_id 0 @ channel 7
# fine_T bin		 Calibration value
0.1		0
0.2		0
0.3		0
0.4		0
0.5		0
0.6		0
0.7		0
0.8		0
0.9		0
1		0
1.1		0
1.2		0
1.3		0
1.4		0
1.5		0
1.6		0
1.7		0
1.8		0
1.9		0
2		0
2.1		0
2.2		0
2.3		0
2.4		0
2.5		0
2.6		0
2.7		0
2.8		0
2.9		0
3		0
3.1		0
3.2		0
3.3		0
3.4		0
3.5		0
3.6		0
3.7		0
3.8		0
3.9		0
4		0
4.1		0
4.2		0
4.3		0
4.4		0
4.5		0
4.6		0
4.7		0
4.8		0
4.9		0
5		0
5.1		0
5.2		0
5.3		0
5.4		0
5.5		0
5.6		0
5.7		0
5.8		0
5.9		0
6		0
6.1		0
6.2		0
6.3		0
6.4		0
6.5		0
6.6		0
6.7		0
6.8		0
6.9		0
7		0
7.1		0
7.2		0
7.3		0
7.4		0
7.5		0
7.6		0
7.7		0
7.8		0
7.9		0
8		0
8.1		0
8.2		0
8.3		0
8.4		0
8.5		0
8.6		0
8.7		0
8.8		0
8.9		0
9		0
9.1		0
9.2		0
9.3		0
9.4		0
9.5		0
9.6		0
9.7		0
9.8		0
9.9		0
10		0
10.1		0
10.2		0
10.3		0
10.4		0
10.5		0
10.6		0
10.7		0
10.8		0
10.9		0
11		0
11.1		0
11.2		0
11.3		0
11.4		0
11.5		0
11.6		0
11.7		0
11.8		0
11.9		0
12		0
12.1		0
12.2		0
12.3		0
12.4		0
12.5		0
12.6		0
12.7		0
12.8		0
12.9		0
13		0
13.1		0
13.2		0
13.3		0
13.4		0
13.5		0
13.6		0
13.7		0
13.8		0
13.9		0
14		0
14.1		0
14.2		0
14.3		0
14.4		0
14.5		0
14.6		0
14.7		0
14.8		0
14.9		0
15		0
15.1		0
15.2		0
15.3		0
15.4		0
15.5		0
15.6		0
15.7		0
15.8		0
15.9		0
16		0
16.1		0.00292324
16.2		0.00292324
16.3		0.00292324
16.4		0.00292324
16.5		0.00292324
16.6		0.00292324
16.7		0.00292324
16.8		0.00292324
16.9		0.00292324
17		0.00292324
17.1		0.00831036
17.2		0.00831036
17.3		0.00831036
17.4		0.00831036
17.5		0.00831036
17.6		0.00831036
17.7		0.00831036
17.8		0.00831036
17.9		0.00831036
18		0.00831036
18.1		0.00889501
18.2		0.00889501
18.3		0.00889501
18.4		0.00889501
18.5		0.00889501
18.6		0.00889501
18.7		0.00889501
18.8		0.00889501
18.9		0.00889501
19		0.00889501
19.1		0.00931262
19.2		0.00931262
19.3		0.00931262
19.4		0.00931262
19.5		0.00931262
19.6		0.00931262
19.7		0.00931262
19.8		0.00931262
19.9		0.00931262
20		0.00931262
20.1		0.0162449
20.2		0.0162449
20.3		0.0162449
20.4		0.0162449
20.5		0.0162449
20.6		0.0162449
20.7		0.0162449
20.8		0.0162449
20.9		0.0162449
21		0.0162449
21.1		0.0183747
21.2		0.0183747
21.3		0.0183747
21.4		0.0183747
21.5		0.0183747
21.6		0.0183747
21.7		0.0183747
21.8		0.0183747
21.9		0.0183747
22		0.0183747
22.1		0.0203374
22.2		0.0203374
22.3		0.0203374
22.4		0.0203374
22.5		0.0203374
22.6		0.0203374
22.7		0.0203374
22.8		0.0203374
22.9		0.0203374
23		0.0203374
23.1		0.0204209
23.2		0.0204209
23.3		0.0204209
23.4		0.0204209
23.5		0.0204209
23.6		0.0204209
23.7		0.0204209
23.8		0.0204209
23.9		0.0204209
24		0.0204209
24.1		0.0233442
24.2		0.0233442
24.3		0.0233442
24.4		0.0233442
24.5		0.0233442
24.6		0.0233442
24.7		0.0233442
24.8		0.0233442
24.9		0.0233442
25		0.0233442
25.1		0.0278543
25.2		0.0278543
25.3		0.0278543
25.4		0.0278543
25.5		0.0278543
25.6		0.0278543
25.7		0.0278543
25.8		0.0278543
25.9		0.0278543
26		0.0278543
26.1		0.028606
26.2		0.028606
26.3		0.028606
26.4		0.028606
26.5		0.028606
26.6		0.028606
26.7		0.028606
26.8		0.028606
26.9		0.028606
27		0.028606
27.1		0.0301512
27.2		0.0301512
27.3		0.0301512
27.4		0.0301512
27.5		0.0301512
27.6		0.0301512
27.7		0.0301512
27.8		0.0301512
27.9		0.0301512
28		0.0301512
28.1		0.0313622
28.2		0.0313622
28.3		0.0313622
28.4		0.0313622
28.5		0.0313622
28.6		0.0313622
28.7		0.0313622
28.8		0.0313622
28.9		0.0313622
29		0.0313622
29.1		0.034369
29.2		0.034369
29.3		0.034369
29.4		0.034369
29.5		0.034369
29.6		0.034369
29.7		0.034369
29.8		0.034369
29.9		0.034369
30		0.034369
30.1		0.035413
30.2		0.035413
30.3		0.035413
30.4		0.035413
30.5		0.035413
30.6		0.035413
30.7		0.035413
30.8		0.035413
30.9		0.035413
31		0.035413
31.1		0.0367076
31.2		0.0367076
31.3		0.0367076
31.4		0.0367076
31.5		0.0367076
31.6		0.0367076
31.7		0.0367076
31.8		0.0367076
31.9		0.0367076
32		0.0367076
32.1		0.0370834
32.2		0.0370834
32.3		0.0370834
32.4		0.0370834
32.5		0.0370834
32.6		0.0370834
32.7		0.0370834
32.8		0.0370834
32.9		0.0370834
33		0.0370834
33.1		0.0407166
33.2		0.0407166
33.3		0.0407166
33.4		0.0407166
33.5		0.0407166
33.6		0.0407166
33.7		0.0407166
33.8		0.0407166
33.9		0.0407166
34		0.0407166
34.1		0.0433058
34.2		0.0433058
34.3		0.0433058
34.4		0.0433058
34.5		0.0433058
34.6		0.0433058
34.7		0.0433058
34.8		0.0433058
34.9		0.0433058
35		0.0433058
35.1		0.0452685
35.2		0.0452685
35.3		0.0452685
35.4		0.0452685
35.5		0.0452685
35.6		0.0452685
35.7		0.0452685
35.8		0.0452685
35.9		0.0452685
36		0.0452685
36.1		0.0465631
36.2		0.0465631
36.3		0.0465631
36.4		0.0465631
36.5		0.0465631
36.6		0.0465631
36.7		0.0465631
36.8		0.0465631
36.9		0.0465631
37		0.0465631
37.1		0.0468137
37.2		0.0468137
37.3		0.0468137
37.4		0.0468137
37.5		0.0468137
37.6		0.0468137
37.7		0.0468137
37.8		0.0468137
37.9		0.0468137
38		0.0468137
38.1		0.0516579
38.2		0.0516579
38.3		0.0516579
38.4		0.0516579
38.5		0.0516579
38.6		0.0516579
38.7		0.0516579
38.8		0.0516579
38.9		0.0516579
39		0.0516579
39.1		0.0524513
39.2		0.0524513
39.3		0.0524513
39.4		0.0524513
39.5		0.0524513
39.6		0.0524513
39.7		0.0524513
39.8		0.0524513
39.9		0.0524513
40		0.0524513
40.1		0.0546647
40.2		0.0546647
40.3		0.0546647
40.4		0.0546647
40.5		0.0546647
40.6		0.0546647
40.7		0.0546647
40.8		0.0546647
40.9		0.0546647
41		0.0546647
41.1		0.0586319
41.2		0.0586319
41.3		0.0586319
41.4		0.0586319
41.5		0.0586319
41.6		0.0586319
41.7		0.0586319
41.8		0.0586319
41.9		0.0586319
42		0.0586319
42.1		0.0606364
42.2		0.0606364
42.3		0.0606364
42.4		0.0606364
42.5		0.0606364
42.6		0.0606364
42.7		0.0606364
42.8		0.0606364
42.9		0.0606364
43		0.0606364
43.1		0.0610958
43.2		0.0610958
43.3		0.0610958
43.4		0.0610958
43.5		0.0610958
43.6		0.0610958
43.7		0.0610958
43.8		0.0610958
43.9		0.0610958
44		0.0610958
44.1		0.0616387
44.2		0.0616387
44.3		0.0616387
44.4		0.0616387
44.5		0.0616387
44.6		0.0616387
44.7		0.0616387
44.8		0.0616387
44.9		0.0616387
45		0.0616387
45.1		0.0637267
45.2		0.0637267
45.3		0.0637267
45.4		0.0637267
45.5		0.0637267
45.6		0.0637267
45.7		0.0637267
45.8		0.0637267
45.9		0.0637267
46		0.0637267
46.1		0.068905
46.2		0.068905
46.3		0.068905
46.4		0.068905
46.5		0.068905
46.6		0.068905
46.7		0.068905
46.8		0.068905
46.9		0.068905
47		0.068905
47.1		0.0691138
47.2		0.0691138
47.3		0.0691138
47.4		0.0691138
47.5		0.0691138
47.6		0.0691138
47.7		0.0691138
47.8		0.0691138
47.9		0.0691138
48		0.0691138
48.1		0.0716612
48.2		0.0716612
48.3		0.0716612
48.4		0.0716612
48.5		0.0716612
48.6		0.0716612
48.7		0.0716612
48.8		0.0716612
48.9		0.0716612
49		0.0716612
49.1		0.0717865
49.2		0.0717865
49.3		0.0717865
49.4		0.0717865
49.5		0.0717865
49.6		0.0717865
49.7		0.0717865
49.8		0.0717865
49.9		0.0717865
50		0.0717865
50.1		0.0765055
50.2		0.0765055
50.3		0.0765055
50.4		0.0765055
50.5		0.0765055
50.6		0.0765055
50.7		0.0765055
50.8		0.0765055
50.9		0.0765055
51		0.0765055
51.1		0.0770066
51.2		0.0770066
51.3		0.0770066
51.4		0.0770066
51.5		0.0770066
51.6		0.0770066
51.7		0.0770066
51.8		0.0770066
51.9		0.0770066
52		0.0770066
52.1		0.0801386
52.2		0.0801386
52.3		0.0801386
52.4		0.0801386
52.5		0.0801386
52.6		0.0801386
52.7		0.0801386
52.8		0.0801386
52.9		0.0801386
53		0.0801386
53.1		0.0810574
53.2		0.0810574
53.3		0.0810574
53.4		0.0810574
53.5		0.0810574
53.6		0.0810574
53.7		0.0810574
53.8		0.0810574
53.9		0.0810574
54		0.0810574
54.1		0.0833125
54.2		0.0833125
54.3		0.0833125
54.4		0.0833125
54.5		0.0833125
54.6		0.0833125
54.7		0.0833125
54.8		0.0833125
54.9		0.0833125
55		0.0833125
55.1		0.0851917
55.2		0.0851917
55.3		0.0851917
55.4		0.0851917
55.5		0.0851917
55.6		0.0851917
55.7		0.0851917
55.8		0.0851917
55.9		0.0851917
56		0.0851917
56.1		0.0856093
56.2		0.0856093
56.3		0.0856093
56.4		0.0856093
56.5		0.0856093
56.6		0.0856093
56.7		0.0856093
56.8		0.0856093
56.9		0.0856093
57		0.0856093
57.1		0.087238
57.2		0.087238
57.3		0.087238
57.4		0.087238
57.5		0.087238
57.6		0.087238
57.7		0.087238
57.8		0.087238
57.9		0.087238
58		0.087238
58.1		0.092458
58.2		0.092458
58.3		0.092458
58.4		0.092458
58.5		0.092458
58.6		0.092458
58.7		0.092458
58.8		0.092458
58.9		0.092458
59		0.092458
59.1		0.0929592
59.2		0.0929592
59.3		0.0929592
59.4		0.0929592
59.5		0.0929592
59.6		0.0929592
59.7		0.0929592
59.8		0.0929592
59.9		0.0929592
60		0.0929592
60.1		0.0949637
60.2		0.0949637
60.3		0.0949637
60.4		0.0949637
60.5		0.0949637
60.6		0.0949637
60.7		0.0949637
60.8		0.0949637
60.9		0.0949637
61		0.0949637
61.1		0.0970099
61.2		0.0970099
61.3		0.0970099
61.4		0.0970099
61.5		0.0970099
61.6		0.0970099
61.7		0.0970099
61.8		0.0970099
61.9		0.0970099
62		0.0970099
62.1		0.0980957
62.2		0.0980957
62.3		0.0980957
62.4		0.0980957
62.5		0.0980957
62.6		0.0980957
62.7		0.0980957
62.8		0.0980957
62.9		0.0980957
63		0.0980957
63.1		0.101687
63.2		0.101687
63.3		0.101687
63.4		0.101687
63.5		0.101687
63.6		0.101687
63.7		0.101687
63.8		0.101687
63.9		0.101687
64		0.101687
64.1		0.103065
64.2		0.103065
64.3		0.103065
64.4		0.103065
64.5		0.103065
64.6		0.103065
64.7		0.103065
64.8		0.103065
64.9		0.103065
65		0.103065
65.1		0.108619
65.2		0.108619
65.3		0.108619
65.4		0.108619
65.5		0.108619
65.6		0.108619
65.7		0.108619
65.8		0.108619
65.9		0.108619
66		0.108619
66.1		0.108912
66.2		0.108912
66.3		0.108912
66.4		0.108912
66.5		0.108912
66.6		0.108912
66.7		0.108912
66.8		0.108912
66.9		0.108912
67		0.108912
67.1		0.110958
67.2		0.110958
67.3		0.110958
67.4		0.110958
67.5		0.110958
67.6		0.110958
67.7		0.110958
67.8		0.110958
67.9		0.110958
68		0.110958
68.1		0.111835
68.2		0.111835
68.3		0.111835
68.4		0.111835
68.5		0.111835
68.6		0.111835
68.7		0.111835
68.8		0.111835
68.9		0.111835
69		0.111835
69.1		0.112879
69.2		0.112879
69.3		0.112879
69.4		0.112879
69.5		0.112879
69.6		0.112879
69.7		0.112879
69.8		0.112879
69.9		0.112879
70		0.112879
70.1		0.117389
70.2		0.117389
70.3		0.117389
70.4		0.117389
70.5		0.117389
70.6		0.117389
70.7		0.117389
70.8		0.117389
70.9		0.117389
71		0.117389
71.1		0.120062
71.2		0.120062
71.3		0.120062
71.4		0.120062
71.5		0.120062
71.6		0.120062
71.7		0.120062
71.8		0.120062
71.9		0.120062
72		0.120062
72.1		0.123361
72.2		0.123361
72.3		0.123361
72.4		0.123361
72.5		0.123361
72.6		0.123361
72.7		0.123361
72.8		0.123361
72.9		0.123361
73		0.123361
73.1		0.12453
73.2		0.12453
73.3		0.12453
73.4		0.12453
73.5		0.12453
73.6		0.12453
73.7		0.12453
73.8		0.12453
73.9		0.12453
74		0.12453
74.1		0.124823
74.2		0.124823
74.3		0.124823
74.4		0.124823
74.5		0.124823
74.6		0.124823
74.7		0.124823
74.8		0.124823
74.9		0.124823
75		0.124823
75.1		0.126785
75.2		0.126785
75.3		0.126785
75.4		0.126785
75.5		0.126785
75.6		0.126785
75.7		0.126785
75.8		0.126785
75.9		0.126785
76		0.126785
76.1		0.131045
76.2		0.131045
76.3		0.131045
76.4		0.131045
76.5		0.131045
76.6		0.131045
76.7		0.131045
76.8		0.131045
76.9		0.131045
77		0.131045
77.1		0.131713
77.2		0.131713
77.3		0.131713
77.4		0.131713
77.5		0.131713
77.6		0.131713
77.7		0.131713
77.8		0.131713
77.9		0.131713
78		0.131713
78.1		0.134803
78.2		0.134803
78.3		0.134803
78.4		0.134803
78.5		0.134803
78.6		0.134803
78.7		0.134803
78.8		0.134803
78.9		0.134803
79		0.134803
79.1		0.135221
79.2		0.135221
79.3		0.135221
79.4		0.135221
79.5		0.135221
79.6		0.135221
79.7		0.135221
79.8		0.135221
79.9		0.135221
80		0.135221
80.1		0.139105
80.2		0.139105
80.3		0.139105
80.4		0.139105
80.5		0.139105
80.6		0.139105
80.7		0.139105
80.8		0.139105
80.9		0.139105
81		0.139105
81.1		0.141527
81.2		0.141527
81.3		0.141527
81.4		0.141527
81.5		0.141527
81.6		0.141527
81.7		0.141527
81.8		0.141527
81.9		0.141527
82		0.141527
82.1		0.14207
82.2		0.14207
82.3		0.14207
82.4		0.14207
82.5		0.14207
82.6		0.14207
82.7		0.14207
82.8		0.14207
82.9		0.14207
83		0.14207
83.1		0.143573
83.2		0.143573
83.3		0.143573
83.4		0.143573
83.5		0.143573
83.6		0.143573
83.7		0.143573
83.8		0.143573
83.9		0.143573
84		0.143573
84.1		0.148083
84.2		0.148083
84.3		0.148083
84.4		0.148083
84.5		0.148083
84.6		0.148083
84.7		0.148083
84.8		0.148083
84.9		0.148083
85		0.148083
85.1		0.151424
85.2		0.151424
85.3		0.151424
85.4		0.151424
85.5		0.151424
85.6		0.151424
85.7		0.151424
85.8		0.151424
85.9		0.151424
86		0.151424
86.1		0.152635
86.2		0.152635
86.3		0.152635
86.4		0.152635
86.5		0.152635
86.6		0.152635
86.7		0.152635
86.8		0.152635
86.9		0.152635
87		0.152635
87.1		0.153971
87.2		0.153971
87.3		0.153971
87.4		0.153971
87.5		0.153971
87.6		0.153971
87.7		0.153971
87.8		0.153971
87.9		0.153971
88		0.153971
88.1		0.154306
88.2		0.154306
88.3		0.154306
88.4		0.154306
88.5		0.154306
88.6		0.154306
88.7		0.154306
88.8		0.154306
88.9		0.154306
89		0.154306
89.1		0.158022
89.2		0.158022
89.3		0.158022
89.4		0.158022
89.5		0.158022
89.6		0.158022
89.7		0.158022
89.8		0.158022
89.9		0.158022
90		0.158022
90.1		0.159359
90.2		0.159359
90.3		0.159359
90.4		0.159359
90.5		0.159359
90.6		0.159359
90.7		0.159359
90.8		0.159359
90.9		0.159359
91		0.159359
91.1		0.162532
91.2		0.162532
91.3		0.162532
91.4		0.162532
91.5		0.162532
91.6		0.162532
91.7		0.162532
91.8		0.162532
91.9		0.162532
92		0.162532
92.1		0.163576
92.2		0.163576
92.3		0.163576
92.4		0.163576
92.5		0.163576
92.6		0.163576
92.7		0.163576
92.8		0.163576
92.9		0.163576
93		0.163576
93.1		0.166834
93.2		0.166834
93.3		0.166834
93.4		0.166834
93.5		0.166834
93.6		0.166834
93.7		0.166834
93.8		0.166834
93.9		0.166834
94		0.166834
94.1		0.169005
94.2		0.169005
94.3		0.169005
94.4		0.169005
94.5		0.169005
94.6		0.169005
94.7		0.169005
94.8		0.169005
94.9		0.169005
95		0.169005
95.1		0.17055
95.2		0.17055
95.3		0.17055
95.4		0.17055
95.5		0.17055
95.6		0.17055
95.7		0.17055
95.8		0.17055
95.9		0.17055
96		0.17055
96.1		0.172054
96.2		0.172054
96.3		0.172054
96.4		0.172054
96.5		0.172054
96.6		0.172054
96.7		0.172054
96.8		0.172054
96.9		0.172054
97		0.172054
97.1		0.175019
97.2		0.175019
97.3		0.175019
97.4		0.175019
97.5		0.175019
97.6		0.175019
97.7		0.175019
97.8		0.175019
97.9		0.175019
98		0.175019
98.1		0.1779
98.2		0.1779
98.3		0.1779
98.4		0.1779
98.5		0.1779
98.6		0.1779
98.7		0.1779
98.8		0.1779
98.9		0.1779
99		0.1779
99.1		0.180322
99.2		0.180322
99.3		0.180322
99.4		0.180322
99.5		0.180322
99.6		0.180322
99.7		0.180322
99.8		0.180322
99.9		0.180322
100		0.180322
100.1		0.180615
100.2		0.180615
100.3		0.180615
100.4		0.180615
100.5		0.180615
100.6		0.180615
100.7		0.180615
100.8		0.180615
100.9		0.180615
101		0.180615
101.1		0.181617
101.2		0.181617
101.3		0.181617
101.4		0.181617
101.5		0.181617
101.6		0.181617
101.7		0.181617
101.8		0.181617
101.9		0.181617
102		0.181617
102.1		0.185459
102.2		0.185459
102.3		0.185459
102.4		0.185459
102.5		0.185459
102.6		0.185459
102.7		0.185459
102.8		0.185459
102.9		0.185459
103		0.185459
103.1		0.188215
103.2		0.188215
103.3		0.188215
103.4		0.188215
103.5		0.188215
103.6		0.188215
103.7		0.188215
103.8		0.188215
103.9		0.188215
104		0.188215
104.1		0.188883
104.2		0.188883
104.3		0.188883
104.4		0.188883
104.5		0.188883
104.6		0.188883
104.7		0.188883
104.8		0.188883
104.9		0.188883
105		0.188883
105.1		0.191848
105.2		0.191848
105.3		0.191848
105.4		0.191848
105.5		0.191848
105.6		0.191848
105.7		0.191848
105.8		0.191848
105.9		0.191848
106		0.191848
106.1		0.193769
106.2		0.193769
106.3		0.193769
106.4		0.193769
106.5		0.193769
106.6		0.193769
106.7		0.193769
106.8		0.193769
106.9		0.193769
107		0.193769
107.1		0.19686
107.2		0.19686
107.3		0.19686
107.4		0.19686
107.5		0.19686
107.6		0.19686
107.7		0.19686
107.8		0.19686
107.9		0.19686
108		0.19686
108.1		0.198279
108.2		0.198279
108.3		0.198279
108.4		0.198279
108.5		0.198279
108.6		0.198279
108.7		0.198279
108.8		0.198279
108.9		0.198279
109		0.198279
109.1		0.201036
109.2		0.201036
109.3		0.201036
109.4		0.201036
109.5		0.201036
109.6		0.201036
109.7		0.201036
109.8		0.201036
109.9		0.201036
110		0.201036
110.1		0.204752
110.2		0.204752
110.3		0.204752
110.4		0.204752
110.5		0.204752
110.6		0.204752
110.7		0.204752
110.8		0.204752
110.9		0.204752
111		0.204752
111.1		0.206548
111.2		0.206548
111.3		0.206548
111.4		0.206548
111.5		0.206548
111.6		0.206548
111.7		0.206548
111.8		0.206548
111.9		0.206548
112		0.206548
112.1		0.206757
112.2		0.206757
112.3		0.206757
112.4		0.206757
112.5		0.206757
112.6		0.206757
112.7		0.206757
112.8		0.206757
112.9		0.206757
113		0.206757
113.1		0.207467
113.2		0.207467
113.3		0.207467
113.4		0.207467
113.5		0.207467
113.6		0.207467
113.7		0.207467
113.8		0.207467
113.9		0.207467
114		0.207467
114.1		0.213146
114.2		0.213146
114.3		0.213146
114.4		0.213146
114.5		0.213146
114.6		0.213146
114.7		0.213146
114.8		0.213146
114.9		0.213146
115		0.213146
115.1		0.214566
115.2		0.214566
115.3		0.214566
115.4		0.214566
115.5		0.214566
115.6		0.214566
115.7		0.214566
115.8		0.214566
115.9		0.214566
116		0.214566
116.1		0.216946
116.2		0.216946
116.3		0.216946
116.4		0.216946
116.5		0.216946
116.6		0.216946
116.7		0.216946
116.8		0.216946
116.9		0.216946
117		0.216946
117.1		0.217573
117.2		0.217573
117.3		0.217573
117.4		0.217573
117.5		0.217573
117.6		0.217573
117.7		0.217573
117.8		0.217573
117.9		0.217573
118		0.217573
118.1		0.221665
118.2		0.221665
118.3		0.221665
118.4		0.221665
118.5		0.221665
118.6		0.221665
118.7		0.221665
118.8		0.221665
118.9		0.221665
119		0.221665
119.1		0.221916
119.2		0.221916
119.3		0.221916
119.4		0.221916
119.5		0.221916
119.6		0.221916
119.7		0.221916
119.8		0.221916
119.9		0.221916
120		0.221916
120.1		0.225132
120.2		0.225132
120.3		0.225132
120.4		0.225132
120.5		0.225132
120.6		0.225132
120.7		0.225132
120.8		0.225132
120.9		0.225132
121		0.225132
121.1		0.225507
121.2		0.225507
121.3		0.225507
121.4		0.225507
121.5		0.225507
121.6		0.225507
121.7		0.225507
121.8		0.225507
121.9		0.225507
122		0.225507
122.1		0.229182
122.2		0.229182
122.3		0.229182
122.4		0.229182
122.5		0.229182
122.6		0.229182
122.7		0.229182
122.8		0.229182
122.9		0.229182
123		0.229182
123.1		0.23315
123.2		0.23315
123.3		0.23315
123.4		0.23315
123.5		0.23315
123.6		0.23315
123.7		0.23315
123.8		0.23315
123.9		0.23315
124		0.23315
124.1		0.233985
124.2		0.233985
124.3		0.233985
124.4		0.233985
124.5		0.233985
124.6		0.233985
124.7		0.233985
124.8		0.233985
124.9		0.233985
125		0.233985
125.1		0.234444
125.2		0.234444
125.3		0.234444
125.4		0.234444
125.5		0.234444
125.6		0.234444
125.7		0.234444
125.8		0.234444
125.9		0.234444
126		0.234444
126.1		0.239539
126.2		0.239539
126.3		0.239539
126.4		0.239539
126.5		0.239539
126.6		0.239539
126.7		0.239539
126.8		0.239539
126.9		0.239539
127		0.239539
127.1		0.239873
127.2		0.239873
127.3		0.239873
127.4		0.239873
127.5		0.239873
127.6		0.239873
127.7		0.239873
127.8		0.239873
127.9		0.239873
128		0.239873
128.1		0.239998
128.2		0.239998
128.3		0.239998
128.4		0.239998
128.5		0.239998
128.6		0.239998
128.7		0.239998
128.8		0.239998
128.9		0.239998
129		0.239998
129.1		0.244174
129.2		0.244174
129.3		0.244174
129.4		0.244174
129.5		0.244174
129.6		0.244174
129.7		0.244174
129.8		0.244174
129.9		0.244174
130		0.244174
130.1		0.246555
130.2		0.246555
130.3		0.246555
130.4		0.246555
130.5		0.246555
130.6		0.246555
130.7		0.246555
130.8		0.246555
130.9		0.246555
131		0.246555
131.1		0.249269
131.2		0.249269
131.3		0.249269
131.4		0.249269
131.5		0.249269
131.6		0.249269
131.7		0.249269
131.8		0.249269
131.9		0.249269
132		0.249269
132.1		0.250271
132.2		0.250271
132.3		0.250271
132.4		0.250271
132.5		0.250271
132.6		0.250271
132.7		0.250271
132.8		0.250271
132.9		0.250271
133		0.250271
133.1		0.250731
133.2		0.250731
133.3		0.250731
133.4		0.250731
133.5		0.250731
133.6		0.250731
133.7		0.250731
133.8		0.250731
133.9		0.250731
134		0.250731
134.1		0.251942
134.2		0.251942
134.3		0.251942
134.4		0.251942
134.5		0.251942
134.6		0.251942
134.7		0.251942
134.8		0.251942
134.9		0.251942
135		0.251942
135.1		0.254698
135.2		0.254698
135.3		0.254698
135.4		0.254698
135.5		0.254698
135.6		0.254698
135.7		0.254698
135.8		0.254698
135.9		0.254698
136		0.254698
136.1		0.258373
136.2		0.258373
136.3		0.258373
136.4		0.258373
136.5		0.258373
136.6		0.258373
136.7		0.258373
136.8		0.258373
136.9		0.258373
137		0.258373
137.1		0.259125
137.2		0.259125
137.3		0.259125
137.4		0.259125
137.5		0.259125
137.6		0.259125
137.7		0.259125
137.8		0.259125
137.9		0.259125
138		0.259125
138.1		0.260503
138.2		0.260503
138.3		0.260503
138.4		0.260503
138.5		0.260503
138.6		0.260503
138.7		0.260503
138.8		0.260503
138.9		0.260503
139		0.260503
139.1		0.26092
139.2		0.26092
139.3		0.26092
139.4		0.26092
139.5		0.26092
139.6		0.26092
139.7		0.26092
139.8		0.26092
139.9		0.26092
140		0.26092
140.1		0.265723
140.2		0.265723
140.3		0.265723
140.4		0.265723
140.5		0.265723
140.6		0.265723
140.7		0.265723
140.8		0.265723
140.9		0.265723
141		0.265723
141.1		0.266099
141.2		0.266099
141.3		0.266099
141.4		0.266099
141.5		0.266099
141.6		0.266099
141.7		0.266099
141.8		0.266099
141.9		0.266099
142		0.266099
142.1		0.269398
142.2		0.269398
142.3		0.269398
142.4		0.269398
142.5		0.269398
142.6		0.269398
142.7		0.269398
142.8		0.269398
142.9		0.269398
143		0.269398
143.1		0.270275
143.2		0.270275
143.3		0.270275
143.4		0.270275
143.5		0.270275
143.6		0.270275
143.7		0.270275
143.8		0.270275
143.9		0.270275
144		0.270275
144.1		0.273616
144.2		0.273616
144.3		0.273616
144.4		0.273616
144.5		0.273616
144.6		0.273616
144.7		0.273616
144.8		0.273616
144.9		0.273616
145		0.273616
145.1		0.275829
145.2		0.275829
145.3		0.275829
145.4		0.275829
145.5		0.275829
145.6		0.275829
145.7		0.275829
145.8		0.275829
145.9		0.275829
146		0.275829
146.1		0.276121
146.2		0.276121
146.3		0.276121
146.4		0.276121
146.5		0.276121
146.6		0.276121
146.7		0.276121
146.8		0.276121
146.9		0.276121
147		0.276121
147.1		0.278168
147.2		0.278168
147.3		0.278168
147.4		0.278168
147.5		0.278168
147.6		0.278168
147.7		0.278168
147.8		0.278168
147.9		0.278168
148		0.278168
148.1		0.285183
148.2		0.285183
148.3		0.285183
148.4		0.285183
148.5		0.285183
148.6		0.285183
148.7		0.285183
148.8		0.285183
148.9		0.285183
149		0.285183
149.1		0.285559
149.2		0.285559
149.3		0.285559
149.4		0.285559
149.5		0.285559
149.6		0.285559
149.7		0.285559
149.8		0.285559
149.9		0.285559
150		0.285559
150.1		0.285851
150.2		0.285851
150.3		0.285851
150.4		0.285851
150.5		0.285851
150.6		0.285851
150.7		0.285851
150.8		0.285851
150.9		0.285851
151		0.285851
151.1		0.288775
151.2		0.288775
151.3		0.288775
151.4		0.288775
151.5		0.288775
151.6		0.288775
151.7		0.288775
151.8		0.288775
151.9		0.288775
152		0.288775
152.1		0.29128
152.2		0.29128
152.3		0.29128
152.4		0.29128
152.5		0.29128
152.6		0.29128
152.7		0.29128
152.8		0.29128
152.9		0.29128
153		0.29128
153.1		0.294788
153.2		0.294788
153.3		0.294788
153.4		0.294788
153.5		0.294788
153.6		0.294788
153.7		0.294788
153.8		0.294788
153.9		0.294788
154		0.294788
154.1		0.296542
154.2		0.296542
154.3		0.296542
154.4		0.296542
154.5		0.296542
154.6		0.296542
154.7		0.296542
154.8		0.296542
154.9		0.296542
155		0.296542
155.1		0.297252
155.2		0.297252
155.3		0.297252
155.4		0.297252
155.5		0.297252
155.6		0.297252
155.7		0.297252
155.8		0.297252
155.9		0.297252
156		0.297252
156.1		0.298463
156.2		0.298463
156.3		0.298463
156.4		0.298463
156.5		0.298463
156.6		0.298463
156.7		0.298463
156.8		0.298463
156.9		0.298463
157		0.298463
157.1		0.302681
157.2		0.302681
157.3		0.302681
157.4		0.302681
157.5		0.302681
157.6		0.302681
157.7		0.302681
157.8		0.302681
157.9		0.302681
158		0.302681
158.1		0.303099
158.2		0.303099
158.3		0.303099
158.4		0.303099
158.5		0.303099
158.6		0.303099
158.7		0.303099
158.8		0.303099
158.9		0.303099
159		0.303099
159.1		0.303976
159.2		0.303976
159.3		0.303976
159.4		0.303976
159.5		0.303976
159.6		0.303976
159.7		0.303976
159.8		0.303976
159.9		0.303976
160		0.303976
160.1		0.30882
160.2		0.30882
160.3		0.30882
160.4		0.30882
160.5		0.30882
160.6		0.30882
160.7		0.30882
160.8		0.30882
160.9		0.30882
161		0.30882
161.1		0.309697
161.2		0.309697
161.3		0.309697
161.4		0.309697
161.5		0.309697
161.6		0.309697
161.7		0.309697
161.8		0.309697
161.9		0.309697
162		0.309697
162.1		0.31333
162.2		0.31333
162.3		0.31333
162.4		0.31333
162.5		0.31333
162.6		0.31333
162.7		0.31333
162.8		0.31333
162.9		0.31333
163		0.31333
163.1		0.313831
163.2		0.313831
163.3		0.313831
163.4		0.313831
163.5		0.313831
163.6		0.313831
163.7		0.313831
163.8		0.313831
163.9		0.313831
164		0.313831
164.1		0.314708
164.2		0.314708
164.3		0.314708
164.4		0.314708
164.5		0.314708
164.6		0.314708
164.7		0.314708
164.8		0.314708
164.9		0.314708
165		0.314708
165.1		0.320972
165.2		0.320972
165.3		0.320972
165.4		0.320972
165.5		0.320972
165.6		0.320972
165.7		0.320972
165.8		0.320972
165.9		0.320972
166		0.320972
166.1		0.323227
166.2		0.323227
166.3		0.323227
166.4		0.323227
166.5		0.323227
166.6		0.323227
166.7		0.323227
166.8		0.323227
166.9		0.323227
167		0.323227
167.1		0.323394
167.2		0.323394
167.3		0.323394
167.4		0.323394
167.5		0.323394
167.6		0.323394
167.7		0.323394
167.8		0.323394
167.9		0.323394
168		0.323394
168.1		0.32519
168.2		0.32519
168.3		0.32519
168.4		0.32519
168.5		0.32519
168.6		0.32519
168.7		0.32519
168.8		0.32519
168.9		0.32519
169		0.32519
169.1		0.325524
169.2		0.325524
169.3		0.325524
169.4		0.325524
169.5		0.325524
169.6		0.325524
169.7		0.325524
169.8		0.325524
169.9		0.325524
170		0.325524
170.1		0.331663
170.2		0.331663
170.3		0.331663
170.4		0.331663
170.5		0.331663
170.6		0.331663
170.7		0.331663
170.8		0.331663
170.9		0.331663
171		0.331663
171.1		0.332206
171.2		0.332206
171.3		0.332206
171.4		0.332206
171.5		0.332206
171.6		0.332206
171.7		0.332206
171.8		0.332206
171.9		0.332206
172		0.332206
172.1		0.332582
172.2		0.332582
172.3		0.332582
172.4		0.332582
172.5		0.332582
172.6		0.332582
172.7		0.332582
172.8		0.332582
172.9		0.332582
173		0.332582
173.1		0.33279
173.2		0.33279
173.3		0.33279
173.4		0.33279
173.5		0.33279
173.6		0.33279
173.7		0.33279
173.8		0.33279
173.9		0.33279
174		0.33279
174.1		0.337509
174.2		0.337509
174.3		0.337509
174.4		0.337509
174.5		0.337509
174.6		0.337509
174.7		0.337509
174.8		0.337509
174.9		0.337509
175		0.337509
175.1		0.34085
175.2		0.34085
175.3		0.34085
175.4		0.34085
175.5		0.34085
175.6		0.34085
175.7		0.34085
175.8		0.34085
175.9		0.34085
176		0.34085
176.1		0.341435
176.2		0.341435
176.3		0.341435
176.4		0.341435
176.5		0.341435
176.6		0.341435
176.7		0.341435
176.8		0.341435
176.9		0.341435
177		0.341435
177.1		0.341727
177.2		0.341727
177.3		0.341727
177.4		0.341727
177.5		0.341727
177.6		0.341727
177.7		0.341727
177.8		0.341727
177.9		0.341727
178		0.341727
178.1		0.346029
178.2		0.346029
178.3		0.346029
178.4		0.346029
178.5		0.346029
178.6		0.346029
178.7		0.346029
178.8		0.346029
178.9		0.346029
179		0.346029
179.1		0.346947
179.2		0.346947
179.3		0.346947
179.4		0.346947
179.5		0.346947
179.6		0.346947
179.7		0.346947
179.8		0.346947
179.9		0.346947
180		0.346947
180.1		0.348701
180.2		0.348701
180.3		0.348701
180.4		0.348701
180.5		0.348701
180.6		0.348701
180.7		0.348701
180.8		0.348701
180.9		0.348701
181		0.348701
181.1		0.350163
181.2		0.350163
181.3		0.350163
181.4		0.350163
181.5		0.350163
181.6		0.350163
181.7		0.350163
181.8		0.350163
181.9		0.350163
182		0.350163
182.1		0.35271
182.2		0.35271
182.3		0.35271
182.4		0.35271
182.5		0.35271
182.6		0.35271
182.7		0.35271
182.8		0.35271
182.9		0.35271
183		0.35271
183.1		0.355007
183.2		0.355007
183.3		0.355007
183.4		0.355007
183.5		0.355007
183.6		0.355007
183.7		0.355007
183.8		0.355007
183.9		0.355007
184		0.355007
184.1		0.356636
184.2		0.356636
184.3		0.356636
184.4		0.356636
184.5		0.356636
184.6		0.356636
184.7		0.356636
184.8		0.356636
184.9		0.356636
185		0.356636
185.1		0.357554
185.2		0.357554
185.3		0.357554
185.4		0.357554
185.5		0.357554
185.6		0.357554
185.7		0.357554
185.8		0.357554
185.9		0.357554
186		0.357554
186.1		0.359392
186.2		0.359392
186.3		0.359392
186.4		0.359392
186.5		0.359392
186.6		0.359392
186.7		0.359392
186.8		0.359392
186.9		0.359392
187		0.359392
187.1		0.362816
187.2		0.362816
187.3		0.362816
187.4		0.362816
187.5		0.362816
187.6		0.362816
187.7		0.362816
187.8		0.362816
187.9		0.362816
188		0.362816
188.1		0.364445
188.2		0.364445
188.3		0.364445
188.4		0.364445
188.5		0.364445
188.6		0.364445
188.7		0.364445
188.8		0.364445
188.9		0.364445
189		0.364445
189.1		0.364946
189.2		0.364946
189.3		0.364946
189.4		0.364946
189.5		0.364946
189.6		0.364946
189.7		0.364946
189.8		0.364946
189.9		0.364946
190		0.364946
190.1		0.36954
190.2		0.36954
190.3		0.36954
190.4		0.36954
190.5		0.36954
190.6		0.36954
190.7		0.36954
190.8		0.36954
190.9		0.36954
191		0.36954
191.1		0.370417
191.2		0.370417
191.3		0.370417
191.4		0.370417
191.5		0.370417
191.6		0.370417
191.7		0.370417
191.8		0.370417
191.9		0.370417
192		0.370417
192.1		0.373674
192.2		0.373674
192.3		0.373674
192.4		0.373674
192.5		0.373674
192.6		0.373674
192.7		0.373674
192.8		0.373674
192.9		0.373674
193		0.373674
193.1		0.377182
193.2		0.377182
193.3		0.377182
193.4		0.377182
193.5		0.377182
193.6		0.377182
193.7		0.377182
193.8		0.377182
193.9		0.377182
194		0.377182
194.1		0.378393
194.2		0.378393
194.3		0.378393
194.4		0.378393
194.5		0.378393
194.6		0.378393
194.7		0.378393
194.8		0.378393
194.9		0.378393
195		0.378393
195.1		0.380356
195.2		0.380356
195.3		0.380356
195.4		0.380356
195.5		0.380356
195.6		0.380356
195.7		0.380356
195.8		0.380356
195.9		0.380356
196		0.380356
196.1		0.38307
196.2		0.38307
196.3		0.38307
196.4		0.38307
196.5		0.38307
196.6		0.38307
196.7		0.38307
196.8		0.38307
196.9		0.38307
197		0.38307
197.1		0.385325
197.2		0.385325
197.3		0.385325
197.4		0.385325
197.5		0.385325
197.6		0.385325
197.7		0.385325
197.8		0.385325
197.9		0.385325
198		0.385325
198.1		0.385618
198.2		0.385618
198.3		0.385618
198.4		0.385618
198.5		0.385618
198.6		0.385618
198.7		0.385618
198.8		0.385618
198.9		0.385618
199		0.385618
199.1		0.388541
199.2		0.388541
199.3		0.388541
199.4		0.388541
199.5		0.388541
199.6		0.388541
199.7		0.388541
199.8		0.388541
199.9		0.388541
200		0.388541
200.1		0.393343
200.2		0.393343
200.3		0.393343
200.4		0.393343
200.5		0.393343
200.6		0.393343
200.7		0.393343
200.8		0.393343
200.9		0.393343
201		0.393343
201.1		0.39351
201.2		0.39351
201.3		0.39351
201.4		0.39351
201.5		0.39351
201.6		0.39351
201.7		0.39351
201.8		0.39351
201.9		0.39351
202		0.39351
202.1		0.394095
202.2		0.394095
202.3		0.394095
202.4		0.394095
202.5		0.394095
202.6		0.394095
202.7		0.394095
202.8		0.394095
202.9		0.394095
203		0.394095
203.1		0.394262
203.2		0.394262
203.3		0.394262
203.4		0.394262
203.5		0.394262
203.6		0.394262
203.7		0.394262
203.8		0.394262
203.9		0.394262
204		0.394262
204.1		0.400651
204.2		0.400651
204.3		0.400651
204.4		0.400651
204.5		0.400651
204.6		0.400651
204.7		0.400651
204.8		0.400651
204.9		0.400651
205		0.400651
205.1		0.400819
205.2		0.400819
205.3		0.400819
205.4		0.400819
205.5		0.400819
205.6		0.400819
205.7		0.400819
205.8		0.400819
205.9		0.400819
206		0.400819
206.1		0.403491
206.2		0.403491
206.3		0.403491
206.4		0.403491
206.5		0.403491
206.6		0.403491
206.7		0.403491
206.8		0.403491
206.9		0.403491
207		0.403491
207.1		0.404452
207.2		0.404452
207.3		0.404452
207.4		0.404452
207.5		0.404452
207.6		0.404452
207.7		0.404452
207.8		0.404452
207.9		0.404452
208		0.404452
208.1		0.408502
208.2		0.408502
208.3		0.408502
208.4		0.408502
208.5		0.408502
208.6		0.408502
208.7		0.408502
208.8		0.408502
208.9		0.408502
209		0.408502
209.1		0.409296
209.2		0.409296
209.3		0.409296
209.4		0.409296
209.5		0.409296
209.6		0.409296
209.7		0.409296
209.8		0.409296
209.9		0.409296
210		0.409296
210.1		0.410716
210.2		0.410716
210.3		0.410716
210.4		0.410716
210.5		0.410716
210.6		0.410716
210.7		0.410716
210.8		0.410716
210.9		0.410716
211		0.410716
211.1		0.411467
211.2		0.411467
211.3		0.411467
211.4		0.411467
211.5		0.411467
211.6		0.411467
211.7		0.411467
211.8		0.411467
211.9		0.411467
212		0.411467
212.1		0.417481
212.2		0.417481
212.3		0.417481
212.4		0.417481
212.5		0.417481
212.6		0.417481
212.7		0.417481
212.8		0.417481
212.9		0.417481
213		0.417481
213.1		0.418567
213.2		0.418567
213.3		0.418567
213.4		0.418567
213.5		0.418567
213.6		0.418567
213.7		0.418567
213.8		0.418567
213.9		0.418567
214		0.418567
214.1		0.420947
214.2		0.420947
214.3		0.420947
214.4		0.420947
214.5		0.420947
214.6		0.420947
214.7		0.420947
214.8		0.420947
214.9		0.420947
215		0.420947
215.1		0.421365
215.2		0.421365
215.3		0.421365
215.4		0.421365
215.5		0.421365
215.6		0.421365
215.7		0.421365
215.8		0.421365
215.9		0.421365
216		0.421365
216.1		0.42387
216.2		0.42387
216.3		0.42387
216.4		0.42387
216.5		0.42387
216.6		0.42387
216.7		0.42387
216.8		0.42387
216.9		0.42387
217		0.42387
217.1		0.427504
217.2		0.427504
217.3		0.427504
217.4		0.427504
217.5		0.427504
217.6		0.427504
217.7		0.427504
217.8		0.427504
217.9		0.427504
218		0.427504
218.1		0.427921
218.2		0.427921
218.3		0.427921
218.4		0.427921
218.5		0.427921
218.6		0.427921
218.7		0.427921
218.8		0.427921
218.9		0.427921
219		0.427921
219.1		0.430343
219.2		0.430343
219.3		0.430343
219.4		0.430343
219.5		0.430343
219.6		0.430343
219.7		0.430343
219.8		0.430343
219.9		0.430343
220		0.430343
220.1		0.432139
220.2		0.432139
220.3		0.432139
220.4		0.432139
220.5		0.432139
220.6		0.432139
220.7		0.432139
220.8		0.432139
220.9		0.432139
221		0.432139
221.1		0.434853
221.2		0.434853
221.3		0.434853
221.4		0.434853
221.5		0.434853
221.6		0.434853
221.7		0.434853
221.8		0.434853
221.9		0.434853
222		0.434853
222.1		0.436524
222.2		0.436524
222.3		0.436524
222.4		0.436524
222.5		0.436524
222.6		0.436524
222.7		0.436524
222.8		0.436524
222.9		0.436524
223		0.436524
223.1		0.43832
223.2		0.43832
223.3		0.43832
223.4		0.43832
223.5		0.43832
223.6		0.43832
223.7		0.43832
223.8		0.43832
223.9		0.43832
224		0.43832
224.1		0.438695
224.2		0.438695
224.3		0.438695
224.4		0.438695
224.5		0.438695
224.6		0.438695
224.7		0.438695
224.8		0.438695
224.9		0.438695
225		0.438695
225.1		0.440408
225.2		0.440408
225.3		0.440408
225.4		0.440408
225.5		0.440408
225.6		0.440408
225.7		0.440408
225.8		0.440408
225.9		0.440408
226		0.440408
226.1		0.447256
226.2		0.447256
226.3		0.447256
226.4		0.447256
226.5		0.447256
226.6		0.447256
226.7		0.447256
226.8		0.447256
226.9		0.447256
227		0.447256
227.1		0.447507
227.2		0.447507
227.3		0.447507
227.4		0.447507
227.5		0.447507
227.6		0.447507
227.7		0.447507
227.8		0.447507
227.9		0.447507
228		0.447507
228.1		0.448927
228.2		0.448927
228.3		0.448927
228.4		0.448927
228.5		0.448927
228.6		0.448927
228.7		0.448927
228.8		0.448927
228.9		0.448927
229		0.448927
229.1		0.450138
229.2		0.450138
229.3		0.450138
229.4		0.450138
229.5		0.450138
229.6		0.450138
229.7		0.450138
229.8		0.450138
229.9		0.450138
230		0.450138
230.1		0.454314
230.2		0.454314
230.3		0.454314
230.4		0.454314
230.5		0.454314
230.6		0.454314
230.7		0.454314
230.8		0.454314
230.9		0.454314
231		0.454314
231.1		0.456903
231.2		0.456903
231.3		0.456903
231.4		0.456903
231.5		0.456903
231.6		0.456903
231.7		0.456903
231.8		0.456903
231.9		0.456903
232		0.456903
232.1		0.459116
232.2		0.459116
232.3		0.459116
232.4		0.459116
232.5		0.459116
232.6		0.459116
232.7		0.459116
232.8		0.459116
232.9		0.459116
233		0.459116
233.1		0.459826
233.2		0.459826
233.3		0.459826
233.4		0.459826
233.5		0.459826
233.6		0.459826
233.7		0.459826
233.8		0.459826
233.9		0.459826
234		0.459826
234.1		0.462332
234.2		0.462332
234.3		0.462332
234.4		0.462332
234.5		0.462332
234.6		0.462332
234.7		0.462332
234.8		0.462332
234.9		0.462332
235		0.462332
235.1		0.46513
235.2		0.46513
235.3		0.46513
235.4		0.46513
235.5		0.46513
235.6		0.46513
235.7		0.46513
235.8		0.46513
235.9		0.46513
236		0.46513
236.1		0.465673
236.2		0.465673
236.3		0.465673
236.4		0.465673
236.5		0.465673
236.6		0.465673
236.7		0.465673
236.8		0.465673
236.9		0.465673
237		0.465673
237.1		0.466257
237.2		0.466257
237.3		0.466257
237.4		0.466257
237.5		0.466257
237.6		0.466257
237.7		0.466257
237.8		0.466257
237.9		0.466257
238		0.466257
238.1		0.472146
238.2		0.472146
238.3		0.472146
238.4		0.472146
238.5		0.472146
238.6		0.472146
238.7		0.472146
238.8		0.472146
238.9		0.472146
239		0.472146
239.1		0.472563
239.2		0.472563
239.3		0.472563
239.4		0.472563
239.5		0.472563
239.6		0.472563
239.7		0.472563
239.8		0.472563
239.9		0.472563
240		0.472563
240.1		0.47344
240.2		0.47344
240.3		0.47344
240.4		0.47344
240.5		0.47344
240.6		0.47344
240.7		0.47344
240.8		0.47344
240.9		0.47344
241		0.47344
241.1		0.476071
241.2		0.476071
241.3		0.476071
241.4		0.476071
241.5		0.476071
241.6		0.476071
241.7		0.476071
241.8		0.476071
241.9		0.476071
242		0.476071
242.1		0.478619
242.2		0.478619
242.3		0.478619
242.4		0.478619
242.5		0.478619
242.6		0.478619
242.7		0.478619
242.8		0.478619
242.9		0.478619
243		0.478619
243.1		0.481041
243.2		0.481041
243.3		0.481041
243.4		0.481041
243.5		0.481041
243.6		0.481041
243.7		0.481041
243.8		0.481041
243.9		0.481041
244		0.481041
244.1		0.482168
244.2		0.482168
244.3		0.482168
244.4		0.482168
244.5		0.482168
244.6		0.482168
244.7		0.482168
244.8		0.482168
244.9		0.482168
245		0.482168
245.1		0.484716
245.2		0.484716
245.3		0.484716
245.4		0.484716
245.5		0.484716
245.6		0.484716
245.7		0.484716
245.8		0.484716
245.9		0.484716
246		0.484716
246.1		0.486637
246.2		0.486637
246.3		0.486637
246.4		0.486637
246.5		0.486637
246.6		0.486637
246.7		0.486637
246.8		0.486637
246.9		0.486637
247		0.486637
247.1		0.488725
247.2		0.488725
247.3		0.488725
247.4		0.488725
247.5		0.488725
247.6		0.488725
247.7		0.488725
247.8		0.488725
247.9		0.488725
248		0.488725
248.1		0.490103
248.2		0.490103
248.3		0.490103
248.4		0.490103
248.5		0.490103
248.6		0.490103
248.7		0.490103
248.8		0.490103
248.9		0.490103
249		0.490103
249.1		0.491564
249.2		0.491564
249.3		0.491564
249.4		0.491564
249.5		0.491564
249.6		0.491564
249.7		0.491564
249.8		0.491564
249.9		0.491564
250		0.491564
250.1		0.495114
250.2		0.495114
250.3		0.495114
250.4		0.495114
250.5		0.495114
250.6		0.495114
250.7		0.495114
250.8		0.495114
250.9		0.495114
251		0.495114
251.1		0.496367
251.2		0.496367
251.3		0.496367
251.4		0.496367
251.5		0.496367
251.6		0.496367
251.7		0.496367
251.8		0.496367
251.9		0.496367
252		0.496367
252.1		0.499207
252.2		0.499207
252.3		0.499207
252.4		0.499207
252.5		0.499207
252.6		0.499207
252.7		0.499207
252.8		0.499207
252.9		0.499207
253		0.499207
253.1		0.499248
253.2		0.499248
253.3		0.499248
253.4		0.499248
253.5		0.499248
253.6		0.499248
253.7		0.499248
253.8		0.499248
253.9		0.499248
254		0.499248
254.1		0.500084
254.2		0.500084
254.3		0.500084
254.4		0.500084
254.5		0.500084
254.6		0.500084
254.7		0.500084
254.8		0.500084
254.9		0.500084
255		0.500084
255.1		0.503925
255.2		0.503925
255.3		0.503925
255.4		0.503925
255.5		0.503925
255.6		0.503925
255.7		0.503925
255.8		0.503925
255.9		0.503925
256		0.503925
256.1		0.508728
256.2		0.508728
256.3		0.508728
256.4		0.508728
256.5		0.508728
256.6		0.508728
256.7		0.508728
256.8		0.508728
256.9		0.508728
257		0.508728
257.1		0.510565
257.2		0.510565
257.3		0.510565
257.4		0.510565
257.5		0.510565
257.6		0.510565
257.7		0.510565
257.8		0.510565
257.9		0.510565
258		0.510565
258.1		0.511526
258.2		0.511526
258.3		0.511526
258.4		0.511526
258.5		0.511526
258.6		0.511526
258.7		0.511526
258.8		0.511526
258.9		0.511526
259		0.511526
259.1		0.511693
259.2		0.511693
259.3		0.511693
259.4		0.511693
259.5		0.511693
259.6		0.511693
259.7		0.511693
259.8		0.511693
259.9		0.511693
260		0.511693
260.1		0.518082
260.2		0.518082
260.3		0.518082
260.4		0.518082
260.5		0.518082
260.6		0.518082
260.7		0.518082
260.8		0.518082
260.9		0.518082
261		0.518082
261.1		0.519795
261.2		0.519795
261.3		0.519795
261.4		0.519795
261.5		0.519795
261.6		0.519795
261.7		0.519795
261.8		0.519795
261.9		0.519795
262		0.519795
262.1		0.520129
262.2		0.520129
262.3		0.520129
262.4		0.520129
262.5		0.520129
262.6		0.520129
262.7		0.520129
262.8		0.520129
262.9		0.520129
263		0.520129
263.1		0.52276
263.2		0.52276
263.3		0.52276
263.4		0.52276
263.5		0.52276
263.6		0.52276
263.7		0.52276
263.8		0.52276
263.9		0.52276
264		0.52276
264.1		0.525808
264.2		0.525808
264.3		0.525808
264.4		0.525808
264.5		0.525808
264.6		0.525808
264.7		0.525808
264.8		0.525808
264.9		0.525808
265		0.525808
265.1		0.529859
265.2		0.529859
265.3		0.529859
265.4		0.529859
265.5		0.529859
265.6		0.529859
265.7		0.529859
265.8		0.529859
265.9		0.529859
266		0.529859
266.1		0.530068
266.2		0.530068
266.3		0.530068
266.4		0.530068
266.5		0.530068
266.6		0.530068
266.7		0.530068
266.8		0.530068
266.9		0.530068
267		0.530068
267.1		0.530945
267.2		0.530945
267.3		0.530945
267.4		0.530945
267.5		0.530945
267.6		0.530945
267.7		0.530945
267.8		0.530945
267.9		0.530945
268		0.530945
268.1		0.534578
268.2		0.534578
268.3		0.534578
268.4		0.534578
268.5		0.534578
268.6		0.534578
268.7		0.534578
268.8		0.534578
268.9		0.534578
269		0.534578
269.1		0.537209
269.2		0.537209
269.3		0.537209
269.4		0.537209
269.5		0.537209
269.6		0.537209
269.7		0.537209
269.8		0.537209
269.9		0.537209
270		0.537209
270.1		0.537793
270.2		0.537793
270.3		0.537793
270.4		0.537793
270.5		0.537793
270.6		0.537793
270.7		0.537793
270.8		0.537793
270.9		0.537793
271		0.537793
271.1		0.538253
271.2		0.538253
271.3		0.538253
271.4		0.538253
271.5		0.538253
271.6		0.538253
271.7		0.538253
271.8		0.538253
271.9		0.538253
272		0.538253
272.1		0.54389
272.2		0.54389
272.3		0.54389
272.4		0.54389
272.5		0.54389
272.6		0.54389
272.7		0.54389
272.8		0.54389
272.9		0.54389
273		0.54389
273.1		0.544392
273.2		0.544392
273.3		0.544392
273.4		0.544392
273.5		0.544392
273.6		0.544392
273.7		0.544392
273.8		0.544392
273.9		0.544392
274		0.544392
274.1		0.546688
274.2		0.546688
274.3		0.546688
274.4		0.546688
274.5		0.546688
274.6		0.546688
274.7		0.546688
274.8		0.546688
274.9		0.546688
275		0.546688
275.1		0.546772
275.2		0.546772
275.3		0.546772
275.4		0.546772
275.5		0.546772
275.6		0.546772
275.7		0.546772
275.8		0.546772
275.9		0.546772
276		0.546772
276.1		0.549612
276.2		0.549612
276.3		0.549612
276.4		0.549612
276.5		0.549612
276.6		0.549612
276.7		0.549612
276.8		0.549612
276.9		0.549612
277		0.549612
277.1		0.551366
277.2		0.551366
277.3		0.551366
277.4		0.551366
277.5		0.551366
277.6		0.551366
277.7		0.551366
277.8		0.551366
277.9		0.551366
278		0.551366
278.1		0.553412
278.2		0.553412
278.3		0.553412
278.4		0.553412
278.5		0.553412
278.6		0.553412
278.7		0.553412
278.8		0.553412
278.9		0.553412
279		0.553412
279.1		0.554247
279.2		0.554247
279.3		0.554247
279.4		0.554247
279.5		0.554247
279.6		0.554247
279.7		0.554247
279.8		0.554247
279.9		0.554247
280		0.554247
280.1		0.557546
280.2		0.557546
280.3		0.557546
280.4		0.557546
280.5		0.557546
280.6		0.557546
280.7		0.557546
280.8		0.557546
280.9		0.557546
281		0.557546
281.1		0.557588
281.2		0.557588
281.3		0.557588
281.4		0.557588
281.5		0.557588
281.6		0.557588
281.7		0.557588
281.8		0.557588
281.9		0.557588
282		0.557588
282.1		0.560469
282.2		0.560469
282.3		0.560469
282.4		0.560469
282.5		0.560469
282.6		0.560469
282.7		0.560469
282.8		0.560469
282.9		0.560469
283		0.560469
283.1		0.562933
283.2		0.562933
283.3		0.562933
283.4		0.562933
283.5		0.562933
283.6		0.562933
283.7		0.562933
283.8		0.562933
283.9		0.562933
284		0.562933
284.1		0.565815
284.2		0.565815
284.3		0.565815
284.4		0.565815
284.5		0.565815
284.6		0.565815
284.7		0.565815
284.8		0.565815
284.9		0.565815
285		0.565815
285.1		0.566942
285.2		0.566942
285.3		0.566942
285.4		0.566942
285.5		0.566942
285.6		0.566942
285.7		0.566942
285.8		0.566942
285.9		0.566942
286		0.566942
286.1		0.571035
286.2		0.571035
286.3		0.571035
286.4		0.571035
286.5		0.571035
286.6		0.571035
286.7		0.571035
286.8		0.571035
286.9		0.571035
287		0.571035
287.1		0.572121
287.2		0.572121
287.3		0.572121
287.4		0.572121
287.5		0.572121
287.6		0.572121
287.7		0.572121
287.8		0.572121
287.9		0.572121
288		0.572121
288.1		0.577758
288.2		0.577758
288.3		0.577758
288.4		0.577758
288.5		0.577758
288.6		0.577758
288.7		0.577758
288.8		0.577758
288.9		0.577758
289		0.577758
289.1		0.578594
289.2		0.578594
289.3		0.578594
289.4		0.578594
289.5		0.578594
289.6		0.578594
289.7		0.578594
289.8		0.578594
289.9		0.578594
290		0.578594
290.1		0.578719
290.2		0.578719
290.3		0.578719
290.4		0.578719
290.5		0.578719
290.6		0.578719
290.7		0.578719
290.8		0.578719
290.9		0.578719
291		0.578719
291.1		0.584649
291.2		0.584649
291.3		0.584649
291.4		0.584649
291.5		0.584649
291.6		0.584649
291.7		0.584649
291.8		0.584649
291.9		0.584649
292		0.584649
292.1		0.585818
292.2		0.585818
292.3		0.585818
292.4		0.585818
292.5		0.585818
292.6		0.585818
292.7		0.585818
292.8		0.585818
292.9		0.585818
293		0.585818
293.1		0.588031
293.2		0.588031
293.3		0.588031
293.4		0.588031
293.5		0.588031
293.6		0.588031
293.7		0.588031
293.8		0.588031
293.9		0.588031
294		0.588031
294.1		0.589201
294.2		0.589201
294.3		0.589201
294.4		0.589201
294.5		0.589201
294.6		0.589201
294.7		0.589201
294.8		0.589201
294.9		0.589201
295		0.589201
295.1		0.591832
295.2		0.591832
295.3		0.591832
295.4		0.591832
295.5		0.591832
295.6		0.591832
295.7		0.591832
295.8		0.591832
295.9		0.591832
296		0.591832
296.1		0.596509
296.2		0.596509
296.3		0.596509
296.4		0.596509
296.5		0.596509
296.6		0.596509
296.7		0.596509
296.8		0.596509
296.9		0.596509
297		0.596509
297.1		0.597845
297.2		0.597845
297.3		0.597845
297.4		0.597845
297.5		0.597845
297.6		0.597845
297.7		0.597845
297.8		0.597845
297.9		0.597845
298		0.597845
298.1		0.59939
298.2		0.59939
298.3		0.59939
298.4		0.59939
298.5		0.59939
298.6		0.59939
298.7		0.59939
298.8		0.59939
298.9		0.59939
299		0.59939
299.1		0.607367
299.2		0.607367
299.3		0.607367
299.4		0.607367
299.5		0.607367
299.6		0.607367
299.7		0.607367
299.8		0.607367
299.9		0.607367
300		0.607367
300.1		0.607742
300.2		0.607742
300.3		0.607742
300.4		0.607742
300.5		0.607742
300.6		0.607742
300.7		0.607742
300.8		0.607742
300.9		0.607742
301		0.607742
301.1		0.60887
301.2		0.60887
301.3		0.60887
301.4		0.60887
301.5		0.60887
301.6		0.60887
301.7		0.60887
301.8		0.60887
301.9		0.60887
302		0.60887
302.1		0.613881
302.2		0.613881
302.3		0.613881
302.4		0.613881
302.5		0.613881
302.6		0.613881
302.7		0.613881
302.8		0.613881
302.9		0.613881
303		0.613881
303.1		0.615259
303.2		0.615259
303.3		0.615259
303.4		0.615259
303.5		0.615259
303.6		0.615259
303.7		0.615259
303.8		0.615259
303.9		0.615259
304		0.615259
304.1		0.616846
304.2		0.616846
304.3		0.616846
304.4		0.616846
304.5		0.616846
304.6		0.616846
304.7		0.616846
304.8		0.616846
304.9		0.616846
305		0.616846
305.1		0.617848
305.2		0.617848
305.3		0.617848
305.4		0.617848
305.5		0.617848
305.6		0.617848
305.7		0.617848
305.8		0.617848
305.9		0.617848
306		0.617848
306.1		0.623904
306.2		0.623904
306.3		0.623904
306.4		0.623904
306.5		0.623904
306.6		0.623904
306.7		0.623904
306.8		0.623904
306.9		0.623904
307		0.623904
307.1		0.624655
307.2		0.624655
307.3		0.624655
307.4		0.624655
307.5		0.624655
307.6		0.624655
307.7		0.624655
307.8		0.624655
307.9		0.624655
308		0.624655
308.1		0.624906
308.2		0.624906
308.3		0.624906
308.4		0.624906
308.5		0.624906
308.6		0.624906
308.7		0.624906
308.8		0.624906
308.9		0.624906
309		0.624906
309.1		0.625365
309.2		0.625365
309.3		0.625365
309.4		0.625365
309.5		0.625365
309.6		0.625365
309.7		0.625365
309.8		0.625365
309.9		0.625365
310		0.625365
310.1		0.631546
310.2		0.631546
310.3		0.631546
310.4		0.631546
310.5		0.631546
310.6		0.631546
310.7		0.631546
310.8		0.631546
310.9		0.631546
311		0.631546
311.1		0.632506
311.2		0.632506
311.3		0.632506
311.4		0.632506
311.5		0.632506
311.6		0.632506
311.7		0.632506
311.8		0.632506
311.9		0.632506
312		0.632506
312.1		0.633467
312.2		0.633467
312.3		0.633467
312.4		0.633467
312.5		0.633467
312.6		0.633467
312.7		0.633467
312.8		0.633467
312.9		0.633467
313		0.633467
313.1		0.633467
313.2		0.633467
313.3		0.633467
313.4		0.633467
313.5		0.633467
313.6		0.633467
313.7		0.633467
313.8		0.633467
313.9		0.633467
314		0.633467
314.1		0.637768
314.2		0.637768
314.3		0.637768
314.4		0.637768
314.5		0.637768
314.6		0.637768
314.7		0.637768
314.8		0.637768
314.9		0.637768
315		0.637768
315.1		0.641694
315.2		0.641694
315.3		0.641694
315.4		0.641694
315.5		0.641694
315.6		0.641694
315.7		0.641694
315.8		0.641694
315.9		0.641694
316		0.641694
316.1		0.643239
316.2		0.643239
316.3		0.643239
316.4		0.643239
316.5		0.643239
316.6		0.643239
316.7		0.643239
316.8		0.643239
316.9		0.643239
317		0.643239
317.1		0.644617
317.2		0.644617
317.3		0.644617
317.4		0.644617
317.5		0.644617
317.6		0.644617
317.7		0.644617
317.8		0.644617
317.9		0.644617
318		0.644617
318.1		0.647206
318.2		0.647206
318.3		0.647206
318.4		0.647206
318.5		0.647206
318.6		0.647206
318.7		0.647206
318.8		0.647206
318.9		0.647206
319		0.647206
319.1		0.647331
319.2		0.647331
319.3		0.647331
319.4		0.647331
319.5		0.647331
319.6		0.647331
319.7		0.647331
319.8		0.647331
319.9		0.647331
320		0.647331
320.1		0.652009
320.2		0.652009
320.3		0.652009
320.4		0.652009
320.5		0.652009
320.6		0.652009
320.7		0.652009
320.8		0.652009
320.9		0.652009
321		0.652009
321.1		0.65276
321.2		0.65276
321.3		0.65276
321.4		0.65276
321.5		0.65276
321.6		0.65276
321.7		0.65276
321.8		0.65276
321.9		0.65276
322		0.65276
322.1		0.652969
322.2		0.652969
322.3		0.652969
322.4		0.652969
322.5		0.652969
322.6		0.652969
322.7		0.652969
322.8		0.652969
322.9		0.652969
323		0.652969
323.1		0.656561
323.2		0.656561
323.3		0.656561
323.4		0.656561
323.5		0.656561
323.6		0.656561
323.7		0.656561
323.8		0.656561
323.9		0.656561
324		0.656561
324.1		0.66082
324.2		0.66082
324.3		0.66082
324.4		0.66082
324.5		0.66082
324.6		0.66082
324.7		0.66082
324.8		0.66082
324.9		0.66082
325		0.66082
325.1		0.663117
325.2		0.663117
325.3		0.663117
325.4		0.663117
325.5		0.663117
325.6		0.663117
325.7		0.663117
325.8		0.663117
325.9		0.663117
326		0.663117
326.1		0.663409
326.2		0.663409
326.3		0.663409
326.4		0.663409
326.5		0.663409
326.6		0.663409
326.7		0.663409
326.8		0.663409
326.9		0.663409
327		0.663409
327.1		0.664495
327.2		0.664495
327.3		0.664495
327.4		0.664495
327.5		0.664495
327.6		0.664495
327.7		0.664495
327.8		0.664495
327.9		0.664495
328		0.664495
328.1		0.669966
328.2		0.669966
328.3		0.669966
328.4		0.669966
328.5		0.669966
328.6		0.669966
328.7		0.669966
328.8		0.669966
328.9		0.669966
329		0.669966
329.1		0.670216
329.2		0.670216
329.3		0.670216
329.4		0.670216
329.5		0.670216
329.6		0.670216
329.7		0.670216
329.8		0.670216
329.9		0.670216
330		0.670216
330.1		0.672179
330.2		0.672179
330.3		0.672179
330.4		0.672179
330.5		0.672179
330.6		0.672179
330.7		0.672179
330.8		0.672179
330.9		0.672179
331		0.672179
331.1		0.673641
331.2		0.673641
331.3		0.673641
331.4		0.673641
331.5		0.673641
331.6		0.673641
331.7		0.673641
331.8		0.673641
331.9		0.673641
332		0.673641
332.1		0.678401
332.2		0.678401
332.3		0.678401
332.4		0.678401
332.5		0.678401
332.6		0.678401
332.7		0.678401
332.8		0.678401
332.9		0.678401
333		0.678401
333.1		0.679028
333.2		0.679028
333.3		0.679028
333.4		0.679028
333.5		0.679028
333.6		0.679028
333.7		0.679028
333.8		0.679028
333.9		0.679028
334		0.679028
334.1		0.680155
334.2		0.680155
334.3		0.680155
334.4		0.680155
334.5		0.680155
334.6		0.680155
334.7		0.680155
334.8		0.680155
334.9		0.680155
335		0.680155
335.1		0.681909
335.2		0.681909
335.3		0.681909
335.4		0.681909
335.5		0.681909
335.6		0.681909
335.7		0.681909
335.8		0.681909
335.9		0.681909
336		0.681909
336.1		0.682076
336.2		0.682076
336.3		0.682076
336.4		0.682076
336.5		0.682076
336.6		0.682076
336.7		0.682076
336.8		0.682076
336.9		0.682076
337		0.682076
337.1		0.688507
337.2		0.688507
337.3		0.688507
337.4		0.688507
337.5		0.688507
337.6		0.688507
337.7		0.688507
337.8		0.688507
337.9		0.688507
338		0.688507
338.1		0.690053
338.2		0.690053
338.3		0.690053
338.4		0.690053
338.5		0.690053
338.6		0.690053
338.7		0.690053
338.8		0.690053
338.9		0.690053
339		0.690053
339.1		0.694354
339.2		0.694354
339.3		0.694354
339.4		0.694354
339.5		0.694354
339.6		0.694354
339.7		0.694354
339.8		0.694354
339.9		0.694354
340		0.694354
340.1		0.695231
340.2		0.695231
340.3		0.695231
340.4		0.695231
340.5		0.695231
340.6		0.695231
340.7		0.695231
340.8		0.695231
340.9		0.695231
341		0.695231
341.1		0.70066
341.2		0.70066
341.3		0.70066
341.4		0.70066
341.5		0.70066
341.6		0.70066
341.7		0.70066
341.8		0.70066
341.9		0.70066
342		0.70066
342.1		0.701119
342.2		0.701119
342.3		0.701119
342.4		0.701119
342.5		0.701119
342.6		0.701119
342.7		0.701119
342.8		0.701119
342.9		0.701119
343		0.701119
343.1		0.704001
343.2		0.704001
343.3		0.704001
343.4		0.704001
343.5		0.704001
343.6		0.704001
343.7		0.704001
343.8		0.704001
343.9		0.704001
344		0.704001
344.1		0.705421
344.2		0.705421
344.3		0.705421
344.4		0.705421
344.5		0.705421
344.6		0.705421
344.7		0.705421
344.8		0.705421
344.9		0.705421
345		0.705421
345.1		0.706799
345.2		0.706799
345.3		0.706799
345.4		0.706799
345.5		0.706799
345.6		0.706799
345.7		0.706799
345.8		0.706799
345.9		0.706799
346		0.706799
346.1		0.710975
346.2		0.710975
346.3		0.710975
346.4		0.710975
346.5		0.710975
346.6		0.710975
346.7		0.710975
346.8		0.710975
346.9		0.710975
347		0.710975
347.1		0.71277
347.2		0.71277
347.3		0.71277
347.4		0.71277
347.5		0.71277
347.6		0.71277
347.7		0.71277
347.8		0.71277
347.9		0.71277
348		0.71277
348.1		0.71277
348.2		0.71277
348.3		0.71277
348.4		0.71277
348.5		0.71277
348.6		0.71277
348.7		0.71277
348.8		0.71277
348.9		0.71277
349		0.71277
349.1		0.716278
349.2		0.716278
349.3		0.716278
349.4		0.716278
349.5		0.716278
349.6		0.716278
349.7		0.716278
349.8		0.716278
349.9		0.716278
350		0.716278
350.1		0.716779
350.2		0.716779
350.3		0.716779
350.4		0.716779
350.5		0.716779
350.6		0.716779
350.7		0.716779
350.8		0.716779
350.9		0.716779
351		0.716779
351.1		0.716905
351.2		0.716905
351.3		0.716905
351.4		0.716905
351.5		0.716905
351.6		0.716905
351.7		0.716905
351.8		0.716905
351.9		0.716905
352		0.716905
352.1		0.722793
352.2		0.722793
352.3		0.722793
352.4		0.722793
352.5		0.722793
352.6		0.722793
352.7		0.722793
352.8		0.722793
352.9		0.722793
353		0.722793
353.1		0.724213
353.2		0.724213
353.3		0.724213
353.4		0.724213
353.5		0.724213
353.6		0.724213
353.7		0.724213
353.8		0.724213
353.9		0.724213
354		0.724213
354.1		0.728514
354.2		0.728514
354.3		0.728514
354.4		0.728514
354.5		0.728514
354.6		0.728514
354.7		0.728514
354.8		0.728514
354.9		0.728514
355		0.728514
355.1		0.730477
355.2		0.730477
355.3		0.730477
355.4		0.730477
355.5		0.730477
355.6		0.730477
355.7		0.730477
355.8		0.730477
355.9		0.730477
356		0.730477
356.1		0.734611
356.2		0.734611
356.3		0.734611
356.4		0.734611
356.5		0.734611
356.6		0.734611
356.7		0.734611
356.8		0.734611
356.9		0.734611
357		0.734611
357.1		0.735697
357.2		0.735697
357.3		0.735697
357.4		0.735697
357.5		0.735697
357.6		0.735697
357.7		0.735697
357.8		0.735697
357.9		0.735697
358		0.735697
358.1		0.738036
358.2		0.738036
358.3		0.738036
358.4		0.738036
358.5		0.738036
358.6		0.738036
358.7		0.738036
358.8		0.738036
358.9		0.738036
359		0.738036
359.1		0.743799
359.2		0.743799
359.3		0.743799
359.4		0.743799
359.5		0.743799
359.6		0.743799
359.7		0.743799
359.8		0.743799
359.9		0.743799
360		0.743799
360.1		0.744049
360.2		0.744049
360.3		0.744049
360.4		0.744049
360.5		0.744049
360.6		0.744049
360.7		0.744049
360.8		0.744049
360.9		0.744049
361		0.744049
361.1		0.747098
361.2		0.747098
361.3		0.747098
361.4		0.747098
361.5		0.747098
361.6		0.747098
361.7		0.747098
361.8		0.747098
361.9		0.747098
362		0.747098
362.1		0.74881
362.2		0.74881
362.3		0.74881
362.4		0.74881
362.5		0.74881
362.6		0.74881
362.7		0.74881
362.8		0.74881
362.9		0.74881
363		0.74881
363.1		0.74977
363.2		0.74977
363.3		0.74977
363.4		0.74977
363.5		0.74977
363.6		0.74977
363.7		0.74977
363.8		0.74977
363.9		0.74977
364		0.74977
364.1		0.753111
364.2		0.753111
364.3		0.753111
364.4		0.753111
364.5		0.753111
364.6		0.753111
364.7		0.753111
364.8		0.753111
364.9		0.753111
365		0.753111
365.1		0.755032
365.2		0.755032
365.3		0.755032
365.4		0.755032
365.5		0.755032
365.6		0.755032
365.7		0.755032
365.8		0.755032
365.9		0.755032
366		0.755032
366.1		0.755533
366.2		0.755533
366.3		0.755533
366.4		0.755533
366.5		0.755533
366.6		0.755533
366.7		0.755533
366.8		0.755533
366.9		0.755533
367		0.755533
367.1		0.759709
367.2		0.759709
367.3		0.759709
367.4		0.759709
367.5		0.759709
367.6		0.759709
367.7		0.759709
367.8		0.759709
367.9		0.759709
368		0.759709
368.1		0.762466
368.2		0.762466
368.3		0.762466
368.4		0.762466
368.5		0.762466
368.6		0.762466
368.7		0.762466
368.8		0.762466
368.9		0.762466
369		0.762466
369.1		0.763343
369.2		0.763343
369.3		0.763343
369.4		0.763343
369.5		0.763343
369.6		0.763343
369.7		0.763343
369.8		0.763343
369.9		0.763343
370		0.763343
370.1		0.764052
370.2		0.764052
370.3		0.764052
370.4		0.764052
370.5		0.764052
370.6		0.764052
370.7		0.764052
370.8		0.764052
370.9		0.764052
371		0.764052
371.1		0.76447
371.2		0.76447
371.3		0.76447
371.4		0.76447
371.5		0.76447
371.6		0.76447
371.7		0.76447
371.8		0.76447
371.9		0.76447
372		0.76447
372.1		0.769732
372.2		0.769732
372.3		0.769732
372.4		0.769732
372.5		0.769732
372.6		0.769732
372.7		0.769732
372.8		0.769732
372.9		0.769732
373		0.769732
373.1		0.771653
373.2		0.771653
373.3		0.771653
373.4		0.771653
373.5		0.771653
373.6		0.771653
373.7		0.771653
373.8		0.771653
373.9		0.771653
374		0.771653
374.1		0.77466
374.2		0.77466
374.3		0.77466
374.4		0.77466
374.5		0.77466
374.6		0.77466
374.7		0.77466
374.8		0.77466
374.9		0.77466
375		0.77466
375.1		0.776372
375.2		0.776372
375.3		0.776372
375.4		0.776372
375.5		0.776372
375.6		0.776372
375.7		0.776372
375.8		0.776372
375.9		0.776372
376		0.776372
376.1		0.778585
376.2		0.778585
376.3		0.778585
376.4		0.778585
376.5		0.778585
376.6		0.778585
376.7		0.778585
376.8		0.778585
376.9		0.778585
377		0.778585
377.1		0.779253
377.2		0.779253
377.3		0.779253
377.4		0.779253
377.5		0.779253
377.6		0.779253
377.7		0.779253
377.8		0.779253
377.9		0.779253
378		0.779253
378.1		0.77942
378.2		0.77942
378.3		0.77942
378.4		0.77942
378.5		0.77942
378.6		0.77942
378.7		0.77942
378.8		0.77942
378.9		0.77942
379		0.77942
379.1		0.780464
379.2		0.780464
379.3		0.780464
379.4		0.780464
379.5		0.780464
379.6		0.780464
379.7		0.780464
379.8		0.780464
379.9		0.780464
380		0.780464
380.1		0.785768
380.2		0.785768
380.3		0.785768
380.4		0.785768
380.5		0.785768
380.6		0.785768
380.7		0.785768
380.8		0.785768
380.9		0.785768
381		0.785768
381.1		0.787438
381.2		0.787438
381.3		0.787438
381.4		0.787438
381.5		0.787438
381.6		0.787438
381.7		0.787438
381.8		0.787438
381.9		0.787438
382		0.787438
382.1		0.787814
382.2		0.787814
382.3		0.787814
382.4		0.787814
382.5		0.787814
382.6		0.787814
382.7		0.787814
382.8		0.787814
382.9		0.787814
383		0.787814
383.1		0.789151
383.2		0.789151
383.3		0.789151
383.4		0.789151
383.5		0.789151
383.6		0.789151
383.7		0.789151
383.8		0.789151
383.9		0.789151
384		0.789151
384.1		0.793452
384.2		0.793452
384.3		0.793452
384.4		0.793452
384.5		0.793452
384.6		0.793452
384.7		0.793452
384.8		0.793452
384.9		0.793452
385		0.793452
385.1		0.795081
385.2		0.795081
385.3		0.795081
385.4		0.795081
385.5		0.795081
385.6		0.795081
385.7		0.795081
385.8		0.795081
385.9		0.795081
386		0.795081
386.1		0.7965
386.2		0.7965
386.3		0.7965
386.4		0.7965
386.5		0.7965
386.6		0.7965
386.7		0.7965
386.8		0.7965
386.9		0.7965
387		0.7965
387.1		0.799131
387.2		0.799131
387.3		0.799131
387.4		0.799131
387.5		0.799131
387.6		0.799131
387.7		0.799131
387.8		0.799131
387.9		0.799131
388		0.799131
388.1		0.799507
388.2		0.799507
388.3		0.799507
388.4		0.799507
388.5		0.799507
388.6		0.799507
388.7		0.799507
388.8		0.799507
388.9		0.799507
389		0.799507
389.1		0.8036
389.2		0.8036
389.3		0.8036
389.4		0.8036
389.5		0.8036
389.6		0.8036
389.7		0.8036
389.8		0.8036
389.9		0.8036
390		0.8036
390.1		0.805187
390.2		0.805187
390.3		0.805187
390.4		0.805187
390.5		0.805187
390.6		0.805187
390.7		0.805187
390.8		0.805187
390.9		0.805187
391		0.805187
391.1		0.806648
391.2		0.806648
391.3		0.806648
391.4		0.806648
391.5		0.806648
391.6		0.806648
391.7		0.806648
391.8		0.806648
391.9		0.806648
392		0.806648
392.1		0.807275
392.2		0.807275
392.3		0.807275
392.4		0.807275
392.5		0.807275
392.6		0.807275
392.7		0.807275
392.8		0.807275
392.9		0.807275
393		0.807275
393.1		0.810824
393.2		0.810824
393.3		0.810824
393.4		0.810824
393.5		0.810824
393.6		0.810824
393.7		0.810824
393.8		0.810824
393.9		0.810824
394		0.810824
394.1		0.815919
394.2		0.815919
394.3		0.815919
394.4		0.815919
394.5		0.815919
394.6		0.815919
394.7		0.815919
394.8		0.815919
394.9		0.815919
395		0.815919
395.1		0.816963
395.2		0.816963
395.3		0.816963
395.4		0.816963
395.5		0.816963
395.6		0.816963
395.7		0.816963
395.8		0.816963
395.9		0.816963
396		0.816963
396.1		0.81713
396.2		0.81713
396.3		0.81713
396.4		0.81713
396.5		0.81713
396.6		0.81713
396.7		0.81713
396.8		0.81713
396.9		0.81713
397		0.81713
397.1		0.817673
397.2		0.817673
397.3		0.817673
397.4		0.817673
397.5		0.817673
397.6		0.817673
397.7		0.817673
397.8		0.817673
397.9		0.817673
398		0.817673
398.1		0.821724
398.2		0.821724
398.3		0.821724
398.4		0.821724
398.5		0.821724
398.6		0.821724
398.7		0.821724
398.8		0.821724
398.9		0.821724
399		0.821724
399.1		0.826986
399.2		0.826986
399.3		0.826986
399.4		0.826986
399.5		0.826986
399.6		0.826986
399.7		0.826986
399.8		0.826986
399.9		0.826986
400		0.826986
400.1		0.827612
400.2		0.827612
400.3		0.827612
400.4		0.827612
400.5		0.827612
400.6		0.827612
400.7		0.827612
400.8		0.827612
400.9		0.827612
401		0.827612
401.1		0.828197
401.2		0.828197
401.3		0.828197
401.4		0.828197
401.5		0.828197
401.6		0.828197
401.7		0.828197
401.8		0.828197
401.9		0.828197
402		0.828197
402.1		0.832122
402.2		0.832122
402.3		0.832122
402.4		0.832122
402.5		0.832122
402.6		0.832122
402.7		0.832122
402.8		0.832122
402.9		0.832122
403		0.832122
403.1		0.834252
403.2		0.834252
403.3		0.834252
403.4		0.834252
403.5		0.834252
403.6		0.834252
403.7		0.834252
403.8		0.834252
403.9		0.834252
404		0.834252
404.1		0.834711
404.2		0.834711
404.3		0.834711
404.4		0.834711
404.5		0.834711
404.6		0.834711
404.7		0.834711
404.8		0.834711
404.9		0.834711
405		0.834711
405.1		0.836424
405.2		0.836424
405.3		0.836424
405.4		0.836424
405.5		0.836424
405.6		0.836424
405.7		0.836424
405.8		0.836424
405.9		0.836424
406		0.836424
406.1		0.840474
406.2		0.840474
406.3		0.840474
406.4		0.840474
406.5		0.840474
406.6		0.840474
406.7		0.840474
406.8		0.840474
406.9		0.840474
407		0.840474
407.1		0.841351
407.2		0.841351
407.3		0.841351
407.4		0.841351
407.5		0.841351
407.6		0.841351
407.7		0.841351
407.8		0.841351
407.9		0.841351
408		0.841351
408.1		0.842354
408.2		0.842354
408.3		0.842354
408.4		0.842354
408.5		0.842354
408.6		0.842354
408.7		0.842354
408.8		0.842354
408.9		0.842354
409		0.842354
409.1		0.845694
409.2		0.845694
409.3		0.845694
409.4		0.845694
409.5		0.845694
409.6		0.845694
409.7		0.845694
409.8		0.845694
409.9		0.845694
410		0.845694
410.1		0.847114
410.2		0.847114
410.3		0.847114
410.4		0.847114
410.5		0.847114
410.6		0.847114
410.7		0.847114
410.8		0.847114
410.9		0.847114
411		0.847114
411.1		0.848451
411.2		0.848451
411.3		0.848451
411.4		0.848451
411.5		0.848451
411.6		0.848451
411.7		0.848451
411.8		0.848451
411.9		0.848451
412		0.848451
412.1		0.852042
412.2		0.852042
412.3		0.852042
412.4		0.852042
412.5		0.852042
412.6		0.852042
412.7		0.852042
412.8		0.852042
412.9		0.852042
413		0.852042
413.1		0.85317
413.2		0.85317
413.3		0.85317
413.4		0.85317
413.5		0.85317
413.6		0.85317
413.7		0.85317
413.8		0.85317
413.9		0.85317
414		0.85317
414.1		0.857262
414.2		0.857262
414.3		0.857262
414.4		0.857262
414.5		0.857262
414.6		0.857262
414.7		0.857262
414.8		0.857262
414.9		0.857262
415		0.857262
415.1		0.858807
415.2		0.858807
415.3		0.858807
415.4		0.858807
415.5		0.858807
415.6		0.858807
415.7		0.858807
415.8		0.858807
415.9		0.858807
416		0.858807
416.1		0.8591
416.2		0.8591
416.3		0.8591
416.4		0.8591
416.5		0.8591
416.6		0.8591
416.7		0.8591
416.8		0.8591
416.9		0.8591
417		0.8591
417.1		0.859601
417.2		0.859601
417.3		0.859601
417.4		0.859601
417.5		0.859601
417.6		0.859601
417.7		0.859601
417.8		0.859601
417.9		0.859601
418		0.859601
418.1		0.863025
418.2		0.863025
418.3		0.863025
418.4		0.863025
418.5		0.863025
418.6		0.863025
418.7		0.863025
418.8		0.863025
418.9		0.863025
419		0.863025
419.1		0.866658
419.2		0.866658
419.3		0.866658
419.4		0.866658
419.5		0.866658
419.6		0.866658
419.7		0.866658
419.8		0.866658
419.9		0.866658
420		0.866658
420.1		0.86812
420.2		0.86812
420.3		0.86812
420.4		0.86812
420.5		0.86812
420.6		0.86812
420.7		0.86812
420.8		0.86812
420.9		0.86812
421		0.86812
421.1		0.870417
421.2		0.870417
421.3		0.870417
421.4		0.870417
421.5		0.870417
421.6		0.870417
421.7		0.870417
421.8		0.870417
421.9		0.870417
422		0.870417
422.1		0.87167
422.2		0.87167
422.3		0.87167
422.4		0.87167
422.5		0.87167
422.6		0.87167
422.7		0.87167
422.8		0.87167
422.9		0.87167
423		0.87167
423.1		0.874092
423.2		0.874092
423.3		0.874092
423.4		0.874092
423.5		0.874092
423.6		0.874092
423.7		0.874092
423.8		0.874092
423.9		0.874092
424		0.874092
424.1		0.875637
424.2		0.875637
424.3		0.875637
424.4		0.875637
424.5		0.875637
424.6		0.875637
424.7		0.875637
424.8		0.875637
424.9		0.875637
425		0.875637
425.1		0.877934
425.2		0.877934
425.3		0.877934
425.4		0.877934
425.5		0.877934
425.6		0.877934
425.7		0.877934
425.8		0.877934
425.9		0.877934
426		0.877934
426.1		0.878978
426.2		0.878978
426.3		0.878978
426.4		0.878978
426.5		0.878978
426.6		0.878978
426.7		0.878978
426.8		0.878978
426.9		0.878978
427		0.878978
427.1		0.879145
427.2		0.879145
427.3		0.879145
427.4		0.879145
427.5		0.879145
427.6		0.879145
427.7		0.879145
427.8		0.879145
427.9		0.879145
428		0.879145
428.1		0.883571
428.2		0.883571
428.3		0.883571
428.4		0.883571
428.5		0.883571
428.6		0.883571
428.7		0.883571
428.8		0.883571
428.9		0.883571
429		0.883571
429.1		0.884198
429.2		0.884198
429.3		0.884198
429.4		0.884198
429.5		0.884198
429.6		0.884198
429.7		0.884198
429.8		0.884198
429.9		0.884198
430		0.884198
430.1		0.885409
430.2		0.885409
430.3		0.885409
430.4		0.885409
430.5		0.885409
430.6		0.885409
430.7		0.885409
430.8		0.885409
430.9		0.885409
431		0.885409
431.1		0.888624
431.2		0.888624
431.3		0.888624
431.4		0.888624
431.5		0.888624
431.6		0.888624
431.7		0.888624
431.8		0.888624
431.9		0.888624
432		0.888624
432.1		0.892258
432.2		0.892258
432.3		0.892258
432.4		0.892258
432.5		0.892258
432.6		0.892258
432.7		0.892258
432.8		0.892258
432.9		0.892258
433		0.892258
433.1		0.893427
433.2		0.893427
433.3		0.893427
433.4		0.893427
433.5		0.893427
433.6		0.893427
433.7		0.893427
433.8		0.893427
433.9		0.893427
434		0.893427
434.1		0.89351
434.2		0.89351
434.3		0.89351
434.4		0.89351
434.5		0.89351
434.6		0.89351
434.7		0.89351
434.8		0.89351
434.9		0.89351
435		0.89351
435.1		0.895473
435.2		0.895473
435.3		0.895473
435.4		0.895473
435.5		0.895473
435.6		0.895473
435.7		0.895473
435.8		0.895473
435.9		0.895473
436		0.895473
436.1		0.900443
436.2		0.900443
436.3		0.900443
436.4		0.900443
436.5		0.900443
436.6		0.900443
436.7		0.900443
436.8		0.900443
436.9		0.900443
437		0.900443
437.1		0.900819
437.2		0.900819
437.3		0.900819
437.4		0.900819
437.5		0.900819
437.6		0.900819
437.7		0.900819
437.8		0.900819
437.9		0.900819
438		0.900819
438.1		0.901612
438.2		0.901612
438.3		0.901612
438.4		0.901612
438.5		0.901612
438.6		0.901612
438.7		0.901612
438.8		0.901612
438.9		0.901612
439		0.901612
439.1		0.904953
439.2		0.904953
439.3		0.904953
439.4		0.904953
439.5		0.904953
439.6		0.904953
439.7		0.904953
439.8		0.904953
439.9		0.904953
440		0.904953
440.1		0.906623
440.2		0.906623
440.3		0.906623
440.4		0.906623
440.5		0.906623
440.6		0.906623
440.7		0.906623
440.8		0.906623
440.9		0.906623
441		0.906623
441.1		0.910632
441.2		0.910632
441.3		0.910632
441.4		0.910632
441.5		0.910632
441.6		0.910632
441.7		0.910632
441.8		0.910632
441.9		0.910632
442		0.910632
442.1		0.911259
442.2		0.911259
442.3		0.911259
442.4		0.911259
442.5		0.911259
442.6		0.911259
442.7		0.911259
442.8		0.911259
442.9		0.911259
443		0.911259
443.1		0.912094
443.2		0.912094
443.3		0.912094
443.4		0.912094
443.5		0.912094
443.6		0.912094
443.7		0.912094
443.8		0.912094
443.9		0.912094
444		0.912094
444.1		0.914641
444.2		0.914641
444.3		0.914641
444.4		0.914641
444.5		0.914641
444.6		0.914641
444.7		0.914641
444.8		0.914641
444.9		0.914641
445		0.914641
445.1		0.918609
445.2		0.918609
445.3		0.918609
445.4		0.918609
445.5		0.918609
445.6		0.918609
445.7		0.918609
445.8		0.918609
445.9		0.918609
446		0.918609
446.1		0.920738
446.2		0.920738
446.3		0.920738
446.4		0.920738
446.5		0.920738
446.6		0.920738
446.7		0.920738
446.8		0.920738
446.9		0.920738
447		0.920738
447.1		0.921406
447.2		0.921406
447.3		0.921406
447.4		0.921406
447.5		0.921406
447.6		0.921406
447.7		0.921406
447.8		0.921406
447.9		0.921406
448		0.921406
448.1		0.924998
448.2		0.924998
448.3		0.924998
448.4		0.924998
448.5		0.924998
448.6		0.924998
448.7		0.924998
448.8		0.924998
448.9		0.924998
449		0.924998
449.1		0.926
449.2		0.926
449.3		0.926
449.4		0.926
449.5		0.926
449.6		0.926
449.7		0.926
449.8		0.926
449.9		0.926
450		0.926
450.1		0.927879
450.2		0.927879
450.3		0.927879
450.4		0.927879
450.5		0.927879
450.6		0.927879
450.7		0.927879
450.8		0.927879
450.9		0.927879
451		0.927879
451.1		0.929508
451.2		0.929508
451.3		0.929508
451.4		0.929508
451.5		0.929508
451.6		0.929508
451.7		0.929508
451.8		0.929508
451.9		0.929508
452		0.929508
452.1		0.93239
452.2		0.93239
452.3		0.93239
452.4		0.93239
452.5		0.93239
452.6		0.93239
452.7		0.93239
452.8		0.93239
452.9		0.93239
453		0.93239
453.1		0.933601
453.2		0.933601
453.3		0.933601
453.4		0.933601
453.5		0.933601
453.6		0.933601
453.7		0.933601
453.8		0.933601
453.9		0.933601
454		0.933601
454.1		0.936273
454.2		0.936273
454.3		0.936273
454.4		0.936273
454.5		0.936273
454.6		0.936273
454.7		0.936273
454.8		0.936273
454.9		0.936273
455		0.936273
455.1		0.939113
455.2		0.939113
455.3		0.939113
455.4		0.939113
455.5		0.939113
455.6		0.939113
455.7		0.939113
455.8		0.939113
455.9		0.939113
456		0.939113
456.1		0.940073
456.2		0.940073
456.3		0.940073
456.4		0.940073
456.5		0.940073
456.6		0.940073
456.7		0.940073
456.8		0.940073
456.9		0.940073
457		0.940073
457.1		0.941326
457.2		0.941326
457.3		0.941326
457.4		0.941326
457.5		0.941326
457.6		0.941326
457.7		0.941326
457.8		0.941326
457.9		0.941326
458		0.941326
458.1		0.944834
458.2		0.944834
458.3		0.944834
458.4		0.944834
458.5		0.944834
458.6		0.944834
458.7		0.944834
458.8		0.944834
458.9		0.944834
459		0.944834
459.1		0.945753
459.2		0.945753
459.3		0.945753
459.4		0.945753
459.5		0.945753
459.6		0.945753
459.7		0.945753
459.8		0.945753
459.9		0.945753
460		0.945753
460.1		0.946797
460.2		0.946797
460.3		0.946797
460.4		0.946797
460.5		0.946797
460.6		0.946797
460.7		0.946797
460.8		0.946797
460.9		0.946797
461		0.946797
461.1		0.94901
461.2		0.94901
461.3		0.94901
461.4		0.94901
461.5		0.94901
461.6		0.94901
461.7		0.94901
461.8		0.94901
461.9		0.94901
462		0.94901
462.1		0.951975
462.2		0.951975
462.3		0.951975
462.4		0.951975
462.5		0.951975
462.6		0.951975
462.7		0.951975
462.8		0.951975
462.9		0.951975
463		0.951975
463.1		0.952727
463.2		0.952727
463.3		0.952727
463.4		0.952727
463.5		0.952727
463.6		0.952727
463.7		0.952727
463.8		0.952727
463.9		0.952727
464		0.952727
464.1		0.955567
464.2		0.955567
464.3		0.955567
464.4		0.955567
464.5		0.955567
464.6		0.955567
464.7		0.955567
464.8		0.955567
464.9		0.955567
465		0.955567
465.1		0.957279
465.2		0.957279
465.3		0.957279
465.4		0.957279
465.5		0.957279
465.6		0.957279
465.7		0.957279
465.8		0.957279
465.9		0.957279
466		0.957279
466.1		0.961037
466.2		0.961037
466.3		0.961037
466.4		0.961037
466.5		0.961037
466.6		0.961037
466.7		0.961037
466.8		0.961037
466.9		0.961037
467		0.961037
467.1		0.962415
467.2		0.962415
467.3		0.962415
467.4		0.962415
467.5		0.962415
467.6		0.962415
467.7		0.962415
467.8		0.962415
467.9		0.962415
468		0.962415
468.1		0.963668
468.2		0.963668
468.3		0.963668
468.4		0.963668
468.5		0.963668
468.6		0.963668
468.7		0.963668
468.8		0.963668
468.9		0.963668
469		0.963668
469.1		0.965172
469.2		0.965172
469.3		0.965172
469.4		0.965172
469.5		0.965172
469.6		0.965172
469.7		0.965172
469.8		0.965172
469.9		0.965172
470		0.965172
470.1		0.969264
470.2		0.969264
470.3		0.969264
470.4		0.969264
470.5		0.969264
470.6		0.969264
470.7		0.969264
470.8		0.969264
470.9		0.969264
471		0.969264
471.1		0.971645
471.2		0.971645
471.3		0.971645
471.4		0.971645
471.5		0.971645
471.6		0.971645
471.7		0.971645
471.8		0.971645
471.9		0.971645
472		0.971645
472.1		0.973023
472.2		0.973023
472.3		0.973023
472.4		0.973023
472.5		0.973023
472.6		0.973023
472.7		0.973023
472.8		0.973023
472.9		0.973023
473		0.973023
473.1		0.973357
473.2		0.973357
473.3		0.973357
473.4		0.973357
473.5		0.973357
473.6		0.973357
473.7		0.973357
473.8		0.973357
473.9		0.973357
474		0.973357
474.1		0.977575
474.2		0.977575
474.3		0.977575
474.4		0.977575
474.5		0.977575
474.6		0.977575
474.7		0.977575
474.8		0.977575
474.9		0.977575
475		0.977575
475.1		0.980874
475.2		0.980874
475.3		0.980874
475.4		0.980874
475.5		0.980874
475.6		0.980874
475.7		0.980874
475.8		0.980874
475.9		0.980874
476		0.980874
476.1		0.982043
476.2		0.982043
476.3		0.982043
476.4		0.982043
476.5		0.982043
476.6		0.982043
476.7		0.982043
476.8		0.982043
476.9		0.982043
477		0.982043
477.1		0.983296
477.2		0.983296
477.3		0.983296
477.4		0.983296
477.5		0.983296
477.6		0.983296
477.7		0.983296
477.8		0.983296
477.9		0.983296
478		0.983296
478.1		0.985258
478.2		0.985258
478.3		0.985258
478.4		0.985258
478.5		0.985258
478.6		0.985258
478.7		0.985258
478.8		0.985258
478.9		0.985258
479		0.985258
479.1		0.987388
479.2		0.987388
479.3		0.987388
479.4		0.987388
479.5		0.987388
479.6		0.987388
479.7		0.987388
479.8		0.987388
479.9		0.987388
480		0.987388
480.1		0.990646
480.2		0.990646
480.3		0.990646
480.4		0.990646
480.5		0.990646
480.6		0.990646
480.7		0.990646
480.8		0.990646
480.9		0.990646
481		0.990646
481.1		0.992274
481.2		0.992274
481.3		0.992274
481.4		0.992274
481.5		0.992274
481.6		0.992274
481.7		0.992274
481.8		0.992274
481.9		0.992274
482		0.992274
482.1		0.994863
482.2		0.994863
482.3		0.994863
482.4		0.994863
482.5		0.994863
482.6		0.994863
482.7		0.994863
482.8		0.994863
482.9		0.994863
483		0.994863
483.1		0.99574
483.2		0.99574
483.3		0.99574
483.4		0.99574
483.5		0.99574
483.6		0.99574
483.7		0.99574
483.8		0.99574
483.9		0.99574
484		0.99574
484.1		0.99904
484.2		0.99904
484.3		0.99904
484.4		0.99904
484.5		0.99904
484.6		0.99904
484.7		0.99904
484.8		0.99904
484.9		0.99904
485		0.99904
485.1		0.999541
485.2		0.999541
485.3		0.999541
485.4		0.999541
485.5		0.999541
485.6		0.999541
485.7		0.999541
485.8		0.999541
485.9		0.999541
486		0.999541
486.1		1
486.2		1
486.3		1
486.4		1
486.5		1
486.6		1
486.7		1
486.8		1
486.9		1
487		1
487.1		1
487.2		1
487.3		1
487.4		1
487.5		1
487.6		1
487.7		1
487.8		1
487.9		1
488		1
488.1		1
488.2		1
488.3		1
488.4		1
488.5		1
488.6		1
488.7		1
488.8		1
488.9		1
489		1
489.1		1
489.2		1
489.3		1
489.4		1
489.5		1
489.6		1
489.7		1
489.8		1
489.9		1
490		1
490.1		1
490.2		1
490.3		1
490.4		1
490.5		1
490.6		1
490.7		1
490.8		1
490.9		1
491		1
491.1		1
491.2		1
491.3		1
491.4		1
491.5		1
491.6		1
491.7		1
491.8		1
491.9		1
492		1
492.1		1
492.2		1
492.3		1
492.4		1
492.5		1
492.6		1
492.7		1
492.8		1
492.9		1
493		1
493.1		1
493.2		1
493.3		1
493.4		1
493.5		1
493.6		1
493.7		1
493.8		1
493.9		1
494		1
494.1		1
494.2		1
494.3		1
494.4		1
494.5		1
494.6		1
494.7		1
494.8		1
494.9		1
495		1
495.1		1
495.2		1
495.3		1
495.4		1
495.5		1
495.6		1
495.7		1
495.8		1
495.9		1
496		1
496.1		1
496.2		1
496.3		1
496.4		1
496.5		1
496.6		1
496.7		1
496.8		1
496.9		1
497		1
497.1		1
497.2		1
497.3		1
497.4		1
497.5		1
497.6		1
497.7		1
497.8		1
497.9		1
498		1
498.1		1
498.2		1
498.3		1
498.4		1
498.5		1
498.6		1
498.7		1
498.8		1
498.9		1
499		1
499.1		1
499.2		1
499.3		1
499.4		1
499.5		1
499.6		1
499.7		1
499.8		1
499.9		1
500		1
500.1		1
500.2		1
500.3		1
500.4		1
500.5		1
500.6		1
500.7		1
500.8		1
500.9		1
501		1
501.1		1
501.2		1
501.3		1
501.4		1
501.5		1
501.6		1
501.7		1
501.8		1
501.9		1
502		1
502.1		1
502.2		1
502.3		1
502.4		1
502.5		1
502.6		1
502.7		1
502.8		1
502.9		1
503		1
503.1		1
503.2		1
503.3		1
503.4		1
503.5		1
503.6		1
503.7		1
503.8		1
503.9		1
504		1
504.1		1
504.2		1
504.3		1
504.4		1
504.5		1
504.6		1
504.7		1
504.8		1
504.9		1
505		1
505.1		1
505.2		1
505.3		1
505.4		1
505.5		1
505.6		1
505.7		1
505.8		1
505.9		1
506		1
506.1		1
506.2		1
506.3		1
506.4		1
506.5		1
506.6		1
506.7		1
506.8		1
506.9		1
507		1
507.1		1
507.2		1
507.3		1
507.4		1
507.5		1
507.6		1
507.7		1
507.8		1
507.9		1
508		1
508.1		1
508.2		1
508.3		1
508.4		1
508.5		1
508.6		1
508.7		1
508.8		1
508.9		1
509		1
509.1		1
509.2		1
509.3		1
509.4		1
509.5		1
509.6		1
509.7		1
509.8		1
509.9		1
510		1
510.1		1
510.2		1
510.3		1
510.4		1
510.5		1
510.6		1
510.7		1
510.8		1
510.9		1
511		1
511.1		1
511.2		1
511.3		1
511.4		1
511.5		1
511.6		1
511.7		1
511.8		1
511.9		1
512		1
512.1		1
512.2		1
512.3		1
512.4		1
512.5		1
512.6		1
512.7		1
512.8		1
512.9		1
513		1
513.1		1
513.2		1
513.3		1
513.4		1
513.5		1
513.6		1
513.7		1
513.8		1
513.9		1
514		1
514.1		1
514.2		1
514.3		1
514.4		1
514.5		1
514.6		1
514.7		1
514.8		1
514.9		1
515		1
515.1		1
515.2		1
515.3		1
515.4		1
515.5		1
515.6		1
515.7		1
515.8		1
515.9		1
516		1
516.1		1
516.2		1
516.3		1
516.4		1
516.5		1
516.6		1
516.7		1
516.8		1
516.9		1
517		1
517.1		1
517.2		1
517.3		1
517.4		1
517.5		1
517.6		1
517.7		1
517.8		1
517.9		1
518		1
518.1		1
518.2		1
518.3		1
518.4		1
518.5		1
518.6		1
518.7		1
518.8		1
518.9		1
519		1
519.1		1
519.2		1
519.3		1
519.4		1
519.5		1
519.6		1
519.7		1
519.8		1
519.9		1
520		1
520.1		1
520.2		1
520.3		1
520.4		1
520.5		1
520.6		1
520.7		1
520.8		1
520.9		1
521		1
521.1		1
521.2		1
521.3		1
521.4		1
521.5		1
521.6		1
521.7		1
521.8		1
521.9		1
522		1
522.1		1
522.2		1
522.3		1
522.4		1
522.5		1
522.6		1
522.7		1
522.8		1
522.9		1
523		1
523.1		1
523.2		1
523.3		1
523.4		1
523.5		1
523.6		1
523.7		1
523.8		1
523.9		1
524		1
524.1		1
524.2		1
524.3		1
524.4		1
524.5		1
524.6		1
524.7		1
524.8		1
524.9		1
525		1
525.1		1
525.2		1
525.3		1
525.4		1
525.5		1
525.6		1
525.7		1
525.8		1
525.9		1
526		1
526.1		1
526.2		1
526.3		1
526.4		1
526.5		1
526.6		1
526.7		1
526.8		1
526.9		1
527		1
527.1		1
527.2		1
527.3		1
527.4		1
527.5		1
527.6		1
527.7		1
527.8		1
527.9		1
528		1
528.1		1
528.2		1
528.3		1
528.4		1
528.5		1
528.6		1
528.7		1
528.8		1
528.9		1
529		1
529.1		1
529.2		1
529.3		1
529.4		1
529.5		1
529.6		1
529.7		1
529.8		1
529.9		1
530		1
530.1		1
530.2		1
530.3		1
530.4		1
530.5		1
530.6		1
530.7		1
530.8		1
530.9		1
531		1
531.1		1
531.2		1
531.3		1
531.4		1
531.5		1
531.6		1
531.7		1
531.8		1
531.9		1
532		1
532.1		1
532.2		1
532.3		1
532.4		1
532.5		1
532.6		1
532.7		1
532.8		1
532.9		1
533		1
533.1		1
533.2		1
533.3		1
533.4		1
533.5		1
533.6		1
533.7		1
533.8		1
533.9		1
534		1
534.1		1
534.2		1
534.3		1
534.4		1
534.5		1
534.6		1
534.7		1
534.8		1
534.9		1
535		1
535.1		1
535.2		1
535.3		1
535.4		1
535.5		1
535.6		1
535.7		1
535.8		1
535.9		1
536		1
536.1		1
536.2		1
536.3		1
536.4		1
536.5		1
536.6		1
536.7		1
536.8		1
536.9		1
537		1
537.1		1
537.2		1
537.3		1
537.4		1
537.5		1
537.6		1
537.7		1
537.8		1
537.9		1
538		1
538.1		1
538.2		1
538.3		1
538.4		1
538.5		1
538.6		1
538.7		1
538.8		1
538.9		1
539		1
539.1		1
539.2		1
539.3		1
539.4		1
539.5		1
539.6		1
539.7		1
539.8		1
539.9		1
540		1
540.1		1
540.2		1
540.3		1
540.4		1
540.5		1
540.6		1
540.7		1
540.8		1
540.9		1
541		1
541.1		1
541.2		1
541.3		1
541.4		1
541.5		1
541.6		1
541.7		1
541.8		1
541.9		1
542		1
542.1		1
542.2		1
542.3		1
542.4		1
542.5		1
542.6		1
542.7		1
542.8		1
542.9		1
543		1
543.1		1
543.2		1
543.3		1
543.4		1
543.5		1
543.6		1
543.7		1
543.8		1
543.9		1
544		1
544.1		1
544.2		1
544.3		1
544.4		1
544.5		1
544.6		1
544.7		1
544.8		1
544.9		1
545		1
545.1		1
545.2		1
545.3		1
545.4		1
545.5		1
545.6		1
545.7		1
545.8		1
545.9		1
546		1
546.1		1
546.2		1
546.3		1
546.4		1
546.5		1
546.6		1
546.7		1
546.8		1
546.9		1
547		1
547.1		1
547.2		1
547.3		1
547.4		1
547.5		1
547.6		1
547.7		1
547.8		1
547.9		1
548		1
548.1		1
548.2		1
548.3		1
548.4		1
548.5		1
548.6		1
548.7		1
548.8		1
548.9		1
549		1
549.1		1
549.2		1
549.3		1
549.4		1
549.5		1
549.6		1
549.7		1
549.8		1
549.9		1
550		1
550.1		1
550.2		1
550.3		1
550.4		1
550.5		1
550.6		1
550.7		1
550.8		1
550.9		1
551		1
551.1		1
551.2		1
551.3		1
551.4		1
551.5		1
551.6		1
551.7		1
551.8		1
551.9		1
552		1
552.1		1
552.2		1
552.3		1
552.4		1
552.5		1
552.6		1
552.7		1
552.8		1
552.9		1
553		1
553.1		1
553.2		1
553.3		1
553.4		1
553.5		1
553.6		1
553.7		1
553.8		1
553.9		1
554		1
554.1		1
554.2		1
554.3		1
554.4		1
554.5		1
554.6		1
554.7		1
554.8		1
554.9		1
555		1
555.1		1
555.2		1
555.3		1
555.4		1
555.5		1
555.6		1
555.7		1
555.8		1
555.9		1
556		1
556.1		1
556.2		1
556.3		1
556.4		1
556.5		1
556.6		1
556.7		1
556.8		1
556.9		1
557		1
557.1		1
557.2		1
557.3		1
557.4		1
557.5		1
557.6		1
557.7		1
557.8		1
557.9		1
558		1
558.1		1
558.2		1
558.3		1
558.4		1
558.5		1
558.6		1
558.7		1
558.8		1
558.9		1
559		1
559.1		1
559.2		1
559.3		1
559.4		1
559.5		1
559.6		1
559.7		1
559.8		1
559.9		1
560		1
560.1		1
560.2		1
560.3		1
560.4		1
560.5		1
560.6		1
560.7		1
560.8		1
560.9		1
561		1
561.1		1
561.2		1
561.3		1
561.4		1
561.5		1
561.6		1
561.7		1
561.8		1
561.9		1
562		1
562.1		1
562.2		1
562.3		1
562.4		1
562.5		1
562.6		1
562.7		1
562.8		1
562.9		1
563		1
563.1		1
563.2		1
563.3		1
563.4		1
563.5		1
563.6		1
563.7		1
563.8		1
563.9		1
564		1
564.1		1
564.2		1
564.3		1
564.4		1
564.5		1
564.6		1
564.7		1
564.8		1
564.9		1
565		1
565.1		1
565.2		1
565.3		1
565.4		1
565.5		1
565.6		1
565.7		1
565.8		1
565.9		1
566		1
566.1		1
566.2		1
566.3		1
566.4		1
566.5		1
566.6		1
566.7		1
566.8		1
566.9		1
567		1
567.1		1
567.2		1
567.3		1
567.4		1
567.5		1
567.6		1
567.7		1
567.8		1
567.9		1
568		1
568.1		1
568.2		1
568.3		1
568.4		1
568.5		1
568.6		1
568.7		1
568.8		1
568.9		1
569		1
569.1		1
569.2		1
569.3		1
569.4		1
569.5		1
569.6		1
569.7		1
569.8		1
569.9		1
570		1
570.1		1
570.2		1
570.3		1
570.4		1
570.5		1
570.6		1
570.7		1
570.8		1
570.9		1
571		1
571.1		1
571.2		1
571.3		1
571.4		1
571.5		1
571.6		1
571.7		1
571.8		1
571.9		1
572		1
572.1		1
572.2		1
572.3		1
572.4		1
572.5		1
572.6		1
572.7		1
572.8		1
572.9		1
573		1
573.1		1
573.2		1
573.3		1
573.4		1
573.5		1
573.6		1
573.7		1
573.8		1
573.9		1
574		1
574.1		1
574.2		1
574.3		1
574.4		1
574.5		1
574.6		1
574.7		1
574.8		1
574.9		1
575		1
575.1		1
575.2		1
575.3		1
575.4		1
575.5		1
575.6		1
575.7		1
575.8		1
575.9		1
576		1
576.1		1
576.2		1
576.3		1
576.4		1
576.5		1
576.6		1
576.7		1
576.8		1
576.9		1
577		1
577.1		1
577.2		1
577.3		1
577.4		1
577.5		1
577.6		1
577.7		1
577.8		1
577.9		1
578		1
578.1		1
578.2		1
578.3		1
578.4		1
578.5		1
578.6		1
578.7		1
578.8		1
578.9		1
579		1
579.1		1
579.2		1
579.3		1
579.4		1
579.5		1
579.6		1
579.7		1
579.8		1
579.9		1
580		1
580.1		1
580.2		1
580.3		1
580.4		1
580.5		1
580.6		1
580.7		1
580.8		1
580.9		1
581		1
581.1		1
581.2		1
581.3		1
581.4		1
581.5		1
581.6		1
581.7		1
581.8		1
581.9		1
582		1
582.1		1
582.2		1
582.3		1
582.4		1
582.5		1
582.6		1
582.7		1
582.8		1
582.9		1
583		1
583.1		1
583.2		1
583.3		1
583.4		1
583.5		1
583.6		1
583.7		1
583.8		1
583.9		1
584		1
584.1		1
584.2		1
584.3		1
584.4		1
584.5		1
584.6		1
584.7		1
584.8		1
584.9		1
585		1
585.1		1
585.2		1
585.3		1
585.4		1
585.5		1
585.6		1
585.7		1
585.8		1
585.9		1
586		1
586.1		1
586.2		1
586.3		1
586.4		1
586.5		1
586.6		1
586.7		1
586.8		1
586.9		1
587		1
587.1		1
587.2		1
587.3		1
587.4		1
587.5		1
587.6		1
587.7		1
587.8		1
587.9		1
588		1
588.1		1
588.2		1
588.3		1
588.4		1
588.5		1
588.6		1
588.7		1
588.8		1
588.9		1
589		1
589.1		1
589.2		1
589.3		1
589.4		1
589.5		1
589.6		1
589.7		1
589.8		1
589.9		1
590		1
590.1		1
590.2		1
590.3		1
590.4		1
590.5		1
590.6		1
590.7		1
590.8		1
590.9		1
591		1
591.1		1
591.2		1
591.3		1
591.4		1
591.5		1
591.6		1
591.7		1
591.8		1
591.9		1
592		1
592.1		1
592.2		1
592.3		1
592.4		1
592.5		1
592.6		1
592.7		1
592.8		1
592.9		1
593		1
593.1		1
593.2		1
593.3		1
593.4		1
593.5		1
593.6		1
593.7		1
593.8		1
593.9		1
594		1
594.1		1
594.2		1
594.3		1
594.4		1
594.5		1
594.6		1
594.7		1
594.8		1
594.9		1
595		1
595.1		1
595.2		1
595.3		1
595.4		1
595.5		1
595.6		1
595.7		1
595.8		1
595.9		1
596		1
596.1		1
596.2		1
596.3		1
596.4		1
596.5		1
596.6		1
596.7		1
596.8		1
596.9		1
597		1
597.1		1
597.2		1
597.3		1
597.4		1
597.5		1
597.6		1
597.7		1
597.8		1
597.9		1
598		1
598.1		1
598.2		1
598.3		1
598.4		1
598.5		1
598.6		1
598.7		1
598.8		1
598.9		1
599		1
599.1		1
599.2		1
599.3		1
599.4		1
599.5		1
599.6		1
599.7		1
599.8		1
599.9		1
600		1
