# Calibration file of tamex_id 1 @ channel 12
# fine_T bin		 Calibration value
0.1		0
0.2		0
0.3		0
0.4		0
0.5		0
0.6		0
0.7		0
0.8		0
0.9		0
1		0
1.1		0
1.2		0
1.3		0
1.4		0
1.5		0
1.6		0
1.7		0
1.8		0
1.9		0
2		0
2.1		0
2.2		0
2.3		0
2.4		0
2.5		0
2.6		0
2.7		0
2.8		0
2.9		0
3		0
3.1		0
3.2		0
3.3		0
3.4		0
3.5		0
3.6		0
3.7		0
3.8		0
3.9		0
4		0
4.1		0
4.2		0
4.3		0
4.4		0
4.5		0
4.6		0
4.7		0
4.8		0
4.9		0
5		0
5.1		0
5.2		0
5.3		0
5.4		0
5.5		0
5.6		0
5.7		0
5.8		0
5.9		0
6		0
6.1		0
6.2		0
6.3		0
6.4		0
6.5		0
6.6		0
6.7		0
6.8		0
6.9		0
7		0
7.1		0
7.2		0
7.3		0
7.4		0
7.5		0
7.6		0
7.7		0
7.8		0
7.9		0
8		0
8.1		0
8.2		0
8.3		0
8.4		0
8.5		0
8.6		0
8.7		0
8.8		0
8.9		0
9		0
9.1		0
9.2		0
9.3		0
9.4		0
9.5		0
9.6		0
9.7		0
9.8		0
9.9		0
10		0
10.1		0
10.2		0
10.3		0
10.4		0
10.5		0
10.6		0
10.7		0
10.8		0
10.9		0
11		0
11.1		0
11.2		0
11.3		0
11.4		0
11.5		0
11.6		0
11.7		0
11.8		0
11.9		0
12		0
12.1		0
12.2		0
12.3		0
12.4		0
12.5		0
12.6		0
12.7		0
12.8		0
12.9		0
13		0
13.1		0
13.2		0
13.3		0
13.4		0
13.5		0
13.6		0
13.7		0
13.8		0
13.9		0
14		0
14.1		0
14.2		0
14.3		0
14.4		0
14.5		0
14.6		0
14.7		0
14.8		0
14.9		0
15		0
15.1		0
15.2		0
15.3		0
15.4		0
15.5		0
15.6		0
15.7		0
15.8		0
15.9		0
16		0
16.1		0.00569096
16.2		0.00569096
16.3		0.00569096
16.4		0.00569096
16.5		0.00569096
16.6		0.00569096
16.7		0.00569096
16.8		0.00569096
16.9		0.00569096
17		0.00569096
17.1		0.0088308
17.2		0.0088308
17.3		0.0088308
17.4		0.0088308
17.5		0.0088308
17.6		0.0088308
17.7		0.0088308
17.8		0.0088308
17.9		0.0088308
18		0.0088308
18.1		0.00910554
18.2		0.00910554
18.3		0.00910554
18.4		0.00910554
18.5		0.00910554
18.6		0.00910554
18.7		0.00910554
18.8		0.00910554
18.9		0.00910554
19		0.00910554
19.1		0.0112249
19.2		0.0112249
19.3		0.0112249
19.4		0.0112249
19.5		0.0112249
19.6		0.0112249
19.7		0.0112249
19.8		0.0112249
19.9		0.0112249
20		0.0112249
20.1		0.0164057
20.2		0.0164057
20.3		0.0164057
20.4		0.0164057
20.5		0.0164057
20.6		0.0164057
20.7		0.0164057
20.8		0.0164057
20.9		0.0164057
21		0.0164057
21.1		0.0181326
21.2		0.0181326
21.3		0.0181326
21.4		0.0181326
21.5		0.0181326
21.6		0.0181326
21.7		0.0181326
21.8		0.0181326
21.9		0.0181326
22		0.0181326
22.1		0.0189175
22.2		0.0189175
22.3		0.0189175
22.4		0.0189175
22.5		0.0189175
22.6		0.0189175
22.7		0.0189175
22.8		0.0189175
22.9		0.0189175
23		0.0189175
23.1		0.0191923
23.2		0.0191923
23.3		0.0191923
23.4		0.0191923
23.5		0.0191923
23.6		0.0191923
23.7		0.0191923
23.8		0.0191923
23.9		0.0191923
24		0.0191923
24.1		0.0217041
24.2		0.0217041
24.3		0.0217041
24.4		0.0217041
24.5		0.0217041
24.6		0.0217041
24.7		0.0217041
24.8		0.0217041
24.9		0.0217041
25		0.0217041
25.1		0.0249617
25.2		0.0249617
25.3		0.0249617
25.4		0.0249617
25.5		0.0249617
25.6		0.0249617
25.7		0.0249617
25.8		0.0249617
25.9		0.0249617
26		0.0249617
26.1		0.0280623
26.2		0.0280623
26.3		0.0280623
26.4		0.0280623
26.5		0.0280623
26.6		0.0280623
26.7		0.0280623
26.8		0.0280623
26.9		0.0280623
27		0.0280623
27.1		0.0282978
27.2		0.0282978
27.3		0.0282978
27.4		0.0282978
27.5		0.0282978
27.6		0.0282978
27.7		0.0282978
27.8		0.0282978
27.9		0.0282978
28		0.0282978
28.1		0.0293183
28.2		0.0293183
28.3		0.0293183
28.4		0.0293183
28.5		0.0293183
28.6		0.0293183
28.7		0.0293183
28.8		0.0293183
28.9		0.0293183
29		0.0293183
29.1		0.0325366
29.2		0.0325366
29.3		0.0325366
29.4		0.0325366
29.5		0.0325366
29.6		0.0325366
29.7		0.0325366
29.8		0.0325366
29.9		0.0325366
30		0.0325366
30.1		0.0341065
30.2		0.0341065
30.3		0.0341065
30.4		0.0341065
30.5		0.0341065
30.6		0.0341065
30.7		0.0341065
30.8		0.0341065
30.9		0.0341065
31		0.0341065
31.1		0.0357549
31.2		0.0357549
31.3		0.0357549
31.4		0.0357549
31.5		0.0357549
31.6		0.0357549
31.7		0.0357549
31.8		0.0357549
31.9		0.0357549
32		0.0357549
32.1		0.0366184
32.2		0.0366184
32.3		0.0366184
32.4		0.0366184
32.5		0.0366184
32.6		0.0366184
32.7		0.0366184
32.8		0.0366184
32.9		0.0366184
33		0.0366184
33.1		0.039405
33.2		0.039405
33.3		0.039405
33.4		0.039405
33.5		0.039405
33.6		0.039405
33.7		0.039405
33.8		0.039405
33.9		0.039405
34		0.039405
34.1		0.0439185
34.2		0.0439185
34.3		0.0439185
34.4		0.0439185
34.5		0.0439185
34.6		0.0439185
34.7		0.0439185
34.8		0.0439185
34.9		0.0439185
35		0.0439185
35.1		0.0444287
35.2		0.0444287
35.3		0.0444287
35.4		0.0444287
35.5		0.0444287
35.6		0.0444287
35.7		0.0444287
35.8		0.0444287
35.9		0.0444287
36		0.0444287
36.1		0.0449782
36.2		0.0449782
36.3		0.0449782
36.4		0.0449782
36.5		0.0449782
36.6		0.0449782
36.7		0.0449782
36.8		0.0449782
36.9		0.0449782
37		0.0449782
37.1		0.0470976
37.2		0.0470976
37.3		0.0470976
37.4		0.0470976
37.5		0.0470976
37.6		0.0470976
37.7		0.0470976
37.8		0.0470976
37.9		0.0470976
38		0.0470976
38.1		0.0498842
38.2		0.0498842
38.3		0.0498842
38.4		0.0498842
38.5		0.0498842
38.6		0.0498842
38.7		0.0498842
38.8		0.0498842
38.9		0.0498842
39		0.0498842
39.1		0.0532595
39.2		0.0532595
39.3		0.0532595
39.4		0.0532595
39.5		0.0532595
39.6		0.0532595
39.7		0.0532595
39.8		0.0532595
39.9		0.0532595
40		0.0532595
40.1		0.054594
40.2		0.054594
40.3		0.054594
40.4		0.054594
40.5		0.054594
40.6		0.054594
40.7		0.054594
40.8		0.054594
40.9		0.054594
41		0.054594
41.1		0.0573413
41.2		0.0573413
41.3		0.0573413
41.4		0.0573413
41.5		0.0573413
41.6		0.0573413
41.7		0.0573413
41.8		0.0573413
41.9		0.0573413
42		0.0573413
42.1		0.0594215
42.2		0.0594215
42.3		0.0594215
42.4		0.0594215
42.5		0.0594215
42.6		0.0594215
42.7		0.0594215
42.8		0.0594215
42.9		0.0594215
43		0.0594215
43.1		0.0598532
43.2		0.0598532
43.3		0.0598532
43.4		0.0598532
43.5		0.0598532
43.6		0.0598532
43.7		0.0598532
43.8		0.0598532
43.9		0.0598532
44		0.0598532
44.1		0.0611484
44.2		0.0611484
44.3		0.0611484
44.4		0.0611484
44.5		0.0611484
44.6		0.0611484
44.7		0.0611484
44.8		0.0611484
44.9		0.0611484
45		0.0611484
45.1		0.0624828
45.2		0.0624828
45.3		0.0624828
45.4		0.0624828
45.5		0.0624828
45.6		0.0624828
45.7		0.0624828
45.8		0.0624828
45.9		0.0624828
46		0.0624828
46.1		0.0689195
46.2		0.0689195
46.3		0.0689195
46.4		0.0689195
46.5		0.0689195
46.6		0.0689195
46.7		0.0689195
46.8		0.0689195
46.9		0.0689195
47		0.0689195
47.1		0.0693512
47.2		0.0693512
47.3		0.0693512
47.4		0.0693512
47.5		0.0693512
47.6		0.0693512
47.7		0.0693512
47.8		0.0693512
47.9		0.0693512
48		0.0693512
48.1		0.0706464
48.2		0.0706464
48.3		0.0706464
48.4		0.0706464
48.5		0.0706464
48.6		0.0706464
48.7		0.0706464
48.8		0.0706464
48.9		0.0706464
49		0.0706464
49.1		0.0713136
49.2		0.0713136
49.3		0.0713136
49.4		0.0713136
49.5		0.0713136
49.6		0.0713136
49.7		0.0713136
49.8		0.0713136
49.9		0.0713136
50		0.0713136
50.1		0.0735115
50.2		0.0735115
50.3		0.0735115
50.4		0.0735115
50.5		0.0735115
50.6		0.0735115
50.7		0.0735115
50.8		0.0735115
50.9		0.0735115
51		0.0735115
51.1		0.0751207
51.2		0.0751207
51.3		0.0751207
51.4		0.0751207
51.5		0.0751207
51.6		0.0751207
51.7		0.0751207
51.8		0.0751207
51.9		0.0751207
52		0.0751207
52.1		0.079752
52.2		0.079752
52.3		0.079752
52.4		0.079752
52.5		0.079752
52.6		0.079752
52.7		0.079752
52.8		0.079752
52.9		0.079752
53		0.079752
53.1		0.0807332
53.2		0.0807332
53.3		0.0807332
53.4		0.0807332
53.5		0.0807332
53.6		0.0807332
53.7		0.0807332
53.8		0.0807332
53.9		0.0807332
54		0.0807332
54.1		0.0809686
54.2		0.0809686
54.3		0.0809686
54.4		0.0809686
54.5		0.0809686
54.6		0.0809686
54.7		0.0809686
54.8		0.0809686
54.9		0.0809686
55		0.0809686
55.1		0.0821461
55.2		0.0821461
55.3		0.0821461
55.4		0.0821461
55.5		0.0821461
55.6		0.0821461
55.7		0.0821461
55.8		0.0821461
55.9		0.0821461
56		0.0821461
56.1		0.0833628
56.2		0.0833628
56.3		0.0833628
56.4		0.0833628
56.5		0.0833628
56.6		0.0833628
56.7		0.0833628
56.8		0.0833628
56.9		0.0833628
57		0.0833628
57.1		0.0862671
57.2		0.0862671
57.3		0.0862671
57.4		0.0862671
57.5		0.0862671
57.6		0.0862671
57.7		0.0862671
57.8		0.0862671
57.9		0.0862671
58		0.0862671
58.1		0.0918403
58.2		0.0918403
58.3		0.0918403
58.4		0.0918403
58.5		0.0918403
58.6		0.0918403
58.7		0.0918403
58.8		0.0918403
58.9		0.0918403
59		0.0918403
59.1		0.0921936
59.2		0.0921936
59.3		0.0921936
59.4		0.0921936
59.5		0.0921936
59.6		0.0921936
59.7		0.0921936
59.8		0.0921936
59.9		0.0921936
60		0.0921936
60.1		0.0942345
60.2		0.0942345
60.3		0.0942345
60.4		0.0942345
60.5		0.0942345
60.6		0.0942345
60.7		0.0942345
60.8		0.0942345
60.9		0.0942345
61		0.0942345
61.1		0.0945092
61.2		0.0945092
61.3		0.0945092
61.4		0.0945092
61.5		0.0945092
61.6		0.0945092
61.7		0.0945092
61.8		0.0945092
61.9		0.0945092
62		0.0945092
62.1		0.0984733
62.2		0.0984733
62.3		0.0984733
62.4		0.0984733
62.5		0.0984733
62.6		0.0984733
62.7		0.0984733
62.8		0.0984733
62.9		0.0984733
63		0.0984733
63.1		0.10232
63.2		0.10232
63.3		0.10232
63.4		0.10232
63.5		0.10232
63.6		0.10232
63.7		0.10232
63.8		0.10232
63.9		0.10232
64		0.10232
64.1		0.103301
64.2		0.103301
64.3		0.103301
64.4		0.103301
64.5		0.103301
64.6		0.103301
64.7		0.103301
64.8		0.103301
64.9		0.103301
65		0.103301
65.1		0.105773
65.2		0.105773
65.3		0.105773
65.4		0.105773
65.5		0.105773
65.6		0.105773
65.7		0.105773
65.8		0.105773
65.9		0.105773
66		0.105773
66.1		0.106912
66.2		0.106912
66.3		0.106912
66.4		0.106912
66.5		0.106912
66.6		0.106912
66.7		0.106912
66.8		0.106912
66.9		0.106912
67		0.106912
67.1		0.108285
67.2		0.108285
67.3		0.108285
67.4		0.108285
67.5		0.108285
67.6		0.108285
67.7		0.108285
67.8		0.108285
67.9		0.108285
68		0.108285
68.1		0.108521
68.2		0.108521
68.3		0.108521
68.4		0.108521
68.5		0.108521
68.6		0.108521
68.7		0.108521
68.8		0.108521
68.9		0.108521
69		0.108521
69.1		0.11272
69.2		0.11272
69.3		0.11272
69.4		0.11272
69.5		0.11272
69.6		0.11272
69.7		0.11272
69.8		0.11272
69.9		0.11272
70		0.11272
70.1		0.11378
70.2		0.11378
70.3		0.11378
70.4		0.11378
70.5		0.11378
70.6		0.11378
70.7		0.11378
70.8		0.11378
70.9		0.11378
71		0.11378
71.1		0.11641
71.2		0.11641
71.3		0.11641
71.4		0.11641
71.5		0.11641
71.6		0.11641
71.7		0.11641
71.8		0.11641
71.9		0.11641
72		0.11641
72.1		0.121041
72.2		0.121041
72.3		0.121041
72.4		0.121041
72.5		0.121041
72.6		0.121041
72.7		0.121041
72.8		0.121041
72.9		0.121041
73		0.121041
73.1		0.121119
73.2		0.121119
73.3		0.121119
73.4		0.121119
73.5		0.121119
73.6		0.121119
73.7		0.121119
73.8		0.121119
73.9		0.121119
74		0.121119
74.1		0.124259
74.2		0.124259
74.3		0.124259
74.4		0.124259
74.5		0.124259
74.6		0.124259
74.7		0.124259
74.8		0.124259
74.9		0.124259
75		0.124259
75.1		0.12681
75.2		0.12681
75.3		0.12681
75.4		0.12681
75.5		0.12681
75.6		0.12681
75.7		0.12681
75.8		0.12681
75.9		0.12681
76		0.12681
76.1		0.127399
76.2		0.127399
76.3		0.127399
76.4		0.127399
76.5		0.127399
76.6		0.127399
76.7		0.127399
76.8		0.127399
76.9		0.127399
77		0.127399
77.1		0.129204
77.2		0.129204
77.3		0.129204
77.4		0.129204
77.5		0.129204
77.6		0.129204
77.7		0.129204
77.8		0.129204
77.9		0.129204
78		0.129204
78.1		0.133011
78.2		0.133011
78.3		0.133011
78.4		0.133011
78.5		0.133011
78.6		0.133011
78.7		0.133011
78.8		0.133011
78.9		0.133011
79		0.133011
79.1		0.134267
79.2		0.134267
79.3		0.134267
79.4		0.134267
79.5		0.134267
79.6		0.134267
79.7		0.134267
79.8		0.134267
79.9		0.134267
80		0.134267
80.1		0.135327
80.2		0.135327
80.3		0.135327
80.4		0.135327
80.5		0.135327
80.6		0.135327
80.7		0.135327
80.8		0.135327
80.9		0.135327
81		0.135327
81.1		0.137604
81.2		0.137604
81.3		0.137604
81.4		0.137604
81.5		0.137604
81.6		0.137604
81.7		0.137604
81.8		0.137604
81.9		0.137604
82		0.137604
82.1		0.13831
82.2		0.13831
82.3		0.13831
82.4		0.13831
82.5		0.13831
82.6		0.13831
82.7		0.13831
82.8		0.13831
82.9		0.13831
83		0.13831
83.1		0.138742
83.2		0.138742
83.3		0.138742
83.4		0.138742
83.5		0.138742
83.6		0.138742
83.7		0.138742
83.8		0.138742
83.9		0.138742
84		0.138742
84.1		0.144472
84.2		0.144472
84.3		0.144472
84.4		0.144472
84.5		0.144472
84.6		0.144472
84.7		0.144472
84.8		0.144472
84.9		0.144472
85		0.144472
85.1		0.144747
85.2		0.144747
85.3		0.144747
85.4		0.144747
85.5		0.144747
85.6		0.144747
85.7		0.144747
85.8		0.144747
85.9		0.144747
86		0.144747
86.1		0.145218
86.2		0.145218
86.3		0.145218
86.4		0.145218
86.5		0.145218
86.6		0.145218
86.7		0.145218
86.8		0.145218
86.9		0.145218
87		0.145218
87.1		0.148161
87.2		0.148161
87.3		0.148161
87.4		0.148161
87.5		0.148161
87.6		0.148161
87.7		0.148161
87.8		0.148161
87.9		0.148161
88		0.148161
88.1		0.151223
88.2		0.151223
88.3		0.151223
88.4		0.151223
88.5		0.151223
88.6		0.151223
88.7		0.151223
88.8		0.151223
88.9		0.151223
89		0.151223
89.1		0.151851
89.2		0.151851
89.3		0.151851
89.4		0.151851
89.5		0.151851
89.6		0.151851
89.7		0.151851
89.8		0.151851
89.9		0.151851
90		0.151851
90.1		0.156482
90.2		0.156482
90.3		0.156482
90.4		0.156482
90.5		0.156482
90.6		0.156482
90.7		0.156482
90.8		0.156482
90.9		0.156482
91		0.156482
91.1		0.156639
91.2		0.156639
91.3		0.156639
91.4		0.156639
91.5		0.156639
91.6		0.156639
91.7		0.156639
91.8		0.156639
91.9		0.156639
92		0.156639
92.1		0.158523
92.2		0.158523
92.3		0.158523
92.4		0.158523
92.5		0.158523
92.6		0.158523
92.7		0.158523
92.8		0.158523
92.9		0.158523
93		0.158523
93.1		0.160367
93.2		0.160367
93.3		0.160367
93.4		0.160367
93.5		0.160367
93.6		0.160367
93.7		0.160367
93.8		0.160367
93.9		0.160367
94		0.160367
94.1		0.161074
94.2		0.161074
94.3		0.161074
94.4		0.161074
94.5		0.161074
94.6		0.161074
94.7		0.161074
94.8		0.161074
94.9		0.161074
95		0.161074
95.1		0.163664
95.2		0.163664
95.3		0.163664
95.4		0.163664
95.5		0.163664
95.6		0.163664
95.7		0.163664
95.8		0.163664
95.9		0.163664
96		0.163664
96.1		0.16755
96.2		0.16755
96.3		0.16755
96.4		0.16755
96.5		0.16755
96.6		0.16755
96.7		0.16755
96.8		0.16755
96.9		0.16755
97		0.16755
97.1		0.168727
97.2		0.168727
97.3		0.168727
97.4		0.168727
97.5		0.168727
97.6		0.168727
97.7		0.168727
97.8		0.168727
97.9		0.168727
98		0.168727
98.1		0.170768
98.2		0.170768
98.3		0.170768
98.4		0.170768
98.5		0.170768
98.6		0.170768
98.7		0.170768
98.8		0.170768
98.9		0.170768
99		0.170768
99.1		0.172063
99.2		0.172063
99.3		0.172063
99.4		0.172063
99.5		0.172063
99.6		0.172063
99.7		0.172063
99.8		0.172063
99.9		0.172063
100		0.172063
100.1		0.172652
100.2		0.172652
100.3		0.172652
100.4		0.172652
100.5		0.172652
100.6		0.172652
100.7		0.172652
100.8		0.172652
100.9		0.172652
101		0.172652
101.1		0.179049
101.2		0.179049
101.3		0.179049
101.4		0.179049
101.5		0.179049
101.6		0.179049
101.7		0.179049
101.8		0.179049
101.9		0.179049
102		0.179049
102.1		0.179834
102.2		0.179834
102.3		0.179834
102.4		0.179834
102.5		0.179834
102.6		0.179834
102.7		0.179834
102.8		0.179834
102.9		0.179834
103		0.179834
103.1		0.181797
103.2		0.181797
103.3		0.181797
103.4		0.181797
103.5		0.181797
103.6		0.181797
103.7		0.181797
103.8		0.181797
103.9		0.181797
104		0.181797
104.1		0.182229
104.2		0.182229
104.3		0.182229
104.4		0.182229
104.5		0.182229
104.6		0.182229
104.7		0.182229
104.8		0.182229
104.9		0.182229
105		0.182229
105.1		0.182464
105.2		0.182464
105.3		0.182464
105.4		0.182464
105.5		0.182464
105.6		0.182464
105.7		0.182464
105.8		0.182464
105.9		0.182464
106		0.182464
106.1		0.185251
106.2		0.185251
106.3		0.185251
106.4		0.185251
106.5		0.185251
106.6		0.185251
106.7		0.185251
106.8		0.185251
106.9		0.185251
107		0.185251
107.1		0.189254
107.2		0.189254
107.3		0.189254
107.4		0.189254
107.5		0.189254
107.6		0.189254
107.7		0.189254
107.8		0.189254
107.9		0.189254
108		0.189254
108.1		0.189686
108.2		0.189686
108.3		0.189686
108.4		0.189686
108.5		0.189686
108.6		0.189686
108.7		0.189686
108.8		0.189686
108.9		0.189686
109		0.189686
109.1		0.189921
109.2		0.189921
109.3		0.189921
109.4		0.189921
109.5		0.189921
109.6		0.189921
109.7		0.189921
109.8		0.189921
109.9		0.189921
110		0.189921
110.1		0.193336
110.2		0.193336
110.3		0.193336
110.4		0.193336
110.5		0.193336
110.6		0.193336
110.7		0.193336
110.8		0.193336
110.9		0.193336
111		0.193336
111.1		0.195534
111.2		0.195534
111.3		0.195534
111.4		0.195534
111.5		0.195534
111.6		0.195534
111.7		0.195534
111.8		0.195534
111.9		0.195534
112		0.195534
112.1		0.195887
112.2		0.195887
112.3		0.195887
112.4		0.195887
112.5		0.195887
112.6		0.195887
112.7		0.195887
112.8		0.195887
112.9		0.195887
113		0.195887
113.1		0.200283
113.2		0.200283
113.3		0.200283
113.4		0.200283
113.5		0.200283
113.6		0.200283
113.7		0.200283
113.8		0.200283
113.9		0.200283
114		0.200283
114.1		0.202951
114.2		0.202951
114.3		0.202951
114.4		0.202951
114.5		0.202951
114.6		0.202951
114.7		0.202951
114.8		0.202951
114.9		0.202951
115		0.202951
115.1		0.203619
115.2		0.203619
115.3		0.203619
115.4		0.203619
115.5		0.203619
115.6		0.203619
115.7		0.203619
115.8		0.203619
115.9		0.203619
116		0.203619
116.1		0.205306
116.2		0.205306
116.3		0.205306
116.4		0.205306
116.5		0.205306
116.6		0.205306
116.7		0.205306
116.8		0.205306
116.9		0.205306
117		0.205306
117.1		0.207269
117.2		0.207269
117.3		0.207269
117.4		0.207269
117.5		0.207269
117.6		0.207269
117.7		0.207269
117.8		0.207269
117.9		0.207269
118		0.207269
118.1		0.2077
118.2		0.2077
118.3		0.2077
118.4		0.2077
118.5		0.2077
118.6		0.2077
118.7		0.2077
118.8		0.2077
118.9		0.2077
119		0.2077
119.1		0.210605
119.2		0.210605
119.3		0.210605
119.4		0.210605
119.5		0.210605
119.6		0.210605
119.7		0.210605
119.8		0.210605
119.9		0.210605
120		0.210605
120.1		0.215511
120.2		0.215511
120.3		0.215511
120.4		0.215511
120.5		0.215511
120.6		0.215511
120.7		0.215511
120.8		0.215511
120.9		0.215511
121		0.215511
121.1		0.215668
121.2		0.215668
121.3		0.215668
121.4		0.215668
121.5		0.215668
121.6		0.215668
121.7		0.215668
121.8		0.215668
121.9		0.215668
122		0.215668
122.1		0.216296
122.2		0.216296
122.3		0.216296
122.4		0.216296
122.5		0.216296
122.6		0.216296
122.7		0.216296
122.8		0.216296
122.9		0.216296
123		0.216296
123.1		0.216963
123.2		0.216963
123.3		0.216963
123.4		0.216963
123.5		0.216963
123.6		0.216963
123.7		0.216963
123.8		0.216963
123.9		0.216963
124		0.216963
124.1		0.221437
124.2		0.221437
124.3		0.221437
124.4		0.221437
124.5		0.221437
124.6		0.221437
124.7		0.221437
124.8		0.221437
124.9		0.221437
125		0.221437
125.1		0.223517
125.2		0.223517
125.3		0.223517
125.4		0.223517
125.5		0.223517
125.6		0.223517
125.7		0.223517
125.8		0.223517
125.9		0.223517
126		0.223517
126.1		0.224224
126.2		0.224224
126.3		0.224224
126.4		0.224224
126.5		0.224224
126.6		0.224224
126.7		0.224224
126.8		0.224224
126.9		0.224224
127		0.224224
127.1		0.224577
127.2		0.224577
127.3		0.224577
127.4		0.224577
127.5		0.224577
127.6		0.224577
127.7		0.224577
127.8		0.224577
127.9		0.224577
128		0.224577
128.1		0.229483
128.2		0.229483
128.3		0.229483
128.4		0.229483
128.5		0.229483
128.6		0.229483
128.7		0.229483
128.8		0.229483
128.9		0.229483
129		0.229483
129.1		0.230935
129.2		0.230935
129.3		0.230935
129.4		0.230935
129.5		0.230935
129.6		0.230935
129.7		0.230935
129.8		0.230935
129.9		0.230935
130		0.230935
130.1		0.233447
130.2		0.233447
130.3		0.233447
130.4		0.233447
130.5		0.233447
130.6		0.233447
130.7		0.233447
130.8		0.233447
130.9		0.233447
131		0.233447
131.1		0.236352
131.2		0.236352
131.3		0.236352
131.4		0.236352
131.5		0.236352
131.6		0.236352
131.7		0.236352
131.8		0.236352
131.9		0.236352
132		0.236352
132.1		0.237686
132.2		0.237686
132.3		0.237686
132.4		0.237686
132.5		0.237686
132.6		0.237686
132.7		0.237686
132.8		0.237686
132.9		0.237686
133		0.237686
133.1		0.238471
133.2		0.238471
133.3		0.238471
133.4		0.238471
133.5		0.238471
133.6		0.238471
133.7		0.238471
133.8		0.238471
133.9		0.238471
134		0.238471
134.1		0.240865
134.2		0.240865
134.3		0.240865
134.4		0.240865
134.5		0.240865
134.6		0.240865
134.7		0.240865
134.8		0.240865
134.9		0.240865
135		0.240865
135.1		0.244672
135.2		0.244672
135.3		0.244672
135.4		0.244672
135.5		0.244672
135.6		0.244672
135.7		0.244672
135.8		0.244672
135.9		0.244672
136		0.244672
136.1		0.247066
136.2		0.247066
136.3		0.247066
136.4		0.247066
136.5		0.247066
136.6		0.247066
136.7		0.247066
136.8		0.247066
136.9		0.247066
137		0.247066
137.1		0.24738
137.2		0.24738
137.3		0.24738
137.4		0.24738
137.5		0.24738
137.6		0.24738
137.7		0.24738
137.8		0.24738
137.9		0.24738
138		0.24738
138.1		0.247694
138.2		0.247694
138.3		0.247694
138.4		0.247694
138.5		0.247694
138.6		0.247694
138.7		0.247694
138.8		0.247694
138.9		0.247694
139		0.247694
139.1		0.248126
139.2		0.248126
139.3		0.248126
139.4		0.248126
139.5		0.248126
139.6		0.248126
139.7		0.248126
139.8		0.248126
139.9		0.248126
140		0.248126
140.1		0.253189
140.2		0.253189
140.3		0.253189
140.4		0.253189
140.5		0.253189
140.6		0.253189
140.7		0.253189
140.8		0.253189
140.9		0.253189
141		0.253189
141.1		0.257074
141.2		0.257074
141.3		0.257074
141.4		0.257074
141.5		0.257074
141.6		0.257074
141.7		0.257074
141.8		0.257074
141.9		0.257074
142		0.257074
142.1		0.257899
142.2		0.257899
142.3		0.257899
142.4		0.257899
142.5		0.257899
142.6		0.257899
142.7		0.257899
142.8		0.257899
142.9		0.257899
143		0.257899
143.1		0.260646
143.2		0.260646
143.3		0.260646
143.4		0.260646
143.5		0.260646
143.6		0.260646
143.7		0.260646
143.8		0.260646
143.9		0.260646
144		0.260646
144.1		0.260646
144.2		0.260646
144.3		0.260646
144.4		0.260646
144.5		0.260646
144.6		0.260646
144.7		0.260646
144.8		0.260646
144.9		0.260646
145		0.260646
145.1		0.263786
145.2		0.263786
145.3		0.263786
145.4		0.263786
145.5		0.263786
145.6		0.263786
145.7		0.263786
145.8		0.263786
145.9		0.263786
146		0.263786
146.1		0.264061
146.2		0.264061
146.3		0.264061
146.4		0.264061
146.5		0.264061
146.6		0.264061
146.7		0.264061
146.8		0.264061
146.9		0.264061
147		0.264061
147.1		0.268967
147.2		0.268967
147.3		0.268967
147.4		0.268967
147.5		0.268967
147.6		0.268967
147.7		0.268967
147.8		0.268967
147.9		0.268967
148		0.268967
148.1		0.269516
148.2		0.269516
148.3		0.269516
148.4		0.269516
148.5		0.269516
148.6		0.269516
148.7		0.269516
148.8		0.269516
148.9		0.269516
149		0.269516
149.1		0.270497
149.2		0.270497
149.3		0.270497
149.4		0.270497
149.5		0.270497
149.6		0.270497
149.7		0.270497
149.8		0.270497
149.9		0.270497
150		0.270497
150.1		0.273009
150.2		0.273009
150.3		0.273009
150.4		0.273009
150.5		0.273009
150.6		0.273009
150.7		0.273009
150.8		0.273009
150.9		0.273009
151		0.273009
151.1		0.275325
151.2		0.275325
151.3		0.275325
151.4		0.275325
151.5		0.275325
151.6		0.275325
151.7		0.275325
151.8		0.275325
151.9		0.275325
152		0.275325
152.1		0.275521
152.2		0.275521
152.3		0.275521
152.4		0.275521
152.5		0.275521
152.6		0.275521
152.7		0.275521
152.8		0.275521
152.9		0.275521
153		0.275521
153.1		0.277758
153.2		0.277758
153.3		0.277758
153.4		0.277758
153.5		0.277758
153.6		0.277758
153.7		0.277758
153.8		0.277758
153.9		0.277758
154		0.277758
154.1		0.278857
154.2		0.278857
154.3		0.278857
154.4		0.278857
154.5		0.278857
154.6		0.278857
154.7		0.278857
154.8		0.278857
154.9		0.278857
155		0.278857
155.1		0.28235
155.2		0.28235
155.3		0.28235
155.4		0.28235
155.5		0.28235
155.6		0.28235
155.7		0.28235
155.8		0.28235
155.9		0.28235
156		0.28235
156.1		0.282468
156.2		0.282468
156.3		0.282468
156.4		0.282468
156.5		0.282468
156.6		0.282468
156.7		0.282468
156.8		0.282468
156.9		0.282468
157		0.282468
157.1		0.286314
157.2		0.286314
157.3		0.286314
157.4		0.286314
157.5		0.286314
157.6		0.286314
157.7		0.286314
157.8		0.286314
157.9		0.286314
158		0.286314
158.1		0.286746
158.2		0.286746
158.3		0.286746
158.4		0.286746
158.5		0.286746
158.6		0.286746
158.7		0.286746
158.8		0.286746
158.9		0.286746
159		0.286746
159.1		0.289454
159.2		0.289454
159.3		0.289454
159.4		0.289454
159.5		0.289454
159.6		0.289454
159.7		0.289454
159.8		0.289454
159.9		0.289454
160		0.289454
160.1		0.290749
160.2		0.290749
160.3		0.290749
160.4		0.290749
160.5		0.290749
160.6		0.290749
160.7		0.290749
160.8		0.290749
160.9		0.290749
161		0.290749
161.1		0.291613
161.2		0.291613
161.3		0.291613
161.4		0.291613
161.5		0.291613
161.6		0.291613
161.7		0.291613
161.8		0.291613
161.9		0.291613
162		0.291613
162.1		0.298167
162.2		0.298167
162.3		0.298167
162.4		0.298167
162.5		0.298167
162.6		0.298167
162.7		0.298167
162.8		0.298167
162.9		0.298167
163		0.298167
163.1		0.298913
163.2		0.298913
163.3		0.298913
163.4		0.298913
163.5		0.298913
163.6		0.298913
163.7		0.298913
163.8		0.298913
163.9		0.298913
164		0.298913
164.1		0.299031
164.2		0.299031
164.3		0.299031
164.4		0.299031
164.5		0.299031
164.6		0.299031
164.7		0.299031
164.8		0.299031
164.9		0.299031
165		0.299031
165.1		0.305036
165.2		0.305036
165.3		0.305036
165.4		0.305036
165.5		0.305036
165.6		0.305036
165.7		0.305036
165.8		0.305036
165.9		0.305036
166		0.305036
166.1		0.305153
166.2		0.305153
166.3		0.305153
166.4		0.305153
166.5		0.305153
166.6		0.305153
166.7		0.305153
166.8		0.305153
166.9		0.305153
167		0.305153
167.1		0.305271
167.2		0.305271
167.3		0.305271
167.4		0.305271
167.5		0.305271
167.6		0.305271
167.7		0.305271
167.8		0.305271
167.9		0.305271
168		0.305271
168.1		0.307979
168.2		0.307979
168.3		0.307979
168.4		0.307979
168.5		0.307979
168.6		0.307979
168.7		0.307979
168.8		0.307979
168.9		0.307979
169		0.307979
169.1		0.310138
169.2		0.310138
169.3		0.310138
169.4		0.310138
169.5		0.310138
169.6		0.310138
169.7		0.310138
169.8		0.310138
169.9		0.310138
170		0.310138
170.1		0.313278
170.2		0.313278
170.3		0.313278
170.4		0.313278
170.5		0.313278
170.6		0.313278
170.7		0.313278
170.8		0.313278
170.9		0.313278
171		0.313278
171.1		0.313709
171.2		0.313709
171.3		0.313709
171.4		0.313709
171.5		0.313709
171.6		0.313709
171.7		0.313709
171.8		0.313709
171.9		0.313709
172		0.313709
172.1		0.316967
172.2		0.316967
172.3		0.316967
172.4		0.316967
172.5		0.316967
172.6		0.316967
172.7		0.316967
172.8		0.316967
172.9		0.316967
173		0.316967
173.1		0.317477
173.2		0.317477
173.3		0.317477
173.4		0.317477
173.5		0.317477
173.6		0.317477
173.7		0.317477
173.8		0.317477
173.9		0.317477
174		0.317477
174.1		0.320578
174.2		0.320578
174.3		0.320578
174.4		0.320578
174.5		0.320578
174.6		0.320578
174.7		0.320578
174.8		0.320578
174.9		0.320578
175		0.320578
175.1		0.323325
175.2		0.323325
175.3		0.323325
175.4		0.323325
175.5		0.323325
175.6		0.323325
175.7		0.323325
175.8		0.323325
175.9		0.323325
176		0.323325
176.1		0.323796
176.2		0.323796
176.3		0.323796
176.4		0.323796
176.5		0.323796
176.6		0.323796
176.7		0.323796
176.8		0.323796
176.9		0.323796
177		0.323796
177.1		0.324385
177.2		0.324385
177.3		0.324385
177.4		0.324385
177.5		0.324385
177.6		0.324385
177.7		0.324385
177.8		0.324385
177.9		0.324385
178		0.324385
178.1		0.327171
178.2		0.327171
178.3		0.327171
178.4		0.327171
178.5		0.327171
178.6		0.327171
178.7		0.327171
178.8		0.327171
178.9		0.327171
179		0.327171
179.1		0.331292
179.2		0.331292
179.3		0.331292
179.4		0.331292
179.5		0.331292
179.6		0.331292
179.7		0.331292
179.8		0.331292
179.9		0.331292
180		0.331292
180.1		0.33192
180.2		0.33192
180.3		0.33192
180.4		0.33192
180.5		0.33192
180.6		0.33192
180.7		0.33192
180.8		0.33192
180.9		0.33192
181		0.33192
181.1		0.335845
181.2		0.335845
181.3		0.335845
181.4		0.335845
181.5		0.335845
181.6		0.335845
181.7		0.335845
181.8		0.335845
181.9		0.335845
182		0.335845
182.1		0.337965
182.2		0.337965
182.3		0.337965
182.4		0.337965
182.5		0.337965
182.6		0.337965
182.7		0.337965
182.8		0.337965
182.9		0.337965
183		0.337965
183.1		0.338396
183.2		0.338396
183.3		0.338396
183.4		0.338396
183.5		0.338396
183.6		0.338396
183.7		0.338396
183.8		0.338396
183.9		0.338396
184		0.338396
184.1		0.339024
184.2		0.339024
184.3		0.339024
184.4		0.339024
184.5		0.339024
184.6		0.339024
184.7		0.339024
184.8		0.339024
184.9		0.339024
185		0.339024
185.1		0.340005
185.2		0.340005
185.3		0.340005
185.4		0.340005
185.5		0.340005
185.6		0.340005
185.7		0.340005
185.8		0.340005
185.9		0.340005
186		0.340005
186.1		0.340908
186.2		0.340908
186.3		0.340908
186.4		0.340908
186.5		0.340908
186.6		0.340908
186.7		0.340908
186.8		0.340908
186.9		0.340908
187		0.340908
187.1		0.347934
187.2		0.347934
187.3		0.347934
187.4		0.347934
187.5		0.347934
187.6		0.347934
187.7		0.347934
187.8		0.347934
187.9		0.347934
188		0.347934
188.1		0.349464
188.2		0.349464
188.3		0.349464
188.4		0.349464
188.5		0.349464
188.6		0.349464
188.7		0.349464
188.8		0.349464
188.9		0.349464
189		0.349464
189.1		0.349857
189.2		0.349857
189.3		0.349857
189.4		0.349857
189.5		0.349857
189.6		0.349857
189.7		0.349857
189.8		0.349857
189.9		0.349857
190		0.349857
190.1		0.350053
190.2		0.350053
190.3		0.350053
190.4		0.350053
190.5		0.350053
190.6		0.350053
190.7		0.350053
190.8		0.350053
190.9		0.350053
191		0.350053
191.1		0.351309
191.2		0.351309
191.3		0.351309
191.4		0.351309
191.5		0.351309
191.6		0.351309
191.7		0.351309
191.8		0.351309
191.9		0.351309
192		0.351309
192.1		0.356058
192.2		0.356058
192.3		0.356058
192.4		0.356058
192.5		0.356058
192.6		0.356058
192.7		0.356058
192.8		0.356058
192.9		0.356058
193		0.356058
193.1		0.356607
193.2		0.356607
193.3		0.356607
193.4		0.356607
193.5		0.356607
193.6		0.356607
193.7		0.356607
193.8		0.356607
193.9		0.356607
194		0.356607
194.1		0.357824
194.2		0.357824
194.3		0.357824
194.4		0.357824
194.5		0.357824
194.6		0.357824
194.7		0.357824
194.8		0.357824
194.9		0.357824
195		0.357824
195.1		0.359983
195.2		0.359983
195.3		0.359983
195.4		0.359983
195.5		0.359983
195.6		0.359983
195.7		0.359983
195.8		0.359983
195.9		0.359983
196		0.359983
196.1		0.362298
196.2		0.362298
196.3		0.362298
196.4		0.362298
196.5		0.362298
196.6		0.362298
196.7		0.362298
196.8		0.362298
196.9		0.362298
197		0.362298
197.1		0.364457
197.2		0.364457
197.3		0.364457
197.4		0.364457
197.5		0.364457
197.6		0.364457
197.7		0.364457
197.8		0.364457
197.9		0.364457
198		0.364457
198.1		0.366655
198.2		0.366655
198.3		0.366655
198.4		0.366655
198.5		0.366655
198.6		0.366655
198.7		0.366655
198.8		0.366655
198.9		0.366655
199		0.366655
199.1		0.36689
199.2		0.36689
199.3		0.36689
199.4		0.36689
199.5		0.36689
199.6		0.36689
199.7		0.36689
199.8		0.36689
199.9		0.36689
200		0.36689
200.1		0.36689
200.2		0.36689
200.3		0.36689
200.4		0.36689
200.5		0.36689
200.6		0.36689
200.7		0.36689
200.8		0.36689
200.9		0.36689
201		0.36689
201.1		0.374661
201.2		0.374661
201.3		0.374661
201.4		0.374661
201.5		0.374661
201.6		0.374661
201.7		0.374661
201.8		0.374661
201.9		0.374661
202		0.374661
202.1		0.376506
202.2		0.376506
202.3		0.376506
202.4		0.376506
202.5		0.376506
202.6		0.376506
202.7		0.376506
202.8		0.376506
202.9		0.376506
203		0.376506
203.1		0.377958
203.2		0.377958
203.3		0.377958
203.4		0.377958
203.5		0.377958
203.6		0.377958
203.7		0.377958
203.8		0.377958
203.9		0.377958
204		0.377958
204.1		0.378312
204.2		0.378312
204.3		0.378312
204.4		0.378312
204.5		0.378312
204.6		0.378312
204.7		0.378312
204.8		0.378312
204.9		0.378312
205		0.378312
205.1		0.379332
205.2		0.379332
205.3		0.379332
205.4		0.379332
205.5		0.379332
205.6		0.379332
205.7		0.379332
205.8		0.379332
205.9		0.379332
206		0.379332
206.1		0.382393
206.2		0.382393
206.3		0.382393
206.4		0.382393
206.5		0.382393
206.6		0.382393
206.7		0.382393
206.8		0.382393
206.9		0.382393
207		0.382393
207.1		0.385141
207.2		0.385141
207.3		0.385141
207.4		0.385141
207.5		0.385141
207.6		0.385141
207.7		0.385141
207.8		0.385141
207.9		0.385141
208		0.385141
208.1		0.387299
208.2		0.387299
208.3		0.387299
208.4		0.387299
208.5		0.387299
208.6		0.387299
208.7		0.387299
208.8		0.387299
208.9		0.387299
209		0.387299
209.1		0.388712
209.2		0.388712
209.3		0.388712
209.4		0.388712
209.5		0.388712
209.6		0.388712
209.7		0.388712
209.8		0.388712
209.9		0.388712
210		0.388712
210.1		0.389458
210.2		0.389458
210.3		0.389458
210.4		0.389458
210.5		0.389458
210.6		0.389458
210.7		0.389458
210.8		0.389458
210.9		0.389458
211		0.389458
211.1		0.391185
211.2		0.391185
211.3		0.391185
211.4		0.391185
211.5		0.391185
211.6		0.391185
211.7		0.391185
211.8		0.391185
211.9		0.391185
212		0.391185
212.1		0.394011
212.2		0.394011
212.3		0.394011
212.4		0.394011
212.5		0.394011
212.6		0.394011
212.7		0.394011
212.8		0.394011
212.9		0.394011
213		0.394011
213.1		0.394678
213.2		0.394678
213.3		0.394678
213.4		0.394678
213.5		0.394678
213.6		0.394678
213.7		0.394678
213.8		0.394678
213.9		0.394678
214		0.394678
214.1		0.399741
214.2		0.399741
214.3		0.399741
214.4		0.399741
214.5		0.399741
214.6		0.399741
214.7		0.399741
214.8		0.399741
214.9		0.399741
215		0.399741
215.1		0.400408
215.2		0.400408
215.3		0.400408
215.4		0.400408
215.5		0.400408
215.6		0.400408
215.7		0.400408
215.8		0.400408
215.9		0.400408
216		0.400408
216.1		0.401272
216.2		0.401272
216.3		0.401272
216.4		0.401272
216.5		0.401272
216.6		0.401272
216.7		0.401272
216.8		0.401272
216.9		0.401272
217		0.401272
217.1		0.401507
217.2		0.401507
217.3		0.401507
217.4		0.401507
217.5		0.401507
217.6		0.401507
217.7		0.401507
217.8		0.401507
217.9		0.401507
218		0.401507
218.1		0.406963
218.2		0.406963
218.3		0.406963
218.4		0.406963
218.5		0.406963
218.6		0.406963
218.7		0.406963
218.8		0.406963
218.9		0.406963
219		0.406963
219.1		0.407591
219.2		0.407591
219.3		0.407591
219.4		0.407591
219.5		0.407591
219.6		0.407591
219.7		0.407591
219.8		0.407591
219.9		0.407591
220		0.407591
220.1		0.408376
220.2		0.408376
220.3		0.408376
220.4		0.408376
220.5		0.408376
220.6		0.408376
220.7		0.408376
220.8		0.408376
220.9		0.408376
221		0.408376
221.1		0.411201
221.2		0.411201
221.3		0.411201
221.4		0.411201
221.5		0.411201
221.6		0.411201
221.7		0.411201
221.8		0.411201
221.9		0.411201
222		0.411201
222.1		0.412811
222.2		0.412811
222.3		0.412811
222.4		0.412811
222.5		0.412811
222.6		0.412811
222.7		0.412811
222.8		0.412811
222.9		0.412811
223		0.412811
223.1		0.414498
223.2		0.414498
223.3		0.414498
223.4		0.414498
223.5		0.414498
223.6		0.414498
223.7		0.414498
223.8		0.414498
223.9		0.414498
224		0.414498
224.1		0.417128
224.2		0.417128
224.3		0.417128
224.4		0.417128
224.5		0.417128
224.6		0.417128
224.7		0.417128
224.8		0.417128
224.9		0.417128
225		0.417128
225.1		0.418933
225.2		0.418933
225.3		0.418933
225.4		0.418933
225.5		0.418933
225.6		0.418933
225.7		0.418933
225.8		0.418933
225.9		0.418933
226		0.418933
226.1		0.423565
226.2		0.423565
226.3		0.423565
226.4		0.423565
226.5		0.423565
226.6		0.423565
226.7		0.423565
226.8		0.423565
226.9		0.423565
227		0.423565
227.1		0.424663
227.2		0.424663
227.3		0.424663
227.4		0.424663
227.5		0.424663
227.6		0.424663
227.7		0.424663
227.8		0.424663
227.9		0.424663
228		0.424663
228.1		0.428
228.2		0.428
228.3		0.428
228.4		0.428
228.5		0.428
228.6		0.428
228.7		0.428
228.8		0.428
228.9		0.428
229		0.428
229.1		0.428392
229.2		0.428392
229.3		0.428392
229.4		0.428392
229.5		0.428392
229.6		0.428392
229.7		0.428392
229.8		0.428392
229.9		0.428392
230		0.428392
230.1		0.429216
230.2		0.429216
230.3		0.429216
230.4		0.429216
230.5		0.429216
230.6		0.429216
230.7		0.429216
230.8		0.429216
230.9		0.429216
231		0.429216
231.1		0.432238
231.2		0.432238
231.3		0.432238
231.4		0.432238
231.5		0.432238
231.6		0.432238
231.7		0.432238
231.8		0.432238
231.9		0.432238
232		0.432238
232.1		0.436595
232.2		0.436595
232.3		0.436595
232.4		0.436595
232.5		0.436595
232.6		0.436595
232.7		0.436595
232.8		0.436595
232.9		0.436595
233		0.436595
233.1		0.436595
233.2		0.436595
233.3		0.436595
233.4		0.436595
233.5		0.436595
233.6		0.436595
233.7		0.436595
233.8		0.436595
233.9		0.436595
234		0.436595
234.1		0.439067
234.2		0.439067
234.3		0.439067
234.4		0.439067
234.5		0.439067
234.6		0.439067
234.7		0.439067
234.8		0.439067
234.9		0.439067
235		0.439067
235.1		0.439735
235.2		0.439735
235.3		0.439735
235.4		0.439735
235.5		0.439735
235.6		0.439735
235.7		0.439735
235.8		0.439735
235.9		0.439735
236		0.439735
236.1		0.441776
236.2		0.441776
236.3		0.441776
236.4		0.441776
236.5		0.441776
236.6		0.441776
236.7		0.441776
236.8		0.441776
236.9		0.441776
237		0.441776
237.1		0.444366
237.2		0.444366
237.3		0.444366
237.4		0.444366
237.5		0.444366
237.6		0.444366
237.7		0.444366
237.8		0.444366
237.9		0.444366
238		0.444366
238.1		0.446368
238.2		0.446368
238.3		0.446368
238.4		0.446368
238.5		0.446368
238.6		0.446368
238.7		0.446368
238.8		0.446368
238.9		0.446368
239		0.446368
239.1		0.446564
239.2		0.446564
239.3		0.446564
239.4		0.446564
239.5		0.446564
239.6		0.446564
239.7		0.446564
239.8		0.446564
239.9		0.446564
240		0.446564
240.1		0.451509
240.2		0.451509
240.3		0.451509
240.4		0.451509
240.5		0.451509
240.6		0.451509
240.7		0.451509
240.8		0.451509
240.9		0.451509
241		0.451509
241.1		0.452216
241.2		0.452216
241.3		0.452216
241.4		0.452216
241.5		0.452216
241.6		0.452216
241.7		0.452216
241.8		0.452216
241.9		0.452216
242		0.452216
242.1		0.453079
242.2		0.453079
242.3		0.453079
242.4		0.453079
242.5		0.453079
242.6		0.453079
242.7		0.453079
242.8		0.453079
242.9		0.453079
243		0.453079
243.1		0.456415
243.2		0.456415
243.3		0.456415
243.4		0.456415
243.5		0.456415
243.6		0.456415
243.7		0.456415
243.8		0.456415
243.9		0.456415
244		0.456415
244.1		0.457985
244.2		0.457985
244.3		0.457985
244.4		0.457985
244.5		0.457985
244.6		0.457985
244.7		0.457985
244.8		0.457985
244.9		0.457985
245		0.457985
245.1		0.459359
245.2		0.459359
245.3		0.459359
245.4		0.459359
245.5		0.459359
245.6		0.459359
245.7		0.459359
245.8		0.459359
245.9		0.459359
246		0.459359
246.1		0.461792
246.2		0.461792
246.3		0.461792
246.4		0.461792
246.5		0.461792
246.6		0.461792
246.7		0.461792
246.8		0.461792
246.9		0.461792
247		0.461792
247.1		0.462852
247.2		0.462852
247.3		0.462852
247.4		0.462852
247.5		0.462852
247.6		0.462852
247.7		0.462852
247.8		0.462852
247.9		0.462852
248		0.462852
248.1		0.46399
248.2		0.46399
248.3		0.46399
248.4		0.46399
248.5		0.46399
248.6		0.46399
248.7		0.46399
248.8		0.46399
248.9		0.46399
249		0.46399
249.1		0.467719
249.2		0.467719
249.3		0.467719
249.4		0.467719
249.5		0.467719
249.6		0.467719
249.7		0.467719
249.8		0.467719
249.9		0.467719
250		0.467719
250.1		0.468111
250.2		0.468111
250.3		0.468111
250.4		0.468111
250.5		0.468111
250.6		0.468111
250.7		0.468111
250.8		0.468111
250.9		0.468111
251		0.468111
251.1		0.468268
251.2		0.468268
251.3		0.468268
251.4		0.468268
251.5		0.468268
251.6		0.468268
251.7		0.468268
251.8		0.468268
251.9		0.468268
252		0.468268
252.1		0.47078
252.2		0.47078
252.3		0.47078
252.4		0.47078
252.5		0.47078
252.6		0.47078
252.7		0.47078
252.8		0.47078
252.9		0.47078
253		0.47078
253.1		0.47392
253.2		0.47392
253.3		0.47392
253.4		0.47392
253.5		0.47392
253.6		0.47392
253.7		0.47392
253.8		0.47392
253.9		0.47392
254		0.47392
254.1		0.475764
254.2		0.475764
254.3		0.475764
254.4		0.475764
254.5		0.475764
254.6		0.475764
254.7		0.475764
254.8		0.475764
254.9		0.475764
255		0.475764
255.1		0.476863
255.2		0.476863
255.3		0.476863
255.4		0.476863
255.5		0.476863
255.6		0.476863
255.7		0.476863
255.8		0.476863
255.9		0.476863
256		0.476863
256.1		0.478119
256.2		0.478119
256.3		0.478119
256.4		0.478119
256.5		0.478119
256.6		0.478119
256.7		0.478119
256.8		0.478119
256.9		0.478119
257		0.478119
257.1		0.481534
257.2		0.481534
257.3		0.481534
257.4		0.481534
257.5		0.481534
257.6		0.481534
257.7		0.481534
257.8		0.481534
257.9		0.481534
258		0.481534
258.1		0.483025
258.2		0.483025
258.3		0.483025
258.4		0.483025
258.5		0.483025
258.6		0.483025
258.7		0.483025
258.8		0.483025
258.9		0.483025
259		0.483025
259.1		0.486989
259.2		0.486989
259.3		0.486989
259.4		0.486989
259.5		0.486989
259.6		0.486989
259.7		0.486989
259.8		0.486989
259.9		0.486989
260		0.486989
260.1		0.48746
260.2		0.48746
260.3		0.48746
260.4		0.48746
260.5		0.48746
260.6		0.48746
260.7		0.48746
260.8		0.48746
260.9		0.48746
261		0.48746
261.1		0.488245
261.2		0.488245
261.3		0.488245
261.4		0.488245
261.5		0.488245
261.6		0.488245
261.7		0.488245
261.8		0.488245
261.9		0.488245
262		0.488245
262.1		0.488363
262.2		0.488363
262.3		0.488363
262.4		0.488363
262.5		0.488363
262.6		0.488363
262.7		0.488363
262.8		0.488363
262.9		0.488363
263		0.488363
263.1		0.492798
263.2		0.492798
263.3		0.492798
263.4		0.492798
263.5		0.492798
263.6		0.492798
263.7		0.492798
263.8		0.492798
263.9		0.492798
264		0.492798
264.1		0.496095
264.2		0.496095
264.3		0.496095
264.4		0.496095
264.5		0.496095
264.6		0.496095
264.7		0.496095
264.8		0.496095
264.9		0.496095
265		0.496095
265.1		0.499274
265.2		0.499274
265.3		0.499274
265.4		0.499274
265.5		0.499274
265.6		0.499274
265.7		0.499274
265.8		0.499274
265.9		0.499274
266		0.499274
266.1		0.499863
266.2		0.499863
266.3		0.499863
266.4		0.499863
266.5		0.499863
266.6		0.499863
266.7		0.499863
266.8		0.499863
266.9		0.499863
267		0.499863
267.1		0.500177
267.2		0.500177
267.3		0.500177
267.4		0.500177
267.5		0.500177
267.6		0.500177
267.7		0.500177
267.8		0.500177
267.9		0.500177
268		0.500177
268.1		0.5021
268.2		0.5021
268.3		0.5021
268.4		0.5021
268.5		0.5021
268.6		0.5021
268.7		0.5021
268.8		0.5021
268.9		0.5021
269		0.5021
269.1		0.504101
269.2		0.504101
269.3		0.504101
269.4		0.504101
269.5		0.504101
269.6		0.504101
269.7		0.504101
269.8		0.504101
269.9		0.504101
270		0.504101
270.1		0.507516
270.2		0.507516
270.3		0.507516
270.4		0.507516
270.5		0.507516
270.6		0.507516
270.7		0.507516
270.8		0.507516
270.9		0.507516
271		0.507516
271.1		0.509596
271.2		0.509596
271.3		0.509596
271.4		0.509596
271.5		0.509596
271.6		0.509596
271.7		0.509596
271.8		0.509596
271.9		0.509596
272		0.509596
272.1		0.510067
272.2		0.510067
272.3		0.510067
272.4		0.510067
272.5		0.510067
272.6		0.510067
272.7		0.510067
272.8		0.510067
272.9		0.510067
273		0.510067
273.1		0.513089
273.2		0.513089
273.3		0.513089
273.4		0.513089
273.5		0.513089
273.6		0.513089
273.7		0.513089
273.8		0.513089
273.9		0.513089
274		0.513089
274.1		0.513953
274.2		0.513953
274.3		0.513953
274.4		0.513953
274.5		0.513953
274.6		0.513953
274.7		0.513953
274.8		0.513953
274.9		0.513953
275		0.513953
275.1		0.514267
275.2		0.514267
275.3		0.514267
275.4		0.514267
275.5		0.514267
275.6		0.514267
275.7		0.514267
275.8		0.514267
275.9		0.514267
276		0.514267
276.1		0.517603
276.2		0.517603
276.3		0.517603
276.4		0.517603
276.5		0.517603
276.6		0.517603
276.7		0.517603
276.8		0.517603
276.9		0.517603
277		0.517603
277.1		0.518741
277.2		0.518741
277.3		0.518741
277.4		0.518741
277.5		0.518741
277.6		0.518741
277.7		0.518741
277.8		0.518741
277.9		0.518741
278		0.518741
278.1		0.519761
278.2		0.519761
278.3		0.519761
278.4		0.519761
278.5		0.519761
278.6		0.519761
278.7		0.519761
278.8		0.519761
278.9		0.519761
279		0.519761
279.1		0.523882
279.2		0.523882
279.3		0.523882
279.4		0.523882
279.5		0.523882
279.6		0.523882
279.7		0.523882
279.8		0.523882
279.9		0.523882
280		0.523882
280.1		0.525727
280.2		0.525727
280.3		0.525727
280.4		0.525727
280.5		0.525727
280.6		0.525727
280.7		0.525727
280.8		0.525727
280.9		0.525727
281		0.525727
281.1		0.526473
281.2		0.526473
281.3		0.526473
281.4		0.526473
281.5		0.526473
281.6		0.526473
281.7		0.526473
281.8		0.526473
281.9		0.526473
282		0.526473
282.1		0.530437
282.2		0.530437
282.3		0.530437
282.4		0.530437
282.5		0.530437
282.6		0.530437
282.7		0.530437
282.8		0.530437
282.9		0.530437
283		0.530437
283.1		0.531928
283.2		0.531928
283.3		0.531928
283.4		0.531928
283.5		0.531928
283.6		0.531928
283.7		0.531928
283.8		0.531928
283.9		0.531928
284		0.531928
284.1		0.536717
284.2		0.536717
284.3		0.536717
284.4		0.536717
284.5		0.536717
284.6		0.536717
284.7		0.536717
284.8		0.536717
284.9		0.536717
285		0.536717
285.1		0.538247
285.2		0.538247
285.3		0.538247
285.4		0.538247
285.5		0.538247
285.6		0.538247
285.7		0.538247
285.8		0.538247
285.9		0.538247
286		0.538247
286.1		0.540602
286.2		0.540602
286.3		0.540602
286.4		0.540602
286.5		0.540602
286.6		0.540602
286.7		0.540602
286.8		0.540602
286.9		0.540602
287		0.540602
287.1		0.542407
287.2		0.542407
287.3		0.542407
287.4		0.542407
287.5		0.542407
287.6		0.542407
287.7		0.542407
287.8		0.542407
287.9		0.542407
288		0.542407
288.1		0.5428
288.2		0.5428
288.3		0.5428
288.4		0.5428
288.5		0.5428
288.6		0.5428
288.7		0.5428
288.8		0.5428
288.9		0.5428
289		0.5428
289.1		0.548648
289.2		0.548648
289.3		0.548648
289.4		0.548648
289.5		0.548648
289.6		0.548648
289.7		0.548648
289.8		0.548648
289.9		0.548648
290		0.548648
290.1		0.548648
290.2		0.548648
290.3		0.548648
290.4		0.548648
290.5		0.548648
290.6		0.548648
290.7		0.548648
290.8		0.548648
290.9		0.548648
291		0.548648
291.1		0.551827
291.2		0.551827
291.3		0.551827
291.4		0.551827
291.5		0.551827
291.6		0.551827
291.7		0.551827
291.8		0.551827
291.9		0.551827
292		0.551827
292.1		0.552259
292.2		0.552259
292.3		0.552259
292.4		0.552259
292.5		0.552259
292.6		0.552259
292.7		0.552259
292.8		0.552259
292.9		0.552259
293		0.552259
293.1		0.552965
293.2		0.552965
293.3		0.552965
293.4		0.552965
293.5		0.552965
293.6		0.552965
293.7		0.552965
293.8		0.552965
293.9		0.552965
294		0.552965
294.1		0.557989
294.2		0.557989
294.3		0.557989
294.4		0.557989
294.5		0.557989
294.6		0.557989
294.7		0.557989
294.8		0.557989
294.9		0.557989
295		0.557989
295.1		0.55846
295.2		0.55846
295.3		0.55846
295.4		0.55846
295.5		0.55846
295.6		0.55846
295.7		0.55846
295.8		0.55846
295.9		0.55846
296		0.55846
296.1		0.563209
296.2		0.563209
296.3		0.563209
296.4		0.563209
296.5		0.563209
296.6		0.563209
296.7		0.563209
296.8		0.563209
296.9		0.563209
297		0.563209
297.1		0.564661
297.2		0.564661
297.3		0.564661
297.4		0.564661
297.5		0.564661
297.6		0.564661
297.7		0.564661
297.8		0.564661
297.9		0.564661
298		0.564661
298.1		0.569253
298.2		0.569253
298.3		0.569253
298.4		0.569253
298.5		0.569253
298.6		0.569253
298.7		0.569253
298.8		0.569253
298.9		0.569253
299		0.569253
299.1		0.571373
299.2		0.571373
299.3		0.571373
299.4		0.571373
299.5		0.571373
299.6		0.571373
299.7		0.571373
299.8		0.571373
299.9		0.571373
300		0.571373
300.1		0.577534
300.2		0.577534
300.3		0.577534
300.4		0.577534
300.5		0.577534
300.6		0.577534
300.7		0.577534
300.8		0.577534
300.9		0.577534
301		0.577534
301.1		0.577731
301.2		0.577731
301.3		0.577731
301.4		0.577731
301.5		0.577731
301.6		0.577731
301.7		0.577731
301.8		0.577731
301.9		0.577731
302		0.577731
302.1		0.580478
302.2		0.580478
302.3		0.580478
302.4		0.580478
302.5		0.580478
302.6		0.580478
302.7		0.580478
302.8		0.580478
302.9		0.580478
303		0.580478
303.1		0.584167
303.2		0.584167
303.3		0.584167
303.4		0.584167
303.5		0.584167
303.6		0.584167
303.7		0.584167
303.8		0.584167
303.9		0.584167
304		0.584167
304.1		0.585109
304.2		0.585109
304.3		0.585109
304.4		0.585109
304.5		0.585109
304.6		0.585109
304.7		0.585109
304.8		0.585109
304.9		0.585109
305		0.585109
305.1		0.587072
305.2		0.587072
305.3		0.587072
305.4		0.587072
305.5		0.587072
305.6		0.587072
305.7		0.587072
305.8		0.587072
305.9		0.587072
306		0.587072
306.1		0.588956
306.2		0.588956
306.3		0.588956
306.4		0.588956
306.5		0.588956
306.6		0.588956
306.7		0.588956
306.8		0.588956
306.9		0.588956
307		0.588956
307.1		0.589466
307.2		0.589466
307.3		0.589466
307.4		0.589466
307.5		0.589466
307.6		0.589466
307.7		0.589466
307.8		0.589466
307.9		0.589466
308		0.589466
308.1		0.592331
308.2		0.592331
308.3		0.592331
308.4		0.592331
308.5		0.592331
308.6		0.592331
308.7		0.592331
308.8		0.592331
308.9		0.592331
309		0.592331
309.1		0.595078
309.2		0.595078
309.3		0.595078
309.4		0.595078
309.5		0.595078
309.6		0.595078
309.7		0.595078
309.8		0.595078
309.9		0.595078
310		0.595078
310.1		0.595628
310.2		0.595628
310.3		0.595628
310.4		0.595628
310.5		0.595628
310.6		0.595628
310.7		0.595628
310.8		0.595628
310.9		0.595628
311		0.595628
311.1		0.596177
311.2		0.596177
311.3		0.596177
311.4		0.596177
311.5		0.596177
311.6		0.596177
311.7		0.596177
311.8		0.596177
311.9		0.596177
312		0.596177
312.1		0.602104
312.2		0.602104
312.3		0.602104
312.4		0.602104
312.5		0.602104
312.6		0.602104
312.7		0.602104
312.8		0.602104
312.9		0.602104
313		0.602104
313.1		0.603595
313.2		0.603595
313.3		0.603595
313.4		0.603595
313.5		0.603595
313.6		0.603595
313.7		0.603595
313.8		0.603595
313.9		0.603595
314		0.603595
314.1		0.60544
314.2		0.60544
314.3		0.60544
314.4		0.60544
314.5		0.60544
314.6		0.60544
314.7		0.60544
314.8		0.60544
314.9		0.60544
315		0.60544
315.1		0.608619
315.2		0.608619
315.3		0.608619
315.4		0.608619
315.5		0.608619
315.6		0.608619
315.7		0.608619
315.8		0.608619
315.9		0.608619
316		0.608619
316.1		0.609051
316.2		0.609051
316.3		0.609051
316.4		0.609051
316.5		0.609051
316.6		0.609051
316.7		0.609051
316.8		0.609051
316.9		0.609051
317		0.609051
317.1		0.613015
317.2		0.613015
317.3		0.613015
317.4		0.613015
317.5		0.613015
317.6		0.613015
317.7		0.613015
317.8		0.613015
317.9		0.613015
318		0.613015
318.1		0.614114
318.2		0.614114
318.3		0.614114
318.4		0.614114
318.5		0.614114
318.6		0.614114
318.7		0.614114
318.8		0.614114
318.9		0.614114
319		0.614114
319.1		0.618235
319.2		0.618235
319.3		0.618235
319.4		0.618235
319.5		0.618235
319.6		0.618235
319.7		0.618235
319.8		0.618235
319.9		0.618235
320		0.618235
320.1		0.618941
320.2		0.618941
320.3		0.618941
320.4		0.618941
320.5		0.618941
320.6		0.618941
320.7		0.618941
320.8		0.618941
320.9		0.618941
321		0.618941
321.1		0.619451
321.2		0.619451
321.3		0.619451
321.4		0.619451
321.5		0.619451
321.6		0.619451
321.7		0.619451
321.8		0.619451
321.9		0.619451
322		0.619451
322.1		0.619765
322.2		0.619765
322.3		0.619765
322.4		0.619765
322.5		0.619765
322.6		0.619765
322.7		0.619765
322.8		0.619765
322.9		0.619765
323		0.619765
323.1		0.6242
323.2		0.6242
323.3		0.6242
323.4		0.6242
323.5		0.6242
323.6		0.6242
323.7		0.6242
323.8		0.6242
323.9		0.6242
324		0.6242
324.1		0.625927
324.2		0.625927
324.3		0.625927
324.4		0.625927
324.5		0.625927
324.6		0.625927
324.7		0.625927
324.8		0.625927
324.9		0.625927
325		0.625927
325.1		0.628243
325.2		0.628243
325.3		0.628243
325.4		0.628243
325.5		0.628243
325.6		0.628243
325.7		0.628243
325.8		0.628243
325.9		0.628243
326		0.628243
326.1		0.629577
326.2		0.629577
326.3		0.629577
326.4		0.629577
326.5		0.629577
326.6		0.629577
326.7		0.629577
326.8		0.629577
326.9		0.629577
327		0.629577
327.1		0.629813
327.2		0.629813
327.3		0.629813
327.4		0.629813
327.5		0.629813
327.6		0.629813
327.7		0.629813
327.8		0.629813
327.9		0.629813
328		0.629813
328.1		0.63256
328.2		0.63256
328.3		0.63256
328.4		0.63256
328.5		0.63256
328.6		0.63256
328.7		0.63256
328.8		0.63256
328.9		0.63256
329		0.63256
329.1		0.635151
329.2		0.635151
329.3		0.635151
329.4		0.635151
329.5		0.635151
329.6		0.635151
329.7		0.635151
329.8		0.635151
329.9		0.635151
330		0.635151
330.1		0.636446
330.2		0.636446
330.3		0.636446
330.4		0.636446
330.5		0.636446
330.6		0.636446
330.7		0.636446
330.8		0.636446
330.9		0.636446
331		0.636446
331.1		0.640292
331.2		0.640292
331.3		0.640292
331.4		0.640292
331.5		0.640292
331.6		0.640292
331.7		0.640292
331.8		0.640292
331.9		0.640292
332		0.640292
332.1		0.641234
332.2		0.641234
332.3		0.641234
332.4		0.641234
332.5		0.641234
332.6		0.641234
332.7		0.641234
332.8		0.641234
332.9		0.641234
333		0.641234
333.1		0.643864
333.2		0.643864
333.3		0.643864
333.4		0.643864
333.5		0.643864
333.6		0.643864
333.7		0.643864
333.8		0.643864
333.9		0.643864
334		0.643864
334.1		0.645433
334.2		0.645433
334.3		0.645433
334.4		0.645433
334.5		0.645433
334.6		0.645433
334.7		0.645433
334.8		0.645433
334.9		0.645433
335		0.645433
335.1		0.648142
335.2		0.648142
335.3		0.648142
335.4		0.648142
335.5		0.648142
335.6		0.648142
335.7		0.648142
335.8		0.648142
335.9		0.648142
336		0.648142
336.1		0.648416
336.2		0.648416
336.3		0.648416
336.4		0.648416
336.5		0.648416
336.6		0.648416
336.7		0.648416
336.8		0.648416
336.9		0.648416
337		0.648416
337.1		0.650261
337.2		0.650261
337.3		0.650261
337.4		0.650261
337.5		0.650261
337.6		0.650261
337.7		0.650261
337.8		0.650261
337.9		0.650261
338		0.650261
338.1		0.653008
338.2		0.653008
338.3		0.653008
338.4		0.653008
338.5		0.653008
338.6		0.653008
338.7		0.653008
338.8		0.653008
338.9		0.653008
339		0.653008
339.1		0.656187
339.2		0.656187
339.3		0.656187
339.4		0.656187
339.5		0.656187
339.6		0.656187
339.7		0.656187
339.8		0.656187
339.9		0.656187
340		0.656187
340.1		0.65764
340.2		0.65764
340.3		0.65764
340.4		0.65764
340.5		0.65764
340.6		0.65764
340.7		0.65764
340.8		0.65764
340.9		0.65764
341		0.65764
341.1		0.663409
341.2		0.663409
341.3		0.663409
341.4		0.663409
341.5		0.663409
341.6		0.663409
341.7		0.663409
341.8		0.663409
341.9		0.663409
342		0.663409
342.1		0.665175
342.2		0.665175
342.3		0.665175
342.4		0.665175
342.5		0.665175
342.6		0.665175
342.7		0.665175
342.8		0.665175
342.9		0.665175
343		0.665175
343.1		0.666274
343.2		0.666274
343.3		0.666274
343.4		0.666274
343.5		0.666274
343.6		0.666274
343.7		0.666274
343.8		0.666274
343.9		0.666274
344		0.666274
344.1		0.667844
344.2		0.667844
344.3		0.667844
344.4		0.667844
344.5		0.667844
344.6		0.667844
344.7		0.667844
344.8		0.667844
344.9		0.667844
345		0.667844
345.1		0.669689
345.2		0.669689
345.3		0.669689
345.4		0.669689
345.5		0.669689
345.6		0.669689
345.7		0.669689
345.8		0.669689
345.9		0.669689
346		0.669689
346.1		0.674281
346.2		0.674281
346.3		0.674281
346.4		0.674281
346.5		0.674281
346.6		0.674281
346.7		0.674281
346.8		0.674281
346.9		0.674281
347		0.674281
347.1		0.675733
347.2		0.675733
347.3		0.675733
347.4		0.675733
347.5		0.675733
347.6		0.675733
347.7		0.675733
347.8		0.675733
347.9		0.675733
348		0.675733
348.1		0.677067
348.2		0.677067
348.3		0.677067
348.4		0.677067
348.5		0.677067
348.6		0.677067
348.7		0.677067
348.8		0.677067
348.9		0.677067
349		0.677067
349.1		0.677067
349.2		0.677067
349.3		0.677067
349.4		0.677067
349.5		0.677067
349.6		0.677067
349.7		0.677067
349.8		0.677067
349.9		0.677067
350		0.677067
350.1		0.679815
350.2		0.679815
350.3		0.679815
350.4		0.679815
350.5		0.679815
350.6		0.679815
350.7		0.679815
350.8		0.679815
350.9		0.679815
351		0.679815
351.1		0.68217
351.2		0.68217
351.3		0.68217
351.4		0.68217
351.5		0.68217
351.6		0.68217
351.7		0.68217
351.8		0.68217
351.9		0.68217
352		0.68217
352.1		0.686212
352.2		0.686212
352.3		0.686212
352.4		0.686212
352.5		0.686212
352.6		0.686212
352.7		0.686212
352.8		0.686212
352.9		0.686212
353		0.686212
353.1		0.688292
353.2		0.688292
353.3		0.688292
353.4		0.688292
353.5		0.688292
353.6		0.688292
353.7		0.688292
353.8		0.688292
353.9		0.688292
354		0.688292
354.1		0.689862
354.2		0.689862
354.3		0.689862
354.4		0.689862
354.5		0.689862
354.6		0.689862
354.7		0.689862
354.8		0.689862
354.9		0.689862
355		0.689862
355.1		0.691432
355.2		0.691432
355.3		0.691432
355.4		0.691432
355.5		0.691432
355.6		0.691432
355.7		0.691432
355.8		0.691432
355.9		0.691432
356		0.691432
356.1		0.696966
356.2		0.696966
356.3		0.696966
356.4		0.696966
356.5		0.696966
356.6		0.696966
356.7		0.696966
356.8		0.696966
356.9		0.696966
357		0.696966
357.1		0.697594
357.2		0.697594
357.3		0.697594
357.4		0.697594
357.5		0.697594
357.6		0.697594
357.7		0.697594
357.8		0.697594
357.9		0.697594
358		0.697594
358.1		0.701951
358.2		0.701951
358.3		0.701951
358.4		0.701951
358.5		0.701951
358.6		0.701951
358.7		0.701951
358.8		0.701951
358.9		0.701951
359		0.701951
359.1		0.703246
359.2		0.703246
359.3		0.703246
359.4		0.703246
359.5		0.703246
359.6		0.703246
359.7		0.703246
359.8		0.703246
359.9		0.703246
360		0.703246
360.1		0.707995
360.2		0.707995
360.3		0.707995
360.4		0.707995
360.5		0.707995
360.6		0.707995
360.7		0.707995
360.8		0.707995
360.9		0.707995
361		0.707995
361.1		0.708898
361.2		0.708898
361.3		0.708898
361.4		0.708898
361.5		0.708898
361.6		0.708898
361.7		0.708898
361.8		0.708898
361.9		0.708898
362		0.708898
362.1		0.709447
362.2		0.709447
362.3		0.709447
362.4		0.709447
362.5		0.709447
362.6		0.709447
362.7		0.709447
362.8		0.709447
362.9		0.709447
363		0.709447
363.1		0.714588
363.2		0.714588
363.3		0.714588
363.4		0.714588
363.5		0.714588
363.6		0.714588
363.7		0.714588
363.8		0.714588
363.9		0.714588
364		0.714588
364.1		0.714942
364.2		0.714942
364.3		0.714942
364.4		0.714942
364.5		0.714942
364.6		0.714942
364.7		0.714942
364.8		0.714942
364.9		0.714942
365		0.714942
365.1		0.717885
365.2		0.717885
365.3		0.717885
365.4		0.717885
365.5		0.717885
365.6		0.717885
365.7		0.717885
365.8		0.717885
365.9		0.717885
366		0.717885
366.1		0.719141
366.2		0.719141
366.3		0.719141
366.4		0.719141
366.5		0.719141
366.6		0.719141
366.7		0.719141
366.8		0.719141
366.9		0.719141
367		0.719141
367.1		0.720279
367.2		0.720279
367.3		0.720279
367.4		0.720279
367.5		0.720279
367.6		0.720279
367.7		0.720279
367.8		0.720279
367.9		0.720279
368		0.720279
368.1		0.721496
368.2		0.721496
368.3		0.721496
368.4		0.721496
368.5		0.721496
368.6		0.721496
368.7		0.721496
368.8		0.721496
368.9		0.721496
369		0.721496
369.1		0.723851
369.2		0.723851
369.3		0.723851
369.4		0.723851
369.5		0.723851
369.6		0.723851
369.7		0.723851
369.8		0.723851
369.9		0.723851
370		0.723851
370.1		0.72758
370.2		0.72758
370.3		0.72758
370.4		0.72758
370.5		0.72758
370.6		0.72758
370.7		0.72758
370.8		0.72758
370.9		0.72758
371		0.72758
371.1		0.727933
371.2		0.727933
371.3		0.727933
371.4		0.727933
371.5		0.727933
371.6		0.727933
371.7		0.727933
371.8		0.727933
371.9		0.727933
372		0.727933
372.1		0.731112
372.2		0.731112
372.3		0.731112
372.4		0.731112
372.5		0.731112
372.6		0.731112
372.7		0.731112
372.8		0.731112
372.9		0.731112
373		0.731112
373.1		0.732015
373.2		0.732015
373.3		0.732015
373.4		0.732015
373.5		0.732015
373.6		0.732015
373.7		0.732015
373.8		0.732015
373.9		0.732015
374		0.732015
374.1		0.734683
374.2		0.734683
374.3		0.734683
374.4		0.734683
374.5		0.734683
374.6		0.734683
374.7		0.734683
374.8		0.734683
374.9		0.734683
375		0.734683
375.1		0.73696
375.2		0.73696
375.3		0.73696
375.4		0.73696
375.5		0.73696
375.6		0.73696
375.7		0.73696
375.8		0.73696
375.9		0.73696
376		0.73696
376.1		0.738883
376.2		0.738883
376.3		0.738883
376.4		0.738883
376.5		0.738883
376.6		0.738883
376.7		0.738883
376.8		0.738883
376.9		0.738883
377		0.738883
377.1		0.74269
377.2		0.74269
377.3		0.74269
377.4		0.74269
377.5		0.74269
377.6		0.74269
377.7		0.74269
377.8		0.74269
377.9		0.74269
378		0.74269
378.1		0.743357
378.2		0.743357
378.3		0.743357
378.4		0.743357
378.5		0.743357
378.6		0.743357
378.7		0.743357
378.8		0.743357
378.9		0.743357
379		0.743357
379.1		0.744692
379.2		0.744692
379.3		0.744692
379.4		0.744692
379.5		0.744692
379.6		0.744692
379.7		0.744692
379.8		0.744692
379.9		0.744692
380		0.744692
380.1		0.746144
380.2		0.746144
380.3		0.746144
380.4		0.746144
380.5		0.746144
380.6		0.746144
380.7		0.746144
380.8		0.746144
380.9		0.746144
381		0.746144
381.1		0.746458
381.2		0.746458
381.3		0.746458
381.4		0.746458
381.5		0.746458
381.6		0.746458
381.7		0.746458
381.8		0.746458
381.9		0.746458
382		0.746458
382.1		0.751639
382.2		0.751639
382.3		0.751639
382.4		0.751639
382.5		0.751639
382.6		0.751639
382.7		0.751639
382.8		0.751639
382.9		0.751639
383		0.751639
383.1		0.75364
383.2		0.75364
383.3		0.75364
383.4		0.75364
383.5		0.75364
383.6		0.75364
383.7		0.75364
383.8		0.75364
383.9		0.75364
384		0.75364
384.1		0.754425
384.2		0.754425
384.3		0.754425
384.4		0.754425
384.5		0.754425
384.6		0.754425
384.7		0.754425
384.8		0.754425
384.9		0.754425
385		0.754425
385.1		0.754778
385.2		0.754778
385.3		0.754778
385.4		0.754778
385.5		0.754778
385.6		0.754778
385.7		0.754778
385.8		0.754778
385.9		0.754778
386		0.754778
386.1		0.755917
386.2		0.755917
386.3		0.755917
386.4		0.755917
386.5		0.755917
386.6		0.755917
386.7		0.755917
386.8		0.755917
386.9		0.755917
387		0.755917
387.1		0.760823
387.2		0.760823
387.3		0.760823
387.4		0.760823
387.5		0.760823
387.6		0.760823
387.7		0.760823
387.8		0.760823
387.9		0.760823
388		0.760823
388.1		0.763727
388.2		0.763727
388.3		0.763727
388.4		0.763727
388.5		0.763727
388.6		0.763727
388.7		0.763727
388.8		0.763727
388.9		0.763727
389		0.763727
389.1		0.764473
389.2		0.764473
389.3		0.764473
389.4		0.764473
389.5		0.764473
389.6		0.764473
389.7		0.764473
389.8		0.764473
389.9		0.764473
390		0.764473
390.1		0.766553
390.2		0.766553
390.3		0.766553
390.4		0.766553
390.5		0.766553
390.6		0.766553
390.7		0.766553
390.8		0.766553
390.9		0.766553
391		0.766553
391.1		0.768123
391.2		0.768123
391.3		0.768123
391.4		0.768123
391.5		0.768123
391.6		0.768123
391.7		0.768123
391.8		0.768123
391.9		0.768123
392		0.768123
392.1		0.768476
392.2		0.768476
392.3		0.768476
392.4		0.768476
392.5		0.768476
392.6		0.768476
392.7		0.768476
392.8		0.768476
392.9		0.768476
393		0.768476
393.1		0.773029
393.2		0.773029
393.3		0.773029
393.4		0.773029
393.5		0.773029
393.6		0.773029
393.7		0.773029
393.8		0.773029
393.9		0.773029
394		0.773029
394.1		0.773382
394.2		0.773382
394.3		0.773382
394.4		0.773382
394.5		0.773382
394.6		0.773382
394.7		0.773382
394.8		0.773382
394.9		0.773382
395		0.773382
395.1		0.774128
395.2		0.774128
395.3		0.774128
395.4		0.774128
395.5		0.774128
395.6		0.774128
395.7		0.774128
395.8		0.774128
395.9		0.774128
396		0.774128
396.1		0.779465
396.2		0.779465
396.3		0.779465
396.4		0.779465
396.5		0.779465
396.6		0.779465
396.7		0.779465
396.8		0.779465
396.9		0.779465
397		0.779465
397.1		0.780015
397.2		0.780015
397.3		0.780015
397.4		0.780015
397.5		0.780015
397.6		0.780015
397.7		0.780015
397.8		0.780015
397.9		0.780015
398		0.780015
398.1		0.782017
398.2		0.782017
398.3		0.782017
398.4		0.782017
398.5		0.782017
398.6		0.782017
398.7		0.782017
398.8		0.782017
398.9		0.782017
399		0.782017
399.1		0.784999
399.2		0.784999
399.3		0.784999
399.4		0.784999
399.5		0.784999
399.6		0.784999
399.7		0.784999
399.8		0.784999
399.9		0.784999
400		0.784999
400.1		0.785078
400.2		0.785078
400.3		0.785078
400.4		0.785078
400.5		0.785078
400.6		0.785078
400.7		0.785078
400.8		0.785078
400.9		0.785078
401		0.785078
401.1		0.788963
401.2		0.788963
401.3		0.788963
401.4		0.788963
401.5		0.788963
401.6		0.788963
401.7		0.788963
401.8		0.788963
401.9		0.788963
402		0.788963
402.1		0.791004
402.2		0.791004
402.3		0.791004
402.4		0.791004
402.5		0.791004
402.6		0.791004
402.7		0.791004
402.8		0.791004
402.9		0.791004
403		0.791004
403.1		0.792064
403.2		0.792064
403.3		0.792064
403.4		0.792064
403.5		0.792064
403.6		0.792064
403.7		0.792064
403.8		0.792064
403.9		0.792064
404		0.792064
404.1		0.795596
404.2		0.795596
404.3		0.795596
404.4		0.795596
404.5		0.795596
404.6		0.795596
404.7		0.795596
404.8		0.795596
404.9		0.795596
405		0.795596
405.1		0.796067
405.2		0.796067
405.3		0.796067
405.4		0.796067
405.5		0.796067
405.6		0.796067
405.7		0.796067
405.8		0.796067
405.9		0.796067
406		0.796067
406.1		0.797245
406.2		0.797245
406.3		0.797245
406.4		0.797245
406.5		0.797245
406.6		0.797245
406.7		0.797245
406.8		0.797245
406.9		0.797245
407		0.797245
407.1		0.798069
407.2		0.798069
407.3		0.798069
407.4		0.798069
407.5		0.798069
407.6		0.798069
407.7		0.798069
407.8		0.798069
407.9		0.798069
408		0.798069
408.1		0.801444
408.2		0.801444
408.3		0.801444
408.4		0.801444
408.5		0.801444
408.6		0.801444
408.7		0.801444
408.8		0.801444
408.9		0.801444
409		0.801444
409.1		0.804231
409.2		0.804231
409.3		0.804231
409.4		0.804231
409.5		0.804231
409.6		0.804231
409.7		0.804231
409.8		0.804231
409.9		0.804231
410		0.804231
410.1		0.806115
410.2		0.806115
410.3		0.806115
410.4		0.806115
410.5		0.806115
410.6		0.806115
410.7		0.806115
410.8		0.806115
410.9		0.806115
411		0.806115
411.1		0.806821
411.2		0.806821
411.3		0.806821
411.4		0.806821
411.5		0.806821
411.6		0.806821
411.7		0.806821
411.8		0.806821
411.9		0.806821
412		0.806821
412.1		0.806821
412.2		0.806821
412.3		0.806821
412.4		0.806821
412.5		0.806821
412.6		0.806821
412.7		0.806821
412.8		0.806821
412.9		0.806821
413		0.806821
413.1		0.809058
413.2		0.809058
413.3		0.809058
413.4		0.809058
413.5		0.809058
413.6		0.809058
413.7		0.809058
413.8		0.809058
413.9		0.809058
414		0.809058
414.1		0.811688
414.2		0.811688
414.3		0.811688
414.4		0.811688
414.5		0.811688
414.6		0.811688
414.7		0.811688
414.8		0.811688
414.9		0.811688
415		0.811688
415.1		0.814867
415.2		0.814867
415.3		0.814867
415.4		0.814867
415.5		0.814867
415.6		0.814867
415.7		0.814867
415.8		0.814867
415.9		0.814867
416		0.814867
416.1		0.815574
416.2		0.815574
416.3		0.815574
416.4		0.815574
416.5		0.815574
416.6		0.815574
416.7		0.815574
416.8		0.815574
416.9		0.815574
417		0.815574
417.1		0.817026
417.2		0.817026
417.3		0.817026
417.4		0.817026
417.5		0.817026
417.6		0.817026
417.7		0.817026
417.8		0.817026
417.9		0.817026
418		0.817026
418.1		0.818125
418.2		0.818125
418.3		0.818125
418.4		0.818125
418.5		0.818125
418.6		0.818125
418.7		0.818125
418.8		0.818125
418.9		0.818125
419		0.818125
419.1		0.820597
419.2		0.820597
419.3		0.820597
419.4		0.820597
419.5		0.820597
419.6		0.820597
419.7		0.820597
419.8		0.820597
419.9		0.820597
420		0.820597
420.1		0.82358
420.2		0.82358
420.3		0.82358
420.4		0.82358
420.5		0.82358
420.6		0.82358
420.7		0.82358
420.8		0.82358
420.9		0.82358
421		0.82358
421.1		0.823698
421.2		0.823698
421.3		0.823698
421.4		0.823698
421.5		0.823698
421.6		0.823698
421.7		0.823698
421.8		0.823698
421.9		0.823698
422		0.823698
422.1		0.827466
422.2		0.827466
422.3		0.827466
422.4		0.827466
422.5		0.827466
422.6		0.827466
422.7		0.827466
422.8		0.827466
422.9		0.827466
423		0.827466
423.1		0.828015
423.2		0.828015
423.3		0.828015
423.4		0.828015
423.5		0.828015
423.6		0.828015
423.7		0.828015
423.8		0.828015
423.9		0.828015
424		0.828015
424.1		0.829036
424.2		0.829036
424.3		0.829036
424.4		0.829036
424.5		0.829036
424.6		0.829036
424.7		0.829036
424.8		0.829036
424.9		0.829036
425		0.829036
425.1		0.833117
425.2		0.833117
425.3		0.833117
425.4		0.833117
425.5		0.833117
425.6		0.833117
425.7		0.833117
425.8		0.833117
425.9		0.833117
426		0.833117
426.1		0.835355
426.2		0.835355
426.3		0.835355
426.4		0.835355
426.5		0.835355
426.6		0.835355
426.7		0.835355
426.8		0.835355
426.9		0.835355
427		0.835355
427.1		0.837552
427.2		0.837552
427.3		0.837552
427.4		0.837552
427.5		0.837552
427.6		0.837552
427.7		0.837552
427.8		0.837552
427.9		0.837552
428		0.837552
428.1		0.83924
428.2		0.83924
428.3		0.83924
428.4		0.83924
428.5		0.83924
428.6		0.83924
428.7		0.83924
428.8		0.83924
428.9		0.83924
429		0.83924
429.1		0.83924
429.2		0.83924
429.3		0.83924
429.4		0.83924
429.5		0.83924
429.6		0.83924
429.7		0.83924
429.8		0.83924
429.9		0.83924
430		0.83924
430.1		0.840182
430.2		0.840182
430.3		0.840182
430.4		0.840182
430.5		0.840182
430.6		0.840182
430.7		0.840182
430.8		0.840182
430.9		0.840182
431		0.840182
431.1		0.843243
431.2		0.843243
431.3		0.843243
431.4		0.843243
431.5		0.843243
431.6		0.843243
431.7		0.843243
431.8		0.843243
431.9		0.843243
432		0.843243
432.1		0.845284
432.2		0.845284
432.3		0.845284
432.4		0.845284
432.5		0.845284
432.6		0.845284
432.7		0.845284
432.8		0.845284
432.9		0.845284
433		0.845284
433.1		0.84811
433.2		0.84811
433.3		0.84811
433.4		0.84811
433.5		0.84811
433.6		0.84811
433.7		0.84811
433.8		0.84811
433.9		0.84811
434		0.84811
434.1		0.848974
434.2		0.848974
434.3		0.848974
434.4		0.848974
434.5		0.848974
434.6		0.848974
434.7		0.848974
434.8		0.848974
434.9		0.848974
435		0.848974
435.1		0.849798
435.2		0.849798
435.3		0.849798
435.4		0.849798
435.5		0.849798
435.6		0.849798
435.7		0.849798
435.8		0.849798
435.9		0.849798
436		0.849798
436.1		0.851407
436.2		0.851407
436.3		0.851407
436.4		0.851407
436.5		0.851407
436.6		0.851407
436.7		0.851407
436.8		0.851407
436.9		0.851407
437		0.851407
437.1		0.853291
437.2		0.853291
437.3		0.853291
437.4		0.853291
437.5		0.853291
437.6		0.853291
437.7		0.853291
437.8		0.853291
437.9		0.853291
438		0.853291
438.1		0.858158
438.2		0.858158
438.3		0.858158
438.4		0.858158
438.5		0.858158
438.6		0.858158
438.7		0.858158
438.8		0.858158
438.9		0.858158
439		0.858158
439.1		0.858275
439.2		0.858275
439.3		0.858275
439.4		0.858275
439.5		0.858275
439.6		0.858275
439.7		0.858275
439.8		0.858275
439.9		0.858275
440		0.858275
440.1		0.859728
440.2		0.859728
440.3		0.859728
440.4		0.859728
440.5		0.859728
440.6		0.859728
440.7		0.859728
440.8		0.859728
440.9		0.859728
441		0.859728
441.1		0.864359
441.2		0.864359
441.3		0.864359
441.4		0.864359
441.5		0.864359
441.6		0.864359
441.7		0.864359
441.8		0.864359
441.9		0.864359
442		0.864359
442.1		0.865419
442.2		0.865419
442.3		0.865419
442.4		0.865419
442.5		0.865419
442.6		0.865419
442.7		0.865419
442.8		0.865419
442.9		0.865419
443		0.865419
443.1		0.865733
443.2		0.865733
443.3		0.865733
443.4		0.865733
443.5		0.865733
443.6		0.865733
443.7		0.865733
443.8		0.865733
443.9		0.865733
444		0.865733
444.1		0.868048
444.2		0.868048
444.3		0.868048
444.4		0.868048
444.5		0.868048
444.6		0.868048
444.7		0.868048
444.8		0.868048
444.9		0.868048
445		0.868048
445.1		0.869343
445.2		0.869343
445.3		0.869343
445.4		0.869343
445.5		0.869343
445.6		0.869343
445.7		0.869343
445.8		0.869343
445.9		0.869343
446		0.869343
446.1		0.871581
446.2		0.871581
446.3		0.871581
446.4		0.871581
446.5		0.871581
446.6		0.871581
446.7		0.871581
446.8		0.871581
446.9		0.871581
447		0.871581
447.1		0.875113
447.2		0.875113
447.3		0.875113
447.4		0.875113
447.5		0.875113
447.6		0.875113
447.7		0.875113
447.8		0.875113
447.9		0.875113
448		0.875113
448.1		0.87735
448.2		0.87735
448.3		0.87735
448.4		0.87735
448.5		0.87735
448.6		0.87735
448.7		0.87735
448.8		0.87735
448.9		0.87735
449		0.87735
449.1		0.878763
449.2		0.878763
449.3		0.878763
449.4		0.878763
449.5		0.878763
449.6		0.878763
449.7		0.878763
449.8		0.878763
449.9		0.878763
450		0.878763
450.1		0.879273
450.2		0.879273
450.3		0.879273
450.4		0.879273
450.5		0.879273
450.6		0.879273
450.7		0.879273
450.8		0.879273
450.9		0.879273
451		0.879273
451.1		0.880058
451.2		0.880058
451.3		0.880058
451.4		0.880058
451.5		0.880058
451.6		0.880058
451.7		0.880058
451.8		0.880058
451.9		0.880058
452		0.880058
452.1		0.885357
452.2		0.885357
452.3		0.885357
452.4		0.885357
452.5		0.885357
452.6		0.885357
452.7		0.885357
452.8		0.885357
452.9		0.885357
453		0.885357
453.1		0.885828
453.2		0.885828
453.3		0.885828
453.4		0.885828
453.5		0.885828
453.6		0.885828
453.7		0.885828
453.8		0.885828
453.9		0.885828
454		0.885828
454.1		0.888967
454.2		0.888967
454.3		0.888967
454.4		0.888967
454.5		0.888967
454.6		0.888967
454.7		0.888967
454.8		0.888967
454.9		0.888967
455		0.888967
455.1		0.88936
455.2		0.88936
455.3		0.88936
455.4		0.88936
455.5		0.88936
455.6		0.88936
455.7		0.88936
455.8		0.88936
455.9		0.88936
456		0.88936
456.1		0.892225
456.2		0.892225
456.3		0.892225
456.4		0.892225
456.5		0.892225
456.6		0.892225
456.7		0.892225
456.8		0.892225
456.9		0.892225
457		0.892225
457.1		0.893442
457.2		0.893442
457.3		0.893442
457.4		0.893442
457.5		0.893442
457.6		0.893442
457.7		0.893442
457.8		0.893442
457.9		0.893442
458		0.893442
458.1		0.895875
458.2		0.895875
458.3		0.895875
458.4		0.895875
458.5		0.895875
458.6		0.895875
458.7		0.895875
458.8		0.895875
458.9		0.895875
459		0.895875
459.1		0.896228
459.2		0.896228
459.3		0.896228
459.4		0.896228
459.5		0.896228
459.6		0.896228
459.7		0.896228
459.8		0.896228
459.9		0.896228
460		0.896228
460.1		0.903332
460.2		0.903332
460.3		0.903332
460.4		0.903332
460.5		0.903332
460.6		0.903332
460.7		0.903332
460.8		0.903332
460.9		0.903332
461		0.903332
461.1		0.903725
461.2		0.903725
461.3		0.903725
461.4		0.903725
461.5		0.903725
461.6		0.903725
461.7		0.903725
461.8		0.903725
461.9		0.903725
462		0.903725
462.1		0.904274
462.2		0.904274
462.3		0.904274
462.4		0.904274
462.5		0.904274
462.6		0.904274
462.7		0.904274
462.8		0.904274
462.9		0.904274
463		0.904274
463.1		0.904588
463.2		0.904588
463.3		0.904588
463.4		0.904588
463.5		0.904588
463.6		0.904588
463.7		0.904588
463.8		0.904588
463.9		0.904588
464		0.904588
464.1		0.908081
464.2		0.908081
464.3		0.908081
464.4		0.908081
464.5		0.908081
464.6		0.908081
464.7		0.908081
464.8		0.908081
464.9		0.908081
465		0.908081
465.1		0.909926
465.2		0.909926
465.3		0.909926
465.4		0.909926
465.5		0.909926
465.6		0.909926
465.7		0.909926
465.8		0.909926
465.9		0.909926
466		0.909926
466.1		0.915185
466.2		0.915185
466.3		0.915185
466.4		0.915185
466.5		0.915185
466.6		0.915185
466.7		0.915185
466.8		0.915185
466.9		0.915185
467		0.915185
467.1		0.915303
467.2		0.915303
467.3		0.915303
467.4		0.915303
467.5		0.915303
467.6		0.915303
467.7		0.915303
467.8		0.915303
467.9		0.915303
468		0.915303
468.1		0.915538
468.2		0.915538
468.3		0.915538
468.4		0.915538
468.5		0.915538
468.6		0.915538
468.7		0.915538
468.8		0.915538
468.9		0.915538
469		0.915538
469.1		0.916009
469.2		0.916009
469.3		0.916009
469.4		0.916009
469.5		0.916009
469.6		0.916009
469.7		0.916009
469.8		0.916009
469.9		0.916009
470		0.916009
470.1		0.91911
470.2		0.91911
470.3		0.91911
470.4		0.91911
470.5		0.91911
470.6		0.91911
470.7		0.91911
470.8		0.91911
470.9		0.91911
471		0.91911
471.1		0.919659
471.2		0.919659
471.3		0.919659
471.4		0.919659
471.5		0.919659
471.6		0.919659
471.7		0.919659
471.8		0.919659
471.9		0.919659
472		0.919659
472.1		0.925939
472.2		0.925939
472.3		0.925939
472.4		0.925939
472.5		0.925939
472.6		0.925939
472.7		0.925939
472.8		0.925939
472.9		0.925939
473		0.925939
473.1		0.927077
473.2		0.927077
473.3		0.927077
473.4		0.927077
473.5		0.927077
473.6		0.927077
473.7		0.927077
473.8		0.927077
473.9		0.927077
474		0.927077
474.1		0.928451
474.2		0.928451
474.3		0.928451
474.4		0.928451
474.5		0.928451
474.6		0.928451
474.7		0.928451
474.8		0.928451
474.9		0.928451
475		0.928451
475.1		0.928961
475.2		0.928961
475.3		0.928961
475.4		0.928961
475.5		0.928961
475.6		0.928961
475.7		0.928961
475.8		0.928961
475.9		0.928961
476		0.928961
476.1		0.93265
476.2		0.93265
476.3		0.93265
476.4		0.93265
476.5		0.93265
476.6		0.93265
476.7		0.93265
476.8		0.93265
476.9		0.93265
477		0.93265
477.1		0.934888
477.2		0.934888
477.3		0.934888
477.4		0.934888
477.5		0.934888
477.6		0.934888
477.7		0.934888
477.8		0.934888
477.9		0.934888
478		0.934888
478.1		0.936065
478.2		0.936065
478.3		0.936065
478.4		0.936065
478.5		0.936065
478.6		0.936065
478.7		0.936065
478.8		0.936065
478.9		0.936065
479		0.936065
479.1		0.939283
479.2		0.939283
479.3		0.939283
479.4		0.939283
479.5		0.939283
479.6		0.939283
479.7		0.939283
479.8		0.939283
479.9		0.939283
480		0.939283
480.1		0.940186
480.2		0.940186
480.3		0.940186
480.4		0.940186
480.5		0.940186
480.6		0.940186
480.7		0.940186
480.8		0.940186
480.9		0.940186
481		0.940186
481.1		0.941442
481.2		0.941442
481.3		0.941442
481.4		0.941442
481.5		0.941442
481.6		0.941442
481.7		0.941442
481.8		0.941442
481.9		0.941442
482		0.941442
482.1		0.942659
482.2		0.942659
482.3		0.942659
482.4		0.942659
482.5		0.942659
482.6		0.942659
482.7		0.942659
482.8		0.942659
482.9		0.942659
483		0.942659
483.1		0.946034
483.2		0.946034
483.3		0.946034
483.4		0.946034
483.5		0.946034
483.6		0.946034
483.7		0.946034
483.8		0.946034
483.9		0.946034
484		0.946034
484.1		0.947957
484.2		0.947957
484.3		0.947957
484.4		0.947957
484.5		0.947957
484.6		0.947957
484.7		0.947957
484.8		0.947957
484.9		0.947957
485		0.947957
485.1		0.950037
485.2		0.950037
485.3		0.950037
485.4		0.950037
485.5		0.950037
485.6		0.950037
485.7		0.950037
485.8		0.950037
485.9		0.950037
486		0.950037
486.1		0.952235
486.2		0.952235
486.3		0.952235
486.4		0.952235
486.5		0.952235
486.6		0.952235
486.7		0.952235
486.8		0.952235
486.9		0.952235
487		0.952235
487.1		0.95357
487.2		0.95357
487.3		0.95357
487.4		0.95357
487.5		0.95357
487.6		0.95357
487.7		0.95357
487.8		0.95357
487.9		0.95357
488		0.95357
488.1		0.955454
488.2		0.955454
488.3		0.955454
488.4		0.955454
488.5		0.955454
488.6		0.955454
488.7		0.955454
488.8		0.955454
488.9		0.955454
489		0.955454
489.1		0.958829
489.2		0.958829
489.3		0.958829
489.4		0.958829
489.5		0.958829
489.6		0.958829
489.7		0.958829
489.8		0.958829
489.9		0.958829
490		0.958829
490.1		0.959025
490.2		0.959025
490.3		0.959025
490.4		0.959025
490.5		0.959025
490.6		0.959025
490.7		0.959025
490.8		0.959025
490.9		0.959025
491		0.959025
491.1		0.960281
491.2		0.960281
491.3		0.960281
491.4		0.960281
491.5		0.960281
491.6		0.960281
491.7		0.960281
491.8		0.960281
491.9		0.960281
492		0.960281
492.1		0.96346
492.2		0.96346
492.3		0.96346
492.4		0.96346
492.5		0.96346
492.6		0.96346
492.7		0.96346
492.8		0.96346
492.9		0.96346
493		0.96346
493.1		0.963774
493.2		0.963774
493.3		0.963774
493.4		0.963774
493.5		0.963774
493.6		0.963774
493.7		0.963774
493.8		0.963774
493.9		0.963774
494		0.963774
494.1		0.96711
494.2		0.96711
494.3		0.96711
494.4		0.96711
494.5		0.96711
494.6		0.96711
494.7		0.96711
494.8		0.96711
494.9		0.96711
495		0.96711
495.1		0.96868
495.2		0.96868
495.3		0.96868
495.4		0.96868
495.5		0.96868
495.6		0.96868
495.7		0.96868
495.8		0.96868
495.9		0.96868
496		0.96868
496.1		0.970015
496.2		0.970015
496.3		0.970015
496.4		0.970015
496.5		0.970015
496.6		0.970015
496.7		0.970015
496.8		0.970015
496.9		0.970015
497		0.970015
497.1		0.971035
497.2		0.971035
497.3		0.971035
497.4		0.971035
497.5		0.971035
497.6		0.971035
497.7		0.971035
497.8		0.971035
497.9		0.971035
498		0.971035
498.1		0.974528
498.2		0.974528
498.3		0.974528
498.4		0.974528
498.5		0.974528
498.6		0.974528
498.7		0.974528
498.8		0.974528
498.9		0.974528
499		0.974528
499.1		0.97598
499.2		0.97598
499.3		0.97598
499.4		0.97598
499.5		0.97598
499.6		0.97598
499.7		0.97598
499.8		0.97598
499.9		0.97598
500		0.97598
500.1		0.97653
500.2		0.97653
500.3		0.97653
500.4		0.97653
500.5		0.97653
500.6		0.97653
500.7		0.97653
500.8		0.97653
500.9		0.97653
501		0.97653
501.1		0.978688
501.2		0.978688
501.3		0.978688
501.4		0.978688
501.5		0.978688
501.6		0.978688
501.7		0.978688
501.8		0.978688
501.9		0.978688
502		0.978688
502.1		0.980729
502.2		0.980729
502.3		0.980729
502.4		0.980729
502.5		0.980729
502.6		0.980729
502.7		0.980729
502.8		0.980729
502.9		0.980729
503		0.980729
503.1		0.984419
503.2		0.984419
503.3		0.984419
503.4		0.984419
503.5		0.984419
503.6		0.984419
503.7		0.984419
503.8		0.984419
503.9		0.984419
504		0.984419
504.1		0.985949
504.2		0.985949
504.3		0.985949
504.4		0.985949
504.5		0.985949
504.6		0.985949
504.7		0.985949
504.8		0.985949
504.9		0.985949
505		0.985949
505.1		0.987401
505.2		0.987401
505.3		0.987401
505.4		0.987401
505.5		0.987401
505.6		0.987401
505.7		0.987401
505.8		0.987401
505.9		0.987401
506		0.987401
506.1		0.990031
506.2		0.990031
506.3		0.990031
506.4		0.990031
506.5		0.990031
506.6		0.990031
506.7		0.990031
506.8		0.990031
506.9		0.990031
507		0.990031
507.1		0.990149
507.2		0.990149
507.3		0.990149
507.4		0.990149
507.5		0.990149
507.6		0.990149
507.7		0.990149
507.8		0.990149
507.9		0.990149
508		0.990149
508.1		0.992857
508.2		0.992857
508.3		0.992857
508.4		0.992857
508.5		0.992857
508.6		0.992857
508.7		0.992857
508.8		0.992857
508.9		0.992857
509		0.992857
509.1		0.995957
509.2		0.995957
509.3		0.995957
509.4		0.995957
509.5		0.995957
509.6		0.995957
509.7		0.995957
509.8		0.995957
509.9		0.995957
510		0.995957
510.1		0.996428
510.2		0.996428
510.3		0.996428
510.4		0.996428
510.5		0.996428
510.6		0.996428
510.7		0.996428
510.8		0.996428
510.9		0.996428
511		0.996428
511.1		0.999882
511.2		0.999882
511.3		0.999882
511.4		0.999882
511.5		0.999882
511.6		0.999882
511.7		0.999882
511.8		0.999882
511.9		0.999882
512		0.999882
512.1		1
512.2		1
512.3		1
512.4		1
512.5		1
512.6		1
512.7		1
512.8		1
512.9		1
513		1
513.1		1
513.2		1
513.3		1
513.4		1
513.5		1
513.6		1
513.7		1
513.8		1
513.9		1
514		1
514.1		1
514.2		1
514.3		1
514.4		1
514.5		1
514.6		1
514.7		1
514.8		1
514.9		1
515		1
515.1		1
515.2		1
515.3		1
515.4		1
515.5		1
515.6		1
515.7		1
515.8		1
515.9		1
516		1
516.1		1
516.2		1
516.3		1
516.4		1
516.5		1
516.6		1
516.7		1
516.8		1
516.9		1
517		1
517.1		1
517.2		1
517.3		1
517.4		1
517.5		1
517.6		1
517.7		1
517.8		1
517.9		1
518		1
518.1		1
518.2		1
518.3		1
518.4		1
518.5		1
518.6		1
518.7		1
518.8		1
518.9		1
519		1
519.1		1
519.2		1
519.3		1
519.4		1
519.5		1
519.6		1
519.7		1
519.8		1
519.9		1
520		1
520.1		1
520.2		1
520.3		1
520.4		1
520.5		1
520.6		1
520.7		1
520.8		1
520.9		1
521		1
521.1		1
521.2		1
521.3		1
521.4		1
521.5		1
521.6		1
521.7		1
521.8		1
521.9		1
522		1
522.1		1
522.2		1
522.3		1
522.4		1
522.5		1
522.6		1
522.7		1
522.8		1
522.9		1
523		1
523.1		1
523.2		1
523.3		1
523.4		1
523.5		1
523.6		1
523.7		1
523.8		1
523.9		1
524		1
524.1		1
524.2		1
524.3		1
524.4		1
524.5		1
524.6		1
524.7		1
524.8		1
524.9		1
525		1
525.1		1
525.2		1
525.3		1
525.4		1
525.5		1
525.6		1
525.7		1
525.8		1
525.9		1
526		1
526.1		1
526.2		1
526.3		1
526.4		1
526.5		1
526.6		1
526.7		1
526.8		1
526.9		1
527		1
527.1		1
527.2		1
527.3		1
527.4		1
527.5		1
527.6		1
527.7		1
527.8		1
527.9		1
528		1
528.1		1
528.2		1
528.3		1
528.4		1
528.5		1
528.6		1
528.7		1
528.8		1
528.9		1
529		1
529.1		1
529.2		1
529.3		1
529.4		1
529.5		1
529.6		1
529.7		1
529.8		1
529.9		1
530		1
530.1		1
530.2		1
530.3		1
530.4		1
530.5		1
530.6		1
530.7		1
530.8		1
530.9		1
531		1
531.1		1
531.2		1
531.3		1
531.4		1
531.5		1
531.6		1
531.7		1
531.8		1
531.9		1
532		1
532.1		1
532.2		1
532.3		1
532.4		1
532.5		1
532.6		1
532.7		1
532.8		1
532.9		1
533		1
533.1		1
533.2		1
533.3		1
533.4		1
533.5		1
533.6		1
533.7		1
533.8		1
533.9		1
534		1
534.1		1
534.2		1
534.3		1
534.4		1
534.5		1
534.6		1
534.7		1
534.8		1
534.9		1
535		1
535.1		1
535.2		1
535.3		1
535.4		1
535.5		1
535.6		1
535.7		1
535.8		1
535.9		1
536		1
536.1		1
536.2		1
536.3		1
536.4		1
536.5		1
536.6		1
536.7		1
536.8		1
536.9		1
537		1
537.1		1
537.2		1
537.3		1
537.4		1
537.5		1
537.6		1
537.7		1
537.8		1
537.9		1
538		1
538.1		1
538.2		1
538.3		1
538.4		1
538.5		1
538.6		1
538.7		1
538.8		1
538.9		1
539		1
539.1		1
539.2		1
539.3		1
539.4		1
539.5		1
539.6		1
539.7		1
539.8		1
539.9		1
540		1
540.1		1
540.2		1
540.3		1
540.4		1
540.5		1
540.6		1
540.7		1
540.8		1
540.9		1
541		1
541.1		1
541.2		1
541.3		1
541.4		1
541.5		1
541.6		1
541.7		1
541.8		1
541.9		1
542		1
542.1		1
542.2		1
542.3		1
542.4		1
542.5		1
542.6		1
542.7		1
542.8		1
542.9		1
543		1
543.1		1
543.2		1
543.3		1
543.4		1
543.5		1
543.6		1
543.7		1
543.8		1
543.9		1
544		1
544.1		1
544.2		1
544.3		1
544.4		1
544.5		1
544.6		1
544.7		1
544.8		1
544.9		1
545		1
545.1		1
545.2		1
545.3		1
545.4		1
545.5		1
545.6		1
545.7		1
545.8		1
545.9		1
546		1
546.1		1
546.2		1
546.3		1
546.4		1
546.5		1
546.6		1
546.7		1
546.8		1
546.9		1
547		1
547.1		1
547.2		1
547.3		1
547.4		1
547.5		1
547.6		1
547.7		1
547.8		1
547.9		1
548		1
548.1		1
548.2		1
548.3		1
548.4		1
548.5		1
548.6		1
548.7		1
548.8		1
548.9		1
549		1
549.1		1
549.2		1
549.3		1
549.4		1
549.5		1
549.6		1
549.7		1
549.8		1
549.9		1
550		1
550.1		1
550.2		1
550.3		1
550.4		1
550.5		1
550.6		1
550.7		1
550.8		1
550.9		1
551		1
551.1		1
551.2		1
551.3		1
551.4		1
551.5		1
551.6		1
551.7		1
551.8		1
551.9		1
552		1
552.1		1
552.2		1
552.3		1
552.4		1
552.5		1
552.6		1
552.7		1
552.8		1
552.9		1
553		1
553.1		1
553.2		1
553.3		1
553.4		1
553.5		1
553.6		1
553.7		1
553.8		1
553.9		1
554		1
554.1		1
554.2		1
554.3		1
554.4		1
554.5		1
554.6		1
554.7		1
554.8		1
554.9		1
555		1
555.1		1
555.2		1
555.3		1
555.4		1
555.5		1
555.6		1
555.7		1
555.8		1
555.9		1
556		1
556.1		1
556.2		1
556.3		1
556.4		1
556.5		1
556.6		1
556.7		1
556.8		1
556.9		1
557		1
557.1		1
557.2		1
557.3		1
557.4		1
557.5		1
557.6		1
557.7		1
557.8		1
557.9		1
558		1
558.1		1
558.2		1
558.3		1
558.4		1
558.5		1
558.6		1
558.7		1
558.8		1
558.9		1
559		1
559.1		1
559.2		1
559.3		1
559.4		1
559.5		1
559.6		1
559.7		1
559.8		1
559.9		1
560		1
560.1		1
560.2		1
560.3		1
560.4		1
560.5		1
560.6		1
560.7		1
560.8		1
560.9		1
561		1
561.1		1
561.2		1
561.3		1
561.4		1
561.5		1
561.6		1
561.7		1
561.8		1
561.9		1
562		1
562.1		1
562.2		1
562.3		1
562.4		1
562.5		1
562.6		1
562.7		1
562.8		1
562.9		1
563		1
563.1		1
563.2		1
563.3		1
563.4		1
563.5		1
563.6		1
563.7		1
563.8		1
563.9		1
564		1
564.1		1
564.2		1
564.3		1
564.4		1
564.5		1
564.6		1
564.7		1
564.8		1
564.9		1
565		1
565.1		1
565.2		1
565.3		1
565.4		1
565.5		1
565.6		1
565.7		1
565.8		1
565.9		1
566		1
566.1		1
566.2		1
566.3		1
566.4		1
566.5		1
566.6		1
566.7		1
566.8		1
566.9		1
567		1
567.1		1
567.2		1
567.3		1
567.4		1
567.5		1
567.6		1
567.7		1
567.8		1
567.9		1
568		1
568.1		1
568.2		1
568.3		1
568.4		1
568.5		1
568.6		1
568.7		1
568.8		1
568.9		1
569		1
569.1		1
569.2		1
569.3		1
569.4		1
569.5		1
569.6		1
569.7		1
569.8		1
569.9		1
570		1
570.1		1
570.2		1
570.3		1
570.4		1
570.5		1
570.6		1
570.7		1
570.8		1
570.9		1
571		1
571.1		1
571.2		1
571.3		1
571.4		1
571.5		1
571.6		1
571.7		1
571.8		1
571.9		1
572		1
572.1		1
572.2		1
572.3		1
572.4		1
572.5		1
572.6		1
572.7		1
572.8		1
572.9		1
573		1
573.1		1
573.2		1
573.3		1
573.4		1
573.5		1
573.6		1
573.7		1
573.8		1
573.9		1
574		1
574.1		1
574.2		1
574.3		1
574.4		1
574.5		1
574.6		1
574.7		1
574.8		1
574.9		1
575		1
575.1		1
575.2		1
575.3		1
575.4		1
575.5		1
575.6		1
575.7		1
575.8		1
575.9		1
576		1
576.1		1
576.2		1
576.3		1
576.4		1
576.5		1
576.6		1
576.7		1
576.8		1
576.9		1
577		1
577.1		1
577.2		1
577.3		1
577.4		1
577.5		1
577.6		1
577.7		1
577.8		1
577.9		1
578		1
578.1		1
578.2		1
578.3		1
578.4		1
578.5		1
578.6		1
578.7		1
578.8		1
578.9		1
579		1
579.1		1
579.2		1
579.3		1
579.4		1
579.5		1
579.6		1
579.7		1
579.8		1
579.9		1
580		1
580.1		1
580.2		1
580.3		1
580.4		1
580.5		1
580.6		1
580.7		1
580.8		1
580.9		1
581		1
581.1		1
581.2		1
581.3		1
581.4		1
581.5		1
581.6		1
581.7		1
581.8		1
581.9		1
582		1
582.1		1
582.2		1
582.3		1
582.4		1
582.5		1
582.6		1
582.7		1
582.8		1
582.9		1
583		1
583.1		1
583.2		1
583.3		1
583.4		1
583.5		1
583.6		1
583.7		1
583.8		1
583.9		1
584		1
584.1		1
584.2		1
584.3		1
584.4		1
584.5		1
584.6		1
584.7		1
584.8		1
584.9		1
585		1
585.1		1
585.2		1
585.3		1
585.4		1
585.5		1
585.6		1
585.7		1
585.8		1
585.9		1
586		1
586.1		1
586.2		1
586.3		1
586.4		1
586.5		1
586.6		1
586.7		1
586.8		1
586.9		1
587		1
587.1		1
587.2		1
587.3		1
587.4		1
587.5		1
587.6		1
587.7		1
587.8		1
587.9		1
588		1
588.1		1
588.2		1
588.3		1
588.4		1
588.5		1
588.6		1
588.7		1
588.8		1
588.9		1
589		1
589.1		1
589.2		1
589.3		1
589.4		1
589.5		1
589.6		1
589.7		1
589.8		1
589.9		1
590		1
590.1		1
590.2		1
590.3		1
590.4		1
590.5		1
590.6		1
590.7		1
590.8		1
590.9		1
591		1
591.1		1
591.2		1
591.3		1
591.4		1
591.5		1
591.6		1
591.7		1
591.8		1
591.9		1
592		1
592.1		1
592.2		1
592.3		1
592.4		1
592.5		1
592.6		1
592.7		1
592.8		1
592.9		1
593		1
593.1		1
593.2		1
593.3		1
593.4		1
593.5		1
593.6		1
593.7		1
593.8		1
593.9		1
594		1
594.1		1
594.2		1
594.3		1
594.4		1
594.5		1
594.6		1
594.7		1
594.8		1
594.9		1
595		1
595.1		1
595.2		1
595.3		1
595.4		1
595.5		1
595.6		1
595.7		1
595.8		1
595.9		1
596		1
596.1		1
596.2		1
596.3		1
596.4		1
596.5		1
596.6		1
596.7		1
596.8		1
596.9		1
597		1
597.1		1
597.2		1
597.3		1
597.4		1
597.5		1
597.6		1
597.7		1
597.8		1
597.9		1
598		1
598.1		1
598.2		1
598.3		1
598.4		1
598.5		1
598.6		1
598.7		1
598.8		1
598.9		1
599		1
599.1		1
599.2		1
599.3		1
599.4		1
599.5		1
599.6		1
599.7		1
599.8		1
599.9		1
600		1
