# Calibration file of tamex_id 1 @ channel 15
# fine_T bin		 Calibration value
0.1		0
0.2		0
0.3		0
0.4		0
0.5		0
0.6		0
0.7		0
0.8		0
0.9		0
1		0
1.1		0
1.2		0
1.3		0
1.4		0
1.5		0
1.6		0
1.7		0
1.8		0
1.9		0
2		0
2.1		0
2.2		0
2.3		0
2.4		0
2.5		0
2.6		0
2.7		0
2.8		0
2.9		0
3		0
3.1		0
3.2		0
3.3		0
3.4		0
3.5		0
3.6		0
3.7		0
3.8		0
3.9		0
4		0
4.1		0
4.2		0
4.3		0
4.4		0
4.5		0
4.6		0
4.7		0
4.8		0
4.9		0
5		0
5.1		0
5.2		0
5.3		0
5.4		0
5.5		0
5.6		0
5.7		0
5.8		0
5.9		0
6		0
6.1		0
6.2		0
6.3		0
6.4		0
6.5		0
6.6		0
6.7		0
6.8		0
6.9		0
7		0
7.1		0
7.2		0
7.3		0
7.4		0
7.5		0
7.6		0
7.7		0
7.8		0
7.9		0
8		0
8.1		0
8.2		0
8.3		0
8.4		0
8.5		0
8.6		0
8.7		0
8.8		0
8.9		0
9		0
9.1		0
9.2		0
9.3		0
9.4		0
9.5		0
9.6		0
9.7		0
9.8		0
9.9		0
10		0
10.1		0
10.2		0
10.3		0
10.4		0
10.5		0
10.6		0
10.7		0
10.8		0
10.9		0
11		0
11.1		0
11.2		0
11.3		0
11.4		0
11.5		0
11.6		0
11.7		0
11.8		0
11.9		0
12		0
12.1		0
12.2		0
12.3		0
12.4		0
12.5		0
12.6		0
12.7		0
12.8		0
12.9		0
13		0
13.1		0
13.2		0
13.3		0
13.4		0
13.5		0
13.6		0
13.7		0
13.8		0
13.9		0
14		0
14.1		0
14.2		0
14.3		0
14.4		0
14.5		0
14.6		0
14.7		0
14.8		0
14.9		0
15		0
15.1		0
15.2		0
15.3		0
15.4		0
15.5		0
15.6		0
15.7		0
15.8		0
15.9		0
16		0
16.1		0.00545861
16.2		0.00545861
16.3		0.00545861
16.4		0.00545861
16.5		0.00545861
16.6		0.00545861
16.7		0.00545861
16.8		0.00545861
16.9		0.00545861
17		0.00545861
17.1		0.00649243
17.2		0.00649243
17.3		0.00649243
17.4		0.00649243
17.5		0.00649243
17.6		0.00649243
17.7		0.00649243
17.8		0.00649243
17.9		0.00649243
18		0.00649243
18.1		0.00992474
18.2		0.00992474
18.3		0.00992474
18.4		0.00992474
18.5		0.00992474
18.6		0.00992474
18.7		0.00992474
18.8		0.00992474
18.9		0.00992474
19		0.00992474
19.1		0.0124473
19.2		0.0124473
19.3		0.0124473
19.4		0.0124473
19.5		0.0124473
19.6		0.0124473
19.7		0.0124473
19.8		0.0124473
19.9		0.0124473
20		0.0124473
20.1		0.0146803
20.2		0.0146803
20.3		0.0146803
20.4		0.0146803
20.5		0.0146803
20.6		0.0146803
20.7		0.0146803
20.8		0.0146803
20.9		0.0146803
21		0.0146803
21.1		0.0172856
21.2		0.0172856
21.3		0.0172856
21.4		0.0172856
21.5		0.0172856
21.6		0.0172856
21.7		0.0172856
21.8		0.0172856
21.9		0.0172856
22		0.0172856
22.1		0.0197254
22.2		0.0197254
22.3		0.0197254
22.4		0.0197254
22.5		0.0197254
22.6		0.0197254
22.7		0.0197254
22.8		0.0197254
22.9		0.0197254
23		0.0197254
23.1		0.020263
23.2		0.020263
23.3		0.020263
23.4		0.020263
23.5		0.020263
23.6		0.020263
23.7		0.020263
23.8		0.020263
23.9		0.020263
24		0.020263
24.1		0.0250186
24.2		0.0250186
24.3		0.0250186
24.4		0.0250186
24.5		0.0250186
24.6		0.0250186
24.7		0.0250186
24.8		0.0250186
24.9		0.0250186
25		0.0250186
25.1		0.0277066
25.2		0.0277066
25.3		0.0277066
25.4		0.0277066
25.5		0.0277066
25.6		0.0277066
25.7		0.0277066
25.8		0.0277066
25.9		0.0277066
26		0.0277066
26.1		0.0286577
26.2		0.0286577
26.3		0.0286577
26.4		0.0286577
26.5		0.0286577
26.6		0.0286577
26.7		0.0286577
26.8		0.0286577
26.9		0.0286577
27		0.0286577
27.1		0.0302291
27.2		0.0302291
27.3		0.0302291
27.4		0.0302291
27.5		0.0302291
27.6		0.0302291
27.7		0.0302291
27.8		0.0302291
27.9		0.0302291
28		0.0302291
28.1		0.0314697
28.2		0.0314697
28.3		0.0314697
28.4		0.0314697
28.5		0.0314697
28.6		0.0314697
28.7		0.0314697
28.8		0.0314697
28.9		0.0314697
29		0.0314697
29.1		0.0334546
29.2		0.0334546
29.3		0.0334546
29.4		0.0334546
29.5		0.0334546
29.6		0.0334546
29.7		0.0334546
29.8		0.0334546
29.9		0.0334546
30		0.0334546
30.1		0.0337028
30.2		0.0337028
30.3		0.0337028
30.4		0.0337028
30.5		0.0337028
30.6		0.0337028
30.7		0.0337028
30.8		0.0337028
30.9		0.0337028
31		0.0337028
31.1		0.0361012
31.2		0.0361012
31.3		0.0361012
31.4		0.0361012
31.5		0.0361012
31.6		0.0361012
31.7		0.0361012
31.8		0.0361012
31.9		0.0361012
32		0.0361012
32.1		0.037714
32.2		0.037714
32.3		0.037714
32.4		0.037714
32.5		0.037714
32.6		0.037714
32.7		0.037714
32.8		0.037714
32.9		0.037714
33		0.037714
33.1		0.0427177
33.2		0.0427177
33.3		0.0427177
33.4		0.0427177
33.5		0.0427177
33.6		0.0427177
33.7		0.0427177
33.8		0.0427177
33.9		0.0427177
34		0.0427177
34.1		0.045447
34.2		0.045447
34.3		0.045447
34.4		0.045447
34.5		0.045447
34.6		0.045447
34.7		0.045447
34.8		0.045447
34.9		0.045447
35		0.045447
35.1		0.0462741
35.2		0.0462741
35.3		0.0462741
35.4		0.0462741
35.5		0.0462741
35.6		0.0462741
35.7		0.0462741
35.8		0.0462741
35.9		0.0462741
36		0.0462741
36.1		0.0464809
36.2		0.0464809
36.3		0.0464809
36.4		0.0464809
36.5		0.0464809
36.6		0.0464809
36.7		0.0464809
36.8		0.0464809
36.9		0.0464809
37		0.0464809
37.1		0.0490447
37.2		0.0490447
37.3		0.0490447
37.4		0.0490447
37.5		0.0490447
37.6		0.0490447
37.7		0.0490447
37.8		0.0490447
37.9		0.0490447
38		0.0490447
38.1		0.050947
38.2		0.050947
38.3		0.050947
38.4		0.050947
38.5		0.050947
38.6		0.050947
38.7		0.050947
38.8		0.050947
38.9		0.050947
39		0.050947
39.1		0.0531801
39.2		0.0531801
39.3		0.0531801
39.4		0.0531801
39.5		0.0531801
39.6		0.0531801
39.7		0.0531801
39.8		0.0531801
39.9		0.0531801
40		0.0531801
40.1		0.0549582
40.2		0.0549582
40.3		0.0549582
40.4		0.0549582
40.5		0.0549582
40.6		0.0549582
40.7		0.0549582
40.8		0.0549582
40.9		0.0549582
41		0.0549582
41.1		0.0562815
41.2		0.0562815
41.3		0.0562815
41.4		0.0562815
41.5		0.0562815
41.6		0.0562815
41.7		0.0562815
41.8		0.0562815
41.9		0.0562815
42		0.0562815
42.1		0.0581011
42.2		0.0581011
42.3		0.0581011
42.4		0.0581011
42.5		0.0581011
42.6		0.0581011
42.7		0.0581011
42.8		0.0581011
42.9		0.0581011
43		0.0581011
43.1		0.0583078
43.2		0.0583078
43.3		0.0583078
43.4		0.0583078
43.5		0.0583078
43.6		0.0583078
43.7		0.0583078
43.8		0.0583078
43.9		0.0583078
44		0.0583078
44.1		0.062774
44.2		0.062774
44.3		0.062774
44.4		0.062774
44.5		0.062774
44.6		0.062774
44.7		0.062774
44.8		0.062774
44.9		0.062774
45		0.062774
45.1		0.0652138
45.2		0.0652138
45.3		0.0652138
45.4		0.0652138
45.5		0.0652138
45.6		0.0652138
45.7		0.0652138
45.8		0.0652138
45.9		0.0652138
46		0.0652138
46.1		0.0685634
46.2		0.0685634
46.3		0.0685634
46.4		0.0685634
46.5		0.0685634
46.6		0.0685634
46.7		0.0685634
46.8		0.0685634
46.9		0.0685634
47		0.0685634
47.1		0.0686875
47.2		0.0686875
47.3		0.0686875
47.4		0.0686875
47.5		0.0686875
47.6		0.0686875
47.7		0.0686875
47.8		0.0686875
47.9		0.0686875
48		0.0686875
48.1		0.069101
48.2		0.069101
48.3		0.069101
48.4		0.069101
48.5		0.069101
48.6		0.069101
48.7		0.069101
48.8		0.069101
48.9		0.069101
49		0.069101
49.1		0.0693077
49.2		0.0693077
49.3		0.0693077
49.4		0.0693077
49.5		0.0693077
49.6		0.0693077
49.7		0.0693077
49.8		0.0693077
49.9		0.0693077
50		0.0693077
50.1		0.0747664
50.2		0.0747664
50.3		0.0747664
50.4		0.0747664
50.5		0.0747664
50.6		0.0747664
50.7		0.0747664
50.8		0.0747664
50.9		0.0747664
51		0.0747664
51.1		0.0754694
51.2		0.0754694
51.3		0.0754694
51.4		0.0754694
51.5		0.0754694
51.6		0.0754694
51.7		0.0754694
51.8		0.0754694
51.9		0.0754694
52		0.0754694
52.1		0.078116
52.2		0.078116
52.3		0.078116
52.4		0.078116
52.5		0.078116
52.6		0.078116
52.7		0.078116
52.8		0.078116
52.9		0.078116
53		0.078116
53.1		0.078819
53.2		0.078819
53.3		0.078819
53.4		0.078819
53.5		0.078819
53.6		0.078819
53.7		0.078819
53.8		0.078819
53.9		0.078819
54		0.078819
54.1		0.078943
54.2		0.078943
54.3		0.078943
54.4		0.078943
54.5		0.078943
54.6		0.078943
54.7		0.078943
54.8		0.078943
54.9		0.078943
55		0.078943
55.1		0.0841121
55.2		0.0841121
55.3		0.0841121
55.4		0.0841121
55.5		0.0841121
55.6		0.0841121
55.7		0.0841121
55.8		0.0841121
55.9		0.0841121
56		0.0841121
56.1		0.0855182
56.2		0.0855182
56.3		0.0855182
56.4		0.0855182
56.5		0.0855182
56.6		0.0855182
56.7		0.0855182
56.8		0.0855182
56.9		0.0855182
57		0.0855182
57.1		0.0870896
57.2		0.0870896
57.3		0.0870896
57.4		0.0870896
57.5		0.0870896
57.6		0.0870896
57.7		0.0870896
57.8		0.0870896
57.9		0.0870896
58		0.0870896
58.1		0.0905632
58.2		0.0905632
58.3		0.0905632
58.4		0.0905632
58.5		0.0905632
58.6		0.0905632
58.7		0.0905632
58.8		0.0905632
58.9		0.0905632
59		0.0905632
59.1		0.0910595
59.2		0.0910595
59.3		0.0910595
59.4		0.0910595
59.5		0.0910595
59.6		0.0910595
59.7		0.0910595
59.8		0.0910595
59.9		0.0910595
60		0.0910595
60.1		0.0918452
60.2		0.0918452
60.3		0.0918452
60.4		0.0918452
60.5		0.0918452
60.6		0.0918452
60.7		0.0918452
60.8		0.0918452
60.9		0.0918452
61		0.0918452
61.1		0.0953188
61.2		0.0953188
61.3		0.0953188
61.4		0.0953188
61.5		0.0953188
61.6		0.0953188
61.7		0.0953188
61.8		0.0953188
61.9		0.0953188
62		0.0953188
62.1		0.0954015
62.2		0.0954015
62.3		0.0954015
62.4		0.0954015
62.5		0.0954015
62.6		0.0954015
62.7		0.0954015
62.8		0.0954015
62.9		0.0954015
63		0.0954015
63.1		0.0991647
63.2		0.0991647
63.3		0.0991647
63.4		0.0991647
63.5		0.0991647
63.6		0.0991647
63.7		0.0991647
63.8		0.0991647
63.9		0.0991647
64		0.0991647
64.1		0.100157
64.2		0.100157
64.3		0.100157
64.4		0.100157
64.5		0.100157
64.6		0.100157
64.7		0.100157
64.8		0.100157
64.9		0.100157
65		0.100157
65.1		0.101274
65.2		0.101274
65.3		0.101274
65.4		0.101274
65.5		0.101274
65.6		0.101274
65.7		0.101274
65.8		0.101274
65.9		0.101274
66		0.101274
66.1		0.10148
66.2		0.10148
66.3		0.10148
66.4		0.10148
66.5		0.10148
66.6		0.10148
66.7		0.10148
66.8		0.10148
66.9		0.10148
67		0.10148
67.1		0.103838
67.2		0.103838
67.3		0.103838
67.4		0.103838
67.5		0.103838
67.6		0.103838
67.7		0.103838
67.8		0.103838
67.9		0.103838
68		0.103838
68.1		0.106071
68.2		0.106071
68.3		0.106071
68.4		0.106071
68.5		0.106071
68.6		0.106071
68.7		0.106071
68.8		0.106071
68.9		0.106071
69		0.106071
69.1		0.110702
69.2		0.110702
69.3		0.110702
69.4		0.110702
69.5		0.110702
69.6		0.110702
69.7		0.110702
69.8		0.110702
69.9		0.110702
70		0.110702
70.1		0.113018
70.2		0.113018
70.3		0.113018
70.4		0.113018
70.5		0.113018
70.6		0.113018
70.7		0.113018
70.8		0.113018
70.9		0.113018
71		0.113018
71.1		0.113597
71.2		0.113597
71.3		0.113597
71.4		0.113597
71.5		0.113597
71.6		0.113597
71.7		0.113597
71.8		0.113597
71.9		0.113597
72		0.113597
72.1		0.115789
72.2		0.115789
72.3		0.115789
72.4		0.115789
72.5		0.115789
72.6		0.115789
72.7		0.115789
72.8		0.115789
72.9		0.115789
73		0.115789
73.1		0.116533
73.2		0.116533
73.3		0.116533
73.4		0.116533
73.5		0.116533
73.6		0.116533
73.7		0.116533
73.8		0.116533
73.9		0.116533
74		0.116533
74.1		0.117195
74.2		0.117195
74.3		0.117195
74.4		0.117195
74.5		0.117195
74.6		0.117195
74.7		0.117195
74.8		0.117195
74.9		0.117195
75		0.117195
75.1		0.121868
75.2		0.121868
75.3		0.121868
75.4		0.121868
75.5		0.121868
75.6		0.121868
75.7		0.121868
75.8		0.121868
75.9		0.121868
76		0.121868
76.1		0.122984
76.2		0.122984
76.3		0.122984
76.4		0.122984
76.5		0.122984
76.6		0.122984
76.7		0.122984
76.8		0.122984
76.9		0.122984
77		0.122984
77.1		0.124018
77.2		0.124018
77.3		0.124018
77.4		0.124018
77.5		0.124018
77.6		0.124018
77.7		0.124018
77.8		0.124018
77.9		0.124018
78		0.124018
78.1		0.124886
78.2		0.124886
78.3		0.124886
78.4		0.124886
78.5		0.124886
78.6		0.124886
78.7		0.124886
78.8		0.124886
78.9		0.124886
79		0.124886
79.1		0.128443
79.2		0.128443
79.3		0.128443
79.4		0.128443
79.5		0.128443
79.6		0.128443
79.7		0.128443
79.8		0.128443
79.9		0.128443
80		0.128443
80.1		0.128443
80.2		0.128443
80.3		0.128443
80.4		0.128443
80.5		0.128443
80.6		0.128443
80.7		0.128443
80.8		0.128443
80.9		0.128443
81		0.128443
81.1		0.131627
81.2		0.131627
81.3		0.131627
81.4		0.131627
81.5		0.131627
81.6		0.131627
81.7		0.131627
81.8		0.131627
81.9		0.131627
82		0.131627
82.1		0.132164
82.2		0.132164
82.3		0.132164
82.4		0.132164
82.5		0.132164
82.6		0.132164
82.7		0.132164
82.8		0.132164
82.9		0.132164
83		0.132164
83.1		0.136052
83.2		0.136052
83.3		0.136052
83.4		0.136052
83.5		0.136052
83.6		0.136052
83.7		0.136052
83.8		0.136052
83.9		0.136052
84		0.136052
84.1		0.13783
84.2		0.13783
84.3		0.13783
84.4		0.13783
84.5		0.13783
84.6		0.13783
84.7		0.13783
84.8		0.13783
84.9		0.13783
85		0.13783
85.1		0.141386
85.2		0.141386
85.3		0.141386
85.4		0.141386
85.5		0.141386
85.6		0.141386
85.7		0.141386
85.8		0.141386
85.9		0.141386
86		0.141386
86.1		0.142709
86.2		0.142709
86.3		0.142709
86.4		0.142709
86.5		0.142709
86.6		0.142709
86.7		0.142709
86.8		0.142709
86.9		0.142709
87		0.142709
87.1		0.14304
87.2		0.14304
87.3		0.14304
87.4		0.14304
87.5		0.14304
87.6		0.14304
87.7		0.14304
87.8		0.14304
87.9		0.14304
88		0.14304
88.1		0.146018
88.2		0.146018
88.3		0.146018
88.4		0.146018
88.5		0.146018
88.6		0.146018
88.7		0.146018
88.8		0.146018
88.9		0.146018
89		0.146018
89.1		0.14792
89.2		0.14792
89.3		0.14792
89.4		0.14792
89.5		0.14792
89.6		0.14792
89.7		0.14792
89.8		0.14792
89.9		0.14792
90		0.14792
90.1		0.149739
90.2		0.149739
90.3		0.149739
90.4		0.149739
90.5		0.149739
90.6		0.149739
90.7		0.149739
90.8		0.149739
90.9		0.149739
91		0.149739
91.1		0.153379
91.2		0.153379
91.3		0.153379
91.4		0.153379
91.5		0.153379
91.6		0.153379
91.7		0.153379
91.8		0.153379
91.9		0.153379
92		0.153379
92.1		0.155818
92.2		0.155818
92.3		0.155818
92.4		0.155818
92.5		0.155818
92.6		0.155818
92.7		0.155818
92.8		0.155818
92.9		0.155818
93		0.155818
93.1		0.156191
93.2		0.156191
93.3		0.156191
93.4		0.156191
93.5		0.156191
93.6		0.156191
93.7		0.156191
93.8		0.156191
93.9		0.156191
94		0.156191
94.1		0.158713
94.2		0.158713
94.3		0.158713
94.4		0.158713
94.5		0.158713
94.6		0.158713
94.7		0.158713
94.8		0.158713
94.9		0.158713
95		0.158713
95.1		0.160202
95.2		0.160202
95.3		0.160202
95.4		0.160202
95.5		0.160202
95.6		0.160202
95.7		0.160202
95.8		0.160202
95.9		0.160202
96		0.160202
96.1		0.162559
96.2		0.162559
96.3		0.162559
96.4		0.162559
96.5		0.162559
96.6		0.162559
96.7		0.162559
96.8		0.162559
96.9		0.162559
97		0.162559
97.1		0.167108
97.2		0.167108
97.3		0.167108
97.4		0.167108
97.5		0.167108
97.6		0.167108
97.7		0.167108
97.8		0.167108
97.9		0.167108
98		0.167108
98.1		0.169465
98.2		0.169465
98.3		0.169465
98.4		0.169465
98.5		0.169465
98.6		0.169465
98.7		0.169465
98.8		0.169465
98.9		0.169465
99		0.169465
99.1		0.170044
99.2		0.170044
99.3		0.170044
99.4		0.170044
99.5		0.170044
99.6		0.170044
99.7		0.170044
99.8		0.170044
99.9		0.170044
100		0.170044
100.1		0.173352
100.2		0.173352
100.3		0.173352
100.4		0.173352
100.5		0.173352
100.6		0.173352
100.7		0.173352
100.8		0.173352
100.9		0.173352
101		0.173352
101.1		0.173352
101.2		0.173352
101.3		0.173352
101.4		0.173352
101.5		0.173352
101.6		0.173352
101.7		0.173352
101.8		0.173352
101.9		0.173352
102		0.173352
102.1		0.176867
102.2		0.176867
102.3		0.176867
102.4		0.176867
102.5		0.176867
102.6		0.176867
102.7		0.176867
102.8		0.176867
102.9		0.176867
103		0.176867
103.1		0.180341
103.2		0.180341
103.3		0.180341
103.4		0.180341
103.5		0.180341
103.6		0.180341
103.7		0.180341
103.8		0.180341
103.9		0.180341
104		0.180341
104.1		0.181581
104.2		0.181581
104.3		0.181581
104.4		0.181581
104.5		0.181581
104.6		0.181581
104.7		0.181581
104.8		0.181581
104.9		0.181581
105		0.181581
105.1		0.181664
105.2		0.181664
105.3		0.181664
105.4		0.181664
105.5		0.181664
105.6		0.181664
105.7		0.181664
105.8		0.181664
105.9		0.181664
106		0.181664
106.1		0.185965
106.2		0.185965
106.3		0.185965
106.4		0.185965
106.5		0.185965
106.6		0.185965
106.7		0.185965
106.8		0.185965
106.9		0.185965
107		0.185965
107.1		0.189108
107.2		0.189108
107.3		0.189108
107.4		0.189108
107.5		0.189108
107.6		0.189108
107.7		0.189108
107.8		0.189108
107.9		0.189108
108		0.189108
108.1		0.189356
108.2		0.189356
108.3		0.189356
108.4		0.189356
108.5		0.189356
108.6		0.189356
108.7		0.189356
108.8		0.189356
108.9		0.189356
109		0.189356
109.1		0.195104
109.2		0.195104
109.3		0.195104
109.4		0.195104
109.5		0.195104
109.6		0.195104
109.7		0.195104
109.8		0.195104
109.9		0.195104
110		0.195104
110.1		0.196179
110.2		0.196179
110.3		0.196179
110.4		0.196179
110.5		0.196179
110.6		0.196179
110.7		0.196179
110.8		0.196179
110.9		0.196179
111		0.196179
111.1		0.196923
111.2		0.196923
111.3		0.196923
111.4		0.196923
111.5		0.196923
111.6		0.196923
111.7		0.196923
111.8		0.196923
111.9		0.196923
112		0.196923
112.1		0.197502
112.2		0.197502
112.3		0.197502
112.4		0.197502
112.5		0.197502
112.6		0.197502
112.7		0.197502
112.8		0.197502
112.9		0.197502
113		0.197502
113.1		0.197916
113.2		0.197916
113.3		0.197916
113.4		0.197916
113.5		0.197916
113.6		0.197916
113.7		0.197916
113.8		0.197916
113.9		0.197916
114		0.197916
114.1		0.203457
114.2		0.203457
114.3		0.203457
114.4		0.203457
114.5		0.203457
114.6		0.203457
114.7		0.203457
114.8		0.203457
114.9		0.203457
115		0.203457
115.1		0.203705
115.2		0.203705
115.3		0.203705
115.4		0.203705
115.5		0.203705
115.6		0.203705
115.7		0.203705
115.8		0.203705
115.9		0.203705
116		0.203705
116.1		0.20751
116.2		0.20751
116.3		0.20751
116.4		0.20751
116.5		0.20751
116.6		0.20751
116.7		0.20751
116.8		0.20751
116.9		0.20751
117		0.20751
117.1		0.208792
117.2		0.208792
117.3		0.208792
117.4		0.208792
117.5		0.208792
117.6		0.208792
117.7		0.208792
117.8		0.208792
117.9		0.208792
118		0.208792
118.1		0.209329
118.2		0.209329
118.3		0.209329
118.4		0.209329
118.5		0.209329
118.6		0.209329
118.7		0.209329
118.8		0.209329
118.9		0.209329
119		0.209329
119.1		0.212017
119.2		0.212017
119.3		0.212017
119.4		0.212017
119.5		0.212017
119.6		0.212017
119.7		0.212017
119.8		0.212017
119.9		0.212017
120		0.212017
120.1		0.214581
120.2		0.214581
120.3		0.214581
120.4		0.214581
120.5		0.214581
120.6		0.214581
120.7		0.214581
120.8		0.214581
120.9		0.214581
121		0.214581
121.1		0.215408
121.2		0.215408
121.3		0.215408
121.4		0.215408
121.5		0.215408
121.6		0.215408
121.7		0.215408
121.8		0.215408
121.9		0.215408
122		0.215408
122.1		0.215904
122.2		0.215904
122.3		0.215904
122.4		0.215904
122.5		0.215904
122.6		0.215904
122.7		0.215904
122.8		0.215904
122.9		0.215904
123		0.215904
123.1		0.217517
123.2		0.217517
123.3		0.217517
123.4		0.217517
123.5		0.217517
123.6		0.217517
123.7		0.217517
123.8		0.217517
123.9		0.217517
124		0.217517
124.1		0.220619
124.2		0.220619
124.3		0.220619
124.4		0.220619
124.5		0.220619
124.6		0.220619
124.7		0.220619
124.8		0.220619
124.9		0.220619
125		0.220619
125.1		0.223224
125.2		0.223224
125.3		0.223224
125.4		0.223224
125.5		0.223224
125.6		0.223224
125.7		0.223224
125.8		0.223224
125.9		0.223224
126		0.223224
126.1		0.226739
126.2		0.226739
126.3		0.226739
126.4		0.226739
126.5		0.226739
126.6		0.226739
126.7		0.226739
126.8		0.226739
126.9		0.226739
127		0.226739
127.1		0.227028
127.2		0.227028
127.3		0.227028
127.4		0.227028
127.5		0.227028
127.6		0.227028
127.7		0.227028
127.8		0.227028
127.9		0.227028
128		0.227028
128.1		0.227649
128.2		0.227649
128.3		0.227649
128.4		0.227649
128.5		0.227649
128.6		0.227649
128.7		0.227649
128.8		0.227649
128.9		0.227649
129		0.227649
129.1		0.230502
129.2		0.230502
129.3		0.230502
129.4		0.230502
129.5		0.230502
129.6		0.230502
129.7		0.230502
129.8		0.230502
129.9		0.230502
130		0.230502
130.1		0.231412
130.2		0.231412
130.3		0.231412
130.4		0.231412
130.5		0.231412
130.6		0.231412
130.7		0.231412
130.8		0.231412
130.9		0.231412
131		0.231412
131.1		0.233604
131.2		0.233604
131.3		0.233604
131.4		0.233604
131.5		0.233604
131.6		0.233604
131.7		0.233604
131.8		0.233604
131.9		0.233604
132		0.233604
132.1		0.236416
132.2		0.236416
132.3		0.236416
132.4		0.236416
132.5		0.236416
132.6		0.236416
132.7		0.236416
132.8		0.236416
132.9		0.236416
133		0.236416
133.1		0.236457
133.2		0.236457
133.3		0.236457
133.4		0.236457
133.5		0.236457
133.6		0.236457
133.7		0.236457
133.8		0.236457
133.9		0.236457
134		0.236457
134.1		0.237367
134.2		0.237367
134.3		0.237367
134.4		0.237367
134.5		0.237367
134.6		0.237367
134.7		0.237367
134.8		0.237367
134.9		0.237367
135		0.237367
135.1		0.240013
135.2		0.240013
135.3		0.240013
135.4		0.240013
135.5		0.240013
135.6		0.240013
135.7		0.240013
135.8		0.240013
135.9		0.240013
136		0.240013
136.1		0.24481
136.2		0.24481
136.3		0.24481
136.4		0.24481
136.5		0.24481
136.6		0.24481
136.7		0.24481
136.8		0.24481
136.9		0.24481
137		0.24481
137.1		0.247498
137.2		0.247498
137.3		0.247498
137.4		0.247498
137.5		0.247498
137.6		0.247498
137.7		0.247498
137.8		0.247498
137.9		0.247498
138		0.247498
138.1		0.248036
138.2		0.248036
138.3		0.248036
138.4		0.248036
138.5		0.248036
138.6		0.248036
138.7		0.248036
138.8		0.248036
138.9		0.248036
139		0.248036
139.1		0.248201
139.2		0.248201
139.3		0.248201
139.4		0.248201
139.5		0.248201
139.6		0.248201
139.7		0.248201
139.8		0.248201
139.9		0.248201
140		0.248201
140.1		0.25093
140.2		0.25093
140.3		0.25093
140.4		0.25093
140.5		0.25093
140.6		0.25093
140.7		0.25093
140.8		0.25093
140.9		0.25093
141		0.25093
141.1		0.25457
141.2		0.25457
141.3		0.25457
141.4		0.25457
141.5		0.25457
141.6		0.25457
141.7		0.25457
141.8		0.25457
141.9		0.25457
142		0.25457
142.1		0.259077
142.2		0.259077
142.3		0.259077
142.4		0.259077
142.5		0.259077
142.6		0.259077
142.7		0.259077
142.8		0.259077
142.9		0.259077
143		0.259077
143.1		0.259077
143.2		0.259077
143.3		0.259077
143.4		0.259077
143.5		0.259077
143.6		0.259077
143.7		0.259077
143.8		0.259077
143.9		0.259077
144		0.259077
144.1		0.259325
144.2		0.259325
144.3		0.259325
144.4		0.259325
144.5		0.259325
144.6		0.259325
144.7		0.259325
144.8		0.259325
144.9		0.259325
145		0.259325
145.1		0.261517
145.2		0.261517
145.3		0.261517
145.4		0.261517
145.5		0.261517
145.6		0.261517
145.7		0.261517
145.8		0.261517
145.9		0.261517
146		0.261517
146.1		0.262509
146.2		0.262509
146.3		0.262509
146.4		0.262509
146.5		0.262509
146.6		0.262509
146.7		0.262509
146.8		0.262509
146.9		0.262509
147		0.262509
147.1		0.266396
147.2		0.266396
147.3		0.266396
147.4		0.266396
147.5		0.266396
147.6		0.266396
147.7		0.266396
147.8		0.266396
147.9		0.266396
148		0.266396
148.1		0.269415
148.2		0.269415
148.3		0.269415
148.4		0.269415
148.5		0.269415
148.6		0.269415
148.7		0.269415
148.8		0.269415
148.9		0.269415
149		0.269415
149.1		0.270077
149.2		0.270077
149.3		0.270077
149.4		0.270077
149.5		0.270077
149.6		0.270077
149.7		0.270077
149.8		0.270077
149.9		0.270077
150		0.270077
150.1		0.271772
150.2		0.271772
150.3		0.271772
150.4		0.271772
150.5		0.271772
150.6		0.271772
150.7		0.271772
150.8		0.271772
150.9		0.271772
151		0.271772
151.1		0.274212
151.2		0.274212
151.3		0.274212
151.4		0.274212
151.5		0.274212
151.6		0.274212
151.7		0.274212
151.8		0.274212
151.9		0.274212
152		0.274212
152.1		0.274833
152.2		0.274833
152.3		0.274833
152.4		0.274833
152.5		0.274833
152.6		0.274833
152.7		0.274833
152.8		0.274833
152.9		0.274833
153		0.274833
153.1		0.276445
153.2		0.276445
153.3		0.276445
153.4		0.276445
153.5		0.276445
153.6		0.276445
153.7		0.276445
153.8		0.276445
153.9		0.276445
154		0.276445
154.1		0.279299
154.2		0.279299
154.3		0.279299
154.4		0.279299
154.5		0.279299
154.6		0.279299
154.7		0.279299
154.8		0.279299
154.9		0.279299
155		0.279299
155.1		0.279299
155.2		0.279299
155.3		0.279299
155.4		0.279299
155.5		0.279299
155.6		0.279299
155.7		0.279299
155.8		0.279299
155.9		0.279299
156		0.279299
156.1		0.283269
156.2		0.283269
156.3		0.283269
156.4		0.283269
156.5		0.283269
156.6		0.283269
156.7		0.283269
156.8		0.283269
156.9		0.283269
157		0.283269
157.1		0.286659
157.2		0.286659
157.3		0.286659
157.4		0.286659
157.5		0.286659
157.6		0.286659
157.7		0.286659
157.8		0.286659
157.9		0.286659
158		0.286659
158.1		0.286742
158.2		0.286742
158.3		0.286742
158.4		0.286742
158.5		0.286742
158.6		0.286742
158.7		0.286742
158.8		0.286742
158.9		0.286742
159		0.286742
159.1		0.288934
159.2		0.288934
159.3		0.288934
159.4		0.288934
159.5		0.288934
159.6		0.288934
159.7		0.288934
159.8		0.288934
159.9		0.288934
160		0.288934
160.1		0.291043
160.2		0.291043
160.3		0.291043
160.4		0.291043
160.5		0.291043
160.6		0.291043
160.7		0.291043
160.8		0.291043
160.9		0.291043
161		0.291043
161.1		0.294144
161.2		0.294144
161.3		0.294144
161.4		0.294144
161.5		0.294144
161.6		0.294144
161.7		0.294144
161.8		0.294144
161.9		0.294144
162		0.294144
162.1		0.299314
162.2		0.299314
162.3		0.299314
162.4		0.299314
162.5		0.299314
162.6		0.299314
162.7		0.299314
162.8		0.299314
162.9		0.299314
163		0.299314
163.1		0.300265
163.2		0.300265
163.3		0.300265
163.4		0.300265
163.5		0.300265
163.6		0.300265
163.7		0.300265
163.8		0.300265
163.9		0.300265
164		0.300265
164.1		0.300761
164.2		0.300761
164.3		0.300761
164.4		0.300761
164.5		0.300761
164.6		0.300761
164.7		0.300761
164.8		0.300761
164.9		0.300761
165		0.300761
165.1		0.305641
165.2		0.305641
165.3		0.305641
165.4		0.305641
165.5		0.305641
165.6		0.305641
165.7		0.305641
165.8		0.305641
165.9		0.305641
166		0.305641
166.1		0.306095
166.2		0.306095
166.3		0.306095
166.4		0.306095
166.5		0.306095
166.6		0.306095
166.7		0.306095
166.8		0.306095
166.9		0.306095
167		0.306095
167.1		0.306095
167.2		0.306095
167.3		0.306095
167.4		0.306095
167.5		0.306095
167.6		0.306095
167.7		0.306095
167.8		0.306095
167.9		0.306095
168		0.306095
168.1		0.310686
168.2		0.310686
168.3		0.310686
168.4		0.310686
168.5		0.310686
168.6		0.310686
168.7		0.310686
168.8		0.310686
168.9		0.310686
169		0.310686
169.1		0.31325
169.2		0.31325
169.3		0.31325
169.4		0.31325
169.5		0.31325
169.6		0.31325
169.7		0.31325
169.8		0.31325
169.9		0.31325
170		0.31325
170.1		0.31358
170.2		0.31358
170.3		0.31358
170.4		0.31358
170.5		0.31358
170.6		0.31358
170.7		0.31358
170.8		0.31358
170.9		0.31358
171		0.31358
171.1		0.317385
171.2		0.317385
171.3		0.317385
171.4		0.317385
171.5		0.317385
171.6		0.317385
171.7		0.317385
171.8		0.317385
171.9		0.317385
172		0.317385
172.1		0.317426
172.2		0.317426
172.3		0.317426
172.4		0.317426
172.5		0.317426
172.6		0.317426
172.7		0.317426
172.8		0.317426
172.9		0.317426
173		0.317426
173.1		0.318791
173.2		0.318791
173.3		0.318791
173.4		0.318791
173.5		0.318791
173.6		0.318791
173.7		0.318791
173.8		0.318791
173.9		0.318791
174		0.318791
174.1		0.323505
174.2		0.323505
174.3		0.323505
174.4		0.323505
174.5		0.323505
174.6		0.323505
174.7		0.323505
174.8		0.323505
174.9		0.323505
175		0.323505
175.1		0.324911
175.2		0.324911
175.3		0.324911
175.4		0.324911
175.5		0.324911
175.6		0.324911
175.7		0.324911
175.8		0.324911
175.9		0.324911
176		0.324911
176.1		0.326483
176.2		0.326483
176.3		0.326483
176.4		0.326483
176.5		0.326483
176.6		0.326483
176.7		0.326483
176.8		0.326483
176.9		0.326483
177		0.326483
177.1		0.327475
177.2		0.327475
177.3		0.327475
177.4		0.327475
177.5		0.327475
177.6		0.327475
177.7		0.327475
177.8		0.327475
177.9		0.327475
178		0.327475
178.1		0.330535
178.2		0.330535
178.3		0.330535
178.4		0.330535
178.5		0.330535
178.6		0.330535
178.7		0.330535
178.8		0.330535
178.9		0.330535
179		0.330535
179.1		0.3319
179.2		0.3319
179.3		0.3319
179.4		0.3319
179.5		0.3319
179.6		0.3319
179.7		0.3319
179.8		0.3319
179.9		0.3319
180		0.3319
180.1		0.333016
180.2		0.333016
180.3		0.333016
180.4		0.333016
180.5		0.333016
180.6		0.333016
180.7		0.333016
180.8		0.333016
180.9		0.333016
181		0.333016
181.1		0.337731
181.2		0.337731
181.3		0.337731
181.4		0.337731
181.5		0.337731
181.6		0.337731
181.7		0.337731
181.8		0.337731
181.9		0.337731
182		0.337731
182.1		0.338971
182.2		0.338971
182.3		0.338971
182.4		0.338971
182.5		0.338971
182.6		0.338971
182.7		0.338971
182.8		0.338971
182.9		0.338971
183		0.338971
183.1		0.340336
183.2		0.340336
183.3		0.340336
183.4		0.340336
183.5		0.340336
183.6		0.340336
183.7		0.340336
183.8		0.340336
183.9		0.340336
184		0.340336
184.1		0.340708
184.2		0.340708
184.3		0.340708
184.4		0.340708
184.5		0.340708
184.6		0.340708
184.7		0.340708
184.8		0.340708
184.9		0.340708
185		0.340708
185.1		0.342031
185.2		0.342031
185.3		0.342031
185.4		0.342031
185.5		0.342031
185.6		0.342031
185.7		0.342031
185.8		0.342031
185.9		0.342031
186		0.342031
186.1		0.344058
186.2		0.344058
186.3		0.344058
186.4		0.344058
186.5		0.344058
186.6		0.344058
186.7		0.344058
186.8		0.344058
186.9		0.344058
187		0.344058
187.1		0.348606
187.2		0.348606
187.3		0.348606
187.4		0.348606
187.5		0.348606
187.6		0.348606
187.7		0.348606
187.8		0.348606
187.9		0.348606
188		0.348606
188.1		0.351253
188.2		0.351253
188.3		0.351253
188.4		0.351253
188.5		0.351253
188.6		0.351253
188.7		0.351253
188.8		0.351253
188.9		0.351253
189		0.351253
189.1		0.351377
189.2		0.351377
189.3		0.351377
189.4		0.351377
189.5		0.351377
189.6		0.351377
189.7		0.351377
189.8		0.351377
189.9		0.351377
190		0.351377
190.1		0.353403
190.2		0.353403
190.3		0.353403
190.4		0.353403
190.5		0.353403
190.6		0.353403
190.7		0.353403
190.8		0.353403
190.9		0.353403
191		0.353403
191.1		0.354975
191.2		0.354975
191.3		0.354975
191.4		0.354975
191.5		0.354975
191.6		0.354975
191.7		0.354975
191.8		0.354975
191.9		0.354975
192		0.354975
192.1		0.357621
192.2		0.357621
192.3		0.357621
192.4		0.357621
192.5		0.357621
192.6		0.357621
192.7		0.357621
192.8		0.357621
192.9		0.357621
193		0.357621
193.1		0.362046
193.2		0.362046
193.3		0.362046
193.4		0.362046
193.5		0.362046
193.6		0.362046
193.7		0.362046
193.8		0.362046
193.9		0.362046
194		0.362046
194.1		0.363535
194.2		0.363535
194.3		0.363535
194.4		0.363535
194.5		0.363535
194.6		0.363535
194.7		0.363535
194.8		0.363535
194.9		0.363535
195		0.363535
195.1		0.363659
195.2		0.363659
195.3		0.363659
195.4		0.363659
195.5		0.363659
195.6		0.363659
195.7		0.363659
195.8		0.363659
195.9		0.363659
196		0.363659
196.1		0.365106
196.2		0.365106
196.3		0.365106
196.4		0.365106
196.5		0.365106
196.6		0.365106
196.7		0.365106
196.8		0.365106
196.9		0.365106
197		0.365106
197.1		0.368787
197.2		0.368787
197.3		0.368787
197.4		0.368787
197.5		0.368787
197.6		0.368787
197.7		0.368787
197.8		0.368787
197.9		0.368787
198		0.368787
198.1		0.369076
198.2		0.369076
198.3		0.369076
198.4		0.369076
198.5		0.369076
198.6		0.369076
198.7		0.369076
198.8		0.369076
198.9		0.369076
199		0.369076
199.1		0.373005
199.2		0.373005
199.3		0.373005
199.4		0.373005
199.5		0.373005
199.6		0.373005
199.7		0.373005
199.8		0.373005
199.9		0.373005
200		0.373005
200.1		0.374948
200.2		0.374948
200.3		0.374948
200.4		0.374948
200.5		0.374948
200.6		0.374948
200.7		0.374948
200.8		0.374948
200.9		0.374948
201		0.374948
201.1		0.375817
201.2		0.375817
201.3		0.375817
201.4		0.375817
201.5		0.375817
201.6		0.375817
201.7		0.375817
201.8		0.375817
201.9		0.375817
202		0.375817
202.1		0.378215
202.2		0.378215
202.3		0.378215
202.4		0.378215
202.5		0.378215
202.6		0.378215
202.7		0.378215
202.8		0.378215
202.9		0.378215
203		0.378215
203.1		0.379373
203.2		0.379373
203.3		0.379373
203.4		0.379373
203.5		0.379373
203.6		0.379373
203.7		0.379373
203.8		0.379373
203.9		0.379373
204		0.379373
204.1		0.383384
204.2		0.383384
204.3		0.383384
204.4		0.383384
204.5		0.383384
204.6		0.383384
204.7		0.383384
204.8		0.383384
204.9		0.383384
205		0.383384
205.1		0.384749
205.2		0.384749
205.3		0.384749
205.4		0.384749
205.5		0.384749
205.6		0.384749
205.7		0.384749
205.8		0.384749
205.9		0.384749
206		0.384749
206.1		0.385328
206.2		0.385328
206.3		0.385328
206.4		0.385328
206.5		0.385328
206.6		0.385328
206.7		0.385328
206.8		0.385328
206.9		0.385328
207		0.385328
207.1		0.389132
207.2		0.389132
207.3		0.389132
207.4		0.389132
207.5		0.389132
207.6		0.389132
207.7		0.389132
207.8		0.389132
207.9		0.389132
208		0.389132
208.1		0.390745
208.2		0.390745
208.3		0.390745
208.4		0.390745
208.5		0.390745
208.6		0.390745
208.7		0.390745
208.8		0.390745
208.9		0.390745
209		0.390745
209.1		0.392896
209.2		0.392896
209.3		0.392896
209.4		0.392896
209.5		0.392896
209.6		0.392896
209.7		0.392896
209.8		0.392896
209.9		0.392896
210		0.392896
210.1		0.393061
210.2		0.393061
210.3		0.393061
210.4		0.393061
210.5		0.393061
210.6		0.393061
210.7		0.393061
210.8		0.393061
210.9		0.393061
211		0.393061
211.1		0.395542
211.2		0.395542
211.3		0.395542
211.4		0.395542
211.5		0.395542
211.6		0.395542
211.7		0.395542
211.8		0.395542
211.9		0.395542
212		0.395542
212.1		0.396411
212.2		0.396411
212.3		0.396411
212.4		0.396411
212.5		0.396411
212.6		0.396411
212.7		0.396411
212.8		0.396411
212.9		0.396411
213		0.396411
213.1		0.39761
213.2		0.39761
213.3		0.39761
213.4		0.39761
213.5		0.39761
213.6		0.39761
213.7		0.39761
213.8		0.39761
213.9		0.39761
214		0.39761
214.1		0.403192
214.2		0.403192
214.3		0.403192
214.4		0.403192
214.5		0.403192
214.6		0.403192
214.7		0.403192
214.8		0.403192
214.9		0.403192
215		0.403192
215.1		0.403441
215.2		0.403441
215.3		0.403441
215.4		0.403441
215.5		0.403441
215.6		0.403441
215.7		0.403441
215.8		0.403441
215.9		0.403441
216		0.403441
216.1		0.403895
216.2		0.403895
216.3		0.403895
216.4		0.403895
216.5		0.403895
216.6		0.403895
216.7		0.403895
216.8		0.403895
216.9		0.403895
217		0.403895
217.1		0.404888
217.2		0.404888
217.3		0.404888
217.4		0.404888
217.5		0.404888
217.6		0.404888
217.7		0.404888
217.8		0.404888
217.9		0.404888
218		0.404888
218.1		0.409395
218.2		0.409395
218.3		0.409395
218.4		0.409395
218.5		0.409395
218.6		0.409395
218.7		0.409395
218.8		0.409395
218.9		0.409395
219		0.409395
219.1		0.411587
219.2		0.411587
219.3		0.411587
219.4		0.411587
219.5		0.411587
219.6		0.411587
219.7		0.411587
219.8		0.411587
219.9		0.411587
220		0.411587
220.1		0.414027
220.2		0.414027
220.3		0.414027
220.4		0.414027
220.5		0.414027
220.6		0.414027
220.7		0.414027
220.8		0.414027
220.9		0.414027
221		0.414027
221.1		0.414854
221.2		0.414854
221.3		0.414854
221.4		0.414854
221.5		0.414854
221.6		0.414854
221.7		0.414854
221.8		0.414854
221.9		0.414854
222		0.414854
222.1		0.416301
222.2		0.416301
222.3		0.416301
222.4		0.416301
222.5		0.416301
222.6		0.416301
222.7		0.416301
222.8		0.416301
222.9		0.416301
223		0.416301
223.1		0.417501
223.2		0.417501
223.3		0.417501
223.4		0.417501
223.5		0.417501
223.6		0.417501
223.7		0.417501
223.8		0.417501
223.9		0.417501
224		0.417501
224.1		0.419486
224.2		0.419486
224.3		0.419486
224.4		0.419486
224.5		0.419486
224.6		0.419486
224.7		0.419486
224.8		0.419486
224.9		0.419486
225		0.419486
225.1		0.422422
225.2		0.422422
225.3		0.422422
225.4		0.422422
225.5		0.422422
225.6		0.422422
225.7		0.422422
225.8		0.422422
225.9		0.422422
226		0.422422
226.1		0.427384
226.2		0.427384
226.3		0.427384
226.4		0.427384
226.5		0.427384
226.6		0.427384
226.7		0.427384
226.8		0.427384
226.9		0.427384
227		0.427384
227.1		0.428294
227.2		0.428294
227.3		0.428294
227.4		0.428294
227.5		0.428294
227.6		0.428294
227.7		0.428294
227.8		0.428294
227.9		0.428294
228		0.428294
228.1		0.4297
228.2		0.4297
228.3		0.4297
228.4		0.4297
228.5		0.4297
228.6		0.4297
228.7		0.4297
228.8		0.4297
228.9		0.4297
229		0.4297
229.1		0.430072
229.2		0.430072
229.3		0.430072
229.4		0.430072
229.5		0.430072
229.6		0.430072
229.7		0.430072
229.8		0.430072
229.9		0.430072
230		0.430072
230.1		0.434538
230.2		0.434538
230.3		0.434538
230.4		0.434538
230.5		0.434538
230.6		0.434538
230.7		0.434538
230.8		0.434538
230.9		0.434538
231		0.434538
231.1		0.434745
231.2		0.434745
231.3		0.434745
231.4		0.434745
231.5		0.434745
231.6		0.434745
231.7		0.434745
231.8		0.434745
231.9		0.434745
232		0.434745
232.1		0.440079
232.2		0.440079
232.3		0.440079
232.4		0.440079
232.5		0.440079
232.6		0.440079
232.7		0.440079
232.8		0.440079
232.9		0.440079
233		0.440079
233.1		0.440865
233.2		0.440865
233.3		0.440865
233.4		0.440865
233.5		0.440865
233.6		0.440865
233.7		0.440865
233.8		0.440865
233.9		0.440865
234		0.440865
234.1		0.440865
234.2		0.440865
234.3		0.440865
234.4		0.440865
234.5		0.440865
234.6		0.440865
234.7		0.440865
234.8		0.440865
234.9		0.440865
235		0.440865
235.1		0.443594
235.2		0.443594
235.3		0.443594
235.4		0.443594
235.5		0.443594
235.6		0.443594
235.7		0.443594
235.8		0.443594
235.9		0.443594
236		0.443594
236.1		0.447482
236.2		0.447482
236.3		0.447482
236.4		0.447482
236.5		0.447482
236.6		0.447482
236.7		0.447482
236.8		0.447482
236.9		0.447482
237		0.447482
237.1		0.448143
237.2		0.448143
237.3		0.448143
237.4		0.448143
237.5		0.448143
237.6		0.448143
237.7		0.448143
237.8		0.448143
237.9		0.448143
238		0.448143
238.1		0.452733
238.2		0.452733
238.3		0.452733
238.4		0.452733
238.5		0.452733
238.6		0.452733
238.7		0.452733
238.8		0.452733
238.9		0.452733
239		0.452733
239.1		0.45294
239.2		0.45294
239.3		0.45294
239.4		0.45294
239.5		0.45294
239.6		0.45294
239.7		0.45294
239.8		0.45294
239.9		0.45294
240		0.45294
240.1		0.456621
240.2		0.456621
240.3		0.456621
240.4		0.456621
240.5		0.456621
240.6		0.456621
240.7		0.456621
240.8		0.456621
240.9		0.456621
241		0.456621
241.1		0.457406
241.2		0.457406
241.3		0.457406
241.4		0.457406
241.5		0.457406
241.6		0.457406
241.7		0.457406
241.8		0.457406
241.9		0.457406
242		0.457406
242.1		0.457861
242.2		0.457861
242.3		0.457861
242.4		0.457861
242.5		0.457861
242.6		0.457861
242.7		0.457861
242.8		0.457861
242.9		0.457861
243		0.457861
243.1		0.460673
243.2		0.460673
243.3		0.460673
243.4		0.460673
243.5		0.460673
243.6		0.460673
243.7		0.460673
243.8		0.460673
243.9		0.460673
244		0.460673
244.1		0.4615
244.2		0.4615
244.3		0.4615
244.4		0.4615
244.5		0.4615
244.6		0.4615
244.7		0.4615
244.8		0.4615
244.9		0.4615
245		0.4615
245.1		0.463733
245.2		0.463733
245.3		0.463733
245.4		0.463733
245.5		0.463733
245.6		0.463733
245.7		0.463733
245.8		0.463733
245.9		0.463733
246		0.463733
246.1		0.466173
246.2		0.466173
246.3		0.466173
246.4		0.466173
246.5		0.466173
246.6		0.466173
246.7		0.466173
246.8		0.466173
246.9		0.466173
247		0.466173
247.1		0.468365
247.2		0.468365
247.3		0.468365
247.4		0.468365
247.5		0.468365
247.6		0.468365
247.7		0.468365
247.8		0.468365
247.9		0.468365
248		0.468365
248.1		0.470598
248.2		0.470598
248.3		0.470598
248.4		0.470598
248.5		0.470598
248.6		0.470598
248.7		0.470598
248.8		0.470598
248.9		0.470598
249		0.470598
249.1		0.470763
249.2		0.470763
249.3		0.470763
249.4		0.470763
249.5		0.470763
249.6		0.470763
249.7		0.470763
249.8		0.470763
249.9		0.470763
250		0.470763
250.1		0.472252
250.2		0.472252
250.3		0.472252
250.4		0.472252
250.5		0.472252
250.6		0.472252
250.7		0.472252
250.8		0.472252
250.9		0.472252
251		0.472252
251.1		0.47279
251.2		0.47279
251.3		0.47279
251.4		0.47279
251.5		0.47279
251.6		0.47279
251.7		0.47279
251.8		0.47279
251.9		0.47279
252		0.47279
252.1		0.477835
252.2		0.477835
252.3		0.477835
252.4		0.477835
252.5		0.477835
252.6		0.477835
252.7		0.477835
252.8		0.477835
252.9		0.477835
253		0.477835
253.1		0.479158
253.2		0.479158
253.3		0.479158
253.4		0.479158
253.5		0.479158
253.6		0.479158
253.7		0.479158
253.8		0.479158
253.9		0.479158
254		0.479158
254.1		0.47953
254.2		0.47953
254.3		0.47953
254.4		0.47953
254.5		0.47953
254.6		0.47953
254.7		0.47953
254.8		0.47953
254.9		0.47953
255		0.47953
255.1		0.481267
255.2		0.481267
255.3		0.481267
255.4		0.481267
255.5		0.481267
255.6		0.481267
255.7		0.481267
255.8		0.481267
255.9		0.481267
256		0.481267
256.1		0.483128
256.2		0.483128
256.3		0.483128
256.4		0.483128
256.5		0.483128
256.6		0.483128
256.7		0.483128
256.8		0.483128
256.9		0.483128
257		0.483128
257.1		0.485609
257.2		0.485609
257.3		0.485609
257.4		0.485609
257.5		0.485609
257.6		0.485609
257.7		0.485609
257.8		0.485609
257.9		0.485609
258		0.485609
258.1		0.488669
258.2		0.488669
258.3		0.488669
258.4		0.488669
258.5		0.488669
258.6		0.488669
258.7		0.488669
258.8		0.488669
258.9		0.488669
259		0.488669
259.1		0.490034
259.2		0.490034
259.3		0.490034
259.4		0.490034
259.5		0.490034
259.6		0.490034
259.7		0.490034
259.8		0.490034
259.9		0.490034
260		0.490034
260.1		0.493921
260.2		0.493921
260.3		0.493921
260.4		0.493921
260.5		0.493921
260.6		0.493921
260.7		0.493921
260.8		0.493921
260.9		0.493921
261		0.493921
261.1		0.495906
261.2		0.495906
261.3		0.495906
261.4		0.495906
261.5		0.495906
261.6		0.495906
261.7		0.495906
261.8		0.495906
261.9		0.495906
262		0.495906
262.1		0.496402
262.2		0.496402
262.3		0.496402
262.4		0.496402
262.5		0.496402
262.6		0.496402
262.7		0.496402
262.8		0.496402
262.9		0.496402
263		0.496402
263.1		0.498677
263.2		0.498677
263.3		0.498677
263.4		0.498677
263.5		0.498677
263.6		0.498677
263.7		0.498677
263.8		0.498677
263.9		0.498677
264		0.498677
264.1		0.501323
264.2		0.501323
264.3		0.501323
264.4		0.501323
264.5		0.501323
264.6		0.501323
264.7		0.501323
264.8		0.501323
264.9		0.501323
265		0.501323
265.1		0.506451
265.2		0.506451
265.3		0.506451
265.4		0.506451
265.5		0.506451
265.6		0.506451
265.7		0.506451
265.8		0.506451
265.9		0.506451
266		0.506451
266.1		0.506616
266.2		0.506616
266.3		0.506616
266.4		0.506616
266.5		0.506616
266.6		0.506616
266.7		0.506616
266.8		0.506616
266.9		0.506616
267		0.506616
267.1		0.507444
267.2		0.507444
267.3		0.507444
267.4		0.507444
267.5		0.507444
267.6		0.507444
267.7		0.507444
267.8		0.507444
267.9		0.507444
268		0.507444
268.1		0.508932
268.2		0.508932
268.3		0.508932
268.4		0.508932
268.5		0.508932
268.6		0.508932
268.7		0.508932
268.8		0.508932
268.9		0.508932
269		0.508932
269.1		0.510752
269.2		0.510752
269.3		0.510752
269.4		0.510752
269.5		0.510752
269.6		0.510752
269.7		0.510752
269.8		0.510752
269.9		0.510752
270		0.510752
270.1		0.516293
270.2		0.516293
270.3		0.516293
270.4		0.516293
270.5		0.516293
270.6		0.516293
270.7		0.516293
270.8		0.516293
270.9		0.516293
271		0.516293
271.1		0.517575
271.2		0.517575
271.3		0.517575
271.4		0.517575
271.5		0.517575
271.6		0.517575
271.7		0.517575
271.8		0.517575
271.9		0.517575
272		0.517575
272.1		0.517865
272.2		0.517865
272.3		0.517865
272.4		0.517865
272.5		0.517865
272.6		0.517865
272.7		0.517865
272.8		0.517865
272.9		0.517865
273		0.517865
273.1		0.519932
273.2		0.519932
273.3		0.519932
273.4		0.519932
273.5		0.519932
273.6		0.519932
273.7		0.519932
273.8		0.519932
273.9		0.519932
274		0.519932
274.1		0.520842
274.2		0.520842
274.3		0.520842
274.4		0.520842
274.5		0.520842
274.6		0.520842
274.7		0.520842
274.8		0.520842
274.9		0.520842
275		0.520842
275.1		0.522331
275.2		0.522331
275.3		0.522331
275.4		0.522331
275.5		0.522331
275.6		0.522331
275.7		0.522331
275.8		0.522331
275.9		0.522331
276		0.522331
276.1		0.527624
276.2		0.527624
276.3		0.527624
276.4		0.527624
276.5		0.527624
276.6		0.527624
276.7		0.527624
276.8		0.527624
276.9		0.527624
277		0.527624
277.1		0.528286
277.2		0.528286
277.3		0.528286
277.4		0.528286
277.5		0.528286
277.6		0.528286
277.7		0.528286
277.8		0.528286
277.9		0.528286
278		0.528286
278.1		0.530105
278.2		0.530105
278.3		0.530105
278.4		0.530105
278.5		0.530105
278.6		0.530105
278.7		0.530105
278.8		0.530105
278.9		0.530105
279		0.530105
279.1		0.530519
279.2		0.530519
279.3		0.530519
279.4		0.530519
279.5		0.530519
279.6		0.530519
279.7		0.530519
279.8		0.530519
279.9		0.530519
280		0.530519
280.1		0.532049
280.2		0.532049
280.3		0.532049
280.4		0.532049
280.5		0.532049
280.6		0.532049
280.7		0.532049
280.8		0.532049
280.9		0.532049
281		0.532049
281.1		0.53668
281.2		0.53668
281.3		0.53668
281.4		0.53668
281.5		0.53668
281.6		0.53668
281.7		0.53668
281.8		0.53668
281.9		0.53668
282		0.53668
282.1		0.539327
282.2		0.539327
282.3		0.539327
282.4		0.539327
282.5		0.539327
282.6		0.539327
282.7		0.539327
282.8		0.539327
282.9		0.539327
283		0.539327
283.1		0.540112
283.2		0.540112
283.3		0.540112
283.4		0.540112
283.5		0.540112
283.6		0.540112
283.7		0.540112
283.8		0.540112
283.9		0.540112
284		0.540112
284.1		0.546026
284.2		0.546026
284.3		0.546026
284.4		0.546026
284.5		0.546026
284.6		0.546026
284.7		0.546026
284.8		0.546026
284.9		0.546026
285		0.546026
285.1		0.548094
285.2		0.548094
285.3		0.548094
285.4		0.548094
285.5		0.548094
285.6		0.548094
285.7		0.548094
285.8		0.548094
285.9		0.548094
286		0.548094
286.1		0.548714
286.2		0.548714
286.3		0.548714
286.4		0.548714
286.5		0.548714
286.6		0.548714
286.7		0.548714
286.8		0.548714
286.9		0.548714
287		0.548714
287.1		0.549086
287.2		0.549086
287.3		0.549086
287.4		0.549086
287.5		0.549086
287.6		0.549086
287.7		0.549086
287.8		0.549086
287.9		0.549086
288		0.549086
288.1		0.550161
288.2		0.550161
288.3		0.550161
288.4		0.550161
288.5		0.550161
288.6		0.550161
288.7		0.550161
288.8		0.550161
288.9		0.550161
289		0.550161
289.1		0.557439
289.2		0.557439
289.3		0.557439
289.4		0.557439
289.5		0.557439
289.6		0.557439
289.7		0.557439
289.8		0.557439
289.9		0.557439
290		0.557439
290.1		0.557439
290.2		0.557439
290.3		0.557439
290.4		0.557439
290.5		0.557439
290.6		0.557439
290.7		0.557439
290.8		0.557439
290.9		0.557439
291		0.557439
291.1		0.559094
291.2		0.559094
291.3		0.559094
291.4		0.559094
291.5		0.559094
291.6		0.559094
291.7		0.559094
291.8		0.559094
291.9		0.559094
292		0.559094
292.1		0.559383
292.2		0.559383
292.3		0.559383
292.4		0.559383
292.5		0.559383
292.6		0.559383
292.7		0.559383
292.8		0.559383
292.9		0.559383
293		0.559383
293.1		0.559466
293.2		0.559466
293.3		0.559466
293.4		0.559466
293.5		0.559466
293.6		0.559466
293.7		0.559466
293.8		0.559466
293.9		0.559466
294		0.559466
294.1		0.565255
294.2		0.565255
294.3		0.565255
294.4		0.565255
294.5		0.565255
294.6		0.565255
294.7		0.565255
294.8		0.565255
294.9		0.565255
295		0.565255
295.1		0.569432
295.2		0.569432
295.3		0.569432
295.4		0.569432
295.5		0.569432
295.6		0.569432
295.7		0.569432
295.8		0.569432
295.9		0.569432
296		0.569432
296.1		0.571251
296.2		0.571251
296.3		0.571251
296.4		0.571251
296.5		0.571251
296.6		0.571251
296.7		0.571251
296.8		0.571251
296.9		0.571251
297		0.571251
297.1		0.574436
297.2		0.574436
297.3		0.574436
297.4		0.574436
297.5		0.574436
297.6		0.574436
297.7		0.574436
297.8		0.574436
297.9		0.574436
298		0.574436
298.1		0.57733
298.2		0.57733
298.3		0.57733
298.4		0.57733
298.5		0.57733
298.6		0.57733
298.7		0.57733
298.8		0.57733
298.9		0.57733
299		0.57733
299.1		0.579935
299.2		0.579935
299.3		0.579935
299.4		0.579935
299.5		0.579935
299.6		0.579935
299.7		0.579935
299.8		0.579935
299.9		0.579935
300		0.579935
300.1		0.583285
300.2		0.583285
300.3		0.583285
300.4		0.583285
300.5		0.583285
300.6		0.583285
300.7		0.583285
300.8		0.583285
300.9		0.583285
301		0.583285
301.1		0.584071
301.2		0.584071
301.3		0.584071
301.4		0.584071
301.5		0.584071
301.6		0.584071
301.7		0.584071
301.8		0.584071
301.9		0.584071
302		0.584071
302.1		0.584484
302.2		0.584484
302.3		0.584484
302.4		0.584484
302.5		0.584484
302.6		0.584484
302.7		0.584484
302.8		0.584484
302.9		0.584484
303		0.584484
303.1		0.588785
303.2		0.588785
303.3		0.588785
303.4		0.588785
303.5		0.588785
303.6		0.588785
303.7		0.588785
303.8		0.588785
303.9		0.588785
304		0.588785
304.1		0.590935
304.2		0.590935
304.3		0.590935
304.4		0.590935
304.5		0.590935
304.6		0.590935
304.7		0.590935
304.8		0.590935
304.9		0.590935
305		0.590935
305.1		0.591225
305.2		0.591225
305.3		0.591225
305.4		0.591225
305.5		0.591225
305.6		0.591225
305.7		0.591225
305.8		0.591225
305.9		0.591225
306		0.591225
306.1		0.594823
306.2		0.594823
306.3		0.594823
306.4		0.594823
306.5		0.594823
306.6		0.594823
306.7		0.594823
306.8		0.594823
306.9		0.594823
307		0.594823
307.1		0.595153
307.2		0.595153
307.3		0.595153
307.4		0.595153
307.5		0.595153
307.6		0.595153
307.7		0.595153
307.8		0.595153
307.9		0.595153
308		0.595153
308.1		0.598544
308.2		0.598544
308.3		0.598544
308.4		0.598544
308.5		0.598544
308.6		0.598544
308.7		0.598544
308.8		0.598544
308.9		0.598544
309		0.598544
309.1		0.600323
309.2		0.600323
309.3		0.600323
309.4		0.600323
309.5		0.600323
309.6		0.600323
309.7		0.600323
309.8		0.600323
309.9		0.600323
310		0.600323
310.1		0.600364
310.2		0.600364
310.3		0.600364
310.4		0.600364
310.5		0.600364
310.6		0.600364
310.7		0.600364
310.8		0.600364
310.9		0.600364
311		0.600364
311.1		0.601356
311.2		0.601356
311.3		0.601356
311.4		0.601356
311.5		0.601356
311.6		0.601356
311.7		0.601356
311.8		0.601356
311.9		0.601356
312		0.601356
312.1		0.606815
312.2		0.606815
312.3		0.606815
312.4		0.606815
312.5		0.606815
312.6		0.606815
312.7		0.606815
312.8		0.606815
312.9		0.606815
313		0.606815
313.1		0.609048
313.2		0.609048
313.3		0.609048
313.4		0.609048
313.5		0.609048
313.6		0.609048
313.7		0.609048
313.8		0.609048
313.9		0.609048
314		0.609048
314.1		0.609792
314.2		0.609792
314.3		0.609792
314.4		0.609792
314.5		0.609792
314.6		0.609792
314.7		0.609792
314.8		0.609792
314.9		0.609792
315		0.609792
315.1		0.610619
315.2		0.610619
315.3		0.610619
315.4		0.610619
315.5		0.610619
315.6		0.610619
315.7		0.610619
315.8		0.610619
315.9		0.610619
316		0.610619
316.1		0.613556
316.2		0.613556
316.3		0.613556
316.4		0.613556
316.5		0.613556
316.6		0.613556
316.7		0.613556
316.8		0.613556
316.9		0.613556
317		0.613556
317.1		0.615416
317.2		0.615416
317.3		0.615416
317.4		0.615416
317.5		0.615416
317.6		0.615416
317.7		0.615416
317.8		0.615416
317.9		0.615416
318		0.615416
318.1		0.618022
318.2		0.618022
318.3		0.618022
318.4		0.618022
318.5		0.618022
318.6		0.618022
318.7		0.618022
318.8		0.618022
318.9		0.618022
319		0.618022
319.1		0.620089
319.2		0.620089
319.3		0.620089
319.4		0.620089
319.5		0.620089
319.6		0.620089
319.7		0.620089
319.8		0.620089
319.9		0.620089
320		0.620089
320.1		0.626416
320.2		0.626416
320.3		0.626416
320.4		0.626416
320.5		0.626416
320.6		0.626416
320.7		0.626416
320.8		0.626416
320.9		0.626416
321		0.626416
321.1		0.626623
321.2		0.626623
321.3		0.626623
321.4		0.626623
321.5		0.626623
321.6		0.626623
321.7		0.626623
321.8		0.626623
321.9		0.626623
322		0.626623
322.1		0.626789
322.2		0.626789
322.3		0.626789
322.4		0.626789
322.5		0.626789
322.6		0.626789
322.7		0.626789
322.8		0.626789
322.9		0.626789
323		0.626789
323.1		0.627533
323.2		0.627533
323.3		0.627533
323.4		0.627533
323.5		0.627533
323.6		0.627533
323.7		0.627533
323.8		0.627533
323.9		0.627533
324		0.627533
324.1		0.629104
324.2		0.629104
324.3		0.629104
324.4		0.629104
324.5		0.629104
324.6		0.629104
324.7		0.629104
324.8		0.629104
324.9		0.629104
325		0.629104
325.1		0.635142
325.2		0.635142
325.3		0.635142
325.4		0.635142
325.5		0.635142
325.6		0.635142
325.7		0.635142
325.8		0.635142
325.9		0.635142
326		0.635142
326.1		0.635142
326.2		0.635142
326.3		0.635142
326.4		0.635142
326.5		0.635142
326.6		0.635142
326.7		0.635142
326.8		0.635142
326.9		0.635142
327		0.635142
327.1		0.637127
327.2		0.637127
327.3		0.637127
327.4		0.637127
327.5		0.637127
327.6		0.637127
327.7		0.637127
327.8		0.637127
327.9		0.637127
328		0.637127
328.1		0.637334
328.2		0.637334
328.3		0.637334
328.4		0.637334
328.5		0.637334
328.6		0.637334
328.7		0.637334
328.8		0.637334
328.9		0.637334
329		0.637334
329.1		0.637623
329.2		0.637623
329.3		0.637623
329.4		0.637623
329.5		0.637623
329.6		0.637623
329.7		0.637623
329.8		0.637623
329.9		0.637623
330		0.637623
330.1		0.640394
330.2		0.640394
330.3		0.640394
330.4		0.640394
330.5		0.640394
330.6		0.640394
330.7		0.640394
330.8		0.640394
330.9		0.640394
331		0.640394
331.1		0.643909
331.2		0.643909
331.3		0.643909
331.4		0.643909
331.5		0.643909
331.6		0.643909
331.7		0.643909
331.8		0.643909
331.9		0.643909
332		0.643909
332.1		0.645149
332.2		0.645149
332.3		0.645149
332.4		0.645149
332.5		0.645149
332.6		0.645149
332.7		0.645149
332.8		0.645149
332.9		0.645149
333		0.645149
333.1		0.647217
333.2		0.647217
333.3		0.647217
333.4		0.647217
333.5		0.647217
333.6		0.647217
333.7		0.647217
333.8		0.647217
333.9		0.647217
334		0.647217
334.1		0.650484
334.2		0.650484
334.3		0.650484
334.4		0.650484
334.5		0.650484
334.6		0.650484
334.7		0.650484
334.8		0.650484
334.9		0.650484
335		0.650484
335.1		0.65098
335.2		0.65098
335.3		0.65098
335.4		0.65098
335.5		0.65098
335.6		0.65098
335.7		0.65098
335.8		0.65098
335.9		0.65098
336		0.65098
336.1		0.651848
336.2		0.651848
336.3		0.651848
336.4		0.651848
336.5		0.651848
336.6		0.651848
336.7		0.651848
336.8		0.651848
336.9		0.651848
337		0.651848
337.1		0.655446
337.2		0.655446
337.3		0.655446
337.4		0.655446
337.5		0.655446
337.6		0.655446
337.7		0.655446
337.8		0.655446
337.9		0.655446
338		0.655446
338.1		0.657348
338.2		0.657348
338.3		0.657348
338.4		0.657348
338.5		0.657348
338.6		0.657348
338.7		0.657348
338.8		0.657348
338.9		0.657348
339		0.657348
339.1		0.660119
339.2		0.660119
339.3		0.660119
339.4		0.660119
339.5		0.660119
339.6		0.660119
339.7		0.660119
339.8		0.660119
339.9		0.660119
340		0.660119
340.1		0.660905
340.2		0.660905
340.3		0.660905
340.4		0.660905
340.5		0.660905
340.6		0.660905
340.7		0.660905
340.8		0.660905
340.9		0.660905
341		0.660905
341.1		0.664544
341.2		0.664544
341.3		0.664544
341.4		0.664544
341.5		0.664544
341.6		0.664544
341.7		0.664544
341.8		0.664544
341.9		0.664544
342		0.664544
342.1		0.66719
342.2		0.66719
342.3		0.66719
342.4		0.66719
342.5		0.66719
342.6		0.66719
342.7		0.66719
342.8		0.66719
342.9		0.66719
343		0.66719
343.1		0.671863
343.2		0.671863
343.3		0.671863
343.4		0.671863
343.5		0.671863
343.6		0.671863
343.7		0.671863
343.8		0.671863
343.9		0.671863
344		0.671863
344.1		0.672318
344.2		0.672318
344.3		0.672318
344.4		0.672318
344.5		0.672318
344.6		0.672318
344.7		0.672318
344.8		0.672318
344.9		0.672318
345		0.672318
345.1		0.673848
345.2		0.673848
345.3		0.673848
345.4		0.673848
345.5		0.673848
345.6		0.673848
345.7		0.673848
345.8		0.673848
345.9		0.673848
346		0.673848
346.1		0.675378
346.2		0.675378
346.3		0.675378
346.4		0.675378
346.5		0.675378
346.6		0.675378
346.7		0.675378
346.8		0.675378
346.9		0.675378
347		0.675378
347.1		0.678314
347.2		0.678314
347.3		0.678314
347.4		0.678314
347.5		0.678314
347.6		0.678314
347.7		0.678314
347.8		0.678314
347.9		0.678314
348		0.678314
348.1		0.682987
348.2		0.682987
348.3		0.682987
348.4		0.682987
348.5		0.682987
348.6		0.682987
348.7		0.682987
348.8		0.682987
348.9		0.682987
349		0.682987
349.1		0.684269
349.2		0.684269
349.3		0.684269
349.4		0.684269
349.5		0.684269
349.6		0.684269
349.7		0.684269
349.8		0.684269
349.9		0.684269
350		0.684269
350.1		0.684269
350.2		0.684269
350.3		0.684269
350.4		0.684269
350.5		0.684269
350.6		0.684269
350.7		0.684269
350.8		0.684269
350.9		0.684269
351		0.684269
351.1		0.6846
351.2		0.6846
351.3		0.6846
351.4		0.6846
351.5		0.6846
351.6		0.6846
351.7		0.6846
351.8		0.6846
351.9		0.6846
352		0.6846
352.1		0.687205
352.2		0.687205
352.3		0.687205
352.4		0.687205
352.5		0.687205
352.6		0.687205
352.7		0.687205
352.8		0.687205
352.9		0.687205
353		0.687205
353.1		0.688446
353.2		0.688446
353.3		0.688446
353.4		0.688446
353.5		0.688446
353.6		0.688446
353.7		0.688446
353.8		0.688446
353.9		0.688446
354		0.688446
354.1		0.693863
354.2		0.693863
354.3		0.693863
354.4		0.693863
354.5		0.693863
354.6		0.693863
354.7		0.693863
354.8		0.693863
354.9		0.693863
355		0.693863
355.1		0.694814
355.2		0.694814
355.3		0.694814
355.4		0.694814
355.5		0.694814
355.6		0.694814
355.7		0.694814
355.8		0.694814
355.9		0.694814
356		0.694814
356.1		0.69804
356.2		0.69804
356.3		0.69804
356.4		0.69804
356.5		0.69804
356.6		0.69804
356.7		0.69804
356.8		0.69804
356.9		0.69804
357		0.69804
357.1		0.700604
357.2		0.700604
357.3		0.700604
357.4		0.700604
357.5		0.700604
357.6		0.700604
357.7		0.700604
357.8		0.700604
357.9		0.700604
358		0.700604
358.1		0.702837
358.2		0.702837
358.3		0.702837
358.4		0.702837
358.5		0.702837
358.6		0.702837
358.7		0.702837
358.8		0.702837
358.9		0.702837
359		0.702837
359.1		0.705856
359.2		0.705856
359.3		0.705856
359.4		0.705856
359.5		0.705856
359.6		0.705856
359.7		0.705856
359.8		0.705856
359.9		0.705856
360		0.705856
360.1		0.709495
360.2		0.709495
360.3		0.709495
360.4		0.709495
360.5		0.709495
360.6		0.709495
360.7		0.709495
360.8		0.709495
360.9		0.709495
361		0.709495
361.1		0.709908
361.2		0.709908
361.3		0.709908
361.4		0.709908
361.5		0.709908
361.6		0.709908
361.7		0.709908
361.8		0.709908
361.9		0.709908
362		0.709908
362.1		0.711562
362.2		0.711562
362.3		0.711562
362.4		0.711562
362.5		0.711562
362.6		0.711562
362.7		0.711562
362.8		0.711562
362.9		0.711562
363		0.711562
363.1		0.712431
363.2		0.712431
363.3		0.712431
363.4		0.712431
363.5		0.712431
363.6		0.712431
363.7		0.712431
363.8		0.712431
363.9		0.712431
364		0.712431
364.1		0.715532
364.2		0.715532
364.3		0.715532
364.4		0.715532
364.5		0.715532
364.6		0.715532
364.7		0.715532
364.8		0.715532
364.9		0.715532
365		0.715532
365.1		0.717889
365.2		0.717889
365.3		0.717889
365.4		0.717889
365.5		0.717889
365.6		0.717889
365.7		0.717889
365.8		0.717889
365.9		0.717889
366		0.717889
366.1		0.718592
366.2		0.718592
366.3		0.718592
366.4		0.718592
366.5		0.718592
366.6		0.718592
366.7		0.718592
366.8		0.718592
366.9		0.718592
367		0.718592
367.1		0.719047
367.2		0.719047
367.3		0.719047
367.4		0.719047
367.5		0.719047
367.6		0.719047
367.7		0.719047
367.8		0.719047
367.9		0.719047
368		0.719047
368.1		0.722686
368.2		0.722686
368.3		0.722686
368.4		0.722686
368.5		0.722686
368.6		0.722686
368.7		0.722686
368.8		0.722686
368.9		0.722686
369		0.722686
369.1		0.723513
369.2		0.723513
369.3		0.723513
369.4		0.723513
369.5		0.723513
369.6		0.723513
369.7		0.723513
369.8		0.723513
369.9		0.723513
370		0.723513
370.1		0.729427
370.2		0.729427
370.3		0.729427
370.4		0.729427
370.5		0.729427
370.6		0.729427
370.7		0.729427
370.8		0.729427
370.9		0.729427
371		0.729427
371.1		0.729758
371.2		0.729758
371.3		0.729758
371.4		0.729758
371.5		0.729758
371.6		0.729758
371.7		0.729758
371.8		0.729758
371.9		0.729758
372		0.729758
372.1		0.729799
372.2		0.729799
372.3		0.729799
372.4		0.729799
372.5		0.729799
372.6		0.729799
372.7		0.729799
372.8		0.729799
372.9		0.729799
373		0.729799
373.1		0.732073
373.2		0.732073
373.3		0.732073
373.4		0.732073
373.5		0.732073
373.6		0.732073
373.7		0.732073
373.8		0.732073
373.9		0.732073
374		0.732073
374.1		0.736788
374.2		0.736788
374.3		0.736788
374.4		0.736788
374.5		0.736788
374.6		0.736788
374.7		0.736788
374.8		0.736788
374.9		0.736788
375		0.736788
375.1		0.738442
375.2		0.738442
375.3		0.738442
375.4		0.738442
375.5		0.738442
375.6		0.738442
375.7		0.738442
375.8		0.738442
375.9		0.738442
376		0.738442
376.1		0.739517
376.2		0.739517
376.3		0.739517
376.4		0.739517
376.5		0.739517
376.6		0.739517
376.7		0.739517
376.8		0.739517
376.9		0.739517
377		0.739517
377.1		0.741088
377.2		0.741088
377.3		0.741088
377.4		0.741088
377.5		0.741088
377.6		0.741088
377.7		0.741088
377.8		0.741088
377.9		0.741088
378		0.741088
378.1		0.743652
378.2		0.743652
378.3		0.743652
378.4		0.743652
378.5		0.743652
378.6		0.743652
378.7		0.743652
378.8		0.743652
378.9		0.743652
379		0.743652
379.1		0.745265
379.2		0.745265
379.3		0.745265
379.4		0.745265
379.5		0.745265
379.6		0.745265
379.7		0.745265
379.8		0.745265
379.9		0.745265
380		0.745265
380.1		0.747415
380.2		0.747415
380.3		0.747415
380.4		0.747415
380.5		0.747415
380.6		0.747415
380.7		0.747415
380.8		0.747415
380.9		0.747415
381		0.747415
381.1		0.748036
381.2		0.748036
381.3		0.748036
381.4		0.748036
381.5		0.748036
381.6		0.748036
381.7		0.748036
381.8		0.748036
381.9		0.748036
382		0.748036
382.1		0.752171
382.2		0.752171
382.3		0.752171
382.4		0.752171
382.5		0.752171
382.6		0.752171
382.7		0.752171
382.8		0.752171
382.9		0.752171
383		0.752171
383.1		0.75366
383.2		0.75366
383.3		0.75366
383.4		0.75366
383.5		0.75366
383.6		0.75366
383.7		0.75366
383.8		0.75366
383.9		0.75366
384		0.75366
384.1		0.758002
384.2		0.758002
384.3		0.758002
384.4		0.758002
384.5		0.758002
384.6		0.758002
384.7		0.758002
384.8		0.758002
384.9		0.758002
385		0.758002
385.1		0.75916
385.2		0.75916
385.3		0.75916
385.4		0.75916
385.5		0.75916
385.6		0.75916
385.7		0.75916
385.8		0.75916
385.9		0.75916
386		0.75916
386.1		0.760318
386.2		0.760318
386.3		0.760318
386.4		0.760318
386.5		0.760318
386.6		0.760318
386.7		0.760318
386.8		0.760318
386.9		0.760318
387		0.760318
387.1		0.763088
387.2		0.763088
387.3		0.763088
387.4		0.763088
387.5		0.763088
387.6		0.763088
387.7		0.763088
387.8		0.763088
387.9		0.763088
388		0.763088
388.1		0.763543
388.2		0.763543
388.3		0.763543
388.4		0.763543
388.5		0.763543
388.6		0.763543
388.7		0.763543
388.8		0.763543
388.9		0.763543
389		0.763543
389.1		0.765611
389.2		0.765611
389.3		0.765611
389.4		0.765611
389.5		0.765611
389.6		0.765611
389.7		0.765611
389.8		0.765611
389.9		0.765611
390		0.765611
390.1		0.769498
390.2		0.769498
390.3		0.769498
390.4		0.769498
390.5		0.769498
390.6		0.769498
390.7		0.769498
390.8		0.769498
390.9		0.769498
391		0.769498
391.1		0.771524
391.2		0.771524
391.3		0.771524
391.4		0.771524
391.5		0.771524
391.6		0.771524
391.7		0.771524
391.8		0.771524
391.9		0.771524
392		0.771524
392.1		0.772475
392.2		0.772475
392.3		0.772475
392.4		0.772475
392.5		0.772475
392.6		0.772475
392.7		0.772475
392.8		0.772475
392.9		0.772475
393		0.772475
393.1		0.773757
393.2		0.773757
393.3		0.773757
393.4		0.773757
393.5		0.773757
393.6		0.773757
393.7		0.773757
393.8		0.773757
393.9		0.773757
394		0.773757
394.1		0.774874
394.2		0.774874
394.3		0.774874
394.4		0.774874
394.5		0.774874
394.6		0.774874
394.7		0.774874
394.8		0.774874
394.9		0.774874
395		0.774874
395.1		0.776652
395.2		0.776652
395.3		0.776652
395.4		0.776652
395.5		0.776652
395.6		0.776652
395.7		0.776652
395.8		0.776652
395.9		0.776652
396		0.776652
396.1		0.781738
396.2		0.781738
396.3		0.781738
396.4		0.781738
396.5		0.781738
396.6		0.781738
396.7		0.781738
396.8		0.781738
396.9		0.781738
397		0.781738
397.1		0.782814
397.2		0.782814
397.3		0.782814
397.4		0.782814
397.5		0.782814
397.6		0.782814
397.7		0.782814
397.8		0.782814
397.9		0.782814
398		0.782814
398.1		0.78331
398.2		0.78331
398.3		0.78331
398.4		0.78331
398.5		0.78331
398.6		0.78331
398.7		0.78331
398.8		0.78331
398.9		0.78331
399		0.78331
399.1		0.786411
399.2		0.786411
399.3		0.786411
399.4		0.786411
399.5		0.786411
399.6		0.786411
399.7		0.786411
399.8		0.786411
399.9		0.786411
400		0.786411
400.1		0.786866
400.2		0.786866
400.3		0.786866
400.4		0.786866
400.5		0.786866
400.6		0.786866
400.7		0.786866
400.8		0.786866
400.9		0.786866
401		0.786866
401.1		0.789637
401.2		0.789637
401.3		0.789637
401.4		0.789637
401.5		0.789637
401.6		0.789637
401.7		0.789637
401.8		0.789637
401.9		0.789637
402		0.789637
402.1		0.789926
402.2		0.789926
402.3		0.789926
402.4		0.789926
402.5		0.789926
402.6		0.789926
402.7		0.789926
402.8		0.789926
402.9		0.789926
403		0.789926
403.1		0.793896
403.2		0.793896
403.3		0.793896
403.4		0.793896
403.5		0.793896
403.6		0.793896
403.7		0.793896
403.8		0.793896
403.9		0.793896
404		0.793896
404.1		0.796419
404.2		0.796419
404.3		0.796419
404.4		0.796419
404.5		0.796419
404.6		0.796419
404.7		0.796419
404.8		0.796419
404.9		0.796419
405		0.796419
405.1		0.797122
405.2		0.797122
405.3		0.797122
405.4		0.797122
405.5		0.797122
405.6		0.797122
405.7		0.797122
405.8		0.797122
405.9		0.797122
406		0.797122
406.1		0.798776
406.2		0.798776
406.3		0.798776
406.4		0.798776
406.5		0.798776
406.6		0.798776
406.7		0.798776
406.8		0.798776
406.9		0.798776
407		0.798776
407.1		0.80225
407.2		0.80225
407.3		0.80225
407.4		0.80225
407.5		0.80225
407.6		0.80225
407.7		0.80225
407.8		0.80225
407.9		0.80225
408		0.80225
408.1		0.804028
408.2		0.804028
408.3		0.804028
408.4		0.804028
408.5		0.804028
408.6		0.804028
408.7		0.804028
408.8		0.804028
408.9		0.804028
409		0.804028
409.1		0.807626
409.2		0.807626
409.3		0.807626
409.4		0.807626
409.5		0.807626
409.6		0.807626
409.7		0.807626
409.8		0.807626
409.9		0.807626
410		0.807626
410.1		0.808411
410.2		0.808411
410.3		0.808411
410.4		0.808411
410.5		0.808411
410.6		0.808411
410.7		0.808411
410.8		0.808411
410.9		0.808411
411		0.808411
411.1		0.808701
411.2		0.808701
411.3		0.808701
411.4		0.808701
411.5		0.808701
411.6		0.808701
411.7		0.808701
411.8		0.808701
411.9		0.808701
412		0.808701
412.1		0.811347
412.2		0.811347
412.3		0.811347
412.4		0.811347
412.5		0.811347
412.6		0.811347
412.7		0.811347
412.8		0.811347
412.9		0.811347
413		0.811347
413.1		0.813994
413.2		0.813994
413.3		0.813994
413.4		0.813994
413.5		0.813994
413.6		0.813994
413.7		0.813994
413.8		0.813994
413.9		0.813994
414		0.813994
414.1		0.8154
414.2		0.8154
414.3		0.8154
414.4		0.8154
414.5		0.8154
414.6		0.8154
414.7		0.8154
414.8		0.8154
414.9		0.8154
415		0.8154
415.1		0.818501
415.2		0.818501
415.3		0.818501
415.4		0.818501
415.5		0.818501
415.6		0.818501
415.7		0.818501
415.8		0.818501
415.9		0.818501
416		0.818501
416.1		0.819825
416.2		0.819825
416.3		0.819825
416.4		0.819825
416.5		0.819825
416.6		0.819825
416.7		0.819825
416.8		0.819825
416.9		0.819825
417		0.819825
417.1		0.819949
417.2		0.819949
417.3		0.819949
417.4		0.819949
417.5		0.819949
417.6		0.819949
417.7		0.819949
417.8		0.819949
417.9		0.819949
418		0.819949
418.1		0.82181
418.2		0.82181
418.3		0.82181
418.4		0.82181
418.5		0.82181
418.6		0.82181
418.7		0.82181
418.8		0.82181
418.9		0.82181
419		0.82181
419.1		0.823877
419.2		0.823877
419.3		0.823877
419.4		0.823877
419.5		0.823877
419.6		0.823877
419.7		0.823877
419.8		0.823877
419.9		0.823877
420		0.823877
420.1		0.826276
420.2		0.826276
420.3		0.826276
420.4		0.826276
420.5		0.826276
420.6		0.826276
420.7		0.826276
420.8		0.826276
420.9		0.826276
421		0.826276
421.1		0.829253
421.2		0.829253
421.3		0.829253
421.4		0.829253
421.5		0.829253
421.6		0.829253
421.7		0.829253
421.8		0.829253
421.9		0.829253
422		0.829253
422.1		0.830328
422.2		0.830328
422.3		0.830328
422.4		0.830328
422.5		0.830328
422.6		0.830328
422.7		0.830328
422.8		0.830328
422.9		0.830328
423		0.830328
423.1		0.832355
423.2		0.832355
423.3		0.832355
423.4		0.832355
423.5		0.832355
423.6		0.832355
423.7		0.832355
423.8		0.832355
423.9		0.832355
424		0.832355
424.1		0.834091
424.2		0.834091
424.3		0.834091
424.4		0.834091
424.5		0.834091
424.6		0.834091
424.7		0.834091
424.8		0.834091
424.9		0.834091
425		0.834091
425.1		0.835373
425.2		0.835373
425.3		0.835373
425.4		0.835373
425.5		0.835373
425.6		0.835373
425.7		0.835373
425.8		0.835373
425.9		0.835373
426		0.835373
426.1		0.838144
426.2		0.838144
426.3		0.838144
426.4		0.838144
426.5		0.838144
426.6		0.838144
426.7		0.838144
426.8		0.838144
426.9		0.838144
427		0.838144
427.1		0.838268
427.2		0.838268
427.3		0.838268
427.4		0.838268
427.5		0.838268
427.6		0.838268
427.7		0.838268
427.8		0.838268
427.9		0.838268
428		0.838268
428.1		0.840997
428.2		0.840997
428.3		0.840997
428.4		0.840997
428.5		0.840997
428.6		0.840997
428.7		0.840997
428.8		0.840997
428.9		0.840997
429		0.840997
429.1		0.843892
429.2		0.843892
429.3		0.843892
429.4		0.843892
429.5		0.843892
429.6		0.843892
429.7		0.843892
429.8		0.843892
429.9		0.843892
430		0.843892
430.1		0.845794
430.2		0.845794
430.3		0.845794
430.4		0.845794
430.5		0.845794
430.6		0.845794
430.7		0.845794
430.8		0.845794
430.9		0.845794
431		0.845794
431.1		0.846787
431.2		0.846787
431.3		0.846787
431.4		0.846787
431.5		0.846787
431.6		0.846787
431.7		0.846787
431.8		0.846787
431.9		0.846787
432		0.846787
432.1		0.847945
432.2		0.847945
432.3		0.847945
432.4		0.847945
432.5		0.847945
432.6		0.847945
432.7		0.847945
432.8		0.847945
432.9		0.847945
433		0.847945
433.1		0.849392
433.2		0.849392
433.3		0.849392
433.4		0.849392
433.5		0.849392
433.6		0.849392
433.7		0.849392
433.8		0.849392
433.9		0.849392
434		0.849392
434.1		0.849888
434.2		0.849888
434.3		0.849888
434.4		0.849888
434.5		0.849888
434.6		0.849888
434.7		0.849888
434.8		0.849888
434.9		0.849888
435		0.849888
435.1		0.856215
435.2		0.856215
435.3		0.856215
435.4		0.856215
435.5		0.856215
435.6		0.856215
435.7		0.856215
435.8		0.856215
435.9		0.856215
436		0.856215
436.1		0.85849
436.2		0.85849
436.3		0.85849
436.4		0.85849
436.5		0.85849
436.6		0.85849
436.7		0.85849
436.8		0.85849
436.9		0.85849
437		0.85849
437.1		0.85911
437.2		0.85911
437.3		0.85911
437.4		0.85911
437.5		0.85911
437.6		0.85911
437.7		0.85911
437.8		0.85911
437.9		0.85911
438		0.85911
438.1		0.860806
438.2		0.860806
438.3		0.860806
438.4		0.860806
438.5		0.860806
438.6		0.860806
438.7		0.860806
438.8		0.860806
438.9		0.860806
439		0.860806
439.1		0.86126
439.2		0.86126
439.3		0.86126
439.4		0.86126
439.5		0.86126
439.6		0.86126
439.7		0.86126
439.8		0.86126
439.9		0.86126
440		0.86126
440.1		0.861426
440.2		0.861426
440.3		0.861426
440.4		0.861426
440.5		0.861426
440.6		0.861426
440.7		0.861426
440.8		0.861426
440.9		0.861426
441		0.861426
441.1		0.86552
441.2		0.86552
441.3		0.86552
441.4		0.86552
441.5		0.86552
441.6		0.86552
441.7		0.86552
441.8		0.86552
441.9		0.86552
442		0.86552
442.1		0.86858
442.2		0.86858
442.3		0.86858
442.4		0.86858
442.5		0.86858
442.6		0.86858
442.7		0.86858
442.8		0.86858
442.9		0.86858
443		0.86858
443.1		0.868828
443.2		0.868828
443.3		0.868828
443.4		0.868828
443.5		0.868828
443.6		0.868828
443.7		0.868828
443.8		0.868828
443.9		0.868828
444		0.868828
444.1		0.870441
444.2		0.870441
444.3		0.870441
444.4		0.870441
444.5		0.870441
444.6		0.870441
444.7		0.870441
444.8		0.870441
444.9		0.870441
445		0.870441
445.1		0.871888
445.2		0.871888
445.3		0.871888
445.4		0.871888
445.5		0.871888
445.6		0.871888
445.7		0.871888
445.8		0.871888
445.9		0.871888
446		0.871888
446.1		0.872715
446.2		0.872715
446.3		0.872715
446.4		0.872715
446.5		0.872715
446.6		0.872715
446.7		0.872715
446.8		0.872715
446.9		0.872715
447		0.872715
447.1		0.876561
447.2		0.876561
447.3		0.876561
447.4		0.876561
447.5		0.876561
447.6		0.876561
447.7		0.876561
447.8		0.876561
447.9		0.876561
448		0.876561
448.1		0.879621
448.2		0.879621
448.3		0.879621
448.4		0.879621
448.5		0.879621
448.6		0.879621
448.7		0.879621
448.8		0.879621
448.9		0.879621
449		0.879621
449.1		0.881689
449.2		0.881689
449.3		0.881689
449.4		0.881689
449.5		0.881689
449.6		0.881689
449.7		0.881689
449.8		0.881689
449.9		0.881689
450		0.881689
450.1		0.883715
450.2		0.883715
450.3		0.883715
450.4		0.883715
450.5		0.883715
450.6		0.883715
450.7		0.883715
450.8		0.883715
450.9		0.883715
451		0.883715
451.1		0.884005
451.2		0.884005
451.3		0.884005
451.4		0.884005
451.5		0.884005
451.6		0.884005
451.7		0.884005
451.8		0.884005
451.9		0.884005
452		0.884005
452.1		0.889877
452.2		0.889877
452.3		0.889877
452.4		0.889877
452.5		0.889877
452.6		0.889877
452.7		0.889877
452.8		0.889877
452.9		0.889877
453		0.889877
453.1		0.890125
453.2		0.890125
453.3		0.890125
453.4		0.890125
453.5		0.890125
453.6		0.890125
453.7		0.890125
453.8		0.890125
453.9		0.890125
454		0.890125
454.1		0.890952
454.2		0.890952
454.3		0.890952
454.4		0.890952
454.5		0.890952
454.6		0.890952
454.7		0.890952
454.8		0.890952
454.9		0.890952
455		0.890952
455.1		0.892399
455.2		0.892399
455.3		0.892399
455.4		0.892399
455.5		0.892399
455.6		0.892399
455.7		0.892399
455.8		0.892399
455.9		0.892399
456		0.892399
456.1		0.895087
456.2		0.895087
456.3		0.895087
456.4		0.895087
456.5		0.895087
456.6		0.895087
456.7		0.895087
456.8		0.895087
456.9		0.895087
457		0.895087
457.1		0.896162
457.2		0.896162
457.3		0.896162
457.4		0.896162
457.5		0.896162
457.6		0.896162
457.7		0.896162
457.8		0.896162
457.9		0.896162
458		0.896162
458.1		0.899884
458.2		0.899884
458.3		0.899884
458.4		0.899884
458.5		0.899884
458.6		0.899884
458.7		0.899884
458.8		0.899884
458.9		0.899884
459		0.899884
459.1		0.900959
459.2		0.900959
459.3		0.900959
459.4		0.900959
459.5		0.900959
459.6		0.900959
459.7		0.900959
459.8		0.900959
459.9		0.900959
460		0.900959
460.1		0.906294
460.2		0.906294
460.3		0.906294
460.4		0.906294
460.5		0.906294
460.6		0.906294
460.7		0.906294
460.8		0.906294
460.9		0.906294
461		0.906294
461.1		0.906501
461.2		0.906501
461.3		0.906501
461.4		0.906501
461.5		0.906501
461.6		0.906501
461.7		0.906501
461.8		0.906501
461.9		0.906501
462		0.906501
462.1		0.906997
462.2		0.906997
462.3		0.906997
462.4		0.906997
462.5		0.906997
462.6		0.906997
462.7		0.906997
462.8		0.906997
462.9		0.906997
463		0.906997
463.1		0.908155
463.2		0.908155
463.3		0.908155
463.4		0.908155
463.5		0.908155
463.6		0.908155
463.7		0.908155
463.8		0.908155
463.9		0.908155
464		0.908155
464.1		0.911711
464.2		0.911711
464.3		0.911711
464.4		0.911711
464.5		0.911711
464.6		0.911711
464.7		0.911711
464.8		0.911711
464.9		0.911711
465		0.911711
465.1		0.912621
465.2		0.912621
465.3		0.912621
465.4		0.912621
465.5		0.912621
465.6		0.912621
465.7		0.912621
465.8		0.912621
465.9		0.912621
466		0.912621
466.1		0.915268
466.2		0.915268
466.3		0.915268
466.4		0.915268
466.5		0.915268
466.6		0.915268
466.7		0.915268
466.8		0.915268
466.9		0.915268
467		0.915268
467.1		0.918121
467.2		0.918121
467.3		0.918121
467.4		0.918121
467.5		0.918121
467.6		0.918121
467.7		0.918121
467.8		0.918121
467.9		0.918121
468		0.918121
468.1		0.918659
468.2		0.918659
468.3		0.918659
468.4		0.918659
468.5		0.918659
468.6		0.918659
468.7		0.918659
468.8		0.918659
468.9		0.918659
469		0.918659
469.1		0.921388
469.2		0.921388
469.3		0.921388
469.4		0.921388
469.5		0.921388
469.6		0.921388
469.7		0.921388
469.8		0.921388
469.9		0.921388
470		0.921388
470.1		0.921595
470.2		0.921595
470.3		0.921595
470.4		0.921595
470.5		0.921595
470.6		0.921595
470.7		0.921595
470.8		0.921595
470.9		0.921595
471		0.921595
471.1		0.923621
471.2		0.923621
471.3		0.923621
471.4		0.923621
471.5		0.923621
471.6		0.923621
471.7		0.923621
471.8		0.923621
471.9		0.923621
472		0.923621
472.1		0.926061
472.2		0.926061
472.3		0.926061
472.4		0.926061
472.5		0.926061
472.6		0.926061
472.7		0.926061
472.8		0.926061
472.9		0.926061
473		0.926061
473.1		0.929121
473.2		0.929121
473.3		0.929121
473.4		0.929121
473.5		0.929121
473.6		0.929121
473.7		0.929121
473.8		0.929121
473.9		0.929121
474		0.929121
474.1		0.93123
474.2		0.93123
474.3		0.93123
474.4		0.93123
474.5		0.93123
474.6		0.93123
474.7		0.93123
474.8		0.93123
474.9		0.93123
475		0.93123
475.1		0.932843
475.2		0.932843
475.3		0.932843
475.4		0.932843
475.5		0.932843
475.6		0.932843
475.7		0.932843
475.8		0.932843
475.9		0.932843
476		0.932843
476.1		0.932967
476.2		0.932967
476.3		0.932967
476.4		0.932967
476.5		0.932967
476.6		0.932967
476.7		0.932967
476.8		0.932967
476.9		0.932967
477		0.932967
477.1		0.937019
477.2		0.937019
477.3		0.937019
477.4		0.937019
477.5		0.937019
477.6		0.937019
477.7		0.937019
477.8		0.937019
477.9		0.937019
478		0.937019
478.1		0.938508
478.2		0.938508
478.3		0.938508
478.4		0.938508
478.5		0.938508
478.6		0.938508
478.7		0.938508
478.8		0.938508
478.9		0.938508
479		0.938508
479.1		0.939418
479.2		0.939418
479.3		0.939418
479.4		0.939418
479.5		0.939418
479.6		0.939418
479.7		0.939418
479.8		0.939418
479.9		0.939418
480		0.939418
480.1		0.942933
480.2		0.942933
480.3		0.942933
480.4		0.942933
480.5		0.942933
480.6		0.942933
480.7		0.942933
480.8		0.942933
480.9		0.942933
481		0.942933
481.1		0.943388
481.2		0.943388
481.3		0.943388
481.4		0.943388
481.5		0.943388
481.6		0.943388
481.7		0.943388
481.8		0.943388
481.9		0.943388
482		0.943388
482.1		0.946655
482.2		0.946655
482.3		0.946655
482.4		0.946655
482.5		0.946655
482.6		0.946655
482.7		0.946655
482.8		0.946655
482.9		0.946655
483		0.946655
483.1		0.949342
483.2		0.949342
483.3		0.949342
483.4		0.949342
483.5		0.949342
483.6		0.949342
483.7		0.949342
483.8		0.949342
483.9		0.949342
484		0.949342
484.1		0.949591
484.2		0.949591
484.3		0.949591
484.4		0.949591
484.5		0.949591
484.6		0.949591
484.7		0.949591
484.8		0.949591
484.9		0.949591
485		0.949591
485.1		0.951617
485.2		0.951617
485.3		0.951617
485.4		0.951617
485.5		0.951617
485.6		0.951617
485.7		0.951617
485.8		0.951617
485.9		0.951617
486		0.951617
486.1		0.955008
486.2		0.955008
486.3		0.955008
486.4		0.955008
486.5		0.955008
486.6		0.955008
486.7		0.955008
486.8		0.955008
486.9		0.955008
487		0.955008
487.1		0.956124
487.2		0.956124
487.3		0.956124
487.4		0.956124
487.5		0.956124
487.6		0.956124
487.7		0.956124
487.8		0.956124
487.9		0.956124
488		0.956124
488.1		0.957365
488.2		0.957365
488.3		0.957365
488.4		0.957365
488.5		0.957365
488.6		0.957365
488.7		0.957365
488.8		0.957365
488.9		0.957365
489		0.957365
489.1		0.960715
489.2		0.960715
489.3		0.960715
489.4		0.960715
489.5		0.960715
489.6		0.960715
489.7		0.960715
489.8		0.960715
489.9		0.960715
490		0.960715
490.1		0.961128
490.2		0.961128
490.3		0.961128
490.4		0.961128
490.5		0.961128
490.6		0.961128
490.7		0.961128
490.8		0.961128
490.9		0.961128
491		0.961128
491.1		0.964478
491.2		0.964478
491.3		0.964478
491.4		0.964478
491.5		0.964478
491.6		0.964478
491.7		0.964478
491.8		0.964478
491.9		0.964478
492		0.964478
492.1		0.965966
492.2		0.965966
492.3		0.965966
492.4		0.965966
492.5		0.965966
492.6		0.965966
492.7		0.965966
492.8		0.965966
492.9		0.965966
493		0.965966
493.1		0.968778
493.2		0.968778
493.3		0.968778
493.4		0.968778
493.5		0.968778
493.6		0.968778
493.7		0.968778
493.8		0.968778
493.9		0.968778
494		0.968778
494.1		0.971011
494.2		0.971011
494.3		0.971011
494.4		0.971011
494.5		0.971011
494.6		0.971011
494.7		0.971011
494.8		0.971011
494.9		0.971011
495		0.971011
495.1		0.971466
495.2		0.971466
495.3		0.971466
495.4		0.971466
495.5		0.971466
495.6		0.971466
495.7		0.971466
495.8		0.971466
495.9		0.971466
496		0.971466
496.1		0.973079
496.2		0.973079
496.3		0.973079
496.4		0.973079
496.5		0.973079
496.6		0.973079
496.7		0.973079
496.8		0.973079
496.9		0.973079
497		0.973079
497.1		0.974899
497.2		0.974899
497.3		0.974899
497.4		0.974899
497.5		0.974899
497.6		0.974899
497.7		0.974899
497.8		0.974899
497.9		0.974899
498		0.974899
498.1		0.975684
498.2		0.975684
498.3		0.975684
498.4		0.975684
498.5		0.975684
498.6		0.975684
498.7		0.975684
498.8		0.975684
498.9		0.975684
499		0.975684
499.1		0.981184
499.2		0.981184
499.3		0.981184
499.4		0.981184
499.5		0.981184
499.6		0.981184
499.7		0.981184
499.8		0.981184
499.9		0.981184
500		0.981184
500.1		0.983293
500.2		0.983293
500.3		0.983293
500.4		0.983293
500.5		0.983293
500.6		0.983293
500.7		0.983293
500.8		0.983293
500.9		0.983293
501		0.983293
501.1		0.983624
501.2		0.983624
501.3		0.983624
501.4		0.983624
501.5		0.983624
501.6		0.983624
501.7		0.983624
501.8		0.983624
501.9		0.983624
502		0.983624
502.1		0.985899
502.2		0.985899
502.3		0.985899
502.4		0.985899
502.5		0.985899
502.6		0.985899
502.7		0.985899
502.8		0.985899
502.9		0.985899
503		0.985899
503.1		0.986064
503.2		0.986064
503.3		0.986064
503.4		0.986064
503.5		0.986064
503.6		0.986064
503.7		0.986064
503.8		0.986064
503.9		0.986064
504		0.986064
504.1		0.98962
504.2		0.98962
504.3		0.98962
504.4		0.98962
504.5		0.98962
504.6		0.98962
504.7		0.98962
504.8		0.98962
504.9		0.98962
505		0.98962
505.1		0.994914
505.2		0.994914
505.3		0.994914
505.4		0.994914
505.5		0.994914
505.6		0.994914
505.7		0.994914
505.8		0.994914
505.9		0.994914
506		0.994914
506.1		0.995162
506.2		0.995162
506.3		0.995162
506.4		0.995162
506.5		0.995162
506.6		0.995162
506.7		0.995162
506.8		0.995162
506.9		0.995162
507		0.995162
507.1		0.995451
507.2		0.995451
507.3		0.995451
507.4		0.995451
507.5		0.995451
507.6		0.995451
507.7		0.995451
507.8		0.995451
507.9		0.995451
508		0.995451
508.1		0.997891
508.2		0.997891
508.3		0.997891
508.4		0.997891
508.5		0.997891
508.6		0.997891
508.7		0.997891
508.8		0.997891
508.9		0.997891
509		0.997891
509.1		0.998842
509.2		0.998842
509.3		0.998842
509.4		0.998842
509.5		0.998842
509.6		0.998842
509.7		0.998842
509.8		0.998842
509.9		0.998842
510		0.998842
510.1		0.999917
510.2		0.999917
510.3		0.999917
510.4		0.999917
510.5		0.999917
510.6		0.999917
510.7		0.999917
510.8		0.999917
510.9		0.999917
511		0.999917
511.1		1
511.2		1
511.3		1
511.4		1
511.5		1
511.6		1
511.7		1
511.8		1
511.9		1
512		1
512.1		1
512.2		1
512.3		1
512.4		1
512.5		1
512.6		1
512.7		1
512.8		1
512.9		1
513		1
513.1		1
513.2		1
513.3		1
513.4		1
513.5		1
513.6		1
513.7		1
513.8		1
513.9		1
514		1
514.1		1
514.2		1
514.3		1
514.4		1
514.5		1
514.6		1
514.7		1
514.8		1
514.9		1
515		1
515.1		1
515.2		1
515.3		1
515.4		1
515.5		1
515.6		1
515.7		1
515.8		1
515.9		1
516		1
516.1		1
516.2		1
516.3		1
516.4		1
516.5		1
516.6		1
516.7		1
516.8		1
516.9		1
517		1
517.1		1
517.2		1
517.3		1
517.4		1
517.5		1
517.6		1
517.7		1
517.8		1
517.9		1
518		1
518.1		1
518.2		1
518.3		1
518.4		1
518.5		1
518.6		1
518.7		1
518.8		1
518.9		1
519		1
519.1		1
519.2		1
519.3		1
519.4		1
519.5		1
519.6		1
519.7		1
519.8		1
519.9		1
520		1
520.1		1
520.2		1
520.3		1
520.4		1
520.5		1
520.6		1
520.7		1
520.8		1
520.9		1
521		1
521.1		1
521.2		1
521.3		1
521.4		1
521.5		1
521.6		1
521.7		1
521.8		1
521.9		1
522		1
522.1		1
522.2		1
522.3		1
522.4		1
522.5		1
522.6		1
522.7		1
522.8		1
522.9		1
523		1
523.1		1
523.2		1
523.3		1
523.4		1
523.5		1
523.6		1
523.7		1
523.8		1
523.9		1
524		1
524.1		1
524.2		1
524.3		1
524.4		1
524.5		1
524.6		1
524.7		1
524.8		1
524.9		1
525		1
525.1		1
525.2		1
525.3		1
525.4		1
525.5		1
525.6		1
525.7		1
525.8		1
525.9		1
526		1
526.1		1
526.2		1
526.3		1
526.4		1
526.5		1
526.6		1
526.7		1
526.8		1
526.9		1
527		1
527.1		1
527.2		1
527.3		1
527.4		1
527.5		1
527.6		1
527.7		1
527.8		1
527.9		1
528		1
528.1		1
528.2		1
528.3		1
528.4		1
528.5		1
528.6		1
528.7		1
528.8		1
528.9		1
529		1
529.1		1
529.2		1
529.3		1
529.4		1
529.5		1
529.6		1
529.7		1
529.8		1
529.9		1
530		1
530.1		1
530.2		1
530.3		1
530.4		1
530.5		1
530.6		1
530.7		1
530.8		1
530.9		1
531		1
531.1		1
531.2		1
531.3		1
531.4		1
531.5		1
531.6		1
531.7		1
531.8		1
531.9		1
532		1
532.1		1
532.2		1
532.3		1
532.4		1
532.5		1
532.6		1
532.7		1
532.8		1
532.9		1
533		1
533.1		1
533.2		1
533.3		1
533.4		1
533.5		1
533.6		1
533.7		1
533.8		1
533.9		1
534		1
534.1		1
534.2		1
534.3		1
534.4		1
534.5		1
534.6		1
534.7		1
534.8		1
534.9		1
535		1
535.1		1
535.2		1
535.3		1
535.4		1
535.5		1
535.6		1
535.7		1
535.8		1
535.9		1
536		1
536.1		1
536.2		1
536.3		1
536.4		1
536.5		1
536.6		1
536.7		1
536.8		1
536.9		1
537		1
537.1		1
537.2		1
537.3		1
537.4		1
537.5		1
537.6		1
537.7		1
537.8		1
537.9		1
538		1
538.1		1
538.2		1
538.3		1
538.4		1
538.5		1
538.6		1
538.7		1
538.8		1
538.9		1
539		1
539.1		1
539.2		1
539.3		1
539.4		1
539.5		1
539.6		1
539.7		1
539.8		1
539.9		1
540		1
540.1		1
540.2		1
540.3		1
540.4		1
540.5		1
540.6		1
540.7		1
540.8		1
540.9		1
541		1
541.1		1
541.2		1
541.3		1
541.4		1
541.5		1
541.6		1
541.7		1
541.8		1
541.9		1
542		1
542.1		1
542.2		1
542.3		1
542.4		1
542.5		1
542.6		1
542.7		1
542.8		1
542.9		1
543		1
543.1		1
543.2		1
543.3		1
543.4		1
543.5		1
543.6		1
543.7		1
543.8		1
543.9		1
544		1
544.1		1
544.2		1
544.3		1
544.4		1
544.5		1
544.6		1
544.7		1
544.8		1
544.9		1
545		1
545.1		1
545.2		1
545.3		1
545.4		1
545.5		1
545.6		1
545.7		1
545.8		1
545.9		1
546		1
546.1		1
546.2		1
546.3		1
546.4		1
546.5		1
546.6		1
546.7		1
546.8		1
546.9		1
547		1
547.1		1
547.2		1
547.3		1
547.4		1
547.5		1
547.6		1
547.7		1
547.8		1
547.9		1
548		1
548.1		1
548.2		1
548.3		1
548.4		1
548.5		1
548.6		1
548.7		1
548.8		1
548.9		1
549		1
549.1		1
549.2		1
549.3		1
549.4		1
549.5		1
549.6		1
549.7		1
549.8		1
549.9		1
550		1
550.1		1
550.2		1
550.3		1
550.4		1
550.5		1
550.6		1
550.7		1
550.8		1
550.9		1
551		1
551.1		1
551.2		1
551.3		1
551.4		1
551.5		1
551.6		1
551.7		1
551.8		1
551.9		1
552		1
552.1		1
552.2		1
552.3		1
552.4		1
552.5		1
552.6		1
552.7		1
552.8		1
552.9		1
553		1
553.1		1
553.2		1
553.3		1
553.4		1
553.5		1
553.6		1
553.7		1
553.8		1
553.9		1
554		1
554.1		1
554.2		1
554.3		1
554.4		1
554.5		1
554.6		1
554.7		1
554.8		1
554.9		1
555		1
555.1		1
555.2		1
555.3		1
555.4		1
555.5		1
555.6		1
555.7		1
555.8		1
555.9		1
556		1
556.1		1
556.2		1
556.3		1
556.4		1
556.5		1
556.6		1
556.7		1
556.8		1
556.9		1
557		1
557.1		1
557.2		1
557.3		1
557.4		1
557.5		1
557.6		1
557.7		1
557.8		1
557.9		1
558		1
558.1		1
558.2		1
558.3		1
558.4		1
558.5		1
558.6		1
558.7		1
558.8		1
558.9		1
559		1
559.1		1
559.2		1
559.3		1
559.4		1
559.5		1
559.6		1
559.7		1
559.8		1
559.9		1
560		1
560.1		1
560.2		1
560.3		1
560.4		1
560.5		1
560.6		1
560.7		1
560.8		1
560.9		1
561		1
561.1		1
561.2		1
561.3		1
561.4		1
561.5		1
561.6		1
561.7		1
561.8		1
561.9		1
562		1
562.1		1
562.2		1
562.3		1
562.4		1
562.5		1
562.6		1
562.7		1
562.8		1
562.9		1
563		1
563.1		1
563.2		1
563.3		1
563.4		1
563.5		1
563.6		1
563.7		1
563.8		1
563.9		1
564		1
564.1		1
564.2		1
564.3		1
564.4		1
564.5		1
564.6		1
564.7		1
564.8		1
564.9		1
565		1
565.1		1
565.2		1
565.3		1
565.4		1
565.5		1
565.6		1
565.7		1
565.8		1
565.9		1
566		1
566.1		1
566.2		1
566.3		1
566.4		1
566.5		1
566.6		1
566.7		1
566.8		1
566.9		1
567		1
567.1		1
567.2		1
567.3		1
567.4		1
567.5		1
567.6		1
567.7		1
567.8		1
567.9		1
568		1
568.1		1
568.2		1
568.3		1
568.4		1
568.5		1
568.6		1
568.7		1
568.8		1
568.9		1
569		1
569.1		1
569.2		1
569.3		1
569.4		1
569.5		1
569.6		1
569.7		1
569.8		1
569.9		1
570		1
570.1		1
570.2		1
570.3		1
570.4		1
570.5		1
570.6		1
570.7		1
570.8		1
570.9		1
571		1
571.1		1
571.2		1
571.3		1
571.4		1
571.5		1
571.6		1
571.7		1
571.8		1
571.9		1
572		1
572.1		1
572.2		1
572.3		1
572.4		1
572.5		1
572.6		1
572.7		1
572.8		1
572.9		1
573		1
573.1		1
573.2		1
573.3		1
573.4		1
573.5		1
573.6		1
573.7		1
573.8		1
573.9		1
574		1
574.1		1
574.2		1
574.3		1
574.4		1
574.5		1
574.6		1
574.7		1
574.8		1
574.9		1
575		1
575.1		1
575.2		1
575.3		1
575.4		1
575.5		1
575.6		1
575.7		1
575.8		1
575.9		1
576		1
576.1		1
576.2		1
576.3		1
576.4		1
576.5		1
576.6		1
576.7		1
576.8		1
576.9		1
577		1
577.1		1
577.2		1
577.3		1
577.4		1
577.5		1
577.6		1
577.7		1
577.8		1
577.9		1
578		1
578.1		1
578.2		1
578.3		1
578.4		1
578.5		1
578.6		1
578.7		1
578.8		1
578.9		1
579		1
579.1		1
579.2		1
579.3		1
579.4		1
579.5		1
579.6		1
579.7		1
579.8		1
579.9		1
580		1
580.1		1
580.2		1
580.3		1
580.4		1
580.5		1
580.6		1
580.7		1
580.8		1
580.9		1
581		1
581.1		1
581.2		1
581.3		1
581.4		1
581.5		1
581.6		1
581.7		1
581.8		1
581.9		1
582		1
582.1		1
582.2		1
582.3		1
582.4		1
582.5		1
582.6		1
582.7		1
582.8		1
582.9		1
583		1
583.1		1
583.2		1
583.3		1
583.4		1
583.5		1
583.6		1
583.7		1
583.8		1
583.9		1
584		1
584.1		1
584.2		1
584.3		1
584.4		1
584.5		1
584.6		1
584.7		1
584.8		1
584.9		1
585		1
585.1		1
585.2		1
585.3		1
585.4		1
585.5		1
585.6		1
585.7		1
585.8		1
585.9		1
586		1
586.1		1
586.2		1
586.3		1
586.4		1
586.5		1
586.6		1
586.7		1
586.8		1
586.9		1
587		1
587.1		1
587.2		1
587.3		1
587.4		1
587.5		1
587.6		1
587.7		1
587.8		1
587.9		1
588		1
588.1		1
588.2		1
588.3		1
588.4		1
588.5		1
588.6		1
588.7		1
588.8		1
588.9		1
589		1
589.1		1
589.2		1
589.3		1
589.4		1
589.5		1
589.6		1
589.7		1
589.8		1
589.9		1
590		1
590.1		1
590.2		1
590.3		1
590.4		1
590.5		1
590.6		1
590.7		1
590.8		1
590.9		1
591		1
591.1		1
591.2		1
591.3		1
591.4		1
591.5		1
591.6		1
591.7		1
591.8		1
591.9		1
592		1
592.1		1
592.2		1
592.3		1
592.4		1
592.5		1
592.6		1
592.7		1
592.8		1
592.9		1
593		1
593.1		1
593.2		1
593.3		1
593.4		1
593.5		1
593.6		1
593.7		1
593.8		1
593.9		1
594		1
594.1		1
594.2		1
594.3		1
594.4		1
594.5		1
594.6		1
594.7		1
594.8		1
594.9		1
595		1
595.1		1
595.2		1
595.3		1
595.4		1
595.5		1
595.6		1
595.7		1
595.8		1
595.9		1
596		1
596.1		1
596.2		1
596.3		1
596.4		1
596.5		1
596.6		1
596.7		1
596.8		1
596.9		1
597		1
597.1		1
597.2		1
597.3		1
597.4		1
597.5		1
597.6		1
597.7		1
597.8		1
597.9		1
598		1
598.1		1
598.2		1
598.3		1
598.4		1
598.5		1
598.6		1
598.7		1
598.8		1
598.9		1
599		1
599.1		1
599.2		1
599.3		1
599.4		1
599.5		1
599.6		1
599.7		1
599.8		1
599.9		1
600		1
