# Calibration file of tamex_id 0 @ channel 14
# fine_T bin		 Calibration value
0.1		0
0.2		0
0.3		0
0.4		0
0.5		0
0.6		0
0.7		0
0.8		0
0.9		0
1		0
1.1		0
1.2		0
1.3		0
1.4		0
1.5		0
1.6		0
1.7		0
1.8		0
1.9		0
2		0
2.1		0
2.2		0
2.3		0
2.4		0
2.5		0
2.6		0
2.7		0
2.8		0
2.9		0
3		0
3.1		0
3.2		0
3.3		0
3.4		0
3.5		0
3.6		0
3.7		0
3.8		0
3.9		0
4		0
4.1		0
4.2		0
4.3		0
4.4		0
4.5		0
4.6		0
4.7		0
4.8		0
4.9		0
5		0
5.1		0
5.2		0
5.3		0
5.4		0
5.5		0
5.6		0
5.7		0
5.8		0
5.9		0
6		0
6.1		0
6.2		0
6.3		0
6.4		0
6.5		0
6.6		0
6.7		0
6.8		0
6.9		0
7		0
7.1		0
7.2		0
7.3		0
7.4		0
7.5		0
7.6		0
7.7		0
7.8		0
7.9		0
8		0
8.1		0
8.2		0
8.3		0
8.4		0
8.5		0
8.6		0
8.7		0
8.8		0
8.9		0
9		0
9.1		0
9.2		0
9.3		0
9.4		0
9.5		0
9.6		0
9.7		0
9.8		0
9.9		0
10		0
10.1		0
10.2		0
10.3		0
10.4		0
10.5		0
10.6		0
10.7		0
10.8		0
10.9		0
11		0
11.1		0
11.2		0
11.3		0
11.4		0
11.5		0
11.6		0
11.7		0
11.8		0
11.9		0
12		0
12.1		0
12.2		0
12.3		0
12.4		0
12.5		0
12.6		0
12.7		0
12.8		0
12.9		0
13		0
13.1		0
13.2		0
13.3		0
13.4		0
13.5		0
13.6		0
13.7		0
13.8		0
13.9		0
14		0
14.1		0
14.2		0
14.3		0
14.4		0
14.5		0
14.6		0
14.7		0
14.8		0
14.9		0
15		0
15.1		0
15.2		0
15.3		0
15.4		0
15.5		0
15.6		0
15.7		0
15.8		0
15.9		0
16		0
16.1		0.00686351
16.2		0.00686351
16.3		0.00686351
16.4		0.00686351
16.5		0.00686351
16.6		0.00686351
16.7		0.00686351
16.8		0.00686351
16.9		0.00686351
17		0.00686351
17.1		0.0112856
17.2		0.0112856
17.3		0.0112856
17.4		0.0112856
17.5		0.0112856
17.6		0.0112856
17.7		0.0112856
17.8		0.0112856
17.9		0.0112856
18		0.0112856
18.1		0.0118384
18.2		0.0118384
18.3		0.0118384
18.4		0.0118384
18.5		0.0118384
18.6		0.0118384
18.7		0.0118384
18.8		0.0118384
18.9		0.0118384
19		0.0118384
19.1		0.0163987
19.2		0.0163987
19.3		0.0163987
19.4		0.0163987
19.5		0.0163987
19.6		0.0163987
19.7		0.0163987
19.8		0.0163987
19.9		0.0163987
20		0.0163987
20.1		0.0189783
20.2		0.0189783
20.3		0.0189783
20.4		0.0189783
20.5		0.0189783
20.6		0.0189783
20.7		0.0189783
20.8		0.0189783
20.9		0.0189783
21		0.0189783
21.1		0.0198996
21.2		0.0198996
21.3		0.0198996
21.4		0.0198996
21.5		0.0198996
21.6		0.0198996
21.7		0.0198996
21.8		0.0198996
21.9		0.0198996
22		0.0198996
22.1		0.0215579
22.2		0.0215579
22.3		0.0215579
22.4		0.0215579
22.5		0.0215579
22.6		0.0215579
22.7		0.0215579
22.8		0.0215579
22.9		0.0215579
23		0.0215579
23.1		0.0244599
23.2		0.0244599
23.3		0.0244599
23.4		0.0244599
23.5		0.0244599
23.6		0.0244599
23.7		0.0244599
23.8		0.0244599
23.9		0.0244599
24		0.0244599
24.1		0.0252891
24.2		0.0252891
24.3		0.0252891
24.4		0.0252891
24.5		0.0252891
24.6		0.0252891
24.7		0.0252891
24.8		0.0252891
24.9		0.0252891
25		0.0252891
25.1		0.0293887
25.2		0.0293887
25.3		0.0293887
25.4		0.0293887
25.5		0.0293887
25.6		0.0293887
25.7		0.0293887
25.8		0.0293887
25.9		0.0293887
26		0.0293887
26.1		0.0326593
26.2		0.0326593
26.3		0.0326593
26.4		0.0326593
26.5		0.0326593
26.6		0.0326593
26.7		0.0326593
26.8		0.0326593
26.9		0.0326593
27		0.0326593
27.1		0.0327975
27.2		0.0327975
27.3		0.0327975
27.4		0.0327975
27.5		0.0327975
27.6		0.0327975
27.7		0.0327975
27.8		0.0327975
27.9		0.0327975
28		0.0327975
28.1		0.0335805
28.2		0.0335805
28.3		0.0335805
28.4		0.0335805
28.5		0.0335805
28.6		0.0335805
28.7		0.0335805
28.8		0.0335805
28.9		0.0335805
29		0.0335805
29.1		0.0362522
29.2		0.0362522
29.3		0.0362522
29.4		0.0362522
29.5		0.0362522
29.6		0.0362522
29.7		0.0362522
29.8		0.0362522
29.9		0.0362522
30		0.0362522
30.1		0.0362522
30.2		0.0362522
30.3		0.0362522
30.4		0.0362522
30.5		0.0362522
30.6		0.0362522
30.7		0.0362522
30.8		0.0362522
30.9		0.0362522
31		0.0362522
31.1		0.0378645
31.2		0.0378645
31.3		0.0378645
31.4		0.0378645
31.5		0.0378645
31.6		0.0378645
31.7		0.0378645
31.8		0.0378645
31.9		0.0378645
32		0.0378645
32.1		0.0386936
32.2		0.0386936
32.3		0.0386936
32.4		0.0386936
32.5		0.0386936
32.6		0.0386936
32.7		0.0386936
32.8		0.0386936
32.9		0.0386936
33		0.0386936
33.1		0.0435303
33.2		0.0435303
33.3		0.0435303
33.4		0.0435303
33.5		0.0435303
33.6		0.0435303
33.7		0.0435303
33.8		0.0435303
33.9		0.0435303
34		0.0435303
34.1		0.0438528
34.2		0.0438528
34.3		0.0438528
34.4		0.0438528
34.5		0.0438528
34.6		0.0438528
34.7		0.0438528
34.8		0.0438528
34.9		0.0438528
35		0.0438528
35.1		0.0466166
35.2		0.0466166
35.3		0.0466166
35.4		0.0466166
35.5		0.0466166
35.6		0.0466166
35.7		0.0466166
35.8		0.0466166
35.9		0.0466166
36		0.0466166
36.1		0.049058
36.2		0.049058
36.3		0.049058
36.4		0.049058
36.5		0.049058
36.6		0.049058
36.7		0.049058
36.8		0.049058
36.9		0.049058
37		0.049058
37.1		0.0517758
37.2		0.0517758
37.3		0.0517758
37.4		0.0517758
37.5		0.0517758
37.6		0.0517758
37.7		0.0517758
37.8		0.0517758
37.9		0.0517758
38		0.0517758
38.1		0.0520521
38.2		0.0520521
38.3		0.0520521
38.4		0.0520521
38.5		0.0520521
38.6		0.0520521
38.7		0.0520521
38.8		0.0520521
38.9		0.0520521
39		0.0520521
39.1		0.0554148
39.2		0.0554148
39.3		0.0554148
39.4		0.0554148
39.5		0.0554148
39.6		0.0554148
39.7		0.0554148
39.8		0.0554148
39.9		0.0554148
40		0.0554148
40.1		0.056244
40.2		0.056244
40.3		0.056244
40.4		0.056244
40.5		0.056244
40.6		0.056244
40.7		0.056244
40.8		0.056244
40.9		0.056244
41		0.056244
41.1		0.0592381
41.2		0.0592381
41.3		0.0592381
41.4		0.0592381
41.5		0.0592381
41.6		0.0592381
41.7		0.0592381
41.8		0.0592381
41.9		0.0592381
42		0.0592381
42.1		0.0604358
42.2		0.0604358
42.3		0.0604358
42.4		0.0604358
42.5		0.0604358
42.6		0.0604358
42.7		0.0604358
42.8		0.0604358
42.9		0.0604358
43		0.0604358
43.1		0.0633839
43.2		0.0633839
43.3		0.0633839
43.4		0.0633839
43.5		0.0633839
43.6		0.0633839
43.7		0.0633839
43.8		0.0633839
43.9		0.0633839
44		0.0633839
44.1		0.0635681
44.2		0.0635681
44.3		0.0635681
44.4		0.0635681
44.5		0.0635681
44.6		0.0635681
44.7		0.0635681
44.8		0.0635681
44.9		0.0635681
45		0.0635681
45.1		0.0672532
45.2		0.0672532
45.3		0.0672532
45.4		0.0672532
45.5		0.0672532
45.6		0.0672532
45.7		0.0672532
45.8		0.0672532
45.9		0.0672532
46		0.0672532
46.1		0.0675757
46.2		0.0675757
46.3		0.0675757
46.4		0.0675757
46.5		0.0675757
46.6		0.0675757
46.7		0.0675757
46.8		0.0675757
46.9		0.0675757
47		0.0675757
47.1		0.0698328
47.2		0.0698328
47.3		0.0698328
47.4		0.0698328
47.5		0.0698328
47.6		0.0698328
47.7		0.0698328
47.8		0.0698328
47.9		0.0698328
48		0.0698328
48.1		0.0741628
48.2		0.0741628
48.3		0.0741628
48.4		0.0741628
48.5		0.0741628
48.6		0.0741628
48.7		0.0741628
48.8		0.0741628
48.9		0.0741628
49		0.0741628
49.1		0.0746695
49.2		0.0746695
49.3		0.0746695
49.4		0.0746695
49.5		0.0746695
49.6		0.0746695
49.7		0.0746695
49.8		0.0746695
49.9		0.0746695
50		0.0746695
50.1		0.0749919
50.2		0.0749919
50.3		0.0749919
50.4		0.0749919
50.5		0.0749919
50.6		0.0749919
50.7		0.0749919
50.8		0.0749919
50.9		0.0749919
51		0.0749919
51.1		0.078631
51.2		0.078631
51.3		0.078631
51.4		0.078631
51.5		0.078631
51.6		0.078631
51.7		0.078631
51.8		0.078631
51.9		0.078631
52		0.078631
52.1		0.0795523
52.2		0.0795523
52.3		0.0795523
52.4		0.0795523
52.5		0.0795523
52.6		0.0795523
52.7		0.0795523
52.8		0.0795523
52.9		0.0795523
53		0.0795523
53.1		0.0819936
53.2		0.0819936
53.3		0.0819936
53.4		0.0819936
53.5		0.0819936
53.6		0.0819936
53.7		0.0819936
53.8		0.0819936
53.9		0.0819936
54		0.0819936
54.1		0.0847575
54.2		0.0847575
54.3		0.0847575
54.4		0.0847575
54.5		0.0847575
54.6		0.0847575
54.7		0.0847575
54.8		0.0847575
54.9		0.0847575
55		0.0847575
55.1		0.0852181
55.2		0.0852181
55.3		0.0852181
55.4		0.0852181
55.5		0.0852181
55.6		0.0852181
55.7		0.0852181
55.8		0.0852181
55.9		0.0852181
56		0.0852181
56.1		0.0862315
56.2		0.0862315
56.3		0.0862315
56.4		0.0862315
56.5		0.0862315
56.6		0.0862315
56.7		0.0862315
56.8		0.0862315
56.9		0.0862315
57		0.0862315
57.1		0.0910682
57.2		0.0910682
57.3		0.0910682
57.4		0.0910682
57.5		0.0910682
57.6		0.0910682
57.7		0.0910682
57.8		0.0910682
57.9		0.0910682
58		0.0910682
58.1		0.0933714
58.2		0.0933714
58.3		0.0933714
58.4		0.0933714
58.5		0.0933714
58.6		0.0933714
58.7		0.0933714
58.8		0.0933714
58.9		0.0933714
59		0.0933714
59.1		0.0937399
59.2		0.0937399
59.3		0.0937399
59.4		0.0937399
59.5		0.0937399
59.6		0.0937399
59.7		0.0937399
59.8		0.0937399
59.9		0.0937399
60		0.0937399
60.1		0.0939242
60.2		0.0939242
60.3		0.0939242
60.4		0.0939242
60.5		0.0939242
60.6		0.0939242
60.7		0.0939242
60.8		0.0939242
60.9		0.0939242
61		0.0939242
61.1		0.0967341
61.2		0.0967341
61.3		0.0967341
61.4		0.0967341
61.5		0.0967341
61.6		0.0967341
61.7		0.0967341
61.8		0.0967341
61.9		0.0967341
62		0.0967341
62.1		0.0991755
62.2		0.0991755
62.3		0.0991755
62.4		0.0991755
62.5		0.0991755
62.6		0.0991755
62.7		0.0991755
62.8		0.0991755
62.9		0.0991755
63		0.0991755
63.1		0.101847
63.2		0.101847
63.3		0.101847
63.4		0.101847
63.5		0.101847
63.6		0.101847
63.7		0.101847
63.8		0.101847
63.9		0.101847
64		0.101847
64.1		0.103828
64.2		0.103828
64.3		0.103828
64.4		0.103828
64.5		0.103828
64.6		0.103828
64.7		0.103828
64.8		0.103828
64.9		0.103828
65		0.103828
65.1		0.10392
65.2		0.10392
65.3		0.10392
65.4		0.10392
65.5		0.10392
65.6		0.10392
65.7		0.10392
65.8		0.10392
65.9		0.10392
66		0.10392
66.1		0.10392
66.2		0.10392
66.3		0.10392
66.4		0.10392
66.5		0.10392
66.6		0.10392
66.7		0.10392
66.8		0.10392
66.9		0.10392
67		0.10392
67.1		0.108388
67.2		0.108388
67.3		0.108388
67.4		0.108388
67.5		0.108388
67.6		0.108388
67.7		0.108388
67.8		0.108388
67.9		0.108388
68		0.108388
68.1		0.111475
68.2		0.111475
68.3		0.111475
68.4		0.111475
68.5		0.111475
68.6		0.111475
68.7		0.111475
68.8		0.111475
68.9		0.111475
69		0.111475
69.1		0.113778
69.2		0.113778
69.3		0.113778
69.4		0.113778
69.5		0.113778
69.6		0.113778
69.7		0.113778
69.8		0.113778
69.9		0.113778
70		0.113778
70.1		0.115897
70.2		0.115897
70.3		0.115897
70.4		0.115897
70.5		0.115897
70.6		0.115897
70.7		0.115897
70.8		0.115897
70.9		0.115897
71		0.115897
71.1		0.116035
71.2		0.116035
71.3		0.116035
71.4		0.116035
71.5		0.116035
71.6		0.116035
71.7		0.116035
71.8		0.116035
71.9		0.116035
72		0.116035
72.1		0.119766
72.2		0.119766
72.3		0.119766
72.4		0.119766
72.5		0.119766
72.6		0.119766
72.7		0.119766
72.8		0.119766
72.9		0.119766
73		0.119766
73.1		0.120687
73.2		0.120687
73.3		0.120687
73.4		0.120687
73.5		0.120687
73.6		0.120687
73.7		0.120687
73.8		0.120687
73.9		0.120687
74		0.120687
74.1		0.121102
74.2		0.121102
74.3		0.121102
74.4		0.121102
74.5		0.121102
74.6		0.121102
74.7		0.121102
74.8		0.121102
74.9		0.121102
75		0.121102
75.1		0.124879
75.2		0.124879
75.3		0.124879
75.4		0.124879
75.5		0.124879
75.6		0.124879
75.7		0.124879
75.8		0.124879
75.9		0.124879
76		0.124879
76.1		0.125846
76.2		0.125846
76.3		0.125846
76.4		0.125846
76.5		0.125846
76.6		0.125846
76.7		0.125846
76.8		0.125846
76.9		0.125846
77		0.125846
77.1		0.127551
77.2		0.127551
77.3		0.127551
77.4		0.127551
77.5		0.127551
77.6		0.127551
77.7		0.127551
77.8		0.127551
77.9		0.127551
78		0.127551
78.1		0.129255
78.2		0.129255
78.3		0.129255
78.4		0.129255
78.5		0.129255
78.6		0.129255
78.7		0.129255
78.8		0.129255
78.9		0.129255
79		0.129255
79.1		0.130222
79.2		0.130222
79.3		0.130222
79.4		0.130222
79.5		0.130222
79.6		0.130222
79.7		0.130222
79.8		0.130222
79.9		0.130222
80		0.130222
80.1		0.132526
80.2		0.132526
80.3		0.132526
80.4		0.132526
80.5		0.132526
80.6		0.132526
80.7		0.132526
80.8		0.132526
80.9		0.132526
81		0.132526
81.1		0.135842
81.2		0.135842
81.3		0.135842
81.4		0.135842
81.5		0.135842
81.6		0.135842
81.7		0.135842
81.8		0.135842
81.9		0.135842
82		0.135842
82.1		0.136579
82.2		0.136579
82.3		0.136579
82.4		0.136579
82.5		0.136579
82.6		0.136579
82.7		0.136579
82.8		0.136579
82.9		0.136579
83		0.136579
83.1		0.138099
83.2		0.138099
83.3		0.138099
83.4		0.138099
83.5		0.138099
83.6		0.138099
83.7		0.138099
83.8		0.138099
83.9		0.138099
84		0.138099
84.1		0.142706
84.2		0.142706
84.3		0.142706
84.4		0.142706
84.5		0.142706
84.6		0.142706
84.7		0.142706
84.8		0.142706
84.9		0.142706
85		0.142706
85.1		0.144272
85.2		0.144272
85.3		0.144272
85.4		0.144272
85.5		0.144272
85.6		0.144272
85.7		0.144272
85.8		0.144272
85.9		0.144272
86		0.144272
86.1		0.144364
86.2		0.144364
86.3		0.144364
86.4		0.144364
86.5		0.144364
86.6		0.144364
86.7		0.144364
86.8		0.144364
86.9		0.144364
87		0.144364
87.1		0.148648
87.2		0.148648
87.3		0.148648
87.4		0.148648
87.5		0.148648
87.6		0.148648
87.7		0.148648
87.8		0.148648
87.9		0.148648
88		0.148648
88.1		0.150721
88.2		0.150721
88.3		0.150721
88.4		0.150721
88.5		0.150721
88.6		0.150721
88.7		0.150721
88.8		0.150721
88.9		0.150721
89		0.150721
89.1		0.152702
89.2		0.152702
89.3		0.152702
89.4		0.152702
89.5		0.152702
89.6		0.152702
89.7		0.152702
89.8		0.152702
89.9		0.152702
90		0.152702
90.1		0.155189
90.2		0.155189
90.3		0.155189
90.4		0.155189
90.5		0.155189
90.6		0.155189
90.7		0.155189
90.8		0.155189
90.9		0.155189
91		0.155189
91.1		0.15588
91.2		0.15588
91.3		0.15588
91.4		0.15588
91.5		0.15588
91.6		0.15588
91.7		0.15588
91.8		0.15588
91.9		0.15588
92		0.15588
92.1		0.156156
92.2		0.156156
92.3		0.156156
92.4		0.156156
92.5		0.156156
92.6		0.156156
92.7		0.156156
92.8		0.156156
92.9		0.156156
93		0.156156
93.1		0.162329
93.2		0.162329
93.3		0.162329
93.4		0.162329
93.5		0.162329
93.6		0.162329
93.7		0.162329
93.8		0.162329
93.9		0.162329
94		0.162329
94.1		0.163342
94.2		0.163342
94.3		0.163342
94.4		0.163342
94.5		0.163342
94.6		0.163342
94.7		0.163342
94.8		0.163342
94.9		0.163342
95		0.163342
95.1		0.166613
95.2		0.166613
95.3		0.166613
95.4		0.166613
95.5		0.166613
95.6		0.166613
95.7		0.166613
95.8		0.166613
95.9		0.166613
96		0.166613
96.1		0.167258
96.2		0.167258
96.3		0.167258
96.4		0.167258
96.5		0.167258
96.6		0.167258
96.7		0.167258
96.8		0.167258
96.9		0.167258
97		0.167258
97.1		0.169423
97.2		0.169423
97.3		0.169423
97.4		0.169423
97.5		0.169423
97.6		0.169423
97.7		0.169423
97.8		0.169423
97.9		0.169423
98		0.169423
98.1		0.170759
98.2		0.170759
98.3		0.170759
98.4		0.170759
98.5		0.170759
98.6		0.170759
98.7		0.170759
98.8		0.170759
98.9		0.170759
99		0.170759
99.1		0.172463
99.2		0.172463
99.3		0.172463
99.4		0.172463
99.5		0.172463
99.6		0.172463
99.7		0.172463
99.8		0.172463
99.9		0.172463
100		0.172463
100.1		0.173476
100.2		0.173476
100.3		0.173476
100.4		0.173476
100.5		0.173476
100.6		0.173476
100.7		0.173476
100.8		0.173476
100.9		0.173476
101		0.173476
101.1		0.17472
101.2		0.17472
101.3		0.17472
101.4		0.17472
101.5		0.17472
101.6		0.17472
101.7		0.17472
101.8		0.17472
101.9		0.17472
102		0.17472
102.1		0.177023
102.2		0.177023
102.3		0.177023
102.4		0.177023
102.5		0.177023
102.6		0.177023
102.7		0.177023
102.8		0.177023
102.9		0.177023
103		0.177023
103.1		0.180985
103.2		0.180985
103.3		0.180985
103.4		0.180985
103.5		0.180985
103.6		0.180985
103.7		0.180985
103.8		0.180985
103.9		0.180985
104		0.180985
104.1		0.182966
104.2		0.182966
104.3		0.182966
104.4		0.182966
104.5		0.182966
104.6		0.182966
104.7		0.182966
104.8		0.182966
104.9		0.182966
105		0.182966
105.1		0.184209
105.2		0.184209
105.3		0.184209
105.4		0.184209
105.5		0.184209
105.6		0.184209
105.7		0.184209
105.8		0.184209
105.9		0.184209
106		0.184209
106.1		0.185131
106.2		0.185131
106.3		0.185131
106.4		0.185131
106.5		0.185131
106.6		0.185131
106.7		0.185131
106.8		0.185131
106.9		0.185131
107		0.185131
107.1		0.187065
107.2		0.187065
107.3		0.187065
107.4		0.187065
107.5		0.187065
107.6		0.187065
107.7		0.187065
107.8		0.187065
107.9		0.187065
108		0.187065
108.1		0.190612
108.2		0.190612
108.3		0.190612
108.4		0.190612
108.5		0.190612
108.6		0.190612
108.7		0.190612
108.8		0.190612
108.9		0.190612
109		0.190612
109.1		0.193284
109.2		0.193284
109.3		0.193284
109.4		0.193284
109.5		0.193284
109.6		0.193284
109.7		0.193284
109.8		0.193284
109.9		0.193284
110		0.193284
110.1		0.194297
110.2		0.194297
110.3		0.194297
110.4		0.194297
110.5		0.194297
110.6		0.194297
110.7		0.194297
110.8		0.194297
110.9		0.194297
111		0.194297
111.1		0.195633
111.2		0.195633
111.3		0.195633
111.4		0.195633
111.5		0.195633
111.6		0.195633
111.7		0.195633
111.8		0.195633
111.9		0.195633
112		0.195633
112.1		0.196002
112.2		0.196002
112.3		0.196002
112.4		0.196002
112.5		0.196002
112.6		0.196002
112.7		0.196002
112.8		0.196002
112.9		0.196002
113		0.196002
113.1		0.199318
113.2		0.199318
113.3		0.199318
113.4		0.199318
113.5		0.199318
113.6		0.199318
113.7		0.199318
113.8		0.199318
113.9		0.199318
114		0.199318
114.1		0.202266
114.2		0.202266
114.3		0.202266
114.4		0.202266
114.5		0.202266
114.6		0.202266
114.7		0.202266
114.8		0.202266
114.9		0.202266
115		0.202266
115.1		0.20328
115.2		0.20328
115.3		0.20328
115.4		0.20328
115.5		0.20328
115.6		0.20328
115.7		0.20328
115.8		0.20328
115.9		0.20328
116		0.20328
116.1		0.203786
116.2		0.203786
116.3		0.203786
116.4		0.203786
116.5		0.203786
116.6		0.203786
116.7		0.203786
116.8		0.203786
116.9		0.203786
117		0.203786
117.1		0.204938
117.2		0.204938
117.3		0.204938
117.4		0.204938
117.5		0.204938
117.6		0.204938
117.7		0.204938
117.8		0.204938
117.9		0.204938
118		0.204938
118.1		0.207932
118.2		0.207932
118.3		0.207932
118.4		0.207932
118.5		0.207932
118.6		0.207932
118.7		0.207932
118.8		0.207932
118.9		0.207932
119		0.207932
119.1		0.208439
119.2		0.208439
119.3		0.208439
119.4		0.208439
119.5		0.208439
119.6		0.208439
119.7		0.208439
119.8		0.208439
119.9		0.208439
120		0.208439
120.1		0.211433
120.2		0.211433
120.3		0.211433
120.4		0.211433
120.5		0.211433
120.6		0.211433
120.7		0.211433
120.8		0.211433
120.9		0.211433
121		0.211433
121.1		0.215533
121.2		0.215533
121.3		0.215533
121.4		0.215533
121.5		0.215533
121.6		0.215533
121.7		0.215533
121.8		0.215533
121.9		0.215533
122		0.215533
122.1		0.217421
122.2		0.217421
122.3		0.217421
122.4		0.217421
122.5		0.217421
122.6		0.217421
122.7		0.217421
122.8		0.217421
122.9		0.217421
123		0.217421
123.1		0.218941
123.2		0.218941
123.3		0.218941
123.4		0.218941
123.5		0.218941
123.6		0.218941
123.7		0.218941
123.8		0.218941
123.9		0.218941
124		0.218941
124.1		0.219448
124.2		0.219448
124.3		0.219448
124.4		0.219448
124.5		0.219448
124.6		0.219448
124.7		0.219448
124.8		0.219448
124.9		0.219448
125		0.219448
125.1		0.21954
125.2		0.21954
125.3		0.21954
125.4		0.21954
125.5		0.21954
125.6		0.21954
125.7		0.21954
125.8		0.21954
125.9		0.21954
126		0.21954
126.1		0.225022
126.2		0.225022
126.3		0.225022
126.4		0.225022
126.5		0.225022
126.6		0.225022
126.7		0.225022
126.8		0.225022
126.9		0.225022
127		0.225022
127.1		0.225943
127.2		0.225943
127.3		0.225943
127.4		0.225943
127.5		0.225943
127.6		0.225943
127.7		0.225943
127.8		0.225943
127.9		0.225943
128		0.225943
128.1		0.22645
128.2		0.22645
128.3		0.22645
128.4		0.22645
128.5		0.22645
128.6		0.22645
128.7		0.22645
128.8		0.22645
128.9		0.22645
129		0.22645
129.1		0.231148
129.2		0.231148
129.3		0.231148
129.4		0.231148
129.5		0.231148
129.6		0.231148
129.7		0.231148
129.8		0.231148
129.9		0.231148
130		0.231148
130.1		0.233129
130.2		0.233129
130.3		0.233129
130.4		0.233129
130.5		0.233129
130.6		0.233129
130.7		0.233129
130.8		0.233129
130.9		0.233129
131		0.233129
131.1		0.233912
131.2		0.233912
131.3		0.233912
131.4		0.233912
131.5		0.233912
131.6		0.233912
131.7		0.233912
131.8		0.233912
131.9		0.233912
132		0.233912
132.1		0.236077
132.2		0.236077
132.3		0.236077
132.4		0.236077
132.5		0.236077
132.6		0.236077
132.7		0.236077
132.8		0.236077
132.9		0.236077
133		0.236077
133.1		0.236446
133.2		0.236446
133.3		0.236446
133.4		0.236446
133.5		0.236446
133.6		0.236446
133.7		0.236446
133.8		0.236446
133.9		0.236446
134		0.236446
134.1		0.239854
134.2		0.239854
134.3		0.239854
134.4		0.239854
134.5		0.239854
134.6		0.239854
134.7		0.239854
134.8		0.239854
134.9		0.239854
135		0.239854
135.1		0.243678
135.2		0.243678
135.3		0.243678
135.4		0.243678
135.5		0.243678
135.6		0.243678
135.7		0.243678
135.8		0.243678
135.9		0.243678
136		0.243678
136.1		0.244184
136.2		0.244184
136.3		0.244184
136.4		0.244184
136.5		0.244184
136.6		0.244184
136.7		0.244184
136.8		0.244184
136.9		0.244184
137		0.244184
137.1		0.244875
137.2		0.244875
137.3		0.244875
137.4		0.244875
137.5		0.244875
137.6		0.244875
137.7		0.244875
137.8		0.244875
137.9		0.244875
138		0.244875
138.1		0.24787
138.2		0.24787
138.3		0.24787
138.4		0.24787
138.5		0.24787
138.6		0.24787
138.7		0.24787
138.8		0.24787
138.9		0.24787
139		0.24787
139.1		0.250587
139.2		0.250587
139.3		0.250587
139.4		0.250587
139.5		0.250587
139.6		0.250587
139.7		0.250587
139.8		0.250587
139.9		0.250587
140		0.250587
140.1		0.250633
140.2		0.250633
140.3		0.250633
140.4		0.250633
140.5		0.250633
140.6		0.250633
140.7		0.250633
140.8		0.250633
140.9		0.250633
141		0.250633
141.1		0.254963
141.2		0.254963
141.3		0.254963
141.4		0.254963
141.5		0.254963
141.6		0.254963
141.7		0.254963
141.8		0.254963
141.9		0.254963
142		0.254963
142.1		0.255056
142.2		0.255056
142.3		0.255056
142.4		0.255056
142.5		0.255056
142.6		0.255056
142.7		0.255056
142.8		0.255056
142.9		0.255056
143		0.255056
143.1		0.255608
143.2		0.255608
143.3		0.255608
143.4		0.255608
143.5		0.255608
143.6		0.255608
143.7		0.255608
143.8		0.255608
143.9		0.255608
144		0.255608
144.1		0.257727
144.2		0.257727
144.3		0.257727
144.4		0.257727
144.5		0.257727
144.6		0.257727
144.7		0.257727
144.8		0.257727
144.9		0.257727
145		0.257727
145.1		0.262702
145.2		0.262702
145.3		0.262702
145.4		0.262702
145.5		0.262702
145.6		0.262702
145.7		0.262702
145.8		0.262702
145.9		0.262702
146		0.262702
146.1		0.263946
146.2		0.263946
146.3		0.263946
146.4		0.263946
146.5		0.263946
146.6		0.263946
146.7		0.263946
146.8		0.263946
146.9		0.263946
147		0.263946
147.1		0.265328
147.2		0.265328
147.3		0.265328
147.4		0.265328
147.5		0.265328
147.6		0.265328
147.7		0.265328
147.8		0.265328
147.9		0.265328
148		0.265328
148.1		0.267585
148.2		0.267585
148.3		0.267585
148.4		0.267585
148.5		0.267585
148.6		0.267585
148.7		0.267585
148.8		0.267585
148.9		0.267585
149		0.267585
149.1		0.269427
149.2		0.269427
149.3		0.269427
149.4		0.269427
149.5		0.269427
149.6		0.269427
149.7		0.269427
149.8		0.269427
149.9		0.269427
150		0.269427
150.1		0.271685
150.2		0.271685
150.3		0.271685
150.4		0.271685
150.5		0.271685
150.6		0.271685
150.7		0.271685
150.8		0.271685
150.9		0.271685
151		0.271685
151.1		0.272145
151.2		0.272145
151.3		0.272145
151.4		0.272145
151.5		0.272145
151.6		0.272145
151.7		0.272145
151.8		0.272145
151.9		0.272145
152		0.272145
152.1		0.275876
152.2		0.275876
152.3		0.275876
152.4		0.275876
152.5		0.275876
152.6		0.275876
152.7		0.275876
152.8		0.275876
152.9		0.275876
153		0.275876
153.1		0.276383
153.2		0.276383
153.3		0.276383
153.4		0.276383
153.5		0.276383
153.6		0.276383
153.7		0.276383
153.8		0.276383
153.9		0.276383
154		0.276383
154.1		0.282325
154.2		0.282325
154.3		0.282325
154.4		0.282325
154.5		0.282325
154.6		0.282325
154.7		0.282325
154.8		0.282325
154.9		0.282325
155		0.282325
155.1		0.28403
155.2		0.28403
155.3		0.28403
155.4		0.28403
155.5		0.28403
155.6		0.28403
155.7		0.28403
155.8		0.28403
155.9		0.28403
156		0.28403
156.1		0.28449
156.2		0.28449
156.3		0.28449
156.4		0.28449
156.5		0.28449
156.6		0.28449
156.7		0.28449
156.8		0.28449
156.9		0.28449
157		0.28449
157.1		0.284813
157.2		0.284813
157.3		0.284813
157.4		0.284813
157.5		0.284813
157.6		0.284813
157.7		0.284813
157.8		0.284813
157.9		0.284813
158		0.284813
158.1		0.285135
158.2		0.285135
158.3		0.285135
158.4		0.285135
158.5		0.285135
158.6		0.285135
158.7		0.285135
158.8		0.285135
158.9		0.285135
159		0.285135
159.1		0.289419
159.2		0.289419
159.3		0.289419
159.4		0.289419
159.5		0.289419
159.6		0.289419
159.7		0.289419
159.8		0.289419
159.9		0.289419
160		0.289419
160.1		0.296375
160.2		0.296375
160.3		0.296375
160.4		0.296375
160.5		0.296375
160.6		0.296375
160.7		0.296375
160.8		0.296375
160.9		0.296375
161		0.296375
161.1		0.29702
161.2		0.29702
161.3		0.29702
161.4		0.29702
161.5		0.29702
161.6		0.29702
161.7		0.29702
161.8		0.29702
161.9		0.29702
162		0.29702
162.1		0.297388
162.2		0.297388
162.3		0.297388
162.4		0.297388
162.5		0.297388
162.6		0.297388
162.7		0.297388
162.8		0.297388
162.9		0.297388
163		0.297388
163.1		0.297618
163.2		0.297618
163.3		0.297618
163.4		0.297618
163.5		0.297618
163.6		0.297618
163.7		0.297618
163.8		0.297618
163.9		0.297618
164		0.297618
164.1		0.301949
164.2		0.301949
164.3		0.301949
164.4		0.301949
164.5		0.301949
164.6		0.301949
164.7		0.301949
164.8		0.301949
164.9		0.301949
165		0.301949
165.1		0.305772
165.2		0.305772
165.3		0.305772
165.4		0.305772
165.5		0.305772
165.6		0.305772
165.7		0.305772
165.8		0.305772
165.9		0.305772
166		0.305772
166.1		0.306601
166.2		0.306601
166.3		0.306601
166.4		0.306601
166.5		0.306601
166.6		0.306601
166.7		0.306601
166.8		0.306601
166.9		0.306601
167		0.306601
167.1		0.307983
167.2		0.307983
167.3		0.307983
167.4		0.307983
167.5		0.307983
167.6		0.307983
167.7		0.307983
167.8		0.307983
167.9		0.307983
168		0.307983
168.1		0.309595
168.2		0.309595
168.3		0.309595
168.4		0.309595
168.5		0.309595
168.6		0.309595
168.7		0.309595
168.8		0.309595
168.9		0.309595
169		0.309595
169.1		0.312589
169.2		0.312589
169.3		0.312589
169.4		0.312589
169.5		0.312589
169.6		0.312589
169.7		0.312589
169.8		0.312589
169.9		0.312589
170		0.312589
170.1		0.315123
170.2		0.315123
170.3		0.315123
170.4		0.315123
170.5		0.315123
170.6		0.315123
170.7		0.315123
170.8		0.315123
170.9		0.315123
171		0.315123
171.1		0.318117
171.2		0.318117
171.3		0.318117
171.4		0.318117
171.5		0.318117
171.6		0.318117
171.7		0.318117
171.8		0.318117
171.9		0.318117
172		0.318117
172.1		0.31867
172.2		0.31867
172.3		0.31867
172.4		0.31867
172.5		0.31867
172.6		0.31867
172.7		0.31867
172.8		0.31867
172.9		0.31867
173		0.31867
173.1		0.320558
173.2		0.320558
173.3		0.320558
173.4		0.320558
173.5		0.320558
173.6		0.320558
173.7		0.320558
173.8		0.320558
173.9		0.320558
174		0.320558
174.1		0.323322
174.2		0.323322
174.3		0.323322
174.4		0.323322
174.5		0.323322
174.6		0.323322
174.7		0.323322
174.8		0.323322
174.9		0.323322
175		0.323322
175.1		0.325671
175.2		0.325671
175.3		0.325671
175.4		0.325671
175.5		0.325671
175.6		0.325671
175.7		0.325671
175.8		0.325671
175.9		0.325671
176		0.325671
176.1		0.325856
176.2		0.325856
176.3		0.325856
176.4		0.325856
176.5		0.325856
176.6		0.325856
176.7		0.325856
176.8		0.325856
176.9		0.325856
177		0.325856
177.1		0.328666
177.2		0.328666
177.3		0.328666
177.4		0.328666
177.5		0.328666
177.6		0.328666
177.7		0.328666
177.8		0.328666
177.9		0.328666
178		0.328666
178.1		0.328804
178.2		0.328804
178.3		0.328804
178.4		0.328804
178.5		0.328804
178.6		0.328804
178.7		0.328804
178.8		0.328804
178.9		0.328804
179		0.328804
179.1		0.331936
179.2		0.331936
179.3		0.331936
179.4		0.331936
179.5		0.331936
179.6		0.331936
179.7		0.331936
179.8		0.331936
179.9		0.331936
180		0.331936
180.1		0.332811
180.2		0.332811
180.3		0.332811
180.4		0.332811
180.5		0.332811
180.6		0.332811
180.7		0.332811
180.8		0.332811
180.9		0.332811
181		0.332811
181.1		0.3347
181.2		0.3347
181.3		0.3347
181.4		0.3347
181.5		0.3347
181.6		0.3347
181.7		0.3347
181.8		0.3347
181.9		0.3347
182		0.3347
182.1		0.336911
182.2		0.336911
182.3		0.336911
182.4		0.336911
182.5		0.336911
182.6		0.336911
182.7		0.336911
182.8		0.336911
182.9		0.336911
183		0.336911
183.1		0.338707
183.2		0.338707
183.3		0.338707
183.4		0.338707
183.5		0.338707
183.6		0.338707
183.7		0.338707
183.8		0.338707
183.9		0.338707
184		0.338707
184.1		0.340458
184.2		0.340458
184.3		0.340458
184.4		0.340458
184.5		0.340458
184.6		0.340458
184.7		0.340458
184.8		0.340458
184.9		0.340458
185		0.340458
185.1		0.342024
185.2		0.342024
185.3		0.342024
185.4		0.342024
185.5		0.342024
185.6		0.342024
185.7		0.342024
185.8		0.342024
185.9		0.342024
186		0.342024
186.1		0.343682
186.2		0.343682
186.3		0.343682
186.4		0.343682
186.5		0.343682
186.6		0.343682
186.7		0.343682
186.8		0.343682
186.9		0.343682
187		0.343682
187.1		0.347414
187.2		0.347414
187.3		0.347414
187.4		0.347414
187.5		0.347414
187.6		0.347414
187.7		0.347414
187.8		0.347414
187.9		0.347414
188		0.347414
188.1		0.348611
188.2		0.348611
188.3		0.348611
188.4		0.348611
188.5		0.348611
188.6		0.348611
188.7		0.348611
188.8		0.348611
188.9		0.348611
189		0.348611
189.1		0.348888
189.2		0.348888
189.3		0.348888
189.4		0.348888
189.5		0.348888
189.6		0.348888
189.7		0.348888
189.8		0.348888
189.9		0.348888
190		0.348888
190.1		0.350638
190.2		0.350638
190.3		0.350638
190.4		0.350638
190.5		0.350638
190.6		0.350638
190.7		0.350638
190.8		0.350638
190.9		0.350638
191		0.350638
191.1		0.352158
191.2		0.352158
191.3		0.352158
191.4		0.352158
191.5		0.352158
191.6		0.352158
191.7		0.352158
191.8		0.352158
191.9		0.352158
192		0.352158
192.1		0.353494
192.2		0.353494
192.3		0.353494
192.4		0.353494
192.5		0.353494
192.6		0.353494
192.7		0.353494
192.8		0.353494
192.9		0.353494
193		0.353494
193.1		0.360127
193.2		0.360127
193.3		0.360127
193.4		0.360127
193.5		0.360127
193.6		0.360127
193.7		0.360127
193.8		0.360127
193.9		0.360127
194		0.360127
194.1		0.360588
194.2		0.360588
194.3		0.360588
194.4		0.360588
194.5		0.360588
194.6		0.360588
194.7		0.360588
194.8		0.360588
194.9		0.360588
195		0.360588
195.1		0.361555
195.2		0.361555
195.3		0.361555
195.4		0.361555
195.5		0.361555
195.6		0.361555
195.7		0.361555
195.8		0.361555
195.9		0.361555
196		0.361555
196.1		0.362384
196.2		0.362384
196.3		0.362384
196.4		0.362384
196.5		0.362384
196.6		0.362384
196.7		0.362384
196.8		0.362384
196.9		0.362384
197		0.362384
197.1		0.363306
197.2		0.363306
197.3		0.363306
197.4		0.363306
197.5		0.363306
197.6		0.363306
197.7		0.363306
197.8		0.363306
197.9		0.363306
198		0.363306
198.1		0.36676
198.2		0.36676
198.3		0.36676
198.4		0.36676
198.5		0.36676
198.6		0.36676
198.7		0.36676
198.8		0.36676
198.9		0.36676
199		0.36676
199.1		0.371551
199.2		0.371551
199.3		0.371551
199.4		0.371551
199.5		0.371551
199.6		0.371551
199.7		0.371551
199.8		0.371551
199.9		0.371551
200		0.371551
200.1		0.371735
200.2		0.371735
200.3		0.371735
200.4		0.371735
200.5		0.371735
200.6		0.371735
200.7		0.371735
200.8		0.371735
200.9		0.371735
201		0.371735
201.1		0.373117
201.2		0.373117
201.3		0.373117
201.4		0.373117
201.5		0.373117
201.6		0.373117
201.7		0.373117
201.8		0.373117
201.9		0.373117
202		0.373117
202.1		0.374315
202.2		0.374315
202.3		0.374315
202.4		0.374315
202.5		0.374315
202.6		0.374315
202.7		0.374315
202.8		0.374315
202.9		0.374315
203		0.374315
203.1		0.37671
203.2		0.37671
203.3		0.37671
203.4		0.37671
203.5		0.37671
203.6		0.37671
203.7		0.37671
203.8		0.37671
203.9		0.37671
204		0.37671
204.1		0.379152
204.2		0.379152
204.3		0.379152
204.4		0.379152
204.5		0.379152
204.6		0.379152
204.7		0.379152
204.8		0.379152
204.9		0.379152
205		0.379152
205.1		0.382514
205.2		0.382514
205.3		0.382514
205.4		0.382514
205.5		0.382514
205.6		0.382514
205.7		0.382514
205.8		0.382514
205.9		0.382514
206		0.382514
206.1		0.384126
206.2		0.384126
206.3		0.384126
206.4		0.384126
206.5		0.384126
206.6		0.384126
206.7		0.384126
206.8		0.384126
206.9		0.384126
207		0.384126
207.1		0.384311
207.2		0.384311
207.3		0.384311
207.4		0.384311
207.5		0.384311
207.6		0.384311
207.7		0.384311
207.8		0.384311
207.9		0.384311
208		0.384311
208.1		0.385278
208.2		0.385278
208.3		0.385278
208.4		0.385278
208.5		0.385278
208.6		0.385278
208.7		0.385278
208.8		0.385278
208.9		0.385278
209		0.385278
209.1		0.388226
209.2		0.388226
209.3		0.388226
209.4		0.388226
209.5		0.388226
209.6		0.388226
209.7		0.388226
209.8		0.388226
209.9		0.388226
210		0.388226
210.1		0.388917
210.2		0.388917
210.3		0.388917
210.4		0.388917
210.5		0.388917
210.6		0.388917
210.7		0.388917
210.8		0.388917
210.9		0.388917
211		0.388917
211.1		0.392925
211.2		0.392925
211.3		0.392925
211.4		0.392925
211.5		0.392925
211.6		0.392925
211.7		0.392925
211.8		0.392925
211.9		0.392925
212		0.392925
212.1		0.393708
212.2		0.393708
212.3		0.393708
212.4		0.393708
212.5		0.393708
212.6		0.393708
212.7		0.393708
212.8		0.393708
212.9		0.393708
213		0.393708
213.1		0.39509
213.2		0.39509
213.3		0.39509
213.4		0.39509
213.5		0.39509
213.6		0.39509
213.7		0.39509
213.8		0.39509
213.9		0.39509
214		0.39509
214.1		0.397024
214.2		0.397024
214.3		0.397024
214.4		0.397024
214.5		0.397024
214.6		0.397024
214.7		0.397024
214.8		0.397024
214.9		0.397024
215		0.397024
215.1		0.397899
215.2		0.397899
215.3		0.397899
215.4		0.397899
215.5		0.397899
215.6		0.397899
215.7		0.397899
215.8		0.397899
215.9		0.397899
216		0.397899
216.1		0.402322
216.2		0.402322
216.3		0.402322
216.4		0.402322
216.5		0.402322
216.6		0.402322
216.7		0.402322
216.8		0.402322
216.9		0.402322
217		0.402322
217.1		0.404072
217.2		0.404072
217.3		0.404072
217.4		0.404072
217.5		0.404072
217.6		0.404072
217.7		0.404072
217.8		0.404072
217.9		0.404072
218		0.404072
218.1		0.404901
218.2		0.404901
218.3		0.404901
218.4		0.404901
218.5		0.404901
218.6		0.404901
218.7		0.404901
218.8		0.404901
218.9		0.404901
219		0.404901
219.1		0.408356
219.2		0.408356
219.3		0.408356
219.4		0.408356
219.5		0.408356
219.6		0.408356
219.7		0.408356
219.8		0.408356
219.9		0.408356
220		0.408356
220.1		0.408632
220.2		0.408632
220.3		0.408632
220.4		0.408632
220.5		0.408632
220.6		0.408632
220.7		0.408632
220.8		0.408632
220.9		0.408632
221		0.408632
221.1		0.41006
221.2		0.41006
221.3		0.41006
221.4		0.41006
221.5		0.41006
221.6		0.41006
221.7		0.41006
221.8		0.41006
221.9		0.41006
222		0.41006
222.1		0.412686
222.2		0.412686
222.3		0.412686
222.4		0.412686
222.5		0.412686
222.6		0.412686
222.7		0.412686
222.8		0.412686
222.9		0.412686
223		0.412686
223.1		0.415404
223.2		0.415404
223.3		0.415404
223.4		0.415404
223.5		0.415404
223.6		0.415404
223.7		0.415404
223.8		0.415404
223.9		0.415404
224		0.415404
224.1		0.415542
224.2		0.415542
224.3		0.415542
224.4		0.415542
224.5		0.415542
224.6		0.415542
224.7		0.415542
224.8		0.415542
224.9		0.415542
225		0.415542
225.1		0.418628
225.2		0.418628
225.3		0.418628
225.4		0.418628
225.5		0.418628
225.6		0.418628
225.7		0.418628
225.8		0.418628
225.9		0.418628
226		0.418628
226.1		0.421484
226.2		0.421484
226.3		0.421484
226.4		0.421484
226.5		0.421484
226.6		0.421484
226.7		0.421484
226.8		0.421484
226.9		0.421484
227		0.421484
227.1		0.422774
227.2		0.422774
227.3		0.422774
227.4		0.422774
227.5		0.422774
227.6		0.422774
227.7		0.422774
227.8		0.422774
227.9		0.422774
228		0.422774
228.1		0.423972
228.2		0.423972
228.3		0.423972
228.4		0.423972
228.5		0.423972
228.6		0.423972
228.7		0.423972
228.8		0.423972
228.9		0.423972
229		0.423972
229.1		0.425722
229.2		0.425722
229.3		0.425722
229.4		0.425722
229.5		0.425722
229.6		0.425722
229.7		0.425722
229.8		0.425722
229.9		0.425722
230		0.425722
230.1		0.427242
230.2		0.427242
230.3		0.427242
230.4		0.427242
230.5		0.427242
230.6		0.427242
230.7		0.427242
230.8		0.427242
230.9		0.427242
231		0.427242
231.1		0.428256
231.2		0.428256
231.3		0.428256
231.4		0.428256
231.5		0.428256
231.6		0.428256
231.7		0.428256
231.8		0.428256
231.9		0.428256
232		0.428256
232.1		0.433092
232.2		0.433092
232.3		0.433092
232.4		0.433092
232.5		0.433092
232.6		0.433092
232.7		0.433092
232.8		0.433092
232.9		0.433092
233		0.433092
233.1		0.434889
233.2		0.434889
233.3		0.434889
233.4		0.434889
233.5		0.434889
233.6		0.434889
233.7		0.434889
233.8		0.434889
233.9		0.434889
234		0.434889
234.1		0.435534
234.2		0.435534
234.3		0.435534
234.4		0.435534
234.5		0.435534
234.6		0.435534
234.7		0.435534
234.8		0.435534
234.9		0.435534
235		0.435534
235.1		0.438758
235.2		0.438758
235.3		0.438758
235.4		0.438758
235.5		0.438758
235.6		0.438758
235.7		0.438758
235.8		0.438758
235.9		0.438758
236		0.438758
236.1		0.438988
236.2		0.438988
236.3		0.438988
236.4		0.438988
236.5		0.438988
236.6		0.438988
236.7		0.438988
236.8		0.438988
236.9		0.438988
237		0.438988
237.1		0.439081
237.2		0.439081
237.3		0.439081
237.4		0.439081
237.5		0.439081
237.6		0.439081
237.7		0.439081
237.8		0.439081
237.9		0.439081
238		0.439081
238.1		0.44705
238.2		0.44705
238.3		0.44705
238.4		0.44705
238.5		0.44705
238.6		0.44705
238.7		0.44705
238.8		0.44705
238.9		0.44705
239		0.44705
239.1		0.447372
239.2		0.447372
239.3		0.447372
239.4		0.447372
239.5		0.447372
239.6		0.447372
239.7		0.447372
239.8		0.447372
239.9		0.447372
240		0.447372
240.1		0.448155
240.2		0.448155
240.3		0.448155
240.4		0.448155
240.5		0.448155
240.6		0.448155
240.7		0.448155
240.8		0.448155
240.9		0.448155
241		0.448155
241.1		0.450873
241.2		0.450873
241.3		0.450873
241.4		0.450873
241.5		0.450873
241.6		0.450873
241.7		0.450873
241.8		0.450873
241.9		0.450873
242		0.450873
242.1		0.454143
242.2		0.454143
242.3		0.454143
242.4		0.454143
242.5		0.454143
242.6		0.454143
242.7		0.454143
242.8		0.454143
242.9		0.454143
243		0.454143
243.1		0.454696
243.2		0.454696
243.3		0.454696
243.4		0.454696
243.5		0.454696
243.6		0.454696
243.7		0.454696
243.8		0.454696
243.9		0.454696
244		0.454696
244.1		0.457829
244.2		0.457829
244.3		0.457829
244.4		0.457829
244.5		0.457829
244.6		0.457829
244.7		0.457829
244.8		0.457829
244.9		0.457829
245		0.457829
245.1		0.459164
245.2		0.459164
245.3		0.459164
245.4		0.459164
245.5		0.459164
245.6		0.459164
245.7		0.459164
245.8		0.459164
245.9		0.459164
246		0.459164
246.1		0.460546
246.2		0.460546
246.3		0.460546
246.4		0.460546
246.5		0.460546
246.6		0.460546
246.7		0.460546
246.8		0.460546
246.9		0.460546
247		0.460546
247.1		0.461375
247.2		0.461375
247.3		0.461375
247.4		0.461375
247.5		0.461375
247.6		0.461375
247.7		0.461375
247.8		0.461375
247.9		0.461375
248		0.461375
248.1		0.464968
248.2		0.464968
248.3		0.464968
248.4		0.464968
248.5		0.464968
248.6		0.464968
248.7		0.464968
248.8		0.464968
248.9		0.464968
249		0.464968
249.1		0.46612
249.2		0.46612
249.3		0.46612
249.4		0.46612
249.5		0.46612
249.6		0.46612
249.7		0.46612
249.8		0.46612
249.9		0.46612
250		0.46612
250.1		0.472661
250.2		0.472661
250.3		0.472661
250.4		0.472661
250.5		0.472661
250.6		0.472661
250.7		0.472661
250.8		0.472661
250.9		0.472661
251		0.472661
251.1		0.473076
251.2		0.473076
251.3		0.473076
251.4		0.473076
251.5		0.473076
251.6		0.473076
251.7		0.473076
251.8		0.473076
251.9		0.473076
252		0.473076
252.1		0.473767
252.2		0.473767
252.3		0.473767
252.4		0.473767
252.5		0.473767
252.6		0.473767
252.7		0.473767
252.8		0.473767
252.9		0.473767
253		0.473767
253.1		0.475978
253.2		0.475978
253.3		0.475978
253.4		0.475978
253.5		0.475978
253.6		0.475978
253.7		0.475978
253.8		0.475978
253.9		0.475978
254		0.475978
254.1		0.477221
254.2		0.477221
254.3		0.477221
254.4		0.477221
254.5		0.477221
254.6		0.477221
254.7		0.477221
254.8		0.477221
254.9		0.477221
255		0.477221
255.1		0.481874
255.2		0.481874
255.3		0.481874
255.4		0.481874
255.5		0.481874
255.6		0.481874
255.7		0.481874
255.8		0.481874
255.9		0.481874
256		0.481874
256.1		0.482933
256.2		0.482933
256.3		0.482933
256.4		0.482933
256.5		0.482933
256.6		0.482933
256.7		0.482933
256.8		0.482933
256.9		0.482933
257		0.482933
257.1		0.48473
257.2		0.48473
257.3		0.48473
257.4		0.48473
257.5		0.48473
257.6		0.48473
257.7		0.48473
257.8		0.48473
257.9		0.48473
258		0.48473
258.1		0.487309
258.2		0.487309
258.3		0.487309
258.4		0.487309
258.5		0.487309
258.6		0.487309
258.7		0.487309
258.8		0.487309
258.9		0.487309
259		0.487309
259.1		0.487724
259.2		0.487724
259.3		0.487724
259.4		0.487724
259.5		0.487724
259.6		0.487724
259.7		0.487724
259.8		0.487724
259.9		0.487724
260		0.487724
260.1		0.489981
260.2		0.489981
260.3		0.489981
260.4		0.489981
260.5		0.489981
260.6		0.489981
260.7		0.489981
260.8		0.489981
260.9		0.489981
261		0.489981
261.1		0.492745
261.2		0.492745
261.3		0.492745
261.4		0.492745
261.5		0.492745
261.6		0.492745
261.7		0.492745
261.8		0.492745
261.9		0.492745
262		0.492745
262.1		0.493804
262.2		0.493804
262.3		0.493804
262.4		0.493804
262.5		0.493804
262.6		0.493804
262.7		0.493804
262.8		0.493804
262.9		0.493804
263		0.493804
263.1		0.494587
263.2		0.494587
263.3		0.494587
263.4		0.494587
263.5		0.494587
263.6		0.494587
263.7		0.494587
263.8		0.494587
263.9		0.494587
264		0.494587
264.1		0.498134
264.2		0.498134
264.3		0.498134
264.4		0.498134
264.5		0.498134
264.6		0.498134
264.7		0.498134
264.8		0.498134
264.9		0.498134
265		0.498134
265.1		0.498411
265.2		0.498411
265.3		0.498411
265.4		0.498411
265.5		0.498411
265.6		0.498411
265.7		0.498411
265.8		0.498411
265.9		0.498411
266		0.498411
266.1		0.500576
266.2		0.500576
266.3		0.500576
266.4		0.500576
266.5		0.500576
266.6		0.500576
266.7		0.500576
266.8		0.500576
266.9		0.500576
267		0.500576
267.1		0.504722
267.2		0.504722
267.3		0.504722
267.4		0.504722
267.5		0.504722
267.6		0.504722
267.7		0.504722
267.8		0.504722
267.9		0.504722
268		0.504722
268.1		0.505551
268.2		0.505551
268.3		0.505551
268.4		0.505551
268.5		0.505551
268.6		0.505551
268.7		0.505551
268.8		0.505551
268.9		0.505551
269		0.505551
269.1		0.506748
269.2		0.506748
269.3		0.506748
269.4		0.506748
269.5		0.506748
269.6		0.506748
269.7		0.506748
269.8		0.506748
269.9		0.506748
270		0.506748
270.1		0.509789
270.2		0.509789
270.3		0.509789
270.4		0.509789
270.5		0.509789
270.6		0.509789
270.7		0.509789
270.8		0.509789
270.9		0.509789
271		0.509789
271.1		0.510986
271.2		0.510986
271.3		0.510986
271.4		0.510986
271.5		0.510986
271.6		0.510986
271.7		0.510986
271.8		0.510986
271.9		0.510986
272		0.510986
272.1		0.515777
272.2		0.515777
272.3		0.515777
272.4		0.515777
272.5		0.515777
272.6		0.515777
272.7		0.515777
272.8		0.515777
272.9		0.515777
273		0.515777
273.1		0.516238
273.2		0.516238
273.3		0.516238
273.4		0.516238
273.5		0.516238
273.6		0.516238
273.7		0.516238
273.8		0.516238
273.9		0.516238
274		0.516238
274.1		0.516468
274.2		0.516468
274.3		0.516468
274.4		0.516468
274.5		0.516468
274.6		0.516468
274.7		0.516468
274.8		0.516468
274.9		0.516468
275		0.516468
275.1		0.51785
275.2		0.51785
275.3		0.51785
275.4		0.51785
275.5		0.51785
275.6		0.51785
275.7		0.51785
275.8		0.51785
275.9		0.51785
276		0.51785
276.1		0.51937
276.2		0.51937
276.3		0.51937
276.4		0.51937
276.5		0.51937
276.6		0.51937
276.7		0.51937
276.8		0.51937
276.9		0.51937
277		0.51937
277.1		0.522825
277.2		0.522825
277.3		0.522825
277.4		0.522825
277.5		0.522825
277.6		0.522825
277.7		0.522825
277.8		0.522825
277.9		0.522825
278		0.522825
278.1		0.525128
278.2		0.525128
278.3		0.525128
278.4		0.525128
278.5		0.525128
278.6		0.525128
278.7		0.525128
278.8		0.525128
278.9		0.525128
279		0.525128
279.1		0.52697
279.2		0.52697
279.3		0.52697
279.4		0.52697
279.5		0.52697
279.6		0.52697
279.7		0.52697
279.8		0.52697
279.9		0.52697
280		0.52697
280.1		0.527753
280.2		0.527753
280.3		0.527753
280.4		0.527753
280.5		0.527753
280.6		0.527753
280.7		0.527753
280.8		0.527753
280.9		0.527753
281		0.527753
281.1		0.52978
281.2		0.52978
281.3		0.52978
281.4		0.52978
281.5		0.52978
281.6		0.52978
281.7		0.52978
281.8		0.52978
281.9		0.52978
282		0.52978
282.1		0.531439
282.2		0.531439
282.3		0.531439
282.4		0.531439
282.5		0.531439
282.6		0.531439
282.7		0.531439
282.8		0.531439
282.9		0.531439
283		0.531439
283.1		0.535907
283.2		0.535907
283.3		0.535907
283.4		0.535907
283.5		0.535907
283.6		0.535907
283.7		0.535907
283.8		0.535907
283.9		0.535907
284		0.535907
284.1		0.539546
284.2		0.539546
284.3		0.539546
284.4		0.539546
284.5		0.539546
284.6		0.539546
284.7		0.539546
284.8		0.539546
284.9		0.539546
285		0.539546
285.1		0.541342
285.2		0.541342
285.3		0.541342
285.4		0.541342
285.5		0.541342
285.6		0.541342
285.7		0.541342
285.8		0.541342
285.9		0.541342
286		0.541342
286.1		0.54148
286.2		0.54148
286.3		0.54148
286.4		0.54148
286.5		0.54148
286.6		0.54148
286.7		0.54148
286.8		0.54148
286.9		0.54148
287		0.54148
287.1		0.547054
287.2		0.547054
287.3		0.547054
287.4		0.547054
287.5		0.547054
287.6		0.547054
287.7		0.547054
287.8		0.547054
287.9		0.547054
288		0.547054
288.1		0.54945
288.2		0.54945
288.3		0.54945
288.4		0.54945
288.5		0.54945
288.6		0.54945
288.7		0.54945
288.8		0.54945
288.9		0.54945
289		0.54945
289.1		0.551108
289.2		0.551108
289.3		0.551108
289.4		0.551108
289.5		0.551108
289.6		0.551108
289.7		0.551108
289.8		0.551108
289.9		0.551108
290		0.551108
290.1		0.552996
290.2		0.552996
290.3		0.552996
290.4		0.552996
290.5		0.552996
290.6		0.552996
290.7		0.552996
290.8		0.552996
290.9		0.552996
291		0.552996
291.1		0.556866
291.2		0.556866
291.3		0.556866
291.4		0.556866
291.5		0.556866
291.6		0.556866
291.7		0.556866
291.8		0.556866
291.9		0.556866
292		0.556866
292.1		0.556866
292.2		0.556866
292.3		0.556866
292.4		0.556866
292.5		0.556866
292.6		0.556866
292.7		0.556866
292.8		0.556866
292.9		0.556866
293		0.556866
293.1		0.557787
293.2		0.557787
293.3		0.557787
293.4		0.557787
293.5		0.557787
293.6		0.557787
293.7		0.557787
293.8		0.557787
293.9		0.557787
294		0.557787
294.1		0.559031
294.2		0.559031
294.3		0.559031
294.4		0.559031
294.5		0.559031
294.6		0.559031
294.7		0.559031
294.8		0.559031
294.9		0.559031
295		0.559031
295.1		0.561887
295.2		0.561887
295.3		0.561887
295.4		0.561887
295.5		0.561887
295.6		0.561887
295.7		0.561887
295.8		0.561887
295.9		0.561887
296		0.561887
296.1		0.565618
296.2		0.565618
296.3		0.565618
296.4		0.565618
296.5		0.565618
296.6		0.565618
296.7		0.565618
296.8		0.565618
296.9		0.565618
297		0.565618
297.1		0.567046
297.2		0.567046
297.3		0.567046
297.4		0.567046
297.5		0.567046
297.6		0.567046
297.7		0.567046
297.8		0.567046
297.9		0.567046
298		0.567046
298.1		0.568981
298.2		0.568981
298.3		0.568981
298.4		0.568981
298.5		0.568981
298.6		0.568981
298.7		0.568981
298.8		0.568981
298.9		0.568981
299		0.568981
299.1		0.577042
299.2		0.577042
299.3		0.577042
299.4		0.577042
299.5		0.577042
299.6		0.577042
299.7		0.577042
299.8		0.577042
299.9		0.577042
300		0.577042
300.1		0.577733
300.2		0.577733
300.3		0.577733
300.4		0.577733
300.5		0.577733
300.6		0.577733
300.7		0.577733
300.8		0.577733
300.9		0.577733
301		0.577733
301.1		0.577963
301.2		0.577963
301.3		0.577963
301.4		0.577963
301.5		0.577963
301.6		0.577963
301.7		0.577963
301.8		0.577963
301.9		0.577963
302		0.577963
302.1		0.582109
302.2		0.582109
302.3		0.582109
302.4		0.582109
302.5		0.582109
302.6		0.582109
302.7		0.582109
302.8		0.582109
302.9		0.582109
303		0.582109
303.1		0.582431
303.2		0.582431
303.3		0.582431
303.4		0.582431
303.5		0.582431
303.6		0.582431
303.7		0.582431
303.8		0.582431
303.9		0.582431
304		0.582431
304.1		0.58736
304.2		0.58736
304.3		0.58736
304.4		0.58736
304.5		0.58736
304.6		0.58736
304.7		0.58736
304.8		0.58736
304.9		0.58736
305		0.58736
305.1		0.587498
305.2		0.587498
305.3		0.587498
305.4		0.587498
305.5		0.587498
305.6		0.587498
305.7		0.587498
305.8		0.587498
305.9		0.587498
306		0.587498
306.1		0.587636
306.2		0.587636
306.3		0.587636
306.4		0.587636
306.5		0.587636
306.6		0.587636
306.7		0.587636
306.8		0.587636
306.9		0.587636
307		0.587636
307.1		0.587867
307.2		0.587867
307.3		0.587867
307.4		0.587867
307.5		0.587867
307.6		0.587867
307.7		0.587867
307.8		0.587867
307.9		0.587867
308		0.587867
308.1		0.592657
308.2		0.592657
308.3		0.592657
308.4		0.592657
308.5		0.592657
308.6		0.592657
308.7		0.592657
308.8		0.592657
308.9		0.592657
309		0.592657
309.1		0.593901
309.2		0.593901
309.3		0.593901
309.4		0.593901
309.5		0.593901
309.6		0.593901
309.7		0.593901
309.8		0.593901
309.9		0.593901
310		0.593901
310.1		0.598415
310.2		0.598415
310.3		0.598415
310.4		0.598415
310.5		0.598415
310.6		0.598415
310.7		0.598415
310.8		0.598415
310.9		0.598415
311		0.598415
311.1		0.599291
311.2		0.599291
311.3		0.599291
311.4		0.599291
311.5		0.599291
311.6		0.599291
311.7		0.599291
311.8		0.599291
311.9		0.599291
312		0.599291
312.1		0.599521
312.2		0.599521
312.3		0.599521
312.4		0.599521
312.5		0.599521
312.6		0.599521
312.7		0.599521
312.8		0.599521
312.9		0.599521
313		0.599521
313.1		0.600626
313.2		0.600626
313.3		0.600626
313.4		0.600626
313.5		0.600626
313.6		0.600626
313.7		0.600626
313.8		0.600626
313.9		0.600626
314		0.600626
314.1		0.603713
314.2		0.603713
314.3		0.603713
314.4		0.603713
314.5		0.603713
314.6		0.603713
314.7		0.603713
314.8		0.603713
314.9		0.603713
315		0.603713
315.1		0.606845
315.2		0.606845
315.3		0.606845
315.4		0.606845
315.5		0.606845
315.6		0.606845
315.7		0.606845
315.8		0.606845
315.9		0.606845
316		0.606845
316.1		0.610668
316.2		0.610668
316.3		0.610668
316.4		0.610668
316.5		0.610668
316.6		0.610668
316.7		0.610668
316.8		0.610668
316.9		0.610668
317		0.610668
317.1		0.610761
317.2		0.610761
317.3		0.610761
317.4		0.610761
317.5		0.610761
317.6		0.610761
317.7		0.610761
317.8		0.610761
317.9		0.610761
318		0.610761
318.1		0.611267
318.2		0.611267
318.3		0.611267
318.4		0.611267
318.5		0.611267
318.6		0.611267
318.7		0.611267
318.8		0.611267
318.9		0.611267
319		0.611267
319.1		0.614814
319.2		0.614814
319.3		0.614814
319.4		0.614814
319.5		0.614814
319.6		0.614814
319.7		0.614814
319.8		0.614814
319.9		0.614814
320		0.614814
320.1		0.614952
320.2		0.614952
320.3		0.614952
320.4		0.614952
320.5		0.614952
320.6		0.614952
320.7		0.614952
320.8		0.614952
320.9		0.614952
321		0.614952
321.1		0.618361
321.2		0.618361
321.3		0.618361
321.4		0.618361
321.5		0.618361
321.6		0.618361
321.7		0.618361
321.8		0.618361
321.9		0.618361
322		0.618361
322.1		0.62223
322.2		0.62223
322.3		0.62223
322.4		0.62223
322.5		0.62223
322.6		0.62223
322.7		0.62223
322.8		0.62223
322.9		0.62223
323		0.62223
323.1		0.623428
323.2		0.623428
323.3		0.623428
323.4		0.623428
323.5		0.623428
323.6		0.623428
323.7		0.623428
323.8		0.623428
323.9		0.623428
324		0.623428
324.1		0.626008
324.2		0.626008
324.3		0.626008
324.4		0.626008
324.5		0.626008
324.6		0.626008
324.7		0.626008
324.8		0.626008
324.9		0.626008
325		0.626008
325.1		0.626606
325.2		0.626606
325.3		0.626606
325.4		0.626606
325.5		0.626606
325.6		0.626606
325.7		0.626606
325.8		0.626606
325.9		0.626606
326		0.626606
326.1		0.626929
326.2		0.626929
326.3		0.626929
326.4		0.626929
326.5		0.626929
326.6		0.626929
326.7		0.626929
326.8		0.626929
326.9		0.626929
327		0.626929
327.1		0.631121
327.2		0.631121
327.3		0.631121
327.4		0.631121
327.5		0.631121
327.6		0.631121
327.7		0.631121
327.8		0.631121
327.9		0.631121
328		0.631121
328.1		0.633424
328.2		0.633424
328.3		0.633424
328.4		0.633424
328.5		0.633424
328.6		0.633424
328.7		0.633424
328.8		0.633424
328.9		0.633424
329		0.633424
329.1		0.633424
329.2		0.633424
329.3		0.633424
329.4		0.633424
329.5		0.633424
329.6		0.633424
329.7		0.633424
329.8		0.633424
329.9		0.633424
330		0.633424
330.1		0.635819
330.2		0.635819
330.3		0.635819
330.4		0.635819
330.5		0.635819
330.6		0.635819
330.7		0.635819
330.8		0.635819
330.9		0.635819
331		0.635819
331.1		0.637478
331.2		0.637478
331.3		0.637478
331.4		0.637478
331.5		0.637478
331.6		0.637478
331.7		0.637478
331.8		0.637478
331.9		0.637478
332		0.637478
332.1		0.640426
332.2		0.640426
332.3		0.640426
332.4		0.640426
332.5		0.640426
332.6		0.640426
332.7		0.640426
332.8		0.640426
332.9		0.640426
333		0.640426
333.1		0.641209
333.2		0.641209
333.3		0.641209
333.4		0.641209
333.5		0.641209
333.6		0.641209
333.7		0.641209
333.8		0.641209
333.9		0.641209
334		0.641209
334.1		0.644019
334.2		0.644019
334.3		0.644019
334.4		0.644019
334.5		0.644019
334.6		0.644019
334.7		0.644019
334.8		0.644019
334.9		0.644019
335		0.644019
335.1		0.644571
335.2		0.644571
335.3		0.644571
335.4		0.644571
335.5		0.644571
335.6		0.644571
335.7		0.644571
335.8		0.644571
335.9		0.644571
336		0.644571
336.1		0.645078
336.2		0.645078
336.3		0.645078
336.4		0.645078
336.5		0.645078
336.6		0.645078
336.7		0.645078
336.8		0.645078
336.9		0.645078
337		0.645078
337.1		0.65102
337.2		0.65102
337.3		0.65102
337.4		0.65102
337.5		0.65102
337.6		0.65102
337.7		0.65102
337.8		0.65102
337.9		0.65102
338		0.65102
338.1		0.654798
338.2		0.654798
338.3		0.654798
338.4		0.654798
338.5		0.654798
338.6		0.654798
338.7		0.654798
338.8		0.654798
338.9		0.654798
339		0.654798
339.1		0.654936
339.2		0.654936
339.3		0.654936
339.4		0.654936
339.5		0.654936
339.6		0.654936
339.7		0.654936
339.8		0.654936
339.9		0.654936
340		0.654936
340.1		0.658114
340.2		0.658114
340.3		0.658114
340.4		0.658114
340.5		0.658114
340.6		0.658114
340.7		0.658114
340.8		0.658114
340.9		0.658114
341		0.658114
341.1		0.662352
341.2		0.662352
341.3		0.662352
341.4		0.662352
341.5		0.662352
341.6		0.662352
341.7		0.662352
341.8		0.662352
341.9		0.662352
342		0.662352
342.1		0.662628
342.2		0.662628
342.3		0.662628
342.4		0.662628
342.5		0.662628
342.6		0.662628
342.7		0.662628
342.8		0.662628
342.9		0.662628
343		0.662628
343.1		0.664195
343.2		0.664195
343.3		0.664195
343.4		0.664195
343.5		0.664195
343.6		0.664195
343.7		0.664195
343.8		0.664195
343.9		0.664195
344		0.664195
344.1		0.666314
344.2		0.666314
344.3		0.666314
344.4		0.666314
344.5		0.666314
344.6		0.666314
344.7		0.666314
344.8		0.666314
344.9		0.666314
345		0.666314
345.1		0.669308
345.2		0.669308
345.3		0.669308
345.4		0.669308
345.5		0.669308
345.6		0.669308
345.7		0.669308
345.8		0.669308
345.9		0.669308
346		0.669308
346.1		0.67244
346.2		0.67244
346.3		0.67244
346.4		0.67244
346.5		0.67244
346.6		0.67244
346.7		0.67244
346.8		0.67244
346.9		0.67244
347		0.67244
347.1		0.67244
347.2		0.67244
347.3		0.67244
347.4		0.67244
347.5		0.67244
347.6		0.67244
347.7		0.67244
347.8		0.67244
347.9		0.67244
348		0.67244
348.1		0.672578
348.2		0.672578
348.3		0.672578
348.4		0.672578
348.5		0.672578
348.6		0.672578
348.7		0.672578
348.8		0.672578
348.9		0.672578
349		0.672578
349.1		0.673039
349.2		0.673039
349.3		0.673039
349.4		0.673039
349.5		0.673039
349.6		0.673039
349.7		0.673039
349.8		0.673039
349.9		0.673039
350		0.673039
350.1		0.67548
350.2		0.67548
350.3		0.67548
350.4		0.67548
350.5		0.67548
350.6		0.67548
350.7		0.67548
350.8		0.67548
350.9		0.67548
351		0.67548
351.1		0.679948
351.2		0.679948
351.3		0.679948
351.4		0.679948
351.5		0.679948
351.6		0.679948
351.7		0.679948
351.8		0.679948
351.9		0.679948
352		0.679948
352.1		0.683772
352.2		0.683772
352.3		0.683772
352.4		0.683772
352.5		0.683772
352.6		0.683772
352.7		0.683772
352.8		0.683772
352.9		0.683772
353		0.683772
353.1		0.687503
353.2		0.687503
353.3		0.687503
353.4		0.687503
353.5		0.687503
353.6		0.687503
353.7		0.687503
353.8		0.687503
353.9		0.687503
354		0.687503
354.1		0.68847
354.2		0.68847
354.3		0.68847
354.4		0.68847
354.5		0.68847
354.6		0.68847
354.7		0.68847
354.8		0.68847
354.9		0.68847
355		0.68847
355.1		0.692524
355.2		0.692524
355.3		0.692524
355.4		0.692524
355.5		0.692524
355.6		0.692524
355.7		0.692524
355.8		0.692524
355.9		0.692524
356		0.692524
356.1		0.695702
356.2		0.695702
356.3		0.695702
356.4		0.695702
356.5		0.695702
356.6		0.695702
356.7		0.695702
356.8		0.695702
356.9		0.695702
357		0.695702
357.1		0.696854
357.2		0.696854
357.3		0.696854
357.4		0.696854
357.5		0.696854
357.6		0.696854
357.7		0.696854
357.8		0.696854
357.9		0.696854
358		0.696854
358.1		0.699986
358.2		0.699986
358.3		0.699986
358.4		0.699986
358.5		0.699986
358.6		0.699986
358.7		0.699986
358.8		0.699986
358.9		0.699986
359		0.699986
359.1		0.702566
359.2		0.702566
359.3		0.702566
359.4		0.702566
359.5		0.702566
359.6		0.702566
359.7		0.702566
359.8		0.702566
359.9		0.702566
360		0.702566
360.1		0.703303
360.2		0.703303
360.3		0.703303
360.4		0.703303
360.5		0.703303
360.6		0.703303
360.7		0.703303
360.8		0.703303
360.9		0.703303
361		0.703303
361.1		0.70708
361.2		0.70708
361.3		0.70708
361.4		0.70708
361.5		0.70708
361.6		0.70708
361.7		0.70708
361.8		0.70708
361.9		0.70708
362		0.70708
362.1		0.708692
362.2		0.708692
362.3		0.708692
362.4		0.708692
362.5		0.708692
362.6		0.708692
362.7		0.708692
362.8		0.708692
362.9		0.708692
363		0.708692
363.1		0.708784
363.2		0.708784
363.3		0.708784
363.4		0.708784
363.5		0.708784
363.6		0.708784
363.7		0.708784
363.8		0.708784
363.9		0.708784
364		0.708784
364.1		0.709107
364.2		0.709107
364.3		0.709107
364.4		0.709107
364.5		0.709107
364.6		0.709107
364.7		0.709107
364.8		0.709107
364.9		0.709107
365		0.709107
365.1		0.711364
365.2		0.711364
365.3		0.711364
365.4		0.711364
365.5		0.711364
365.6		0.711364
365.7		0.711364
365.8		0.711364
365.9		0.711364
366		0.711364
366.1		0.712976
366.2		0.712976
366.3		0.712976
366.4		0.712976
366.5		0.712976
366.6		0.712976
366.7		0.712976
366.8		0.712976
366.9		0.712976
367		0.712976
367.1		0.718227
367.2		0.718227
367.3		0.718227
367.4		0.718227
367.5		0.718227
367.6		0.718227
367.7		0.718227
367.8		0.718227
367.9		0.718227
368		0.718227
368.1		0.720853
368.2		0.720853
368.3		0.720853
368.4		0.720853
368.5		0.720853
368.6		0.720853
368.7		0.720853
368.8		0.720853
368.9		0.720853
369		0.720853
369.1		0.721037
369.2		0.721037
369.3		0.721037
369.4		0.721037
369.5		0.721037
369.6		0.721037
369.7		0.721037
369.8		0.721037
369.9		0.721037
370		0.721037
370.1		0.721728
370.2		0.721728
370.3		0.721728
370.4		0.721728
370.5		0.721728
370.6		0.721728
370.7		0.721728
370.8		0.721728
370.9		0.721728
371		0.721728
371.1		0.722696
371.2		0.722696
371.3		0.722696
371.4		0.722696
371.5		0.722696
371.6		0.722696
371.7		0.722696
371.8		0.722696
371.9		0.722696
372		0.722696
372.1		0.728776
372.2		0.728776
372.3		0.728776
372.4		0.728776
372.5		0.728776
372.6		0.728776
372.7		0.728776
372.8		0.728776
372.9		0.728776
373		0.728776
373.1		0.730158
373.2		0.730158
373.3		0.730158
373.4		0.730158
373.5		0.730158
373.6		0.730158
373.7		0.730158
373.8		0.730158
373.9		0.730158
374		0.730158
374.1		0.730757
374.2		0.730757
374.3		0.730757
374.4		0.730757
374.5		0.730757
374.6		0.730757
374.7		0.730757
374.8		0.730757
374.9		0.730757
375		0.730757
375.1		0.732599
375.2		0.732599
375.3		0.732599
375.4		0.732599
375.5		0.732599
375.6		0.732599
375.7		0.732599
375.8		0.732599
375.9		0.732599
376		0.732599
376.1		0.736238
376.2		0.736238
376.3		0.736238
376.4		0.736238
376.5		0.736238
376.6		0.736238
376.7		0.736238
376.8		0.736238
376.9		0.736238
377		0.736238
377.1		0.736331
377.2		0.736331
377.3		0.736331
377.4		0.736331
377.5		0.736331
377.6		0.736331
377.7		0.736331
377.8		0.736331
377.9		0.736331
378		0.736331
378.1		0.740522
378.2		0.740522
378.3		0.740522
378.4		0.740522
378.5		0.740522
378.6		0.740522
378.7		0.740522
378.8		0.740522
378.9		0.740522
379		0.740522
379.1		0.741167
379.2		0.741167
379.3		0.741167
379.4		0.741167
379.5		0.741167
379.6		0.741167
379.7		0.741167
379.8		0.741167
379.9		0.741167
380		0.741167
380.1		0.742181
380.2		0.742181
380.3		0.742181
380.4		0.742181
380.5		0.742181
380.6		0.742181
380.7		0.742181
380.8		0.742181
380.9		0.742181
381		0.742181
381.1		0.746741
381.2		0.746741
381.3		0.746741
381.4		0.746741
381.5		0.746741
381.6		0.746741
381.7		0.746741
381.8		0.746741
381.9		0.746741
382		0.746741
382.1		0.747109
382.2		0.747109
382.3		0.747109
382.4		0.747109
382.5		0.747109
382.6		0.747109
382.7		0.747109
382.8		0.747109
382.9		0.747109
383		0.747109
383.1		0.748399
383.2		0.748399
383.3		0.748399
383.4		0.748399
383.5		0.748399
383.6		0.748399
383.7		0.748399
383.8		0.748399
383.9		0.748399
384		0.748399
384.1		0.750795
384.2		0.750795
384.3		0.750795
384.4		0.750795
384.5		0.750795
384.6		0.750795
384.7		0.750795
384.8		0.750795
384.9		0.750795
385		0.750795
385.1		0.753697
385.2		0.753697
385.3		0.753697
385.4		0.753697
385.5		0.753697
385.6		0.753697
385.7		0.753697
385.8		0.753697
385.9		0.753697
386		0.753697
386.1		0.754111
386.2		0.754111
386.3		0.754111
386.4		0.754111
386.5		0.754111
386.6		0.754111
386.7		0.754111
386.8		0.754111
386.9		0.754111
387		0.754111
387.1		0.758856
387.2		0.758856
387.3		0.758856
387.4		0.758856
387.5		0.758856
387.6		0.758856
387.7		0.758856
387.8		0.758856
387.9		0.758856
388		0.758856
388.1		0.759823
388.2		0.759823
388.3		0.759823
388.4		0.759823
388.5		0.759823
388.6		0.759823
388.7		0.759823
388.8		0.759823
388.9		0.759823
389		0.759823
389.1		0.760837
389.2		0.760837
389.3		0.760837
389.4		0.760837
389.5		0.760837
389.6		0.760837
389.7		0.760837
389.8		0.760837
389.9		0.760837
390		0.760837
390.1		0.761435
390.2		0.761435
390.3		0.761435
390.4		0.761435
390.5		0.761435
390.6		0.761435
390.7		0.761435
390.8		0.761435
390.9		0.761435
391		0.761435
391.1		0.761758
391.2		0.761758
391.3		0.761758
391.4		0.761758
391.5		0.761758
391.6		0.761758
391.7		0.761758
391.8		0.761758
391.9		0.761758
392		0.761758
392.1		0.763739
392.2		0.763739
392.3		0.763739
392.4		0.763739
392.5		0.763739
392.6		0.763739
392.7		0.763739
392.8		0.763739
392.9		0.763739
393		0.763739
393.1		0.768667
393.2		0.768667
393.3		0.768667
393.4		0.768667
393.5		0.768667
393.6		0.768667
393.7		0.768667
393.8		0.768667
393.9		0.768667
394		0.768667
394.1		0.772399
394.2		0.772399
394.3		0.772399
394.4		0.772399
394.5		0.772399
394.6		0.772399
394.7		0.772399
394.8		0.772399
394.9		0.772399
395		0.772399
395.1		0.772859
395.2		0.772859
395.3		0.772859
395.4		0.772859
395.5		0.772859
395.6		0.772859
395.7		0.772859
395.8		0.772859
395.9		0.772859
396		0.772859
396.1		0.773504
396.2		0.773504
396.3		0.773504
396.4		0.773504
396.5		0.773504
396.6		0.773504
396.7		0.773504
396.8		0.773504
396.9		0.773504
397		0.773504
397.1		0.77461
397.2		0.77461
397.3		0.77461
397.4		0.77461
397.5		0.77461
397.6		0.77461
397.7		0.77461
397.8		0.77461
397.9		0.77461
398		0.77461
398.1		0.776268
398.2		0.776268
398.3		0.776268
398.4		0.776268
398.5		0.776268
398.6		0.776268
398.7		0.776268
398.8		0.776268
398.9		0.776268
399		0.776268
399.1		0.778157
399.2		0.778157
399.3		0.778157
399.4		0.778157
399.5		0.778157
399.6		0.778157
399.7		0.778157
399.8		0.778157
399.9		0.778157
400		0.778157
400.1		0.78479
400.2		0.78479
400.3		0.78479
400.4		0.78479
400.5		0.78479
400.6		0.78479
400.7		0.78479
400.8		0.78479
400.9		0.78479
401		0.78479
401.1		0.785573
401.2		0.785573
401.3		0.785573
401.4		0.785573
401.5		0.785573
401.6		0.785573
401.7		0.785573
401.8		0.785573
401.9		0.785573
402		0.785573
402.1		0.786218
402.2		0.786218
402.3		0.786218
402.4		0.786218
402.5		0.786218
402.6		0.786218
402.7		0.786218
402.8		0.786218
402.9		0.786218
403		0.786218
403.1		0.787001
403.2		0.787001
403.3		0.787001
403.4		0.787001
403.5		0.787001
403.6		0.787001
403.7		0.787001
403.8		0.787001
403.9		0.787001
404		0.787001
404.1		0.788429
404.2		0.788429
404.3		0.788429
404.4		0.788429
404.5		0.788429
404.6		0.788429
404.7		0.788429
404.8		0.788429
404.9		0.788429
405		0.788429
405.1		0.789396
405.2		0.789396
405.3		0.789396
405.4		0.789396
405.5		0.789396
405.6		0.789396
405.7		0.789396
405.8		0.789396
405.9		0.789396
406		0.789396
406.1		0.796905
406.2		0.796905
406.3		0.796905
406.4		0.796905
406.5		0.796905
406.6		0.796905
406.7		0.796905
406.8		0.796905
406.9		0.796905
407		0.796905
407.1		0.797273
407.2		0.797273
407.3		0.797273
407.4		0.797273
407.5		0.797273
407.6		0.797273
407.7		0.797273
407.8		0.797273
407.9		0.797273
408		0.797273
408.1		0.798194
408.2		0.798194
408.3		0.798194
408.4		0.798194
408.5		0.798194
408.6		0.798194
408.7		0.798194
408.8		0.798194
408.9		0.798194
409		0.798194
409.1		0.798517
409.2		0.798517
409.3		0.798517
409.4		0.798517
409.5		0.798517
409.6		0.798517
409.7		0.798517
409.8		0.798517
409.9		0.798517
410		0.798517
410.1		0.802524
410.2		0.802524
410.3		0.802524
410.4		0.802524
410.5		0.802524
410.6		0.802524
410.7		0.802524
410.8		0.802524
410.9		0.802524
411		0.802524
411.1		0.804137
411.2		0.804137
411.3		0.804137
411.4		0.804137
411.5		0.804137
411.6		0.804137
411.7		0.804137
411.8		0.804137
411.9		0.804137
412		0.804137
412.1		0.808236
412.2		0.808236
412.3		0.808236
412.4		0.808236
412.5		0.808236
412.6		0.808236
412.7		0.808236
412.8		0.808236
412.9		0.808236
413		0.808236
413.1		0.809204
413.2		0.809204
413.3		0.809204
413.4		0.809204
413.5		0.809204
413.6		0.809204
413.7		0.809204
413.8		0.809204
413.9		0.809204
414		0.809204
414.1		0.810954
414.2		0.810954
414.3		0.810954
414.4		0.810954
414.5		0.810954
414.6		0.810954
414.7		0.810954
414.8		0.810954
414.9		0.810954
415		0.810954
415.1		0.812889
415.2		0.812889
415.3		0.812889
415.4		0.812889
415.5		0.812889
415.6		0.812889
415.7		0.812889
415.8		0.812889
415.9		0.812889
416		0.812889
416.1		0.815008
416.2		0.815008
416.3		0.815008
416.4		0.815008
416.5		0.815008
416.6		0.815008
416.7		0.815008
416.8		0.815008
416.9		0.815008
417		0.815008
417.1		0.81533
417.2		0.81533
417.3		0.81533
417.4		0.81533
417.5		0.81533
417.6		0.81533
417.7		0.81533
417.8		0.81533
417.9		0.81533
418		0.81533
418.1		0.818416
418.2		0.818416
418.3		0.818416
418.4		0.818416
418.5		0.818416
418.6		0.818416
418.7		0.818416
418.8		0.818416
418.9		0.818416
419		0.818416
419.1		0.819338
419.2		0.819338
419.3		0.819338
419.4		0.819338
419.5		0.819338
419.6		0.819338
419.7		0.819338
419.8		0.819338
419.9		0.819338
420		0.819338
420.1		0.82141
420.2		0.82141
420.3		0.82141
420.4		0.82141
420.5		0.82141
420.6		0.82141
420.7		0.82141
420.8		0.82141
420.9		0.82141
421		0.82141
421.1		0.8227
421.2		0.8227
421.3		0.8227
421.4		0.8227
421.5		0.8227
421.6		0.8227
421.7		0.8227
421.8		0.8227
421.9		0.8227
422		0.8227
422.1		0.824359
422.2		0.824359
422.3		0.824359
422.4		0.824359
422.5		0.824359
422.6		0.824359
422.7		0.824359
422.8		0.824359
422.9		0.824359
423		0.824359
423.1		0.827261
423.2		0.827261
423.3		0.827261
423.4		0.827261
423.5		0.827261
423.6		0.827261
423.7		0.827261
423.8		0.827261
423.9		0.827261
424		0.827261
424.1		0.828412
424.2		0.828412
424.3		0.828412
424.4		0.828412
424.5		0.828412
424.6		0.828412
424.7		0.828412
424.8		0.828412
424.9		0.828412
425		0.828412
425.1		0.829287
425.2		0.829287
425.3		0.829287
425.4		0.829287
425.5		0.829287
425.6		0.829287
425.7		0.829287
425.8		0.829287
425.9		0.829287
426		0.829287
426.1		0.833341
426.2		0.833341
426.3		0.833341
426.4		0.833341
426.5		0.833341
426.6		0.833341
426.7		0.833341
426.8		0.833341
426.9		0.833341
427		0.833341
427.1		0.835782
427.2		0.835782
427.3		0.835782
427.4		0.835782
427.5		0.835782
427.6		0.835782
427.7		0.835782
427.8		0.835782
427.9		0.835782
428		0.835782
428.1		0.837072
428.2		0.837072
428.3		0.837072
428.4		0.837072
428.5		0.837072
428.6		0.837072
428.7		0.837072
428.8		0.837072
428.9		0.837072
429		0.837072
429.1		0.838086
429.2		0.838086
429.3		0.838086
429.4		0.838086
429.5		0.838086
429.6		0.838086
429.7		0.838086
429.8		0.838086
429.9		0.838086
430		0.838086
430.1		0.838224
430.2		0.838224
430.3		0.838224
430.4		0.838224
430.5		0.838224
430.6		0.838224
430.7		0.838224
430.8		0.838224
430.9		0.838224
431		0.838224
431.1		0.840343
431.2		0.840343
431.3		0.840343
431.4		0.840343
431.5		0.840343
431.6		0.840343
431.7		0.840343
431.8		0.840343
431.9		0.840343
432		0.840343
432.1		0.843014
432.2		0.843014
432.3		0.843014
432.4		0.843014
432.5		0.843014
432.6		0.843014
432.7		0.843014
432.8		0.843014
432.9		0.843014
433		0.843014
433.1		0.847344
433.2		0.847344
433.3		0.847344
433.4		0.847344
433.5		0.847344
433.6		0.847344
433.7		0.847344
433.8		0.847344
433.9		0.847344
434		0.847344
434.1		0.84845
434.2		0.84845
434.3		0.84845
434.4		0.84845
434.5		0.84845
434.6		0.84845
434.7		0.84845
434.8		0.84845
434.9		0.84845
435		0.84845
435.1		0.848634
435.2		0.848634
435.3		0.848634
435.4		0.848634
435.5		0.848634
435.6		0.848634
435.7		0.848634
435.8		0.848634
435.9		0.848634
436		0.848634
436.1		0.848818
436.2		0.848818
436.3		0.848818
436.4		0.848818
436.5		0.848818
436.6		0.848818
436.7		0.848818
436.8		0.848818
436.9		0.848818
437		0.848818
437.1		0.851813
437.2		0.851813
437.3		0.851813
437.4		0.851813
437.5		0.851813
437.6		0.851813
437.7		0.851813
437.8		0.851813
437.9		0.851813
438		0.851813
438.1		0.852043
438.2		0.852043
438.3		0.852043
438.4		0.852043
438.5		0.852043
438.6		0.852043
438.7		0.852043
438.8		0.852043
438.9		0.852043
439		0.852043
439.1		0.858031
439.2		0.858031
439.3		0.858031
439.4		0.858031
439.5		0.858031
439.6		0.858031
439.7		0.858031
439.8		0.858031
439.9		0.858031
440		0.858031
440.1		0.858722
440.2		0.858722
440.3		0.858722
440.4		0.858722
440.5		0.858722
440.6		0.858722
440.7		0.858722
440.8		0.858722
440.9		0.858722
441		0.858722
441.1		0.861808
441.2		0.861808
441.3		0.861808
441.4		0.861808
441.5		0.861808
441.6		0.861808
441.7		0.861808
441.8		0.861808
441.9		0.861808
442		0.861808
442.1		0.862085
442.2		0.862085
442.3		0.862085
442.4		0.862085
442.5		0.862085
442.6		0.862085
442.7		0.862085
442.8		0.862085
442.9		0.862085
443		0.862085
443.1		0.863467
443.2		0.863467
443.3		0.863467
443.4		0.863467
443.5		0.863467
443.6		0.863467
443.7		0.863467
443.8		0.863467
443.9		0.863467
444		0.863467
444.1		0.864987
444.2		0.864987
444.3		0.864987
444.4		0.864987
444.5		0.864987
444.6		0.864987
444.7		0.864987
444.8		0.864987
444.9		0.864987
445		0.864987
445.1		0.870745
445.2		0.870745
445.3		0.870745
445.4		0.870745
445.5		0.870745
445.6		0.870745
445.7		0.870745
445.8		0.870745
445.9		0.870745
446		0.870745
446.1		0.871804
446.2		0.871804
446.3		0.871804
446.4		0.871804
446.5		0.871804
446.6		0.871804
446.7		0.871804
446.8		0.871804
446.9		0.871804
447		0.871804
447.1		0.872495
447.2		0.872495
447.3		0.872495
447.4		0.872495
447.5		0.872495
447.6		0.872495
447.7		0.872495
447.8		0.872495
447.9		0.872495
448		0.872495
448.1		0.873232
448.2		0.873232
448.3		0.873232
448.4		0.873232
448.5		0.873232
448.6		0.873232
448.7		0.873232
448.8		0.873232
448.9		0.873232
449		0.873232
449.1		0.874845
449.2		0.874845
449.3		0.874845
449.4		0.874845
449.5		0.874845
449.6		0.874845
449.7		0.874845
449.8		0.874845
449.9		0.874845
450		0.874845
450.1		0.881109
450.2		0.881109
450.3		0.881109
450.4		0.881109
450.5		0.881109
450.6		0.881109
450.7		0.881109
450.8		0.881109
450.9		0.881109
451		0.881109
451.1		0.882583
451.2		0.882583
451.3		0.882583
451.4		0.882583
451.5		0.882583
451.6		0.882583
451.7		0.882583
451.8		0.882583
451.9		0.882583
452		0.882583
452.1		0.884242
452.2		0.884242
452.3		0.884242
452.4		0.884242
452.5		0.884242
452.6		0.884242
452.7		0.884242
452.8		0.884242
452.9		0.884242
453		0.884242
453.1		0.884933
453.2		0.884933
453.3		0.884933
453.4		0.884933
453.5		0.884933
453.6		0.884933
453.7		0.884933
453.8		0.884933
453.9		0.884933
454		0.884933
454.1		0.888479
454.2		0.888479
454.3		0.888479
454.4		0.888479
454.5		0.888479
454.6		0.888479
454.7		0.888479
454.8		0.888479
454.9		0.888479
455		0.888479
455.1		0.888802
455.2		0.888802
455.3		0.888802
455.4		0.888802
455.5		0.888802
455.6		0.888802
455.7		0.888802
455.8		0.888802
455.9		0.888802
456		0.888802
456.1		0.892902
456.2		0.892902
456.3		0.892902
456.4		0.892902
456.5		0.892902
456.6		0.892902
456.7		0.892902
456.8		0.892902
456.9		0.892902
457		0.892902
457.1		0.893915
457.2		0.893915
457.3		0.893915
457.4		0.893915
457.5		0.893915
457.6		0.893915
457.7		0.893915
457.8		0.893915
457.9		0.893915
458		0.893915
458.1		0.89585
458.2		0.89585
458.3		0.89585
458.4		0.89585
458.5		0.89585
458.6		0.89585
458.7		0.89585
458.8		0.89585
458.9		0.89585
459		0.89585
459.1		0.897692
459.2		0.897692
459.3		0.897692
459.4		0.897692
459.5		0.897692
459.6		0.897692
459.7		0.897692
459.8		0.897692
459.9		0.897692
460		0.897692
460.1		0.899489
460.2		0.899489
460.3		0.899489
460.4		0.899489
460.5		0.899489
460.6		0.899489
460.7		0.899489
460.8		0.899489
460.9		0.899489
461		0.899489
461.1		0.899765
461.2		0.899765
461.3		0.899765
461.4		0.899765
461.5		0.899765
461.6		0.899765
461.7		0.899765
461.8		0.899765
461.9		0.899765
462		0.899765
462.1		0.905799
462.2		0.905799
462.3		0.905799
462.4		0.905799
462.5		0.905799
462.6		0.905799
462.7		0.905799
462.8		0.905799
462.9		0.905799
463		0.905799
463.1		0.906675
463.2		0.906675
463.3		0.906675
463.4		0.906675
463.5		0.906675
463.6		0.906675
463.7		0.906675
463.8		0.906675
463.9		0.906675
464		0.906675
464.1		0.908517
464.2		0.908517
464.3		0.908517
464.4		0.908517
464.5		0.908517
464.6		0.908517
464.7		0.908517
464.8		0.908517
464.9		0.908517
465		0.908517
465.1		0.909899
465.2		0.909899
465.3		0.909899
465.4		0.909899
465.5		0.909899
465.6		0.909899
465.7		0.909899
465.8		0.909899
465.9		0.909899
466		0.909899
466.1		0.910406
466.2		0.910406
466.3		0.910406
466.4		0.910406
466.5		0.910406
466.6		0.910406
466.7		0.910406
466.8		0.910406
466.9		0.910406
467		0.910406
467.1		0.910913
467.2		0.910913
467.3		0.910913
467.4		0.910913
467.5		0.910913
467.6		0.910913
467.7		0.910913
467.8		0.910913
467.9		0.910913
468		0.910913
468.1		0.916671
468.2		0.916671
468.3		0.916671
468.4		0.916671
468.5		0.916671
468.6		0.916671
468.7		0.916671
468.8		0.916671
468.9		0.916671
469		0.916671
469.1		0.91796
469.2		0.91796
469.3		0.91796
469.4		0.91796
469.5		0.91796
469.6		0.91796
469.7		0.91796
469.8		0.91796
469.9		0.91796
470		0.91796
470.1		0.919296
470.2		0.919296
470.3		0.919296
470.4		0.919296
470.5		0.919296
470.6		0.919296
470.7		0.919296
470.8		0.919296
470.9		0.919296
471		0.919296
471.1		0.922659
471.2		0.922659
471.3		0.922659
471.4		0.922659
471.5		0.922659
471.6		0.922659
471.7		0.922659
471.8		0.922659
471.9		0.922659
472		0.922659
472.1		0.922981
472.2		0.922981
472.3		0.922981
472.4		0.922981
472.5		0.922981
472.6		0.922981
472.7		0.922981
472.8		0.922981
472.9		0.922981
473		0.922981
473.1		0.926344
473.2		0.926344
473.3		0.926344
473.4		0.926344
473.5		0.926344
473.6		0.926344
473.7		0.926344
473.8		0.926344
473.9		0.926344
474		0.926344
474.1		0.927496
474.2		0.927496
474.3		0.927496
474.4		0.927496
474.5		0.927496
474.6		0.927496
474.7		0.927496
474.8		0.927496
474.9		0.927496
475		0.927496
475.1		0.929753
475.2		0.929753
475.3		0.929753
475.4		0.929753
475.5		0.929753
475.6		0.929753
475.7		0.929753
475.8		0.929753
475.9		0.929753
476		0.929753
476.1		0.930536
476.2		0.930536
476.3		0.930536
476.4		0.930536
476.5		0.930536
476.6		0.930536
476.7		0.930536
476.8		0.930536
476.9		0.930536
477		0.930536
477.1		0.933622
477.2		0.933622
477.3		0.933622
477.4		0.933622
477.5		0.933622
477.6		0.933622
477.7		0.933622
477.8		0.933622
477.9		0.933622
478		0.933622
478.1		0.936939
478.2		0.936939
478.3		0.936939
478.4		0.936939
478.5		0.936939
478.6		0.936939
478.7		0.936939
478.8		0.936939
478.9		0.936939
479		0.936939
479.1		0.938459
479.2		0.938459
479.3		0.938459
479.4		0.938459
479.5		0.938459
479.6		0.938459
479.7		0.938459
479.8		0.938459
479.9		0.938459
480		0.938459
480.1		0.938965
480.2		0.938965
480.3		0.938965
480.4		0.938965
480.5		0.938965
480.6		0.938965
480.7		0.938965
480.8		0.938965
480.9		0.938965
481		0.938965
481.1		0.939795
481.2		0.939795
481.3		0.939795
481.4		0.939795
481.5		0.939795
481.6		0.939795
481.7		0.939795
481.8		0.939795
481.9		0.939795
482		0.939795
482.1		0.942881
482.2		0.942881
482.3		0.942881
482.4		0.942881
482.5		0.942881
482.6		0.942881
482.7		0.942881
482.8		0.942881
482.9		0.942881
483		0.942881
483.1		0.944309
483.2		0.944309
483.3		0.944309
483.4		0.944309
483.5		0.944309
483.6		0.944309
483.7		0.944309
483.8		0.944309
483.9		0.944309
484		0.944309
484.1		0.950712
484.2		0.950712
484.3		0.950712
484.4		0.950712
484.5		0.950712
484.6		0.950712
484.7		0.950712
484.8		0.950712
484.9		0.950712
485		0.950712
485.1		0.95108
485.2		0.95108
485.3		0.95108
485.4		0.95108
485.5		0.95108
485.6		0.95108
485.7		0.95108
485.8		0.95108
485.9		0.95108
486		0.95108
486.1		0.953199
486.2		0.953199
486.3		0.953199
486.4		0.953199
486.5		0.953199
486.6		0.953199
486.7		0.953199
486.8		0.953199
486.9		0.953199
487		0.953199
487.1		0.954443
487.2		0.954443
487.3		0.954443
487.4		0.954443
487.5		0.954443
487.6		0.954443
487.7		0.954443
487.8		0.954443
487.9		0.954443
488		0.954443
488.1		0.957898
488.2		0.957898
488.3		0.957898
488.4		0.957898
488.5		0.957898
488.6		0.957898
488.7		0.957898
488.8		0.957898
488.9		0.957898
489		0.957898
489.1		0.960938
489.2		0.960938
489.3		0.960938
489.4		0.960938
489.5		0.960938
489.6		0.960938
489.7		0.960938
489.8		0.960938
489.9		0.960938
490		0.960938
490.1		0.962688
490.2		0.962688
490.3		0.962688
490.4		0.962688
490.5		0.962688
490.6		0.962688
490.7		0.962688
490.8		0.962688
490.9		0.962688
491		0.962688
491.1		0.96536
491.2		0.96536
491.3		0.96536
491.4		0.96536
491.5		0.96536
491.6		0.96536
491.7		0.96536
491.8		0.96536
491.9		0.96536
492		0.96536
492.1		0.966972
492.2		0.966972
492.3		0.966972
492.4		0.966972
492.5		0.966972
492.6		0.966972
492.7		0.966972
492.8		0.966972
492.9		0.966972
493		0.966972
493.1		0.967249
493.2		0.967249
493.3		0.967249
493.4		0.967249
493.5		0.967249
493.6		0.967249
493.7		0.967249
493.8		0.967249
493.9		0.967249
494		0.967249
494.1		0.967433
494.2		0.967433
494.3		0.967433
494.4		0.967433
494.5		0.967433
494.6		0.967433
494.7		0.967433
494.8		0.967433
494.9		0.967433
495		0.967433
495.1		0.972684
495.2		0.972684
495.3		0.972684
495.4		0.972684
495.5		0.972684
495.6		0.972684
495.7		0.972684
495.8		0.972684
495.9		0.972684
496		0.972684
496.1		0.973513
496.2		0.973513
496.3		0.973513
496.4		0.973513
496.5		0.973513
496.6		0.973513
496.7		0.973513
496.8		0.973513
496.9		0.973513
497		0.973513
497.1		0.977981
497.2		0.977981
497.3		0.977981
497.4		0.977981
497.5		0.977981
497.6		0.977981
497.7		0.977981
497.8		0.977981
497.9		0.977981
498		0.977981
498.1		0.978212
498.2		0.978212
498.3		0.978212
498.4		0.978212
498.5		0.978212
498.6		0.978212
498.7		0.978212
498.8		0.978212
498.9		0.978212
499		0.978212
499.1		0.978488
499.2		0.978488
499.3		0.978488
499.4		0.978488
499.5		0.978488
499.6		0.978488
499.7		0.978488
499.8		0.978488
499.9		0.978488
500		0.978488
500.1		0.978995
500.2		0.978995
500.3		0.978995
500.4		0.978995
500.5		0.978995
500.6		0.978995
500.7		0.978995
500.8		0.978995
500.9		0.978995
501		0.978995
501.1		0.98397
501.2		0.98397
501.3		0.98397
501.4		0.98397
501.5		0.98397
501.6		0.98397
501.7		0.98397
501.8		0.98397
501.9		0.98397
502		0.98397
502.1		0.984983
502.2		0.984983
502.3		0.984983
502.4		0.984983
502.5		0.984983
502.6		0.984983
502.7		0.984983
502.8		0.984983
502.9		0.984983
503		0.984983
503.1		0.985398
503.2		0.985398
503.3		0.985398
503.4		0.985398
503.5		0.985398
503.6		0.985398
503.7		0.985398
503.8		0.985398
503.9		0.985398
504		0.985398
504.1		0.988484
504.2		0.988484
504.3		0.988484
504.4		0.988484
504.5		0.988484
504.6		0.988484
504.7		0.988484
504.8		0.988484
504.9		0.988484
505		0.988484
505.1		0.990557
505.2		0.990557
505.3		0.990557
505.4		0.990557
505.5		0.990557
505.6		0.990557
505.7		0.990557
505.8		0.990557
505.9		0.990557
506		0.990557
506.1		0.993136
506.2		0.993136
506.3		0.993136
506.4		0.993136
506.5		0.993136
506.6		0.993136
506.7		0.993136
506.8		0.993136
506.9		0.993136
507		0.993136
507.1		0.996177
507.2		0.996177
507.3		0.996177
507.4		0.996177
507.5		0.996177
507.6		0.996177
507.7		0.996177
507.8		0.996177
507.9		0.996177
508		0.996177
508.1		0.996868
508.2		0.996868
508.3		0.996868
508.4		0.996868
508.5		0.996868
508.6		0.996868
508.7		0.996868
508.8		0.996868
508.9		0.996868
509		0.996868
509.1		0.997789
509.2		0.997789
509.3		0.997789
509.4		0.997789
509.5		0.997789
509.6		0.997789
509.7		0.997789
509.8		0.997789
509.9		0.997789
510		0.997789
510.1		0.999539
510.2		0.999539
510.3		0.999539
510.4		0.999539
510.5		0.999539
510.6		0.999539
510.7		0.999539
510.8		0.999539
510.9		0.999539
511		0.999539
511.1		1
511.2		1
511.3		1
511.4		1
511.5		1
511.6		1
511.7		1
511.8		1
511.9		1
512		1
512.1		1
512.2		1
512.3		1
512.4		1
512.5		1
512.6		1
512.7		1
512.8		1
512.9		1
513		1
513.1		1
513.2		1
513.3		1
513.4		1
513.5		1
513.6		1
513.7		1
513.8		1
513.9		1
514		1
514.1		1
514.2		1
514.3		1
514.4		1
514.5		1
514.6		1
514.7		1
514.8		1
514.9		1
515		1
515.1		1
515.2		1
515.3		1
515.4		1
515.5		1
515.6		1
515.7		1
515.8		1
515.9		1
516		1
516.1		1
516.2		1
516.3		1
516.4		1
516.5		1
516.6		1
516.7		1
516.8		1
516.9		1
517		1
517.1		1
517.2		1
517.3		1
517.4		1
517.5		1
517.6		1
517.7		1
517.8		1
517.9		1
518		1
518.1		1
518.2		1
518.3		1
518.4		1
518.5		1
518.6		1
518.7		1
518.8		1
518.9		1
519		1
519.1		1
519.2		1
519.3		1
519.4		1
519.5		1
519.6		1
519.7		1
519.8		1
519.9		1
520		1
520.1		1
520.2		1
520.3		1
520.4		1
520.5		1
520.6		1
520.7		1
520.8		1
520.9		1
521		1
521.1		1
521.2		1
521.3		1
521.4		1
521.5		1
521.6		1
521.7		1
521.8		1
521.9		1
522		1
522.1		1
522.2		1
522.3		1
522.4		1
522.5		1
522.6		1
522.7		1
522.8		1
522.9		1
523		1
523.1		1
523.2		1
523.3		1
523.4		1
523.5		1
523.6		1
523.7		1
523.8		1
523.9		1
524		1
524.1		1
524.2		1
524.3		1
524.4		1
524.5		1
524.6		1
524.7		1
524.8		1
524.9		1
525		1
525.1		1
525.2		1
525.3		1
525.4		1
525.5		1
525.6		1
525.7		1
525.8		1
525.9		1
526		1
526.1		1
526.2		1
526.3		1
526.4		1
526.5		1
526.6		1
526.7		1
526.8		1
526.9		1
527		1
527.1		1
527.2		1
527.3		1
527.4		1
527.5		1
527.6		1
527.7		1
527.8		1
527.9		1
528		1
528.1		1
528.2		1
528.3		1
528.4		1
528.5		1
528.6		1
528.7		1
528.8		1
528.9		1
529		1
529.1		1
529.2		1
529.3		1
529.4		1
529.5		1
529.6		1
529.7		1
529.8		1
529.9		1
530		1
530.1		1
530.2		1
530.3		1
530.4		1
530.5		1
530.6		1
530.7		1
530.8		1
530.9		1
531		1
531.1		1
531.2		1
531.3		1
531.4		1
531.5		1
531.6		1
531.7		1
531.8		1
531.9		1
532		1
532.1		1
532.2		1
532.3		1
532.4		1
532.5		1
532.6		1
532.7		1
532.8		1
532.9		1
533		1
533.1		1
533.2		1
533.3		1
533.4		1
533.5		1
533.6		1
533.7		1
533.8		1
533.9		1
534		1
534.1		1
534.2		1
534.3		1
534.4		1
534.5		1
534.6		1
534.7		1
534.8		1
534.9		1
535		1
535.1		1
535.2		1
535.3		1
535.4		1
535.5		1
535.6		1
535.7		1
535.8		1
535.9		1
536		1
536.1		1
536.2		1
536.3		1
536.4		1
536.5		1
536.6		1
536.7		1
536.8		1
536.9		1
537		1
537.1		1
537.2		1
537.3		1
537.4		1
537.5		1
537.6		1
537.7		1
537.8		1
537.9		1
538		1
538.1		1
538.2		1
538.3		1
538.4		1
538.5		1
538.6		1
538.7		1
538.8		1
538.9		1
539		1
539.1		1
539.2		1
539.3		1
539.4		1
539.5		1
539.6		1
539.7		1
539.8		1
539.9		1
540		1
540.1		1
540.2		1
540.3		1
540.4		1
540.5		1
540.6		1
540.7		1
540.8		1
540.9		1
541		1
541.1		1
541.2		1
541.3		1
541.4		1
541.5		1
541.6		1
541.7		1
541.8		1
541.9		1
542		1
542.1		1
542.2		1
542.3		1
542.4		1
542.5		1
542.6		1
542.7		1
542.8		1
542.9		1
543		1
543.1		1
543.2		1
543.3		1
543.4		1
543.5		1
543.6		1
543.7		1
543.8		1
543.9		1
544		1
544.1		1
544.2		1
544.3		1
544.4		1
544.5		1
544.6		1
544.7		1
544.8		1
544.9		1
545		1
545.1		1
545.2		1
545.3		1
545.4		1
545.5		1
545.6		1
545.7		1
545.8		1
545.9		1
546		1
546.1		1
546.2		1
546.3		1
546.4		1
546.5		1
546.6		1
546.7		1
546.8		1
546.9		1
547		1
547.1		1
547.2		1
547.3		1
547.4		1
547.5		1
547.6		1
547.7		1
547.8		1
547.9		1
548		1
548.1		1
548.2		1
548.3		1
548.4		1
548.5		1
548.6		1
548.7		1
548.8		1
548.9		1
549		1
549.1		1
549.2		1
549.3		1
549.4		1
549.5		1
549.6		1
549.7		1
549.8		1
549.9		1
550		1
550.1		1
550.2		1
550.3		1
550.4		1
550.5		1
550.6		1
550.7		1
550.8		1
550.9		1
551		1
551.1		1
551.2		1
551.3		1
551.4		1
551.5		1
551.6		1
551.7		1
551.8		1
551.9		1
552		1
552.1		1
552.2		1
552.3		1
552.4		1
552.5		1
552.6		1
552.7		1
552.8		1
552.9		1
553		1
553.1		1
553.2		1
553.3		1
553.4		1
553.5		1
553.6		1
553.7		1
553.8		1
553.9		1
554		1
554.1		1
554.2		1
554.3		1
554.4		1
554.5		1
554.6		1
554.7		1
554.8		1
554.9		1
555		1
555.1		1
555.2		1
555.3		1
555.4		1
555.5		1
555.6		1
555.7		1
555.8		1
555.9		1
556		1
556.1		1
556.2		1
556.3		1
556.4		1
556.5		1
556.6		1
556.7		1
556.8		1
556.9		1
557		1
557.1		1
557.2		1
557.3		1
557.4		1
557.5		1
557.6		1
557.7		1
557.8		1
557.9		1
558		1
558.1		1
558.2		1
558.3		1
558.4		1
558.5		1
558.6		1
558.7		1
558.8		1
558.9		1
559		1
559.1		1
559.2		1
559.3		1
559.4		1
559.5		1
559.6		1
559.7		1
559.8		1
559.9		1
560		1
560.1		1
560.2		1
560.3		1
560.4		1
560.5		1
560.6		1
560.7		1
560.8		1
560.9		1
561		1
561.1		1
561.2		1
561.3		1
561.4		1
561.5		1
561.6		1
561.7		1
561.8		1
561.9		1
562		1
562.1		1
562.2		1
562.3		1
562.4		1
562.5		1
562.6		1
562.7		1
562.8		1
562.9		1
563		1
563.1		1
563.2		1
563.3		1
563.4		1
563.5		1
563.6		1
563.7		1
563.8		1
563.9		1
564		1
564.1		1
564.2		1
564.3		1
564.4		1
564.5		1
564.6		1
564.7		1
564.8		1
564.9		1
565		1
565.1		1
565.2		1
565.3		1
565.4		1
565.5		1
565.6		1
565.7		1
565.8		1
565.9		1
566		1
566.1		1
566.2		1
566.3		1
566.4		1
566.5		1
566.6		1
566.7		1
566.8		1
566.9		1
567		1
567.1		1
567.2		1
567.3		1
567.4		1
567.5		1
567.6		1
567.7		1
567.8		1
567.9		1
568		1
568.1		1
568.2		1
568.3		1
568.4		1
568.5		1
568.6		1
568.7		1
568.8		1
568.9		1
569		1
569.1		1
569.2		1
569.3		1
569.4		1
569.5		1
569.6		1
569.7		1
569.8		1
569.9		1
570		1
570.1		1
570.2		1
570.3		1
570.4		1
570.5		1
570.6		1
570.7		1
570.8		1
570.9		1
571		1
571.1		1
571.2		1
571.3		1
571.4		1
571.5		1
571.6		1
571.7		1
571.8		1
571.9		1
572		1
572.1		1
572.2		1
572.3		1
572.4		1
572.5		1
572.6		1
572.7		1
572.8		1
572.9		1
573		1
573.1		1
573.2		1
573.3		1
573.4		1
573.5		1
573.6		1
573.7		1
573.8		1
573.9		1
574		1
574.1		1
574.2		1
574.3		1
574.4		1
574.5		1
574.6		1
574.7		1
574.8		1
574.9		1
575		1
575.1		1
575.2		1
575.3		1
575.4		1
575.5		1
575.6		1
575.7		1
575.8		1
575.9		1
576		1
576.1		1
576.2		1
576.3		1
576.4		1
576.5		1
576.6		1
576.7		1
576.8		1
576.9		1
577		1
577.1		1
577.2		1
577.3		1
577.4		1
577.5		1
577.6		1
577.7		1
577.8		1
577.9		1
578		1
578.1		1
578.2		1
578.3		1
578.4		1
578.5		1
578.6		1
578.7		1
578.8		1
578.9		1
579		1
579.1		1
579.2		1
579.3		1
579.4		1
579.5		1
579.6		1
579.7		1
579.8		1
579.9		1
580		1
580.1		1
580.2		1
580.3		1
580.4		1
580.5		1
580.6		1
580.7		1
580.8		1
580.9		1
581		1
581.1		1
581.2		1
581.3		1
581.4		1
581.5		1
581.6		1
581.7		1
581.8		1
581.9		1
582		1
582.1		1
582.2		1
582.3		1
582.4		1
582.5		1
582.6		1
582.7		1
582.8		1
582.9		1
583		1
583.1		1
583.2		1
583.3		1
583.4		1
583.5		1
583.6		1
583.7		1
583.8		1
583.9		1
584		1
584.1		1
584.2		1
584.3		1
584.4		1
584.5		1
584.6		1
584.7		1
584.8		1
584.9		1
585		1
585.1		1
585.2		1
585.3		1
585.4		1
585.5		1
585.6		1
585.7		1
585.8		1
585.9		1
586		1
586.1		1
586.2		1
586.3		1
586.4		1
586.5		1
586.6		1
586.7		1
586.8		1
586.9		1
587		1
587.1		1
587.2		1
587.3		1
587.4		1
587.5		1
587.6		1
587.7		1
587.8		1
587.9		1
588		1
588.1		1
588.2		1
588.3		1
588.4		1
588.5		1
588.6		1
588.7		1
588.8		1
588.9		1
589		1
589.1		1
589.2		1
589.3		1
589.4		1
589.5		1
589.6		1
589.7		1
589.8		1
589.9		1
590		1
590.1		1
590.2		1
590.3		1
590.4		1
590.5		1
590.6		1
590.7		1
590.8		1
590.9		1
591		1
591.1		1
591.2		1
591.3		1
591.4		1
591.5		1
591.6		1
591.7		1
591.8		1
591.9		1
592		1
592.1		1
592.2		1
592.3		1
592.4		1
592.5		1
592.6		1
592.7		1
592.8		1
592.9		1
593		1
593.1		1
593.2		1
593.3		1
593.4		1
593.5		1
593.6		1
593.7		1
593.8		1
593.9		1
594		1
594.1		1
594.2		1
594.3		1
594.4		1
594.5		1
594.6		1
594.7		1
594.8		1
594.9		1
595		1
595.1		1
595.2		1
595.3		1
595.4		1
595.5		1
595.6		1
595.7		1
595.8		1
595.9		1
596		1
596.1		1
596.2		1
596.3		1
596.4		1
596.5		1
596.6		1
596.7		1
596.8		1
596.9		1
597		1
597.1		1
597.2		1
597.3		1
597.4		1
597.5		1
597.6		1
597.7		1
597.8		1
597.9		1
598		1
598.1		1
598.2		1
598.3		1
598.4		1
598.5		1
598.6		1
598.7		1
598.8		1
598.9		1
599		1
599.1		1
599.2		1
599.3		1
599.4		1
599.5		1
599.6		1
599.7		1
599.8		1
599.9		1
600		1
