# Calibration file of tamex_id 1 @ channel 1
# fine_T bin		 Calibration value
0.1		0
0.2		0
0.3		0
0.4		0
0.5		0
0.6		0
0.7		0
0.8		0
0.9		0
1		0
1.1		0
1.2		0
1.3		0
1.4		0
1.5		0
1.6		0
1.7		0
1.8		0
1.9		0
2		0
2.1		0
2.2		0
2.3		0
2.4		0
2.5		0
2.6		0
2.7		0
2.8		0
2.9		0
3		0
3.1		0
3.2		0
3.3		0
3.4		0
3.5		0
3.6		0
3.7		0
3.8		0
3.9		0
4		0
4.1		0
4.2		0
4.3		0
4.4		0
4.5		0
4.6		0
4.7		0
4.8		0
4.9		0
5		0
5.1		0
5.2		0
5.3		0
5.4		0
5.5		0
5.6		0
5.7		0
5.8		0
5.9		0
6		0
6.1		0
6.2		0
6.3		0
6.4		0
6.5		0
6.6		0
6.7		0
6.8		0
6.9		0
7		0
7.1		0
7.2		0
7.3		0
7.4		0
7.5		0
7.6		0
7.7		0
7.8		0
7.9		0
8		0
8.1		0
8.2		0
8.3		0
8.4		0
8.5		0
8.6		0
8.7		0
8.8		0
8.9		0
9		0
9.1		0
9.2		0
9.3		0
9.4		0
9.5		0
9.6		0
9.7		0
9.8		0
9.9		0
10		0
10.1		0
10.2		0
10.3		0
10.4		0
10.5		0
10.6		0
10.7		0
10.8		0
10.9		0
11		0
11.1		0
11.2		0
11.3		0
11.4		0
11.5		0
11.6		0
11.7		0
11.8		0
11.9		0
12		0
12.1		0
12.2		0
12.3		0
12.4		0
12.5		0
12.6		0
12.7		0
12.8		0
12.9		0
13		0
13.1		0
13.2		0
13.3		0
13.4		0
13.5		0
13.6		0
13.7		0
13.8		0
13.9		0
14		0
14.1		0
14.2		0
14.3		0
14.4		0
14.5		0
14.6		0
14.7		0
14.8		0
14.9		0
15		0
15.1		0
15.2		0
15.3		0
15.4		0
15.5		0
15.6		0
15.7		0
15.8		0
15.9		0
16		0
16.1		0.000896167
16.2		0.000896167
16.3		0.000896167
16.4		0.000896167
16.5		0.000896167
16.6		0.000896167
16.7		0.000896167
16.8		0.000896167
16.9		0.000896167
17		0.000896167
17.1		0.00822844
17.2		0.00822844
17.3		0.00822844
17.4		0.00822844
17.5		0.00822844
17.6		0.00822844
17.7		0.00822844
17.8		0.00822844
17.9		0.00822844
18		0.00822844
18.1		0.00855432
18.2		0.00855432
18.3		0.00855432
18.4		0.00855432
18.5		0.00855432
18.6		0.00855432
18.7		0.00855432
18.8		0.00855432
18.9		0.00855432
19		0.00855432
19.1		0.0100208
19.2		0.0100208
19.3		0.0100208
19.4		0.0100208
19.5		0.0100208
19.6		0.0100208
19.7		0.0100208
19.8		0.0100208
19.9		0.0100208
20		0.0100208
20.1		0.0178419
20.2		0.0178419
20.3		0.0178419
20.4		0.0178419
20.5		0.0178419
20.6		0.0178419
20.7		0.0178419
20.8		0.0178419
20.9		0.0178419
21		0.0178419
21.1		0.0198379
21.2		0.0198379
21.3		0.0198379
21.4		0.0198379
21.5		0.0198379
21.6		0.0198379
21.7		0.0198379
21.8		0.0198379
21.9		0.0198379
22		0.0198379
22.1		0.0200415
22.2		0.0200415
22.3		0.0200415
22.4		0.0200415
22.5		0.0200415
22.6		0.0200415
22.7		0.0200415
22.8		0.0200415
22.9		0.0200415
23		0.0200415
23.1		0.0211007
23.2		0.0211007
23.3		0.0211007
23.4		0.0211007
23.5		0.0211007
23.6		0.0211007
23.7		0.0211007
23.8		0.0211007
23.9		0.0211007
24		0.0211007
24.1		0.024889
24.2		0.024889
24.3		0.024889
24.4		0.024889
24.5		0.024889
24.6		0.024889
24.7		0.024889
24.8		0.024889
24.9		0.024889
25		0.024889
25.1		0.0255408
25.2		0.0255408
25.3		0.0255408
25.4		0.0255408
25.5		0.0255408
25.6		0.0255408
25.7		0.0255408
25.8		0.0255408
25.9		0.0255408
26		0.0255408
26.1		0.0291254
26.2		0.0291254
26.3		0.0291254
26.4		0.0291254
26.5		0.0291254
26.6		0.0291254
26.7		0.0291254
26.8		0.0291254
26.9		0.0291254
27		0.0291254
27.1		0.0295735
27.2		0.0295735
27.3		0.0295735
27.4		0.0295735
27.5		0.0295735
27.6		0.0295735
27.7		0.0295735
27.8		0.0295735
27.9		0.0295735
28		0.0295735
28.1		0.0340951
28.2		0.0340951
28.3		0.0340951
28.4		0.0340951
28.5		0.0340951
28.6		0.0340951
28.7		0.0340951
28.8		0.0340951
28.9		0.0340951
29		0.0340951
29.1		0.0347468
29.2		0.0347468
29.3		0.0347468
29.4		0.0347468
29.5		0.0347468
29.6		0.0347468
29.7		0.0347468
29.8		0.0347468
29.9		0.0347468
30		0.0347468
30.1		0.0357652
30.2		0.0357652
30.3		0.0357652
30.4		0.0357652
30.5		0.0357652
30.6		0.0357652
30.7		0.0357652
30.8		0.0357652
30.9		0.0357652
31		0.0357652
31.1		0.0360503
31.2		0.0360503
31.3		0.0360503
31.4		0.0360503
31.5		0.0360503
31.6		0.0360503
31.7		0.0360503
31.8		0.0360503
31.9		0.0360503
32		0.0360503
32.1		0.0393091
32.2		0.0393091
32.3		0.0393091
32.4		0.0393091
32.5		0.0393091
32.6		0.0393091
32.7		0.0393091
32.8		0.0393091
32.9		0.0393091
33		0.0393091
33.1		0.0402868
33.2		0.0402868
33.3		0.0402868
33.4		0.0402868
33.5		0.0402868
33.6		0.0402868
33.7		0.0402868
33.8		0.0402868
33.9		0.0402868
34		0.0402868
34.1		0.0424457
34.2		0.0424457
34.3		0.0424457
34.4		0.0424457
34.5		0.0424457
34.6		0.0424457
34.7		0.0424457
34.8		0.0424457
34.9		0.0424457
35		0.0424457
35.1		0.0441158
35.2		0.0441158
35.3		0.0441158
35.4		0.0441158
35.5		0.0441158
35.6		0.0441158
35.7		0.0441158
35.8		0.0441158
35.9		0.0441158
36		0.0441158
36.1		0.0475376
36.2		0.0475376
36.3		0.0475376
36.4		0.0475376
36.5		0.0475376
36.6		0.0475376
36.7		0.0475376
36.8		0.0475376
36.9		0.0475376
37		0.0475376
37.1		0.0480264
37.2		0.0480264
37.3		0.0480264
37.4		0.0480264
37.5		0.0480264
37.6		0.0480264
37.7		0.0480264
37.8		0.0480264
37.9		0.0480264
38		0.0480264
38.1		0.0485152
38.2		0.0485152
38.3		0.0485152
38.4		0.0485152
38.5		0.0485152
38.6		0.0485152
38.7		0.0485152
38.8		0.0485152
38.9		0.0485152
39		0.0485152
39.1		0.0503483
39.2		0.0503483
39.3		0.0503483
39.4		0.0503483
39.5		0.0503483
39.6		0.0503483
39.7		0.0503483
39.8		0.0503483
39.9		0.0503483
40		0.0503483
40.1		0.0549106
40.2		0.0549106
40.3		0.0549106
40.4		0.0549106
40.5		0.0549106
40.6		0.0549106
40.7		0.0549106
40.8		0.0549106
40.9		0.0549106
41		0.0549106
41.1		0.0570288
41.2		0.0570288
41.3		0.0570288
41.4		0.0570288
41.5		0.0570288
41.6		0.0570288
41.7		0.0570288
41.8		0.0570288
41.9		0.0570288
42		0.0570288
42.1		0.0574361
42.2		0.0574361
42.3		0.0574361
42.4		0.0574361
42.5		0.0574361
42.6		0.0574361
42.7		0.0574361
42.8		0.0574361
42.9		0.0574361
43		0.0574361
43.1		0.058536
43.2		0.058536
43.3		0.058536
43.4		0.058536
43.5		0.058536
43.6		0.058536
43.7		0.058536
43.8		0.058536
43.9		0.058536
44		0.058536
44.1		0.0627724
44.2		0.0627724
44.3		0.0627724
44.4		0.0627724
44.5		0.0627724
44.6		0.0627724
44.7		0.0627724
44.8		0.0627724
44.9		0.0627724
45		0.0627724
45.1		0.0636686
45.2		0.0636686
45.3		0.0636686
45.4		0.0636686
45.5		0.0636686
45.6		0.0636686
45.7		0.0636686
45.8		0.0636686
45.9		0.0636686
46		0.0636686
46.1		0.0655016
46.2		0.0655016
46.3		0.0655016
46.4		0.0655016
46.5		0.0655016
46.6		0.0655016
46.7		0.0655016
46.8		0.0655016
46.9		0.0655016
47		0.0655016
47.1		0.0689234
47.2		0.0689234
47.3		0.0689234
47.4		0.0689234
47.5		0.0689234
47.6		0.0689234
47.7		0.0689234
47.8		0.0689234
47.9		0.0689234
48		0.0689234
48.1		0.0710823
48.2		0.0710823
48.3		0.0710823
48.4		0.0710823
48.5		0.0710823
48.6		0.0710823
48.7		0.0710823
48.8		0.0710823
48.9		0.0710823
49		0.0710823
49.1		0.0729561
49.2		0.0729561
49.3		0.0729561
49.4		0.0729561
49.5		0.0729561
49.6		0.0729561
49.7		0.0729561
49.8		0.0729561
49.9		0.0729561
50		0.0729561
50.1		0.0734449
50.2		0.0734449
50.3		0.0734449
50.4		0.0734449
50.5		0.0734449
50.6		0.0734449
50.7		0.0734449
50.8		0.0734449
50.9		0.0734449
51		0.0734449
51.1		0.075441
51.2		0.075441
51.3		0.075441
51.4		0.075441
51.5		0.075441
51.6		0.075441
51.7		0.075441
51.8		0.075441
51.9		0.075441
52		0.075441
52.1		0.0773962
52.2		0.0773962
52.3		0.0773962
52.4		0.0773962
52.5		0.0773962
52.6		0.0773962
52.7		0.0773962
52.8		0.0773962
52.9		0.0773962
53		0.0773962
53.1		0.0805328
53.2		0.0805328
53.3		0.0805328
53.4		0.0805328
53.5		0.0805328
53.6		0.0805328
53.7		0.0805328
53.8		0.0805328
53.9		0.0805328
54		0.0805328
54.1		0.0815104
54.2		0.0815104
54.3		0.0815104
54.4		0.0815104
54.5		0.0815104
54.6		0.0815104
54.7		0.0815104
54.8		0.0815104
54.9		0.0815104
55		0.0815104
55.1		0.0846063
55.2		0.0846063
55.3		0.0846063
55.4		0.0846063
55.5		0.0846063
55.6		0.0846063
55.7		0.0846063
55.8		0.0846063
55.9		0.0846063
56		0.0846063
56.1		0.0846878
56.2		0.0846878
56.3		0.0846878
56.4		0.0846878
56.5		0.0846878
56.6		0.0846878
56.7		0.0846878
56.8		0.0846878
56.9		0.0846878
57		0.0846878
57.1		0.0851766
57.2		0.0851766
57.3		0.0851766
57.4		0.0851766
57.5		0.0851766
57.6		0.0851766
57.7		0.0851766
57.8		0.0851766
57.9		0.0851766
58		0.0851766
58.1		0.0913683
58.2		0.0913683
58.3		0.0913683
58.4		0.0913683
58.5		0.0913683
58.6		0.0913683
58.7		0.0913683
58.8		0.0913683
58.9		0.0913683
59		0.0913683
59.1		0.0932828
59.2		0.0932828
59.3		0.0932828
59.4		0.0932828
59.5		0.0932828
59.6		0.0932828
59.7		0.0932828
59.8		0.0932828
59.9		0.0932828
60		0.0932828
60.1		0.0935272
60.2		0.0935272
60.3		0.0935272
60.4		0.0935272
60.5		0.0935272
60.6		0.0935272
60.7		0.0935272
60.8		0.0935272
60.9		0.0935272
61		0.0935272
61.1		0.0958491
61.2		0.0958491
61.3		0.0958491
61.4		0.0958491
61.5		0.0958491
61.6		0.0958491
61.7		0.0958491
61.8		0.0958491
61.9		0.0958491
62		0.0958491
62.1		0.0991079
62.2		0.0991079
62.3		0.0991079
62.4		0.0991079
62.5		0.0991079
62.6		0.0991079
62.7		0.0991079
62.8		0.0991079
62.9		0.0991079
63		0.0991079
63.1		0.102082
63.2		0.102082
63.3		0.102082
63.4		0.102082
63.5		0.102082
63.6		0.102082
63.7		0.102082
63.8		0.102082
63.9		0.102082
64		0.102082
64.1		0.10253
64.2		0.10253
64.3		0.10253
64.4		0.10253
64.5		0.10253
64.6		0.10253
64.7		0.10253
64.8		0.10253
64.9		0.10253
65		0.10253
65.1		0.10424
65.2		0.10424
65.3		0.10424
65.4		0.10424
65.5		0.10424
65.6		0.10424
65.7		0.10424
65.8		0.10424
65.9		0.10424
66		0.10424
66.1		0.107866
66.2		0.107866
66.3		0.107866
66.4		0.107866
66.5		0.107866
66.6		0.107866
66.7		0.107866
66.8		0.107866
66.9		0.107866
67		0.107866
67.1		0.11141
67.2		0.11141
67.3		0.11141
67.4		0.11141
67.5		0.11141
67.6		0.11141
67.7		0.11141
67.8		0.11141
67.9		0.11141
68		0.11141
68.1		0.111695
68.2		0.111695
68.3		0.111695
68.4		0.111695
68.5		0.111695
68.6		0.111695
68.7		0.111695
68.8		0.111695
68.9		0.111695
69		0.111695
69.1		0.113447
69.2		0.113447
69.3		0.113447
69.4		0.113447
69.5		0.113447
69.6		0.113447
69.7		0.113447
69.8		0.113447
69.9		0.113447
70		0.113447
70.1		0.11585
70.2		0.11585
70.3		0.11585
70.4		0.11585
70.5		0.11585
70.6		0.11585
70.7		0.11585
70.8		0.11585
70.9		0.11585
71		0.11585
71.1		0.118538
71.2		0.118538
71.3		0.118538
71.4		0.118538
71.5		0.118538
71.6		0.118538
71.7		0.118538
71.8		0.118538
71.9		0.118538
72		0.118538
72.1		0.120086
72.2		0.120086
72.3		0.120086
72.4		0.120086
72.5		0.120086
72.6		0.120086
72.7		0.120086
72.8		0.120086
72.9		0.120086
73		0.120086
73.1		0.120331
73.2		0.120331
73.3		0.120331
73.4		0.120331
73.5		0.120331
73.6		0.120331
73.7		0.120331
73.8		0.120331
73.9		0.120331
74		0.120331
74.1		0.122082
74.2		0.122082
74.3		0.122082
74.4		0.122082
74.5		0.122082
74.6		0.122082
74.7		0.122082
74.8		0.122082
74.9		0.122082
75		0.122082
75.1		0.125015
75.2		0.125015
75.3		0.125015
75.4		0.125015
75.5		0.125015
75.6		0.125015
75.7		0.125015
75.8		0.125015
75.9		0.125015
76		0.125015
76.1		0.126074
76.2		0.126074
76.3		0.126074
76.4		0.126074
76.5		0.126074
76.6		0.126074
76.7		0.126074
76.8		0.126074
76.9		0.126074
77		0.126074
77.1		0.130881
77.2		0.130881
77.3		0.130881
77.4		0.130881
77.5		0.130881
77.6		0.130881
77.7		0.130881
77.8		0.130881
77.9		0.130881
78		0.130881
78.1		0.132266
78.2		0.132266
78.3		0.132266
78.4		0.132266
78.5		0.132266
78.6		0.132266
78.7		0.132266
78.8		0.132266
78.9		0.132266
79		0.132266
79.1		0.132673
79.2		0.132673
79.3		0.132673
79.4		0.132673
79.5		0.132673
79.6		0.132673
79.7		0.132673
79.8		0.132673
79.9		0.132673
80		0.132673
80.1		0.137399
80.2		0.137399
80.3		0.137399
80.4		0.137399
80.5		0.137399
80.6		0.137399
80.7		0.137399
80.8		0.137399
80.9		0.137399
81		0.137399
81.1		0.137806
81.2		0.137806
81.3		0.137806
81.4		0.137806
81.5		0.137806
81.6		0.137806
81.7		0.137806
81.8		0.137806
81.9		0.137806
82		0.137806
82.1		0.139476
82.2		0.139476
82.3		0.139476
82.4		0.139476
82.5		0.139476
82.6		0.139476
82.7		0.139476
82.8		0.139476
82.9		0.139476
83		0.139476
83.1		0.142979
83.2		0.142979
83.3		0.142979
83.4		0.142979
83.5		0.142979
83.6		0.142979
83.7		0.142979
83.8		0.142979
83.9		0.142979
84		0.142979
84.1		0.144649
84.2		0.144649
84.3		0.144649
84.4		0.144649
84.5		0.144649
84.6		0.144649
84.7		0.144649
84.8		0.144649
84.9		0.144649
85		0.144649
85.1		0.145546
85.2		0.145546
85.3		0.145546
85.4		0.145546
85.5		0.145546
85.6		0.145546
85.7		0.145546
85.8		0.145546
85.9		0.145546
86		0.145546
86.1		0.14909
86.2		0.14909
86.3		0.14909
86.4		0.14909
86.5		0.14909
86.6		0.14909
86.7		0.14909
86.8		0.14909
86.9		0.14909
87		0.14909
87.1		0.149293
87.2		0.149293
87.3		0.149293
87.4		0.149293
87.5		0.149293
87.6		0.149293
87.7		0.149293
87.8		0.149293
87.9		0.149293
88		0.149293
88.1		0.153245
88.2		0.153245
88.3		0.153245
88.4		0.153245
88.5		0.153245
88.6		0.153245
88.7		0.153245
88.8		0.153245
88.9		0.153245
89		0.153245
89.1		0.153774
89.2		0.153774
89.3		0.153774
89.4		0.153774
89.5		0.153774
89.6		0.153774
89.7		0.153774
89.8		0.153774
89.9		0.153774
90		0.153774
90.1		0.154752
90.2		0.154752
90.3		0.154752
90.4		0.154752
90.5		0.154752
90.6		0.154752
90.7		0.154752
90.8		0.154752
90.9		0.154752
91		0.154752
91.1		0.155078
91.2		0.155078
91.3		0.155078
91.4		0.155078
91.5		0.155078
91.6		0.155078
91.7		0.155078
91.8		0.155078
91.9		0.155078
92		0.155078
92.1		0.161636
92.2		0.161636
92.3		0.161636
92.4		0.161636
92.5		0.161636
92.6		0.161636
92.7		0.161636
92.8		0.161636
92.9		0.161636
93		0.161636
93.1		0.162817
93.2		0.162817
93.3		0.162817
93.4		0.162817
93.5		0.162817
93.6		0.162817
93.7		0.162817
93.8		0.162817
93.9		0.162817
94		0.162817
94.1		0.16355
94.2		0.16355
94.3		0.16355
94.4		0.16355
94.5		0.16355
94.6		0.16355
94.7		0.16355
94.8		0.16355
94.9		0.16355
95		0.16355
95.1		0.164039
95.2		0.164039
95.3		0.164039
95.4		0.164039
95.5		0.164039
95.6		0.164039
95.7		0.164039
95.8		0.164039
95.9		0.164039
96		0.164039
96.1		0.167502
96.2		0.167502
96.3		0.167502
96.4		0.167502
96.5		0.167502
96.6		0.167502
96.7		0.167502
96.8		0.167502
96.9		0.167502
97		0.167502
97.1		0.169131
97.2		0.169131
97.3		0.169131
97.4		0.169131
97.5		0.169131
97.6		0.169131
97.7		0.169131
97.8		0.169131
97.9		0.169131
98		0.169131
98.1		0.170883
98.2		0.170883
98.3		0.170883
98.4		0.170883
98.5		0.170883
98.6		0.170883
98.7		0.170883
98.8		0.170883
98.9		0.170883
99		0.170883
99.1		0.173775
99.2		0.173775
99.3		0.173775
99.4		0.173775
99.5		0.173775
99.6		0.173775
99.7		0.173775
99.8		0.173775
99.9		0.173775
100		0.173775
100.1		0.176789
100.2		0.176789
100.3		0.176789
100.4		0.176789
100.5		0.176789
100.6		0.176789
100.7		0.176789
100.8		0.176789
100.9		0.176789
101		0.176789
101.1		0.177523
101.2		0.177523
101.3		0.177523
101.4		0.177523
101.5		0.177523
101.6		0.177523
101.7		0.177523
101.8		0.177523
101.9		0.177523
102		0.177523
102.1		0.1785
102.2		0.1785
102.3		0.1785
102.4		0.1785
102.5		0.1785
102.6		0.1785
102.7		0.1785
102.8		0.1785
102.9		0.1785
103		0.1785
103.1		0.181759
103.2		0.181759
103.3		0.181759
103.4		0.181759
103.5		0.181759
103.6		0.181759
103.7		0.181759
103.8		0.181759
103.9		0.181759
104		0.181759
104.1		0.184651
104.2		0.184651
104.3		0.184651
104.4		0.184651
104.5		0.184651
104.6		0.184651
104.7		0.184651
104.8		0.184651
104.9		0.184651
105		0.184651
105.1		0.187543
105.2		0.187543
105.3		0.187543
105.4		0.187543
105.5		0.187543
105.6		0.187543
105.7		0.187543
105.8		0.187543
105.9		0.187543
106		0.187543
106.1		0.18848
106.2		0.18848
106.3		0.18848
106.4		0.18848
106.5		0.18848
106.6		0.18848
106.7		0.18848
106.8		0.18848
106.9		0.18848
107		0.18848
107.1		0.188643
107.2		0.188643
107.3		0.188643
107.4		0.188643
107.5		0.188643
107.6		0.188643
107.7		0.188643
107.8		0.188643
107.9		0.188643
108		0.188643
108.1		0.193002
108.2		0.193002
108.3		0.193002
108.4		0.193002
108.5		0.193002
108.6		0.193002
108.7		0.193002
108.8		0.193002
108.9		0.193002
109		0.193002
109.1		0.197483
109.2		0.197483
109.3		0.197483
109.4		0.197483
109.5		0.197483
109.6		0.197483
109.7		0.197483
109.8		0.197483
109.9		0.197483
110		0.197483
110.1		0.198419
110.2		0.198419
110.3		0.198419
110.4		0.198419
110.5		0.198419
110.6		0.198419
110.7		0.198419
110.8		0.198419
110.9		0.198419
111		0.198419
111.1		0.199845
111.2		0.199845
111.3		0.199845
111.4		0.199845
111.5		0.199845
111.6		0.199845
111.7		0.199845
111.8		0.199845
111.9		0.199845
112		0.199845
112.1		0.200701
112.2		0.200701
112.3		0.200701
112.4		0.200701
112.5		0.200701
112.6		0.200701
112.7		0.200701
112.8		0.200701
112.9		0.200701
113		0.200701
113.1		0.20453
113.2		0.20453
113.3		0.20453
113.4		0.20453
113.5		0.20453
113.6		0.20453
113.7		0.20453
113.8		0.20453
113.9		0.20453
114		0.20453
114.1		0.205507
114.2		0.205507
114.3		0.205507
114.4		0.205507
114.5		0.205507
114.6		0.205507
114.7		0.205507
114.8		0.205507
114.9		0.205507
115		0.205507
115.1		0.207218
115.2		0.207218
115.3		0.207218
115.4		0.207218
115.5		0.207218
115.6		0.207218
115.7		0.207218
115.8		0.207218
115.9		0.207218
116		0.207218
116.1		0.209336
116.2		0.209336
116.3		0.209336
116.4		0.209336
116.5		0.209336
116.6		0.209336
116.7		0.209336
116.8		0.209336
116.9		0.209336
117		0.209336
117.1		0.209744
117.2		0.209744
117.3		0.209744
117.4		0.209744
117.5		0.209744
117.6		0.209744
117.7		0.209744
117.8		0.209744
117.9		0.209744
118		0.209744
118.1		0.213654
118.2		0.213654
118.3		0.213654
118.4		0.213654
118.5		0.213654
118.6		0.213654
118.7		0.213654
118.8		0.213654
118.9		0.213654
119		0.213654
119.1		0.215121
119.2		0.215121
119.3		0.215121
119.4		0.215121
119.5		0.215121
119.6		0.215121
119.7		0.215121
119.8		0.215121
119.9		0.215121
120		0.215121
120.1		0.216058
120.2		0.216058
120.3		0.216058
120.4		0.216058
120.5		0.216058
120.6		0.216058
120.7		0.216058
120.8		0.216058
120.9		0.216058
121		0.216058
121.1		0.217891
121.2		0.217891
121.3		0.217891
121.4		0.217891
121.5		0.217891
121.6		0.217891
121.7		0.217891
121.8		0.217891
121.9		0.217891
122		0.217891
122.1		0.221272
122.2		0.221272
122.3		0.221272
122.4		0.221272
122.5		0.221272
122.6		0.221272
122.7		0.221272
122.8		0.221272
122.9		0.221272
123		0.221272
123.1		0.224245
123.2		0.224245
123.3		0.224245
123.4		0.224245
123.5		0.224245
123.6		0.224245
123.7		0.224245
123.8		0.224245
123.9		0.224245
124		0.224245
124.1		0.224531
124.2		0.224531
124.3		0.224531
124.4		0.224531
124.5		0.224531
124.6		0.224531
124.7		0.224531
124.8		0.224531
124.9		0.224531
125		0.224531
125.1		0.227382
125.2		0.227382
125.3		0.227382
125.4		0.227382
125.5		0.227382
125.6		0.227382
125.7		0.227382
125.8		0.227382
125.9		0.227382
126		0.227382
126.1		0.230885
126.2		0.230885
126.3		0.230885
126.4		0.230885
126.5		0.230885
126.6		0.230885
126.7		0.230885
126.8		0.230885
126.9		0.230885
127		0.230885
127.1		0.231618
127.2		0.231618
127.3		0.231618
127.4		0.231618
127.5		0.231618
127.6		0.231618
127.7		0.231618
127.8		0.231618
127.9		0.231618
128		0.231618
128.1		0.232311
128.2		0.232311
128.3		0.232311
128.4		0.232311
128.5		0.232311
128.6		0.232311
128.7		0.232311
128.8		0.232311
128.9		0.232311
129		0.232311
129.1		0.236262
129.2		0.236262
129.3		0.236262
129.4		0.236262
129.5		0.236262
129.6		0.236262
129.7		0.236262
129.8		0.236262
129.9		0.236262
130		0.236262
130.1		0.236384
130.2		0.236384
130.3		0.236384
130.4		0.236384
130.5		0.236384
130.6		0.236384
130.7		0.236384
130.8		0.236384
130.9		0.236384
131		0.236384
131.1		0.241069
131.2		0.241069
131.3		0.241069
131.4		0.241069
131.5		0.241069
131.6		0.241069
131.7		0.241069
131.8		0.241069
131.9		0.241069
132		0.241069
132.1		0.241802
132.2		0.241802
132.3		0.241802
132.4		0.241802
132.5		0.241802
132.6		0.241802
132.7		0.241802
132.8		0.241802
132.9		0.241802
133		0.241802
133.1		0.242983
133.2		0.242983
133.3		0.242983
133.4		0.242983
133.5		0.242983
133.6		0.242983
133.7		0.242983
133.8		0.242983
133.9		0.242983
134		0.242983
134.1		0.246812
134.2		0.246812
134.3		0.246812
134.4		0.246812
134.5		0.246812
134.6		0.246812
134.7		0.246812
134.8		0.246812
134.9		0.246812
135		0.246812
135.1		0.246935
135.2		0.246935
135.3		0.246935
135.4		0.246935
135.5		0.246935
135.6		0.246935
135.7		0.246935
135.8		0.246935
135.9		0.246935
136		0.246935
136.1		0.251293
136.2		0.251293
136.3		0.251293
136.4		0.251293
136.5		0.251293
136.6		0.251293
136.7		0.251293
136.8		0.251293
136.9		0.251293
137		0.251293
137.1		0.2539
137.2		0.2539
137.3		0.2539
137.4		0.2539
137.5		0.2539
137.6		0.2539
137.7		0.2539
137.8		0.2539
137.9		0.2539
138		0.2539
138.1		0.254267
138.2		0.254267
138.3		0.254267
138.4		0.254267
138.5		0.254267
138.6		0.254267
138.7		0.254267
138.8		0.254267
138.9		0.254267
139		0.254267
139.1		0.255733
139.2		0.255733
139.3		0.255733
139.4		0.255733
139.5		0.255733
139.6		0.255733
139.7		0.255733
139.8		0.255733
139.9		0.255733
140		0.255733
140.1		0.258666
140.2		0.258666
140.3		0.258666
140.4		0.258666
140.5		0.258666
140.6		0.258666
140.7		0.258666
140.8		0.258666
140.9		0.258666
141		0.258666
141.1		0.259807
141.2		0.259807
141.3		0.259807
141.4		0.259807
141.5		0.259807
141.6		0.259807
141.7		0.259807
141.8		0.259807
141.9		0.259807
142		0.259807
142.1		0.26331
142.2		0.26331
142.3		0.26331
142.4		0.26331
142.5		0.26331
142.6		0.26331
142.7		0.26331
142.8		0.26331
142.9		0.26331
143		0.26331
143.1		0.265143
143.2		0.265143
143.3		0.265143
143.4		0.265143
143.5		0.265143
143.6		0.265143
143.7		0.265143
143.8		0.265143
143.9		0.265143
144		0.265143
144.1		0.268361
144.2		0.268361
144.3		0.268361
144.4		0.268361
144.5		0.268361
144.6		0.268361
144.7		0.268361
144.8		0.268361
144.9		0.268361
145		0.268361
145.1		0.268565
145.2		0.268565
145.3		0.268565
145.4		0.268565
145.5		0.268565
145.6		0.268565
145.7		0.268565
145.8		0.268565
145.9		0.268565
146		0.268565
146.1		0.269909
146.2		0.269909
146.3		0.269909
146.4		0.269909
146.5		0.269909
146.6		0.269909
146.7		0.269909
146.8		0.269909
146.9		0.269909
147		0.269909
147.1		0.271661
147.2		0.271661
147.3		0.271661
147.4		0.271661
147.5		0.271661
147.6		0.271661
147.7		0.271661
147.8		0.271661
147.9		0.271661
148		0.271661
148.1		0.275816
148.2		0.275816
148.3		0.275816
148.4		0.275816
148.5		0.275816
148.6		0.275816
148.7		0.275816
148.8		0.275816
148.9		0.275816
149		0.275816
149.1		0.275979
149.2		0.275979
149.3		0.275979
149.4		0.275979
149.5		0.275979
149.6		0.275979
149.7		0.275979
149.8		0.275979
149.9		0.275979
150		0.275979
150.1		0.278382
150.2		0.278382
150.3		0.278382
150.4		0.278382
150.5		0.278382
150.6		0.278382
150.7		0.278382
150.8		0.278382
150.9		0.278382
151		0.278382
151.1		0.278789
151.2		0.278789
151.3		0.278789
151.4		0.278789
151.5		0.278789
151.6		0.278789
151.7		0.278789
151.8		0.278789
151.9		0.278789
152		0.278789
152.1		0.2827
152.2		0.2827
152.3		0.2827
152.4		0.2827
152.5		0.2827
152.6		0.2827
152.7		0.2827
152.8		0.2827
152.9		0.2827
153		0.2827
153.1		0.283474
153.2		0.283474
153.3		0.283474
153.4		0.283474
153.5		0.283474
153.6		0.283474
153.7		0.283474
153.8		0.283474
153.9		0.283474
154		0.283474
154.1		0.286896
154.2		0.286896
154.3		0.286896
154.4		0.286896
154.5		0.286896
154.6		0.286896
154.7		0.286896
154.8		0.286896
154.9		0.286896
155		0.286896
155.1		0.287303
155.2		0.287303
155.3		0.287303
155.4		0.287303
155.5		0.287303
155.6		0.287303
155.7		0.287303
155.8		0.287303
155.9		0.287303
156		0.287303
156.1		0.291254
156.2		0.291254
156.3		0.291254
156.4		0.291254
156.5		0.291254
156.6		0.291254
156.7		0.291254
156.8		0.291254
156.9		0.291254
157		0.291254
157.1		0.292313
157.2		0.292313
157.3		0.292313
157.4		0.292313
157.5		0.292313
157.6		0.292313
157.7		0.292313
157.8		0.292313
157.9		0.292313
158		0.292313
158.1		0.293739
158.2		0.293739
158.3		0.293739
158.4		0.293739
158.5		0.293739
158.6		0.293739
158.7		0.293739
158.8		0.293739
158.9		0.293739
159		0.293739
159.1		0.293943
159.2		0.293943
159.3		0.293943
159.4		0.293943
159.5		0.293943
159.6		0.293943
159.7		0.293943
159.8		0.293943
159.9		0.293943
160		0.293943
160.1		0.299157
160.2		0.299157
160.3		0.299157
160.4		0.299157
160.5		0.299157
160.6		0.299157
160.7		0.299157
160.8		0.299157
160.9		0.299157
161		0.299157
161.1		0.302619
161.2		0.302619
161.3		0.302619
161.4		0.302619
161.5		0.302619
161.6		0.302619
161.7		0.302619
161.8		0.302619
161.9		0.302619
162		0.302619
162.1		0.30319
162.2		0.30319
162.3		0.30319
162.4		0.30319
162.5		0.30319
162.6		0.30319
162.7		0.30319
162.8		0.30319
162.9		0.30319
163		0.30319
163.1		0.303801
163.2		0.303801
163.3		0.303801
163.4		0.303801
163.5		0.303801
163.6		0.303801
163.7		0.303801
163.8		0.303801
163.9		0.303801
164		0.303801
164.1		0.30763
164.2		0.30763
164.3		0.30763
164.4		0.30763
164.5		0.30763
164.6		0.30763
164.7		0.30763
164.8		0.30763
164.9		0.30763
165		0.30763
165.1		0.309341
165.2		0.309341
165.3		0.309341
165.4		0.309341
165.5		0.309341
165.6		0.309341
165.7		0.309341
165.8		0.309341
165.9		0.309341
166		0.309341
166.1		0.310481
166.2		0.310481
166.3		0.310481
166.4		0.310481
166.5		0.310481
166.6		0.310481
166.7		0.310481
166.8		0.310481
166.9		0.310481
167		0.310481
167.1		0.31374
167.2		0.31374
167.3		0.31374
167.4		0.31374
167.5		0.31374
167.6		0.31374
167.7		0.31374
167.8		0.31374
167.9		0.31374
168		0.31374
168.1		0.314473
168.2		0.314473
168.3		0.314473
168.4		0.314473
168.5		0.314473
168.6		0.314473
168.7		0.314473
168.8		0.314473
168.9		0.314473
169		0.314473
169.1		0.315654
169.2		0.315654
169.3		0.315654
169.4		0.315654
169.5		0.315654
169.6		0.315654
169.7		0.315654
169.8		0.315654
169.9		0.315654
170		0.315654
170.1		0.318995
170.2		0.318995
170.3		0.318995
170.4		0.318995
170.5		0.318995
170.6		0.318995
170.7		0.318995
170.8		0.318995
170.9		0.318995
171		0.318995
171.1		0.321439
171.2		0.321439
171.3		0.321439
171.4		0.321439
171.5		0.321439
171.6		0.321439
171.7		0.321439
171.8		0.321439
171.9		0.321439
172		0.321439
172.1		0.323598
172.2		0.323598
172.3		0.323598
172.4		0.323598
172.5		0.323598
172.6		0.323598
172.7		0.323598
172.8		0.323598
172.9		0.323598
173		0.323598
173.1		0.32592
173.2		0.32592
173.3		0.32592
173.4		0.32592
173.5		0.32592
173.6		0.32592
173.7		0.32592
173.8		0.32592
173.9		0.32592
174		0.32592
174.1		0.329626
174.2		0.329626
174.3		0.329626
174.4		0.329626
174.5		0.329626
174.6		0.329626
174.7		0.329626
174.8		0.329626
174.9		0.329626
175		0.329626
175.1		0.3315
175.2		0.3315
175.3		0.3315
175.4		0.3315
175.5		0.3315
175.6		0.3315
175.7		0.3315
175.8		0.3315
175.9		0.3315
176		0.3315
176.1		0.33203
176.2		0.33203
176.3		0.33203
176.4		0.33203
176.5		0.33203
176.6		0.33203
176.7		0.33203
176.8		0.33203
176.9		0.33203
177		0.33203
177.1		0.334963
177.2		0.334963
177.3		0.334963
177.4		0.334963
177.5		0.334963
177.6		0.334963
177.7		0.334963
177.8		0.334963
177.9		0.334963
178		0.334963
178.1		0.337733
178.2		0.337733
178.3		0.337733
178.4		0.337733
178.5		0.337733
178.6		0.337733
178.7		0.337733
178.8		0.337733
178.9		0.337733
179		0.337733
179.1		0.338099
179.2		0.338099
179.3		0.338099
179.4		0.338099
179.5		0.338099
179.6		0.338099
179.7		0.338099
179.8		0.338099
179.9		0.338099
180		0.338099
180.1		0.339851
180.2		0.339851
180.3		0.339851
180.4		0.339851
180.5		0.339851
180.6		0.339851
180.7		0.339851
180.8		0.339851
180.9		0.339851
181		0.339851
181.1		0.341317
181.2		0.341317
181.3		0.341317
181.4		0.341317
181.5		0.341317
181.6		0.341317
181.7		0.341317
181.8		0.341317
181.9		0.341317
182		0.341317
182.1		0.345676
182.2		0.345676
182.3		0.345676
182.4		0.345676
182.5		0.345676
182.6		0.345676
182.7		0.345676
182.8		0.345676
182.9		0.345676
183		0.345676
183.1		0.34869
183.2		0.34869
183.3		0.34869
183.4		0.34869
183.5		0.34869
183.6		0.34869
183.7		0.34869
183.8		0.34869
183.9		0.34869
184		0.34869
184.1		0.348813
184.2		0.348813
184.3		0.348813
184.4		0.348813
184.5		0.348813
184.6		0.348813
184.7		0.348813
184.8		0.348813
184.9		0.348813
185		0.348813
185.1		0.349627
185.2		0.349627
185.3		0.349627
185.4		0.349627
185.5		0.349627
185.6		0.349627
185.7		0.349627
185.8		0.349627
185.9		0.349627
186		0.349627
186.1		0.353497
186.2		0.353497
186.3		0.353497
186.4		0.353497
186.5		0.353497
186.6		0.353497
186.7		0.353497
186.8		0.353497
186.9		0.353497
187		0.353497
187.1		0.355941
187.2		0.355941
187.3		0.355941
187.4		0.355941
187.5		0.355941
187.6		0.355941
187.7		0.355941
187.8		0.355941
187.9		0.355941
188		0.355941
188.1		0.356552
188.2		0.356552
188.3		0.356552
188.4		0.356552
188.5		0.356552
188.6		0.356552
188.7		0.356552
188.8		0.356552
188.9		0.356552
189		0.356552
189.1		0.358548
189.2		0.358548
189.3		0.358548
189.4		0.358548
189.5		0.358548
189.6		0.358548
189.7		0.358548
189.8		0.358548
189.9		0.358548
190		0.358548
190.1		0.362296
190.2		0.362296
190.3		0.362296
190.4		0.362296
190.5		0.362296
190.6		0.362296
190.7		0.362296
190.8		0.362296
190.9		0.362296
191		0.362296
191.1		0.363925
191.2		0.363925
191.3		0.363925
191.4		0.363925
191.5		0.363925
191.6		0.363925
191.7		0.363925
191.8		0.363925
191.9		0.363925
192		0.363925
192.1		0.36417
192.2		0.36417
192.3		0.36417
192.4		0.36417
192.5		0.36417
192.6		0.36417
192.7		0.36417
192.8		0.36417
192.9		0.36417
193		0.36417
193.1		0.367836
193.2		0.367836
193.3		0.367836
193.4		0.367836
193.5		0.367836
193.6		0.367836
193.7		0.367836
193.8		0.367836
193.9		0.367836
194		0.367836
194.1		0.369872
194.2		0.369872
194.3		0.369872
194.4		0.369872
194.5		0.369872
194.6		0.369872
194.7		0.369872
194.8		0.369872
194.9		0.369872
195		0.369872
195.1		0.372642
195.2		0.372642
195.3		0.372642
195.4		0.372642
195.5		0.372642
195.6		0.372642
195.7		0.372642
195.8		0.372642
195.9		0.372642
196		0.372642
196.1		0.374068
196.2		0.374068
196.3		0.374068
196.4		0.374068
196.5		0.374068
196.6		0.374068
196.7		0.374068
196.8		0.374068
196.9		0.374068
197		0.374068
197.1		0.375372
197.2		0.375372
197.3		0.375372
197.4		0.375372
197.5		0.375372
197.6		0.375372
197.7		0.375372
197.8		0.375372
197.9		0.375372
198		0.375372
198.1		0.376757
198.2		0.376757
198.3		0.376757
198.4		0.376757
198.5		0.376757
198.6		0.376757
198.7		0.376757
198.8		0.376757
198.9		0.376757
199		0.376757
199.1		0.3814
199.2		0.3814
199.3		0.3814
199.4		0.3814
199.5		0.3814
199.6		0.3814
199.7		0.3814
199.8		0.3814
199.9		0.3814
200		0.3814
200.1		0.3825
200.2		0.3825
200.3		0.3825
200.4		0.3825
200.5		0.3825
200.6		0.3825
200.7		0.3825
200.8		0.3825
200.9		0.3825
201		0.3825
201.1		0.383804
201.2		0.383804
201.3		0.383804
201.4		0.383804
201.5		0.383804
201.6		0.383804
201.7		0.383804
201.8		0.383804
201.9		0.383804
202		0.383804
202.1		0.385759
202.2		0.385759
202.3		0.385759
202.4		0.385759
202.5		0.385759
202.6		0.385759
202.7		0.385759
202.8		0.385759
202.9		0.385759
203		0.385759
203.1		0.385963
203.2		0.385963
203.3		0.385963
203.4		0.385963
203.5		0.385963
203.6		0.385963
203.7		0.385963
203.8		0.385963
203.9		0.385963
204		0.385963
204.1		0.390769
204.2		0.390769
204.3		0.390769
204.4		0.390769
204.5		0.390769
204.6		0.390769
204.7		0.390769
204.8		0.390769
204.9		0.390769
205		0.390769
205.1		0.393091
205.2		0.393091
205.3		0.393091
205.4		0.393091
205.5		0.393091
205.6		0.393091
205.7		0.393091
205.8		0.393091
205.9		0.393091
206		0.393091
206.1		0.393336
206.2		0.393336
206.3		0.393336
206.4		0.393336
206.5		0.393336
206.6		0.393336
206.7		0.393336
206.8		0.393336
206.9		0.393336
207		0.393336
207.1		0.39411
207.2		0.39411
207.3		0.39411
207.4		0.39411
207.5		0.39411
207.6		0.39411
207.7		0.39411
207.8		0.39411
207.9		0.39411
208		0.39411
208.1		0.39855
208.2		0.39855
208.3		0.39855
208.4		0.39855
208.5		0.39855
208.6		0.39855
208.7		0.39855
208.8		0.39855
208.9		0.39855
209		0.39855
209.1		0.399731
209.2		0.399731
209.3		0.399731
209.4		0.399731
209.5		0.399731
209.6		0.399731
209.7		0.399731
209.8		0.399731
209.9		0.399731
210		0.399731
210.1		0.402135
210.2		0.402135
210.3		0.402135
210.4		0.402135
210.5		0.402135
210.6		0.402135
210.7		0.402135
210.8		0.402135
210.9		0.402135
211		0.402135
211.1		0.402908
211.2		0.402908
211.3		0.402908
211.4		0.402908
211.5		0.402908
211.6		0.402908
211.7		0.402908
211.8		0.402908
211.9		0.402908
212		0.402908
212.1		0.408611
212.2		0.408611
212.3		0.408611
212.4		0.408611
212.5		0.408611
212.6		0.408611
212.7		0.408611
212.8		0.408611
212.9		0.408611
213		0.408611
213.1		0.409589
213.2		0.409589
213.3		0.409589
213.4		0.409589
213.5		0.409589
213.6		0.409589
213.7		0.409589
213.8		0.409589
213.9		0.409589
214		0.409589
214.1		0.410974
214.2		0.410974
214.3		0.410974
214.4		0.410974
214.5		0.410974
214.6		0.410974
214.7		0.410974
214.8		0.410974
214.9		0.410974
215		0.410974
215.1		0.411055
215.2		0.411055
215.3		0.411055
215.4		0.411055
215.5		0.411055
215.6		0.411055
215.7		0.411055
215.8		0.411055
215.9		0.411055
216		0.411055
216.1		0.415455
216.2		0.415455
216.3		0.415455
216.4		0.415455
216.5		0.415455
216.6		0.415455
216.7		0.415455
216.8		0.415455
216.9		0.415455
217		0.415455
217.1		0.416718
217.2		0.416718
217.3		0.416718
217.4		0.416718
217.5		0.416718
217.6		0.416718
217.7		0.416718
217.8		0.416718
217.9		0.416718
218		0.416718
218.1		0.418388
218.2		0.418388
218.3		0.418388
218.4		0.418388
218.5		0.418388
218.6		0.418388
218.7		0.418388
218.8		0.418388
218.9		0.418388
219		0.418388
219.1		0.421687
219.2		0.421687
219.3		0.421687
219.4		0.421687
219.5		0.421687
219.6		0.421687
219.7		0.421687
219.8		0.421687
219.9		0.421687
220		0.421687
220.1		0.423602
220.2		0.423602
220.3		0.423602
220.4		0.423602
220.5		0.423602
220.6		0.423602
220.7		0.423602
220.8		0.423602
220.9		0.423602
221		0.423602
221.1		0.42682
221.2		0.42682
221.3		0.42682
221.4		0.42682
221.5		0.42682
221.6		0.42682
221.7		0.42682
221.8		0.42682
221.9		0.42682
222		0.42682
222.1		0.426983
222.2		0.426983
222.3		0.426983
222.4		0.426983
222.5		0.426983
222.6		0.426983
222.7		0.426983
222.8		0.426983
222.9		0.426983
223		0.426983
223.1		0.429223
223.2		0.429223
223.3		0.429223
223.4		0.429223
223.5		0.429223
223.6		0.429223
223.7		0.429223
223.8		0.429223
223.9		0.429223
224		0.429223
224.1		0.431056
224.2		0.431056
224.3		0.431056
224.4		0.431056
224.5		0.431056
224.6		0.431056
224.7		0.431056
224.8		0.431056
224.9		0.431056
225		0.431056
225.1		0.432523
225.2		0.432523
225.3		0.432523
225.4		0.432523
225.5		0.432523
225.6		0.432523
225.7		0.432523
225.8		0.432523
225.9		0.432523
226		0.432523
226.1		0.433745
226.2		0.433745
226.3		0.433745
226.4		0.433745
226.5		0.433745
226.6		0.433745
226.7		0.433745
226.8		0.433745
226.9		0.433745
227		0.433745
227.1		0.436515
227.2		0.436515
227.3		0.436515
227.4		0.436515
227.5		0.436515
227.6		0.436515
227.7		0.436515
227.8		0.436515
227.9		0.436515
228		0.436515
228.1		0.439285
228.2		0.439285
228.3		0.439285
228.4		0.439285
228.5		0.439285
228.6		0.439285
228.7		0.439285
228.8		0.439285
228.9		0.439285
229		0.439285
229.1		0.441688
229.2		0.441688
229.3		0.441688
229.4		0.441688
229.5		0.441688
229.6		0.441688
229.7		0.441688
229.8		0.441688
229.9		0.441688
230		0.441688
230.1		0.442829
230.2		0.442829
230.3		0.442829
230.4		0.442829
230.5		0.442829
230.6		0.442829
230.7		0.442829
230.8		0.442829
230.9		0.442829
231		0.442829
231.1		0.444336
231.2		0.444336
231.3		0.444336
231.4		0.444336
231.5		0.444336
231.6		0.444336
231.7		0.444336
231.8		0.444336
231.9		0.444336
232		0.444336
232.1		0.44568
232.2		0.44568
232.3		0.44568
232.4		0.44568
232.5		0.44568
232.6		0.44568
232.7		0.44568
232.8		0.44568
232.9		0.44568
233		0.44568
233.1		0.449305
233.2		0.449305
233.3		0.449305
233.4		0.449305
233.5		0.449305
233.6		0.449305
233.7		0.449305
233.8		0.449305
233.9		0.449305
234		0.449305
234.1		0.451668
234.2		0.451668
234.3		0.451668
234.4		0.451668
234.5		0.451668
234.6		0.451668
234.7		0.451668
234.8		0.451668
234.9		0.451668
235		0.451668
235.1		0.453216
235.2		0.453216
235.3		0.453216
235.4		0.453216
235.5		0.453216
235.6		0.453216
235.7		0.453216
235.8		0.453216
235.9		0.453216
236		0.453216
236.1		0.453338
236.2		0.453338
236.3		0.453338
236.4		0.453338
236.5		0.453338
236.6		0.453338
236.7		0.453338
236.8		0.453338
236.9		0.453338
237		0.453338
237.1		0.454479
237.2		0.454479
237.3		0.454479
237.4		0.454479
237.5		0.454479
237.6		0.454479
237.7		0.454479
237.8		0.454479
237.9		0.454479
238		0.454479
238.1		0.462096
238.2		0.462096
238.3		0.462096
238.4		0.462096
238.5		0.462096
238.6		0.462096
238.7		0.462096
238.8		0.462096
238.9		0.462096
239		0.462096
239.1		0.462341
239.2		0.462341
239.3		0.462341
239.4		0.462341
239.5		0.462341
239.6		0.462341
239.7		0.462341
239.8		0.462341
239.9		0.462341
240		0.462341
240.1		0.462463
240.2		0.462463
240.3		0.462463
240.4		0.462463
240.5		0.462463
240.6		0.462463
240.7		0.462463
240.8		0.462463
240.9		0.462463
241		0.462463
241.1		0.465355
241.2		0.465355
241.3		0.465355
241.4		0.465355
241.5		0.465355
241.6		0.465355
241.7		0.465355
241.8		0.465355
241.9		0.465355
242		0.465355
242.1		0.468777
242.2		0.468777
242.3		0.468777
242.4		0.468777
242.5		0.468777
242.6		0.468777
242.7		0.468777
242.8		0.468777
242.9		0.468777
243		0.468777
243.1		0.469795
243.2		0.469795
243.3		0.469795
243.4		0.469795
243.5		0.469795
243.6		0.469795
243.7		0.469795
243.8		0.469795
243.9		0.469795
244		0.469795
244.1		0.473461
244.2		0.473461
244.3		0.473461
244.4		0.473461
244.5		0.473461
244.6		0.473461
244.7		0.473461
244.8		0.473461
244.9		0.473461
245		0.473461
245.1		0.474398
245.2		0.474398
245.3		0.474398
245.4		0.474398
245.5		0.474398
245.6		0.474398
245.7		0.474398
245.8		0.474398
245.9		0.474398
246		0.474398
246.1		0.477738
246.2		0.477738
246.3		0.477738
246.4		0.477738
246.5		0.477738
246.6		0.477738
246.7		0.477738
246.8		0.477738
246.9		0.477738
247		0.477738
247.1		0.478553
247.2		0.478553
247.3		0.478553
247.4		0.478553
247.5		0.478553
247.6		0.478553
247.7		0.478553
247.8		0.478553
247.9		0.478553
248		0.478553
248.1		0.478838
248.2		0.478838
248.3		0.478838
248.4		0.478838
248.5		0.478838
248.6		0.478838
248.7		0.478838
248.8		0.478838
248.9		0.478838
249		0.478838
249.1		0.480101
249.2		0.480101
249.3		0.480101
249.4		0.480101
249.5		0.480101
249.6		0.480101
249.7		0.480101
249.8		0.480101
249.9		0.480101
250		0.480101
250.1		0.485193
250.2		0.485193
250.3		0.485193
250.4		0.485193
250.5		0.485193
250.6		0.485193
250.7		0.485193
250.8		0.485193
250.9		0.485193
251		0.485193
251.1		0.488329
251.2		0.488329
251.3		0.488329
251.4		0.488329
251.5		0.488329
251.6		0.488329
251.7		0.488329
251.8		0.488329
251.9		0.488329
252		0.488329
252.1		0.4889
252.2		0.4889
252.3		0.4889
252.4		0.4889
252.5		0.4889
252.6		0.4889
252.7		0.4889
252.8		0.4889
252.9		0.4889
253		0.4889
253.1		0.489226
253.2		0.489226
253.3		0.489226
253.4		0.489226
253.5		0.489226
253.6		0.489226
253.7		0.489226
253.8		0.489226
253.9		0.489226
254		0.489226
254.1		0.492444
254.2		0.492444
254.3		0.492444
254.4		0.492444
254.5		0.492444
254.6		0.492444
254.7		0.492444
254.8		0.492444
254.9		0.492444
255		0.492444
255.1		0.495214
255.2		0.495214
255.3		0.495214
255.4		0.495214
255.5		0.495214
255.6		0.495214
255.7		0.495214
255.8		0.495214
255.9		0.495214
256		0.495214
256.1		0.496436
256.2		0.496436
256.3		0.496436
256.4		0.496436
256.5		0.496436
256.6		0.496436
256.7		0.496436
256.8		0.496436
256.9		0.496436
257		0.496436
257.1		0.498635
257.2		0.498635
257.3		0.498635
257.4		0.498635
257.5		0.498635
257.6		0.498635
257.7		0.498635
257.8		0.498635
257.9		0.498635
258		0.498635
258.1		0.499939
258.2		0.499939
258.3		0.499939
258.4		0.499939
258.5		0.499939
258.6		0.499939
258.7		0.499939
258.8		0.499939
258.9		0.499939
259		0.499939
259.1		0.502383
259.2		0.502383
259.3		0.502383
259.4		0.502383
259.5		0.502383
259.6		0.502383
259.7		0.502383
259.8		0.502383
259.9		0.502383
260		0.502383
260.1		0.504094
260.2		0.504094
260.3		0.504094
260.4		0.504094
260.5		0.504094
260.6		0.504094
260.7		0.504094
260.8		0.504094
260.9		0.504094
261		0.504094
261.1		0.506416
261.2		0.506416
261.3		0.506416
261.4		0.506416
261.5		0.506416
261.6		0.506416
261.7		0.506416
261.8		0.506416
261.9		0.506416
262		0.506416
262.1		0.50943
262.2		0.50943
262.3		0.50943
262.4		0.50943
262.5		0.50943
262.6		0.50943
262.7		0.50943
262.8		0.50943
262.9		0.50943
263		0.50943
263.1		0.510693
263.2		0.510693
263.3		0.510693
263.4		0.510693
263.5		0.510693
263.6		0.510693
263.7		0.510693
263.8		0.510693
263.9		0.510693
264		0.510693
264.1		0.513137
264.2		0.513137
264.3		0.513137
264.4		0.513137
264.5		0.513137
264.6		0.513137
264.7		0.513137
264.8		0.513137
264.9		0.513137
265		0.513137
265.1		0.513544
265.2		0.513544
265.3		0.513544
265.4		0.513544
265.5		0.513544
265.6		0.513544
265.7		0.513544
265.8		0.513544
265.9		0.513544
266		0.513544
266.1		0.515866
266.2		0.515866
266.3		0.515866
266.4		0.515866
266.5		0.515866
266.6		0.515866
266.7		0.515866
266.8		0.515866
266.9		0.515866
267		0.515866
267.1		0.517577
267.2		0.517577
267.3		0.517577
267.4		0.517577
267.5		0.517577
267.6		0.517577
267.7		0.517577
267.8		0.517577
267.9		0.517577
268		0.517577
268.1		0.522343
268.2		0.522343
268.3		0.522343
268.4		0.522343
268.5		0.522343
268.6		0.522343
268.7		0.522343
268.8		0.522343
268.9		0.522343
269		0.522343
269.1		0.522954
269.2		0.522954
269.3		0.522954
269.4		0.522954
269.5		0.522954
269.6		0.522954
269.7		0.522954
269.8		0.522954
269.9		0.522954
270		0.522954
270.1		0.524543
270.2		0.524543
270.3		0.524543
270.4		0.524543
270.5		0.524543
270.6		0.524543
270.7		0.524543
270.8		0.524543
270.9		0.524543
271		0.524543
271.1		0.525195
271.2		0.525195
271.3		0.525195
271.4		0.525195
271.5		0.525195
271.6		0.525195
271.7		0.525195
271.8		0.525195
271.9		0.525195
272		0.525195
272.1		0.530572
272.2		0.530572
272.3		0.530572
272.4		0.530572
272.5		0.530572
272.6		0.530572
272.7		0.530572
272.8		0.530572
272.9		0.530572
273		0.530572
273.1		0.531386
273.2		0.531386
273.3		0.531386
273.4		0.531386
273.5		0.531386
273.6		0.531386
273.7		0.531386
273.8		0.531386
273.9		0.531386
274		0.531386
274.1		0.532893
274.2		0.532893
274.3		0.532893
274.4		0.532893
274.5		0.532893
274.6		0.532893
274.7		0.532893
274.8		0.532893
274.9		0.532893
275		0.532893
275.1		0.533545
275.2		0.533545
275.3		0.533545
275.4		0.533545
275.5		0.533545
275.6		0.533545
275.7		0.533545
275.8		0.533545
275.9		0.533545
276		0.533545
276.1		0.5366
276.2		0.5366
276.3		0.5366
276.4		0.5366
276.5		0.5366
276.6		0.5366
276.7		0.5366
276.8		0.5366
276.9		0.5366
277		0.5366
277.1		0.539207
277.2		0.539207
277.3		0.539207
277.4		0.539207
277.5		0.539207
277.6		0.539207
277.7		0.539207
277.8		0.539207
277.9		0.539207
278		0.539207
278.1		0.539615
278.2		0.539615
278.3		0.539615
278.4		0.539615
278.5		0.539615
278.6		0.539615
278.7		0.539615
278.8		0.539615
278.9		0.539615
279		0.539615
279.1		0.542996
279.2		0.542996
279.3		0.542996
279.4		0.542996
279.5		0.542996
279.6		0.542996
279.7		0.542996
279.8		0.542996
279.9		0.542996
280		0.542996
280.1		0.544095
280.2		0.544095
280.3		0.544095
280.4		0.544095
280.5		0.544095
280.6		0.544095
280.7		0.544095
280.8		0.544095
280.9		0.544095
281		0.544095
281.1		0.545358
281.2		0.545358
281.3		0.545358
281.4		0.545358
281.5		0.545358
281.6		0.545358
281.7		0.545358
281.8		0.545358
281.9		0.545358
282		0.545358
282.1		0.546214
282.2		0.546214
282.3		0.546214
282.4		0.546214
282.5		0.546214
282.6		0.546214
282.7		0.546214
282.8		0.546214
282.9		0.546214
283		0.546214
283.1		0.550532
283.2		0.550532
283.3		0.550532
283.4		0.550532
283.5		0.550532
283.6		0.550532
283.7		0.550532
283.8		0.550532
283.9		0.550532
284		0.550532
284.1		0.552365
284.2		0.552365
284.3		0.552365
284.4		0.552365
284.5		0.552365
284.6		0.552365
284.7		0.552365
284.8		0.552365
284.9		0.552365
285		0.552365
285.1		0.553261
285.2		0.553261
285.3		0.553261
285.4		0.553261
285.5		0.553261
285.6		0.553261
285.7		0.553261
285.8		0.553261
285.9		0.553261
286		0.553261
286.1		0.555786
286.2		0.555786
286.3		0.555786
286.4		0.555786
286.5		0.555786
286.6		0.555786
286.7		0.555786
286.8		0.555786
286.9		0.555786
287		0.555786
287.1		0.560104
287.2		0.560104
287.3		0.560104
287.4		0.560104
287.5		0.560104
287.6		0.560104
287.7		0.560104
287.8		0.560104
287.9		0.560104
288		0.560104
288.1		0.562956
288.2		0.562956
288.3		0.562956
288.4		0.562956
288.5		0.562956
288.6		0.562956
288.7		0.562956
288.8		0.562956
288.9		0.562956
289		0.562956
289.1		0.563567
289.2		0.563567
289.3		0.563567
289.4		0.563567
289.5		0.563567
289.6		0.563567
289.7		0.563567
289.8		0.563567
289.9		0.563567
290		0.563567
290.1		0.566744
290.2		0.566744
290.3		0.566744
290.4		0.566744
290.5		0.566744
290.6		0.566744
290.7		0.566744
290.8		0.566744
290.9		0.566744
291		0.566744
291.1		0.570899
291.2		0.570899
291.3		0.570899
291.4		0.570899
291.5		0.570899
291.6		0.570899
291.7		0.570899
291.8		0.570899
291.9		0.570899
292		0.570899
292.1		0.57094
292.2		0.57094
292.3		0.57094
292.4		0.57094
292.5		0.57094
292.6		0.57094
292.7		0.57094
292.8		0.57094
292.9		0.57094
293		0.57094
293.1		0.571999
293.2		0.571999
293.3		0.571999
293.4		0.571999
293.5		0.571999
293.6		0.571999
293.7		0.571999
293.8		0.571999
293.9		0.571999
294		0.571999
294.1		0.575095
294.2		0.575095
294.3		0.575095
294.4		0.575095
294.5		0.575095
294.6		0.575095
294.7		0.575095
294.8		0.575095
294.9		0.575095
295		0.575095
295.1		0.578802
295.2		0.578802
295.3		0.578802
295.4		0.578802
295.5		0.578802
295.6		0.578802
295.7		0.578802
295.8		0.578802
295.9		0.578802
296		0.578802
296.1		0.58149
296.2		0.58149
296.3		0.58149
296.4		0.58149
296.5		0.58149
296.6		0.58149
296.7		0.58149
296.8		0.58149
296.9		0.58149
297		0.58149
297.1		0.582427
297.2		0.582427
297.3		0.582427
297.4		0.582427
297.5		0.582427
297.6		0.582427
297.7		0.582427
297.8		0.582427
297.9		0.582427
298		0.582427
298.1		0.58373
298.2		0.58373
298.3		0.58373
298.4		0.58373
298.5		0.58373
298.6		0.58373
298.7		0.58373
298.8		0.58373
298.9		0.58373
299		0.58373
299.1		0.593059
299.2		0.593059
299.3		0.593059
299.4		0.593059
299.5		0.593059
299.6		0.593059
299.7		0.593059
299.8		0.593059
299.9		0.593059
300		0.593059
300.1		0.59477
300.2		0.59477
300.3		0.59477
300.4		0.59477
300.5		0.59477
300.6		0.59477
300.7		0.59477
300.8		0.59477
300.9		0.59477
301		0.59477
301.1		0.595014
301.2		0.595014
301.3		0.595014
301.4		0.595014
301.5		0.595014
301.6		0.595014
301.7		0.595014
301.8		0.595014
301.9		0.595014
302		0.595014
302.1		0.601572
302.2		0.601572
302.3		0.601572
302.4		0.601572
302.5		0.601572
302.6		0.601572
302.7		0.601572
302.8		0.601572
302.9		0.601572
303		0.601572
303.1		0.60198
303.2		0.60198
303.3		0.60198
303.4		0.60198
303.5		0.60198
303.6		0.60198
303.7		0.60198
303.8		0.60198
303.9		0.60198
304		0.60198
304.1		0.60308
304.2		0.60308
304.3		0.60308
304.4		0.60308
304.5		0.60308
304.6		0.60308
304.7		0.60308
304.8		0.60308
304.9		0.60308
305		0.60308
305.1		0.604424
305.2		0.604424
305.3		0.604424
305.4		0.604424
305.5		0.604424
305.6		0.604424
305.7		0.604424
305.8		0.604424
305.9		0.604424
306		0.604424
306.1		0.608782
306.2		0.608782
306.3		0.608782
306.4		0.608782
306.5		0.608782
306.6		0.608782
306.7		0.608782
306.8		0.608782
306.9		0.608782
307		0.608782
307.1		0.609679
307.2		0.609679
307.3		0.609679
307.4		0.609679
307.5		0.609679
307.6		0.609679
307.7		0.609679
307.8		0.609679
307.9		0.609679
308		0.609679
308.1		0.612489
308.2		0.612489
308.3		0.612489
308.4		0.612489
308.5		0.612489
308.6		0.612489
308.7		0.612489
308.8		0.612489
308.9		0.612489
309		0.612489
309.1		0.613508
309.2		0.613508
309.3		0.613508
309.4		0.613508
309.5		0.613508
309.6		0.613508
309.7		0.613508
309.8		0.613508
309.9		0.613508
310		0.613508
310.1		0.616766
310.2		0.616766
310.3		0.616766
310.4		0.616766
310.5		0.616766
310.6		0.616766
310.7		0.616766
310.8		0.616766
310.9		0.616766
311		0.616766
311.1		0.619088
311.2		0.619088
311.3		0.619088
311.4		0.619088
311.5		0.619088
311.6		0.619088
311.7		0.619088
311.8		0.619088
311.9		0.619088
312		0.619088
312.1		0.620229
312.2		0.620229
312.3		0.620229
312.4		0.620229
312.5		0.620229
312.6		0.620229
312.7		0.620229
312.8		0.620229
312.9		0.620229
313		0.620229
313.1		0.622429
313.2		0.622429
313.3		0.622429
313.4		0.622429
313.5		0.622429
313.6		0.622429
313.7		0.622429
313.8		0.622429
313.9		0.622429
314		0.622429
314.1		0.622999
314.2		0.622999
314.3		0.622999
314.4		0.622999
314.5		0.622999
314.6		0.622999
314.7		0.622999
314.8		0.622999
314.9		0.622999
315		0.622999
315.1		0.627969
315.2		0.627969
315.3		0.627969
315.4		0.627969
315.5		0.627969
315.6		0.627969
315.7		0.627969
315.8		0.627969
315.9		0.627969
316		0.627969
316.1		0.629068
316.2		0.629068
316.3		0.629068
316.4		0.629068
316.5		0.629068
316.6		0.629068
316.7		0.629068
316.8		0.629068
316.9		0.629068
317		0.629068
317.1		0.631675
317.2		0.631675
317.3		0.631675
317.4		0.631675
317.5		0.631675
317.6		0.631675
317.7		0.631675
317.8		0.631675
317.9		0.631675
318		0.631675
318.1		0.631798
318.2		0.631798
318.3		0.631798
318.4		0.631798
318.5		0.631798
318.6		0.631798
318.7		0.631798
318.8		0.631798
318.9		0.631798
319		0.631798
319.1		0.632735
319.2		0.632735
319.3		0.632735
319.4		0.632735
319.5		0.632735
319.6		0.632735
319.7		0.632735
319.8		0.632735
319.9		0.632735
320		0.632735
320.1		0.635464
320.2		0.635464
320.3		0.635464
320.4		0.635464
320.5		0.635464
320.6		0.635464
320.7		0.635464
320.8		0.635464
320.9		0.635464
321		0.635464
321.1		0.638234
321.2		0.638234
321.3		0.638234
321.4		0.638234
321.5		0.638234
321.6		0.638234
321.7		0.638234
321.8		0.638234
321.9		0.638234
322		0.638234
322.1		0.641126
322.2		0.641126
322.3		0.641126
322.4		0.641126
322.5		0.641126
322.6		0.641126
322.7		0.641126
322.8		0.641126
322.9		0.641126
323		0.641126
323.1		0.642715
323.2		0.642715
323.3		0.642715
323.4		0.642715
323.5		0.642715
323.6		0.642715
323.7		0.642715
323.8		0.642715
323.9		0.642715
324		0.642715
324.1		0.645485
324.2		0.645485
324.3		0.645485
324.4		0.645485
324.5		0.645485
324.6		0.645485
324.7		0.645485
324.8		0.645485
324.9		0.645485
325		0.645485
325.1		0.64577
325.2		0.64577
325.3		0.64577
325.4		0.64577
325.5		0.64577
325.6		0.64577
325.7		0.64577
325.8		0.64577
325.9		0.64577
326		0.64577
326.1		0.646992
326.2		0.646992
326.3		0.646992
326.4		0.646992
326.5		0.646992
326.6		0.646992
326.7		0.646992
326.8		0.646992
326.9		0.646992
327		0.646992
327.1		0.651473
327.2		0.651473
327.3		0.651473
327.4		0.651473
327.5		0.651473
327.6		0.651473
327.7		0.651473
327.8		0.651473
327.9		0.651473
328		0.651473
328.1		0.652002
328.2		0.652002
328.3		0.652002
328.4		0.652002
328.5		0.652002
328.6		0.652002
328.7		0.652002
328.8		0.652002
328.9		0.652002
329		0.652002
329.1		0.65579
329.2		0.65579
329.3		0.65579
329.4		0.65579
329.5		0.65579
329.6		0.65579
329.7		0.65579
329.8		0.65579
329.9		0.65579
330		0.65579
330.1		0.656239
330.2		0.656239
330.3		0.656239
330.4		0.656239
330.5		0.656239
330.6		0.656239
330.7		0.656239
330.8		0.656239
330.9		0.656239
331		0.656239
331.1		0.656524
331.2		0.656524
331.3		0.656524
331.4		0.656524
331.5		0.656524
331.6		0.656524
331.7		0.656524
331.8		0.656524
331.9		0.656524
332		0.656524
332.1		0.660231
332.2		0.660231
332.3		0.660231
332.4		0.660231
332.5		0.660231
332.6		0.660231
332.7		0.660231
332.8		0.660231
332.9		0.660231
333		0.660231
333.1		0.661738
333.2		0.661738
333.3		0.661738
333.4		0.661738
333.5		0.661738
333.6		0.661738
333.7		0.661738
333.8		0.661738
333.9		0.661738
334		0.661738
334.1		0.6641
334.2		0.6641
334.3		0.6641
334.4		0.6641
334.5		0.6641
334.6		0.6641
334.7		0.6641
334.8		0.6641
334.9		0.6641
335		0.6641
335.1		0.667237
335.2		0.667237
335.3		0.667237
335.4		0.667237
335.5		0.667237
335.6		0.667237
335.7		0.667237
335.8		0.667237
335.9		0.667237
336		0.667237
336.1		0.669763
336.2		0.669763
336.3		0.669763
336.4		0.669763
336.5		0.669763
336.6		0.669763
336.7		0.669763
336.8		0.669763
336.9		0.669763
337		0.669763
337.1		0.671025
337.2		0.671025
337.3		0.671025
337.4		0.671025
337.5		0.671025
337.6		0.671025
337.7		0.671025
337.8		0.671025
337.9		0.671025
338		0.671025
338.1		0.673877
338.2		0.673877
338.3		0.673877
338.4		0.673877
338.5		0.673877
338.6		0.673877
338.7		0.673877
338.8		0.673877
338.9		0.673877
339		0.673877
339.1		0.678398
339.2		0.678398
339.3		0.678398
339.4		0.678398
339.5		0.678398
339.6		0.678398
339.7		0.678398
339.8		0.678398
339.9		0.678398
340		0.678398
340.1		0.680679
340.2		0.680679
340.3		0.680679
340.4		0.680679
340.5		0.680679
340.6		0.680679
340.7		0.680679
340.8		0.680679
340.9		0.680679
341		0.680679
341.1		0.68516
341.2		0.68516
341.3		0.68516
341.4		0.68516
341.5		0.68516
341.6		0.68516
341.7		0.68516
341.8		0.68516
341.9		0.68516
342		0.68516
342.1		0.686464
342.2		0.686464
342.3		0.686464
342.4		0.686464
342.5		0.686464
342.6		0.686464
342.7		0.686464
342.8		0.686464
342.9		0.686464
343		0.686464
343.1		0.686953
343.2		0.686953
343.3		0.686953
343.4		0.686953
343.5		0.686953
343.6		0.686953
343.7		0.686953
343.8		0.686953
343.9		0.686953
344		0.686953
344.1		0.689763
344.2		0.689763
344.3		0.689763
344.4		0.689763
344.5		0.689763
344.6		0.689763
344.7		0.689763
344.8		0.689763
344.9		0.689763
345		0.689763
345.1		0.69237
345.2		0.69237
345.3		0.69237
345.4		0.69237
345.5		0.69237
345.6		0.69237
345.7		0.69237
345.8		0.69237
345.9		0.69237
346		0.69237
346.1		0.696933
346.2		0.696933
346.3		0.696933
346.4		0.696933
346.5		0.696933
346.6		0.696933
346.7		0.696933
346.8		0.696933
346.9		0.696933
347		0.696933
347.1		0.696933
347.2		0.696933
347.3		0.696933
347.4		0.696933
347.5		0.696933
347.6		0.696933
347.7		0.696933
347.8		0.696933
347.9		0.696933
348		0.696933
348.1		0.697707
348.2		0.697707
348.3		0.697707
348.4		0.697707
348.5		0.697707
348.6		0.697707
348.7		0.697707
348.8		0.697707
348.9		0.697707
349		0.697707
349.1		0.69958
349.2		0.69958
349.3		0.69958
349.4		0.69958
349.5		0.69958
349.6		0.69958
349.7		0.69958
349.8		0.69958
349.9		0.69958
350		0.69958
350.1		0.700925
350.2		0.700925
350.3		0.700925
350.4		0.700925
350.5		0.700925
350.6		0.700925
350.7		0.700925
350.8		0.700925
350.9		0.700925
351		0.700925
351.1		0.702391
351.2		0.702391
351.3		0.702391
351.4		0.702391
351.5		0.702391
351.6		0.702391
351.7		0.702391
351.8		0.702391
351.9		0.702391
352		0.702391
352.1		0.707524
352.2		0.707524
352.3		0.707524
352.4		0.707524
352.5		0.707524
352.6		0.707524
352.7		0.707524
352.8		0.707524
352.9		0.707524
353		0.707524
353.1		0.70952
353.2		0.70952
353.3		0.70952
353.4		0.70952
353.5		0.70952
353.6		0.70952
353.7		0.70952
353.8		0.70952
353.9		0.70952
354		0.70952
354.1		0.71233
354.2		0.71233
354.3		0.71233
354.4		0.71233
354.5		0.71233
354.6		0.71233
354.7		0.71233
354.8		0.71233
354.9		0.71233
355		0.71233
355.1		0.717952
355.2		0.717952
355.3		0.717952
355.4		0.717952
355.5		0.717952
355.6		0.717952
355.7		0.717952
355.8		0.717952
355.9		0.717952
356		0.717952
356.1		0.7195
356.2		0.7195
356.3		0.7195
356.4		0.7195
356.5		0.7195
356.6		0.7195
356.7		0.7195
356.8		0.7195
356.9		0.7195
357		0.7195
357.1		0.722799
357.2		0.722799
357.3		0.722799
357.4		0.722799
357.5		0.722799
357.6		0.722799
357.7		0.722799
357.8		0.722799
357.9		0.722799
358		0.722799
358.1		0.725121
358.2		0.725121
358.3		0.725121
358.4		0.725121
358.5		0.725121
358.6		0.725121
358.7		0.725121
358.8		0.725121
358.9		0.725121
359		0.725121
359.1		0.727647
359.2		0.727647
359.3		0.727647
359.4		0.727647
359.5		0.727647
359.6		0.727647
359.7		0.727647
359.8		0.727647
359.9		0.727647
360		0.727647
360.1		0.73005
360.2		0.73005
360.3		0.73005
360.4		0.73005
360.5		0.73005
360.6		0.73005
360.7		0.73005
360.8		0.73005
360.9		0.73005
361		0.73005
361.1		0.733227
361.2		0.733227
361.3		0.733227
361.4		0.733227
361.5		0.733227
361.6		0.733227
361.7		0.733227
361.8		0.733227
361.9		0.733227
362		0.733227
362.1		0.73392
362.2		0.73392
362.3		0.73392
362.4		0.73392
362.5		0.73392
362.6		0.73392
362.7		0.73392
362.8		0.73392
362.9		0.73392
363		0.73392
363.1		0.734287
363.2		0.734287
363.3		0.734287
363.4		0.734287
363.5		0.734287
363.6		0.734287
363.7		0.734287
363.8		0.734287
363.9		0.734287
364		0.734287
364.1		0.737138
364.2		0.737138
364.3		0.737138
364.4		0.737138
364.5		0.737138
364.6		0.737138
364.7		0.737138
364.8		0.737138
364.9		0.737138
365		0.737138
365.1		0.739867
365.2		0.739867
365.3		0.739867
365.4		0.739867
365.5		0.739867
365.6		0.739867
365.7		0.739867
365.8		0.739867
365.9		0.739867
366		0.739867
366.1		0.740315
366.2		0.740315
366.3		0.740315
366.4		0.740315
366.5		0.740315
366.6		0.740315
366.7		0.740315
366.8		0.740315
366.9		0.740315
367		0.740315
367.1		0.742026
367.2		0.742026
367.3		0.742026
367.4		0.742026
367.5		0.742026
367.6		0.742026
367.7		0.742026
367.8		0.742026
367.9		0.742026
368		0.742026
368.1		0.746181
368.2		0.746181
368.3		0.746181
368.4		0.746181
368.5		0.746181
368.6		0.746181
368.7		0.746181
368.8		0.746181
368.9		0.746181
369		0.746181
369.1		0.748951
369.2		0.748951
369.3		0.748951
369.4		0.748951
369.5		0.748951
369.6		0.748951
369.7		0.748951
369.8		0.748951
369.9		0.748951
370		0.748951
370.1		0.749847
370.2		0.749847
370.3		0.749847
370.4		0.749847
370.5		0.749847
370.6		0.749847
370.7		0.749847
370.8		0.749847
370.9		0.749847
371		0.749847
371.1		0.752169
371.2		0.752169
371.3		0.752169
371.4		0.752169
371.5		0.752169
371.6		0.752169
371.7		0.752169
371.8		0.752169
371.9		0.752169
372		0.752169
372.1		0.752943
372.2		0.752943
372.3		0.752943
372.4		0.752943
372.5		0.752943
372.6		0.752943
372.7		0.752943
372.8		0.752943
372.9		0.752943
373		0.752943
373.1		0.755428
373.2		0.755428
373.3		0.755428
373.4		0.755428
373.5		0.755428
373.6		0.755428
373.7		0.755428
373.8		0.755428
373.9		0.755428
374		0.755428
374.1		0.758646
374.2		0.758646
374.3		0.758646
374.4		0.758646
374.5		0.758646
374.6		0.758646
374.7		0.758646
374.8		0.758646
374.9		0.758646
375		0.758646
375.1		0.759298
375.2		0.759298
375.3		0.759298
375.4		0.759298
375.5		0.759298
375.6		0.759298
375.7		0.759298
375.8		0.759298
375.9		0.759298
376		0.759298
376.1		0.763534
376.2		0.763534
376.3		0.763534
376.4		0.763534
376.5		0.763534
376.6		0.763534
376.7		0.763534
376.8		0.763534
376.9		0.763534
377		0.763534
377.1		0.764878
377.2		0.764878
377.3		0.764878
377.4		0.764878
377.5		0.764878
377.6		0.764878
377.7		0.764878
377.8		0.764878
377.9		0.764878
378		0.764878
378.1		0.765286
378.2		0.765286
378.3		0.765286
378.4		0.765286
378.5		0.765286
378.6		0.765286
378.7		0.765286
378.8		0.765286
378.9		0.765286
379		0.765286
379.1		0.766386
379.2		0.766386
379.3		0.766386
379.4		0.766386
379.5		0.766386
379.6		0.766386
379.7		0.766386
379.8		0.766386
379.9		0.766386
380		0.766386
380.1		0.772496
380.2		0.772496
380.3		0.772496
380.4		0.772496
380.5		0.772496
380.6		0.772496
380.7		0.772496
380.8		0.772496
380.9		0.772496
381		0.772496
381.1		0.772781
381.2		0.772781
381.3		0.772781
381.4		0.772781
381.5		0.772781
381.6		0.772781
381.7		0.772781
381.8		0.772781
381.9		0.772781
382		0.772781
382.1		0.775266
382.2		0.775266
382.3		0.775266
382.4		0.775266
382.5		0.775266
382.6		0.775266
382.7		0.775266
382.8		0.775266
382.9		0.775266
383		0.775266
383.1		0.777914
383.2		0.777914
383.3		0.777914
383.4		0.777914
383.5		0.777914
383.6		0.777914
383.7		0.777914
383.8		0.777914
383.9		0.777914
384		0.777914
384.1		0.778362
384.2		0.778362
384.3		0.778362
384.4		0.778362
384.5		0.778362
384.6		0.778362
384.7		0.778362
384.8		0.778362
384.9		0.778362
385		0.778362
385.1		0.783209
385.2		0.783209
385.3		0.783209
385.4		0.783209
385.5		0.783209
385.6		0.783209
385.7		0.783209
385.8		0.783209
385.9		0.783209
386		0.783209
386.1		0.783779
386.2		0.783779
386.3		0.783779
386.4		0.783779
386.5		0.783779
386.6		0.783779
386.7		0.783779
386.8		0.783779
386.9		0.783779
387		0.783779
387.1		0.786346
387.2		0.786346
387.3		0.786346
387.4		0.786346
387.5		0.786346
387.6		0.786346
387.7		0.786346
387.8		0.786346
387.9		0.786346
388		0.786346
388.1		0.787649
388.2		0.787649
388.3		0.787649
388.4		0.787649
388.5		0.787649
388.6		0.787649
388.7		0.787649
388.8		0.787649
388.9		0.787649
389		0.787649
389.1		0.788097
389.2		0.788097
389.3		0.788097
389.4		0.788097
389.5		0.788097
389.6		0.788097
389.7		0.788097
389.8		0.788097
389.9		0.788097
390		0.788097
390.1		0.791315
390.2		0.791315
390.3		0.791315
390.4		0.791315
390.5		0.791315
390.6		0.791315
390.7		0.791315
390.8		0.791315
390.9		0.791315
391		0.791315
391.1		0.794085
391.2		0.794085
391.3		0.794085
391.4		0.794085
391.5		0.794085
391.6		0.794085
391.7		0.794085
391.8		0.794085
391.9		0.794085
392		0.794085
392.1		0.795267
392.2		0.795267
392.3		0.795267
392.4		0.795267
392.5		0.795267
392.6		0.795267
392.7		0.795267
392.8		0.795267
392.9		0.795267
393		0.795267
393.1		0.795633
393.2		0.795633
393.3		0.795633
393.4		0.795633
393.5		0.795633
393.6		0.795633
393.7		0.795633
393.8		0.795633
393.9		0.795633
394		0.795633
394.1		0.801173
394.2		0.801173
394.3		0.801173
394.4		0.801173
394.5		0.801173
394.6		0.801173
394.7		0.801173
394.8		0.801173
394.9		0.801173
395		0.801173
395.1		0.80154
395.2		0.80154
395.3		0.80154
395.4		0.80154
395.5		0.80154
395.6		0.80154
395.7		0.80154
395.8		0.80154
395.9		0.80154
396		0.80154
396.1		0.801743
396.2		0.801743
396.3		0.801743
396.4		0.801743
396.5		0.801743
396.6		0.801743
396.7		0.801743
396.8		0.801743
396.9		0.801743
397		0.801743
397.1		0.803577
397.2		0.803577
397.3		0.803577
397.4		0.803577
397.5		0.803577
397.6		0.803577
397.7		0.803577
397.8		0.803577
397.9		0.803577
398		0.803577
398.1		0.807854
398.2		0.807854
398.3		0.807854
398.4		0.807854
398.5		0.807854
398.6		0.807854
398.7		0.807854
398.8		0.807854
398.9		0.807854
399		0.807854
399.1		0.808546
399.2		0.808546
399.3		0.808546
399.4		0.808546
399.5		0.808546
399.6		0.808546
399.7		0.808546
399.8		0.808546
399.9		0.808546
400		0.808546
400.1		0.810827
400.2		0.810827
400.3		0.810827
400.4		0.810827
400.5		0.810827
400.6		0.810827
400.7		0.810827
400.8		0.810827
400.9		0.810827
401		0.810827
401.1		0.814779
401.2		0.814779
401.3		0.814779
401.4		0.814779
401.5		0.814779
401.6		0.814779
401.7		0.814779
401.8		0.814779
401.9		0.814779
402		0.814779
402.1		0.815675
402.2		0.815675
402.3		0.815675
402.4		0.815675
402.5		0.815675
402.6		0.815675
402.7		0.815675
402.8		0.815675
402.9		0.815675
403		0.815675
403.1		0.818445
403.2		0.818445
403.3		0.818445
403.4		0.818445
403.5		0.818445
403.6		0.818445
403.7		0.818445
403.8		0.818445
403.9		0.818445
404		0.818445
404.1		0.818893
404.2		0.818893
404.3		0.818893
404.4		0.818893
404.5		0.818893
404.6		0.818893
404.7		0.818893
404.8		0.818893
404.9		0.818893
405		0.818893
405.1		0.819056
405.2		0.819056
405.3		0.819056
405.4		0.819056
405.5		0.819056
405.6		0.819056
405.7		0.819056
405.8		0.819056
405.9		0.819056
406		0.819056
406.1		0.823007
406.2		0.823007
406.3		0.823007
406.4		0.823007
406.5		0.823007
406.6		0.823007
406.7		0.823007
406.8		0.823007
406.9		0.823007
407		0.823007
407.1		0.825614
407.2		0.825614
407.3		0.825614
407.4		0.825614
407.5		0.825614
407.6		0.825614
407.7		0.825614
407.8		0.825614
407.9		0.825614
408		0.825614
408.1		0.827447
408.2		0.827447
408.3		0.827447
408.4		0.827447
408.5		0.827447
408.6		0.827447
408.7		0.827447
408.8		0.827447
408.9		0.827447
409		0.827447
409.1		0.828669
409.2		0.828669
409.3		0.828669
409.4		0.828669
409.5		0.828669
409.6		0.828669
409.7		0.828669
409.8		0.828669
409.9		0.828669
410		0.828669
410.1		0.829321
410.2		0.829321
410.3		0.829321
410.4		0.829321
410.5		0.829321
410.6		0.829321
410.7		0.829321
410.8		0.829321
410.9		0.829321
411		0.829321
411.1		0.831765
411.2		0.831765
411.3		0.831765
411.4		0.831765
411.5		0.831765
411.6		0.831765
411.7		0.831765
411.8		0.831765
411.9		0.831765
412		0.831765
412.1		0.832458
412.2		0.832458
412.3		0.832458
412.4		0.832458
412.5		0.832458
412.6		0.832458
412.7		0.832458
412.8		0.832458
412.9		0.832458
413		0.832458
413.1		0.83592
413.2		0.83592
413.3		0.83592
413.4		0.83592
413.5		0.83592
413.6		0.83592
413.7		0.83592
413.8		0.83592
413.9		0.83592
414		0.83592
414.1		0.837183
414.2		0.837183
414.3		0.837183
414.4		0.837183
414.5		0.837183
414.6		0.837183
414.7		0.837183
414.8		0.837183
414.9		0.837183
415		0.837183
415.1		0.839464
415.2		0.839464
415.3		0.839464
415.4		0.839464
415.5		0.839464
415.6		0.839464
415.7		0.839464
415.8		0.839464
415.9		0.839464
416		0.839464
416.1		0.840971
416.2		0.840971
416.3		0.840971
416.4		0.840971
416.5		0.840971
416.6		0.840971
416.7		0.840971
416.8		0.840971
416.9		0.840971
417		0.840971
417.1		0.841378
417.2		0.841378
417.3		0.841378
417.4		0.841378
417.5		0.841378
417.6		0.841378
417.7		0.841378
417.8		0.841378
417.9		0.841378
418		0.841378
418.1		0.844393
418.2		0.844393
418.3		0.844393
418.4		0.844393
418.5		0.844393
418.6		0.844393
418.7		0.844393
418.8		0.844393
418.9		0.844393
419		0.844393
419.1		0.846755
419.2		0.846755
419.3		0.846755
419.4		0.846755
419.5		0.846755
419.6		0.846755
419.7		0.846755
419.8		0.846755
419.9		0.846755
420		0.846755
420.1		0.850544
420.2		0.850544
420.3		0.850544
420.4		0.850544
420.5		0.850544
420.6		0.850544
420.7		0.850544
420.8		0.850544
420.9		0.850544
421		0.850544
421.1		0.851196
421.2		0.851196
421.3		0.851196
421.4		0.851196
421.5		0.851196
421.6		0.851196
421.7		0.851196
421.8		0.851196
421.9		0.851196
422		0.851196
422.1		0.851521
422.2		0.851521
422.3		0.851521
422.4		0.851521
422.5		0.851521
422.6		0.851521
422.7		0.851521
422.8		0.851521
422.9		0.851521
423		0.851521
423.1		0.855432
423.2		0.855432
423.3		0.855432
423.4		0.855432
423.5		0.855432
423.6		0.855432
423.7		0.855432
423.8		0.855432
423.9		0.855432
424		0.855432
424.1		0.858487
424.2		0.858487
424.3		0.858487
424.4		0.858487
424.5		0.858487
424.6		0.858487
424.7		0.858487
424.8		0.858487
424.9		0.858487
425		0.858487
425.1		0.85922
425.2		0.85922
425.3		0.85922
425.4		0.85922
425.5		0.85922
425.6		0.85922
425.7		0.85922
425.8		0.85922
425.9		0.85922
426		0.85922
426.1		0.860076
426.2		0.860076
426.3		0.860076
426.4		0.860076
426.5		0.860076
426.6		0.860076
426.7		0.860076
426.8		0.860076
426.9		0.860076
427		0.860076
427.1		0.860768
427.2		0.860768
427.3		0.860768
427.4		0.860768
427.5		0.860768
427.6		0.860768
427.7		0.860768
427.8		0.860768
427.9		0.860768
428		0.860768
428.1		0.866593
428.2		0.866593
428.3		0.866593
428.4		0.866593
428.5		0.866593
428.6		0.866593
428.7		0.866593
428.8		0.866593
428.9		0.866593
429		0.866593
429.1		0.867693
429.2		0.867693
429.3		0.867693
429.4		0.867693
429.5		0.867693
429.6		0.867693
429.7		0.867693
429.8		0.867693
429.9		0.867693
430		0.867693
430.1		0.86916
430.2		0.86916
430.3		0.86916
430.4		0.86916
430.5		0.86916
430.6		0.86916
430.7		0.86916
430.8		0.86916
430.9		0.86916
431		0.86916
431.1		0.869608
431.2		0.869608
431.3		0.869608
431.4		0.869608
431.5		0.869608
431.6		0.869608
431.7		0.869608
431.8		0.869608
431.9		0.869608
432		0.869608
432.1		0.873111
432.2		0.873111
432.3		0.873111
432.4		0.873111
432.5		0.873111
432.6		0.873111
432.7		0.873111
432.8		0.873111
432.9		0.873111
433		0.873111
433.1		0.876696
433.2		0.876696
433.3		0.876696
433.4		0.876696
433.5		0.876696
433.6		0.876696
433.7		0.876696
433.8		0.876696
433.9		0.876696
434		0.876696
434.1		0.877307
434.2		0.877307
434.3		0.877307
434.4		0.877307
434.5		0.877307
434.6		0.877307
434.7		0.877307
434.8		0.877307
434.9		0.877307
435		0.877307
435.1		0.879669
435.2		0.879669
435.3		0.879669
435.4		0.879669
435.5		0.879669
435.6		0.879669
435.7		0.879669
435.8		0.879669
435.9		0.879669
436		0.879669
436.1		0.880769
436.2		0.880769
436.3		0.880769
436.4		0.880769
436.5		0.880769
436.6		0.880769
436.7		0.880769
436.8		0.880769
436.9		0.880769
437		0.880769
437.1		0.88358
437.2		0.88358
437.3		0.88358
437.4		0.88358
437.5		0.88358
437.6		0.88358
437.7		0.88358
437.8		0.88358
437.9		0.88358
438		0.88358
438.1		0.886187
438.2		0.886187
438.3		0.886187
438.4		0.886187
438.5		0.886187
438.6		0.886187
438.7		0.886187
438.8		0.886187
438.9		0.886187
439		0.886187
439.1		0.88745
439.2		0.88745
439.3		0.88745
439.4		0.88745
439.5		0.88745
439.6		0.88745
439.7		0.88745
439.8		0.88745
439.9		0.88745
440		0.88745
440.1		0.890627
440.2		0.890627
440.3		0.890627
440.4		0.890627
440.5		0.890627
440.6		0.890627
440.7		0.890627
440.8		0.890627
440.9		0.890627
441		0.890627
441.1		0.891767
441.2		0.891767
441.3		0.891767
441.4		0.891767
441.5		0.891767
441.6		0.891767
441.7		0.891767
441.8		0.891767
441.9		0.891767
442		0.891767
442.1		0.892949
442.2		0.892949
442.3		0.892949
442.4		0.892949
442.5		0.892949
442.6		0.892949
442.7		0.892949
442.8		0.892949
442.9		0.892949
443		0.892949
443.1		0.896289
443.2		0.896289
443.3		0.896289
443.4		0.896289
443.5		0.896289
443.6		0.896289
443.7		0.896289
443.8		0.896289
443.9		0.896289
444		0.896289
444.1		0.896452
444.2		0.896452
444.3		0.896452
444.4		0.896452
444.5		0.896452
444.6		0.896452
444.7		0.896452
444.8		0.896452
444.9		0.896452
445		0.896452
445.1		0.898978
445.2		0.898978
445.3		0.898978
445.4		0.898978
445.5		0.898978
445.6		0.898978
445.7		0.898978
445.8		0.898978
445.9		0.898978
446		0.898978
446.1		0.899548
446.2		0.899548
446.3		0.899548
446.4		0.899548
446.5		0.899548
446.6		0.899548
446.7		0.899548
446.8		0.899548
446.9		0.899548
447		0.899548
447.1		0.902644
447.2		0.902644
447.3		0.902644
447.4		0.902644
447.5		0.902644
447.6		0.902644
447.7		0.902644
447.8		0.902644
447.9		0.902644
448		0.902644
448.1		0.903866
448.2		0.903866
448.3		0.903866
448.4		0.903866
448.5		0.903866
448.6		0.903866
448.7		0.903866
448.8		0.903866
448.9		0.903866
449		0.903866
449.1		0.905862
449.2		0.905862
449.3		0.905862
449.4		0.905862
449.5		0.905862
449.6		0.905862
449.7		0.905862
449.8		0.905862
449.9		0.905862
450		0.905862
450.1		0.909976
450.2		0.909976
450.3		0.909976
450.4		0.909976
450.5		0.909976
450.6		0.909976
450.7		0.909976
450.8		0.909976
450.9		0.909976
451		0.909976
451.1		0.911524
451.2		0.911524
451.3		0.911524
451.4		0.911524
451.5		0.911524
451.6		0.911524
451.7		0.911524
451.8		0.911524
451.9		0.911524
452		0.911524
452.1		0.912583
452.2		0.912583
452.3		0.912583
452.4		0.912583
452.5		0.912583
452.6		0.912583
452.7		0.912583
452.8		0.912583
452.9		0.912583
453		0.912583
453.1		0.912624
453.2		0.912624
453.3		0.912624
453.4		0.912624
453.5		0.912624
453.6		0.912624
453.7		0.912624
453.8		0.912624
453.9		0.912624
454		0.912624
454.1		0.916086
454.2		0.916086
454.3		0.916086
454.4		0.916086
454.5		0.916086
454.6		0.916086
454.7		0.916086
454.8		0.916086
454.9		0.916086
455		0.916086
455.1		0.918327
455.2		0.918327
455.3		0.918327
455.4		0.918327
455.5		0.918327
455.6		0.918327
455.7		0.918327
455.8		0.918327
455.9		0.918327
456		0.918327
456.1		0.919508
456.2		0.919508
456.3		0.919508
456.4		0.919508
456.5		0.919508
456.6		0.919508
456.7		0.919508
456.8		0.919508
456.9		0.919508
457		0.919508
457.1		0.920363
457.2		0.920363
457.3		0.920363
457.4		0.920363
457.5		0.920363
457.6		0.920363
457.7		0.920363
457.8		0.920363
457.9		0.920363
458		0.920363
458.1		0.922726
458.2		0.922726
458.3		0.922726
458.4		0.922726
458.5		0.922726
458.6		0.922726
458.7		0.922726
458.8		0.922726
458.9		0.922726
459		0.922726
459.1		0.924763
459.2		0.924763
459.3		0.924763
459.4		0.924763
459.5		0.924763
459.6		0.924763
459.7		0.924763
459.8		0.924763
459.9		0.924763
460		0.924763
460.1		0.926026
460.2		0.926026
460.3		0.926026
460.4		0.926026
460.5		0.926026
460.6		0.926026
460.7		0.926026
460.8		0.926026
460.9		0.926026
461		0.926026
461.1		0.929081
461.2		0.929081
461.3		0.929081
461.4		0.929081
461.5		0.929081
461.6		0.929081
461.7		0.929081
461.8		0.929081
461.9		0.929081
462		0.929081
462.1		0.933317
462.2		0.933317
462.3		0.933317
462.4		0.933317
462.5		0.933317
462.6		0.933317
462.7		0.933317
462.8		0.933317
462.9		0.933317
463		0.933317
463.1		0.933928
463.2		0.933928
463.3		0.933928
463.4		0.933928
463.5		0.933928
463.6		0.933928
463.7		0.933928
463.8		0.933928
463.9		0.933928
464		0.933928
464.1		0.934743
464.2		0.934743
464.3		0.934743
464.4		0.934743
464.5		0.934743
464.6		0.934743
464.7		0.934743
464.8		0.934743
464.9		0.934743
465		0.934743
465.1		0.935354
465.2		0.935354
465.3		0.935354
465.4		0.935354
465.5		0.935354
465.6		0.935354
465.7		0.935354
465.8		0.935354
465.9		0.935354
466		0.935354
466.1		0.941016
466.2		0.941016
466.3		0.941016
466.4		0.941016
466.5		0.941016
466.6		0.941016
466.7		0.941016
466.8		0.941016
466.9		0.941016
467		0.941016
467.1		0.942645
467.2		0.942645
467.3		0.942645
467.4		0.942645
467.5		0.942645
467.6		0.942645
467.7		0.942645
467.8		0.942645
467.9		0.942645
468		0.942645
468.1		0.943949
468.2		0.943949
468.3		0.943949
468.4		0.943949
468.5		0.943949
468.6		0.943949
468.7		0.943949
468.8		0.943949
468.9		0.943949
469		0.943949
469.1		0.944153
469.2		0.944153
469.3		0.944153
469.4		0.944153
469.5		0.944153
469.6		0.944153
469.7		0.944153
469.8		0.944153
469.9		0.944153
470		0.944153
470.1		0.94847
470.2		0.94847
470.3		0.94847
470.4		0.94847
470.5		0.94847
470.6		0.94847
470.7		0.94847
470.8		0.94847
470.9		0.94847
471		0.94847
471.1		0.949285
471.2		0.949285
471.3		0.949285
471.4		0.949285
471.5		0.949285
471.6		0.949285
471.7		0.949285
471.8		0.949285
471.9		0.949285
472		0.949285
472.1		0.950222
472.2		0.950222
472.3		0.950222
472.4		0.950222
472.5		0.950222
472.6		0.950222
472.7		0.950222
472.8		0.950222
472.9		0.950222
473		0.950222
473.1		0.951526
473.2		0.951526
473.3		0.951526
473.4		0.951526
473.5		0.951526
473.6		0.951526
473.7		0.951526
473.8		0.951526
473.9		0.951526
474		0.951526
474.1		0.954214
474.2		0.954214
474.3		0.954214
474.4		0.954214
474.5		0.954214
474.6		0.954214
474.7		0.954214
474.8		0.954214
474.9		0.954214
475		0.954214
475.1		0.956373
475.2		0.956373
475.3		0.956373
475.4		0.956373
475.5		0.956373
475.6		0.956373
475.7		0.956373
475.8		0.956373
475.9		0.956373
476		0.956373
476.1		0.95678
476.2		0.95678
476.3		0.95678
476.4		0.95678
476.5		0.95678
476.6		0.95678
476.7		0.95678
476.8		0.95678
476.9		0.95678
477		0.95678
477.1		0.958858
477.2		0.958858
477.3		0.958858
477.4		0.958858
477.5		0.958858
477.6		0.958858
477.7		0.958858
477.8		0.958858
477.9		0.958858
478		0.958858
478.1		0.959306
478.2		0.959306
478.3		0.959306
478.4		0.959306
478.5		0.959306
478.6		0.959306
478.7		0.959306
478.8		0.959306
478.9		0.959306
479		0.959306
479.1		0.964642
479.2		0.964642
479.3		0.964642
479.4		0.964642
479.5		0.964642
479.6		0.964642
479.7		0.964642
479.8		0.964642
479.9		0.964642
480		0.964642
480.1		0.965498
480.2		0.965498
480.3		0.965498
480.4		0.965498
480.5		0.965498
480.6		0.965498
480.7		0.965498
480.8		0.965498
480.9		0.965498
481		0.965498
481.1		0.966557
481.2		0.966557
481.3		0.966557
481.4		0.966557
481.5		0.966557
481.6		0.966557
481.7		0.966557
481.8		0.966557
481.9		0.966557
482		0.966557
482.1		0.967086
482.2		0.967086
482.3		0.967086
482.4		0.967086
482.5		0.967086
482.6		0.967086
482.7		0.967086
482.8		0.967086
482.9		0.967086
483		0.967086
483.1		0.967738
483.2		0.967738
483.3		0.967738
483.4		0.967738
483.5		0.967738
483.6		0.967738
483.7		0.967738
483.8		0.967738
483.9		0.967738
484		0.967738
484.1		0.973726
484.2		0.973726
484.3		0.973726
484.4		0.973726
484.5		0.973726
484.6		0.973726
484.7		0.973726
484.8		0.973726
484.9		0.973726
485		0.973726
485.1		0.975396
485.2		0.975396
485.3		0.975396
485.4		0.975396
485.5		0.975396
485.6		0.975396
485.7		0.975396
485.8		0.975396
485.9		0.975396
486		0.975396
486.1		0.975926
486.2		0.975926
486.3		0.975926
486.4		0.975926
486.5		0.975926
486.6		0.975926
486.7		0.975926
486.8		0.975926
486.9		0.975926
487		0.975926
487.1		0.977514
487.2		0.977514
487.3		0.977514
487.4		0.977514
487.5		0.977514
487.6		0.977514
487.7		0.977514
487.8		0.977514
487.9		0.977514
488		0.977514
488.1		0.981343
488.2		0.981343
488.3		0.981343
488.4		0.981343
488.5		0.981343
488.6		0.981343
488.7		0.981343
488.8		0.981343
488.9		0.981343
489		0.981343
489.1		0.982362
489.2		0.982362
489.3		0.982362
489.4		0.982362
489.5		0.982362
489.6		0.982362
489.7		0.982362
489.8		0.982362
489.9		0.982362
490		0.982362
490.1		0.983543
490.2		0.983543
490.3		0.983543
490.4		0.983543
490.5		0.983543
490.6		0.983543
490.7		0.983543
490.8		0.983543
490.9		0.983543
491		0.983543
491.1		0.985702
491.2		0.985702
491.3		0.985702
491.4		0.985702
491.5		0.985702
491.6		0.985702
491.7		0.985702
491.8		0.985702
491.9		0.985702
492		0.985702
492.1		0.989042
492.2		0.989042
492.3		0.989042
492.4		0.989042
492.5		0.989042
492.6		0.989042
492.7		0.989042
492.8		0.989042
492.9		0.989042
493		0.989042
493.1		0.989979
493.2		0.989979
493.3		0.989979
493.4		0.989979
493.5		0.989979
493.6		0.989979
493.7		0.989979
493.8		0.989979
493.9		0.989979
494		0.989979
494.1		0.99169
494.2		0.99169
494.3		0.99169
494.4		0.99169
494.5		0.99169
494.6		0.99169
494.7		0.99169
494.8		0.99169
494.9		0.99169
495		0.99169
495.1		0.994053
495.2		0.994053
495.3		0.994053
495.4		0.994053
495.5		0.994053
495.6		0.994053
495.7		0.994053
495.8		0.994053
495.9		0.994053
496		0.994053
496.1		0.997149
496.2		0.997149
496.3		0.997149
496.4		0.997149
496.5		0.997149
496.6		0.997149
496.7		0.997149
496.8		0.997149
496.9		0.997149
497		0.997149
497.1		0.998941
497.2		0.998941
497.3		0.998941
497.4		0.998941
497.5		0.998941
497.6		0.998941
497.7		0.998941
497.8		0.998941
497.9		0.998941
498		0.998941
498.1		0.999389
498.2		0.999389
498.3		0.999389
498.4		0.999389
498.5		0.999389
498.6		0.999389
498.7		0.999389
498.8		0.999389
498.9		0.999389
499		0.999389
499.1		0.99947
499.2		0.99947
499.3		0.99947
499.4		0.99947
499.5		0.99947
499.6		0.99947
499.7		0.99947
499.8		0.99947
499.9		0.99947
500		0.99947
500.1		1
500.2		1
500.3		1
500.4		1
500.5		1
500.6		1
500.7		1
500.8		1
500.9		1
501		1
501.1		1
501.2		1
501.3		1
501.4		1
501.5		1
501.6		1
501.7		1
501.8		1
501.9		1
502		1
502.1		1
502.2		1
502.3		1
502.4		1
502.5		1
502.6		1
502.7		1
502.8		1
502.9		1
503		1
503.1		1
503.2		1
503.3		1
503.4		1
503.5		1
503.6		1
503.7		1
503.8		1
503.9		1
504		1
504.1		1
504.2		1
504.3		1
504.4		1
504.5		1
504.6		1
504.7		1
504.8		1
504.9		1
505		1
505.1		1
505.2		1
505.3		1
505.4		1
505.5		1
505.6		1
505.7		1
505.8		1
505.9		1
506		1
506.1		1
506.2		1
506.3		1
506.4		1
506.5		1
506.6		1
506.7		1
506.8		1
506.9		1
507		1
507.1		1
507.2		1
507.3		1
507.4		1
507.5		1
507.6		1
507.7		1
507.8		1
507.9		1
508		1
508.1		1
508.2		1
508.3		1
508.4		1
508.5		1
508.6		1
508.7		1
508.8		1
508.9		1
509		1
509.1		1
509.2		1
509.3		1
509.4		1
509.5		1
509.6		1
509.7		1
509.8		1
509.9		1
510		1
510.1		1
510.2		1
510.3		1
510.4		1
510.5		1
510.6		1
510.7		1
510.8		1
510.9		1
511		1
511.1		1
511.2		1
511.3		1
511.4		1
511.5		1
511.6		1
511.7		1
511.8		1
511.9		1
512		1
512.1		1
512.2		1
512.3		1
512.4		1
512.5		1
512.6		1
512.7		1
512.8		1
512.9		1
513		1
513.1		1
513.2		1
513.3		1
513.4		1
513.5		1
513.6		1
513.7		1
513.8		1
513.9		1
514		1
514.1		1
514.2		1
514.3		1
514.4		1
514.5		1
514.6		1
514.7		1
514.8		1
514.9		1
515		1
515.1		1
515.2		1
515.3		1
515.4		1
515.5		1
515.6		1
515.7		1
515.8		1
515.9		1
516		1
516.1		1
516.2		1
516.3		1
516.4		1
516.5		1
516.6		1
516.7		1
516.8		1
516.9		1
517		1
517.1		1
517.2		1
517.3		1
517.4		1
517.5		1
517.6		1
517.7		1
517.8		1
517.9		1
518		1
518.1		1
518.2		1
518.3		1
518.4		1
518.5		1
518.6		1
518.7		1
518.8		1
518.9		1
519		1
519.1		1
519.2		1
519.3		1
519.4		1
519.5		1
519.6		1
519.7		1
519.8		1
519.9		1
520		1
520.1		1
520.2		1
520.3		1
520.4		1
520.5		1
520.6		1
520.7		1
520.8		1
520.9		1
521		1
521.1		1
521.2		1
521.3		1
521.4		1
521.5		1
521.6		1
521.7		1
521.8		1
521.9		1
522		1
522.1		1
522.2		1
522.3		1
522.4		1
522.5		1
522.6		1
522.7		1
522.8		1
522.9		1
523		1
523.1		1
523.2		1
523.3		1
523.4		1
523.5		1
523.6		1
523.7		1
523.8		1
523.9		1
524		1
524.1		1
524.2		1
524.3		1
524.4		1
524.5		1
524.6		1
524.7		1
524.8		1
524.9		1
525		1
525.1		1
525.2		1
525.3		1
525.4		1
525.5		1
525.6		1
525.7		1
525.8		1
525.9		1
526		1
526.1		1
526.2		1
526.3		1
526.4		1
526.5		1
526.6		1
526.7		1
526.8		1
526.9		1
527		1
527.1		1
527.2		1
527.3		1
527.4		1
527.5		1
527.6		1
527.7		1
527.8		1
527.9		1
528		1
528.1		1
528.2		1
528.3		1
528.4		1
528.5		1
528.6		1
528.7		1
528.8		1
528.9		1
529		1
529.1		1
529.2		1
529.3		1
529.4		1
529.5		1
529.6		1
529.7		1
529.8		1
529.9		1
530		1
530.1		1
530.2		1
530.3		1
530.4		1
530.5		1
530.6		1
530.7		1
530.8		1
530.9		1
531		1
531.1		1
531.2		1
531.3		1
531.4		1
531.5		1
531.6		1
531.7		1
531.8		1
531.9		1
532		1
532.1		1
532.2		1
532.3		1
532.4		1
532.5		1
532.6		1
532.7		1
532.8		1
532.9		1
533		1
533.1		1
533.2		1
533.3		1
533.4		1
533.5		1
533.6		1
533.7		1
533.8		1
533.9		1
534		1
534.1		1
534.2		1
534.3		1
534.4		1
534.5		1
534.6		1
534.7		1
534.8		1
534.9		1
535		1
535.1		1
535.2		1
535.3		1
535.4		1
535.5		1
535.6		1
535.7		1
535.8		1
535.9		1
536		1
536.1		1
536.2		1
536.3		1
536.4		1
536.5		1
536.6		1
536.7		1
536.8		1
536.9		1
537		1
537.1		1
537.2		1
537.3		1
537.4		1
537.5		1
537.6		1
537.7		1
537.8		1
537.9		1
538		1
538.1		1
538.2		1
538.3		1
538.4		1
538.5		1
538.6		1
538.7		1
538.8		1
538.9		1
539		1
539.1		1
539.2		1
539.3		1
539.4		1
539.5		1
539.6		1
539.7		1
539.8		1
539.9		1
540		1
540.1		1
540.2		1
540.3		1
540.4		1
540.5		1
540.6		1
540.7		1
540.8		1
540.9		1
541		1
541.1		1
541.2		1
541.3		1
541.4		1
541.5		1
541.6		1
541.7		1
541.8		1
541.9		1
542		1
542.1		1
542.2		1
542.3		1
542.4		1
542.5		1
542.6		1
542.7		1
542.8		1
542.9		1
543		1
543.1		1
543.2		1
543.3		1
543.4		1
543.5		1
543.6		1
543.7		1
543.8		1
543.9		1
544		1
544.1		1
544.2		1
544.3		1
544.4		1
544.5		1
544.6		1
544.7		1
544.8		1
544.9		1
545		1
545.1		1
545.2		1
545.3		1
545.4		1
545.5		1
545.6		1
545.7		1
545.8		1
545.9		1
546		1
546.1		1
546.2		1
546.3		1
546.4		1
546.5		1
546.6		1
546.7		1
546.8		1
546.9		1
547		1
547.1		1
547.2		1
547.3		1
547.4		1
547.5		1
547.6		1
547.7		1
547.8		1
547.9		1
548		1
548.1		1
548.2		1
548.3		1
548.4		1
548.5		1
548.6		1
548.7		1
548.8		1
548.9		1
549		1
549.1		1
549.2		1
549.3		1
549.4		1
549.5		1
549.6		1
549.7		1
549.8		1
549.9		1
550		1
550.1		1
550.2		1
550.3		1
550.4		1
550.5		1
550.6		1
550.7		1
550.8		1
550.9		1
551		1
551.1		1
551.2		1
551.3		1
551.4		1
551.5		1
551.6		1
551.7		1
551.8		1
551.9		1
552		1
552.1		1
552.2		1
552.3		1
552.4		1
552.5		1
552.6		1
552.7		1
552.8		1
552.9		1
553		1
553.1		1
553.2		1
553.3		1
553.4		1
553.5		1
553.6		1
553.7		1
553.8		1
553.9		1
554		1
554.1		1
554.2		1
554.3		1
554.4		1
554.5		1
554.6		1
554.7		1
554.8		1
554.9		1
555		1
555.1		1
555.2		1
555.3		1
555.4		1
555.5		1
555.6		1
555.7		1
555.8		1
555.9		1
556		1
556.1		1
556.2		1
556.3		1
556.4		1
556.5		1
556.6		1
556.7		1
556.8		1
556.9		1
557		1
557.1		1
557.2		1
557.3		1
557.4		1
557.5		1
557.6		1
557.7		1
557.8		1
557.9		1
558		1
558.1		1
558.2		1
558.3		1
558.4		1
558.5		1
558.6		1
558.7		1
558.8		1
558.9		1
559		1
559.1		1
559.2		1
559.3		1
559.4		1
559.5		1
559.6		1
559.7		1
559.8		1
559.9		1
560		1
560.1		1
560.2		1
560.3		1
560.4		1
560.5		1
560.6		1
560.7		1
560.8		1
560.9		1
561		1
561.1		1
561.2		1
561.3		1
561.4		1
561.5		1
561.6		1
561.7		1
561.8		1
561.9		1
562		1
562.1		1
562.2		1
562.3		1
562.4		1
562.5		1
562.6		1
562.7		1
562.8		1
562.9		1
563		1
563.1		1
563.2		1
563.3		1
563.4		1
563.5		1
563.6		1
563.7		1
563.8		1
563.9		1
564		1
564.1		1
564.2		1
564.3		1
564.4		1
564.5		1
564.6		1
564.7		1
564.8		1
564.9		1
565		1
565.1		1
565.2		1
565.3		1
565.4		1
565.5		1
565.6		1
565.7		1
565.8		1
565.9		1
566		1
566.1		1
566.2		1
566.3		1
566.4		1
566.5		1
566.6		1
566.7		1
566.8		1
566.9		1
567		1
567.1		1
567.2		1
567.3		1
567.4		1
567.5		1
567.6		1
567.7		1
567.8		1
567.9		1
568		1
568.1		1
568.2		1
568.3		1
568.4		1
568.5		1
568.6		1
568.7		1
568.8		1
568.9		1
569		1
569.1		1
569.2		1
569.3		1
569.4		1
569.5		1
569.6		1
569.7		1
569.8		1
569.9		1
570		1
570.1		1
570.2		1
570.3		1
570.4		1
570.5		1
570.6		1
570.7		1
570.8		1
570.9		1
571		1
571.1		1
571.2		1
571.3		1
571.4		1
571.5		1
571.6		1
571.7		1
571.8		1
571.9		1
572		1
572.1		1
572.2		1
572.3		1
572.4		1
572.5		1
572.6		1
572.7		1
572.8		1
572.9		1
573		1
573.1		1
573.2		1
573.3		1
573.4		1
573.5		1
573.6		1
573.7		1
573.8		1
573.9		1
574		1
574.1		1
574.2		1
574.3		1
574.4		1
574.5		1
574.6		1
574.7		1
574.8		1
574.9		1
575		1
575.1		1
575.2		1
575.3		1
575.4		1
575.5		1
575.6		1
575.7		1
575.8		1
575.9		1
576		1
576.1		1
576.2		1
576.3		1
576.4		1
576.5		1
576.6		1
576.7		1
576.8		1
576.9		1
577		1
577.1		1
577.2		1
577.3		1
577.4		1
577.5		1
577.6		1
577.7		1
577.8		1
577.9		1
578		1
578.1		1
578.2		1
578.3		1
578.4		1
578.5		1
578.6		1
578.7		1
578.8		1
578.9		1
579		1
579.1		1
579.2		1
579.3		1
579.4		1
579.5		1
579.6		1
579.7		1
579.8		1
579.9		1
580		1
580.1		1
580.2		1
580.3		1
580.4		1
580.5		1
580.6		1
580.7		1
580.8		1
580.9		1
581		1
581.1		1
581.2		1
581.3		1
581.4		1
581.5		1
581.6		1
581.7		1
581.8		1
581.9		1
582		1
582.1		1
582.2		1
582.3		1
582.4		1
582.5		1
582.6		1
582.7		1
582.8		1
582.9		1
583		1
583.1		1
583.2		1
583.3		1
583.4		1
583.5		1
583.6		1
583.7		1
583.8		1
583.9		1
584		1
584.1		1
584.2		1
584.3		1
584.4		1
584.5		1
584.6		1
584.7		1
584.8		1
584.9		1
585		1
585.1		1
585.2		1
585.3		1
585.4		1
585.5		1
585.6		1
585.7		1
585.8		1
585.9		1
586		1
586.1		1
586.2		1
586.3		1
586.4		1
586.5		1
586.6		1
586.7		1
586.8		1
586.9		1
587		1
587.1		1
587.2		1
587.3		1
587.4		1
587.5		1
587.6		1
587.7		1
587.8		1
587.9		1
588		1
588.1		1
588.2		1
588.3		1
588.4		1
588.5		1
588.6		1
588.7		1
588.8		1
588.9		1
589		1
589.1		1
589.2		1
589.3		1
589.4		1
589.5		1
589.6		1
589.7		1
589.8		1
589.9		1
590		1
590.1		1
590.2		1
590.3		1
590.4		1
590.5		1
590.6		1
590.7		1
590.8		1
590.9		1
591		1
591.1		1
591.2		1
591.3		1
591.4		1
591.5		1
591.6		1
591.7		1
591.8		1
591.9		1
592		1
592.1		1
592.2		1
592.3		1
592.4		1
592.5		1
592.6		1
592.7		1
592.8		1
592.9		1
593		1
593.1		1
593.2		1
593.3		1
593.4		1
593.5		1
593.6		1
593.7		1
593.8		1
593.9		1
594		1
594.1		1
594.2		1
594.3		1
594.4		1
594.5		1
594.6		1
594.7		1
594.8		1
594.9		1
595		1
595.1		1
595.2		1
595.3		1
595.4		1
595.5		1
595.6		1
595.7		1
595.8		1
595.9		1
596		1
596.1		1
596.2		1
596.3		1
596.4		1
596.5		1
596.6		1
596.7		1
596.8		1
596.9		1
597		1
597.1		1
597.2		1
597.3		1
597.4		1
597.5		1
597.6		1
597.7		1
597.8		1
597.9		1
598		1
598.1		1
598.2		1
598.3		1
598.4		1
598.5		1
598.6		1
598.7		1
598.8		1
598.9		1
599		1
599.1		1
599.2		1
599.3		1
599.4		1
599.5		1
599.6		1
599.7		1
599.8		1
599.9		1
600		1
