# Calibration file of tamex_id 1 @ channel 6
# fine_T bin		 Calibration value
0.1		0
0.2		0
0.3		0
0.4		0
0.5		0
0.6		0
0.7		0
0.8		0
0.9		0
1		0
1.1		0
1.2		0
1.3		0
1.4		0
1.5		0
1.6		0
1.7		0
1.8		0
1.9		0
2		0
2.1		0
2.2		0
2.3		0
2.4		0
2.5		0
2.6		0
2.7		0
2.8		0
2.9		0
3		0
3.1		0
3.2		0
3.3		0
3.4		0
3.5		0
3.6		0
3.7		0
3.8		0
3.9		0
4		0
4.1		0
4.2		0
4.3		0
4.4		0
4.5		0
4.6		0
4.7		0
4.8		0
4.9		0
5		0
5.1		0
5.2		0
5.3		0
5.4		0
5.5		0
5.6		0
5.7		0
5.8		0
5.9		0
6		0
6.1		0
6.2		0
6.3		0
6.4		0
6.5		0
6.6		0
6.7		0
6.8		0
6.9		0
7		0
7.1		0
7.2		0
7.3		0
7.4		0
7.5		0
7.6		0
7.7		0
7.8		0
7.9		0
8		0
8.1		0
8.2		0
8.3		0
8.4		0
8.5		0
8.6		0
8.7		0
8.8		0
8.9		0
9		0
9.1		0
9.2		0
9.3		0
9.4		0
9.5		0
9.6		0
9.7		0
9.8		0
9.9		0
10		0
10.1		0
10.2		0
10.3		0
10.4		0
10.5		0
10.6		0
10.7		0
10.8		0
10.9		0
11		0
11.1		0
11.2		0
11.3		0
11.4		0
11.5		0
11.6		0
11.7		0
11.8		0
11.9		0
12		0
12.1		0
12.2		0
12.3		0
12.4		0
12.5		0
12.6		0
12.7		0
12.8		0
12.9		0
13		0
13.1		0
13.2		0
13.3		0
13.4		0
13.5		0
13.6		0
13.7		0
13.8		0
13.9		0
14		0
14.1		0
14.2		0
14.3		0
14.4		0
14.5		0
14.6		0
14.7		0
14.8		0
14.9		0
15		0
15.1		0
15.2		0
15.3		0
15.4		0
15.5		0
15.6		0
15.7		0
15.8		0
15.9		0
16		0
16.1		0
16.2		0
16.3		0
16.4		0
16.5		0
16.6		0
16.7		0
16.8		0
16.9		0
17		0
17.1		0.00472047
17.2		0.00472047
17.3		0.00472047
17.4		0.00472047
17.5		0.00472047
17.6		0.00472047
17.7		0.00472047
17.8		0.00472047
17.9		0.00472047
18		0.00472047
18.1		0.0075117
18.2		0.0075117
18.3		0.0075117
18.4		0.0075117
18.5		0.0075117
18.6		0.0075117
18.7		0.0075117
18.8		0.0075117
18.9		0.0075117
19		0.0075117
19.1		0.00878417
19.2		0.00878417
19.3		0.00878417
19.4		0.00878417
19.5		0.00878417
19.6		0.00878417
19.7		0.00878417
19.8		0.00878417
19.9		0.00878417
20		0.00878417
20.1		0.0116985
20.2		0.0116985
20.3		0.0116985
20.4		0.0116985
20.5		0.0116985
20.6		0.0116985
20.7		0.0116985
20.8		0.0116985
20.9		0.0116985
21		0.0116985
21.1		0.0144077
21.2		0.0144077
21.3		0.0144077
21.4		0.0144077
21.5		0.0144077
21.6		0.0144077
21.7		0.0144077
21.8		0.0144077
21.9		0.0144077
22		0.0144077
22.1		0.0163369
22.2		0.0163369
22.3		0.0163369
22.4		0.0163369
22.5		0.0163369
22.6		0.0163369
22.7		0.0163369
22.8		0.0163369
22.9		0.0163369
23		0.0163369
23.1		0.0174862
23.2		0.0174862
23.3		0.0174862
23.4		0.0174862
23.5		0.0174862
23.6		0.0174862
23.7		0.0174862
23.8		0.0174862
23.9		0.0174862
24		0.0174862
24.1		0.0194155
24.2		0.0194155
24.3		0.0194155
24.4		0.0194155
24.5		0.0194155
24.6		0.0194155
24.7		0.0194155
24.8		0.0194155
24.9		0.0194155
25		0.0194155
25.1		0.0222888
25.2		0.0222888
25.3		0.0222888
25.4		0.0222888
25.5		0.0222888
25.6		0.0222888
25.7		0.0222888
25.8		0.0222888
25.9		0.0222888
26		0.0222888
26.1		0.0254084
26.2		0.0254084
26.3		0.0254084
26.4		0.0254084
26.5		0.0254084
26.6		0.0254084
26.7		0.0254084
26.8		0.0254084
26.9		0.0254084
27		0.0254084
27.1		0.0265578
27.2		0.0265578
27.3		0.0265578
27.4		0.0265578
27.5		0.0265578
27.6		0.0265578
27.7		0.0265578
27.8		0.0265578
27.9		0.0265578
28		0.0265578
28.1		0.0281997
28.2		0.0281997
28.3		0.0281997
28.4		0.0281997
28.5		0.0281997
28.6		0.0281997
28.7		0.0281997
28.8		0.0281997
28.9		0.0281997
29		0.0281997
29.1		0.0300878
29.2		0.0300878
29.3		0.0300878
29.4		0.0300878
29.5		0.0300878
29.6		0.0300878
29.7		0.0300878
29.8		0.0300878
29.9		0.0300878
30		0.0300878
30.1		0.0330022
30.2		0.0330022
30.3		0.0330022
30.4		0.0330022
30.5		0.0330022
30.6		0.0330022
30.7		0.0330022
30.8		0.0330022
30.9		0.0330022
31		0.0330022
31.1		0.0331254
31.2		0.0331254
31.3		0.0331254
31.4		0.0331254
31.5		0.0331254
31.6		0.0331254
31.7		0.0331254
31.8		0.0331254
31.9		0.0331254
32		0.0331254
32.1		0.0364913
32.2		0.0364913
32.3		0.0364913
32.4		0.0364913
32.5		0.0364913
32.6		0.0364913
32.7		0.0364913
32.8		0.0364913
32.9		0.0364913
33		0.0364913
33.1		0.0381742
33.2		0.0381742
33.3		0.0381742
33.4		0.0381742
33.5		0.0381742
33.6		0.0381742
33.7		0.0381742
33.8		0.0381742
33.9		0.0381742
34		0.0381742
34.1		0.0419506
34.2		0.0419506
34.3		0.0419506
34.4		0.0419506
34.5		0.0419506
34.6		0.0419506
34.7		0.0419506
34.8		0.0419506
34.9		0.0419506
35		0.0419506
35.1		0.0428126
35.2		0.0428126
35.3		0.0428126
35.4		0.0428126
35.5		0.0428126
35.6		0.0428126
35.7		0.0428126
35.8		0.0428126
35.9		0.0428126
36		0.0428126
36.1		0.0439619
36.2		0.0439619
36.3		0.0439619
36.4		0.0439619
36.5		0.0439619
36.6		0.0439619
36.7		0.0439619
36.8		0.0439619
36.9		0.0439619
37		0.0439619
37.1		0.0456038
37.2		0.0456038
37.3		0.0456038
37.4		0.0456038
37.5		0.0456038
37.6		0.0456038
37.7		0.0456038
37.8		0.0456038
37.9		0.0456038
38		0.0456038
38.1		0.047533
38.2		0.047533
38.3		0.047533
38.4		0.047533
38.5		0.047533
38.6		0.047533
38.7		0.047533
38.8		0.047533
38.9		0.047533
39		0.047533
39.1		0.0494623
39.2		0.0494623
39.3		0.0494623
39.4		0.0494623
39.5		0.0494623
39.6		0.0494623
39.7		0.0494623
39.8		0.0494623
39.9		0.0494623
40		0.0494623
40.1		0.0534439
40.2		0.0534439
40.3		0.0534439
40.4		0.0534439
40.5		0.0534439
40.6		0.0534439
40.7		0.0534439
40.8		0.0534439
40.9		0.0534439
41		0.0534439
41.1		0.0541006
41.2		0.0541006
41.3		0.0541006
41.4		0.0541006
41.5		0.0541006
41.6		0.0541006
41.7		0.0541006
41.8		0.0541006
41.9		0.0541006
42		0.0541006
42.1		0.0565635
42.2		0.0565635
42.3		0.0565635
42.4		0.0565635
42.5		0.0565635
42.6		0.0565635
42.7		0.0565635
42.8		0.0565635
42.9		0.0565635
43		0.0565635
43.1		0.0585338
43.2		0.0585338
43.3		0.0585338
43.4		0.0585338
43.5		0.0585338
43.6		0.0585338
43.7		0.0585338
43.8		0.0585338
43.9		0.0585338
44		0.0585338
44.1		0.0590674
44.2		0.0590674
44.3		0.0590674
44.4		0.0590674
44.5		0.0590674
44.6		0.0590674
44.7		0.0590674
44.8		0.0590674
44.9		0.0590674
45		0.0590674
45.1		0.0602578
45.2		0.0602578
45.3		0.0602578
45.4		0.0602578
45.5		0.0602578
45.6		0.0602578
45.7		0.0602578
45.8		0.0602578
45.9		0.0602578
46		0.0602578
46.1		0.0636647
46.2		0.0636647
46.3		0.0636647
46.4		0.0636647
46.5		0.0636647
46.6		0.0636647
46.7		0.0636647
46.8		0.0636647
46.9		0.0636647
47		0.0636647
47.1		0.0679747
47.2		0.0679747
47.3		0.0679747
47.4		0.0679747
47.5		0.0679747
47.6		0.0679747
47.7		0.0679747
47.8		0.0679747
47.9		0.0679747
48		0.0679747
48.1		0.0685904
48.2		0.0685904
48.3		0.0685904
48.4		0.0685904
48.5		0.0685904
48.6		0.0685904
48.7		0.0685904
48.8		0.0685904
48.9		0.0685904
49		0.0685904
49.1		0.0688778
49.2		0.0688778
49.3		0.0688778
49.4		0.0688778
49.5		0.0688778
49.6		0.0688778
49.7		0.0688778
49.8		0.0688778
49.9		0.0688778
50		0.0688778
50.1		0.074255
50.2		0.074255
50.3		0.074255
50.4		0.074255
50.5		0.074255
50.6		0.074255
50.7		0.074255
50.8		0.074255
50.9		0.074255
51		0.074255
51.1		0.0743371
51.2		0.0743371
51.3		0.0743371
51.4		0.0743371
51.5		0.0743371
51.6		0.0743371
51.7		0.0743371
51.8		0.0743371
51.9		0.0743371
52		0.0743371
52.1		0.0753633
52.2		0.0753633
52.3		0.0753633
52.4		0.0753633
52.5		0.0753633
52.6		0.0753633
52.7		0.0753633
52.8		0.0753633
52.9		0.0753633
53		0.0753633
53.1		0.0766768
53.2		0.0766768
53.3		0.0766768
53.4		0.0766768
53.5		0.0766768
53.6		0.0766768
53.7		0.0766768
53.8		0.0766768
53.9		0.0766768
54		0.0766768
54.1		0.0779903
54.2		0.0779903
54.3		0.0779903
54.4		0.0779903
54.5		0.0779903
54.6		0.0779903
54.7		0.0779903
54.8		0.0779903
54.9		0.0779903
55		0.0779903
55.1		0.0796322
55.2		0.0796322
55.3		0.0796322
55.4		0.0796322
55.5		0.0796322
55.6		0.0796322
55.7		0.0796322
55.8		0.0796322
55.9		0.0796322
56		0.0796322
56.1		0.0823003
56.2		0.0823003
56.3		0.0823003
56.4		0.0823003
56.5		0.0823003
56.6		0.0823003
56.7		0.0823003
56.8		0.0823003
56.9		0.0823003
57		0.0823003
57.1		0.0834496
57.2		0.0834496
57.3		0.0834496
57.4		0.0834496
57.5		0.0834496
57.6		0.0834496
57.7		0.0834496
57.8		0.0834496
57.9		0.0834496
58		0.0834496
58.1		0.0867745
58.2		0.0867745
58.3		0.0867745
58.4		0.0867745
58.5		0.0867745
58.6		0.0867745
58.7		0.0867745
58.8		0.0867745
58.9		0.0867745
59		0.0867745
59.1		0.0905509
59.2		0.0905509
59.3		0.0905509
59.4		0.0905509
59.5		0.0905509
59.6		0.0905509
59.7		0.0905509
59.8		0.0905509
59.9		0.0905509
60		0.0905509
60.1		0.0910024
60.2		0.0910024
60.3		0.0910024
60.4		0.0910024
60.5		0.0910024
60.6		0.0910024
60.7		0.0910024
60.8		0.0910024
60.9		0.0910024
61		0.0910024
61.1		0.0912487
61.2		0.0912487
61.3		0.0912487
61.4		0.0912487
61.5		0.0912487
61.6		0.0912487
61.7		0.0912487
61.8		0.0912487
61.9		0.0912487
62		0.0912487
62.1		0.0964617
62.2		0.0964617
62.3		0.0964617
62.4		0.0964617
62.5		0.0964617
62.6		0.0964617
62.7		0.0964617
62.8		0.0964617
62.9		0.0964617
63		0.0964617
63.1		0.0988425
63.2		0.0988425
63.3		0.0988425
63.4		0.0988425
63.5		0.0988425
63.6		0.0988425
63.7		0.0988425
63.8		0.0988425
63.9		0.0988425
64		0.0988425
64.1		0.0997455
64.2		0.0997455
64.3		0.0997455
64.4		0.0997455
64.5		0.0997455
64.6		0.0997455
64.7		0.0997455
64.8		0.0997455
64.9		0.0997455
65		0.0997455
65.1		0.104179
65.2		0.104179
65.3		0.104179
65.4		0.104179
65.5		0.104179
65.6		0.104179
65.7		0.104179
65.8		0.104179
65.9		0.104179
66		0.104179
66.1		0.1066
66.2		0.1066
66.3		0.1066
66.4		0.1066
66.5		0.1066
66.6		0.1066
66.7		0.1066
66.8		0.1066
66.9		0.1066
67		0.1066
67.1		0.106847
67.2		0.106847
67.3		0.106847
67.4		0.106847
67.5		0.106847
67.6		0.106847
67.7		0.106847
67.8		0.106847
67.9		0.106847
68		0.106847
68.1		0.110664
68.2		0.110664
68.3		0.110664
68.4		0.110664
68.5		0.110664
68.6		0.110664
68.7		0.110664
68.8		0.110664
68.9		0.110664
69		0.110664
69.1		0.111116
69.2		0.111116
69.3		0.111116
69.4		0.111116
69.5		0.111116
69.6		0.111116
69.7		0.111116
69.8		0.111116
69.9		0.111116
70		0.111116
70.1		0.113866
70.2		0.113866
70.3		0.113866
70.4		0.113866
70.5		0.113866
70.6		0.113866
70.7		0.113866
70.8		0.113866
70.9		0.113866
71		0.113866
71.1		0.117396
71.2		0.117396
71.3		0.117396
71.4		0.117396
71.5		0.117396
71.6		0.117396
71.7		0.117396
71.8		0.117396
71.9		0.117396
72		0.117396
72.1		0.121378
72.2		0.121378
72.3		0.121378
72.4		0.121378
72.5		0.121378
72.6		0.121378
72.7		0.121378
72.8		0.121378
72.9		0.121378
73		0.121378
73.1		0.121911
73.2		0.121911
73.3		0.121911
73.4		0.121911
73.5		0.121911
73.6		0.121911
73.7		0.121911
73.8		0.121911
73.9		0.121911
74		0.121911
74.1		0.122732
74.2		0.122732
74.3		0.122732
74.4		0.122732
74.5		0.122732
74.6		0.122732
74.7		0.122732
74.8		0.122732
74.9		0.122732
75		0.122732
75.1		0.123307
75.2		0.123307
75.3		0.123307
75.4		0.123307
75.5		0.123307
75.6		0.123307
75.7		0.123307
75.8		0.123307
75.9		0.123307
76		0.123307
76.1		0.12655
76.2		0.12655
76.3		0.12655
76.4		0.12655
76.5		0.12655
76.6		0.12655
76.7		0.12655
76.8		0.12655
76.9		0.12655
77		0.12655
77.1		0.126755
77.2		0.126755
77.3		0.126755
77.4		0.126755
77.5		0.126755
77.6		0.126755
77.7		0.126755
77.8		0.126755
77.9		0.126755
78		0.126755
78.1		0.128889
78.2		0.128889
78.3		0.128889
78.4		0.128889
78.5		0.128889
78.6		0.128889
78.7		0.128889
78.8		0.128889
78.9		0.128889
79		0.128889
79.1		0.13008
79.2		0.13008
79.3		0.13008
79.4		0.13008
79.5		0.13008
79.6		0.13008
79.7		0.13008
79.8		0.13008
79.9		0.13008
80		0.13008
80.1		0.13402
80.2		0.13402
80.3		0.13402
80.4		0.13402
80.5		0.13402
80.6		0.13402
80.7		0.13402
80.8		0.13402
80.9		0.13402
81		0.13402
81.1		0.134636
81.2		0.134636
81.3		0.134636
81.4		0.134636
81.5		0.134636
81.6		0.134636
81.7		0.134636
81.8		0.134636
81.9		0.134636
82		0.134636
82.1		0.136688
82.2		0.136688
82.3		0.136688
82.4		0.136688
82.5		0.136688
82.6		0.136688
82.7		0.136688
82.8		0.136688
82.9		0.136688
83		0.136688
83.1		0.136811
83.2		0.136811
83.3		0.136811
83.4		0.136811
83.5		0.136811
83.6		0.136811
83.7		0.136811
83.8		0.136811
83.9		0.136811
84		0.136811
84.1		0.142435
84.2		0.142435
84.3		0.142435
84.4		0.142435
84.5		0.142435
84.6		0.142435
84.7		0.142435
84.8		0.142435
84.9		0.142435
85		0.142435
85.1		0.144364
85.2		0.144364
85.3		0.144364
85.4		0.144364
85.5		0.144364
85.6		0.144364
85.7		0.144364
85.8		0.144364
85.9		0.144364
86		0.144364
86.1		0.144569
86.2		0.144569
86.3		0.144569
86.4		0.144569
86.5		0.144569
86.6		0.144569
86.7		0.144569
86.8		0.144569
86.9		0.144569
87		0.144569
87.1		0.14695
87.2		0.14695
87.3		0.14695
87.4		0.14695
87.5		0.14695
87.6		0.14695
87.7		0.14695
87.8		0.14695
87.9		0.14695
88		0.14695
88.1		0.150768
88.2		0.150768
88.3		0.150768
88.4		0.150768
88.5		0.150768
88.6		0.150768
88.7		0.150768
88.8		0.150768
88.9		0.150768
89		0.150768
89.1		0.151917
89.2		0.151917
89.3		0.151917
89.4		0.151917
89.5		0.151917
89.6		0.151917
89.7		0.151917
89.8		0.151917
89.9		0.151917
90		0.151917
90.1		0.15479
90.2		0.15479
90.3		0.15479
90.4		0.15479
90.5		0.15479
90.6		0.15479
90.7		0.15479
90.8		0.15479
90.9		0.15479
91		0.15479
91.1		0.155324
91.2		0.155324
91.3		0.155324
91.4		0.155324
91.5		0.155324
91.6		0.155324
91.7		0.155324
91.8		0.155324
91.9		0.155324
92		0.155324
92.1		0.160619
92.2		0.160619
92.3		0.160619
92.4		0.160619
92.5		0.160619
92.6		0.160619
92.7		0.160619
92.8		0.160619
92.9		0.160619
93		0.160619
93.1		0.161112
93.2		0.161112
93.3		0.161112
93.4		0.161112
93.5		0.161112
93.6		0.161112
93.7		0.161112
93.8		0.161112
93.9		0.161112
94		0.161112
94.1		0.163657
94.2		0.163657
94.3		0.163657
94.4		0.163657
94.5		0.163657
94.6		0.163657
94.7		0.163657
94.8		0.163657
94.9		0.163657
95		0.163657
95.1		0.164395
95.2		0.164395
95.3		0.164395
95.4		0.164395
95.5		0.164395
95.6		0.164395
95.7		0.164395
95.8		0.164395
95.9		0.164395
96		0.164395
96.1		0.167556
96.2		0.167556
96.3		0.167556
96.4		0.167556
96.5		0.167556
96.6		0.167556
96.7		0.167556
96.8		0.167556
96.9		0.167556
97		0.167556
97.1		0.170922
97.2		0.170922
97.3		0.170922
97.4		0.170922
97.5		0.170922
97.6		0.170922
97.7		0.170922
97.8		0.170922
97.9		0.170922
98		0.170922
98.1		0.172194
98.2		0.172194
98.3		0.172194
98.4		0.172194
98.5		0.172194
98.6		0.172194
98.7		0.172194
98.8		0.172194
98.9		0.172194
99		0.172194
99.1		0.174247
99.2		0.174247
99.3		0.174247
99.4		0.174247
99.5		0.174247
99.6		0.174247
99.7		0.174247
99.8		0.174247
99.9		0.174247
100		0.174247
100.1		0.175068
100.2		0.175068
100.3		0.175068
100.4		0.175068
100.5		0.175068
100.6		0.175068
100.7		0.175068
100.8		0.175068
100.9		0.175068
101		0.175068
101.1		0.178803
101.2		0.178803
101.3		0.178803
101.4		0.178803
101.5		0.178803
101.6		0.178803
101.7		0.178803
101.8		0.178803
101.9		0.178803
102		0.178803
102.1		0.181758
102.2		0.181758
102.3		0.181758
102.4		0.181758
102.5		0.181758
102.6		0.181758
102.7		0.181758
102.8		0.181758
102.9		0.181758
103		0.181758
103.1		0.182744
103.2		0.182744
103.3		0.182744
103.4		0.182744
103.5		0.182744
103.6		0.182744
103.7		0.182744
103.8		0.182744
103.9		0.182744
104		0.182744
104.1		0.183811
104.2		0.183811
104.3		0.183811
104.4		0.183811
104.5		0.183811
104.6		0.183811
104.7		0.183811
104.8		0.183811
104.9		0.183811
105		0.183811
105.1		0.185658
105.2		0.185658
105.3		0.185658
105.4		0.185658
105.5		0.185658
105.6		0.185658
105.7		0.185658
105.8		0.185658
105.9		0.185658
106		0.185658
106.1		0.188654
106.2		0.188654
106.3		0.188654
106.4		0.188654
106.5		0.188654
106.6		0.188654
106.7		0.188654
106.8		0.188654
106.9		0.188654
107		0.188654
107.1		0.188819
107.2		0.188819
107.3		0.188819
107.4		0.188819
107.5		0.188819
107.6		0.188819
107.7		0.188819
107.8		0.188819
107.9		0.188819
108		0.188819
108.1		0.193252
108.2		0.193252
108.3		0.193252
108.4		0.193252
108.5		0.193252
108.6		0.193252
108.7		0.193252
108.8		0.193252
108.9		0.193252
109		0.193252
109.1		0.193744
109.2		0.193744
109.3		0.193744
109.4		0.193744
109.5		0.193744
109.6		0.193744
109.7		0.193744
109.8		0.193744
109.9		0.193744
110		0.193744
110.1		0.198136
110.2		0.198136
110.3		0.198136
110.4		0.198136
110.5		0.198136
110.6		0.198136
110.7		0.198136
110.8		0.198136
110.9		0.198136
111		0.198136
111.1		0.198506
111.2		0.198506
111.3		0.198506
111.4		0.198506
111.5		0.198506
111.6		0.198506
111.7		0.198506
111.8		0.198506
111.9		0.198506
112		0.198506
112.1		0.198957
112.2		0.198957
112.3		0.198957
112.4		0.198957
112.5		0.198957
112.6		0.198957
112.7		0.198957
112.8		0.198957
112.9		0.198957
113		0.198957
113.1		0.200066
113.2		0.200066
113.3		0.200066
113.4		0.200066
113.5		0.200066
113.6		0.200066
113.7		0.200066
113.8		0.200066
113.9		0.200066
114		0.200066
114.1		0.207331
114.2		0.207331
114.3		0.207331
114.4		0.207331
114.5		0.207331
114.6		0.207331
114.7		0.207331
114.8		0.207331
114.9		0.207331
115		0.207331
115.1		0.207536
115.2		0.207536
115.3		0.207536
115.4		0.207536
115.5		0.207536
115.6		0.207536
115.7		0.207536
115.8		0.207536
115.9		0.207536
116		0.207536
116.1		0.209712
116.2		0.209712
116.3		0.209712
116.4		0.209712
116.5		0.209712
116.6		0.209712
116.7		0.209712
116.8		0.209712
116.9		0.209712
117		0.209712
117.1		0.210245
117.2		0.210245
117.3		0.210245
117.4		0.210245
117.5		0.210245
117.6		0.210245
117.7		0.210245
117.8		0.210245
117.9		0.210245
118		0.210245
118.1		0.212749
118.2		0.212749
118.3		0.212749
118.4		0.212749
118.5		0.212749
118.6		0.212749
118.7		0.212749
118.8		0.212749
118.9		0.212749
119		0.212749
119.1		0.215623
119.2		0.215623
119.3		0.215623
119.4		0.215623
119.5		0.215623
119.6		0.215623
119.7		0.215623
119.8		0.215623
119.9		0.215623
120		0.215623
120.1		0.218742
120.2		0.218742
120.3		0.218742
120.4		0.218742
120.5		0.218742
120.6		0.218742
120.7		0.218742
120.8		0.218742
120.9		0.218742
121		0.218742
121.1		0.219399
121.2		0.219399
121.3		0.219399
121.4		0.219399
121.5		0.219399
121.6		0.219399
121.7		0.219399
121.8		0.219399
121.9		0.219399
122		0.219399
122.1		0.221492
122.2		0.221492
122.3		0.221492
122.4		0.221492
122.5		0.221492
122.6		0.221492
122.7		0.221492
122.8		0.221492
122.9		0.221492
123		0.221492
123.1		0.221739
123.2		0.221739
123.3		0.221739
123.4		0.221739
123.5		0.221739
123.6		0.221739
123.7		0.221739
123.8		0.221739
123.9		0.221739
124		0.221739
124.1		0.226213
124.2		0.226213
124.3		0.226213
124.4		0.226213
124.5		0.226213
124.6		0.226213
124.7		0.226213
124.8		0.226213
124.9		0.226213
125		0.226213
125.1		0.227239
125.2		0.227239
125.3		0.227239
125.4		0.227239
125.5		0.227239
125.6		0.227239
125.7		0.227239
125.8		0.227239
125.9		0.227239
126		0.227239
126.1		0.227444
126.2		0.227444
126.3		0.227444
126.4		0.227444
126.5		0.227444
126.6		0.227444
126.7		0.227444
126.8		0.227444
126.9		0.227444
127		0.227444
127.1		0.231672
127.2		0.231672
127.3		0.231672
127.4		0.231672
127.5		0.231672
127.6		0.231672
127.7		0.231672
127.8		0.231672
127.9		0.231672
128		0.231672
128.1		0.23393
128.2		0.23393
128.3		0.23393
128.4		0.23393
128.5		0.23393
128.6		0.23393
128.7		0.23393
128.8		0.23393
128.9		0.23393
129		0.23393
129.1		0.234505
129.2		0.234505
129.3		0.234505
129.4		0.234505
129.5		0.234505
129.6		0.234505
129.7		0.234505
129.8		0.234505
129.9		0.234505
130		0.234505
130.1		0.235654
130.2		0.235654
130.3		0.235654
130.4		0.235654
130.5		0.235654
130.6		0.235654
130.7		0.235654
130.8		0.235654
130.9		0.235654
131		0.235654
131.1		0.236598
131.2		0.236598
131.3		0.236598
131.4		0.236598
131.5		0.236598
131.6		0.236598
131.7		0.236598
131.8		0.236598
131.9		0.236598
132		0.236598
132.1		0.240949
132.2		0.240949
132.3		0.240949
132.4		0.240949
132.5		0.240949
132.6		0.240949
132.7		0.240949
132.8		0.240949
132.9		0.240949
133		0.240949
133.1		0.241565
133.2		0.241565
133.3		0.241565
133.4		0.241565
133.5		0.241565
133.6		0.241565
133.7		0.241565
133.8		0.241565
133.9		0.241565
134		0.241565
134.1		0.244561
134.2		0.244561
134.3		0.244561
134.4		0.244561
134.5		0.244561
134.6		0.244561
134.7		0.244561
134.8		0.244561
134.9		0.244561
135		0.244561
135.1		0.245177
135.2		0.245177
135.3		0.245177
135.4		0.245177
135.5		0.245177
135.6		0.245177
135.7		0.245177
135.8		0.245177
135.9		0.245177
136		0.245177
136.1		0.249774
136.2		0.249774
136.3		0.249774
136.4		0.249774
136.5		0.249774
136.6		0.249774
136.7		0.249774
136.8		0.249774
136.9		0.249774
137		0.249774
137.1		0.249856
137.2		0.249856
137.3		0.249856
137.4		0.249856
137.5		0.249856
137.6		0.249856
137.7		0.249856
137.8		0.249856
137.9		0.249856
138		0.249856
138.1		0.251539
138.2		0.251539
138.3		0.251539
138.4		0.251539
138.5		0.251539
138.6		0.251539
138.7		0.251539
138.8		0.251539
138.9		0.251539
139		0.251539
139.1		0.251745
139.2		0.251745
139.3		0.251745
139.4		0.251745
139.5		0.251745
139.6		0.251745
139.7		0.251745
139.8		0.251745
139.9		0.251745
140		0.251745
140.1		0.254289
140.2		0.254289
140.3		0.254289
140.4		0.254289
140.5		0.254289
140.6		0.254289
140.7		0.254289
140.8		0.254289
140.9		0.254289
141		0.254289
141.1		0.256178
141.2		0.256178
141.3		0.256178
141.4		0.256178
141.5		0.256178
141.6		0.256178
141.7		0.256178
141.8		0.256178
141.9		0.256178
142		0.256178
142.1		0.260447
142.2		0.260447
142.3		0.260447
142.4		0.260447
142.5		0.260447
142.6		0.260447
142.7		0.260447
142.8		0.260447
142.9		0.260447
143		0.260447
143.1		0.261021
143.2		0.261021
143.3		0.261021
143.4		0.261021
143.5		0.261021
143.6		0.261021
143.7		0.261021
143.8		0.261021
143.9		0.261021
144		0.261021
144.1		0.264182
144.2		0.264182
144.3		0.264182
144.4		0.264182
144.5		0.264182
144.6		0.264182
144.7		0.264182
144.8		0.264182
144.9		0.264182
145		0.264182
145.1		0.264428
145.2		0.264428
145.3		0.264428
145.4		0.264428
145.5		0.264428
145.6		0.264428
145.7		0.264428
145.8		0.264428
145.9		0.264428
146		0.264428
146.1		0.266645
146.2		0.266645
146.3		0.266645
146.4		0.266645
146.5		0.266645
146.6		0.266645
146.7		0.266645
146.8		0.266645
146.9		0.266645
147		0.266645
147.1		0.268122
147.2		0.268122
147.3		0.268122
147.4		0.268122
147.5		0.268122
147.6		0.268122
147.7		0.268122
147.8		0.268122
147.9		0.268122
148		0.268122
148.1		0.271899
148.2		0.271899
148.3		0.271899
148.4		0.271899
148.5		0.271899
148.6		0.271899
148.7		0.271899
148.8		0.271899
148.9		0.271899
149		0.271899
149.1		0.274813
149.2		0.274813
149.3		0.274813
149.4		0.274813
149.5		0.274813
149.6		0.274813
149.7		0.274813
149.8		0.274813
149.9		0.274813
150		0.274813
150.1		0.277769
150.2		0.277769
150.3		0.277769
150.4		0.277769
150.5		0.277769
150.6		0.277769
150.7		0.277769
150.8		0.277769
150.9		0.277769
151		0.277769
151.1		0.279575
151.2		0.279575
151.3		0.279575
151.4		0.279575
151.5		0.279575
151.6		0.279575
151.7		0.279575
151.8		0.279575
151.9		0.279575
152		0.279575
152.1		0.27978
152.2		0.27978
152.3		0.27978
152.4		0.27978
152.5		0.27978
152.6		0.27978
152.7		0.27978
152.8		0.27978
152.9		0.27978
153		0.27978
153.1		0.283228
153.2		0.283228
153.3		0.283228
153.4		0.283228
153.5		0.283228
153.6		0.283228
153.7		0.283228
153.8		0.283228
153.9		0.283228
154		0.283228
154.1		0.283597
154.2		0.283597
154.3		0.283597
154.4		0.283597
154.5		0.283597
154.6		0.283597
154.7		0.283597
154.8		0.283597
154.9		0.283597
155		0.283597
155.1		0.287456
155.2		0.287456
155.3		0.287456
155.4		0.287456
155.5		0.287456
155.6		0.287456
155.7		0.287456
155.8		0.287456
155.9		0.287456
156		0.287456
156.1		0.288277
156.2		0.288277
156.3		0.288277
156.4		0.288277
156.5		0.288277
156.6		0.288277
156.7		0.288277
156.8		0.288277
156.9		0.288277
157		0.288277
157.1		0.289796
157.2		0.289796
157.3		0.289796
157.4		0.289796
157.5		0.289796
157.6		0.289796
157.7		0.289796
157.8		0.289796
157.9		0.289796
158		0.289796
158.1		0.292341
158.2		0.292341
158.3		0.292341
158.4		0.292341
158.5		0.292341
158.6		0.292341
158.7		0.292341
158.8		0.292341
158.9		0.292341
159		0.292341
159.1		0.29312
159.2		0.29312
159.3		0.29312
159.4		0.29312
159.5		0.29312
159.6		0.29312
159.7		0.29312
159.8		0.29312
159.9		0.29312
160		0.29312
160.1		0.293244
160.2		0.293244
160.3		0.293244
160.4		0.293244
160.5		0.293244
160.6		0.293244
160.7		0.293244
160.8		0.293244
160.9		0.293244
161		0.293244
161.1		0.296404
161.2		0.296404
161.3		0.296404
161.4		0.296404
161.5		0.296404
161.6		0.296404
161.7		0.296404
161.8		0.296404
161.9		0.296404
162		0.296404
162.1		0.299811
162.2		0.299811
162.3		0.299811
162.4		0.299811
162.5		0.299811
162.6		0.299811
162.7		0.299811
162.8		0.299811
162.9		0.299811
163		0.299811
163.1		0.301002
163.2		0.301002
163.3		0.301002
163.4		0.301002
163.5		0.301002
163.6		0.301002
163.7		0.301002
163.8		0.301002
163.9		0.301002
164		0.301002
164.1		0.305024
164.2		0.305024
164.3		0.305024
164.4		0.305024
164.5		0.305024
164.6		0.305024
164.7		0.305024
164.8		0.305024
164.9		0.305024
165		0.305024
165.1		0.30605
165.2		0.30605
165.3		0.30605
165.4		0.30605
165.5		0.30605
165.6		0.30605
165.7		0.30605
165.8		0.30605
165.9		0.30605
166		0.30605
166.1		0.310237
166.2		0.310237
166.3		0.310237
166.4		0.310237
166.5		0.310237
166.6		0.310237
166.7		0.310237
166.8		0.310237
166.9		0.310237
167		0.310237
167.1		0.310484
167.2		0.310484
167.3		0.310484
167.4		0.310484
167.5		0.310484
167.6		0.310484
167.7		0.310484
167.8		0.310484
167.9		0.310484
168		0.310484
168.1		0.31229
168.2		0.31229
168.3		0.31229
168.4		0.31229
168.5		0.31229
168.6		0.31229
168.7		0.31229
168.8		0.31229
168.9		0.31229
169		0.31229
169.1		0.314014
169.2		0.314014
169.3		0.314014
169.4		0.314014
169.5		0.314014
169.6		0.314014
169.7		0.314014
169.8		0.314014
169.9		0.314014
170		0.314014
170.1		0.31582
170.2		0.31582
170.3		0.31582
170.4		0.31582
170.5		0.31582
170.6		0.31582
170.7		0.31582
170.8		0.31582
170.9		0.31582
171		0.31582
171.1		0.317215
171.2		0.317215
171.3		0.317215
171.4		0.317215
171.5		0.317215
171.6		0.317215
171.7		0.317215
171.8		0.317215
171.9		0.317215
172		0.317215
172.1		0.319227
172.2		0.319227
172.3		0.319227
172.4		0.319227
172.5		0.319227
172.6		0.319227
172.7		0.319227
172.8		0.319227
172.9		0.319227
173		0.319227
173.1		0.319514
173.2		0.319514
173.3		0.319514
173.4		0.319514
173.5		0.319514
173.6		0.319514
173.7		0.319514
173.8		0.319514
173.9		0.319514
174		0.319514
174.1		0.3221
174.2		0.3221
174.3		0.3221
174.4		0.3221
174.5		0.3221
174.6		0.3221
174.7		0.3221
174.8		0.3221
174.9		0.3221
175		0.3221
175.1		0.326328
175.2		0.326328
175.3		0.326328
175.4		0.326328
175.5		0.326328
175.6		0.326328
175.7		0.326328
175.8		0.326328
175.9		0.326328
176		0.326328
176.1		0.326944
176.2		0.326944
176.3		0.326944
176.4		0.326944
176.5		0.326944
176.6		0.326944
176.7		0.326944
176.8		0.326944
176.9		0.326944
177		0.326944
177.1		0.328832
177.2		0.328832
177.3		0.328832
177.4		0.328832
177.5		0.328832
177.6		0.328832
177.7		0.328832
177.8		0.328832
177.9		0.328832
178		0.328832
178.1		0.32994
178.2		0.32994
178.3		0.32994
178.4		0.32994
178.5		0.32994
178.6		0.32994
178.7		0.32994
178.8		0.32994
178.9		0.32994
179		0.32994
179.1		0.331459
179.2		0.331459
179.3		0.331459
179.4		0.331459
179.5		0.331459
179.6		0.331459
179.7		0.331459
179.8		0.331459
179.9		0.331459
180		0.331459
180.1		0.332937
180.2		0.332937
180.3		0.332937
180.4		0.332937
180.5		0.332937
180.6		0.332937
180.7		0.332937
180.8		0.332937
180.9		0.332937
181		0.332937
181.1		0.337205
181.2		0.337205
181.3		0.337205
181.4		0.337205
181.5		0.337205
181.6		0.337205
181.7		0.337205
181.8		0.337205
181.9		0.337205
182		0.337205
182.1		0.338601
182.2		0.338601
182.3		0.338601
182.4		0.338601
182.5		0.338601
182.6		0.338601
182.7		0.338601
182.8		0.338601
182.9		0.338601
183		0.338601
183.1		0.3409
183.2		0.3409
183.3		0.3409
183.4		0.3409
183.5		0.3409
183.6		0.3409
183.7		0.3409
183.8		0.3409
183.9		0.3409
184		0.3409
184.1		0.34406
184.2		0.34406
184.3		0.34406
184.4		0.34406
184.5		0.34406
184.6		0.34406
184.7		0.34406
184.8		0.34406
184.9		0.34406
185		0.34406
185.1		0.345456
185.2		0.345456
185.3		0.345456
185.4		0.345456
185.5		0.345456
185.6		0.345456
185.7		0.345456
185.8		0.345456
185.9		0.345456
186		0.345456
186.1		0.346523
186.2		0.346523
186.3		0.346523
186.4		0.346523
186.5		0.346523
186.6		0.346523
186.7		0.346523
186.8		0.346523
186.9		0.346523
187		0.346523
187.1		0.349602
187.2		0.349602
187.3		0.349602
187.4		0.349602
187.5		0.349602
187.6		0.349602
187.7		0.349602
187.8		0.349602
187.9		0.349602
188		0.349602
188.1		0.352434
188.2		0.352434
188.3		0.352434
188.4		0.352434
188.5		0.352434
188.6		0.352434
188.7		0.352434
188.8		0.352434
188.9		0.352434
189		0.352434
189.1		0.354569
189.2		0.354569
189.3		0.354569
189.4		0.354569
189.5		0.354569
189.6		0.354569
189.7		0.354569
189.8		0.354569
189.9		0.354569
190		0.354569
190.1		0.354651
190.2		0.354651
190.3		0.354651
190.4		0.354651
190.5		0.354651
190.6		0.354651
190.7		0.354651
190.8		0.354651
190.9		0.354651
191		0.354651
191.1		0.355759
191.2		0.355759
191.3		0.355759
191.4		0.355759
191.5		0.355759
191.6		0.355759
191.7		0.355759
191.8		0.355759
191.9		0.355759
192		0.355759
192.1		0.362286
192.2		0.362286
192.3		0.362286
192.4		0.362286
192.5		0.362286
192.6		0.362286
192.7		0.362286
192.8		0.362286
192.9		0.362286
193		0.362286
193.1		0.362901
193.2		0.362901
193.3		0.362901
193.4		0.362901
193.5		0.362901
193.6		0.362901
193.7		0.362901
193.8		0.362901
193.9		0.362901
194		0.362901
194.1		0.363599
194.2		0.363599
194.3		0.363599
194.4		0.363599
194.5		0.363599
194.6		0.363599
194.7		0.363599
194.8		0.363599
194.9		0.363599
195		0.363599
195.1		0.365569
195.2		0.365569
195.3		0.365569
195.4		0.365569
195.5		0.365569
195.6		0.365569
195.7		0.365569
195.8		0.365569
195.9		0.365569
196		0.365569
196.1		0.369346
196.2		0.369346
196.3		0.369346
196.4		0.369346
196.5		0.369346
196.6		0.369346
196.7		0.369346
196.8		0.369346
196.9		0.369346
197		0.369346
197.1		0.371768
197.2		0.371768
197.3		0.371768
197.4		0.371768
197.5		0.371768
197.6		0.371768
197.7		0.371768
197.8		0.371768
197.9		0.371768
198		0.371768
198.1		0.371973
198.2		0.371973
198.3		0.371973
198.4		0.371973
198.5		0.371973
198.6		0.371973
198.7		0.371973
198.8		0.371973
198.9		0.371973
199		0.371973
199.1		0.372794
199.2		0.372794
199.3		0.372794
199.4		0.372794
199.5		0.372794
199.6		0.372794
199.7		0.372794
199.8		0.372794
199.9		0.372794
200		0.372794
200.1		0.376447
200.2		0.376447
200.3		0.376447
200.4		0.376447
200.5		0.376447
200.6		0.376447
200.7		0.376447
200.8		0.376447
200.9		0.376447
201		0.376447
201.1		0.378212
201.2		0.378212
201.3		0.378212
201.4		0.378212
201.5		0.378212
201.6		0.378212
201.7		0.378212
201.8		0.378212
201.9		0.378212
202		0.378212
202.1		0.378335
202.2		0.378335
202.3		0.378335
202.4		0.378335
202.5		0.378335
202.6		0.378335
202.7		0.378335
202.8		0.378335
202.9		0.378335
203		0.378335
203.1		0.381414
203.2		0.381414
203.3		0.381414
203.4		0.381414
203.5		0.381414
203.6		0.381414
203.7		0.381414
203.8		0.381414
203.9		0.381414
204		0.381414
204.1		0.383835
204.2		0.383835
204.3		0.383835
204.4		0.383835
204.5		0.383835
204.6		0.383835
204.7		0.383835
204.8		0.383835
204.9		0.383835
205		0.383835
205.1		0.386873
205.2		0.386873
205.3		0.386873
205.4		0.386873
205.5		0.386873
205.6		0.386873
205.7		0.386873
205.8		0.386873
205.9		0.386873
206		0.386873
206.1		0.386955
206.2		0.386955
206.3		0.386955
206.4		0.386955
206.5		0.386955
206.6		0.386955
206.7		0.386955
206.8		0.386955
206.9		0.386955
207		0.386955
207.1		0.389418
207.2		0.389418
207.3		0.389418
207.4		0.389418
207.5		0.389418
207.6		0.389418
207.7		0.389418
207.8		0.389418
207.9		0.389418
208		0.389418
208.1		0.389993
208.2		0.389993
208.3		0.389993
208.4		0.389993
208.5		0.389993
208.6		0.389993
208.7		0.389993
208.8		0.389993
208.9		0.389993
209		0.389993
209.1		0.392825
209.2		0.392825
209.3		0.392825
209.4		0.392825
209.5		0.392825
209.6		0.392825
209.7		0.392825
209.8		0.392825
209.9		0.392825
210		0.392825
210.1		0.394959
210.2		0.394959
210.3		0.394959
210.4		0.394959
210.5		0.394959
210.6		0.394959
210.7		0.394959
210.8		0.394959
210.9		0.394959
211		0.394959
211.1		0.39693
211.2		0.39693
211.3		0.39693
211.4		0.39693
211.5		0.39693
211.6		0.39693
211.7		0.39693
211.8		0.39693
211.9		0.39693
212		0.39693
212.1		0.397176
212.2		0.397176
212.3		0.397176
212.4		0.397176
212.5		0.397176
212.6		0.397176
212.7		0.397176
212.8		0.397176
212.9		0.397176
213		0.397176
213.1		0.399187
213.2		0.399187
213.3		0.399187
213.4		0.399187
213.5		0.399187
213.6		0.399187
213.7		0.399187
213.8		0.399187
213.9		0.399187
214		0.399187
214.1		0.402923
214.2		0.402923
214.3		0.402923
214.4		0.402923
214.5		0.402923
214.6		0.402923
214.7		0.402923
214.8		0.402923
214.9		0.402923
215		0.402923
215.1		0.404154
215.2		0.404154
215.3		0.404154
215.4		0.404154
215.5		0.404154
215.6		0.404154
215.7		0.404154
215.8		0.404154
215.9		0.404154
216		0.404154
216.1		0.404318
216.2		0.404318
216.3		0.404318
216.4		0.404318
216.5		0.404318
216.6		0.404318
216.7		0.404318
216.8		0.404318
216.9		0.404318
217		0.404318
217.1		0.40555
217.2		0.40555
217.3		0.40555
217.4		0.40555
217.5		0.40555
217.6		0.40555
217.7		0.40555
217.8		0.40555
217.9		0.40555
218		0.40555
218.1		0.409367
218.2		0.409367
218.3		0.409367
218.4		0.409367
218.5		0.409367
218.6		0.409367
218.7		0.409367
218.8		0.409367
218.9		0.409367
219		0.409367
219.1		0.414539
219.2		0.414539
219.3		0.414539
219.4		0.414539
219.5		0.414539
219.6		0.414539
219.7		0.414539
219.8		0.414539
219.9		0.414539
220		0.414539
220.1		0.415114
220.2		0.415114
220.3		0.415114
220.4		0.415114
220.5		0.415114
220.6		0.415114
220.7		0.415114
220.8		0.415114
220.9		0.415114
221		0.415114
221.1		0.415729
221.2		0.415729
221.3		0.415729
221.4		0.415729
221.5		0.415729
221.6		0.415729
221.7		0.415729
221.8		0.415729
221.9		0.415729
222		0.415729
222.1		0.419013
222.2		0.419013
222.3		0.419013
222.4		0.419013
222.5		0.419013
222.6		0.419013
222.7		0.419013
222.8		0.419013
222.9		0.419013
223		0.419013
223.1		0.420327
223.2		0.420327
223.3		0.420327
223.4		0.420327
223.5		0.420327
223.6		0.420327
223.7		0.420327
223.8		0.420327
223.9		0.420327
224		0.420327
224.1		0.422256
224.2		0.422256
224.3		0.422256
224.4		0.422256
224.5		0.422256
224.6		0.422256
224.7		0.422256
224.8		0.422256
224.9		0.422256
225		0.422256
225.1		0.425088
225.2		0.425088
225.3		0.425088
225.4		0.425088
225.5		0.425088
225.6		0.425088
225.7		0.425088
225.8		0.425088
225.9		0.425088
226		0.425088
226.1		0.430507
226.2		0.430507
226.3		0.430507
226.4		0.430507
226.5		0.430507
226.6		0.430507
226.7		0.430507
226.8		0.430507
226.9		0.430507
227		0.430507
227.1		0.431163
227.2		0.431163
227.3		0.431163
227.4		0.431163
227.5		0.431163
227.6		0.431163
227.7		0.431163
227.8		0.431163
227.9		0.431163
228		0.431163
228.1		0.431615
228.2		0.431615
228.3		0.431615
228.4		0.431615
228.5		0.431615
228.6		0.431615
228.7		0.431615
228.8		0.431615
228.9		0.431615
229		0.431615
229.1		0.434119
229.2		0.434119
229.3		0.434119
229.4		0.434119
229.5		0.434119
229.6		0.434119
229.7		0.434119
229.8		0.434119
229.9		0.434119
230		0.434119
230.1		0.439168
230.2		0.439168
230.3		0.439168
230.4		0.439168
230.5		0.439168
230.6		0.439168
230.7		0.439168
230.8		0.439168
230.9		0.439168
231		0.439168
231.1		0.439619
231.2		0.439619
231.3		0.439619
231.4		0.439619
231.5		0.439619
231.6		0.439619
231.7		0.439619
231.8		0.439619
231.9		0.439619
232		0.439619
232.1		0.44241
232.2		0.44241
232.3		0.44241
232.4		0.44241
232.5		0.44241
232.6		0.44241
232.7		0.44241
232.8		0.44241
232.9		0.44241
233		0.44241
233.1		0.442862
233.2		0.442862
233.3		0.442862
233.4		0.442862
233.5		0.442862
233.6		0.442862
233.7		0.442862
233.8		0.442862
233.9		0.442862
234		0.442862
234.1		0.444216
234.2		0.444216
234.3		0.444216
234.4		0.444216
234.5		0.444216
234.6		0.444216
234.7		0.444216
234.8		0.444216
234.9		0.444216
235		0.444216
235.1		0.446967
235.2		0.446967
235.3		0.446967
235.4		0.446967
235.5		0.446967
235.6		0.446967
235.7		0.446967
235.8		0.446967
235.9		0.446967
236		0.446967
236.1		0.449676
236.2		0.449676
236.3		0.449676
236.4		0.449676
236.5		0.449676
236.6		0.449676
236.7		0.449676
236.8		0.449676
236.9		0.449676
237		0.449676
237.1		0.450907
237.2		0.450907
237.3		0.450907
237.4		0.450907
237.5		0.450907
237.6		0.450907
237.7		0.450907
237.8		0.450907
237.9		0.450907
238		0.450907
238.1		0.454519
238.2		0.454519
238.3		0.454519
238.4		0.454519
238.5		0.454519
238.6		0.454519
238.7		0.454519
238.8		0.454519
238.9		0.454519
239		0.454519
239.1		0.455012
239.2		0.455012
239.3		0.455012
239.4		0.455012
239.5		0.455012
239.6		0.455012
239.7		0.455012
239.8		0.455012
239.9		0.455012
240		0.455012
240.1		0.455874
240.2		0.455874
240.3		0.455874
240.4		0.455874
240.5		0.455874
240.6		0.455874
240.7		0.455874
240.8		0.455874
240.9		0.455874
241		0.455874
241.1		0.460553
241.2		0.460553
241.3		0.460553
241.4		0.460553
241.5		0.460553
241.6		0.460553
241.7		0.460553
241.8		0.460553
241.9		0.460553
242		0.460553
242.1		0.461046
242.2		0.461046
242.3		0.461046
242.4		0.461046
242.5		0.461046
242.6		0.461046
242.7		0.461046
242.8		0.461046
242.9		0.461046
243		0.461046
243.1		0.462359
243.2		0.462359
243.3		0.462359
243.4		0.462359
243.5		0.462359
243.6		0.462359
243.7		0.462359
243.8		0.462359
243.9		0.462359
244		0.462359
244.1		0.465069
244.2		0.465069
244.3		0.465069
244.4		0.465069
244.5		0.465069
244.6		0.465069
244.7		0.465069
244.8		0.465069
244.9		0.465069
245		0.465069
245.1		0.467367
245.2		0.467367
245.3		0.467367
245.4		0.467367
245.5		0.467367
245.6		0.467367
245.7		0.467367
245.8		0.467367
245.9		0.467367
246		0.467367
246.1		0.46786
246.2		0.46786
246.3		0.46786
246.4		0.46786
246.5		0.46786
246.6		0.46786
246.7		0.46786
246.8		0.46786
246.9		0.46786
247		0.46786
247.1		0.46827
247.2		0.46827
247.3		0.46827
247.4		0.46827
247.5		0.46827
247.6		0.46827
247.7		0.46827
247.8		0.46827
247.9		0.46827
248		0.46827
248.1		0.473196
248.2		0.473196
248.3		0.473196
248.4		0.473196
248.5		0.473196
248.6		0.473196
248.7		0.473196
248.8		0.473196
248.9		0.473196
249		0.473196
249.1		0.473771
249.2		0.473771
249.3		0.473771
249.4		0.473771
249.5		0.473771
249.6		0.473771
249.7		0.473771
249.8		0.473771
249.9		0.473771
250		0.473771
250.1		0.476233
250.2		0.476233
250.3		0.476233
250.4		0.476233
250.5		0.476233
250.6		0.476233
250.7		0.476233
250.8		0.476233
250.9		0.476233
251		0.476233
251.1		0.477834
251.2		0.477834
251.3		0.477834
251.4		0.477834
251.5		0.477834
251.6		0.477834
251.7		0.477834
251.8		0.477834
251.9		0.477834
252		0.477834
252.1		0.48395
252.2		0.48395
252.3		0.48395
252.4		0.48395
252.5		0.48395
252.6		0.48395
252.7		0.48395
252.8		0.48395
252.9		0.48395
253		0.48395
253.1		0.484238
253.2		0.484238
253.3		0.484238
253.4		0.484238
253.5		0.484238
253.6		0.484238
253.7		0.484238
253.8		0.484238
253.9		0.484238
254		0.484238
254.1		0.486208
254.2		0.486208
254.3		0.486208
254.4		0.486208
254.5		0.486208
254.6		0.486208
254.7		0.486208
254.8		0.486208
254.9		0.486208
255		0.486208
255.1		0.486536
255.2		0.486536
255.3		0.486536
255.4		0.486536
255.5		0.486536
255.6		0.486536
255.7		0.486536
255.8		0.486536
255.9		0.486536
256		0.486536
256.1		0.491339
256.2		0.491339
256.3		0.491339
256.4		0.491339
256.5		0.491339
256.6		0.491339
256.7		0.491339
256.8		0.491339
256.9		0.491339
257		0.491339
257.1		0.49179
257.2		0.49179
257.3		0.49179
257.4		0.49179
257.5		0.49179
257.6		0.49179
257.7		0.49179
257.8		0.49179
257.9		0.49179
258		0.49179
258.1		0.495074
258.2		0.495074
258.3		0.495074
258.4		0.495074
258.5		0.495074
258.6		0.495074
258.7		0.495074
258.8		0.495074
258.9		0.495074
259		0.495074
259.1		0.495608
259.2		0.495608
259.3		0.495608
259.4		0.495608
259.5		0.495608
259.6		0.495608
259.7		0.495608
259.8		0.495608
259.9		0.495608
260		0.495608
260.1		0.501149
260.2		0.501149
260.3		0.501149
260.4		0.501149
260.5		0.501149
260.6		0.501149
260.7		0.501149
260.8		0.501149
260.9		0.501149
261		0.501149
261.1		0.501929
261.2		0.501929
261.3		0.501929
261.4		0.501929
261.5		0.501929
261.6		0.501929
261.7		0.501929
261.8		0.501929
261.9		0.501929
262		0.501929
262.1		0.502791
262.2		0.502791
262.3		0.502791
262.4		0.502791
262.5		0.502791
262.6		0.502791
262.7		0.502791
262.8		0.502791
262.9		0.502791
263		0.502791
263.1		0.50431
263.2		0.50431
263.3		0.50431
263.4		0.50431
263.5		0.50431
263.6		0.50431
263.7		0.50431
263.8		0.50431
263.9		0.50431
264		0.50431
264.1		0.508907
264.2		0.508907
264.3		0.508907
264.4		0.508907
264.5		0.508907
264.6		0.508907
264.7		0.508907
264.8		0.508907
264.9		0.508907
265		0.508907
265.1		0.510098
265.2		0.510098
265.3		0.510098
265.4		0.510098
265.5		0.510098
265.6		0.510098
265.7		0.510098
265.8		0.510098
265.9		0.510098
266		0.510098
266.1		0.510426
266.2		0.510426
266.3		0.510426
266.4		0.510426
266.5		0.510426
266.6		0.510426
266.7		0.510426
266.8		0.510426
266.9		0.510426
267		0.510426
267.1		0.510672
267.2		0.510672
267.3		0.510672
267.4		0.510672
267.5		0.510672
267.6		0.510672
267.7		0.510672
267.8		0.510672
267.9		0.510672
268		0.510672
268.1		0.516583
268.2		0.516583
268.3		0.516583
268.4		0.516583
268.5		0.516583
268.6		0.516583
268.7		0.516583
268.8		0.516583
268.9		0.516583
269		0.516583
269.1		0.517158
269.2		0.517158
269.3		0.517158
269.4		0.517158
269.5		0.517158
269.6		0.517158
269.7		0.517158
269.8		0.517158
269.9		0.517158
270		0.517158
270.1		0.519908
270.2		0.519908
270.3		0.519908
270.4		0.519908
270.5		0.519908
270.6		0.519908
270.7		0.519908
270.8		0.519908
270.9		0.519908
271		0.519908
271.1		0.521098
271.2		0.521098
271.3		0.521098
271.4		0.521098
271.5		0.521098
271.6		0.521098
271.7		0.521098
271.8		0.521098
271.9		0.521098
272		0.521098
272.1		0.521796
272.2		0.521796
272.3		0.521796
272.4		0.521796
272.5		0.521796
272.6		0.521796
272.7		0.521796
272.8		0.521796
272.9		0.521796
273		0.521796
273.1		0.525491
273.2		0.525491
273.3		0.525491
273.4		0.525491
273.5		0.525491
273.6		0.525491
273.7		0.525491
273.8		0.525491
273.9		0.525491
274		0.525491
274.1		0.527789
274.2		0.527789
274.3		0.527789
274.4		0.527789
274.5		0.527789
274.6		0.527789
274.7		0.527789
274.8		0.527789
274.9		0.527789
275		0.527789
275.1		0.528077
275.2		0.528077
275.3		0.528077
275.4		0.528077
275.5		0.528077
275.6		0.528077
275.7		0.528077
275.8		0.528077
275.9		0.528077
276		0.528077
276.1		0.52939
276.2		0.52939
276.3		0.52939
276.4		0.52939
276.5		0.52939
276.6		0.52939
276.7		0.52939
276.8		0.52939
276.9		0.52939
277		0.52939
277.1		0.53136
277.2		0.53136
277.3		0.53136
277.4		0.53136
277.5		0.53136
277.6		0.53136
277.7		0.53136
277.8		0.53136
277.9		0.53136
278		0.53136
278.1		0.535629
278.2		0.535629
278.3		0.535629
278.4		0.535629
278.5		0.535629
278.6		0.535629
278.7		0.535629
278.8		0.535629
278.9		0.535629
279		0.535629
279.1		0.5376
279.2		0.5376
279.3		0.5376
279.4		0.5376
279.5		0.5376
279.6		0.5376
279.7		0.5376
279.8		0.5376
279.9		0.5376
280		0.5376
280.1		0.538297
280.2		0.538297
280.3		0.538297
280.4		0.538297
280.5		0.538297
280.6		0.538297
280.7		0.538297
280.8		0.538297
280.9		0.538297
281		0.538297
281.1		0.538462
281.2		0.538462
281.3		0.538462
281.4		0.538462
281.5		0.538462
281.6		0.538462
281.7		0.538462
281.8		0.538462
281.9		0.538462
282		0.538462
282.1		0.544988
282.2		0.544988
282.3		0.544988
282.4		0.544988
282.5		0.544988
282.6		0.544988
282.7		0.544988
282.8		0.544988
282.9		0.544988
283		0.544988
283.1		0.546794
283.2		0.546794
283.3		0.546794
283.4		0.546794
283.5		0.546794
283.6		0.546794
283.7		0.546794
283.8		0.546794
283.9		0.546794
284		0.546794
284.1		0.547861
284.2		0.547861
284.3		0.547861
284.4		0.547861
284.5		0.547861
284.6		0.547861
284.7		0.547861
284.8		0.547861
284.9		0.547861
285		0.547861
285.1		0.55135
285.2		0.55135
285.3		0.55135
285.4		0.55135
285.5		0.55135
285.6		0.55135
285.7		0.55135
285.8		0.55135
285.9		0.55135
286		0.55135
286.1		0.55291
286.2		0.55291
286.3		0.55291
286.4		0.55291
286.5		0.55291
286.6		0.55291
286.7		0.55291
286.8		0.55291
286.9		0.55291
287		0.55291
287.1		0.554881
287.2		0.554881
287.3		0.554881
287.4		0.554881
287.5		0.554881
287.6		0.554881
287.7		0.554881
287.8		0.554881
287.9		0.554881
288		0.554881
288.1		0.55644
288.2		0.55644
288.3		0.55644
288.4		0.55644
288.5		0.55644
288.6		0.55644
288.7		0.55644
288.8		0.55644
288.9		0.55644
289		0.55644
289.1		0.56268
289.2		0.56268
289.3		0.56268
289.4		0.56268
289.5		0.56268
289.6		0.56268
289.7		0.56268
289.8		0.56268
289.9		0.56268
290		0.56268
290.1		0.564773
290.2		0.564773
290.3		0.564773
290.4		0.564773
290.5		0.564773
290.6		0.564773
290.7		0.564773
290.8		0.564773
290.9		0.564773
291		0.564773
291.1		0.566251
291.2		0.566251
291.3		0.566251
291.4		0.566251
291.5		0.566251
291.6		0.566251
291.7		0.566251
291.8		0.566251
291.9		0.566251
292		0.566251
292.1		0.566825
292.2		0.566825
292.3		0.566825
292.4		0.566825
292.5		0.566825
292.6		0.566825
292.7		0.566825
292.8		0.566825
292.9		0.566825
293		0.566825
293.1		0.567072
293.2		0.567072
293.3		0.567072
293.4		0.567072
293.5		0.567072
293.6		0.567072
293.7		0.567072
293.8		0.567072
293.9		0.567072
294		0.567072
294.1		0.572983
294.2		0.572983
294.3		0.572983
294.4		0.572983
294.5		0.572983
294.6		0.572983
294.7		0.572983
294.8		0.572983
294.9		0.572983
295		0.572983
295.1		0.576472
295.2		0.576472
295.3		0.576472
295.4		0.576472
295.5		0.576472
295.6		0.576472
295.7		0.576472
295.8		0.576472
295.9		0.576472
296		0.576472
296.1		0.578401
296.2		0.578401
296.3		0.578401
296.4		0.578401
296.5		0.578401
296.6		0.578401
296.7		0.578401
296.8		0.578401
296.9		0.578401
297		0.578401
297.1		0.581192
297.2		0.581192
297.3		0.581192
297.4		0.581192
297.5		0.581192
297.6		0.581192
297.7		0.581192
297.8		0.581192
297.9		0.581192
298		0.581192
298.1		0.58345
298.2		0.58345
298.3		0.58345
298.4		0.58345
298.5		0.58345
298.6		0.58345
298.7		0.58345
298.8		0.58345
298.9		0.58345
299		0.58345
299.1		0.588129
299.2		0.588129
299.3		0.588129
299.4		0.588129
299.5		0.588129
299.6		0.588129
299.7		0.588129
299.8		0.588129
299.9		0.588129
300		0.588129
300.1		0.591208
300.2		0.591208
300.3		0.591208
300.4		0.591208
300.5		0.591208
300.6		0.591208
300.7		0.591208
300.8		0.591208
300.9		0.591208
301		0.591208
301.1		0.593917
301.2		0.593917
301.3		0.593917
301.4		0.593917
301.5		0.593917
301.6		0.593917
301.7		0.593917
301.8		0.593917
301.9		0.593917
302		0.593917
302.1		0.594409
302.2		0.594409
302.3		0.594409
302.4		0.594409
302.5		0.594409
302.6		0.594409
302.7		0.594409
302.8		0.594409
302.9		0.594409
303		0.594409
303.1		0.596503
303.2		0.596503
303.3		0.596503
303.4		0.596503
303.5		0.596503
303.6		0.596503
303.7		0.596503
303.8		0.596503
303.9		0.596503
304		0.596503
304.1		0.597816
304.2		0.597816
304.3		0.597816
304.4		0.597816
304.5		0.597816
304.6		0.597816
304.7		0.597816
304.8		0.597816
304.9		0.597816
305		0.597816
305.1		0.600854
305.2		0.600854
305.3		0.600854
305.4		0.600854
305.5		0.600854
305.6		0.600854
305.7		0.600854
305.8		0.600854
305.9		0.600854
306		0.600854
306.1		0.601018
306.2		0.601018
306.3		0.601018
306.4		0.601018
306.5		0.601018
306.6		0.601018
306.7		0.601018
306.8		0.601018
306.9		0.601018
307		0.601018
307.1		0.602988
307.2		0.602988
307.3		0.602988
307.4		0.602988
307.5		0.602988
307.6		0.602988
307.7		0.602988
307.8		0.602988
307.9		0.602988
308		0.602988
308.1		0.605697
308.2		0.605697
308.3		0.605697
308.4		0.605697
308.5		0.605697
308.6		0.605697
308.7		0.605697
308.8		0.605697
308.9		0.605697
309		0.605697
309.1		0.607216
309.2		0.607216
309.3		0.607216
309.4		0.607216
309.5		0.607216
309.6		0.607216
309.7		0.607216
309.8		0.607216
309.9		0.607216
310		0.607216
310.1		0.60853
310.2		0.60853
310.3		0.60853
310.4		0.60853
310.5		0.60853
310.6		0.60853
310.7		0.60853
310.8		0.60853
310.9		0.60853
311		0.60853
311.1		0.611075
311.2		0.611075
311.3		0.611075
311.4		0.611075
311.5		0.611075
311.6		0.611075
311.7		0.611075
311.8		0.611075
311.9		0.611075
312		0.611075
312.1		0.61559
312.2		0.61559
312.3		0.61559
312.4		0.61559
312.5		0.61559
312.6		0.61559
312.7		0.61559
312.8		0.61559
312.9		0.61559
313		0.61559
313.1		0.616041
313.2		0.616041
313.3		0.616041
313.4		0.616041
313.5		0.616041
313.6		0.616041
313.7		0.616041
313.8		0.616041
313.9		0.616041
314		0.616041
314.1		0.616123
314.2		0.616123
314.3		0.616123
314.4		0.616123
314.5		0.616123
314.6		0.616123
314.7		0.616123
314.8		0.616123
314.9		0.616123
315		0.616123
315.1		0.618381
315.2		0.618381
315.3		0.618381
315.4		0.618381
315.5		0.618381
315.6		0.618381
315.7		0.618381
315.8		0.618381
315.9		0.618381
316		0.618381
316.1		0.623019
316.2		0.623019
316.3		0.623019
316.4		0.623019
316.5		0.623019
316.6		0.623019
316.7		0.623019
316.8		0.623019
316.9		0.623019
317		0.623019
317.1		0.623266
317.2		0.623266
317.3		0.623266
317.4		0.623266
317.5		0.623266
317.6		0.623266
317.7		0.623266
317.8		0.623266
317.9		0.623266
318		0.623266
318.1		0.623923
318.2		0.623923
318.3		0.623923
318.4		0.623923
318.5		0.623923
318.6		0.623923
318.7		0.623923
318.8		0.623923
318.9		0.623923
319		0.623923
319.1		0.627206
319.2		0.627206
319.3		0.627206
319.4		0.627206
319.5		0.627206
319.6		0.627206
319.7		0.627206
319.8		0.627206
319.9		0.627206
320		0.627206
320.1		0.630244
320.2		0.630244
320.3		0.630244
320.4		0.630244
320.5		0.630244
320.6		0.630244
320.7		0.630244
320.8		0.630244
320.9		0.630244
321		0.630244
321.1		0.631886
321.2		0.631886
321.3		0.631886
321.4		0.631886
321.5		0.631886
321.6		0.631886
321.7		0.631886
321.8		0.631886
321.9		0.631886
322		0.631886
322.1		0.63402
322.2		0.63402
322.3		0.63402
322.4		0.63402
322.5		0.63402
322.6		0.63402
322.7		0.63402
322.8		0.63402
322.9		0.63402
323		0.63402
323.1		0.634349
323.2		0.634349
323.3		0.634349
323.4		0.634349
323.5		0.634349
323.6		0.634349
323.7		0.634349
323.8		0.634349
323.9		0.634349
324		0.634349
324.1		0.638782
324.2		0.638782
324.3		0.638782
324.4		0.638782
324.5		0.638782
324.6		0.638782
324.7		0.638782
324.8		0.638782
324.9		0.638782
325		0.638782
325.1		0.639808
325.2		0.639808
325.3		0.639808
325.4		0.639808
325.5		0.639808
325.6		0.639808
325.7		0.639808
325.8		0.639808
325.9		0.639808
326		0.639808
326.1		0.640752
326.2		0.640752
326.3		0.640752
326.4		0.640752
326.5		0.640752
326.6		0.640752
326.7		0.640752
326.8		0.640752
326.9		0.640752
327		0.640752
327.1		0.6442
327.2		0.6442
327.3		0.6442
327.4		0.6442
327.5		0.6442
327.6		0.6442
327.7		0.6442
327.8		0.6442
327.9		0.6442
328		0.6442
328.1		0.648387
328.2		0.648387
328.3		0.648387
328.4		0.648387
328.5		0.648387
328.6		0.648387
328.7		0.648387
328.8		0.648387
328.9		0.648387
329		0.648387
329.1		0.650727
329.2		0.650727
329.3		0.650727
329.4		0.650727
329.5		0.650727
329.6		0.650727
329.7		0.650727
329.8		0.650727
329.9		0.650727
330		0.650727
330.1		0.651671
330.2		0.651671
330.3		0.651671
330.4		0.651671
330.5		0.651671
330.6		0.651671
330.7		0.651671
330.8		0.651671
330.9		0.651671
331		0.651671
331.1		0.65204
331.2		0.65204
331.3		0.65204
331.4		0.65204
331.5		0.65204
331.6		0.65204
331.7		0.65204
331.8		0.65204
331.9		0.65204
332		0.65204
332.1		0.654462
332.2		0.654462
332.3		0.654462
332.4		0.654462
332.5		0.654462
332.6		0.654462
332.7		0.654462
332.8		0.654462
332.9		0.654462
333		0.654462
333.1		0.657828
333.2		0.657828
333.3		0.657828
333.4		0.657828
333.5		0.657828
333.6		0.657828
333.7		0.657828
333.8		0.657828
333.9		0.657828
334		0.657828
334.1		0.658033
334.2		0.658033
334.3		0.658033
334.4		0.658033
334.5		0.658033
334.6		0.658033
334.7		0.658033
334.8		0.658033
334.9		0.658033
335		0.658033
335.1		0.660209
335.2		0.660209
335.3		0.660209
335.4		0.660209
335.5		0.660209
335.6		0.660209
335.7		0.660209
335.8		0.660209
335.9		0.660209
336		0.660209
336.1		0.660455
336.2		0.660455
336.3		0.660455
336.4		0.660455
336.5		0.660455
336.6		0.660455
336.7		0.660455
336.8		0.660455
336.9		0.660455
337		0.660455
337.1		0.667063
337.2		0.667063
337.3		0.667063
337.4		0.667063
337.5		0.667063
337.6		0.667063
337.7		0.667063
337.8		0.667063
337.9		0.667063
338		0.667063
338.1		0.668952
338.2		0.668952
338.3		0.668952
338.4		0.668952
338.5		0.668952
338.6		0.668952
338.7		0.668952
338.8		0.668952
338.9		0.668952
339		0.668952
339.1		0.669526
339.2		0.669526
339.3		0.669526
339.4		0.669526
339.5		0.669526
339.6		0.669526
339.7		0.669526
339.8		0.669526
339.9		0.669526
340		0.669526
340.1		0.670183
340.2		0.670183
340.3		0.670183
340.4		0.670183
340.5		0.670183
340.6		0.670183
340.7		0.670183
340.8		0.670183
340.9		0.670183
341		0.670183
341.1		0.678557
341.2		0.678557
341.3		0.678557
341.4		0.678557
341.5		0.678557
341.6		0.678557
341.7		0.678557
341.8		0.678557
341.9		0.678557
342		0.678557
342.1		0.679337
342.2		0.679337
342.3		0.679337
342.4		0.679337
342.5		0.679337
342.6		0.679337
342.7		0.679337
342.8		0.679337
342.9		0.679337
343		0.679337
343.1		0.680979
343.2		0.680979
343.3		0.680979
343.4		0.680979
343.5		0.680979
343.6		0.680979
343.7		0.680979
343.8		0.680979
343.9		0.680979
344		0.680979
344.1		0.681512
344.2		0.681512
344.3		0.681512
344.4		0.681512
344.5		0.681512
344.6		0.681512
344.7		0.681512
344.8		0.681512
344.9		0.681512
345		0.681512
345.1		0.684221
345.2		0.684221
345.3		0.684221
345.4		0.684221
345.5		0.684221
345.6		0.684221
345.7		0.684221
345.8		0.684221
345.9		0.684221
346		0.684221
346.1		0.685986
346.2		0.685986
346.3		0.685986
346.4		0.685986
346.5		0.685986
346.6		0.685986
346.7		0.685986
346.8		0.685986
346.9		0.685986
347		0.685986
347.1		0.688654
347.2		0.688654
347.3		0.688654
347.4		0.688654
347.5		0.688654
347.6		0.688654
347.7		0.688654
347.8		0.688654
347.9		0.688654
348		0.688654
348.1		0.688654
348.2		0.688654
348.3		0.688654
348.4		0.688654
348.5		0.688654
348.6		0.688654
348.7		0.688654
348.8		0.688654
348.9		0.688654
349		0.688654
349.1		0.690132
349.2		0.690132
349.3		0.690132
349.4		0.690132
349.5		0.690132
349.6		0.690132
349.7		0.690132
349.8		0.690132
349.9		0.690132
350		0.690132
350.1		0.69042
350.2		0.69042
350.3		0.69042
350.4		0.69042
350.5		0.69042
350.6		0.69042
350.7		0.69042
350.8		0.69042
350.9		0.69042
351		0.69042
351.1		0.69436
351.2		0.69436
351.3		0.69436
351.4		0.69436
351.5		0.69436
351.6		0.69436
351.7		0.69436
351.8		0.69436
351.9		0.69436
352		0.69436
352.1		0.698752
352.2		0.698752
352.3		0.698752
352.4		0.698752
352.5		0.698752
352.6		0.698752
352.7		0.698752
352.8		0.698752
352.9		0.698752
353		0.698752
353.1		0.702118
353.2		0.702118
353.3		0.702118
353.4		0.702118
353.5		0.702118
353.6		0.702118
353.7		0.702118
353.8		0.702118
353.9		0.702118
354		0.702118
354.1		0.703883
354.2		0.703883
354.3		0.703883
354.4		0.703883
354.5		0.703883
354.6		0.703883
354.7		0.703883
354.8		0.703883
354.9		0.703883
355		0.703883
355.1		0.70573
355.2		0.70573
355.3		0.70573
355.4		0.70573
355.5		0.70573
355.6		0.70573
355.7		0.70573
355.8		0.70573
355.9		0.70573
356		0.70573
356.1		0.709137
356.2		0.709137
356.3		0.709137
356.4		0.709137
356.5		0.709137
356.6		0.709137
356.7		0.709137
356.8		0.709137
356.9		0.709137
357		0.709137
357.1		0.713488
357.2		0.713488
357.3		0.713488
357.4		0.713488
357.5		0.713488
357.6		0.713488
357.7		0.713488
357.8		0.713488
357.9		0.713488
358		0.713488
358.1		0.715171
358.2		0.715171
358.3		0.715171
358.4		0.715171
358.5		0.715171
358.6		0.715171
358.7		0.715171
358.8		0.715171
358.9		0.715171
359		0.715171
359.1		0.716772
359.2		0.716772
359.3		0.716772
359.4		0.716772
359.5		0.716772
359.6		0.716772
359.7		0.716772
359.8		0.716772
359.9		0.716772
360		0.716772
360.1		0.722437
360.2		0.722437
360.3		0.722437
360.4		0.722437
360.5		0.722437
360.6		0.722437
360.7		0.722437
360.8		0.722437
360.9		0.722437
361		0.722437
361.1		0.722929
361.2		0.722929
361.3		0.722929
361.4		0.722929
361.5		0.722929
361.6		0.722929
361.7		0.722929
361.8		0.722929
361.9		0.722929
362		0.722929
362.1		0.725433
362.2		0.725433
362.3		0.725433
362.4		0.725433
362.5		0.725433
362.6		0.725433
362.7		0.725433
362.8		0.725433
362.9		0.725433
363		0.725433
363.1		0.726377
363.2		0.726377
363.3		0.726377
363.4		0.726377
363.5		0.726377
363.6		0.726377
363.7		0.726377
363.8		0.726377
363.9		0.726377
364		0.726377
364.1		0.729333
364.2		0.729333
364.3		0.729333
364.4		0.729333
364.5		0.729333
364.6		0.729333
364.7		0.729333
364.8		0.729333
364.9		0.729333
365		0.729333
365.1		0.731878
365.2		0.731878
365.3		0.731878
365.4		0.731878
365.5		0.731878
365.6		0.731878
365.7		0.731878
365.8		0.731878
365.9		0.731878
366		0.731878
366.1		0.732657
366.2		0.732657
366.3		0.732657
366.4		0.732657
366.5		0.732657
366.6		0.732657
366.7		0.732657
366.8		0.732657
366.9		0.732657
367		0.732657
367.1		0.733684
367.2		0.733684
367.3		0.733684
367.4		0.733684
367.5		0.733684
367.6		0.733684
367.7		0.733684
367.8		0.733684
367.9		0.733684
368		0.733684
368.1		0.736803
368.2		0.736803
368.3		0.736803
368.4		0.736803
368.5		0.736803
368.6		0.736803
368.7		0.736803
368.8		0.736803
368.9		0.736803
369		0.736803
369.1		0.737419
369.2		0.737419
369.3		0.737419
369.4		0.737419
369.5		0.737419
369.6		0.737419
369.7		0.737419
369.8		0.737419
369.9		0.737419
370		0.737419
370.1		0.740333
370.2		0.740333
370.3		0.740333
370.4		0.740333
370.5		0.740333
370.6		0.740333
370.7		0.740333
370.8		0.740333
370.9		0.740333
371		0.740333
371.1		0.743412
371.2		0.743412
371.3		0.743412
371.4		0.743412
371.5		0.743412
371.6		0.743412
371.7		0.743412
371.8		0.743412
371.9		0.743412
372		0.743412
372.1		0.743699
372.2		0.743699
372.3		0.743699
372.4		0.743699
372.5		0.743699
372.6		0.743699
372.7		0.743699
372.8		0.743699
372.9		0.743699
373		0.743699
373.1		0.746531
373.2		0.746531
373.3		0.746531
373.4		0.746531
373.5		0.746531
373.6		0.746531
373.7		0.746531
373.8		0.746531
373.9		0.746531
374		0.746531
374.1		0.747476
374.2		0.747476
374.3		0.747476
374.4		0.747476
374.5		0.747476
374.6		0.747476
374.7		0.747476
374.8		0.747476
374.9		0.747476
375		0.747476
375.1		0.750431
375.2		0.750431
375.3		0.750431
375.4		0.750431
375.5		0.750431
375.6		0.750431
375.7		0.750431
375.8		0.750431
375.9		0.750431
376		0.750431
376.1		0.750595
376.2		0.750595
376.3		0.750595
376.4		0.750595
376.5		0.750595
376.6		0.750595
376.7		0.750595
376.8		0.750595
376.9		0.750595
377		0.750595
377.1		0.752853
377.2		0.752853
377.3		0.752853
377.4		0.752853
377.5		0.752853
377.6		0.752853
377.7		0.752853
377.8		0.752853
377.9		0.752853
378		0.752853
378.1		0.755521
378.2		0.755521
378.3		0.755521
378.4		0.755521
378.5		0.755521
378.6		0.755521
378.7		0.755521
378.8		0.755521
378.9		0.755521
379		0.755521
379.1		0.75745
379.2		0.75745
379.3		0.75745
379.4		0.75745
379.5		0.75745
379.6		0.75745
379.7		0.75745
379.8		0.75745
379.9		0.75745
380		0.75745
380.1		0.759544
380.2		0.759544
380.3		0.759544
380.4		0.759544
380.5		0.759544
380.6		0.759544
380.7		0.759544
380.8		0.759544
380.9		0.759544
381		0.759544
381.1		0.762335
381.2		0.762335
381.3		0.762335
381.4		0.762335
381.5		0.762335
381.6		0.762335
381.7		0.762335
381.8		0.762335
381.9		0.762335
382		0.762335
382.1		0.763895
382.2		0.763895
382.3		0.763895
382.4		0.763895
382.5		0.763895
382.6		0.763895
382.7		0.763895
382.8		0.763895
382.9		0.763895
383		0.763895
383.1		0.764757
383.2		0.764757
383.3		0.764757
383.4		0.764757
383.5		0.764757
383.6		0.764757
383.7		0.764757
383.8		0.764757
383.9		0.764757
384		0.764757
384.1		0.767055
384.2		0.767055
384.3		0.767055
384.4		0.767055
384.5		0.767055
384.6		0.767055
384.7		0.767055
384.8		0.767055
384.9		0.767055
385		0.767055
385.1		0.771201
385.2		0.771201
385.3		0.771201
385.4		0.771201
385.5		0.771201
385.6		0.771201
385.7		0.771201
385.8		0.771201
385.9		0.771201
386		0.771201
386.1		0.771324
386.2		0.771324
386.3		0.771324
386.4		0.771324
386.5		0.771324
386.6		0.771324
386.7		0.771324
386.8		0.771324
386.9		0.771324
387		0.771324
387.1		0.774033
387.2		0.774033
387.3		0.774033
387.4		0.774033
387.5		0.774033
387.6		0.774033
387.7		0.774033
387.8		0.774033
387.9		0.774033
388		0.774033
388.1		0.774362
388.2		0.774362
388.3		0.774362
388.4		0.774362
388.5		0.774362
388.6		0.774362
388.7		0.774362
388.8		0.774362
388.9		0.774362
389		0.774362
389.1		0.77625
389.2		0.77625
389.3		0.77625
389.4		0.77625
389.5		0.77625
389.6		0.77625
389.7		0.77625
389.8		0.77625
389.9		0.77625
390		0.77625
390.1		0.781094
390.2		0.781094
390.3		0.781094
390.4		0.781094
390.5		0.781094
390.6		0.781094
390.7		0.781094
390.8		0.781094
390.9		0.781094
391		0.781094
391.1		0.782653
391.2		0.782653
391.3		0.782653
391.4		0.782653
391.5		0.782653
391.6		0.782653
391.7		0.782653
391.8		0.782653
391.9		0.782653
392		0.782653
392.1		0.783474
392.2		0.783474
392.3		0.783474
392.4		0.783474
392.5		0.783474
392.6		0.783474
392.7		0.783474
392.8		0.783474
392.9		0.783474
393		0.783474
393.1		0.785198
393.2		0.785198
393.3		0.785198
393.4		0.785198
393.5		0.785198
393.6		0.785198
393.7		0.785198
393.8		0.785198
393.9		0.785198
394		0.785198
394.1		0.788072
394.2		0.788072
394.3		0.788072
394.4		0.788072
394.5		0.788072
394.6		0.788072
394.7		0.788072
394.8		0.788072
394.9		0.788072
395		0.788072
395.1		0.790822
395.2		0.790822
395.3		0.790822
395.4		0.790822
395.5		0.790822
395.6		0.790822
395.7		0.790822
395.8		0.790822
395.9		0.790822
396		0.790822
396.1		0.792628
396.2		0.792628
396.3		0.792628
396.4		0.792628
396.5		0.792628
396.6		0.792628
396.7		0.792628
396.8		0.792628
396.9		0.792628
397		0.792628
397.1		0.793613
397.2		0.793613
397.3		0.793613
397.4		0.793613
397.5		0.793613
397.6		0.793613
397.7		0.793613
397.8		0.793613
397.9		0.793613
398		0.793613
398.1		0.794721
398.2		0.794721
398.3		0.794721
398.4		0.794721
398.5		0.794721
398.6		0.794721
398.7		0.794721
398.8		0.794721
398.9		0.794721
399		0.794721
399.1		0.798457
399.2		0.798457
399.3		0.798457
399.4		0.798457
399.5		0.798457
399.6		0.798457
399.7		0.798457
399.8		0.798457
399.9		0.798457
400		0.798457
400.1		0.799195
400.2		0.799195
400.3		0.799195
400.4		0.799195
400.5		0.799195
400.6		0.799195
400.7		0.799195
400.8		0.799195
400.9		0.799195
401		0.799195
401.1		0.801699
401.2		0.801699
401.3		0.801699
401.4		0.801699
401.5		0.801699
401.6		0.801699
401.7		0.801699
401.8		0.801699
401.9		0.801699
402		0.801699
402.1		0.80367
402.2		0.80367
402.3		0.80367
402.4		0.80367
402.5		0.80367
402.6		0.80367
402.7		0.80367
402.8		0.80367
402.9		0.80367
403		0.80367
403.1		0.805599
403.2		0.805599
403.3		0.805599
403.4		0.805599
403.5		0.805599
403.6		0.805599
403.7		0.805599
403.8		0.805599
403.9		0.805599
404		0.805599
404.1		0.80876
404.2		0.80876
404.3		0.80876
404.4		0.80876
404.5		0.80876
404.6		0.80876
404.7		0.80876
404.8		0.80876
404.9		0.80876
405		0.80876
405.1		0.809129
405.2		0.809129
405.3		0.809129
405.4		0.809129
405.5		0.809129
405.6		0.809129
405.7		0.809129
405.8		0.809129
405.9		0.809129
406		0.809129
406.1		0.809293
406.2		0.809293
406.3		0.809293
406.4		0.809293
406.5		0.809293
406.6		0.809293
406.7		0.809293
406.8		0.809293
406.9		0.809293
407		0.809293
407.1		0.810114
407.2		0.810114
407.3		0.810114
407.4		0.810114
407.5		0.810114
407.6		0.810114
407.7		0.810114
407.8		0.810114
407.9		0.810114
408		0.810114
408.1		0.814383
408.2		0.814383
408.3		0.814383
408.4		0.814383
408.5		0.814383
408.6		0.814383
408.7		0.814383
408.8		0.814383
408.9		0.814383
409		0.814383
409.1		0.817256
409.2		0.817256
409.3		0.817256
409.4		0.817256
409.5		0.817256
409.6		0.817256
409.7		0.817256
409.8		0.817256
409.9		0.817256
410		0.817256
410.1		0.818365
410.2		0.818365
410.3		0.818365
410.4		0.818365
410.5		0.818365
410.6		0.818365
410.7		0.818365
410.8		0.818365
410.9		0.818365
411		0.818365
411.1		0.820951
411.2		0.820951
411.3		0.820951
411.4		0.820951
411.5		0.820951
411.6		0.820951
411.7		0.820951
411.8		0.820951
411.9		0.820951
412		0.820951
412.1		0.824522
412.2		0.824522
412.3		0.824522
412.4		0.824522
412.5		0.824522
412.6		0.824522
412.7		0.824522
412.8		0.824522
412.9		0.824522
413		0.824522
413.1		0.824809
413.2		0.824809
413.3		0.824809
413.4		0.824809
413.5		0.824809
413.6		0.824809
413.7		0.824809
413.8		0.824809
413.9		0.824809
414		0.824809
414.1		0.826164
414.2		0.826164
414.3		0.826164
414.4		0.826164
414.5		0.826164
414.6		0.826164
414.7		0.826164
414.8		0.826164
414.9		0.826164
415		0.826164
415.1		0.828421
415.2		0.828421
415.3		0.828421
415.4		0.828421
415.5		0.828421
415.6		0.828421
415.7		0.828421
415.8		0.828421
415.9		0.828421
416		0.828421
416.1		0.833101
416.2		0.833101
416.3		0.833101
416.4		0.833101
416.5		0.833101
416.6		0.833101
416.7		0.833101
416.8		0.833101
416.9		0.833101
417		0.833101
417.1		0.83425
417.2		0.83425
417.3		0.83425
417.4		0.83425
417.5		0.83425
417.6		0.83425
417.7		0.83425
417.8		0.83425
417.9		0.83425
418		0.83425
418.1		0.834578
418.2		0.834578
418.3		0.834578
418.4		0.834578
418.5		0.834578
418.6		0.834578
418.7		0.834578
418.8		0.834578
418.9		0.834578
419		0.834578
419.1		0.835687
419.2		0.835687
419.3		0.835687
419.4		0.835687
419.5		0.835687
419.6		0.835687
419.7		0.835687
419.8		0.835687
419.9		0.835687
420		0.835687
420.1		0.836179
420.2		0.836179
420.3		0.836179
420.4		0.836179
420.5		0.836179
420.6		0.836179
420.7		0.836179
420.8		0.836179
420.9		0.836179
421		0.836179
421.1		0.84209
421.2		0.84209
421.3		0.84209
421.4		0.84209
421.5		0.84209
421.6		0.84209
421.7		0.84209
421.8		0.84209
421.9		0.84209
422		0.84209
422.1		0.844184
422.2		0.844184
422.3		0.844184
422.4		0.844184
422.5		0.844184
422.6		0.844184
422.7		0.844184
422.8		0.844184
422.9		0.844184
423		0.844184
423.1		0.845169
423.2		0.845169
423.3		0.845169
423.4		0.845169
423.5		0.845169
423.6		0.845169
423.7		0.845169
423.8		0.845169
423.9		0.845169
424		0.845169
424.1		0.846441
424.2		0.846441
424.3		0.846441
424.4		0.846441
424.5		0.846441
424.6		0.846441
424.7		0.846441
424.8		0.846441
424.9		0.846441
425		0.846441
425.1		0.846893
425.2		0.846893
425.3		0.846893
425.4		0.846893
425.5		0.846893
425.6		0.846893
425.7		0.846893
425.8		0.846893
425.9		0.846893
426		0.846893
426.1		0.849643
426.2		0.849643
426.3		0.849643
426.4		0.849643
426.5		0.849643
426.6		0.849643
426.7		0.849643
426.8		0.849643
426.9		0.849643
427		0.849643
427.1		0.853994
427.2		0.853994
427.3		0.853994
427.4		0.853994
427.5		0.853994
427.6		0.853994
427.7		0.853994
427.8		0.853994
427.9		0.853994
428		0.853994
428.1		0.854774
428.2		0.854774
428.3		0.854774
428.4		0.854774
428.5		0.854774
428.6		0.854774
428.7		0.854774
428.8		0.854774
428.9		0.854774
429		0.854774
429.1		0.856128
429.2		0.856128
429.3		0.856128
429.4		0.856128
429.5		0.856128
429.6		0.856128
429.7		0.856128
429.8		0.856128
429.9		0.856128
430		0.856128
430.1		0.857483
430.2		0.857483
430.3		0.857483
430.4		0.857483
430.5		0.857483
430.6		0.857483
430.7		0.857483
430.8		0.857483
430.9		0.857483
431		0.857483
431.1		0.859905
431.2		0.859905
431.3		0.859905
431.4		0.859905
431.5		0.859905
431.6		0.859905
431.7		0.859905
431.8		0.859905
431.9		0.859905
432		0.859905
432.1		0.860849
432.2		0.860849
432.3		0.860849
432.4		0.860849
432.5		0.860849
432.6		0.860849
432.7		0.860849
432.8		0.860849
432.9		0.860849
433		0.860849
433.1		0.861752
433.2		0.861752
433.3		0.861752
433.4		0.861752
433.5		0.861752
433.6		0.861752
433.7		0.861752
433.8		0.861752
433.9		0.861752
434		0.861752
434.1		0.866062
434.2		0.866062
434.3		0.866062
434.4		0.866062
434.5		0.866062
434.6		0.866062
434.7		0.866062
434.8		0.866062
434.9		0.866062
435		0.866062
435.1		0.867006
435.2		0.867006
435.3		0.867006
435.4		0.867006
435.5		0.867006
435.6		0.867006
435.7		0.867006
435.8		0.867006
435.9		0.867006
436		0.867006
436.1		0.869469
436.2		0.869469
436.3		0.869469
436.4		0.869469
436.5		0.869469
436.6		0.869469
436.7		0.869469
436.8		0.869469
436.9		0.869469
437		0.869469
437.1		0.871768
437.2		0.871768
437.3		0.871768
437.4		0.871768
437.5		0.871768
437.6		0.871768
437.7		0.871768
437.8		0.871768
437.9		0.871768
438		0.871768
438.1		0.872835
438.2		0.872835
438.3		0.872835
438.4		0.872835
438.5		0.872835
438.6		0.872835
438.7		0.872835
438.8		0.872835
438.9		0.872835
439		0.872835
439.1		0.874477
439.2		0.874477
439.3		0.874477
439.4		0.874477
439.5		0.874477
439.6		0.874477
439.7		0.874477
439.8		0.874477
439.9		0.874477
440		0.874477
440.1		0.877268
440.2		0.877268
440.3		0.877268
440.4		0.877268
440.5		0.877268
440.6		0.877268
440.7		0.877268
440.8		0.877268
440.9		0.877268
441		0.877268
441.1		0.880798
441.2		0.880798
441.3		0.880798
441.4		0.880798
441.5		0.880798
441.6		0.880798
441.7		0.880798
441.8		0.880798
441.9		0.880798
442		0.880798
442.1		0.882768
442.2		0.882768
442.3		0.882768
442.4		0.882768
442.5		0.882768
442.6		0.882768
442.7		0.882768
442.8		0.882768
442.9		0.882768
443		0.882768
443.1		0.884287
443.2		0.884287
443.3		0.884287
443.4		0.884287
443.5		0.884287
443.6		0.884287
443.7		0.884287
443.8		0.884287
443.9		0.884287
444		0.884287
444.1		0.884369
444.2		0.884369
444.3		0.884369
444.4		0.884369
444.5		0.884369
444.6		0.884369
444.7		0.884369
444.8		0.884369
444.9		0.884369
445		0.884369
445.1		0.885272
445.2		0.885272
445.3		0.885272
445.4		0.885272
445.5		0.885272
445.6		0.885272
445.7		0.885272
445.8		0.885272
445.9		0.885272
446		0.885272
446.1		0.891963
446.2		0.891963
446.3		0.891963
446.4		0.891963
446.5		0.891963
446.6		0.891963
446.7		0.891963
446.8		0.891963
446.9		0.891963
447		0.891963
447.1		0.89303
447.2		0.89303
447.3		0.89303
447.4		0.89303
447.5		0.89303
447.6		0.89303
447.7		0.89303
447.8		0.89303
447.9		0.89303
448		0.89303
448.1		0.895534
448.2		0.895534
448.3		0.895534
448.4		0.895534
448.5		0.895534
448.6		0.895534
448.7		0.895534
448.8		0.895534
448.9		0.895534
449		0.895534
449.1		0.895986
449.2		0.895986
449.3		0.895986
449.4		0.895986
449.5		0.895986
449.6		0.895986
449.7		0.895986
449.8		0.895986
449.9		0.895986
450		0.895986
450.1		0.900542
450.2		0.900542
450.3		0.900542
450.4		0.900542
450.5		0.900542
450.6		0.900542
450.7		0.900542
450.8		0.900542
450.9		0.900542
451		0.900542
451.1		0.901855
451.2		0.901855
451.3		0.901855
451.4		0.901855
451.5		0.901855
451.6		0.901855
451.7		0.901855
451.8		0.901855
451.9		0.901855
452		0.901855
452.1		0.904441
452.2		0.904441
452.3		0.904441
452.4		0.904441
452.5		0.904441
452.6		0.904441
452.7		0.904441
452.8		0.904441
452.9		0.904441
453		0.904441
453.1		0.905385
453.2		0.905385
453.3		0.905385
453.4		0.905385
453.5		0.905385
453.6		0.905385
453.7		0.905385
453.8		0.905385
453.9		0.905385
454		0.905385
454.1		0.90555
454.2		0.90555
454.3		0.90555
454.4		0.90555
454.5		0.90555
454.6		0.90555
454.7		0.90555
454.8		0.90555
454.9		0.90555
455		0.90555
455.1		0.910434
455.2		0.910434
455.3		0.910434
455.4		0.910434
455.5		0.910434
455.6		0.910434
455.7		0.910434
455.8		0.910434
455.9		0.910434
456		0.910434
456.1		0.91339
456.2		0.91339
456.3		0.91339
456.4		0.91339
456.5		0.91339
456.6		0.91339
456.7		0.91339
456.8		0.91339
456.9		0.91339
457		0.91339
457.1		0.915319
457.2		0.915319
457.3		0.915319
457.4		0.915319
457.5		0.915319
457.6		0.915319
457.7		0.915319
457.8		0.915319
457.9		0.915319
458		0.915319
458.1		0.915565
458.2		0.915565
458.3		0.915565
458.4		0.915565
458.5		0.915565
458.6		0.915565
458.7		0.915565
458.8		0.915565
458.9		0.915565
459		0.915565
459.1		0.916099
459.2		0.916099
459.3		0.916099
459.4		0.916099
459.5		0.916099
459.6		0.916099
459.7		0.916099
459.8		0.916099
459.9		0.916099
460		0.916099
460.1		0.917905
460.2		0.917905
460.3		0.917905
460.4		0.917905
460.5		0.917905
460.6		0.917905
460.7		0.917905
460.8		0.917905
460.9		0.917905
461		0.917905
461.1		0.921969
461.2		0.921969
461.3		0.921969
461.4		0.921969
461.5		0.921969
461.6		0.921969
461.7		0.921969
461.8		0.921969
461.9		0.921969
462		0.921969
462.1		0.923939
462.2		0.923939
462.3		0.923939
462.4		0.923939
462.5		0.923939
462.6		0.923939
462.7		0.923939
462.8		0.923939
462.9		0.923939
463		0.923939
463.1		0.924883
463.2		0.924883
463.3		0.924883
463.4		0.924883
463.5		0.924883
463.6		0.924883
463.7		0.924883
463.8		0.924883
463.9		0.924883
464		0.924883
464.1		0.928126
464.2		0.928126
464.3		0.928126
464.4		0.928126
464.5		0.928126
464.6		0.928126
464.7		0.928126
464.8		0.928126
464.9		0.928126
465		0.928126
465.1		0.929193
465.2		0.929193
465.3		0.929193
465.4		0.929193
465.5		0.929193
465.6		0.929193
465.7		0.929193
465.8		0.929193
465.9		0.929193
466		0.929193
466.1		0.931656
466.2		0.931656
466.3		0.931656
466.4		0.931656
466.5		0.931656
466.6		0.931656
466.7		0.931656
466.8		0.931656
466.9		0.931656
467		0.931656
467.1		0.933544
467.2		0.933544
467.3		0.933544
467.4		0.933544
467.5		0.933544
467.6		0.933544
467.7		0.933544
467.8		0.933544
467.9		0.933544
468		0.933544
468.1		0.937526
468.2		0.937526
468.3		0.937526
468.4		0.937526
468.5		0.937526
468.6		0.937526
468.7		0.937526
468.8		0.937526
468.9		0.937526
469		0.937526
469.1		0.937772
469.2		0.937772
469.3		0.937772
469.4		0.937772
469.5		0.937772
469.6		0.937772
469.7		0.937772
469.8		0.937772
469.9		0.937772
470		0.937772
470.1		0.9381
470.2		0.9381
470.3		0.9381
470.4		0.9381
470.5		0.9381
470.6		0.9381
470.7		0.9381
470.8		0.9381
470.9		0.9381
471		0.9381
471.1		0.93888
471.2		0.93888
471.3		0.93888
471.4		0.93888
471.5		0.93888
471.6		0.93888
471.7		0.93888
471.8		0.93888
471.9		0.93888
472		0.93888
472.1		0.943929
472.2		0.943929
472.3		0.943929
472.4		0.943929
472.5		0.943929
472.6		0.943929
472.7		0.943929
472.8		0.943929
472.9		0.943929
473		0.943929
473.1		0.94631
473.2		0.94631
473.3		0.94631
473.4		0.94631
473.5		0.94631
473.6		0.94631
473.7		0.94631
473.8		0.94631
473.9		0.94631
474		0.94631
474.1		0.947459
474.2		0.947459
474.3		0.947459
474.4		0.947459
474.5		0.947459
474.6		0.947459
474.7		0.947459
474.8		0.947459
474.9		0.947459
475		0.947459
475.1		0.94947
475.2		0.94947
475.3		0.94947
475.4		0.94947
475.5		0.94947
475.6		0.94947
475.7		0.94947
475.8		0.94947
475.9		0.94947
476		0.94947
476.1		0.951687
476.2		0.951687
476.3		0.951687
476.4		0.951687
476.5		0.951687
476.6		0.951687
476.7		0.951687
476.8		0.951687
476.9		0.951687
477		0.951687
477.1		0.953698
477.2		0.953698
477.3		0.953698
477.4		0.953698
477.5		0.953698
477.6		0.953698
477.7		0.953698
477.8		0.953698
477.9		0.953698
478		0.953698
478.1		0.954027
478.2		0.954027
478.3		0.954027
478.4		0.954027
478.5		0.954027
478.6		0.954027
478.7		0.954027
478.8		0.954027
478.9		0.954027
479		0.954027
479.1		0.95768
479.2		0.95768
479.3		0.95768
479.4		0.95768
479.5		0.95768
479.6		0.95768
479.7		0.95768
479.8		0.95768
479.9		0.95768
480		0.95768
480.1		0.95809
480.2		0.95809
480.3		0.95809
480.4		0.95809
480.5		0.95809
480.6		0.95809
480.7		0.95809
480.8		0.95809
480.9		0.95809
481		0.95809
481.1		0.960553
481.2		0.960553
481.3		0.960553
481.4		0.960553
481.5		0.960553
481.6		0.960553
481.7		0.960553
481.8		0.960553
481.9		0.960553
482		0.960553
482.1		0.961949
482.2		0.961949
482.3		0.961949
482.4		0.961949
482.5		0.961949
482.6		0.961949
482.7		0.961949
482.8		0.961949
482.9		0.961949
483		0.961949
483.1		0.963591
483.2		0.963591
483.3		0.963591
483.4		0.963591
483.5		0.963591
483.6		0.963591
483.7		0.963591
483.8		0.963591
483.9		0.963591
484		0.963591
484.1		0.965233
484.2		0.965233
484.3		0.965233
484.4		0.965233
484.5		0.965233
484.6		0.965233
484.7		0.965233
484.8		0.965233
484.9		0.965233
485		0.965233
485.1		0.967326
485.2		0.967326
485.3		0.967326
485.4		0.967326
485.5		0.967326
485.6		0.967326
485.7		0.967326
485.8		0.967326
485.9		0.967326
486		0.967326
486.1		0.97258
486.2		0.97258
486.3		0.97258
486.4		0.97258
486.5		0.97258
486.6		0.97258
486.7		0.97258
486.8		0.97258
486.9		0.97258
487		0.97258
487.1		0.972909
487.2		0.972909
487.3		0.972909
487.4		0.972909
487.5		0.972909
487.6		0.972909
487.7		0.972909
487.8		0.972909
487.9		0.972909
488		0.972909
488.1		0.974386
488.2		0.974386
488.3		0.974386
488.4		0.974386
488.5		0.974386
488.6		0.974386
488.7		0.974386
488.8		0.974386
488.9		0.974386
489		0.974386
489.1		0.977178
489.2		0.977178
489.3		0.977178
489.4		0.977178
489.5		0.977178
489.6		0.977178
489.7		0.977178
489.8		0.977178
489.9		0.977178
490		0.977178
490.1		0.979107
490.2		0.979107
490.3		0.979107
490.4		0.979107
490.5		0.979107
490.6		0.979107
490.7		0.979107
490.8		0.979107
490.9		0.979107
491		0.979107
491.1		0.982555
491.2		0.982555
491.3		0.982555
491.4		0.982555
491.5		0.982555
491.6		0.982555
491.7		0.982555
491.8		0.982555
491.9		0.982555
492		0.982555
492.1		0.983088
492.2		0.983088
492.3		0.983088
492.4		0.983088
492.5		0.983088
492.6		0.983088
492.7		0.983088
492.8		0.983088
492.9		0.983088
493		0.983088
493.1		0.9851
493.2		0.9851
493.3		0.9851
493.4		0.9851
493.5		0.9851
493.6		0.9851
493.7		0.9851
493.8		0.9851
493.9		0.9851
494		0.9851
494.1		0.989369
494.2		0.989369
494.3		0.989369
494.4		0.989369
494.5		0.989369
494.6		0.989369
494.7		0.989369
494.8		0.989369
494.9		0.989369
495		0.989369
495.1		0.990025
495.2		0.990025
495.3		0.990025
495.4		0.990025
495.5		0.990025
495.6		0.990025
495.7		0.990025
495.8		0.990025
495.9		0.990025
496		0.990025
496.1		0.99138
496.2		0.99138
496.3		0.99138
496.4		0.99138
496.5		0.99138
496.6		0.99138
496.7		0.99138
496.8		0.99138
496.9		0.99138
497		0.99138
497.1		0.992488
497.2		0.992488
497.3		0.992488
497.4		0.992488
497.5		0.992488
497.6		0.992488
497.7		0.992488
497.8		0.992488
497.9		0.992488
498		0.992488
498.1		0.998563
498.2		0.998563
498.3		0.998563
498.4		0.998563
498.5		0.998563
498.6		0.998563
498.7		0.998563
498.8		0.998563
498.9		0.998563
499		0.998563
499.1		0.999015
499.2		0.999015
499.3		0.999015
499.4		0.999015
499.5		0.999015
499.6		0.999015
499.7		0.999015
499.8		0.999015
499.9		0.999015
500		0.999015
500.1		0.999795
500.2		0.999795
500.3		0.999795
500.4		0.999795
500.5		0.999795
500.6		0.999795
500.7		0.999795
500.8		0.999795
500.9		0.999795
501		0.999795
501.1		1
501.2		1
501.3		1
501.4		1
501.5		1
501.6		1
501.7		1
501.8		1
501.9		1
502		1
502.1		1
502.2		1
502.3		1
502.4		1
502.5		1
502.6		1
502.7		1
502.8		1
502.9		1
503		1
503.1		1
503.2		1
503.3		1
503.4		1
503.5		1
503.6		1
503.7		1
503.8		1
503.9		1
504		1
504.1		1
504.2		1
504.3		1
504.4		1
504.5		1
504.6		1
504.7		1
504.8		1
504.9		1
505		1
505.1		1
505.2		1
505.3		1
505.4		1
505.5		1
505.6		1
505.7		1
505.8		1
505.9		1
506		1
506.1		1
506.2		1
506.3		1
506.4		1
506.5		1
506.6		1
506.7		1
506.8		1
506.9		1
507		1
507.1		1
507.2		1
507.3		1
507.4		1
507.5		1
507.6		1
507.7		1
507.8		1
507.9		1
508		1
508.1		1
508.2		1
508.3		1
508.4		1
508.5		1
508.6		1
508.7		1
508.8		1
508.9		1
509		1
509.1		1
509.2		1
509.3		1
509.4		1
509.5		1
509.6		1
509.7		1
509.8		1
509.9		1
510		1
510.1		1
510.2		1
510.3		1
510.4		1
510.5		1
510.6		1
510.7		1
510.8		1
510.9		1
511		1
511.1		1
511.2		1
511.3		1
511.4		1
511.5		1
511.6		1
511.7		1
511.8		1
511.9		1
512		1
512.1		1
512.2		1
512.3		1
512.4		1
512.5		1
512.6		1
512.7		1
512.8		1
512.9		1
513		1
513.1		1
513.2		1
513.3		1
513.4		1
513.5		1
513.6		1
513.7		1
513.8		1
513.9		1
514		1
514.1		1
514.2		1
514.3		1
514.4		1
514.5		1
514.6		1
514.7		1
514.8		1
514.9		1
515		1
515.1		1
515.2		1
515.3		1
515.4		1
515.5		1
515.6		1
515.7		1
515.8		1
515.9		1
516		1
516.1		1
516.2		1
516.3		1
516.4		1
516.5		1
516.6		1
516.7		1
516.8		1
516.9		1
517		1
517.1		1
517.2		1
517.3		1
517.4		1
517.5		1
517.6		1
517.7		1
517.8		1
517.9		1
518		1
518.1		1
518.2		1
518.3		1
518.4		1
518.5		1
518.6		1
518.7		1
518.8		1
518.9		1
519		1
519.1		1
519.2		1
519.3		1
519.4		1
519.5		1
519.6		1
519.7		1
519.8		1
519.9		1
520		1
520.1		1
520.2		1
520.3		1
520.4		1
520.5		1
520.6		1
520.7		1
520.8		1
520.9		1
521		1
521.1		1
521.2		1
521.3		1
521.4		1
521.5		1
521.6		1
521.7		1
521.8		1
521.9		1
522		1
522.1		1
522.2		1
522.3		1
522.4		1
522.5		1
522.6		1
522.7		1
522.8		1
522.9		1
523		1
523.1		1
523.2		1
523.3		1
523.4		1
523.5		1
523.6		1
523.7		1
523.8		1
523.9		1
524		1
524.1		1
524.2		1
524.3		1
524.4		1
524.5		1
524.6		1
524.7		1
524.8		1
524.9		1
525		1
525.1		1
525.2		1
525.3		1
525.4		1
525.5		1
525.6		1
525.7		1
525.8		1
525.9		1
526		1
526.1		1
526.2		1
526.3		1
526.4		1
526.5		1
526.6		1
526.7		1
526.8		1
526.9		1
527		1
527.1		1
527.2		1
527.3		1
527.4		1
527.5		1
527.6		1
527.7		1
527.8		1
527.9		1
528		1
528.1		1
528.2		1
528.3		1
528.4		1
528.5		1
528.6		1
528.7		1
528.8		1
528.9		1
529		1
529.1		1
529.2		1
529.3		1
529.4		1
529.5		1
529.6		1
529.7		1
529.8		1
529.9		1
530		1
530.1		1
530.2		1
530.3		1
530.4		1
530.5		1
530.6		1
530.7		1
530.8		1
530.9		1
531		1
531.1		1
531.2		1
531.3		1
531.4		1
531.5		1
531.6		1
531.7		1
531.8		1
531.9		1
532		1
532.1		1
532.2		1
532.3		1
532.4		1
532.5		1
532.6		1
532.7		1
532.8		1
532.9		1
533		1
533.1		1
533.2		1
533.3		1
533.4		1
533.5		1
533.6		1
533.7		1
533.8		1
533.9		1
534		1
534.1		1
534.2		1
534.3		1
534.4		1
534.5		1
534.6		1
534.7		1
534.8		1
534.9		1
535		1
535.1		1
535.2		1
535.3		1
535.4		1
535.5		1
535.6		1
535.7		1
535.8		1
535.9		1
536		1
536.1		1
536.2		1
536.3		1
536.4		1
536.5		1
536.6		1
536.7		1
536.8		1
536.9		1
537		1
537.1		1
537.2		1
537.3		1
537.4		1
537.5		1
537.6		1
537.7		1
537.8		1
537.9		1
538		1
538.1		1
538.2		1
538.3		1
538.4		1
538.5		1
538.6		1
538.7		1
538.8		1
538.9		1
539		1
539.1		1
539.2		1
539.3		1
539.4		1
539.5		1
539.6		1
539.7		1
539.8		1
539.9		1
540		1
540.1		1
540.2		1
540.3		1
540.4		1
540.5		1
540.6		1
540.7		1
540.8		1
540.9		1
541		1
541.1		1
541.2		1
541.3		1
541.4		1
541.5		1
541.6		1
541.7		1
541.8		1
541.9		1
542		1
542.1		1
542.2		1
542.3		1
542.4		1
542.5		1
542.6		1
542.7		1
542.8		1
542.9		1
543		1
543.1		1
543.2		1
543.3		1
543.4		1
543.5		1
543.6		1
543.7		1
543.8		1
543.9		1
544		1
544.1		1
544.2		1
544.3		1
544.4		1
544.5		1
544.6		1
544.7		1
544.8		1
544.9		1
545		1
545.1		1
545.2		1
545.3		1
545.4		1
545.5		1
545.6		1
545.7		1
545.8		1
545.9		1
546		1
546.1		1
546.2		1
546.3		1
546.4		1
546.5		1
546.6		1
546.7		1
546.8		1
546.9		1
547		1
547.1		1
547.2		1
547.3		1
547.4		1
547.5		1
547.6		1
547.7		1
547.8		1
547.9		1
548		1
548.1		1
548.2		1
548.3		1
548.4		1
548.5		1
548.6		1
548.7		1
548.8		1
548.9		1
549		1
549.1		1
549.2		1
549.3		1
549.4		1
549.5		1
549.6		1
549.7		1
549.8		1
549.9		1
550		1
550.1		1
550.2		1
550.3		1
550.4		1
550.5		1
550.6		1
550.7		1
550.8		1
550.9		1
551		1
551.1		1
551.2		1
551.3		1
551.4		1
551.5		1
551.6		1
551.7		1
551.8		1
551.9		1
552		1
552.1		1
552.2		1
552.3		1
552.4		1
552.5		1
552.6		1
552.7		1
552.8		1
552.9		1
553		1
553.1		1
553.2		1
553.3		1
553.4		1
553.5		1
553.6		1
553.7		1
553.8		1
553.9		1
554		1
554.1		1
554.2		1
554.3		1
554.4		1
554.5		1
554.6		1
554.7		1
554.8		1
554.9		1
555		1
555.1		1
555.2		1
555.3		1
555.4		1
555.5		1
555.6		1
555.7		1
555.8		1
555.9		1
556		1
556.1		1
556.2		1
556.3		1
556.4		1
556.5		1
556.6		1
556.7		1
556.8		1
556.9		1
557		1
557.1		1
557.2		1
557.3		1
557.4		1
557.5		1
557.6		1
557.7		1
557.8		1
557.9		1
558		1
558.1		1
558.2		1
558.3		1
558.4		1
558.5		1
558.6		1
558.7		1
558.8		1
558.9		1
559		1
559.1		1
559.2		1
559.3		1
559.4		1
559.5		1
559.6		1
559.7		1
559.8		1
559.9		1
560		1
560.1		1
560.2		1
560.3		1
560.4		1
560.5		1
560.6		1
560.7		1
560.8		1
560.9		1
561		1
561.1		1
561.2		1
561.3		1
561.4		1
561.5		1
561.6		1
561.7		1
561.8		1
561.9		1
562		1
562.1		1
562.2		1
562.3		1
562.4		1
562.5		1
562.6		1
562.7		1
562.8		1
562.9		1
563		1
563.1		1
563.2		1
563.3		1
563.4		1
563.5		1
563.6		1
563.7		1
563.8		1
563.9		1
564		1
564.1		1
564.2		1
564.3		1
564.4		1
564.5		1
564.6		1
564.7		1
564.8		1
564.9		1
565		1
565.1		1
565.2		1
565.3		1
565.4		1
565.5		1
565.6		1
565.7		1
565.8		1
565.9		1
566		1
566.1		1
566.2		1
566.3		1
566.4		1
566.5		1
566.6		1
566.7		1
566.8		1
566.9		1
567		1
567.1		1
567.2		1
567.3		1
567.4		1
567.5		1
567.6		1
567.7		1
567.8		1
567.9		1
568		1
568.1		1
568.2		1
568.3		1
568.4		1
568.5		1
568.6		1
568.7		1
568.8		1
568.9		1
569		1
569.1		1
569.2		1
569.3		1
569.4		1
569.5		1
569.6		1
569.7		1
569.8		1
569.9		1
570		1
570.1		1
570.2		1
570.3		1
570.4		1
570.5		1
570.6		1
570.7		1
570.8		1
570.9		1
571		1
571.1		1
571.2		1
571.3		1
571.4		1
571.5		1
571.6		1
571.7		1
571.8		1
571.9		1
572		1
572.1		1
572.2		1
572.3		1
572.4		1
572.5		1
572.6		1
572.7		1
572.8		1
572.9		1
573		1
573.1		1
573.2		1
573.3		1
573.4		1
573.5		1
573.6		1
573.7		1
573.8		1
573.9		1
574		1
574.1		1
574.2		1
574.3		1
574.4		1
574.5		1
574.6		1
574.7		1
574.8		1
574.9		1
575		1
575.1		1
575.2		1
575.3		1
575.4		1
575.5		1
575.6		1
575.7		1
575.8		1
575.9		1
576		1
576.1		1
576.2		1
576.3		1
576.4		1
576.5		1
576.6		1
576.7		1
576.8		1
576.9		1
577		1
577.1		1
577.2		1
577.3		1
577.4		1
577.5		1
577.6		1
577.7		1
577.8		1
577.9		1
578		1
578.1		1
578.2		1
578.3		1
578.4		1
578.5		1
578.6		1
578.7		1
578.8		1
578.9		1
579		1
579.1		1
579.2		1
579.3		1
579.4		1
579.5		1
579.6		1
579.7		1
579.8		1
579.9		1
580		1
580.1		1
580.2		1
580.3		1
580.4		1
580.5		1
580.6		1
580.7		1
580.8		1
580.9		1
581		1
581.1		1
581.2		1
581.3		1
581.4		1
581.5		1
581.6		1
581.7		1
581.8		1
581.9		1
582		1
582.1		1
582.2		1
582.3		1
582.4		1
582.5		1
582.6		1
582.7		1
582.8		1
582.9		1
583		1
583.1		1
583.2		1
583.3		1
583.4		1
583.5		1
583.6		1
583.7		1
583.8		1
583.9		1
584		1
584.1		1
584.2		1
584.3		1
584.4		1
584.5		1
584.6		1
584.7		1
584.8		1
584.9		1
585		1
585.1		1
585.2		1
585.3		1
585.4		1
585.5		1
585.6		1
585.7		1
585.8		1
585.9		1
586		1
586.1		1
586.2		1
586.3		1
586.4		1
586.5		1
586.6		1
586.7		1
586.8		1
586.9		1
587		1
587.1		1
587.2		1
587.3		1
587.4		1
587.5		1
587.6		1
587.7		1
587.8		1
587.9		1
588		1
588.1		1
588.2		1
588.3		1
588.4		1
588.5		1
588.6		1
588.7		1
588.8		1
588.9		1
589		1
589.1		1
589.2		1
589.3		1
589.4		1
589.5		1
589.6		1
589.7		1
589.8		1
589.9		1
590		1
590.1		1
590.2		1
590.3		1
590.4		1
590.5		1
590.6		1
590.7		1
590.8		1
590.9		1
591		1
591.1		1
591.2		1
591.3		1
591.4		1
591.5		1
591.6		1
591.7		1
591.8		1
591.9		1
592		1
592.1		1
592.2		1
592.3		1
592.4		1
592.5		1
592.6		1
592.7		1
592.8		1
592.9		1
593		1
593.1		1
593.2		1
593.3		1
593.4		1
593.5		1
593.6		1
593.7		1
593.8		1
593.9		1
594		1
594.1		1
594.2		1
594.3		1
594.4		1
594.5		1
594.6		1
594.7		1
594.8		1
594.9		1
595		1
595.1		1
595.2		1
595.3		1
595.4		1
595.5		1
595.6		1
595.7		1
595.8		1
595.9		1
596		1
596.1		1
596.2		1
596.3		1
596.4		1
596.5		1
596.6		1
596.7		1
596.8		1
596.9		1
597		1
597.1		1
597.2		1
597.3		1
597.4		1
597.5		1
597.6		1
597.7		1
597.8		1
597.9		1
598		1
598.1		1
598.2		1
598.3		1
598.4		1
598.5		1
598.6		1
598.7		1
598.8		1
598.9		1
599		1
599.1		1
599.2		1
599.3		1
599.4		1
599.5		1
599.6		1
599.7		1
599.8		1
599.9		1
600		1
