# Calibration file of tamex_id 1 @ channel 13
# fine_T bin		 Calibration value
0.1		0
0.2		0
0.3		0
0.4		0
0.5		0
0.6		0
0.7		0
0.8		0
0.9		0
1		0
1.1		0
1.2		0
1.3		0
1.4		0
1.5		0
1.6		0
1.7		0
1.8		0
1.9		0
2		0
2.1		0
2.2		0
2.3		0
2.4		0
2.5		0
2.6		0
2.7		0
2.8		0
2.9		0
3		0
3.1		0
3.2		0
3.3		0
3.4		0
3.5		0
3.6		0
3.7		0
3.8		0
3.9		0
4		0
4.1		0
4.2		0
4.3		0
4.4		0
4.5		0
4.6		0
4.7		0
4.8		0
4.9		0
5		0
5.1		0
5.2		0
5.3		0
5.4		0
5.5		0
5.6		0
5.7		0
5.8		0
5.9		0
6		0
6.1		0
6.2		0
6.3		0
6.4		0
6.5		0
6.6		0
6.7		0
6.8		0
6.9		0
7		0
7.1		0
7.2		0
7.3		0
7.4		0
7.5		0
7.6		0
7.7		0
7.8		0
7.9		0
8		0
8.1		0
8.2		0
8.3		0
8.4		0
8.5		0
8.6		0
8.7		0
8.8		0
8.9		0
9		0
9.1		0
9.2		0
9.3		0
9.4		0
9.5		0
9.6		0
9.7		0
9.8		0
9.9		0
10		0
10.1		0
10.2		0
10.3		0
10.4		0
10.5		0
10.6		0
10.7		0
10.8		0
10.9		0
11		0
11.1		0
11.2		0
11.3		0
11.4		0
11.5		0
11.6		0
11.7		0
11.8		0
11.9		0
12		0
12.1		0
12.2		0
12.3		0
12.4		0
12.5		0
12.6		0
12.7		0
12.8		0
12.9		0
13		0
13.1		0
13.2		0
13.3		0
13.4		0
13.5		0
13.6		0
13.7		0
13.8		0
13.9		0
14		0
14.1		0
14.2		0
14.3		0
14.4		0
14.5		0
14.6		0
14.7		0
14.8		0
14.9		0
15		0
15.1		0
15.2		0
15.3		0
15.4		0
15.5		0
15.6		0
15.7		0
15.8		0
15.9		0
16		0
16.1		0.00273655
16.2		0.00273655
16.3		0.00273655
16.4		0.00273655
16.5		0.00273655
16.6		0.00273655
16.7		0.00273655
16.8		0.00273655
16.9		0.00273655
17		0.00273655
17.1		0.00796086
17.2		0.00796086
17.3		0.00796086
17.4		0.00796086
17.5		0.00796086
17.6		0.00796086
17.7		0.00796086
17.8		0.00796086
17.9		0.00796086
18		0.00796086
18.1		0.00854134
18.2		0.00854134
18.3		0.00854134
18.4		0.00854134
18.5		0.00854134
18.6		0.00854134
18.7		0.00854134
18.8		0.00854134
18.9		0.00854134
19		0.00854134
19.1		0.00982669
19.2		0.00982669
19.3		0.00982669
19.4		0.00982669
19.5		0.00982669
19.6		0.00982669
19.7		0.00982669
19.8		0.00982669
19.9		0.00982669
20		0.00982669
20.1		0.0157559
20.2		0.0157559
20.3		0.0157559
20.4		0.0157559
20.5		0.0157559
20.6		0.0157559
20.7		0.0157559
20.8		0.0157559
20.9		0.0157559
21		0.0157559
21.1		0.0185753
21.2		0.0185753
21.3		0.0185753
21.4		0.0185753
21.5		0.0185753
21.6		0.0185753
21.7		0.0185753
21.8		0.0185753
21.9		0.0185753
22		0.0185753
22.1		0.0188656
22.2		0.0188656
22.3		0.0188656
22.4		0.0188656
22.5		0.0188656
22.6		0.0188656
22.7		0.0188656
22.8		0.0188656
22.9		0.0188656
23		0.0188656
23.1		0.019529
23.2		0.019529
23.3		0.019529
23.4		0.019529
23.5		0.019529
23.6		0.019529
23.7		0.019529
23.8		0.019529
23.9		0.019529
24		0.019529
24.1		0.0215607
24.2		0.0215607
24.3		0.0215607
24.4		0.0215607
24.5		0.0215607
24.6		0.0215607
24.7		0.0215607
24.8		0.0215607
24.9		0.0215607
25		0.0215607
25.1		0.0257899
25.2		0.0257899
25.3		0.0257899
25.4		0.0257899
25.5		0.0257899
25.6		0.0257899
25.7		0.0257899
25.8		0.0257899
25.9		0.0257899
26		0.0257899
26.1		0.0264533
26.2		0.0264533
26.3		0.0264533
26.4		0.0264533
26.5		0.0264533
26.6		0.0264533
26.7		0.0264533
26.8		0.0264533
26.9		0.0264533
27		0.0264533
27.1		0.0275728
27.2		0.0275728
27.3		0.0275728
27.4		0.0275728
27.5		0.0275728
27.6		0.0275728
27.7		0.0275728
27.8		0.0275728
27.9		0.0275728
28		0.0275728
28.1		0.0287752
28.2		0.0287752
28.3		0.0287752
28.4		0.0287752
28.5		0.0287752
28.6		0.0287752
28.7		0.0287752
28.8		0.0287752
28.9		0.0287752
29		0.0287752
29.1		0.0314288
29.2		0.0314288
29.3		0.0314288
29.4		0.0314288
29.5		0.0314288
29.6		0.0314288
29.7		0.0314288
29.8		0.0314288
29.9		0.0314288
30		0.0314288
30.1		0.0342483
30.2		0.0342483
30.3		0.0342483
30.4		0.0342483
30.5		0.0342483
30.6		0.0342483
30.7		0.0342483
30.8		0.0342483
30.9		0.0342483
31		0.0342483
31.1		0.0348702
31.2		0.0348702
31.3		0.0348702
31.4		0.0348702
31.5		0.0348702
31.6		0.0348702
31.7		0.0348702
31.8		0.0348702
31.9		0.0348702
32		0.0348702
32.1		0.0371507
32.2		0.0371507
32.3		0.0371507
32.4		0.0371507
32.5		0.0371507
32.6		0.0371507
32.7		0.0371507
32.8		0.0371507
32.9		0.0371507
33		0.0371507
33.1		0.0376482
33.2		0.0376482
33.3		0.0376482
33.4		0.0376482
33.5		0.0376482
33.6		0.0376482
33.7		0.0376482
33.8		0.0376482
33.9		0.0376482
34		0.0376482
34.1		0.0422091
34.2		0.0422091
34.3		0.0422091
34.4		0.0422091
34.5		0.0422091
34.6		0.0422091
34.7		0.0422091
34.8		0.0422091
34.9		0.0422091
35		0.0422091
35.1		0.043992
35.2		0.043992
35.3		0.043992
35.4		0.043992
35.5		0.043992
35.6		0.043992
35.7		0.043992
35.8		0.043992
35.9		0.043992
36		0.043992
36.1		0.0440335
36.2		0.0440335
36.3		0.0440335
36.4		0.0440335
36.5		0.0440335
36.6		0.0440335
36.7		0.0440335
36.8		0.0440335
36.9		0.0440335
37		0.0440335
37.1		0.046853
37.2		0.046853
37.3		0.046853
37.4		0.046853
37.5		0.046853
37.6		0.046853
37.7		0.046853
37.8		0.046853
37.9		0.046853
38		0.046853
38.1		0.0481798
38.2		0.0481798
38.3		0.0481798
38.4		0.0481798
38.5		0.0481798
38.6		0.0481798
38.7		0.0481798
38.8		0.0481798
38.9		0.0481798
39		0.0481798
39.1		0.0498798
39.2		0.0498798
39.3		0.0498798
39.4		0.0498798
39.5		0.0498798
39.6		0.0498798
39.7		0.0498798
39.8		0.0498798
39.9		0.0498798
40		0.0498798
40.1		0.0534041
40.2		0.0534041
40.3		0.0534041
40.4		0.0534041
40.5		0.0534041
40.6		0.0534041
40.7		0.0534041
40.8		0.0534041
40.9		0.0534041
41		0.0534041
41.1		0.0550211
41.2		0.0550211
41.3		0.0550211
41.4		0.0550211
41.5		0.0550211
41.6		0.0550211
41.7		0.0550211
41.8		0.0550211
41.9		0.0550211
42		0.0550211
42.1		0.0580479
42.2		0.0580479
42.3		0.0580479
42.4		0.0580479
42.5		0.0580479
42.6		0.0580479
42.7		0.0580479
42.8		0.0580479
42.9		0.0580479
43		0.0580479
43.1		0.058504
43.2		0.058504
43.3		0.058504
43.4		0.058504
43.5		0.058504
43.6		0.058504
43.7		0.058504
43.8		0.058504
43.9		0.058504
44		0.058504
44.1		0.0590016
44.2		0.0590016
44.3		0.0590016
44.4		0.0590016
44.5		0.0590016
44.6		0.0590016
44.7		0.0590016
44.8		0.0590016
44.9		0.0590016
45		0.0590016
45.1		0.0598308
45.2		0.0598308
45.3		0.0598308
45.4		0.0598308
45.5		0.0598308
45.6		0.0598308
45.7		0.0598308
45.8		0.0598308
45.9		0.0598308
46		0.0598308
46.1		0.0648064
46.2		0.0648064
46.3		0.0648064
46.4		0.0648064
46.5		0.0648064
46.6		0.0648064
46.7		0.0648064
46.8		0.0648064
46.9		0.0648064
47		0.0648064
47.1		0.0651795
47.2		0.0651795
47.3		0.0651795
47.4		0.0651795
47.5		0.0651795
47.6		0.0651795
47.7		0.0651795
47.8		0.0651795
47.9		0.0651795
48		0.0651795
48.1		0.067999
48.2		0.067999
48.3		0.067999
48.4		0.067999
48.5		0.067999
48.6		0.067999
48.7		0.067999
48.8		0.067999
48.9		0.067999
49		0.067999
49.1		0.0688697
49.2		0.0688697
49.3		0.0688697
49.4		0.0688697
49.5		0.0688697
49.6		0.0688697
49.7		0.0688697
49.8		0.0688697
49.9		0.0688697
50		0.0688697
50.1		0.0706112
50.2		0.0706112
50.3		0.0706112
50.4		0.0706112
50.5		0.0706112
50.6		0.0706112
50.7		0.0706112
50.8		0.0706112
50.9		0.0706112
51		0.0706112
51.1		0.0718136
51.2		0.0718136
51.3		0.0718136
51.4		0.0718136
51.5		0.0718136
51.6		0.0718136
51.7		0.0718136
51.8		0.0718136
51.9		0.0718136
52		0.0718136
52.1		0.0753794
52.2		0.0753794
52.3		0.0753794
52.4		0.0753794
52.5		0.0753794
52.6		0.0753794
52.7		0.0753794
52.8		0.0753794
52.9		0.0753794
53		0.0753794
53.1		0.0755867
53.2		0.0755867
53.3		0.0755867
53.4		0.0755867
53.5		0.0755867
53.6		0.0755867
53.7		0.0755867
53.8		0.0755867
53.9		0.0755867
54		0.0755867
54.1		0.079194
54.2		0.079194
54.3		0.079194
54.4		0.079194
54.5		0.079194
54.6		0.079194
54.7		0.079194
54.8		0.079194
54.9		0.079194
55		0.079194
55.1		0.0804378
55.2		0.0804378
55.3		0.0804378
55.4		0.0804378
55.5		0.0804378
55.6		0.0804378
55.7		0.0804378
55.8		0.0804378
55.9		0.0804378
56		0.0804378
56.1		0.0831744
56.2		0.0831744
56.3		0.0831744
56.4		0.0831744
56.5		0.0831744
56.6		0.0831744
56.7		0.0831744
56.8		0.0831744
56.9		0.0831744
57		0.0831744
57.1		0.0835476
57.2		0.0835476
57.3		0.0835476
57.4		0.0835476
57.5		0.0835476
57.6		0.0835476
57.7		0.0835476
57.8		0.0835476
57.9		0.0835476
58		0.0835476
58.1		0.0876938
58.2		0.0876938
58.3		0.0876938
58.4		0.0876938
58.5		0.0876938
58.6		0.0876938
58.7		0.0876938
58.8		0.0876938
58.9		0.0876938
59		0.0876938
59.1		0.0917157
59.2		0.0917157
59.3		0.0917157
59.4		0.0917157
59.5		0.0917157
59.6		0.0917157
59.7		0.0917157
59.8		0.0917157
59.9		0.0917157
60		0.0917157
60.1		0.092006
60.2		0.092006
60.3		0.092006
60.4		0.092006
60.5		0.092006
60.6		0.092006
60.7		0.092006
60.8		0.092006
60.9		0.092006
61		0.092006
61.1		0.0954474
61.2		0.0954474
61.3		0.0954474
61.4		0.0954474
61.5		0.0954474
61.6		0.0954474
61.7		0.0954474
61.8		0.0954474
61.9		0.0954474
62		0.0954474
62.1		0.0967327
62.2		0.0967327
62.3		0.0967327
62.4		0.0967327
62.5		0.0967327
62.6		0.0967327
62.7		0.0967327
62.8		0.0967327
62.9		0.0967327
63		0.0967327
63.1		0.0974791
63.2		0.0974791
63.3		0.0974791
63.4		0.0974791
63.5		0.0974791
63.6		0.0974791
63.7		0.0974791
63.8		0.0974791
63.9		0.0974791
64		0.0974791
64.1		0.0979766
64.2		0.0979766
64.3		0.0979766
64.4		0.0979766
64.5		0.0979766
64.6		0.0979766
64.7		0.0979766
64.8		0.0979766
64.9		0.0979766
65		0.0979766
65.1		0.102869
65.2		0.102869
65.3		0.102869
65.4		0.102869
65.5		0.102869
65.6		0.102869
65.7		0.102869
65.8		0.102869
65.9		0.102869
66		0.102869
66.1		0.103077
66.2		0.103077
66.3		0.103077
66.4		0.103077
66.5		0.103077
66.6		0.103077
66.7		0.103077
66.8		0.103077
66.9		0.103077
67		0.103077
67.1		0.106103
67.2		0.106103
67.3		0.106103
67.4		0.106103
67.5		0.106103
67.6		0.106103
67.7		0.106103
67.8		0.106103
67.9		0.106103
68		0.106103
68.1		0.10714
68.2		0.10714
68.3		0.10714
68.4		0.10714
68.5		0.10714
68.6		0.10714
68.7		0.10714
68.8		0.10714
68.9		0.10714
69		0.10714
69.1		0.10855
69.2		0.10855
69.3		0.10855
69.4		0.10855
69.5		0.10855
69.6		0.10855
69.7		0.10855
69.8		0.10855
69.9		0.10855
70		0.10855
70.1		0.108674
70.2		0.108674
70.3		0.108674
70.4		0.108674
70.5		0.108674
70.6		0.108674
70.7		0.108674
70.8		0.108674
70.9		0.108674
71		0.108674
71.1		0.113152
71.2		0.113152
71.3		0.113152
71.4		0.113152
71.5		0.113152
71.6		0.113152
71.7		0.113152
71.8		0.113152
71.9		0.113152
72		0.113152
72.1		0.113359
72.2		0.113359
72.3		0.113359
72.4		0.113359
72.5		0.113359
72.6		0.113359
72.7		0.113359
72.8		0.113359
72.9		0.113359
73		0.113359
73.1		0.117589
73.2		0.117589
73.3		0.117589
73.4		0.117589
73.5		0.117589
73.6		0.117589
73.7		0.117589
73.8		0.117589
73.9		0.117589
74		0.117589
74.1		0.117796
74.2		0.117796
74.3		0.117796
74.4		0.117796
74.5		0.117796
74.6		0.117796
74.7		0.117796
74.8		0.117796
74.9		0.117796
75		0.117796
75.1		0.118293
75.2		0.118293
75.3		0.118293
75.4		0.118293
75.5		0.118293
75.6		0.118293
75.7		0.118293
75.8		0.118293
75.9		0.118293
76		0.118293
76.1		0.121279
76.2		0.121279
76.3		0.121279
76.4		0.121279
76.5		0.121279
76.6		0.121279
76.7		0.121279
76.8		0.121279
76.9		0.121279
77		0.121279
77.1		0.12273
77.2		0.12273
77.3		0.12273
77.4		0.12273
77.5		0.12273
77.6		0.12273
77.7		0.12273
77.8		0.12273
77.9		0.12273
78		0.12273
78.1		0.123103
78.2		0.123103
78.3		0.123103
78.4		0.123103
78.5		0.123103
78.6		0.123103
78.7		0.123103
78.8		0.123103
78.9		0.123103
79		0.123103
79.1		0.126752
79.2		0.126752
79.3		0.126752
79.4		0.126752
79.5		0.126752
79.6		0.126752
79.7		0.126752
79.8		0.126752
79.9		0.126752
80		0.126752
80.1		0.130774
80.2		0.130774
80.3		0.130774
80.4		0.130774
80.5		0.130774
80.6		0.130774
80.7		0.130774
80.8		0.130774
80.9		0.130774
81		0.130774
81.1		0.131354
81.2		0.131354
81.3		0.131354
81.4		0.131354
81.5		0.131354
81.6		0.131354
81.7		0.131354
81.8		0.131354
81.9		0.131354
82		0.131354
82.1		0.131935
82.2		0.131935
82.3		0.131935
82.4		0.131935
82.5		0.131935
82.6		0.131935
82.7		0.131935
82.8		0.131935
82.9		0.131935
83		0.131935
83.1		0.133676
83.2		0.133676
83.3		0.133676
83.4		0.133676
83.5		0.133676
83.6		0.133676
83.7		0.133676
83.8		0.133676
83.9		0.133676
84		0.133676
84.1		0.137698
84.2		0.137698
84.3		0.137698
84.4		0.137698
84.5		0.137698
84.6		0.137698
84.7		0.137698
84.8		0.137698
84.9		0.137698
85		0.137698
85.1		0.140642
85.2		0.140642
85.3		0.140642
85.4		0.140642
85.5		0.140642
85.6		0.140642
85.7		0.140642
85.8		0.140642
85.9		0.140642
86		0.140642
86.1		0.141098
86.2		0.141098
86.3		0.141098
86.4		0.141098
86.5		0.141098
86.6		0.141098
86.7		0.141098
86.8		0.141098
86.9		0.141098
87		0.141098
87.1		0.142798
87.2		0.142798
87.3		0.142798
87.4		0.142798
87.5		0.142798
87.6		0.142798
87.7		0.142798
87.8		0.142798
87.9		0.142798
88		0.142798
88.1		0.144705
88.2		0.144705
88.3		0.144705
88.4		0.144705
88.5		0.144705
88.6		0.144705
88.7		0.144705
88.8		0.144705
88.9		0.144705
89		0.144705
89.1		0.146488
89.2		0.146488
89.3		0.146488
89.4		0.146488
89.5		0.146488
89.6		0.146488
89.7		0.146488
89.8		0.146488
89.9		0.146488
90		0.146488
90.1		0.150303
90.2		0.150303
90.3		0.150303
90.4		0.150303
90.5		0.150303
90.6		0.150303
90.7		0.150303
90.8		0.150303
90.9		0.150303
91		0.150303
91.1		0.152749
91.2		0.152749
91.3		0.152749
91.4		0.152749
91.5		0.152749
91.6		0.152749
91.7		0.152749
91.8		0.152749
91.9		0.152749
92		0.152749
92.1		0.152873
92.2		0.152873
92.3		0.152873
92.4		0.152873
92.5		0.152873
92.6		0.152873
92.7		0.152873
92.8		0.152873
92.9		0.152873
93		0.152873
93.1		0.157227
93.2		0.157227
93.3		0.157227
93.4		0.157227
93.5		0.157227
93.6		0.157227
93.7		0.157227
93.8		0.157227
93.9		0.157227
94		0.157227
94.1		0.158595
94.2		0.158595
94.3		0.158595
94.4		0.158595
94.5		0.158595
94.6		0.158595
94.7		0.158595
94.8		0.158595
94.9		0.158595
95		0.158595
95.1		0.161083
95.2		0.161083
95.3		0.161083
95.4		0.161083
95.5		0.161083
95.6		0.161083
95.7		0.161083
95.8		0.161083
95.9		0.161083
96		0.161083
96.1		0.162783
96.2		0.162783
96.3		0.162783
96.4		0.162783
96.5		0.162783
96.6		0.162783
96.7		0.162783
96.8		0.162783
96.9		0.162783
97		0.162783
97.1		0.163778
97.2		0.163778
97.3		0.163778
97.4		0.163778
97.5		0.163778
97.6		0.163778
97.7		0.163778
97.8		0.163778
97.9		0.163778
98		0.163778
98.1		0.167717
98.2		0.167717
98.3		0.167717
98.4		0.167717
98.5		0.167717
98.6		0.167717
98.7		0.167717
98.8		0.167717
98.9		0.167717
99		0.167717
99.1		0.168546
99.2		0.168546
99.3		0.168546
99.4		0.168546
99.5		0.168546
99.6		0.168546
99.7		0.168546
99.8		0.168546
99.9		0.168546
100		0.168546
100.1		0.168837
100.2		0.168837
100.3		0.168837
100.4		0.168837
100.5		0.168837
100.6		0.168837
100.7		0.168837
100.8		0.168837
100.9		0.168837
101		0.168837
101.1		0.172029
101.2		0.172029
101.3		0.172029
101.4		0.172029
101.5		0.172029
101.6		0.172029
101.7		0.172029
101.8		0.172029
101.9		0.172029
102		0.172029
102.1		0.172112
102.2		0.172112
102.3		0.172112
102.4		0.172112
102.5		0.172112
102.6		0.172112
102.7		0.172112
102.8		0.172112
102.9		0.172112
103		0.172112
103.1		0.176258
103.2		0.176258
103.3		0.176258
103.4		0.176258
103.5		0.176258
103.6		0.176258
103.7		0.176258
103.8		0.176258
103.9		0.176258
104		0.176258
104.1		0.177378
104.2		0.177378
104.3		0.177378
104.4		0.177378
104.5		0.177378
104.6		0.177378
104.7		0.177378
104.8		0.177378
104.9		0.177378
105		0.177378
105.1		0.179907
105.2		0.179907
105.3		0.179907
105.4		0.179907
105.5		0.179907
105.6		0.179907
105.7		0.179907
105.8		0.179907
105.9		0.179907
106		0.179907
106.1		0.182561
106.2		0.182561
106.3		0.182561
106.4		0.182561
106.5		0.182561
106.6		0.182561
106.7		0.182561
106.8		0.182561
106.9		0.182561
107		0.182561
107.1		0.182561
107.2		0.182561
107.3		0.182561
107.4		0.182561
107.5		0.182561
107.6		0.182561
107.7		0.182561
107.8		0.182561
107.9		0.182561
108		0.182561
108.1		0.184385
108.2		0.184385
108.3		0.184385
108.4		0.184385
108.5		0.184385
108.6		0.184385
108.7		0.184385
108.8		0.184385
108.9		0.184385
109		0.184385
109.1		0.188324
109.2		0.188324
109.3		0.188324
109.4		0.188324
109.5		0.188324
109.6		0.188324
109.7		0.188324
109.8		0.188324
109.9		0.188324
110		0.188324
110.1		0.191807
110.2		0.191807
110.3		0.191807
110.4		0.191807
110.5		0.191807
110.6		0.191807
110.7		0.191807
110.8		0.191807
110.9		0.191807
111		0.191807
111.1		0.193756
111.2		0.193756
111.3		0.193756
111.4		0.193756
111.5		0.193756
111.6		0.193756
111.7		0.193756
111.8		0.193756
111.9		0.193756
112		0.193756
112.1		0.194461
112.2		0.194461
112.3		0.194461
112.4		0.194461
112.5		0.194461
112.6		0.194461
112.7		0.194461
112.8		0.194461
112.9		0.194461
113		0.194461
113.1		0.196534
113.2		0.196534
113.3		0.196534
113.4		0.196534
113.5		0.196534
113.6		0.196534
113.7		0.196534
113.8		0.196534
113.9		0.196534
114		0.196534
114.1		0.198773
114.2		0.198773
114.3		0.198773
114.4		0.198773
114.5		0.198773
114.6		0.198773
114.7		0.198773
114.8		0.198773
114.9		0.198773
115		0.198773
115.1		0.20267
115.2		0.20267
115.3		0.20267
115.4		0.20267
115.5		0.20267
115.6		0.20267
115.7		0.20267
115.8		0.20267
115.9		0.20267
116		0.20267
116.1		0.203002
116.2		0.203002
116.3		0.203002
116.4		0.203002
116.5		0.203002
116.6		0.203002
116.7		0.203002
116.8		0.203002
116.9		0.203002
117		0.203002
117.1		0.203914
117.2		0.203914
117.3		0.203914
117.4		0.203914
117.5		0.203914
117.6		0.203914
117.7		0.203914
117.8		0.203914
117.9		0.203914
118		0.203914
118.1		0.204785
118.2		0.204785
118.3		0.204785
118.4		0.204785
118.5		0.204785
118.6		0.204785
118.7		0.204785
118.8		0.204785
118.9		0.204785
119		0.204785
119.1		0.208516
119.2		0.208516
119.3		0.208516
119.4		0.208516
119.5		0.208516
119.6		0.208516
119.7		0.208516
119.8		0.208516
119.9		0.208516
120		0.208516
120.1		0.209138
120.2		0.209138
120.3		0.209138
120.4		0.209138
120.5		0.209138
120.6		0.209138
120.7		0.209138
120.8		0.209138
120.9		0.209138
121		0.209138
121.1		0.211875
121.2		0.211875
121.3		0.211875
121.4		0.211875
121.5		0.211875
121.6		0.211875
121.7		0.211875
121.8		0.211875
121.9		0.211875
122		0.211875
122.1		0.213243
122.2		0.213243
122.3		0.213243
122.4		0.213243
122.5		0.213243
122.6		0.213243
122.7		0.213243
122.8		0.213243
122.9		0.213243
123		0.213243
123.1		0.215233
123.2		0.215233
123.3		0.215233
123.4		0.215233
123.5		0.215233
123.6		0.215233
123.7		0.215233
123.8		0.215233
123.9		0.215233
124		0.215233
124.1		0.21855
124.2		0.21855
124.3		0.21855
124.4		0.21855
124.5		0.21855
124.6		0.21855
124.7		0.21855
124.8		0.21855
124.9		0.21855
125		0.21855
125.1		0.22025
125.2		0.22025
125.3		0.22025
125.4		0.22025
125.5		0.22025
125.6		0.22025
125.7		0.22025
125.8		0.22025
125.9		0.22025
126		0.22025
126.1		0.220872
126.2		0.220872
126.3		0.220872
126.4		0.220872
126.5		0.220872
126.6		0.220872
126.7		0.220872
126.8		0.220872
126.9		0.220872
127		0.220872
127.1		0.224894
127.2		0.224894
127.3		0.224894
127.4		0.224894
127.5		0.224894
127.6		0.224894
127.7		0.224894
127.8		0.224894
127.9		0.224894
128		0.224894
128.1		0.22875
128.2		0.22875
128.3		0.22875
128.4		0.22875
128.5		0.22875
128.6		0.22875
128.7		0.22875
128.8		0.22875
128.9		0.22875
129		0.22875
129.1		0.229206
129.2		0.229206
129.3		0.229206
129.4		0.229206
129.5		0.229206
129.6		0.229206
129.7		0.229206
129.8		0.229206
129.9		0.229206
130		0.229206
130.1		0.230409
130.2		0.230409
130.3		0.230409
130.4		0.230409
130.5		0.230409
130.6		0.230409
130.7		0.230409
130.8		0.230409
130.9		0.230409
131		0.230409
131.1		0.23157
131.2		0.23157
131.3		0.23157
131.4		0.23157
131.5		0.23157
131.6		0.23157
131.7		0.23157
131.8		0.23157
131.9		0.23157
132		0.23157
132.1		0.236006
132.2		0.236006
132.3		0.236006
132.4		0.236006
132.5		0.236006
132.6		0.236006
132.7		0.236006
132.8		0.236006
132.9		0.236006
133		0.236006
133.1		0.238245
133.2		0.238245
133.3		0.238245
133.4		0.238245
133.5		0.238245
133.6		0.238245
133.7		0.238245
133.8		0.238245
133.9		0.238245
134		0.238245
134.1		0.238536
134.2		0.238536
134.3		0.238536
134.4		0.238536
134.5		0.238536
134.6		0.238536
134.7		0.238536
134.8		0.238536
134.9		0.238536
135		0.238536
135.1		0.24036
135.2		0.24036
135.3		0.24036
135.4		0.24036
135.5		0.24036
135.6		0.24036
135.7		0.24036
135.8		0.24036
135.9		0.24036
136		0.24036
136.1		0.243553
136.2		0.243553
136.3		0.243553
136.4		0.243553
136.5		0.243553
136.6		0.243553
136.7		0.243553
136.8		0.243553
136.9		0.243553
137		0.243553
137.1		0.245087
137.2		0.245087
137.3		0.245087
137.4		0.245087
137.5		0.245087
137.6		0.245087
137.7		0.245087
137.8		0.245087
137.9		0.245087
138		0.245087
138.1		0.24687
138.2		0.24687
138.3		0.24687
138.4		0.24687
138.5		0.24687
138.6		0.24687
138.7		0.24687
138.8		0.24687
138.9		0.24687
139		0.24687
139.1		0.248777
139.2		0.248777
139.3		0.248777
139.4		0.248777
139.5		0.248777
139.6		0.248777
139.7		0.248777
139.8		0.248777
139.9		0.248777
140		0.248777
140.1		0.25425
140.2		0.25425
140.3		0.25425
140.4		0.25425
140.5		0.25425
140.6		0.25425
140.7		0.25425
140.8		0.25425
140.9		0.25425
141		0.25425
141.1		0.256157
141.2		0.256157
141.3		0.256157
141.4		0.256157
141.5		0.256157
141.6		0.256157
141.7		0.256157
141.8		0.256157
141.9		0.256157
142		0.256157
142.1		0.256904
142.2		0.256904
142.3		0.256904
142.4		0.256904
142.5		0.256904
142.6		0.256904
142.7		0.256904
142.8		0.256904
142.9		0.256904
143		0.256904
143.1		0.257401
143.2		0.257401
143.3		0.257401
143.4		0.257401
143.5		0.257401
143.6		0.257401
143.7		0.257401
143.8		0.257401
143.9		0.257401
144		0.257401
144.1		0.260801
144.2		0.260801
144.3		0.260801
144.4		0.260801
144.5		0.260801
144.6		0.260801
144.7		0.260801
144.8		0.260801
144.9		0.260801
145		0.260801
145.1		0.263828
145.2		0.263828
145.3		0.263828
145.4		0.263828
145.5		0.263828
145.6		0.263828
145.7		0.263828
145.8		0.263828
145.9		0.263828
146		0.263828
146.1		0.265362
146.2		0.265362
146.3		0.265362
146.4		0.265362
146.5		0.265362
146.6		0.265362
146.7		0.265362
146.8		0.265362
146.9		0.265362
147		0.265362
147.1		0.266938
147.2		0.266938
147.3		0.266938
147.4		0.266938
147.5		0.266938
147.6		0.266938
147.7		0.266938
147.8		0.266938
147.9		0.266938
148		0.266938
148.1		0.267394
148.2		0.267394
148.3		0.267394
148.4		0.267394
148.5		0.267394
148.6		0.267394
148.7		0.267394
148.8		0.267394
148.9		0.267394
149		0.267394
149.1		0.270711
149.2		0.270711
149.3		0.270711
149.4		0.270711
149.5		0.270711
149.6		0.270711
149.7		0.270711
149.8		0.270711
149.9		0.270711
150		0.270711
150.1		0.271333
150.2		0.271333
150.3		0.271333
150.4		0.271333
150.5		0.271333
150.6		0.271333
150.7		0.271333
150.8		0.271333
150.9		0.271333
151		0.271333
151.1		0.273696
151.2		0.273696
151.3		0.273696
151.4		0.273696
151.5		0.273696
151.6		0.273696
151.7		0.273696
151.8		0.273696
151.9		0.273696
152		0.273696
152.1		0.276681
152.2		0.276681
152.3		0.276681
152.4		0.276681
152.5		0.276681
152.6		0.276681
152.7		0.276681
152.8		0.276681
152.9		0.276681
153		0.276681
153.1		0.27892
153.2		0.27892
153.3		0.27892
153.4		0.27892
153.5		0.27892
153.6		0.27892
153.7		0.27892
153.8		0.27892
153.9		0.27892
154		0.27892
154.1		0.27975
154.2		0.27975
154.3		0.27975
154.4		0.27975
154.5		0.27975
154.6		0.27975
154.7		0.27975
154.8		0.27975
154.9		0.27975
155		0.27975
155.1		0.282652
155.2		0.282652
155.3		0.282652
155.4		0.282652
155.5		0.282652
155.6		0.282652
155.7		0.282652
155.8		0.282652
155.9		0.282652
156		0.282652
156.1		0.28373
156.2		0.28373
156.3		0.28373
156.4		0.28373
156.5		0.28373
156.6		0.28373
156.7		0.28373
156.8		0.28373
156.9		0.28373
157		0.28373
157.1		0.288084
157.2		0.288084
157.3		0.288084
157.4		0.288084
157.5		0.288084
157.6		0.288084
157.7		0.288084
157.8		0.288084
157.9		0.288084
158		0.288084
158.1		0.289452
158.2		0.289452
158.3		0.289452
158.4		0.289452
158.5		0.289452
158.6		0.289452
158.7		0.289452
158.8		0.289452
158.9		0.289452
159		0.289452
159.1		0.291442
159.2		0.291442
159.3		0.291442
159.4		0.291442
159.5		0.291442
159.6		0.291442
159.7		0.291442
159.8		0.291442
159.9		0.291442
160		0.291442
160.1		0.292479
160.2		0.292479
160.3		0.292479
160.4		0.292479
160.5		0.292479
160.6		0.292479
160.7		0.292479
160.8		0.292479
160.9		0.292479
161		0.292479
161.1		0.295588
161.2		0.295588
161.3		0.295588
161.4		0.295588
161.5		0.295588
161.6		0.295588
161.7		0.295588
161.8		0.295588
161.9		0.295588
162		0.295588
162.1		0.297703
162.2		0.297703
162.3		0.297703
162.4		0.297703
162.5		0.297703
162.6		0.297703
162.7		0.297703
162.8		0.297703
162.9		0.297703
163		0.297703
163.1		0.297952
163.2		0.297952
163.3		0.297952
163.4		0.297952
163.5		0.297952
163.6		0.297952
163.7		0.297952
163.8		0.297952
163.9		0.297952
164		0.297952
164.1		0.301476
164.2		0.301476
164.3		0.301476
164.4		0.301476
164.5		0.301476
164.6		0.301476
164.7		0.301476
164.8		0.301476
164.9		0.301476
165		0.301476
165.1		0.304088
165.2		0.304088
165.3		0.304088
165.4		0.304088
165.5		0.304088
165.6		0.304088
165.7		0.304088
165.8		0.304088
165.9		0.304088
166		0.304088
166.1		0.304586
166.2		0.304586
166.3		0.304586
166.4		0.304586
166.5		0.304586
166.6		0.304586
166.7		0.304586
166.8		0.304586
166.9		0.304586
167		0.304586
167.1		0.306991
167.2		0.306991
167.3		0.306991
167.4		0.306991
167.5		0.306991
167.6		0.306991
167.7		0.306991
167.8		0.306991
167.9		0.306991
168		0.306991
168.1		0.307156
168.2		0.307156
168.3		0.307156
168.4		0.307156
168.5		0.307156
168.6		0.307156
168.7		0.307156
168.8		0.307156
168.9		0.307156
169		0.307156
169.1		0.30753
169.2		0.30753
169.3		0.30753
169.4		0.30753
169.5		0.30753
169.6		0.30753
169.7		0.30753
169.8		0.30753
169.9		0.30753
170		0.30753
170.1		0.312298
170.2		0.312298
170.3		0.312298
170.4		0.312298
170.5		0.312298
170.6		0.312298
170.7		0.312298
170.8		0.312298
170.9		0.312298
171		0.312298
171.1		0.314786
171.2		0.314786
171.3		0.314786
171.4		0.314786
171.5		0.314786
171.6		0.314786
171.7		0.314786
171.8		0.314786
171.9		0.314786
172		0.314786
172.1		0.314786
172.2		0.314786
172.3		0.314786
172.4		0.314786
172.5		0.314786
172.6		0.314786
172.7		0.314786
172.8		0.314786
172.9		0.314786
173		0.314786
173.1		0.3169
173.2		0.3169
173.3		0.3169
173.4		0.3169
173.5		0.3169
173.6		0.3169
173.7		0.3169
173.8		0.3169
173.9		0.3169
174		0.3169
174.1		0.319844
174.2		0.319844
174.3		0.319844
174.4		0.319844
174.5		0.319844
174.6		0.319844
174.7		0.319844
174.8		0.319844
174.9		0.319844
175		0.319844
175.1		0.322912
175.2		0.322912
175.3		0.322912
175.4		0.322912
175.5		0.322912
175.6		0.322912
175.7		0.322912
175.8		0.322912
175.9		0.322912
176		0.322912
176.1		0.323783
176.2		0.323783
176.3		0.323783
176.4		0.323783
176.5		0.323783
176.6		0.323783
176.7		0.323783
176.8		0.323783
176.9		0.323783
177		0.323783
177.1		0.326478
177.2		0.326478
177.3		0.326478
177.4		0.326478
177.5		0.326478
177.6		0.326478
177.7		0.326478
177.8		0.326478
177.9		0.326478
178		0.326478
178.1		0.328468
178.2		0.328468
178.3		0.328468
178.4		0.328468
178.5		0.328468
178.6		0.328468
178.7		0.328468
178.8		0.328468
178.9		0.328468
179		0.328468
179.1		0.328634
179.2		0.328634
179.3		0.328634
179.4		0.328634
179.5		0.328634
179.6		0.328634
179.7		0.328634
179.8		0.328634
179.9		0.328634
180		0.328634
180.1		0.332905
180.2		0.332905
180.3		0.332905
180.4		0.332905
180.5		0.332905
180.6		0.332905
180.7		0.332905
180.8		0.332905
180.9		0.332905
181		0.332905
181.1		0.333154
181.2		0.333154
181.3		0.333154
181.4		0.333154
181.5		0.333154
181.6		0.333154
181.7		0.333154
181.8		0.333154
181.9		0.333154
182		0.333154
182.1		0.336802
182.2		0.336802
182.3		0.336802
182.4		0.336802
182.5		0.336802
182.6		0.336802
182.7		0.336802
182.8		0.336802
182.9		0.336802
183		0.336802
183.1		0.337466
183.2		0.337466
183.3		0.337466
183.4		0.337466
183.5		0.337466
183.6		0.337466
183.7		0.337466
183.8		0.337466
183.9		0.337466
184		0.337466
184.1		0.339663
184.2		0.339663
184.3		0.339663
184.4		0.339663
184.5		0.339663
184.6		0.339663
184.7		0.339663
184.8		0.339663
184.9		0.339663
185		0.339663
185.1		0.343519
185.2		0.343519
185.3		0.343519
185.4		0.343519
185.5		0.343519
185.6		0.343519
185.7		0.343519
185.8		0.343519
185.9		0.343519
186		0.343519
186.1		0.343685
186.2		0.343685
186.3		0.343685
186.4		0.343685
186.5		0.343685
186.6		0.343685
186.7		0.343685
186.8		0.343685
186.9		0.343685
187		0.343685
187.1		0.346422
187.2		0.346422
187.3		0.346422
187.4		0.346422
187.5		0.346422
187.6		0.346422
187.7		0.346422
187.8		0.346422
187.9		0.346422
188		0.346422
188.1		0.347873
188.2		0.347873
188.3		0.347873
188.4		0.347873
188.5		0.347873
188.6		0.347873
188.7		0.347873
188.8		0.347873
188.9		0.347873
189		0.347873
189.1		0.348453
189.2		0.348453
189.3		0.348453
189.4		0.348453
189.5		0.348453
189.6		0.348453
189.7		0.348453
189.8		0.348453
189.9		0.348453
190		0.348453
190.1		0.349946
190.2		0.349946
190.3		0.349946
190.4		0.349946
190.5		0.349946
190.6		0.349946
190.7		0.349946
190.8		0.349946
190.9		0.349946
191		0.349946
191.1		0.352807
191.2		0.352807
191.3		0.352807
191.4		0.352807
191.5		0.352807
191.6		0.352807
191.7		0.352807
191.8		0.352807
191.9		0.352807
192		0.352807
192.1		0.356373
192.2		0.356373
192.3		0.356373
192.4		0.356373
192.5		0.356373
192.6		0.356373
192.7		0.356373
192.8		0.356373
192.9		0.356373
193		0.356373
193.1		0.356497
193.2		0.356497
193.3		0.356497
193.4		0.356497
193.5		0.356497
193.6		0.356497
193.7		0.356497
193.8		0.356497
193.9		0.356497
194		0.356497
194.1		0.356746
194.2		0.356746
194.3		0.356746
194.4		0.356746
194.5		0.356746
194.6		0.356746
194.7		0.356746
194.8		0.356746
194.9		0.356746
195		0.356746
195.1		0.357865
195.2		0.357865
195.3		0.357865
195.4		0.357865
195.5		0.357865
195.6		0.357865
195.7		0.357865
195.8		0.357865
195.9		0.357865
196		0.357865
196.1		0.364997
196.2		0.364997
196.3		0.364997
196.4		0.364997
196.5		0.364997
196.6		0.364997
196.7		0.364997
196.8		0.364997
196.9		0.364997
197		0.364997
197.1		0.365909
197.2		0.365909
197.3		0.365909
197.4		0.365909
197.5		0.365909
197.6		0.365909
197.7		0.365909
197.8		0.365909
197.9		0.365909
198		0.365909
198.1		0.366739
198.2		0.366739
198.3		0.366739
198.4		0.366739
198.5		0.366739
198.6		0.366739
198.7		0.366739
198.8		0.366739
198.9		0.366739
199		0.366739
199.1		0.367651
199.2		0.367651
199.3		0.367651
199.4		0.367651
199.5		0.367651
199.6		0.367651
199.7		0.367651
199.8		0.367651
199.9		0.367651
200		0.367651
200.1		0.371631
200.2		0.371631
200.3		0.371631
200.4		0.371631
200.5		0.371631
200.6		0.371631
200.7		0.371631
200.8		0.371631
200.9		0.371631
201		0.371631
201.1		0.374907
201.2		0.374907
201.3		0.374907
201.4		0.374907
201.5		0.374907
201.6		0.374907
201.7		0.374907
201.8		0.374907
201.9		0.374907
202		0.374907
202.1		0.375529
202.2		0.375529
202.3		0.375529
202.4		0.375529
202.5		0.375529
202.6		0.375529
202.7		0.375529
202.8		0.375529
202.9		0.375529
203		0.375529
203.1		0.37698
203.2		0.37698
203.3		0.37698
203.4		0.37698
203.5		0.37698
203.6		0.37698
203.7		0.37698
203.8		0.37698
203.9		0.37698
204		0.37698
204.1		0.379592
204.2		0.379592
204.3		0.379592
204.4		0.379592
204.5		0.379592
204.6		0.379592
204.7		0.379592
204.8		0.379592
204.9		0.379592
205		0.379592
205.1		0.382702
205.2		0.382702
205.3		0.382702
205.4		0.382702
205.5		0.382702
205.6		0.382702
205.7		0.382702
205.8		0.382702
205.9		0.382702
206		0.382702
206.1		0.383863
206.2		0.383863
206.3		0.383863
206.4		0.383863
206.5		0.383863
206.6		0.383863
206.7		0.383863
206.8		0.383863
206.9		0.383863
207		0.383863
207.1		0.386475
207.2		0.386475
207.3		0.386475
207.4		0.386475
207.5		0.386475
207.6		0.386475
207.7		0.386475
207.8		0.386475
207.9		0.386475
208		0.386475
208.1		0.387014
208.2		0.387014
208.3		0.387014
208.4		0.387014
208.5		0.387014
208.6		0.387014
208.7		0.387014
208.8		0.387014
208.9		0.387014
209		0.387014
209.1		0.389875
209.2		0.389875
209.3		0.389875
209.4		0.389875
209.5		0.389875
209.6		0.389875
209.7		0.389875
209.8		0.389875
209.9		0.389875
210		0.389875
210.1		0.392528
210.2		0.392528
210.3		0.392528
210.4		0.392528
210.5		0.392528
210.6		0.392528
210.7		0.392528
210.8		0.392528
210.9		0.392528
211		0.392528
211.1		0.394311
211.2		0.394311
211.3		0.394311
211.4		0.394311
211.5		0.394311
211.6		0.394311
211.7		0.394311
211.8		0.394311
211.9		0.394311
212		0.394311
212.1		0.39767
212.2		0.39767
212.3		0.39767
212.4		0.39767
212.5		0.39767
212.6		0.39767
212.7		0.39767
212.8		0.39767
212.9		0.39767
213		0.39767
213.1		0.398416
213.2		0.398416
213.3		0.398416
213.4		0.398416
213.5		0.398416
213.6		0.398416
213.7		0.398416
213.8		0.398416
213.9		0.398416
214		0.398416
214.1		0.400697
214.2		0.400697
214.3		0.400697
214.4		0.400697
214.5		0.400697
214.6		0.400697
214.7		0.400697
214.8		0.400697
214.9		0.400697
215		0.400697
215.1		0.401319
215.2		0.401319
215.3		0.401319
215.4		0.401319
215.5		0.401319
215.6		0.401319
215.7		0.401319
215.8		0.401319
215.9		0.401319
216		0.401319
216.1		0.401526
216.2		0.401526
216.3		0.401526
216.4		0.401526
216.5		0.401526
216.6		0.401526
216.7		0.401526
216.8		0.401526
216.9		0.401526
217		0.401526
217.1		0.407994
217.2		0.407994
217.3		0.407994
217.4		0.407994
217.5		0.407994
217.6		0.407994
217.7		0.407994
217.8		0.407994
217.9		0.407994
218		0.407994
218.1		0.408326
218.2		0.408326
218.3		0.408326
218.4		0.408326
218.5		0.408326
218.6		0.408326
218.7		0.408326
218.8		0.408326
218.9		0.408326
219		0.408326
219.1		0.410357
219.2		0.410357
219.3		0.410357
219.4		0.410357
219.5		0.410357
219.6		0.410357
219.7		0.410357
219.8		0.410357
219.9		0.410357
220		0.410357
220.1		0.41214
220.2		0.41214
220.3		0.41214
220.4		0.41214
220.5		0.41214
220.6		0.41214
220.7		0.41214
220.8		0.41214
220.9		0.41214
221		0.41214
221.1		0.416328
221.2		0.416328
221.3		0.416328
221.4		0.416328
221.5		0.416328
221.6		0.416328
221.7		0.416328
221.8		0.416328
221.9		0.416328
222		0.416328
222.1		0.417406
222.2		0.417406
222.3		0.417406
222.4		0.417406
222.5		0.417406
222.6		0.417406
222.7		0.417406
222.8		0.417406
222.9		0.417406
223		0.417406
223.1		0.417779
223.2		0.417779
223.3		0.417779
223.4		0.417779
223.5		0.417779
223.6		0.417779
223.7		0.417779
223.8		0.417779
223.9		0.417779
224		0.417779
224.1		0.41894
224.2		0.41894
224.3		0.41894
224.4		0.41894
224.5		0.41894
224.6		0.41894
224.7		0.41894
224.8		0.41894
224.9		0.41894
225		0.41894
225.1		0.420972
225.2		0.420972
225.3		0.420972
225.4		0.420972
225.5		0.420972
225.6		0.420972
225.7		0.420972
225.8		0.420972
225.9		0.420972
226		0.420972
226.1		0.425947
226.2		0.425947
226.3		0.425947
226.4		0.425947
226.5		0.425947
226.6		0.425947
226.7		0.425947
226.8		0.425947
226.9		0.425947
227		0.425947
227.1		0.427813
227.2		0.427813
227.3		0.427813
227.4		0.427813
227.5		0.427813
227.6		0.427813
227.7		0.427813
227.8		0.427813
227.9		0.427813
228		0.427813
228.1		0.428684
228.2		0.428684
228.3		0.428684
228.4		0.428684
228.5		0.428684
228.6		0.428684
228.7		0.428684
228.8		0.428684
228.9		0.428684
229		0.428684
229.1		0.429513
229.2		0.429513
229.3		0.429513
229.4		0.429513
229.5		0.429513
229.6		0.429513
229.7		0.429513
229.8		0.429513
229.9		0.429513
230		0.429513
230.1		0.433162
230.2		0.433162
230.3		0.433162
230.4		0.433162
230.5		0.433162
230.6		0.433162
230.7		0.433162
230.8		0.433162
230.9		0.433162
231		0.433162
231.1		0.435774
231.2		0.435774
231.3		0.435774
231.4		0.435774
231.5		0.435774
231.6		0.435774
231.7		0.435774
231.8		0.435774
231.9		0.435774
232		0.435774
232.1		0.435981
232.2		0.435981
232.3		0.435981
232.4		0.435981
232.5		0.435981
232.6		0.435981
232.7		0.435981
232.8		0.435981
232.9		0.435981
233		0.435981
233.1		0.438428
233.2		0.438428
233.3		0.438428
233.4		0.438428
233.5		0.438428
233.6		0.438428
233.7		0.438428
233.8		0.438428
233.9		0.438428
234		0.438428
234.1		0.440418
234.2		0.440418
234.3		0.440418
234.4		0.440418
234.5		0.440418
234.6		0.440418
234.7		0.440418
234.8		0.440418
234.9		0.440418
235		0.440418
235.1		0.441869
235.2		0.441869
235.3		0.441869
235.4		0.441869
235.5		0.441869
235.6		0.441869
235.7		0.441869
235.8		0.441869
235.9		0.441869
236		0.441869
236.1		0.442035
236.2		0.442035
236.3		0.442035
236.4		0.442035
236.5		0.442035
236.6		0.442035
236.7		0.442035
236.8		0.442035
236.9		0.442035
237		0.442035
237.1		0.445393
237.2		0.445393
237.3		0.445393
237.4		0.445393
237.5		0.445393
237.6		0.445393
237.7		0.445393
237.8		0.445393
237.9		0.445393
238		0.445393
238.1		0.450825
238.2		0.450825
238.3		0.450825
238.4		0.450825
238.5		0.450825
238.6		0.450825
238.7		0.450825
238.8		0.450825
238.9		0.450825
239		0.450825
239.1		0.45124
239.2		0.45124
239.3		0.45124
239.4		0.45124
239.5		0.45124
239.6		0.45124
239.7		0.45124
239.8		0.45124
239.9		0.45124
240		0.45124
240.1		0.454059
240.2		0.454059
240.3		0.454059
240.4		0.454059
240.5		0.454059
240.6		0.454059
240.7		0.454059
240.8		0.454059
240.9		0.454059
241		0.454059
241.1		0.455013
241.2		0.455013
241.3		0.455013
241.4		0.455013
241.5		0.455013
241.6		0.455013
241.7		0.455013
241.8		0.455013
241.9		0.455013
242		0.455013
242.1		0.45663
242.2		0.45663
242.3		0.45663
242.4		0.45663
242.5		0.45663
242.6		0.45663
242.7		0.45663
242.8		0.45663
242.9		0.45663
243		0.45663
243.1		0.461854
243.2		0.461854
243.3		0.461854
243.4		0.461854
243.5		0.461854
243.6		0.461854
243.7		0.461854
243.8		0.461854
243.9		0.461854
244		0.461854
244.1		0.463969
244.2		0.463969
244.3		0.463969
244.4		0.463969
244.5		0.463969
244.6		0.463969
244.7		0.463969
244.8		0.463969
244.9		0.463969
245		0.463969
245.1		0.465379
245.2		0.465379
245.3		0.465379
245.4		0.465379
245.5		0.465379
245.6		0.465379
245.7		0.465379
245.8		0.465379
245.9		0.465379
246		0.465379
246.1		0.465627
246.2		0.465627
246.3		0.465627
246.4		0.465627
246.5		0.465627
246.6		0.465627
246.7		0.465627
246.8		0.465627
246.9		0.465627
247		0.465627
247.1		0.469898
247.2		0.469898
247.3		0.469898
247.4		0.469898
247.5		0.469898
247.6		0.469898
247.7		0.469898
247.8		0.469898
247.9		0.469898
248		0.469898
248.1		0.471515
248.2		0.471515
248.3		0.471515
248.4		0.471515
248.5		0.471515
248.6		0.471515
248.7		0.471515
248.8		0.471515
248.9		0.471515
249		0.471515
249.1		0.471971
249.2		0.471971
249.3		0.471971
249.4		0.471971
249.5		0.471971
249.6		0.471971
249.7		0.471971
249.8		0.471971
249.9		0.471971
250		0.471971
250.1		0.474044
250.2		0.474044
250.3		0.474044
250.4		0.474044
250.5		0.474044
250.6		0.474044
250.7		0.474044
250.8		0.474044
250.9		0.474044
251		0.474044
251.1		0.476159
251.2		0.476159
251.3		0.476159
251.4		0.476159
251.5		0.476159
251.6		0.476159
251.7		0.476159
251.8		0.476159
251.9		0.476159
252		0.476159
252.1		0.477154
252.2		0.477154
252.3		0.477154
252.4		0.477154
252.5		0.477154
252.6		0.477154
252.7		0.477154
252.8		0.477154
252.9		0.477154
253		0.477154
253.1		0.481425
253.2		0.481425
253.3		0.481425
253.4		0.481425
253.5		0.481425
253.6		0.481425
253.7		0.481425
253.8		0.481425
253.9		0.481425
254		0.481425
254.1		0.48213
254.2		0.48213
254.3		0.48213
254.4		0.48213
254.5		0.48213
254.6		0.48213
254.7		0.48213
254.8		0.48213
254.9		0.48213
255		0.48213
255.1		0.48329
255.2		0.48329
255.3		0.48329
255.4		0.48329
255.5		0.48329
255.6		0.48329
255.7		0.48329
255.8		0.48329
255.9		0.48329
256		0.48329
256.1		0.486856
256.2		0.486856
256.3		0.486856
256.4		0.486856
256.5		0.486856
256.6		0.486856
256.7		0.486856
256.8		0.486856
256.9		0.486856
257		0.486856
257.1		0.486898
257.2		0.486898
257.3		0.486898
257.4		0.486898
257.5		0.486898
257.6		0.486898
257.7		0.486898
257.8		0.486898
257.9		0.486898
258		0.486898
258.1		0.487312
258.2		0.487312
258.3		0.487312
258.4		0.487312
258.5		0.487312
258.6		0.487312
258.7		0.487312
258.8		0.487312
258.9		0.487312
259		0.487312
259.1		0.491583
259.2		0.491583
259.3		0.491583
259.4		0.491583
259.5		0.491583
259.6		0.491583
259.7		0.491583
259.8		0.491583
259.9		0.491583
260		0.491583
260.1		0.495439
260.2		0.495439
260.3		0.495439
260.4		0.495439
260.5		0.495439
260.6		0.495439
260.7		0.495439
260.8		0.495439
260.9		0.495439
261		0.495439
261.1		0.498383
261.2		0.498383
261.3		0.498383
261.4		0.498383
261.5		0.498383
261.6		0.498383
261.7		0.498383
261.8		0.498383
261.9		0.498383
262		0.498383
262.1		0.498632
262.2		0.498632
262.3		0.498632
262.4		0.498632
262.5		0.498632
262.6		0.498632
262.7		0.498632
262.8		0.498632
262.9		0.498632
263		0.498632
263.1		0.499088
263.2		0.499088
263.3		0.499088
263.4		0.499088
263.5		0.499088
263.6		0.499088
263.7		0.499088
263.8		0.499088
263.9		0.499088
264		0.499088
264.1		0.501576
264.2		0.501576
264.3		0.501576
264.4		0.501576
264.5		0.501576
264.6		0.501576
264.7		0.501576
264.8		0.501576
264.9		0.501576
265		0.501576
265.1		0.504893
265.2		0.504893
265.3		0.504893
265.4		0.504893
265.5		0.504893
265.6		0.504893
265.7		0.504893
265.8		0.504893
265.9		0.504893
266		0.504893
266.1		0.505307
266.2		0.505307
266.3		0.505307
266.4		0.505307
266.5		0.505307
266.6		0.505307
266.7		0.505307
266.8		0.505307
266.9		0.505307
267		0.505307
267.1		0.509039
267.2		0.509039
267.3		0.509039
267.4		0.509039
267.5		0.509039
267.6		0.509039
267.7		0.509039
267.8		0.509039
267.9		0.509039
268		0.509039
268.1		0.509744
268.2		0.509744
268.3		0.509744
268.4		0.509744
268.5		0.509744
268.6		0.509744
268.7		0.509744
268.8		0.509744
268.9		0.509744
269		0.509744
269.1		0.510117
269.2		0.510117
269.3		0.510117
269.4		0.510117
269.5		0.510117
269.6		0.510117
269.7		0.510117
269.8		0.510117
269.9		0.510117
270		0.510117
270.1		0.513932
270.2		0.513932
270.3		0.513932
270.4		0.513932
270.5		0.513932
270.6		0.513932
270.7		0.513932
270.8		0.513932
270.9		0.513932
271		0.513932
271.1		0.516792
271.2		0.516792
271.3		0.516792
271.4		0.516792
271.5		0.516792
271.6		0.516792
271.7		0.516792
271.8		0.516792
271.9		0.516792
272		0.516792
272.1		0.517622
272.2		0.517622
272.3		0.517622
272.4		0.517622
272.5		0.517622
272.6		0.517622
272.7		0.517622
272.8		0.517622
272.9		0.517622
273		0.517622
273.1		0.518658
273.2		0.518658
273.3		0.518658
273.4		0.518658
273.5		0.518658
273.6		0.518658
273.7		0.518658
273.8		0.518658
273.9		0.518658
274		0.518658
274.1		0.522224
274.2		0.522224
274.3		0.522224
274.4		0.522224
274.5		0.522224
274.6		0.522224
274.7		0.522224
274.8		0.522224
274.9		0.522224
275		0.522224
275.1		0.52409
275.2		0.52409
275.3		0.52409
275.4		0.52409
275.5		0.52409
275.6		0.52409
275.7		0.52409
275.8		0.52409
275.9		0.52409
276		0.52409
276.1		0.524422
276.2		0.524422
276.3		0.524422
276.4		0.524422
276.5		0.524422
276.6		0.524422
276.7		0.524422
276.8		0.524422
276.9		0.524422
277		0.524422
277.1		0.525748
277.2		0.525748
277.3		0.525748
277.4		0.525748
277.5		0.525748
277.6		0.525748
277.7		0.525748
277.8		0.525748
277.9		0.525748
278		0.525748
278.1		0.52948
278.2		0.52948
278.3		0.52948
278.4		0.52948
278.5		0.52948
278.6		0.52948
278.7		0.52948
278.8		0.52948
278.9		0.52948
279		0.52948
279.1		0.530724
279.2		0.530724
279.3		0.530724
279.4		0.530724
279.5		0.530724
279.6		0.530724
279.7		0.530724
279.8		0.530724
279.9		0.530724
280		0.530724
280.1		0.531636
280.2		0.531636
280.3		0.531636
280.4		0.531636
280.5		0.531636
280.6		0.531636
280.7		0.531636
280.8		0.531636
280.9		0.531636
281		0.531636
281.1		0.531802
281.2		0.531802
281.3		0.531802
281.4		0.531802
281.5		0.531802
281.6		0.531802
281.7		0.531802
281.8		0.531802
281.9		0.531802
282		0.531802
282.1		0.53856
282.2		0.53856
282.3		0.53856
282.4		0.53856
282.5		0.53856
282.6		0.53856
282.7		0.53856
282.8		0.53856
282.9		0.53856
283		0.53856
283.1		0.540426
283.2		0.540426
283.3		0.540426
283.4		0.540426
283.5		0.540426
283.6		0.540426
283.7		0.540426
283.8		0.540426
283.9		0.540426
284		0.540426
284.1		0.54167
284.2		0.54167
284.3		0.54167
284.4		0.54167
284.5		0.54167
284.6		0.54167
284.7		0.54167
284.8		0.54167
284.9		0.54167
285		0.54167
285.1		0.545443
285.2		0.545443
285.3		0.545443
285.4		0.545443
285.5		0.545443
285.6		0.545443
285.7		0.545443
285.8		0.545443
285.9		0.545443
286		0.545443
286.1		0.547019
286.2		0.547019
286.3		0.547019
286.4		0.547019
286.5		0.547019
286.6		0.547019
286.7		0.547019
286.8		0.547019
286.9		0.547019
287		0.547019
287.1		0.547724
287.2		0.547724
287.3		0.547724
287.4		0.547724
287.5		0.547724
287.6		0.547724
287.7		0.547724
287.8		0.547724
287.9		0.547724
288		0.547724
288.1		0.551082
288.2		0.551082
288.3		0.551082
288.4		0.551082
288.5		0.551082
288.6		0.551082
288.7		0.551082
288.8		0.551082
288.9		0.551082
289		0.551082
289.1		0.55585
289.2		0.55585
289.3		0.55585
289.4		0.55585
289.5		0.55585
289.6		0.55585
289.7		0.55585
289.8		0.55585
289.9		0.55585
290		0.55585
290.1		0.556348
290.2		0.556348
290.3		0.556348
290.4		0.556348
290.5		0.556348
290.6		0.556348
290.7		0.556348
290.8		0.556348
290.9		0.556348
291		0.556348
291.1		0.557799
291.2		0.557799
291.3		0.557799
291.4		0.557799
291.5		0.557799
291.6		0.557799
291.7		0.557799
291.8		0.557799
291.9		0.557799
292		0.557799
292.1		0.559292
292.2		0.559292
292.3		0.559292
292.4		0.559292
292.5		0.559292
292.6		0.559292
292.7		0.559292
292.8		0.559292
292.9		0.559292
293		0.559292
293.1		0.559582
293.2		0.559582
293.3		0.559582
293.4		0.559582
293.5		0.559582
293.6		0.559582
293.7		0.559582
293.8		0.559582
293.9		0.559582
294		0.559582
294.1		0.560494
294.2		0.560494
294.3		0.560494
294.4		0.560494
294.5		0.560494
294.6		0.560494
294.7		0.560494
294.8		0.560494
294.9		0.560494
295		0.560494
295.1		0.568331
295.2		0.568331
295.3		0.568331
295.4		0.568331
295.5		0.568331
295.6		0.568331
295.7		0.568331
295.8		0.568331
295.9		0.568331
296		0.568331
296.1		0.569326
296.2		0.569326
296.3		0.569326
296.4		0.569326
296.5		0.569326
296.6		0.569326
296.7		0.569326
296.8		0.569326
296.9		0.569326
297		0.569326
297.1		0.571399
297.2		0.571399
297.3		0.571399
297.4		0.571399
297.5		0.571399
297.6		0.571399
297.7		0.571399
297.8		0.571399
297.9		0.571399
298		0.571399
298.1		0.573016
298.2		0.573016
298.3		0.573016
298.4		0.573016
298.5		0.573016
298.6		0.573016
298.7		0.573016
298.8		0.573016
298.9		0.573016
299		0.573016
299.1		0.576499
299.2		0.576499
299.3		0.576499
299.4		0.576499
299.5		0.576499
299.6		0.576499
299.7		0.576499
299.8		0.576499
299.9		0.576499
300		0.576499
300.1		0.579816
300.2		0.579816
300.3		0.579816
300.4		0.579816
300.5		0.579816
300.6		0.579816
300.7		0.579816
300.8		0.579816
300.9		0.579816
301		0.579816
301.1		0.582138
301.2		0.582138
301.3		0.582138
301.4		0.582138
301.5		0.582138
301.6		0.582138
301.7		0.582138
301.8		0.582138
301.9		0.582138
302		0.582138
302.1		0.582387
302.2		0.582387
302.3		0.582387
302.4		0.582387
302.5		0.582387
302.6		0.582387
302.7		0.582387
302.8		0.582387
302.9		0.582387
303		0.582387
303.1		0.586201
303.2		0.586201
303.3		0.586201
303.4		0.586201
303.5		0.586201
303.6		0.586201
303.7		0.586201
303.8		0.586201
303.9		0.586201
304		0.586201
304.1		0.588067
304.2		0.588067
304.3		0.588067
304.4		0.588067
304.5		0.588067
304.6		0.588067
304.7		0.588067
304.8		0.588067
304.9		0.588067
305		0.588067
305.1		0.590555
305.2		0.590555
305.3		0.590555
305.4		0.590555
305.5		0.590555
305.6		0.590555
305.7		0.590555
305.8		0.590555
305.9		0.590555
306		0.590555
306.1		0.591135
306.2		0.591135
306.3		0.591135
306.4		0.591135
306.5		0.591135
306.6		0.591135
306.7		0.591135
306.8		0.591135
306.9		0.591135
307		0.591135
307.1		0.591674
307.2		0.591674
307.3		0.591674
307.4		0.591674
307.5		0.591674
307.6		0.591674
307.7		0.591674
307.8		0.591674
307.9		0.591674
308		0.591674
308.1		0.597313
308.2		0.597313
308.3		0.597313
308.4		0.597313
308.5		0.597313
308.6		0.597313
308.7		0.597313
308.8		0.597313
308.9		0.597313
309		0.597313
309.1		0.59806
309.2		0.59806
309.3		0.59806
309.4		0.59806
309.5		0.59806
309.6		0.59806
309.7		0.59806
309.8		0.59806
309.9		0.59806
310		0.59806
310.1		0.599884
310.2		0.599884
310.3		0.599884
310.4		0.599884
310.5		0.599884
310.6		0.599884
310.7		0.599884
310.8		0.599884
310.9		0.599884
311		0.599884
311.1		0.602911
311.2		0.602911
311.3		0.602911
311.4		0.602911
311.5		0.602911
311.6		0.602911
311.7		0.602911
311.8		0.602911
311.9		0.602911
312		0.602911
312.1		0.606062
312.2		0.606062
312.3		0.606062
312.4		0.606062
312.5		0.606062
312.6		0.606062
312.7		0.606062
312.8		0.606062
312.9		0.606062
313		0.606062
313.1		0.608218
313.2		0.608218
313.3		0.608218
313.4		0.608218
313.5		0.608218
313.6		0.608218
313.7		0.608218
313.8		0.608218
313.9		0.608218
314		0.608218
314.1		0.608467
314.2		0.608467
314.3		0.608467
314.4		0.608467
314.5		0.608467
314.6		0.608467
314.7		0.608467
314.8		0.608467
314.9		0.608467
315		0.608467
315.1		0.610415
315.2		0.610415
315.3		0.610415
315.4		0.610415
315.5		0.610415
315.6		0.610415
315.7		0.610415
315.8		0.610415
315.9		0.610415
316		0.610415
316.1		0.61282
316.2		0.61282
316.3		0.61282
316.4		0.61282
316.5		0.61282
316.6		0.61282
316.7		0.61282
316.8		0.61282
316.9		0.61282
317		0.61282
317.1		0.614852
317.2		0.614852
317.3		0.614852
317.4		0.614852
317.5		0.614852
317.6		0.614852
317.7		0.614852
317.8		0.614852
317.9		0.614852
318		0.614852
318.1		0.61593
318.2		0.61593
318.3		0.61593
318.4		0.61593
318.5		0.61593
318.6		0.61593
318.7		0.61593
318.8		0.61593
318.9		0.61593
319		0.61593
319.1		0.618252
319.2		0.618252
319.3		0.618252
319.4		0.618252
319.5		0.618252
319.6		0.618252
319.7		0.618252
319.8		0.618252
319.9		0.618252
320		0.618252
320.1		0.622896
320.2		0.622896
320.3		0.622896
320.4		0.622896
320.5		0.622896
320.6		0.622896
320.7		0.622896
320.8		0.622896
320.9		0.622896
321		0.622896
321.1		0.62472
321.2		0.62472
321.3		0.62472
321.4		0.62472
321.5		0.62472
321.6		0.62472
321.7		0.62472
321.8		0.62472
321.9		0.62472
322		0.62472
322.1		0.625259
322.2		0.625259
322.3		0.625259
322.4		0.625259
322.5		0.625259
322.6		0.625259
322.7		0.625259
322.8		0.625259
322.9		0.625259
323		0.625259
323.1		0.625549
323.2		0.625549
323.3		0.625549
323.4		0.625549
323.5		0.625549
323.6		0.625549
323.7		0.625549
323.8		0.625549
323.9		0.625549
324		0.625549
324.1		0.631022
324.2		0.631022
324.3		0.631022
324.4		0.631022
324.5		0.631022
324.6		0.631022
324.7		0.631022
324.8		0.631022
324.9		0.631022
325		0.631022
325.1		0.632847
325.2		0.632847
325.3		0.632847
325.4		0.632847
325.5		0.632847
325.6		0.632847
325.7		0.632847
325.8		0.632847
325.9		0.632847
326		0.632847
326.1		0.634339
326.2		0.634339
326.3		0.634339
326.4		0.634339
326.5		0.634339
326.6		0.634339
326.7		0.634339
326.8		0.634339
326.9		0.634339
327		0.634339
327.1		0.634879
327.2		0.634879
327.3		0.634879
327.4		0.634879
327.5		0.634879
327.6		0.634879
327.7		0.634879
327.8		0.634879
327.9		0.634879
328		0.634879
328.1		0.638817
328.2		0.638817
328.3		0.638817
328.4		0.638817
328.5		0.638817
328.6		0.638817
328.7		0.638817
328.8		0.638817
328.9		0.638817
329		0.638817
329.1		0.639813
329.2		0.639813
329.3		0.639813
329.4		0.639813
329.5		0.639813
329.6		0.639813
329.7		0.639813
329.8		0.639813
329.9		0.639813
330		0.639813
330.1		0.642674
330.2		0.642674
330.3		0.642674
330.4		0.642674
330.5		0.642674
330.6		0.642674
330.7		0.642674
330.8		0.642674
330.9		0.642674
331		0.642674
331.1		0.643544
331.2		0.643544
331.3		0.643544
331.4		0.643544
331.5		0.643544
331.6		0.643544
331.7		0.643544
331.8		0.643544
331.9		0.643544
332		0.643544
332.1		0.645534
332.2		0.645534
332.3		0.645534
332.4		0.645534
332.5		0.645534
332.6		0.645534
332.7		0.645534
332.8		0.645534
332.9		0.645534
333		0.645534
333.1		0.648022
333.2		0.648022
333.3		0.648022
333.4		0.648022
333.5		0.648022
333.6		0.648022
333.7		0.648022
333.8		0.648022
333.9		0.648022
334		0.648022
334.1		0.649183
334.2		0.649183
334.3		0.649183
334.4		0.649183
334.5		0.649183
334.6		0.649183
334.7		0.649183
334.8		0.649183
334.9		0.649183
335		0.649183
335.1		0.652376
335.2		0.652376
335.3		0.652376
335.4		0.652376
335.5		0.652376
335.6		0.652376
335.7		0.652376
335.8		0.652376
335.9		0.652376
336		0.652376
336.1		0.655486
336.2		0.655486
336.3		0.655486
336.4		0.655486
336.5		0.655486
336.6		0.655486
336.7		0.655486
336.8		0.655486
336.9		0.655486
337		0.655486
337.1		0.659549
337.2		0.659549
337.3		0.659549
337.4		0.659549
337.5		0.659549
337.6		0.659549
337.7		0.659549
337.8		0.659549
337.9		0.659549
338		0.659549
338.1		0.661788
338.2		0.661788
338.3		0.661788
338.4		0.661788
338.5		0.661788
338.6		0.661788
338.7		0.661788
338.8		0.661788
338.9		0.661788
339		0.661788
339.1		0.663737
339.2		0.663737
339.3		0.663737
339.4		0.663737
339.5		0.663737
339.6		0.663737
339.7		0.663737
339.8		0.663737
339.9		0.663737
340		0.663737
340.1		0.665478
340.2		0.665478
340.3		0.665478
340.4		0.665478
340.5		0.665478
340.6		0.665478
340.7		0.665478
340.8		0.665478
340.9		0.665478
341		0.665478
341.1		0.670122
341.2		0.670122
341.3		0.670122
341.4		0.670122
341.5		0.670122
341.6		0.670122
341.7		0.670122
341.8		0.670122
341.9		0.670122
342		0.670122
342.1		0.672568
342.2		0.672568
342.3		0.672568
342.4		0.672568
342.5		0.672568
342.6		0.672568
342.7		0.672568
342.8		0.672568
342.9		0.672568
343		0.672568
343.1		0.673646
343.2		0.673646
343.3		0.673646
343.4		0.673646
343.5		0.673646
343.6		0.673646
343.7		0.673646
343.8		0.673646
343.9		0.673646
344		0.673646
344.1		0.678332
344.2		0.678332
344.3		0.678332
344.4		0.678332
344.5		0.678332
344.6		0.678332
344.7		0.678332
344.8		0.678332
344.9		0.678332
345		0.678332
345.1		0.679078
345.2		0.679078
345.3		0.679078
345.4		0.679078
345.5		0.679078
345.6		0.679078
345.7		0.679078
345.8		0.679078
345.9		0.679078
346		0.679078
346.1		0.682188
346.2		0.682188
346.3		0.682188
346.4		0.682188
346.5		0.682188
346.6		0.682188
346.7		0.682188
346.8		0.682188
346.9		0.682188
347		0.682188
347.1		0.684551
347.2		0.684551
347.3		0.684551
347.4		0.684551
347.5		0.684551
347.6		0.684551
347.7		0.684551
347.8		0.684551
347.9		0.684551
348		0.684551
348.1		0.686209
348.2		0.686209
348.3		0.686209
348.4		0.686209
348.5		0.686209
348.6		0.686209
348.7		0.686209
348.8		0.686209
348.9		0.686209
349		0.686209
349.1		0.687246
349.2		0.687246
349.3		0.687246
349.4		0.687246
349.5		0.687246
349.6		0.687246
349.7		0.687246
349.8		0.687246
349.9		0.687246
350		0.687246
350.1		0.687785
350.2		0.687785
350.3		0.687785
350.4		0.687785
350.5		0.687785
350.6		0.687785
350.7		0.687785
350.8		0.687785
350.9		0.687785
351		0.687785
351.1		0.689361
351.2		0.689361
351.3		0.689361
351.4		0.689361
351.5		0.689361
351.6		0.689361
351.7		0.689361
351.8		0.689361
351.9		0.689361
352		0.689361
352.1		0.694461
352.2		0.694461
352.3		0.694461
352.4		0.694461
352.5		0.694461
352.6		0.694461
352.7		0.694461
352.8		0.694461
352.9		0.694461
353		0.694461
353.1		0.696534
353.2		0.696534
353.3		0.696534
353.4		0.696534
353.5		0.696534
353.6		0.696534
353.7		0.696534
353.8		0.696534
353.9		0.696534
354		0.696534
354.1		0.697031
354.2		0.697031
354.3		0.697031
354.4		0.697031
354.5		0.697031
354.6		0.697031
354.7		0.697031
354.8		0.697031
354.9		0.697031
355		0.697031
355.1		0.700804
355.2		0.700804
355.3		0.700804
355.4		0.700804
355.5		0.700804
355.6		0.700804
355.7		0.700804
355.8		0.700804
355.9		0.700804
356		0.700804
356.1		0.704577
356.2		0.704577
356.3		0.704577
356.4		0.704577
356.5		0.704577
356.6		0.704577
356.7		0.704577
356.8		0.704577
356.9		0.704577
357		0.704577
357.1		0.709553
357.2		0.709553
357.3		0.709553
357.4		0.709553
357.5		0.709553
357.6		0.709553
357.7		0.709553
357.8		0.709553
357.9		0.709553
358		0.709553
358.1		0.710838
358.2		0.710838
358.3		0.710838
358.4		0.710838
358.5		0.710838
358.6		0.710838
358.7		0.710838
358.8		0.710838
358.9		0.710838
359		0.710838
359.1		0.712207
359.2		0.712207
359.3		0.712207
359.4		0.712207
359.5		0.712207
359.6		0.712207
359.7		0.712207
359.8		0.712207
359.9		0.712207
360		0.712207
360.1		0.716187
360.2		0.716187
360.3		0.716187
360.4		0.716187
360.5		0.716187
360.6		0.716187
360.7		0.716187
360.8		0.716187
360.9		0.716187
361		0.716187
361.1		0.717846
361.2		0.717846
361.3		0.717846
361.4		0.717846
361.5		0.717846
361.6		0.717846
361.7		0.717846
361.8		0.717846
361.9		0.717846
362		0.717846
362.1		0.718343
362.2		0.718343
362.3		0.718343
362.4		0.718343
362.5		0.718343
362.6		0.718343
362.7		0.718343
362.8		0.718343
362.9		0.718343
363		0.718343
363.1		0.72108
363.2		0.72108
363.3		0.72108
363.4		0.72108
363.5		0.72108
363.6		0.72108
363.7		0.72108
363.8		0.72108
363.9		0.72108
364		0.72108
364.1		0.722987
364.2		0.722987
364.3		0.722987
364.4		0.722987
364.5		0.722987
364.6		0.722987
364.7		0.722987
364.8		0.722987
364.9		0.722987
365		0.722987
365.1		0.724853
365.2		0.724853
365.3		0.724853
365.4		0.724853
365.5		0.724853
365.6		0.724853
365.7		0.724853
365.8		0.724853
365.9		0.724853
366		0.724853
366.1		0.727548
366.2		0.727548
366.3		0.727548
366.4		0.727548
366.5		0.727548
366.6		0.727548
366.7		0.727548
366.8		0.727548
366.9		0.727548
367		0.727548
367.1		0.727672
367.2		0.727672
367.3		0.727672
367.4		0.727672
367.5		0.727672
367.6		0.727672
367.7		0.727672
367.8		0.727672
367.9		0.727672
368		0.727672
368.1		0.732855
368.2		0.732855
368.3		0.732855
368.4		0.732855
368.5		0.732855
368.6		0.732855
368.7		0.732855
368.8		0.732855
368.9		0.732855
369		0.732855
369.1		0.734223
369.2		0.734223
369.3		0.734223
369.4		0.734223
369.5		0.734223
369.6		0.734223
369.7		0.734223
369.8		0.734223
369.9		0.734223
370		0.734223
370.1		0.734514
370.2		0.734514
370.3		0.734514
370.4		0.734514
370.5		0.734514
370.6		0.734514
370.7		0.734514
370.8		0.734514
370.9		0.734514
371		0.734514
371.1		0.738121
371.2		0.738121
371.3		0.738121
371.4		0.738121
371.5		0.738121
371.6		0.738121
371.7		0.738121
371.8		0.738121
371.9		0.738121
372		0.738121
372.1		0.739116
372.2		0.739116
372.3		0.739116
372.4		0.739116
372.5		0.739116
372.6		0.739116
372.7		0.739116
372.8		0.739116
372.9		0.739116
373		0.739116
373.1		0.741396
373.2		0.741396
373.3		0.741396
373.4		0.741396
373.5		0.741396
373.6		0.741396
373.7		0.741396
373.8		0.741396
373.9		0.741396
374		0.741396
374.1		0.742931
374.2		0.742931
374.3		0.742931
374.4		0.742931
374.5		0.742931
374.6		0.742931
374.7		0.742931
374.8		0.742931
374.9		0.742931
375		0.742931
375.1		0.744009
375.2		0.744009
375.3		0.744009
375.4		0.744009
375.5		0.744009
375.6		0.744009
375.7		0.744009
375.8		0.744009
375.9		0.744009
376		0.744009
376.1		0.74716
376.2		0.74716
376.3		0.74716
376.4		0.74716
376.5		0.74716
376.6		0.74716
376.7		0.74716
376.8		0.74716
376.9		0.74716
377		0.74716
377.1		0.749233
377.2		0.749233
377.3		0.749233
377.4		0.749233
377.5		0.749233
377.6		0.749233
377.7		0.749233
377.8		0.749233
377.9		0.749233
378		0.749233
378.1		0.750767
378.2		0.750767
378.3		0.750767
378.4		0.750767
378.5		0.750767
378.6		0.750767
378.7		0.750767
378.8		0.750767
378.9		0.750767
379		0.750767
379.1		0.752508
379.2		0.752508
379.3		0.752508
379.4		0.752508
379.5		0.752508
379.6		0.752508
379.7		0.752508
379.8		0.752508
379.9		0.752508
380		0.752508
380.1		0.753587
380.2		0.753587
380.3		0.753587
380.4		0.753587
380.5		0.753587
380.6		0.753587
380.7		0.753587
380.8		0.753587
380.9		0.753587
381		0.753587
381.1		0.756365
381.2		0.756365
381.3		0.756365
381.4		0.756365
381.5		0.756365
381.6		0.756365
381.7		0.756365
381.8		0.756365
381.9		0.756365
382		0.756365
382.1		0.759682
382.2		0.759682
382.3		0.759682
382.4		0.759682
382.5		0.759682
382.6		0.759682
382.7		0.759682
382.8		0.759682
382.9		0.759682
383		0.759682
383.1		0.760511
383.2		0.760511
383.3		0.760511
383.4		0.760511
383.5		0.760511
383.6		0.760511
383.7		0.760511
383.8		0.760511
383.9		0.760511
384		0.760511
384.1		0.761423
384.2		0.761423
384.3		0.761423
384.4		0.761423
384.5		0.761423
384.6		0.761423
384.7		0.761423
384.8		0.761423
384.9		0.761423
385		0.761423
385.1		0.763413
385.2		0.763413
385.3		0.763413
385.4		0.763413
385.5		0.763413
385.6		0.763413
385.7		0.763413
385.8		0.763413
385.9		0.763413
386		0.763413
386.1		0.765818
386.2		0.765818
386.3		0.765818
386.4		0.765818
386.5		0.765818
386.6		0.765818
386.7		0.765818
386.8		0.765818
386.9		0.765818
387		0.765818
387.1		0.768472
387.2		0.768472
387.3		0.768472
387.4		0.768472
387.5		0.768472
387.6		0.768472
387.7		0.768472
387.8		0.768472
387.9		0.768472
388		0.768472
388.1		0.769259
388.2		0.769259
388.3		0.769259
388.4		0.769259
388.5		0.769259
388.6		0.769259
388.7		0.769259
388.8		0.769259
388.9		0.769259
389		0.769259
389.1		0.772079
389.2		0.772079
389.3		0.772079
389.4		0.772079
389.5		0.772079
389.6		0.772079
389.7		0.772079
389.8		0.772079
389.9		0.772079
390		0.772079
390.1		0.773903
390.2		0.773903
390.3		0.773903
390.4		0.773903
390.5		0.773903
390.6		0.773903
390.7		0.773903
390.8		0.773903
390.9		0.773903
391		0.773903
391.1		0.774898
391.2		0.774898
391.3		0.774898
391.4		0.774898
391.5		0.774898
391.6		0.774898
391.7		0.774898
391.8		0.774898
391.9		0.774898
392		0.774898
392.1		0.776847
392.2		0.776847
392.3		0.776847
392.4		0.776847
392.5		0.776847
392.6		0.776847
392.7		0.776847
392.8		0.776847
392.9		0.776847
393		0.776847
393.1		0.779832
393.2		0.779832
393.3		0.779832
393.4		0.779832
393.5		0.779832
393.6		0.779832
393.7		0.779832
393.8		0.779832
393.9		0.779832
394		0.779832
394.1		0.782859
394.2		0.782859
394.3		0.782859
394.4		0.782859
394.5		0.782859
394.6		0.782859
394.7		0.782859
394.8		0.782859
394.9		0.782859
395		0.782859
395.1		0.783979
395.2		0.783979
395.3		0.783979
395.4		0.783979
395.5		0.783979
395.6		0.783979
395.7		0.783979
395.8		0.783979
395.9		0.783979
396		0.783979
396.1		0.784808
396.2		0.784808
396.3		0.784808
396.4		0.784808
396.5		0.784808
396.6		0.784808
396.7		0.784808
396.8		0.784808
396.9		0.784808
397		0.784808
397.1		0.784891
397.2		0.784891
397.3		0.784891
397.4		0.784891
397.5		0.784891
397.6		0.784891
397.7		0.784891
397.8		0.784891
397.9		0.784891
398		0.784891
398.1		0.789037
398.2		0.789037
398.3		0.789037
398.4		0.789037
398.5		0.789037
398.6		0.789037
398.7		0.789037
398.8		0.789037
398.9		0.789037
399		0.789037
399.1		0.791525
399.2		0.791525
399.3		0.791525
399.4		0.791525
399.5		0.791525
399.6		0.791525
399.7		0.791525
399.8		0.791525
399.9		0.791525
400		0.791525
400.1		0.793018
400.2		0.793018
400.3		0.793018
400.4		0.793018
400.5		0.793018
400.6		0.793018
400.7		0.793018
400.8		0.793018
400.9		0.793018
401		0.793018
401.1		0.794054
401.2		0.794054
401.3		0.794054
401.4		0.794054
401.5		0.794054
401.6		0.794054
401.7		0.794054
401.8		0.794054
401.9		0.794054
402		0.794054
402.1		0.798491
402.2		0.798491
402.3		0.798491
402.4		0.798491
402.5		0.798491
402.6		0.798491
402.7		0.798491
402.8		0.798491
402.9		0.798491
403		0.798491
403.1		0.80044
403.2		0.80044
403.3		0.80044
403.4		0.80044
403.5		0.80044
403.6		0.80044
403.7		0.80044
403.8		0.80044
403.9		0.80044
404		0.80044
404.1		0.800896
404.2		0.800896
404.3		0.800896
404.4		0.800896
404.5		0.800896
404.6		0.800896
404.7		0.800896
404.8		0.800896
404.9		0.800896
405		0.800896
405.1		0.804793
405.2		0.804793
405.3		0.804793
405.4		0.804793
405.5		0.804793
405.6		0.804793
405.7		0.804793
405.8		0.804793
405.9		0.804793
406		0.804793
406.1		0.807488
406.2		0.807488
406.3		0.807488
406.4		0.807488
406.5		0.807488
406.6		0.807488
406.7		0.807488
406.8		0.807488
406.9		0.807488
407		0.807488
407.1		0.810432
407.2		0.810432
407.3		0.810432
407.4		0.810432
407.5		0.810432
407.6		0.810432
407.7		0.810432
407.8		0.810432
407.9		0.810432
408		0.810432
408.1		0.811842
408.2		0.811842
408.3		0.811842
408.4		0.811842
408.5		0.811842
408.6		0.811842
408.7		0.811842
408.8		0.811842
408.9		0.811842
409		0.811842
409.1		0.812878
409.2		0.812878
409.3		0.812878
409.4		0.812878
409.5		0.812878
409.6		0.812878
409.7		0.812878
409.8		0.812878
409.9		0.812878
410		0.812878
410.1		0.815947
410.2		0.815947
410.3		0.815947
410.4		0.815947
410.5		0.815947
410.6		0.815947
410.7		0.815947
410.8		0.815947
410.9		0.815947
411		0.815947
411.1		0.818808
411.2		0.818808
411.3		0.818808
411.4		0.818808
411.5		0.818808
411.6		0.818808
411.7		0.818808
411.8		0.818808
411.9		0.818808
412		0.818808
412.1		0.819264
412.2		0.819264
412.3		0.819264
412.4		0.819264
412.5		0.819264
412.6		0.819264
412.7		0.819264
412.8		0.819264
412.9		0.819264
413		0.819264
413.1		0.821751
413.2		0.821751
413.3		0.821751
413.4		0.821751
413.5		0.821751
413.6		0.821751
413.7		0.821751
413.8		0.821751
413.9		0.821751
414		0.821751
414.1		0.822249
414.2		0.822249
414.3		0.822249
414.4		0.822249
414.5		0.822249
414.6		0.822249
414.7		0.822249
414.8		0.822249
414.9		0.822249
415		0.822249
415.1		0.822912
415.2		0.822912
415.3		0.822912
415.4		0.822912
415.5		0.822912
415.6		0.822912
415.7		0.822912
415.8		0.822912
415.9		0.822912
416		0.822912
416.1		0.827929
416.2		0.827929
416.3		0.827929
416.4		0.827929
416.5		0.827929
416.6		0.827929
416.7		0.827929
416.8		0.827929
416.9		0.827929
417		0.827929
417.1		0.828883
417.2		0.828883
417.3		0.828883
417.4		0.828883
417.5		0.828883
417.6		0.828883
417.7		0.828883
417.8		0.828883
417.9		0.828883
418		0.828883
418.1		0.830002
418.2		0.830002
418.3		0.830002
418.4		0.830002
418.5		0.830002
418.6		0.830002
418.7		0.830002
418.8		0.830002
418.9		0.830002
419		0.830002
419.1		0.832739
419.2		0.832739
419.3		0.832739
419.4		0.832739
419.5		0.832739
419.6		0.832739
419.7		0.832739
419.8		0.832739
419.9		0.832739
420		0.832739
420.1		0.838295
420.2		0.838295
420.3		0.838295
420.4		0.838295
420.5		0.838295
420.6		0.838295
420.7		0.838295
420.8		0.838295
420.9		0.838295
421		0.838295
421.1		0.839539
421.2		0.839539
421.3		0.839539
421.4		0.839539
421.5		0.839539
421.6		0.839539
421.7		0.839539
421.8		0.839539
421.9		0.839539
422		0.839539
422.1		0.839746
422.2		0.839746
422.3		0.839746
422.4		0.839746
422.5		0.839746
422.6		0.839746
422.7		0.839746
422.8		0.839746
422.9		0.839746
423		0.839746
423.1		0.840741
423.2		0.840741
423.3		0.840741
423.4		0.840741
423.5		0.840741
423.6		0.840741
423.7		0.840741
423.8		0.840741
423.9		0.840741
424		0.840741
424.1		0.846214
424.2		0.846214
424.3		0.846214
424.4		0.846214
424.5		0.846214
424.6		0.846214
424.7		0.846214
424.8		0.846214
424.9		0.846214
425		0.846214
425.1		0.846836
425.2		0.846836
425.3		0.846836
425.4		0.846836
425.5		0.846836
425.6		0.846836
425.7		0.846836
425.8		0.846836
425.9		0.846836
426		0.846836
426.1		0.847085
426.2		0.847085
426.3		0.847085
426.4		0.847085
426.5		0.847085
426.6		0.847085
426.7		0.847085
426.8		0.847085
426.9		0.847085
427		0.847085
427.1		0.850734
427.2		0.850734
427.3		0.850734
427.4		0.850734
427.5		0.850734
427.6		0.850734
427.7		0.850734
427.8		0.850734
427.9		0.850734
428		0.850734
428.1		0.852019
428.2		0.852019
428.3		0.852019
428.4		0.852019
428.5		0.852019
428.6		0.852019
428.7		0.852019
428.8		0.852019
428.9		0.852019
429		0.852019
429.1		0.855627
429.2		0.855627
429.3		0.855627
429.4		0.855627
429.5		0.855627
429.6		0.855627
429.7		0.855627
429.8		0.855627
429.9		0.855627
430		0.855627
430.1		0.856912
430.2		0.856912
430.3		0.856912
430.4		0.856912
430.5		0.856912
430.6		0.856912
430.7		0.856912
430.8		0.856912
430.9		0.856912
431		0.856912
431.1		0.857161
431.2		0.857161
431.3		0.857161
431.4		0.857161
431.5		0.857161
431.6		0.857161
431.7		0.857161
431.8		0.857161
431.9		0.857161
432		0.857161
432.1		0.860561
432.2		0.860561
432.3		0.860561
432.4		0.860561
432.5		0.860561
432.6		0.860561
432.7		0.860561
432.8		0.860561
432.9		0.860561
433		0.860561
433.1		0.863007
433.2		0.863007
433.3		0.863007
433.4		0.863007
433.5		0.863007
433.6		0.863007
433.7		0.863007
433.8		0.863007
433.9		0.863007
434		0.863007
434.1		0.865246
434.2		0.865246
434.3		0.865246
434.4		0.865246
434.5		0.865246
434.6		0.865246
434.7		0.865246
434.8		0.865246
434.9		0.865246
435		0.865246
435.1		0.865826
435.2		0.865826
435.3		0.865826
435.4		0.865826
435.5		0.865826
435.6		0.865826
435.7		0.865826
435.8		0.865826
435.9		0.865826
436		0.865826
436.1		0.866614
436.2		0.866614
436.3		0.866614
436.4		0.866614
436.5		0.866614
436.6		0.866614
436.7		0.866614
436.8		0.866614
436.9		0.866614
437		0.866614
437.1		0.871921
437.2		0.871921
437.3		0.871921
437.4		0.871921
437.5		0.871921
437.6		0.871921
437.7		0.871921
437.8		0.871921
437.9		0.871921
438		0.871921
438.1		0.872626
438.2		0.872626
438.3		0.872626
438.4		0.872626
438.5		0.872626
438.6		0.872626
438.7		0.872626
438.8		0.872626
438.9		0.872626
439		0.872626
439.1		0.87557
439.2		0.87557
439.3		0.87557
439.4		0.87557
439.5		0.87557
439.6		0.87557
439.7		0.87557
439.8		0.87557
439.9		0.87557
440		0.87557
440.1		0.876441
440.2		0.876441
440.3		0.876441
440.4		0.876441
440.5		0.876441
440.6		0.876441
440.7		0.876441
440.8		0.876441
440.9		0.876441
441		0.876441
441.1		0.877021
441.2		0.877021
441.3		0.877021
441.4		0.877021
441.5		0.877021
441.6		0.877021
441.7		0.877021
441.8		0.877021
441.9		0.877021
442		0.877021
442.1		0.881955
442.2		0.881955
442.3		0.881955
442.4		0.881955
442.5		0.881955
442.6		0.881955
442.7		0.881955
442.8		0.881955
442.9		0.881955
443		0.881955
443.1		0.882702
443.2		0.882702
443.3		0.882702
443.4		0.882702
443.5		0.882702
443.6		0.882702
443.7		0.882702
443.8		0.882702
443.9		0.882702
444		0.882702
444.1		0.883655
444.2		0.883655
444.3		0.883655
444.4		0.883655
444.5		0.883655
444.6		0.883655
444.7		0.883655
444.8		0.883655
444.9		0.883655
445		0.883655
445.1		0.88635
445.2		0.88635
445.3		0.88635
445.4		0.88635
445.5		0.88635
445.6		0.88635
445.7		0.88635
445.8		0.88635
445.9		0.88635
446		0.88635
446.1		0.889128
446.2		0.889128
446.3		0.889128
446.4		0.889128
446.5		0.889128
446.6		0.889128
446.7		0.889128
446.8		0.889128
446.9		0.889128
447		0.889128
447.1		0.88975
447.2		0.88975
447.3		0.88975
447.4		0.88975
447.5		0.88975
447.6		0.88975
447.7		0.88975
447.8		0.88975
447.9		0.88975
448		0.88975
448.1		0.891326
448.2		0.891326
448.3		0.891326
448.4		0.891326
448.5		0.891326
448.6		0.891326
448.7		0.891326
448.8		0.891326
448.9		0.891326
449		0.891326
449.1		0.892819
449.2		0.892819
449.3		0.892819
449.4		0.892819
449.5		0.892819
449.6		0.892819
449.7		0.892819
449.8		0.892819
449.9		0.892819
450		0.892819
450.1		0.895472
450.2		0.895472
450.3		0.895472
450.4		0.895472
450.5		0.895472
450.6		0.895472
450.7		0.895472
450.8		0.895472
450.9		0.895472
451		0.895472
451.1		0.898001
451.2		0.898001
451.3		0.898001
451.4		0.898001
451.5		0.898001
451.6		0.898001
451.7		0.898001
451.8		0.898001
451.9		0.898001
452		0.898001
452.1		0.899826
452.2		0.899826
452.3		0.899826
452.4		0.899826
452.5		0.899826
452.6		0.899826
452.7		0.899826
452.8		0.899826
452.9		0.899826
453		0.899826
453.1		0.900987
453.2		0.900987
453.3		0.900987
453.4		0.900987
453.5		0.900987
453.6		0.900987
453.7		0.900987
453.8		0.900987
453.9		0.900987
454		0.900987
454.1		0.902521
454.2		0.902521
454.3		0.902521
454.4		0.902521
454.5		0.902521
454.6		0.902521
454.7		0.902521
454.8		0.902521
454.9		0.902521
455		0.902521
455.1		0.905133
455.2		0.905133
455.3		0.905133
455.4		0.905133
455.5		0.905133
455.6		0.905133
455.7		0.905133
455.8		0.905133
455.9		0.905133
456		0.905133
456.1		0.905921
456.2		0.905921
456.3		0.905921
456.4		0.905921
456.5		0.905921
456.6		0.905921
456.7		0.905921
456.8		0.905921
456.9		0.905921
457		0.905921
457.1		0.90874
457.2		0.90874
457.3		0.90874
457.4		0.90874
457.5		0.90874
457.6		0.90874
457.7		0.90874
457.8		0.90874
457.9		0.90874
458		0.90874
458.1		0.912348
458.2		0.912348
458.3		0.912348
458.4		0.912348
458.5		0.912348
458.6		0.912348
458.7		0.912348
458.8		0.912348
458.9		0.912348
459		0.912348
459.1		0.912431
459.2		0.912431
459.3		0.912431
459.4		0.912431
459.5		0.912431
459.6		0.912431
459.7		0.912431
459.8		0.912431
459.9		0.912431
460		0.912431
460.1		0.914296
460.2		0.914296
460.3		0.914296
460.4		0.914296
460.5		0.914296
460.6		0.914296
460.7		0.914296
460.8		0.914296
460.9		0.914296
461		0.914296
461.1		0.915872
461.2		0.915872
461.3		0.915872
461.4		0.915872
461.5		0.915872
461.6		0.915872
461.7		0.915872
461.8		0.915872
461.9		0.915872
462		0.915872
462.1		0.921387
462.2		0.921387
462.3		0.921387
462.4		0.921387
462.5		0.921387
462.6		0.921387
462.7		0.921387
462.8		0.921387
462.9		0.921387
463		0.921387
463.1		0.922589
463.2		0.922589
463.3		0.922589
463.4		0.922589
463.5		0.922589
463.6		0.922589
463.7		0.922589
463.8		0.922589
463.9		0.922589
464		0.922589
464.1		0.923626
464.2		0.923626
464.3		0.923626
464.4		0.923626
464.5		0.923626
464.6		0.923626
464.7		0.923626
464.8		0.923626
464.9		0.923626
465		0.923626
465.1		0.925864
465.2		0.925864
465.3		0.925864
465.4		0.925864
465.5		0.925864
465.6		0.925864
465.7		0.925864
465.8		0.925864
465.9		0.925864
466		0.925864
466.1		0.926155
466.2		0.926155
466.3		0.926155
466.4		0.926155
466.5		0.926155
466.6		0.926155
466.7		0.926155
466.8		0.926155
466.9		0.926155
467		0.926155
467.1		0.930177
467.2		0.930177
467.3		0.930177
467.4		0.930177
467.5		0.930177
467.6		0.930177
467.7		0.930177
467.8		0.930177
467.9		0.930177
468		0.930177
468.1		0.930508
468.2		0.930508
468.3		0.930508
468.4		0.930508
468.5		0.930508
468.6		0.930508
468.7		0.930508
468.8		0.930508
468.9		0.930508
469		0.930508
469.1		0.933618
469.2		0.933618
469.3		0.933618
469.4		0.933618
469.5		0.933618
469.6		0.933618
469.7		0.933618
469.8		0.933618
469.9		0.933618
470		0.933618
470.1		0.934323
470.2		0.934323
470.3		0.934323
470.4		0.934323
470.5		0.934323
470.6		0.934323
470.7		0.934323
470.8		0.934323
470.9		0.934323
471		0.934323
471.1		0.935691
471.2		0.935691
471.3		0.935691
471.4		0.935691
471.5		0.935691
471.6		0.935691
471.7		0.935691
471.8		0.935691
471.9		0.935691
472		0.935691
472.1		0.941786
472.2		0.941786
472.3		0.941786
472.4		0.941786
472.5		0.941786
472.6		0.941786
472.7		0.941786
472.8		0.941786
472.9		0.941786
473		0.941786
473.1		0.942201
473.2		0.942201
473.3		0.942201
473.4		0.942201
473.5		0.942201
473.6		0.942201
473.7		0.942201
473.8		0.942201
473.9		0.942201
474		0.942201
474.1		0.942657
474.2		0.942657
474.3		0.942657
474.4		0.942657
474.5		0.942657
474.6		0.942657
474.7		0.942657
474.8		0.942657
474.9		0.942657
475		0.942657
475.1		0.945725
475.2		0.945725
475.3		0.945725
475.4		0.945725
475.5		0.945725
475.6		0.945725
475.7		0.945725
475.8		0.945725
475.9		0.945725
476		0.945725
476.1		0.948462
476.2		0.948462
476.3		0.948462
476.4		0.948462
476.5		0.948462
476.6		0.948462
476.7		0.948462
476.8		0.948462
476.9		0.948462
477		0.948462
477.1		0.94925
477.2		0.94925
477.3		0.94925
477.4		0.94925
477.5		0.94925
477.6		0.94925
477.7		0.94925
477.8		0.94925
477.9		0.94925
478		0.94925
478.1		0.951406
478.2		0.951406
478.3		0.951406
478.4		0.951406
478.5		0.951406
478.6		0.951406
478.7		0.951406
478.8		0.951406
478.9		0.951406
479		0.951406
479.1		0.952608
479.2		0.952608
479.3		0.952608
479.4		0.952608
479.5		0.952608
479.6		0.952608
479.7		0.952608
479.8		0.952608
479.9		0.952608
480		0.952608
480.1		0.956381
480.2		0.956381
480.3		0.956381
480.4		0.956381
480.5		0.956381
480.6		0.956381
480.7		0.956381
480.8		0.956381
480.9		0.956381
481		0.956381
481.1		0.95721
481.2		0.95721
481.3		0.95721
481.4		0.95721
481.5		0.95721
481.6		0.95721
481.7		0.95721
481.8		0.95721
481.9		0.95721
482		0.95721
482.1		0.95804
482.2		0.95804
482.3		0.95804
482.4		0.95804
482.5		0.95804
482.6		0.95804
482.7		0.95804
482.8		0.95804
482.9		0.95804
483		0.95804
483.1		0.958993
483.2		0.958993
483.3		0.958993
483.4		0.958993
483.5		0.958993
483.6		0.958993
483.7		0.958993
483.8		0.958993
483.9		0.958993
484		0.958993
484.1		0.963388
484.2		0.963388
484.3		0.963388
484.4		0.963388
484.5		0.963388
484.6		0.963388
484.7		0.963388
484.8		0.963388
484.9		0.963388
485		0.963388
485.1		0.967825
485.2		0.967825
485.3		0.967825
485.4		0.967825
485.5		0.967825
485.6		0.967825
485.7		0.967825
485.8		0.967825
485.9		0.967825
486		0.967825
486.1		0.968074
486.2		0.968074
486.3		0.968074
486.4		0.968074
486.5		0.968074
486.6		0.968074
486.7		0.968074
486.8		0.968074
486.9		0.968074
487		0.968074
487.1		0.968447
487.2		0.968447
487.3		0.968447
487.4		0.968447
487.5		0.968447
487.6		0.968447
487.7		0.968447
487.8		0.968447
487.9		0.968447
488		0.968447
488.1		0.971598
488.2		0.971598
488.3		0.971598
488.4		0.971598
488.5		0.971598
488.6		0.971598
488.7		0.971598
488.8		0.971598
488.9		0.971598
489		0.971598
489.1		0.973215
489.2		0.973215
489.3		0.973215
489.4		0.973215
489.5		0.973215
489.6		0.973215
489.7		0.973215
489.8		0.973215
489.9		0.973215
490		0.973215
490.1		0.973671
490.2		0.973671
490.3		0.973671
490.4		0.973671
490.5		0.973671
490.6		0.973671
490.7		0.973671
490.8		0.973671
490.9		0.973671
491		0.973671
491.1		0.978439
491.2		0.978439
491.3		0.978439
491.4		0.978439
491.5		0.978439
491.6		0.978439
491.7		0.978439
491.8		0.978439
491.9		0.978439
492		0.978439
492.1		0.979186
492.2		0.979186
492.3		0.979186
492.4		0.979186
492.5		0.979186
492.6		0.979186
492.7		0.979186
492.8		0.979186
492.9		0.979186
493		0.979186
493.1		0.980098
493.2		0.980098
493.3		0.980098
493.4		0.980098
493.5		0.980098
493.6		0.980098
493.7		0.980098
493.8		0.980098
493.9		0.980098
494		0.980098
494.1		0.98043
494.2		0.98043
494.3		0.98043
494.4		0.98043
494.5		0.98043
494.6		0.98043
494.7		0.98043
494.8		0.98043
494.9		0.98043
495		0.98043
495.1		0.984286
495.2		0.984286
495.3		0.984286
495.4		0.984286
495.5		0.984286
495.6		0.984286
495.7		0.984286
495.8		0.984286
495.9		0.984286
496		0.984286
496.1		0.989178
496.2		0.989178
496.3		0.989178
496.4		0.989178
496.5		0.989178
496.6		0.989178
496.7		0.989178
496.8		0.989178
496.9		0.989178
497		0.989178
497.1		0.989593
497.2		0.989593
497.3		0.989593
497.4		0.989593
497.5		0.989593
497.6		0.989593
497.7		0.989593
497.8		0.989593
497.9		0.989593
498		0.989593
498.1		0.990878
498.2		0.990878
498.3		0.990878
498.4		0.990878
498.5		0.990878
498.6		0.990878
498.7		0.990878
498.8		0.990878
498.9		0.990878
499		0.990878
499.1		0.992164
499.2		0.992164
499.3		0.992164
499.4		0.992164
499.5		0.992164
499.6		0.992164
499.7		0.992164
499.8		0.992164
499.9		0.992164
500		0.992164
500.1		0.992246
500.2		0.992246
500.3		0.992246
500.4		0.992246
500.5		0.992246
500.6		0.992246
500.7		0.992246
500.8		0.992246
500.9		0.992246
501		0.992246
501.1		0.998093
501.2		0.998093
501.3		0.998093
501.4		0.998093
501.5		0.998093
501.6		0.998093
501.7		0.998093
501.8		0.998093
501.9		0.998093
502		0.998093
502.1		0.999337
502.2		0.999337
502.3		0.999337
502.4		0.999337
502.5		0.999337
502.6		0.999337
502.7		0.999337
502.8		0.999337
502.9		0.999337
503		0.999337
503.1		1
503.2		1
503.3		1
503.4		1
503.5		1
503.6		1
503.7		1
503.8		1
503.9		1
504		1
504.1		1
504.2		1
504.3		1
504.4		1
504.5		1
504.6		1
504.7		1
504.8		1
504.9		1
505		1
505.1		1
505.2		1
505.3		1
505.4		1
505.5		1
505.6		1
505.7		1
505.8		1
505.9		1
506		1
506.1		1
506.2		1
506.3		1
506.4		1
506.5		1
506.6		1
506.7		1
506.8		1
506.9		1
507		1
507.1		1
507.2		1
507.3		1
507.4		1
507.5		1
507.6		1
507.7		1
507.8		1
507.9		1
508		1
508.1		1
508.2		1
508.3		1
508.4		1
508.5		1
508.6		1
508.7		1
508.8		1
508.9		1
509		1
509.1		1
509.2		1
509.3		1
509.4		1
509.5		1
509.6		1
509.7		1
509.8		1
509.9		1
510		1
510.1		1
510.2		1
510.3		1
510.4		1
510.5		1
510.6		1
510.7		1
510.8		1
510.9		1
511		1
511.1		1
511.2		1
511.3		1
511.4		1
511.5		1
511.6		1
511.7		1
511.8		1
511.9		1
512		1
512.1		1
512.2		1
512.3		1
512.4		1
512.5		1
512.6		1
512.7		1
512.8		1
512.9		1
513		1
513.1		1
513.2		1
513.3		1
513.4		1
513.5		1
513.6		1
513.7		1
513.8		1
513.9		1
514		1
514.1		1
514.2		1
514.3		1
514.4		1
514.5		1
514.6		1
514.7		1
514.8		1
514.9		1
515		1
515.1		1
515.2		1
515.3		1
515.4		1
515.5		1
515.6		1
515.7		1
515.8		1
515.9		1
516		1
516.1		1
516.2		1
516.3		1
516.4		1
516.5		1
516.6		1
516.7		1
516.8		1
516.9		1
517		1
517.1		1
517.2		1
517.3		1
517.4		1
517.5		1
517.6		1
517.7		1
517.8		1
517.9		1
518		1
518.1		1
518.2		1
518.3		1
518.4		1
518.5		1
518.6		1
518.7		1
518.8		1
518.9		1
519		1
519.1		1
519.2		1
519.3		1
519.4		1
519.5		1
519.6		1
519.7		1
519.8		1
519.9		1
520		1
520.1		1
520.2		1
520.3		1
520.4		1
520.5		1
520.6		1
520.7		1
520.8		1
520.9		1
521		1
521.1		1
521.2		1
521.3		1
521.4		1
521.5		1
521.6		1
521.7		1
521.8		1
521.9		1
522		1
522.1		1
522.2		1
522.3		1
522.4		1
522.5		1
522.6		1
522.7		1
522.8		1
522.9		1
523		1
523.1		1
523.2		1
523.3		1
523.4		1
523.5		1
523.6		1
523.7		1
523.8		1
523.9		1
524		1
524.1		1
524.2		1
524.3		1
524.4		1
524.5		1
524.6		1
524.7		1
524.8		1
524.9		1
525		1
525.1		1
525.2		1
525.3		1
525.4		1
525.5		1
525.6		1
525.7		1
525.8		1
525.9		1
526		1
526.1		1
526.2		1
526.3		1
526.4		1
526.5		1
526.6		1
526.7		1
526.8		1
526.9		1
527		1
527.1		1
527.2		1
527.3		1
527.4		1
527.5		1
527.6		1
527.7		1
527.8		1
527.9		1
528		1
528.1		1
528.2		1
528.3		1
528.4		1
528.5		1
528.6		1
528.7		1
528.8		1
528.9		1
529		1
529.1		1
529.2		1
529.3		1
529.4		1
529.5		1
529.6		1
529.7		1
529.8		1
529.9		1
530		1
530.1		1
530.2		1
530.3		1
530.4		1
530.5		1
530.6		1
530.7		1
530.8		1
530.9		1
531		1
531.1		1
531.2		1
531.3		1
531.4		1
531.5		1
531.6		1
531.7		1
531.8		1
531.9		1
532		1
532.1		1
532.2		1
532.3		1
532.4		1
532.5		1
532.6		1
532.7		1
532.8		1
532.9		1
533		1
533.1		1
533.2		1
533.3		1
533.4		1
533.5		1
533.6		1
533.7		1
533.8		1
533.9		1
534		1
534.1		1
534.2		1
534.3		1
534.4		1
534.5		1
534.6		1
534.7		1
534.8		1
534.9		1
535		1
535.1		1
535.2		1
535.3		1
535.4		1
535.5		1
535.6		1
535.7		1
535.8		1
535.9		1
536		1
536.1		1
536.2		1
536.3		1
536.4		1
536.5		1
536.6		1
536.7		1
536.8		1
536.9		1
537		1
537.1		1
537.2		1
537.3		1
537.4		1
537.5		1
537.6		1
537.7		1
537.8		1
537.9		1
538		1
538.1		1
538.2		1
538.3		1
538.4		1
538.5		1
538.6		1
538.7		1
538.8		1
538.9		1
539		1
539.1		1
539.2		1
539.3		1
539.4		1
539.5		1
539.6		1
539.7		1
539.8		1
539.9		1
540		1
540.1		1
540.2		1
540.3		1
540.4		1
540.5		1
540.6		1
540.7		1
540.8		1
540.9		1
541		1
541.1		1
541.2		1
541.3		1
541.4		1
541.5		1
541.6		1
541.7		1
541.8		1
541.9		1
542		1
542.1		1
542.2		1
542.3		1
542.4		1
542.5		1
542.6		1
542.7		1
542.8		1
542.9		1
543		1
543.1		1
543.2		1
543.3		1
543.4		1
543.5		1
543.6		1
543.7		1
543.8		1
543.9		1
544		1
544.1		1
544.2		1
544.3		1
544.4		1
544.5		1
544.6		1
544.7		1
544.8		1
544.9		1
545		1
545.1		1
545.2		1
545.3		1
545.4		1
545.5		1
545.6		1
545.7		1
545.8		1
545.9		1
546		1
546.1		1
546.2		1
546.3		1
546.4		1
546.5		1
546.6		1
546.7		1
546.8		1
546.9		1
547		1
547.1		1
547.2		1
547.3		1
547.4		1
547.5		1
547.6		1
547.7		1
547.8		1
547.9		1
548		1
548.1		1
548.2		1
548.3		1
548.4		1
548.5		1
548.6		1
548.7		1
548.8		1
548.9		1
549		1
549.1		1
549.2		1
549.3		1
549.4		1
549.5		1
549.6		1
549.7		1
549.8		1
549.9		1
550		1
550.1		1
550.2		1
550.3		1
550.4		1
550.5		1
550.6		1
550.7		1
550.8		1
550.9		1
551		1
551.1		1
551.2		1
551.3		1
551.4		1
551.5		1
551.6		1
551.7		1
551.8		1
551.9		1
552		1
552.1		1
552.2		1
552.3		1
552.4		1
552.5		1
552.6		1
552.7		1
552.8		1
552.9		1
553		1
553.1		1
553.2		1
553.3		1
553.4		1
553.5		1
553.6		1
553.7		1
553.8		1
553.9		1
554		1
554.1		1
554.2		1
554.3		1
554.4		1
554.5		1
554.6		1
554.7		1
554.8		1
554.9		1
555		1
555.1		1
555.2		1
555.3		1
555.4		1
555.5		1
555.6		1
555.7		1
555.8		1
555.9		1
556		1
556.1		1
556.2		1
556.3		1
556.4		1
556.5		1
556.6		1
556.7		1
556.8		1
556.9		1
557		1
557.1		1
557.2		1
557.3		1
557.4		1
557.5		1
557.6		1
557.7		1
557.8		1
557.9		1
558		1
558.1		1
558.2		1
558.3		1
558.4		1
558.5		1
558.6		1
558.7		1
558.8		1
558.9		1
559		1
559.1		1
559.2		1
559.3		1
559.4		1
559.5		1
559.6		1
559.7		1
559.8		1
559.9		1
560		1
560.1		1
560.2		1
560.3		1
560.4		1
560.5		1
560.6		1
560.7		1
560.8		1
560.9		1
561		1
561.1		1
561.2		1
561.3		1
561.4		1
561.5		1
561.6		1
561.7		1
561.8		1
561.9		1
562		1
562.1		1
562.2		1
562.3		1
562.4		1
562.5		1
562.6		1
562.7		1
562.8		1
562.9		1
563		1
563.1		1
563.2		1
563.3		1
563.4		1
563.5		1
563.6		1
563.7		1
563.8		1
563.9		1
564		1
564.1		1
564.2		1
564.3		1
564.4		1
564.5		1
564.6		1
564.7		1
564.8		1
564.9		1
565		1
565.1		1
565.2		1
565.3		1
565.4		1
565.5		1
565.6		1
565.7		1
565.8		1
565.9		1
566		1
566.1		1
566.2		1
566.3		1
566.4		1
566.5		1
566.6		1
566.7		1
566.8		1
566.9		1
567		1
567.1		1
567.2		1
567.3		1
567.4		1
567.5		1
567.6		1
567.7		1
567.8		1
567.9		1
568		1
568.1		1
568.2		1
568.3		1
568.4		1
568.5		1
568.6		1
568.7		1
568.8		1
568.9		1
569		1
569.1		1
569.2		1
569.3		1
569.4		1
569.5		1
569.6		1
569.7		1
569.8		1
569.9		1
570		1
570.1		1
570.2		1
570.3		1
570.4		1
570.5		1
570.6		1
570.7		1
570.8		1
570.9		1
571		1
571.1		1
571.2		1
571.3		1
571.4		1
571.5		1
571.6		1
571.7		1
571.8		1
571.9		1
572		1
572.1		1
572.2		1
572.3		1
572.4		1
572.5		1
572.6		1
572.7		1
572.8		1
572.9		1
573		1
573.1		1
573.2		1
573.3		1
573.4		1
573.5		1
573.6		1
573.7		1
573.8		1
573.9		1
574		1
574.1		1
574.2		1
574.3		1
574.4		1
574.5		1
574.6		1
574.7		1
574.8		1
574.9		1
575		1
575.1		1
575.2		1
575.3		1
575.4		1
575.5		1
575.6		1
575.7		1
575.8		1
575.9		1
576		1
576.1		1
576.2		1
576.3		1
576.4		1
576.5		1
576.6		1
576.7		1
576.8		1
576.9		1
577		1
577.1		1
577.2		1
577.3		1
577.4		1
577.5		1
577.6		1
577.7		1
577.8		1
577.9		1
578		1
578.1		1
578.2		1
578.3		1
578.4		1
578.5		1
578.6		1
578.7		1
578.8		1
578.9		1
579		1
579.1		1
579.2		1
579.3		1
579.4		1
579.5		1
579.6		1
579.7		1
579.8		1
579.9		1
580		1
580.1		1
580.2		1
580.3		1
580.4		1
580.5		1
580.6		1
580.7		1
580.8		1
580.9		1
581		1
581.1		1
581.2		1
581.3		1
581.4		1
581.5		1
581.6		1
581.7		1
581.8		1
581.9		1
582		1
582.1		1
582.2		1
582.3		1
582.4		1
582.5		1
582.6		1
582.7		1
582.8		1
582.9		1
583		1
583.1		1
583.2		1
583.3		1
583.4		1
583.5		1
583.6		1
583.7		1
583.8		1
583.9		1
584		1
584.1		1
584.2		1
584.3		1
584.4		1
584.5		1
584.6		1
584.7		1
584.8		1
584.9		1
585		1
585.1		1
585.2		1
585.3		1
585.4		1
585.5		1
585.6		1
585.7		1
585.8		1
585.9		1
586		1
586.1		1
586.2		1
586.3		1
586.4		1
586.5		1
586.6		1
586.7		1
586.8		1
586.9		1
587		1
587.1		1
587.2		1
587.3		1
587.4		1
587.5		1
587.6		1
587.7		1
587.8		1
587.9		1
588		1
588.1		1
588.2		1
588.3		1
588.4		1
588.5		1
588.6		1
588.7		1
588.8		1
588.9		1
589		1
589.1		1
589.2		1
589.3		1
589.4		1
589.5		1
589.6		1
589.7		1
589.8		1
589.9		1
590		1
590.1		1
590.2		1
590.3		1
590.4		1
590.5		1
590.6		1
590.7		1
590.8		1
590.9		1
591		1
591.1		1
591.2		1
591.3		1
591.4		1
591.5		1
591.6		1
591.7		1
591.8		1
591.9		1
592		1
592.1		1
592.2		1
592.3		1
592.4		1
592.5		1
592.6		1
592.7		1
592.8		1
592.9		1
593		1
593.1		1
593.2		1
593.3		1
593.4		1
593.5		1
593.6		1
593.7		1
593.8		1
593.9		1
594		1
594.1		1
594.2		1
594.3		1
594.4		1
594.5		1
594.6		1
594.7		1
594.8		1
594.9		1
595		1
595.1		1
595.2		1
595.3		1
595.4		1
595.5		1
595.6		1
595.7		1
595.8		1
595.9		1
596		1
596.1		1
596.2		1
596.3		1
596.4		1
596.5		1
596.6		1
596.7		1
596.8		1
596.9		1
597		1
597.1		1
597.2		1
597.3		1
597.4		1
597.5		1
597.6		1
597.7		1
597.8		1
597.9		1
598		1
598.1		1
598.2		1
598.3		1
598.4		1
598.5		1
598.6		1
598.7		1
598.8		1
598.9		1
599		1
599.1		1
599.2		1
599.3		1
599.4		1
599.5		1
599.6		1
599.7		1
599.8		1
599.9		1
600		1
