# Calibration file of tamex_id 1 @ channel 21
# fine_T bin		 Calibration value
0.1		0
0.2		0
0.3		0
0.4		0
0.5		0
0.6		0
0.7		0
0.8		0
0.9		0
1		0
1.1		0
1.2		0
1.3		0
1.4		0
1.5		0
1.6		0
1.7		0
1.8		0
1.9		0
2		0
2.1		0
2.2		0
2.3		0
2.4		0
2.5		0
2.6		0
2.7		0
2.8		0
2.9		0
3		0
3.1		0
3.2		0
3.3		0
3.4		0
3.5		0
3.6		0
3.7		0
3.8		0
3.9		0
4		0
4.1		0
4.2		0
4.3		0
4.4		0
4.5		0
4.6		0
4.7		0
4.8		0
4.9		0
5		0
5.1		0
5.2		0
5.3		0
5.4		0
5.5		0
5.6		0
5.7		0
5.8		0
5.9		0
6		0
6.1		0
6.2		0
6.3		0
6.4		0
6.5		0
6.6		0
6.7		0
6.8		0
6.9		0
7		0
7.1		0
7.2		0
7.3		0
7.4		0
7.5		0
7.6		0
7.7		0
7.8		0
7.9		0
8		0
8.1		0
8.2		0
8.3		0
8.4		0
8.5		0
8.6		0
8.7		0
8.8		0
8.9		0
9		0
9.1		0
9.2		0
9.3		0
9.4		0
9.5		0
9.6		0
9.7		0
9.8		0
9.9		0
10		0
10.1		0
10.2		0
10.3		0
10.4		0
10.5		0
10.6		0
10.7		0
10.8		0
10.9		0
11		0
11.1		0
11.2		0
11.3		0
11.4		0
11.5		0
11.6		0
11.7		0
11.8		0
11.9		0
12		0
12.1		0
12.2		0
12.3		0
12.4		0
12.5		0
12.6		0
12.7		0
12.8		0
12.9		0
13		0
13.1		0
13.2		0
13.3		0
13.4		0
13.5		0
13.6		0
13.7		0
13.8		0
13.9		0
14		0
14.1		0
14.2		0
14.3		0
14.4		0
14.5		0
14.6		0
14.7		0
14.8		0
14.9		0
15		0
15.1		0
15.2		0
15.3		0
15.4		0
15.5		0
15.6		0
15.7		0
15.8		0
15.9		0
16		0
16.1		0.00132531
16.2		0.00132531
16.3		0.00132531
16.4		0.00132531
16.5		0.00132531
16.6		0.00132531
16.7		0.00132531
16.8		0.00132531
16.9		0.00132531
17		0.00132531
17.1		0.00558779
17.2		0.00558779
17.3		0.00558779
17.4		0.00558779
17.5		0.00558779
17.6		0.00558779
17.7		0.00558779
17.8		0.00558779
17.9		0.00558779
18		0.00558779
18.1		0.00791604
18.2		0.00791604
18.3		0.00791604
18.4		0.00791604
18.5		0.00791604
18.6		0.00791604
18.7		0.00791604
18.8		0.00791604
18.9		0.00791604
19		0.00791604
19.1		0.00891898
19.2		0.00891898
19.3		0.00891898
19.4		0.00891898
19.5		0.00891898
19.6		0.00891898
19.7		0.00891898
19.8		0.00891898
19.9		0.00891898
20		0.00891898
20.1		0.0155097
20.2		0.0155097
20.3		0.0155097
20.4		0.0155097
20.5		0.0155097
20.6		0.0155097
20.7		0.0155097
20.8		0.0155097
20.9		0.0155097
21		0.0155097
21.1		0.0155455
21.2		0.0155455
21.3		0.0155455
21.4		0.0155455
21.5		0.0155455
21.6		0.0155455
21.7		0.0155455
21.8		0.0155455
21.9		0.0155455
22		0.0155455
22.1		0.0178021
22.2		0.0178021
22.3		0.0178021
22.4		0.0178021
22.5		0.0178021
22.6		0.0178021
22.7		0.0178021
22.8		0.0178021
22.9		0.0178021
23		0.0178021
23.1		0.0186618
23.2		0.0186618
23.3		0.0186618
23.4		0.0186618
23.5		0.0186618
23.6		0.0186618
23.7		0.0186618
23.8		0.0186618
23.9		0.0186618
24		0.0186618
24.1		0.0226735
24.2		0.0226735
24.3		0.0226735
24.4		0.0226735
24.5		0.0226735
24.6		0.0226735
24.7		0.0226735
24.8		0.0226735
24.9		0.0226735
25		0.0226735
25.1		0.0233541
25.2		0.0233541
25.3		0.0233541
25.4		0.0233541
25.5		0.0233541
25.6		0.0233541
25.7		0.0233541
25.8		0.0233541
25.9		0.0233541
26		0.0233541
26.1		0.0267569
26.2		0.0267569
26.3		0.0267569
26.4		0.0267569
26.5		0.0267569
26.6		0.0267569
26.7		0.0267569
26.8		0.0267569
26.9		0.0267569
27		0.0267569
27.1		0.0281539
27.2		0.0281539
27.3		0.0281539
27.4		0.0281539
27.5		0.0281539
27.6		0.0281539
27.7		0.0281539
27.8		0.0281539
27.9		0.0281539
28		0.0281539
28.1		0.0304463
28.2		0.0304463
28.3		0.0304463
28.4		0.0304463
28.5		0.0304463
28.6		0.0304463
28.7		0.0304463
28.8		0.0304463
28.9		0.0304463
29		0.0304463
29.1		0.0317358
29.2		0.0317358
29.3		0.0317358
29.4		0.0317358
29.5		0.0317358
29.6		0.0317358
29.7		0.0317358
29.8		0.0317358
29.9		0.0317358
30		0.0317358
30.1		0.0330969
30.2		0.0330969
30.3		0.0330969
30.4		0.0330969
30.5		0.0330969
30.6		0.0330969
30.7		0.0330969
30.8		0.0330969
30.9		0.0330969
31		0.0330969
31.1		0.0332044
31.2		0.0332044
31.3		0.0332044
31.4		0.0332044
31.5		0.0332044
31.6		0.0332044
31.7		0.0332044
31.8		0.0332044
31.9		0.0332044
32		0.0332044
32.1		0.0371445
32.2		0.0371445
32.3		0.0371445
32.4		0.0371445
32.5		0.0371445
32.6		0.0371445
32.7		0.0371445
32.8		0.0371445
32.9		0.0371445
33		0.0371445
33.1		0.0387205
33.2		0.0387205
33.3		0.0387205
33.4		0.0387205
33.5		0.0387205
33.6		0.0387205
33.7		0.0387205
33.8		0.0387205
33.9		0.0387205
34		0.0387205
34.1		0.04001
34.2		0.04001
34.3		0.04001
34.4		0.04001
34.5		0.04001
34.6		0.04001
34.7		0.04001
34.8		0.04001
34.9		0.04001
35		0.04001
35.1		0.0418726
35.2		0.0418726
35.3		0.0418726
35.4		0.0418726
35.5		0.0418726
35.6		0.0418726
35.7		0.0418726
35.8		0.0418726
35.9		0.0418726
36		0.0418726
36.1		0.0450964
36.2		0.0450964
36.3		0.0450964
36.4		0.0450964
36.5		0.0450964
36.6		0.0450964
36.7		0.0450964
36.8		0.0450964
36.9		0.0450964
37		0.0450964
37.1		0.0472813
37.2		0.0472813
37.3		0.0472813
37.4		0.0472813
37.5		0.0472813
37.6		0.0472813
37.7		0.0472813
37.8		0.0472813
37.9		0.0472813
38		0.0472813
38.1		0.0474604
38.2		0.0474604
38.3		0.0474604
38.4		0.0474604
38.5		0.0474604
38.6		0.0474604
38.7		0.0474604
38.8		0.0474604
38.9		0.0474604
39		0.0474604
39.1		0.0498245
39.2		0.0498245
39.3		0.0498245
39.4		0.0498245
39.5		0.0498245
39.6		0.0498245
39.7		0.0498245
39.8		0.0498245
39.9		0.0498245
40		0.0498245
40.1		0.0546959
40.2		0.0546959
40.3		0.0546959
40.4		0.0546959
40.5		0.0546959
40.6		0.0546959
40.7		0.0546959
40.8		0.0546959
40.9		0.0546959
41		0.0546959
41.1		0.0554481
41.2		0.0554481
41.3		0.0554481
41.4		0.0554481
41.5		0.0554481
41.6		0.0554481
41.7		0.0554481
41.8		0.0554481
41.9		0.0554481
42		0.0554481
42.1		0.056845
42.2		0.056845
42.3		0.056845
42.4		0.056845
42.5		0.056845
42.6		0.056845
42.7		0.056845
42.8		0.056845
42.9		0.056845
43		0.056845
43.1		0.0570958
43.2		0.0570958
43.3		0.0570958
43.4		0.0570958
43.5		0.0570958
43.6		0.0570958
43.7		0.0570958
43.8		0.0570958
43.9		0.0570958
44		0.0570958
44.1		0.0585644
44.2		0.0585644
44.3		0.0585644
44.4		0.0585644
44.5		0.0585644
44.6		0.0585644
44.7		0.0585644
44.8		0.0585644
44.9		0.0585644
45		0.0585644
45.1		0.0650476
45.2		0.0650476
45.3		0.0650476
45.4		0.0650476
45.5		0.0650476
45.6		0.0650476
45.7		0.0650476
45.8		0.0650476
45.9		0.0650476
46		0.0650476
46.1		0.066552
46.2		0.066552
46.3		0.066552
46.4		0.066552
46.5		0.066552
46.6		0.066552
46.7		0.066552
46.8		0.066552
46.9		0.066552
47		0.066552
47.1		0.0670535
47.2		0.0670535
47.3		0.0670535
47.4		0.0670535
47.5		0.0670535
47.6		0.0670535
47.7		0.0670535
47.8		0.0670535
47.9		0.0670535
48		0.0670535
48.1		0.0679132
48.2		0.0679132
48.3		0.0679132
48.4		0.0679132
48.5		0.0679132
48.6		0.0679132
48.7		0.0679132
48.8		0.0679132
48.9		0.0679132
49		0.0679132
49.1		0.0681639
49.2		0.0681639
49.3		0.0681639
49.4		0.0681639
49.5		0.0681639
49.6		0.0681639
49.7		0.0681639
49.8		0.0681639
49.9		0.0681639
50		0.0681639
50.1		0.0752203
50.2		0.0752203
50.3		0.0752203
50.4		0.0752203
50.5		0.0752203
50.6		0.0752203
50.7		0.0752203
50.8		0.0752203
50.9		0.0752203
51		0.0752203
51.1		0.0756501
51.2		0.0756501
51.3		0.0756501
51.4		0.0756501
51.5		0.0756501
51.6		0.0756501
51.7		0.0756501
51.8		0.0756501
51.9		0.0756501
52		0.0756501
52.1		0.0785157
52.2		0.0785157
52.3		0.0785157
52.4		0.0785157
52.5		0.0785157
52.6		0.0785157
52.7		0.0785157
52.8		0.0785157
52.9		0.0785157
53		0.0785157
53.1		0.0789813
53.2		0.0789813
53.3		0.0789813
53.4		0.0789813
53.5		0.0789813
53.6		0.0789813
53.7		0.0789813
53.8		0.0789813
53.9		0.0789813
54		0.0789813
54.1		0.0829572
54.2		0.0829572
54.3		0.0829572
54.4		0.0829572
54.5		0.0829572
54.6		0.0829572
54.7		0.0829572
54.8		0.0829572
54.9		0.0829572
55		0.0829572
55.1		0.0846407
55.2		0.0846407
55.3		0.0846407
55.4		0.0846407
55.5		0.0846407
55.6		0.0846407
55.7		0.0846407
55.8		0.0846407
55.9		0.0846407
56		0.0846407
56.1		0.085178
56.2		0.085178
56.3		0.085178
56.4		0.085178
56.5		0.085178
56.6		0.085178
56.7		0.085178
56.8		0.085178
56.9		0.085178
57		0.085178
57.1		0.0853929
57.2		0.0853929
57.3		0.0853929
57.4		0.0853929
57.5		0.0853929
57.6		0.0853929
57.7		0.0853929
57.8		0.0853929
57.9		0.0853929
58		0.0853929
58.1		0.0916613
58.2		0.0916613
58.3		0.0916613
58.4		0.0916613
58.5		0.0916613
58.6		0.0916613
58.7		0.0916613
58.8		0.0916613
58.9		0.0916613
59		0.0916613
59.1		0.0919837
59.2		0.0919837
59.3		0.0919837
59.4		0.0919837
59.5		0.0919837
59.6		0.0919837
59.7		0.0919837
59.8		0.0919837
59.9		0.0919837
60		0.0919837
60.1		0.0923419
60.2		0.0923419
60.3		0.0923419
60.4		0.0923419
60.5		0.0923419
60.6		0.0923419
60.7		0.0923419
60.8		0.0923419
60.9		0.0923419
61		0.0923419
61.1		0.0960312
61.2		0.0960312
61.3		0.0960312
61.4		0.0960312
61.5		0.0960312
61.6		0.0960312
61.7		0.0960312
61.8		0.0960312
61.9		0.0960312
62		0.0960312
62.1		0.0972849
62.2		0.0972849
62.3		0.0972849
62.4		0.0972849
62.5		0.0972849
62.6		0.0972849
62.7		0.0972849
62.8		0.0972849
62.9		0.0972849
63		0.0972849
63.1		0.101547
63.2		0.101547
63.3		0.101547
63.4		0.101547
63.5		0.101547
63.6		0.101547
63.7		0.101547
63.8		0.101547
63.9		0.101547
64		0.101547
64.1		0.104091
64.2		0.104091
64.3		0.104091
64.4		0.104091
64.5		0.104091
64.6		0.104091
64.7		0.104091
64.8		0.104091
64.9		0.104091
65		0.104091
65.1		0.105273
65.2		0.105273
65.3		0.105273
65.4		0.105273
65.5		0.105273
65.6		0.105273
65.7		0.105273
65.8		0.105273
65.9		0.105273
66		0.105273
66.1		0.105882
66.2		0.105882
66.3		0.105882
66.4		0.105882
66.5		0.105882
66.6		0.105882
66.7		0.105882
66.8		0.105882
66.9		0.105882
67		0.105882
67.1		0.107923
67.2		0.107923
67.3		0.107923
67.4		0.107923
67.5		0.107923
67.6		0.107923
67.7		0.107923
67.8		0.107923
67.9		0.107923
68		0.107923
68.1		0.109141
68.2		0.109141
68.3		0.109141
68.4		0.109141
68.5		0.109141
68.6		0.109141
68.7		0.109141
68.8		0.109141
68.9		0.109141
69		0.109141
69.1		0.116591
69.2		0.116591
69.3		0.116591
69.4		0.116591
69.5		0.116591
69.6		0.116591
69.7		0.116591
69.8		0.116591
69.9		0.116591
70		0.116591
70.1		0.116914
70.2		0.116914
70.3		0.116914
70.4		0.116914
70.5		0.116914
70.6		0.116914
70.7		0.116914
70.8		0.116914
70.9		0.116914
71		0.116914
71.1		0.118705
71.2		0.118705
71.3		0.118705
71.4		0.118705
71.5		0.118705
71.6		0.118705
71.7		0.118705
71.8		0.118705
71.9		0.118705
72		0.118705
72.1		0.120818
72.2		0.120818
72.3		0.120818
72.4		0.120818
72.5		0.120818
72.6		0.120818
72.7		0.120818
72.8		0.120818
72.9		0.120818
73		0.120818
73.1		0.121248
73.2		0.121248
73.3		0.121248
73.4		0.121248
73.5		0.121248
73.6		0.121248
73.7		0.121248
73.8		0.121248
73.9		0.121248
74		0.121248
74.1		0.124364
74.2		0.124364
74.3		0.124364
74.4		0.124364
74.5		0.124364
74.6		0.124364
74.7		0.124364
74.8		0.124364
74.9		0.124364
75		0.124364
75.1		0.127839
75.2		0.127839
75.3		0.127839
75.4		0.127839
75.5		0.127839
75.6		0.127839
75.7		0.127839
75.8		0.127839
75.9		0.127839
76		0.127839
76.1		0.129845
76.2		0.129845
76.3		0.129845
76.4		0.129845
76.5		0.129845
76.6		0.129845
76.7		0.129845
76.8		0.129845
76.9		0.129845
77		0.129845
77.1		0.132997
77.2		0.132997
77.3		0.132997
77.4		0.132997
77.5		0.132997
77.6		0.132997
77.7		0.132997
77.8		0.132997
77.9		0.132997
78		0.132997
78.1		0.133176
78.2		0.133176
78.3		0.133176
78.4		0.133176
78.5		0.133176
78.6		0.133176
78.7		0.133176
78.8		0.133176
78.9		0.133176
79		0.133176
79.1		0.133319
79.2		0.133319
79.3		0.133319
79.4		0.133319
79.5		0.133319
79.6		0.133319
79.7		0.133319
79.8		0.133319
79.9		0.133319
80		0.133319
80.1		0.137581
80.2		0.137581
80.3		0.137581
80.4		0.137581
80.5		0.137581
80.6		0.137581
80.7		0.137581
80.8		0.137581
80.9		0.137581
81		0.137581
81.1		0.140913
81.2		0.140913
81.3		0.140913
81.4		0.140913
81.5		0.140913
81.6		0.140913
81.7		0.140913
81.8		0.140913
81.9		0.140913
82		0.140913
82.1		0.14188
82.2		0.14188
82.3		0.14188
82.4		0.14188
82.5		0.14188
82.6		0.14188
82.7		0.14188
82.8		0.14188
82.9		0.14188
83		0.14188
83.1		0.143527
83.2		0.143527
83.3		0.143527
83.4		0.143527
83.5		0.143527
83.6		0.143527
83.7		0.143527
83.8		0.143527
83.9		0.143527
84		0.143527
84.1		0.1465
84.2		0.1465
84.3		0.1465
84.4		0.1465
84.5		0.1465
84.6		0.1465
84.7		0.1465
84.8		0.1465
84.9		0.1465
85		0.1465
85.1		0.147181
85.2		0.147181
85.3		0.147181
85.4		0.147181
85.5		0.147181
85.6		0.147181
85.7		0.147181
85.8		0.147181
85.9		0.147181
86		0.147181
86.1		0.147324
86.2		0.147324
86.3		0.147324
86.4		0.147324
86.5		0.147324
86.6		0.147324
86.7		0.147324
86.8		0.147324
86.9		0.147324
87		0.147324
87.1		0.151121
87.2		0.151121
87.3		0.151121
87.4		0.151121
87.5		0.151121
87.6		0.151121
87.7		0.151121
87.8		0.151121
87.9		0.151121
88		0.151121
88.1		0.154273
88.2		0.154273
88.3		0.154273
88.4		0.154273
88.5		0.154273
88.6		0.154273
88.7		0.154273
88.8		0.154273
88.9		0.154273
89		0.154273
89.1		0.154488
89.2		0.154488
89.3		0.154488
89.4		0.154488
89.5		0.154488
89.6		0.154488
89.7		0.154488
89.8		0.154488
89.9		0.154488
90		0.154488
90.1		0.15567
90.2		0.15567
90.3		0.15567
90.4		0.15567
90.5		0.15567
90.6		0.15567
90.7		0.15567
90.8		0.15567
90.9		0.15567
91		0.15567
91.1		0.158034
91.2		0.158034
91.3		0.158034
91.4		0.158034
91.5		0.158034
91.6		0.158034
91.7		0.158034
91.8		0.158034
91.9		0.158034
92		0.158034
92.1		0.161795
92.2		0.161795
92.3		0.161795
92.4		0.161795
92.5		0.161795
92.6		0.161795
92.7		0.161795
92.8		0.161795
92.9		0.161795
93		0.161795
93.1		0.163944
93.2		0.163944
93.3		0.163944
93.4		0.163944
93.5		0.163944
93.6		0.163944
93.7		0.163944
93.8		0.163944
93.9		0.163944
94		0.163944
94.1		0.164661
94.2		0.164661
94.3		0.164661
94.4		0.164661
94.5		0.164661
94.6		0.164661
94.7		0.164661
94.8		0.164661
94.9		0.164661
95		0.164661
95.1		0.165592
95.2		0.165592
95.3		0.165592
95.4		0.165592
95.5		0.165592
95.6		0.165592
95.7		0.165592
95.8		0.165592
95.9		0.165592
96		0.165592
96.1		0.169998
96.2		0.169998
96.3		0.169998
96.4		0.169998
96.5		0.169998
96.6		0.169998
96.7		0.169998
96.8		0.169998
96.9		0.169998
97		0.169998
97.1		0.172505
97.2		0.172505
97.3		0.172505
97.4		0.172505
97.5		0.172505
97.6		0.172505
97.7		0.172505
97.8		0.172505
97.9		0.172505
98		0.172505
98.1		0.173257
98.2		0.173257
98.3		0.173257
98.4		0.173257
98.5		0.173257
98.6		0.173257
98.7		0.173257
98.8		0.173257
98.9		0.173257
99		0.173257
99.1		0.174798
99.2		0.174798
99.3		0.174798
99.4		0.174798
99.5		0.174798
99.6		0.174798
99.7		0.174798
99.8		0.174798
99.9		0.174798
100		0.174798
100.1		0.177986
100.2		0.177986
100.3		0.177986
100.4		0.177986
100.5		0.177986
100.6		0.177986
100.7		0.177986
100.8		0.177986
100.9		0.177986
101		0.177986
101.1		0.180565
101.2		0.180565
101.3		0.180565
101.4		0.180565
101.5		0.180565
101.6		0.180565
101.7		0.180565
101.8		0.180565
101.9		0.180565
102		0.180565
102.1		0.181138
102.2		0.181138
102.3		0.181138
102.4		0.181138
102.5		0.181138
102.6		0.181138
102.7		0.181138
102.8		0.181138
102.9		0.181138
103		0.181138
103.1		0.184075
103.2		0.184075
103.3		0.184075
103.4		0.184075
103.5		0.184075
103.6		0.184075
103.7		0.184075
103.8		0.184075
103.9		0.184075
104		0.184075
104.1		0.185257
104.2		0.185257
104.3		0.185257
104.4		0.185257
104.5		0.185257
104.6		0.185257
104.7		0.185257
104.8		0.185257
104.9		0.185257
105		0.185257
105.1		0.189054
105.2		0.189054
105.3		0.189054
105.4		0.189054
105.5		0.189054
105.6		0.189054
105.7		0.189054
105.8		0.189054
105.9		0.189054
106		0.189054
106.1		0.19217
106.2		0.19217
106.3		0.19217
106.4		0.19217
106.5		0.19217
106.6		0.19217
106.7		0.19217
106.8		0.19217
106.9		0.19217
107		0.19217
107.1		0.192671
107.2		0.192671
107.3		0.192671
107.4		0.192671
107.5		0.192671
107.6		0.192671
107.7		0.192671
107.8		0.192671
107.9		0.192671
108		0.192671
108.1		0.193495
108.2		0.193495
108.3		0.193495
108.4		0.193495
108.5		0.193495
108.6		0.193495
108.7		0.193495
108.8		0.193495
108.9		0.193495
109		0.193495
109.1		0.196289
109.2		0.196289
109.3		0.196289
109.4		0.196289
109.5		0.196289
109.6		0.196289
109.7		0.196289
109.8		0.196289
109.9		0.196289
110		0.196289
110.1		0.202271
110.2		0.202271
110.3		0.202271
110.4		0.202271
110.5		0.202271
110.6		0.202271
110.7		0.202271
110.8		0.202271
110.9		0.202271
111		0.202271
111.1		0.202844
111.2		0.202844
111.3		0.202844
111.4		0.202844
111.5		0.202844
111.6		0.202844
111.7		0.202844
111.8		0.202844
111.9		0.202844
112		0.202844
112.1		0.203417
112.2		0.203417
112.3		0.203417
112.4		0.203417
112.5		0.203417
112.6		0.203417
112.7		0.203417
112.8		0.203417
112.9		0.203417
113		0.203417
113.1		0.203775
113.2		0.203775
113.3		0.203775
113.4		0.203775
113.5		0.203775
113.6		0.203775
113.7		0.203775
113.8		0.203775
113.9		0.203775
114		0.203775
114.1		0.208468
114.2		0.208468
114.3		0.208468
114.4		0.208468
114.5		0.208468
114.6		0.208468
114.7		0.208468
114.8		0.208468
114.9		0.208468
115		0.208468
115.1		0.211978
115.2		0.211978
115.3		0.211978
115.4		0.211978
115.5		0.211978
115.6		0.211978
115.7		0.211978
115.8		0.211978
115.9		0.211978
116		0.211978
116.1		0.212157
116.2		0.212157
116.3		0.212157
116.4		0.212157
116.5		0.212157
116.6		0.212157
116.7		0.212157
116.8		0.212157
116.9		0.212157
117		0.212157
117.1		0.214879
117.2		0.214879
117.3		0.214879
117.4		0.214879
117.5		0.214879
117.6		0.214879
117.7		0.214879
117.8		0.214879
117.9		0.214879
118		0.214879
118.1		0.215381
118.2		0.215381
118.3		0.215381
118.4		0.215381
118.5		0.215381
118.6		0.215381
118.7		0.215381
118.8		0.215381
118.9		0.215381
119		0.215381
119.1		0.217458
119.2		0.217458
119.3		0.217458
119.4		0.217458
119.5		0.217458
119.6		0.217458
119.7		0.217458
119.8		0.217458
119.9		0.217458
120		0.217458
120.1		0.217566
120.2		0.217566
120.3		0.217566
120.4		0.217566
120.5		0.217566
120.6		0.217566
120.7		0.217566
120.8		0.217566
120.9		0.217566
121		0.217566
121.1		0.221971
121.2		0.221971
121.3		0.221971
121.4		0.221971
121.5		0.221971
121.6		0.221971
121.7		0.221971
121.8		0.221971
121.9		0.221971
122		0.221971
122.1		0.225625
122.2		0.225625
122.3		0.225625
122.4		0.225625
122.5		0.225625
122.6		0.225625
122.7		0.225625
122.8		0.225625
122.9		0.225625
123		0.225625
123.1		0.226592
123.2		0.226592
123.3		0.226592
123.4		0.226592
123.5		0.226592
123.6		0.226592
123.7		0.226592
123.8		0.226592
123.9		0.226592
124		0.226592
124.1		0.229028
124.2		0.229028
124.3		0.229028
124.4		0.229028
124.5		0.229028
124.6		0.229028
124.7		0.229028
124.8		0.229028
124.9		0.229028
125		0.229028
125.1		0.229386
125.2		0.229386
125.3		0.229386
125.4		0.229386
125.5		0.229386
125.6		0.229386
125.7		0.229386
125.8		0.229386
125.9		0.229386
126		0.229386
126.1		0.236192
126.2		0.236192
126.3		0.236192
126.4		0.236192
126.5		0.236192
126.6		0.236192
126.7		0.236192
126.8		0.236192
126.9		0.236192
127		0.236192
127.1		0.237696
127.2		0.237696
127.3		0.237696
127.4		0.237696
127.5		0.237696
127.6		0.237696
127.7		0.237696
127.8		0.237696
127.9		0.237696
128		0.237696
128.1		0.237983
128.2		0.237983
128.3		0.237983
128.4		0.237983
128.5		0.237983
128.6		0.237983
128.7		0.237983
128.8		0.237983
128.9		0.237983
129		0.237983
129.1		0.241457
129.2		0.241457
129.3		0.241457
129.4		0.241457
129.5		0.241457
129.6		0.241457
129.7		0.241457
129.8		0.241457
129.9		0.241457
130		0.241457
130.1		0.24246
130.2		0.24246
130.3		0.24246
130.4		0.24246
130.5		0.24246
130.6		0.24246
130.7		0.24246
130.8		0.24246
130.9		0.24246
131		0.24246
131.1		0.246508
131.2		0.246508
131.3		0.246508
131.4		0.246508
131.5		0.246508
131.6		0.246508
131.7		0.246508
131.8		0.246508
131.9		0.246508
132		0.246508
132.1		0.247976
132.2		0.247976
132.3		0.247976
132.4		0.247976
132.5		0.247976
132.6		0.247976
132.7		0.247976
132.8		0.247976
132.9		0.247976
133		0.247976
133.1		0.24837
133.2		0.24837
133.3		0.24837
133.4		0.24837
133.5		0.24837
133.6		0.24837
133.7		0.24837
133.8		0.24837
133.9		0.24837
134		0.24837
134.1		0.251916
134.2		0.251916
134.3		0.251916
134.4		0.251916
134.5		0.251916
134.6		0.251916
134.7		0.251916
134.8		0.251916
134.9		0.251916
135		0.251916
135.1		0.252991
135.2		0.252991
135.3		0.252991
135.4		0.252991
135.5		0.252991
135.6		0.252991
135.7		0.252991
135.8		0.252991
135.9		0.252991
136		0.252991
136.1		0.254459
136.2		0.254459
136.3		0.254459
136.4		0.254459
136.5		0.254459
136.6		0.254459
136.7		0.254459
136.8		0.254459
136.9		0.254459
137		0.254459
137.1		0.257468
137.2		0.257468
137.3		0.257468
137.4		0.257468
137.5		0.257468
137.6		0.257468
137.7		0.257468
137.8		0.257468
137.9		0.257468
138		0.257468
138.1		0.259223
138.2		0.259223
138.3		0.259223
138.4		0.259223
138.5		0.259223
138.6		0.259223
138.7		0.259223
138.8		0.259223
138.9		0.259223
139		0.259223
139.1		0.262734
139.2		0.262734
139.3		0.262734
139.4		0.262734
139.5		0.262734
139.6		0.262734
139.7		0.262734
139.8		0.262734
139.9		0.262734
140		0.262734
140.1		0.26431
140.2		0.26431
140.3		0.26431
140.4		0.26431
140.5		0.26431
140.6		0.26431
140.7		0.26431
140.8		0.26431
140.9		0.26431
141		0.26431
141.1		0.264955
141.2		0.264955
141.3		0.264955
141.4		0.264955
141.5		0.264955
141.6		0.264955
141.7		0.264955
141.8		0.264955
141.9		0.264955
142		0.264955
142.1		0.266853
142.2		0.266853
142.3		0.266853
142.4		0.266853
142.5		0.266853
142.6		0.266853
142.7		0.266853
142.8		0.266853
142.9		0.266853
143		0.266853
143.1		0.268895
143.2		0.268895
143.3		0.268895
143.4		0.268895
143.5		0.268895
143.6		0.268895
143.7		0.268895
143.8		0.268895
143.9		0.268895
144		0.268895
144.1		0.273981
144.2		0.273981
144.3		0.273981
144.4		0.273981
144.5		0.273981
144.6		0.273981
144.7		0.273981
144.8		0.273981
144.9		0.273981
145		0.273981
145.1		0.274375
145.2		0.274375
145.3		0.274375
145.4		0.274375
145.5		0.274375
145.6		0.274375
145.7		0.274375
145.8		0.274375
145.9		0.274375
146		0.274375
146.1		0.276094
146.2		0.276094
146.3		0.276094
146.4		0.276094
146.5		0.276094
146.6		0.276094
146.7		0.276094
146.8		0.276094
146.9		0.276094
147		0.276094
147.1		0.276882
147.2		0.276882
147.3		0.276882
147.4		0.276882
147.5		0.276882
147.6		0.276882
147.7		0.276882
147.8		0.276882
147.9		0.276882
148		0.276882
148.1		0.28247
148.2		0.28247
148.3		0.28247
148.4		0.28247
148.5		0.28247
148.6		0.28247
148.7		0.28247
148.8		0.28247
148.9		0.28247
149		0.28247
149.1		0.282792
149.2		0.282792
149.3		0.282792
149.4		0.282792
149.5		0.282792
149.6		0.282792
149.7		0.282792
149.8		0.282792
149.9		0.282792
150		0.282792
150.1		0.283831
150.2		0.283831
150.3		0.283831
150.4		0.283831
150.5		0.283831
150.6		0.283831
150.7		0.283831
150.8		0.283831
150.9		0.283831
151		0.283831
151.1		0.28444
151.2		0.28444
151.3		0.28444
151.4		0.28444
151.5		0.28444
151.6		0.28444
151.7		0.28444
151.8		0.28444
151.9		0.28444
152		0.28444
152.1		0.289455
152.2		0.289455
152.3		0.289455
152.4		0.289455
152.5		0.289455
152.6		0.289455
152.7		0.289455
152.8		0.289455
152.9		0.289455
153		0.289455
153.1		0.290028
153.2		0.290028
153.3		0.290028
153.4		0.290028
153.5		0.290028
153.6		0.290028
153.7		0.290028
153.8		0.290028
153.9		0.290028
154		0.290028
154.1		0.293359
154.2		0.293359
154.3		0.293359
154.4		0.293359
154.5		0.293359
154.6		0.293359
154.7		0.293359
154.8		0.293359
154.9		0.293359
155		0.293359
155.1		0.294613
155.2		0.294613
155.3		0.294613
155.4		0.294613
155.5		0.294613
155.6		0.294613
155.7		0.294613
155.8		0.294613
155.9		0.294613
156		0.294613
156.1		0.298553
156.2		0.298553
156.3		0.298553
156.4		0.298553
156.5		0.298553
156.6		0.298553
156.7		0.298553
156.8		0.298553
156.9		0.298553
157		0.298553
157.1		0.299162
157.2		0.299162
157.3		0.299162
157.4		0.299162
157.5		0.299162
157.6		0.299162
157.7		0.299162
157.8		0.299162
157.9		0.299162
158		0.299162
158.1		0.300093
158.2		0.300093
158.3		0.300093
158.4		0.300093
158.5		0.300093
158.6		0.300093
158.7		0.300093
158.8		0.300093
158.9		0.300093
159		0.300093
159.1		0.301454
159.2		0.301454
159.3		0.301454
159.4		0.301454
159.5		0.301454
159.6		0.301454
159.7		0.301454
159.8		0.301454
159.9		0.301454
160		0.301454
160.1		0.308188
160.2		0.308188
160.3		0.308188
160.4		0.308188
160.5		0.308188
160.6		0.308188
160.7		0.308188
160.8		0.308188
160.9		0.308188
161		0.308188
161.1		0.309478
161.2		0.309478
161.3		0.309478
161.4		0.309478
161.5		0.309478
161.6		0.309478
161.7		0.309478
161.8		0.309478
161.9		0.309478
162		0.309478
162.1		0.310123
162.2		0.310123
162.3		0.310123
162.4		0.310123
162.5		0.310123
162.6		0.310123
162.7		0.310123
162.8		0.310123
162.9		0.310123
163		0.310123
163.1		0.312809
163.2		0.312809
163.3		0.312809
163.4		0.312809
163.5		0.312809
163.6		0.312809
163.7		0.312809
163.8		0.312809
163.9		0.312809
164		0.312809
164.1		0.314421
164.2		0.314421
164.3		0.314421
164.4		0.314421
164.5		0.314421
164.6		0.314421
164.7		0.314421
164.8		0.314421
164.9		0.314421
165		0.314421
165.1		0.317071
165.2		0.317071
165.3		0.317071
165.4		0.317071
165.5		0.317071
165.6		0.317071
165.7		0.317071
165.8		0.317071
165.9		0.317071
166		0.317071
166.1		0.31768
166.2		0.31768
166.3		0.31768
166.4		0.31768
166.5		0.31768
166.6		0.31768
166.7		0.31768
166.8		0.31768
166.9		0.31768
167		0.31768
167.1		0.322946
167.2		0.322946
167.3		0.322946
167.4		0.322946
167.5		0.322946
167.6		0.322946
167.7		0.322946
167.8		0.322946
167.9		0.322946
168		0.322946
168.1		0.323161
168.2		0.323161
168.3		0.323161
168.4		0.323161
168.5		0.323161
168.6		0.323161
168.7		0.323161
168.8		0.323161
168.9		0.323161
169		0.323161
169.1		0.323698
169.2		0.323698
169.3		0.323698
169.4		0.323698
169.5		0.323698
169.6		0.323698
169.7		0.323698
169.8		0.323698
169.9		0.323698
170		0.323698
170.1		0.32642
170.2		0.32642
170.3		0.32642
170.4		0.32642
170.5		0.32642
170.6		0.32642
170.7		0.32642
170.8		0.32642
170.9		0.32642
171		0.32642
171.1		0.326599
171.2		0.326599
171.3		0.326599
171.4		0.326599
171.5		0.326599
171.6		0.326599
171.7		0.326599
171.8		0.326599
171.9		0.326599
172		0.326599
172.1		0.329142
172.2		0.329142
172.3		0.329142
172.4		0.329142
172.5		0.329142
172.6		0.329142
172.7		0.329142
172.8		0.329142
172.9		0.329142
173		0.329142
173.1		0.330754
173.2		0.330754
173.3		0.330754
173.4		0.330754
173.5		0.330754
173.6		0.330754
173.7		0.330754
173.8		0.330754
173.9		0.330754
174		0.330754
174.1		0.336378
174.2		0.336378
174.3		0.336378
174.4		0.336378
174.5		0.336378
174.6		0.336378
174.7		0.336378
174.8		0.336378
174.9		0.336378
175		0.336378
175.1		0.336557
175.2		0.336557
175.3		0.336557
175.4		0.336557
175.5		0.336557
175.6		0.336557
175.7		0.336557
175.8		0.336557
175.9		0.336557
176		0.336557
176.1		0.337023
176.2		0.337023
176.3		0.337023
176.4		0.337023
176.5		0.337023
176.6		0.337023
176.7		0.337023
176.8		0.337023
176.9		0.337023
177		0.337023
177.1		0.338205
177.2		0.338205
177.3		0.338205
177.4		0.338205
177.5		0.338205
177.6		0.338205
177.7		0.338205
177.8		0.338205
177.9		0.338205
178		0.338205
178.1		0.341357
178.2		0.341357
178.3		0.341357
178.4		0.341357
178.5		0.341357
178.6		0.341357
178.7		0.341357
178.8		0.341357
178.9		0.341357
179		0.341357
179.1		0.34476
179.2		0.34476
179.3		0.34476
179.4		0.34476
179.5		0.34476
179.6		0.34476
179.7		0.34476
179.8		0.34476
179.9		0.34476
180		0.34476
180.1		0.34587
180.2		0.34587
180.3		0.34587
180.4		0.34587
180.5		0.34587
180.6		0.34587
180.7		0.34587
180.8		0.34587
180.9		0.34587
181		0.34587
181.1		0.346766
181.2		0.346766
181.3		0.346766
181.4		0.346766
181.5		0.346766
181.6		0.346766
181.7		0.346766
181.8		0.346766
181.9		0.346766
182		0.346766
182.1		0.351135
182.2		0.351135
182.3		0.351135
182.4		0.351135
182.5		0.351135
182.6		0.351135
182.7		0.351135
182.8		0.351135
182.9		0.351135
183		0.351135
183.1		0.351601
183.2		0.351601
183.3		0.351601
183.4		0.351601
183.5		0.351601
183.6		0.351601
183.7		0.351601
183.8		0.351601
183.9		0.351601
184		0.351601
184.1		0.353034
184.2		0.353034
184.3		0.353034
184.4		0.353034
184.5		0.353034
184.6		0.353034
184.7		0.353034
184.8		0.353034
184.9		0.353034
185		0.353034
185.1		0.35547
185.2		0.35547
185.3		0.35547
185.4		0.35547
185.5		0.35547
185.6		0.35547
185.7		0.35547
185.8		0.35547
185.9		0.35547
186		0.35547
186.1		0.359266
186.2		0.359266
186.3		0.359266
186.4		0.359266
186.5		0.359266
186.6		0.359266
186.7		0.359266
186.8		0.359266
186.9		0.359266
187		0.359266
187.1		0.360305
187.2		0.360305
187.3		0.360305
187.4		0.360305
187.5		0.360305
187.6		0.360305
187.7		0.360305
187.8		0.360305
187.9		0.360305
188		0.360305
188.1		0.361666
188.2		0.361666
188.3		0.361666
188.4		0.361666
188.5		0.361666
188.6		0.361666
188.7		0.361666
188.8		0.361666
188.9		0.361666
189		0.361666
189.1		0.361774
189.2		0.361774
189.3		0.361774
189.4		0.361774
189.5		0.361774
189.6		0.361774
189.7		0.361774
189.8		0.361774
189.9		0.361774
190		0.361774
190.1		0.366788
190.2		0.366788
190.3		0.366788
190.4		0.366788
190.5		0.366788
190.6		0.366788
190.7		0.366788
190.8		0.366788
190.9		0.366788
191		0.366788
191.1		0.368185
191.2		0.368185
191.3		0.368185
191.4		0.368185
191.5		0.368185
191.6		0.368185
191.7		0.368185
191.8		0.368185
191.9		0.368185
192		0.368185
192.1		0.368579
192.2		0.368579
192.3		0.368579
192.4		0.368579
192.5		0.368579
192.6		0.368579
192.7		0.368579
192.8		0.368579
192.9		0.368579
193		0.368579
193.1		0.37012
193.2		0.37012
193.3		0.37012
193.4		0.37012
193.5		0.37012
193.6		0.37012
193.7		0.37012
193.8		0.37012
193.9		0.37012
194		0.37012
194.1		0.376137
194.2		0.376137
194.3		0.376137
194.4		0.376137
194.5		0.376137
194.6		0.376137
194.7		0.376137
194.8		0.376137
194.9		0.376137
195		0.376137
195.1		0.376854
195.2		0.376854
195.3		0.376854
195.4		0.376854
195.5		0.376854
195.6		0.376854
195.7		0.376854
195.8		0.376854
195.9		0.376854
196		0.376854
196.1		0.37714
196.2		0.37714
196.3		0.37714
196.4		0.37714
196.5		0.37714
196.6		0.37714
196.7		0.37714
196.8		0.37714
196.9		0.37714
197		0.37714
197.1		0.379325
197.2		0.379325
197.3		0.379325
197.4		0.379325
197.5		0.379325
197.6		0.379325
197.7		0.379325
197.8		0.379325
197.9		0.379325
198		0.379325
198.1		0.380973
198.2		0.380973
198.3		0.380973
198.4		0.380973
198.5		0.380973
198.6		0.380973
198.7		0.380973
198.8		0.380973
198.9		0.380973
199		0.380973
199.1		0.386489
199.2		0.386489
199.3		0.386489
199.4		0.386489
199.5		0.386489
199.6		0.386489
199.7		0.386489
199.8		0.386489
199.9		0.386489
200		0.386489
200.1		0.389068
200.2		0.389068
200.3		0.389068
200.4		0.389068
200.5		0.389068
200.6		0.389068
200.7		0.389068
200.8		0.389068
200.9		0.389068
201		0.389068
201.1		0.389605
201.2		0.389605
201.3		0.389605
201.4		0.389605
201.5		0.389605
201.6		0.389605
201.7		0.389605
201.8		0.389605
201.9		0.389605
202		0.389605
202.1		0.390823
202.2		0.390823
202.3		0.390823
202.4		0.390823
202.5		0.390823
202.6		0.390823
202.7		0.390823
202.8		0.390823
202.9		0.390823
203		0.390823
203.1		0.392328
203.2		0.392328
203.3		0.392328
203.4		0.392328
203.5		0.392328
203.6		0.392328
203.7		0.392328
203.8		0.392328
203.9		0.392328
204		0.392328
204.1		0.395695
204.2		0.395695
204.3		0.395695
204.4		0.395695
204.5		0.395695
204.6		0.395695
204.7		0.395695
204.8		0.395695
204.9		0.395695
205		0.395695
205.1		0.400602
205.2		0.400602
205.3		0.400602
205.4		0.400602
205.5		0.400602
205.6		0.400602
205.7		0.400602
205.8		0.400602
205.9		0.400602
206		0.400602
206.1		0.400781
206.2		0.400781
206.3		0.400781
206.4		0.400781
206.5		0.400781
206.6		0.400781
206.7		0.400781
206.8		0.400781
206.9		0.400781
207		0.400781
207.1		0.402429
207.2		0.402429
207.3		0.402429
207.4		0.402429
207.5		0.402429
207.6		0.402429
207.7		0.402429
207.8		0.402429
207.9		0.402429
208		0.402429
208.1		0.406046
208.2		0.406046
208.3		0.406046
208.4		0.406046
208.5		0.406046
208.6		0.406046
208.7		0.406046
208.8		0.406046
208.9		0.406046
209		0.406046
209.1		0.406727
209.2		0.406727
209.3		0.406727
209.4		0.406727
209.5		0.406727
209.6		0.406727
209.7		0.406727
209.8		0.406727
209.9		0.406727
210		0.406727
210.1		0.408195
210.2		0.408195
210.3		0.408195
210.4		0.408195
210.5		0.408195
210.6		0.408195
210.7		0.408195
210.8		0.408195
210.9		0.408195
211		0.408195
211.1		0.412279
211.2		0.412279
211.3		0.412279
211.4		0.412279
211.5		0.412279
211.6		0.412279
211.7		0.412279
211.8		0.412279
211.9		0.412279
212		0.412279
212.1		0.413568
212.2		0.413568
212.3		0.413568
212.4		0.413568
212.5		0.413568
212.6		0.413568
212.7		0.413568
212.8		0.413568
212.9		0.413568
213		0.413568
213.1		0.414679
213.2		0.414679
213.3		0.414679
213.4		0.414679
213.5		0.414679
213.6		0.414679
213.7		0.414679
213.8		0.414679
213.9		0.414679
214		0.414679
214.1		0.414894
214.2		0.414894
214.3		0.414894
214.4		0.414894
214.5		0.414894
214.6		0.414894
214.7		0.414894
214.8		0.414894
214.9		0.414894
215		0.414894
215.1		0.417723
215.2		0.417723
215.3		0.417723
215.4		0.417723
215.5		0.417723
215.6		0.417723
215.7		0.417723
215.8		0.417723
215.9		0.417723
216		0.417723
216.1		0.423598
216.2		0.423598
216.3		0.423598
216.4		0.423598
216.5		0.423598
216.6		0.423598
216.7		0.423598
216.8		0.423598
216.9		0.423598
217		0.423598
217.1		0.423956
217.2		0.423956
217.3		0.423956
217.4		0.423956
217.5		0.423956
217.6		0.423956
217.7		0.423956
217.8		0.423956
217.9		0.423956
218		0.423956
218.1		0.425245
218.2		0.425245
218.3		0.425245
218.4		0.425245
218.5		0.425245
218.6		0.425245
218.7		0.425245
218.8		0.425245
218.9		0.425245
219		0.425245
219.1		0.42546
219.2		0.42546
219.3		0.42546
219.4		0.42546
219.5		0.42546
219.6		0.42546
219.7		0.42546
219.8		0.42546
219.9		0.42546
220		0.42546
220.1		0.430797
220.2		0.430797
220.3		0.430797
220.4		0.430797
220.5		0.430797
220.6		0.430797
220.7		0.430797
220.8		0.430797
220.9		0.430797
221		0.430797
221.1		0.431406
221.2		0.431406
221.3		0.431406
221.4		0.431406
221.5		0.431406
221.6		0.431406
221.7		0.431406
221.8		0.431406
221.9		0.431406
222		0.431406
222.1		0.431872
222.2		0.431872
222.3		0.431872
222.4		0.431872
222.5		0.431872
222.6		0.431872
222.7		0.431872
222.8		0.431872
222.9		0.431872
223		0.431872
223.1		0.434666
223.2		0.434666
223.3		0.434666
223.4		0.434666
223.5		0.434666
223.6		0.434666
223.7		0.434666
223.8		0.434666
223.9		0.434666
224		0.434666
224.1		0.437746
224.2		0.437746
224.3		0.437746
224.4		0.437746
224.5		0.437746
224.6		0.437746
224.7		0.437746
224.8		0.437746
224.9		0.437746
225		0.437746
225.1		0.440648
225.2		0.440648
225.3		0.440648
225.4		0.440648
225.5		0.440648
225.6		0.440648
225.7		0.440648
225.8		0.440648
225.9		0.440648
226		0.440648
226.1		0.440934
226.2		0.440934
226.3		0.440934
226.4		0.440934
226.5		0.440934
226.6		0.440934
226.7		0.440934
226.8		0.440934
226.9		0.440934
227		0.440934
227.1		0.441973
227.2		0.441973
227.3		0.441973
227.4		0.441973
227.5		0.441973
227.6		0.441973
227.7		0.441973
227.8		0.441973
227.9		0.441973
228		0.441973
228.1		0.445555
228.2		0.445555
228.3		0.445555
228.4		0.445555
228.5		0.445555
228.6		0.445555
228.7		0.445555
228.8		0.445555
228.9		0.445555
229		0.445555
229.1		0.447776
229.2		0.447776
229.3		0.447776
229.4		0.447776
229.5		0.447776
229.6		0.447776
229.7		0.447776
229.8		0.447776
229.9		0.447776
230		0.447776
230.1		0.448134
230.2		0.448134
230.3		0.448134
230.4		0.448134
230.5		0.448134
230.6		0.448134
230.7		0.448134
230.8		0.448134
230.9		0.448134
231		0.448134
231.1		0.450247
231.2		0.450247
231.3		0.450247
231.4		0.450247
231.5		0.450247
231.6		0.450247
231.7		0.450247
231.8		0.450247
231.9		0.450247
232		0.450247
232.1		0.453005
232.2		0.453005
232.3		0.453005
232.4		0.453005
232.5		0.453005
232.6		0.453005
232.7		0.453005
232.8		0.453005
232.9		0.453005
233		0.453005
233.1		0.455083
233.2		0.455083
233.3		0.455083
233.4		0.455083
233.5		0.455083
233.6		0.455083
233.7		0.455083
233.8		0.455083
233.9		0.455083
234		0.455083
234.1		0.458056
234.2		0.458056
234.3		0.458056
234.4		0.458056
234.5		0.458056
234.6		0.458056
234.7		0.458056
234.8		0.458056
234.9		0.458056
235		0.458056
235.1		0.459166
235.2		0.459166
235.3		0.459166
235.4		0.459166
235.5		0.459166
235.6		0.459166
235.7		0.459166
235.8		0.459166
235.9		0.459166
236		0.459166
236.1		0.460885
236.2		0.460885
236.3		0.460885
236.4		0.460885
236.5		0.460885
236.6		0.460885
236.7		0.460885
236.8		0.460885
236.9		0.460885
237		0.460885
237.1		0.462605
237.2		0.462605
237.3		0.462605
237.4		0.462605
237.5		0.462605
237.6		0.462605
237.7		0.462605
237.8		0.462605
237.9		0.462605
238		0.462605
238.1		0.465828
238.2		0.465828
238.3		0.465828
238.4		0.465828
238.5		0.465828
238.6		0.465828
238.7		0.465828
238.8		0.465828
238.9		0.465828
239		0.465828
239.1		0.466366
239.2		0.466366
239.3		0.466366
239.4		0.466366
239.5		0.466366
239.6		0.466366
239.7		0.466366
239.8		0.466366
239.9		0.466366
240		0.466366
240.1		0.468587
240.2		0.468587
240.3		0.468587
240.4		0.468587
240.5		0.468587
240.6		0.468587
240.7		0.468587
240.8		0.468587
240.9		0.468587
241		0.468587
241.1		0.469876
241.2		0.469876
241.3		0.469876
241.4		0.469876
241.5		0.469876
241.6		0.469876
241.7		0.469876
241.8		0.469876
241.9		0.469876
242		0.469876
242.1		0.470306
242.2		0.470306
242.3		0.470306
242.4		0.470306
242.5		0.470306
242.6		0.470306
242.7		0.470306
242.8		0.470306
242.9		0.470306
243		0.470306
243.1		0.475213
243.2		0.475213
243.3		0.475213
243.4		0.475213
243.5		0.475213
243.6		0.475213
243.7		0.475213
243.8		0.475213
243.9		0.475213
244		0.475213
244.1		0.476252
244.2		0.476252
244.3		0.476252
244.4		0.476252
244.5		0.476252
244.6		0.476252
244.7		0.476252
244.8		0.476252
244.9		0.476252
245		0.476252
245.1		0.477362
245.2		0.477362
245.3		0.477362
245.4		0.477362
245.5		0.477362
245.6		0.477362
245.7		0.477362
245.8		0.477362
245.9		0.477362
246		0.477362
246.1		0.48141
246.2		0.48141
246.3		0.48141
246.4		0.48141
246.5		0.48141
246.6		0.48141
246.7		0.48141
246.8		0.48141
246.9		0.48141
247		0.48141
247.1		0.481625
247.2		0.481625
247.3		0.481625
247.4		0.481625
247.5		0.481625
247.6		0.481625
247.7		0.481625
247.8		0.481625
247.9		0.481625
248		0.481625
248.1		0.483093
248.2		0.483093
248.3		0.483093
248.4		0.483093
248.5		0.483093
248.6		0.483093
248.7		0.483093
248.8		0.483093
248.9		0.483093
249		0.483093
249.1		0.484992
249.2		0.484992
249.3		0.484992
249.4		0.484992
249.5		0.484992
249.6		0.484992
249.7		0.484992
249.8		0.484992
249.9		0.484992
250		0.484992
250.1		0.491009
250.2		0.491009
250.3		0.491009
250.4		0.491009
250.5		0.491009
250.6		0.491009
250.7		0.491009
250.8		0.491009
250.9		0.491009
251		0.491009
251.1		0.491188
251.2		0.491188
251.3		0.491188
251.4		0.491188
251.5		0.491188
251.6		0.491188
251.7		0.491188
251.8		0.491188
251.9		0.491188
252		0.491188
252.1		0.491403
252.2		0.491403
252.3		0.491403
252.4		0.491403
252.5		0.491403
252.6		0.491403
252.7		0.491403
252.8		0.491403
252.9		0.491403
253		0.491403
253.1		0.492299
253.2		0.492299
253.3		0.492299
253.4		0.492299
253.5		0.492299
253.6		0.492299
253.7		0.492299
253.8		0.492299
253.9		0.492299
254		0.492299
254.1		0.498854
254.2		0.498854
254.3		0.498854
254.4		0.498854
254.5		0.498854
254.6		0.498854
254.7		0.498854
254.8		0.498854
254.9		0.498854
255		0.498854
255.1		0.499284
255.2		0.499284
255.3		0.499284
255.4		0.499284
255.5		0.499284
255.6		0.499284
255.7		0.499284
255.8		0.499284
255.9		0.499284
256		0.499284
256.1		0.502973
256.2		0.502973
256.3		0.502973
256.4		0.502973
256.5		0.502973
256.6		0.502973
256.7		0.502973
256.8		0.502973
256.9		0.502973
257		0.502973
257.1		0.503976
257.2		0.503976
257.3		0.503976
257.4		0.503976
257.5		0.503976
257.6		0.503976
257.7		0.503976
257.8		0.503976
257.9		0.503976
258		0.503976
258.1		0.507128
258.2		0.507128
258.3		0.507128
258.4		0.507128
258.5		0.507128
258.6		0.507128
258.7		0.507128
258.8		0.507128
258.9		0.507128
259		0.507128
259.1		0.50874
259.2		0.50874
259.3		0.50874
259.4		0.50874
259.5		0.50874
259.6		0.50874
259.7		0.50874
259.8		0.50874
259.9		0.50874
260		0.50874
260.1		0.509026
260.2		0.509026
260.3		0.509026
260.4		0.509026
260.5		0.509026
260.6		0.509026
260.7		0.509026
260.8		0.509026
260.9		0.509026
261		0.509026
261.1		0.510065
261.2		0.510065
261.3		0.510065
261.4		0.510065
261.5		0.510065
261.6		0.510065
261.7		0.510065
261.8		0.510065
261.9		0.510065
262		0.510065
262.1		0.51354
262.2		0.51354
262.3		0.51354
262.4		0.51354
262.5		0.51354
262.6		0.51354
262.7		0.51354
262.8		0.51354
262.9		0.51354
263		0.51354
263.1		0.516692
263.2		0.516692
263.3		0.516692
263.4		0.516692
263.5		0.516692
263.6		0.516692
263.7		0.516692
263.8		0.516692
263.9		0.516692
264		0.516692
264.1		0.517802
264.2		0.517802
264.3		0.517802
264.4		0.517802
264.5		0.517802
264.6		0.517802
264.7		0.517802
264.8		0.517802
264.9		0.517802
265		0.517802
265.1		0.517981
265.2		0.517981
265.3		0.517981
265.4		0.517981
265.5		0.517981
265.6		0.517981
265.7		0.517981
265.8		0.517981
265.9		0.517981
266		0.517981
266.1		0.522745
266.2		0.522745
266.3		0.522745
266.4		0.522745
266.5		0.522745
266.6		0.522745
266.7		0.522745
266.8		0.522745
266.9		0.522745
267		0.522745
267.1		0.523784
267.2		0.523784
267.3		0.523784
267.4		0.523784
267.5		0.523784
267.6		0.523784
267.7		0.523784
267.8		0.523784
267.9		0.523784
268		0.523784
268.1		0.526005
268.2		0.526005
268.3		0.526005
268.4		0.526005
268.5		0.526005
268.6		0.526005
268.7		0.526005
268.8		0.526005
268.9		0.526005
269		0.526005
269.1		0.528082
269.2		0.528082
269.3		0.528082
269.4		0.528082
269.5		0.528082
269.6		0.528082
269.7		0.528082
269.8		0.528082
269.9		0.528082
270		0.528082
270.1		0.529587
270.2		0.529587
270.3		0.529587
270.4		0.529587
270.5		0.529587
270.6		0.529587
270.7		0.529587
270.8		0.529587
270.9		0.529587
271		0.529587
271.1		0.5317
271.2		0.5317
271.3		0.5317
271.4		0.5317
271.5		0.5317
271.6		0.5317
271.7		0.5317
271.8		0.5317
271.9		0.5317
272		0.5317
272.1		0.53607
272.2		0.53607
272.3		0.53607
272.4		0.53607
272.5		0.53607
272.6		0.53607
272.7		0.53607
272.8		0.53607
272.9		0.53607
273		0.53607
273.1		0.536965
273.2		0.536965
273.3		0.536965
273.4		0.536965
273.5		0.536965
273.6		0.536965
273.7		0.536965
273.8		0.536965
273.9		0.536965
274		0.536965
274.1		0.537359
274.2		0.537359
274.3		0.537359
274.4		0.537359
274.5		0.537359
274.6		0.537359
274.7		0.537359
274.8		0.537359
274.9		0.537359
275		0.537359
275.1		0.541658
275.2		0.541658
275.3		0.541658
275.4		0.541658
275.5		0.541658
275.6		0.541658
275.7		0.541658
275.8		0.541658
275.9		0.541658
276		0.541658
276.1		0.544093
276.2		0.544093
276.3		0.544093
276.4		0.544093
276.5		0.544093
276.6		0.544093
276.7		0.544093
276.8		0.544093
276.9		0.544093
277		0.544093
277.1		0.545204
277.2		0.545204
277.3		0.545204
277.4		0.545204
277.5		0.545204
277.6		0.545204
277.7		0.545204
277.8		0.545204
277.9		0.545204
278		0.545204
278.1		0.547854
278.2		0.547854
278.3		0.547854
278.4		0.547854
278.5		0.547854
278.6		0.547854
278.7		0.547854
278.8		0.547854
278.9		0.547854
279		0.547854
279.1		0.548428
279.2		0.548428
279.3		0.548428
279.4		0.548428
279.5		0.548428
279.6		0.548428
279.7		0.548428
279.8		0.548428
279.9		0.548428
280		0.548428
280.1		0.551472
280.2		0.551472
280.3		0.551472
280.4		0.551472
280.5		0.551472
280.6		0.551472
280.7		0.551472
280.8		0.551472
280.9		0.551472
281		0.551472
281.1		0.552905
281.2		0.552905
281.3		0.552905
281.4		0.552905
281.5		0.552905
281.6		0.552905
281.7		0.552905
281.8		0.552905
281.9		0.552905
282		0.552905
282.1		0.553227
282.2		0.553227
282.3		0.553227
282.4		0.553227
282.5		0.553227
282.6		0.553227
282.7		0.553227
282.8		0.553227
282.9		0.553227
283		0.553227
283.1		0.5562
283.2		0.5562
283.3		0.5562
283.4		0.5562
283.5		0.5562
283.6		0.5562
283.7		0.5562
283.8		0.5562
283.9		0.5562
284		0.5562
284.1		0.560749
284.2		0.560749
284.3		0.560749
284.4		0.560749
284.5		0.560749
284.6		0.560749
284.7		0.560749
284.8		0.560749
284.9		0.560749
285		0.560749
285.1		0.562684
285.2		0.562684
285.3		0.562684
285.4		0.562684
285.5		0.562684
285.6		0.562684
285.7		0.562684
285.8		0.562684
285.9		0.562684
286		0.562684
286.1		0.563651
286.2		0.563651
286.3		0.563651
286.4		0.563651
286.5		0.563651
286.6		0.563651
286.7		0.563651
286.8		0.563651
286.9		0.563651
287		0.563651
287.1		0.567483
287.2		0.567483
287.3		0.567483
287.4		0.567483
287.5		0.567483
287.6		0.567483
287.7		0.567483
287.8		0.567483
287.9		0.567483
288		0.567483
288.1		0.569059
288.2		0.569059
288.3		0.569059
288.4		0.569059
288.5		0.569059
288.6		0.569059
288.7		0.569059
288.8		0.569059
288.9		0.569059
289		0.569059
289.1		0.570492
289.2		0.570492
289.3		0.570492
289.4		0.570492
289.5		0.570492
289.6		0.570492
289.7		0.570492
289.8		0.570492
289.9		0.570492
290		0.570492
290.1		0.571065
290.2		0.571065
290.3		0.571065
290.4		0.571065
290.5		0.571065
290.6		0.571065
290.7		0.571065
290.8		0.571065
290.9		0.571065
291		0.571065
291.1		0.577298
291.2		0.577298
291.3		0.577298
291.4		0.577298
291.5		0.577298
291.6		0.577298
291.7		0.577298
291.8		0.577298
291.9		0.577298
292		0.577298
292.1		0.577871
292.2		0.577871
292.3		0.577871
292.4		0.577871
292.5		0.577871
292.6		0.577871
292.7		0.577871
292.8		0.577871
292.9		0.577871
293		0.577871
293.1		0.579877
293.2		0.579877
293.3		0.579877
293.4		0.579877
293.5		0.579877
293.6		0.579877
293.7		0.579877
293.8		0.579877
293.9		0.579877
294		0.579877
294.1		0.580307
294.2		0.580307
294.3		0.580307
294.4		0.580307
294.5		0.580307
294.6		0.580307
294.7		0.580307
294.8		0.580307
294.9		0.580307
295		0.580307
295.1		0.58088
295.2		0.58088
295.3		0.58088
295.4		0.58088
295.5		0.58088
295.6		0.58088
295.7		0.58088
295.8		0.58088
295.9		0.58088
296		0.58088
296.1		0.581059
296.2		0.581059
296.3		0.581059
296.4		0.581059
296.5		0.581059
296.6		0.581059
296.7		0.581059
296.8		0.581059
296.9		0.581059
297		0.581059
297.1		0.584677
297.2		0.584677
297.3		0.584677
297.4		0.584677
297.5		0.584677
297.6		0.584677
297.7		0.584677
297.8		0.584677
297.9		0.584677
298		0.584677
298.1		0.585178
298.2		0.585178
298.3		0.585178
298.4		0.585178
298.5		0.585178
298.6		0.585178
298.7		0.585178
298.8		0.585178
298.9		0.585178
299		0.585178
299.1		0.587542
299.2		0.587542
299.3		0.587542
299.4		0.587542
299.5		0.587542
299.6		0.587542
299.7		0.587542
299.8		0.587542
299.9		0.587542
300		0.587542
300.1		0.589691
300.2		0.589691
300.3		0.589691
300.4		0.589691
300.5		0.589691
300.6		0.589691
300.7		0.589691
300.8		0.589691
300.9		0.589691
301		0.589691
301.1		0.590085
301.2		0.590085
301.3		0.590085
301.4		0.590085
301.5		0.590085
301.6		0.590085
301.7		0.590085
301.8		0.590085
301.9		0.590085
302		0.590085
302.1		0.593309
302.2		0.593309
302.3		0.593309
302.4		0.593309
302.5		0.593309
302.6		0.593309
302.7		0.593309
302.8		0.593309
302.9		0.593309
303		0.593309
303.1		0.594419
303.2		0.594419
303.3		0.594419
303.4		0.594419
303.5		0.594419
303.6		0.594419
303.7		0.594419
303.8		0.594419
303.9		0.594419
304		0.594419
304.1		0.595207
304.2		0.595207
304.3		0.595207
304.4		0.595207
304.5		0.595207
304.6		0.595207
304.7		0.595207
304.8		0.595207
304.9		0.595207
305		0.595207
305.1		0.596318
305.2		0.596318
305.3		0.596318
305.4		0.596318
305.5		0.596318
305.6		0.596318
305.7		0.596318
305.8		0.596318
305.9		0.596318
306		0.596318
306.1		0.603267
306.2		0.603267
306.3		0.603267
306.4		0.603267
306.5		0.603267
306.6		0.603267
306.7		0.603267
306.8		0.603267
306.9		0.603267
307		0.603267
307.1		0.604234
307.2		0.604234
307.3		0.604234
307.4		0.604234
307.5		0.604234
307.6		0.604234
307.7		0.604234
307.8		0.604234
307.9		0.604234
308		0.604234
308.1		0.605631
308.2		0.605631
308.3		0.605631
308.4		0.605631
308.5		0.605631
308.6		0.605631
308.7		0.605631
308.8		0.605631
308.9		0.605631
309		0.605631
309.1		0.608066
309.2		0.608066
309.3		0.608066
309.4		0.608066
309.5		0.608066
309.6		0.608066
309.7		0.608066
309.8		0.608066
309.9		0.608066
310		0.608066
310.1		0.608496
310.2		0.608496
310.3		0.608496
310.4		0.608496
310.5		0.608496
310.6		0.608496
310.7		0.608496
310.8		0.608496
310.9		0.608496
311		0.608496
311.1		0.612114
311.2		0.612114
311.3		0.612114
311.4		0.612114
311.5		0.612114
311.6		0.612114
311.7		0.612114
311.8		0.612114
311.9		0.612114
312		0.612114
312.1		0.613332
312.2		0.613332
312.3		0.613332
312.4		0.613332
312.5		0.613332
312.6		0.613332
312.7		0.613332
312.8		0.613332
312.9		0.613332
313		0.613332
313.1		0.61412
313.2		0.61412
313.3		0.61412
313.4		0.61412
313.5		0.61412
313.6		0.61412
313.7		0.61412
313.8		0.61412
313.9		0.61412
314		0.61412
314.1		0.615732
314.2		0.615732
314.3		0.615732
314.4		0.615732
314.5		0.615732
314.6		0.615732
314.7		0.615732
314.8		0.615732
314.9		0.615732
315		0.615732
315.1		0.6172
315.2		0.6172
315.3		0.6172
315.4		0.6172
315.5		0.6172
315.6		0.6172
315.7		0.6172
315.8		0.6172
315.9		0.6172
316		0.6172
316.1		0.621929
316.2		0.621929
316.3		0.621929
316.4		0.621929
316.5		0.621929
316.6		0.621929
316.7		0.621929
316.8		0.621929
316.9		0.621929
317		0.621929
317.1		0.622788
317.2		0.622788
317.3		0.622788
317.4		0.622788
317.5		0.622788
317.6		0.622788
317.7		0.622788
317.8		0.622788
317.9		0.622788
318		0.622788
318.1		0.62397
318.2		0.62397
318.3		0.62397
318.4		0.62397
318.5		0.62397
318.6		0.62397
318.7		0.62397
318.8		0.62397
318.9		0.62397
319		0.62397
319.1		0.624436
319.2		0.624436
319.3		0.624436
319.4		0.624436
319.5		0.624436
319.6		0.624436
319.7		0.624436
319.8		0.624436
319.9		0.624436
320		0.624436
320.1		0.628734
320.2		0.628734
320.3		0.628734
320.4		0.628734
320.5		0.628734
320.6		0.628734
320.7		0.628734
320.8		0.628734
320.9		0.628734
321		0.628734
321.1		0.631385
321.2		0.631385
321.3		0.631385
321.4		0.631385
321.5		0.631385
321.6		0.631385
321.7		0.631385
321.8		0.631385
321.9		0.631385
322		0.631385
322.1		0.631671
322.2		0.631671
322.3		0.631671
322.4		0.631671
322.5		0.631671
322.6		0.631671
322.7		0.631671
322.8		0.631671
322.9		0.631671
323		0.631671
323.1		0.633283
323.2		0.633283
323.3		0.633283
323.4		0.633283
323.5		0.633283
323.6		0.633283
323.7		0.633283
323.8		0.633283
323.9		0.633283
324		0.633283
324.1		0.637653
324.2		0.637653
324.3		0.637653
324.4		0.637653
324.5		0.637653
324.6		0.637653
324.7		0.637653
324.8		0.637653
324.9		0.637653
325		0.637653
325.1		0.638513
325.2		0.638513
325.3		0.638513
325.4		0.638513
325.5		0.638513
325.6		0.638513
325.7		0.638513
325.8		0.638513
325.9		0.638513
326		0.638513
326.1		0.638799
326.2		0.638799
326.3		0.638799
326.4		0.638799
326.5		0.638799
326.6		0.638799
326.7		0.638799
326.8		0.638799
326.9		0.638799
327		0.638799
327.1		0.63905
327.2		0.63905
327.3		0.63905
327.4		0.63905
327.5		0.63905
327.6		0.63905
327.7		0.63905
327.8		0.63905
327.9		0.63905
328		0.63905
328.1		0.645354
328.2		0.645354
328.3		0.645354
328.4		0.645354
328.5		0.645354
328.6		0.645354
328.7		0.645354
328.8		0.645354
328.9		0.645354
329		0.645354
329.1		0.647288
329.2		0.647288
329.3		0.647288
329.4		0.647288
329.5		0.647288
329.6		0.647288
329.7		0.647288
329.8		0.647288
329.9		0.647288
330		0.647288
330.1		0.64933
330.2		0.64933
330.3		0.64933
330.4		0.64933
330.5		0.64933
330.6		0.64933
330.7		0.64933
330.8		0.64933
330.9		0.64933
331		0.64933
331.1		0.650297
331.2		0.650297
331.3		0.650297
331.4		0.650297
331.5		0.650297
331.6		0.650297
331.7		0.650297
331.8		0.650297
331.9		0.650297
332		0.650297
332.1		0.654631
332.2		0.654631
332.3		0.654631
332.4		0.654631
332.5		0.654631
332.6		0.654631
332.7		0.654631
332.8		0.654631
332.9		0.654631
333		0.654631
333.1		0.656315
333.2		0.656315
333.3		0.656315
333.4		0.656315
333.5		0.656315
333.6		0.656315
333.7		0.656315
333.8		0.656315
333.9		0.656315
334		0.656315
334.1		0.656566
334.2		0.656566
334.3		0.656566
334.4		0.656566
334.5		0.656566
334.6		0.656566
334.7		0.656566
334.8		0.656566
334.9		0.656566
335		0.656566
335.1		0.660506
335.2		0.660506
335.3		0.660506
335.4		0.660506
335.5		0.660506
335.6		0.660506
335.7		0.660506
335.8		0.660506
335.9		0.660506
336		0.660506
336.1		0.663085
336.2		0.663085
336.3		0.663085
336.4		0.663085
336.5		0.663085
336.6		0.663085
336.7		0.663085
336.8		0.663085
336.9		0.663085
337		0.663085
337.1		0.664518
337.2		0.664518
337.3		0.664518
337.4		0.664518
337.5		0.664518
337.6		0.664518
337.7		0.664518
337.8		0.664518
337.9		0.664518
338		0.664518
338.1		0.664912
338.2		0.664912
338.3		0.664912
338.4		0.664912
338.5		0.664912
338.6		0.664912
338.7		0.664912
338.8		0.664912
338.9		0.664912
339		0.664912
339.1		0.667455
339.2		0.667455
339.3		0.667455
339.4		0.667455
339.5		0.667455
339.6		0.667455
339.7		0.667455
339.8		0.667455
339.9		0.667455
340		0.667455
340.1		0.67161
340.2		0.67161
340.3		0.67161
340.4		0.67161
340.5		0.67161
340.6		0.67161
340.7		0.67161
340.8		0.67161
340.9		0.67161
341		0.67161
341.1		0.674654
341.2		0.674654
341.3		0.674654
341.4		0.674654
341.5		0.674654
341.6		0.674654
341.7		0.674654
341.8		0.674654
341.9		0.674654
342		0.674654
342.1		0.676051
342.2		0.676051
342.3		0.676051
342.4		0.676051
342.5		0.676051
342.6		0.676051
342.7		0.676051
342.8		0.676051
342.9		0.676051
343		0.676051
343.1		0.67949
343.2		0.67949
343.3		0.67949
343.4		0.67949
343.5		0.67949
343.6		0.67949
343.7		0.67949
343.8		0.67949
343.9		0.67949
344		0.67949
344.1		0.681961
344.2		0.681961
344.3		0.681961
344.4		0.681961
344.5		0.681961
344.6		0.681961
344.7		0.681961
344.8		0.681961
344.9		0.681961
345		0.681961
345.1		0.683179
345.2		0.683179
345.3		0.683179
345.4		0.683179
345.5		0.683179
345.6		0.683179
345.7		0.683179
345.8		0.683179
345.9		0.683179
346		0.683179
346.1		0.683681
346.2		0.683681
346.3		0.683681
346.4		0.683681
346.5		0.683681
346.6		0.683681
346.7		0.683681
346.8		0.683681
346.9		0.683681
347		0.683681
347.1		0.684397
347.2		0.684397
347.3		0.684397
347.4		0.684397
347.5		0.684397
347.6		0.684397
347.7		0.684397
347.8		0.684397
347.9		0.684397
348		0.684397
348.1		0.687191
348.2		0.687191
348.3		0.687191
348.4		0.687191
348.5		0.687191
348.6		0.687191
348.7		0.687191
348.8		0.687191
348.9		0.687191
349		0.687191
349.1		0.692098
349.2		0.692098
349.3		0.692098
349.4		0.692098
349.5		0.692098
349.6		0.692098
349.7		0.692098
349.8		0.692098
349.9		0.692098
350		0.692098
350.1		0.693746
350.2		0.693746
350.3		0.693746
350.4		0.693746
350.5		0.693746
350.6		0.693746
350.7		0.693746
350.8		0.693746
350.9		0.693746
351		0.693746
351.1		0.69414
351.2		0.69414
351.3		0.69414
351.4		0.69414
351.5		0.69414
351.6		0.69414
351.7		0.69414
351.8		0.69414
351.9		0.69414
352		0.69414
352.1		0.694176
352.2		0.694176
352.3		0.694176
352.4		0.694176
352.5		0.694176
352.6		0.694176
352.7		0.694176
352.8		0.694176
352.9		0.694176
353		0.694176
353.1		0.694391
353.2		0.694391
353.3		0.694391
353.4		0.694391
353.5		0.694391
353.6		0.694391
353.7		0.694391
353.8		0.694391
353.9		0.694391
354		0.694391
354.1		0.695716
354.2		0.695716
354.3		0.695716
354.4		0.695716
354.5		0.695716
354.6		0.695716
354.7		0.695716
354.8		0.695716
354.9		0.695716
355		0.695716
355.1		0.697185
355.2		0.697185
355.3		0.697185
355.4		0.697185
355.5		0.697185
355.6		0.697185
355.7		0.697185
355.8		0.697185
355.9		0.697185
356		0.697185
356.1		0.702128
356.2		0.702128
356.3		0.702128
356.4		0.702128
356.5		0.702128
356.6		0.702128
356.7		0.702128
356.8		0.702128
356.9		0.702128
357		0.702128
357.1		0.702593
357.2		0.702593
357.3		0.702593
357.4		0.702593
357.5		0.702593
357.6		0.702593
357.7		0.702593
357.8		0.702593
357.9		0.702593
358		0.702593
358.1		0.702593
358.2		0.702593
358.3		0.702593
358.4		0.702593
358.5		0.702593
358.6		0.702593
358.7		0.702593
358.8		0.702593
358.9		0.702593
359		0.702593
359.1		0.706713
359.2		0.706713
359.3		0.706713
359.4		0.706713
359.5		0.706713
359.6		0.706713
359.7		0.706713
359.8		0.706713
359.9		0.706713
360		0.706713
360.1		0.707107
360.2		0.707107
360.3		0.707107
360.4		0.707107
360.5		0.707107
360.6		0.707107
360.7		0.707107
360.8		0.707107
360.9		0.707107
361		0.707107
361.1		0.707787
361.2		0.707787
361.3		0.707787
361.4		0.707787
361.5		0.707787
361.6		0.707787
361.7		0.707787
361.8		0.707787
361.9		0.707787
362		0.707787
362.1		0.711691
362.2		0.711691
362.3		0.711691
362.4		0.711691
362.5		0.711691
362.6		0.711691
362.7		0.711691
362.8		0.711691
362.9		0.711691
363		0.711691
363.1		0.712981
363.2		0.712981
363.3		0.712981
363.4		0.712981
363.5		0.712981
363.6		0.712981
363.7		0.712981
363.8		0.712981
363.9		0.712981
364		0.712981
364.1		0.715846
364.2		0.715846
364.3		0.715846
364.4		0.715846
364.5		0.715846
364.6		0.715846
364.7		0.715846
364.8		0.715846
364.9		0.715846
365		0.715846
365.1		0.716205
365.2		0.716205
365.3		0.716205
365.4		0.716205
365.5		0.716205
365.6		0.716205
365.7		0.716205
365.8		0.716205
365.9		0.716205
366		0.716205
366.1		0.722616
366.2		0.722616
366.3		0.722616
366.4		0.722616
366.5		0.722616
366.6		0.722616
366.7		0.722616
366.8		0.722616
366.9		0.722616
367		0.722616
367.1		0.72276
367.2		0.72276
367.3		0.72276
367.4		0.72276
367.5		0.72276
367.6		0.72276
367.7		0.72276
367.8		0.72276
367.9		0.72276
368		0.72276
368.1		0.722867
368.2		0.722867
368.3		0.722867
368.4		0.722867
368.5		0.722867
368.6		0.722867
368.7		0.722867
368.8		0.722867
368.9		0.722867
369		0.722867
369.1		0.726127
369.2		0.726127
369.3		0.726127
369.4		0.726127
369.5		0.726127
369.6		0.726127
369.7		0.726127
369.8		0.726127
369.9		0.726127
370		0.726127
370.1		0.729637
370.2		0.729637
370.3		0.729637
370.4		0.729637
370.5		0.729637
370.6		0.729637
370.7		0.729637
370.8		0.729637
370.9		0.729637
371		0.729637
371.1		0.729995
371.2		0.729995
371.3		0.729995
371.4		0.729995
371.5		0.729995
371.6		0.729995
371.7		0.729995
371.8		0.729995
371.9		0.729995
372		0.729995
372.1		0.732108
372.2		0.732108
372.3		0.732108
372.4		0.732108
372.5		0.732108
372.6		0.732108
372.7		0.732108
372.8		0.732108
372.9		0.732108
373		0.732108
373.1		0.732968
373.2		0.732968
373.3		0.732968
373.4		0.732968
373.5		0.732968
373.6		0.732968
373.7		0.732968
373.8		0.732968
373.9		0.732968
374		0.732968
374.1		0.736013
374.2		0.736013
374.3		0.736013
374.4		0.736013
374.5		0.736013
374.6		0.736013
374.7		0.736013
374.8		0.736013
374.9		0.736013
375		0.736013
375.1		0.736801
375.2		0.736801
375.3		0.736801
375.4		0.736801
375.5		0.736801
375.6		0.736801
375.7		0.736801
375.8		0.736801
375.9		0.736801
376		0.736801
376.1		0.739021
376.2		0.739021
376.3		0.739021
376.4		0.739021
376.5		0.739021
376.6		0.739021
376.7		0.739021
376.8		0.739021
376.9		0.739021
377		0.739021
377.1		0.739881
377.2		0.739881
377.3		0.739881
377.4		0.739881
377.5		0.739881
377.6		0.739881
377.7		0.739881
377.8		0.739881
377.9		0.739881
378		0.739881
378.1		0.742818
378.2		0.742818
378.3		0.742818
378.4		0.742818
378.5		0.742818
378.6		0.742818
378.7		0.742818
378.8		0.742818
378.9		0.742818
379		0.742818
379.1		0.745684
379.2		0.745684
379.3		0.745684
379.4		0.745684
379.5		0.745684
379.6		0.745684
379.7		0.745684
379.8		0.745684
379.9		0.745684
380		0.745684
380.1		0.746973
380.2		0.746973
380.3		0.746973
380.4		0.746973
380.5		0.746973
380.6		0.746973
380.7		0.746973
380.8		0.746973
380.9		0.746973
381		0.746973
381.1		0.747224
381.2		0.747224
381.3		0.747224
381.4		0.747224
381.5		0.747224
381.6		0.747224
381.7		0.747224
381.8		0.747224
381.9		0.747224
382		0.747224
382.1		0.752489
382.2		0.752489
382.3		0.752489
382.4		0.752489
382.5		0.752489
382.6		0.752489
382.7		0.752489
382.8		0.752489
382.9		0.752489
383		0.752489
383.1		0.752597
383.2		0.752597
383.3		0.752597
383.4		0.752597
383.5		0.752597
383.6		0.752597
383.7		0.752597
383.8		0.752597
383.9		0.752597
384		0.752597
384.1		0.752883
384.2		0.752883
384.3		0.752883
384.4		0.752883
384.5		0.752883
384.6		0.752883
384.7		0.752883
384.8		0.752883
384.9		0.752883
385		0.752883
385.1		0.75643
385.2		0.75643
385.3		0.75643
385.4		0.75643
385.5		0.75643
385.6		0.75643
385.7		0.75643
385.8		0.75643
385.9		0.75643
386		0.75643
386.1		0.758041
386.2		0.758041
386.3		0.758041
386.4		0.758041
386.5		0.758041
386.6		0.758041
386.7		0.758041
386.8		0.758041
386.9		0.758041
387		0.758041
387.1		0.762232
387.2		0.762232
387.3		0.762232
387.4		0.762232
387.5		0.762232
387.6		0.762232
387.7		0.762232
387.8		0.762232
387.9		0.762232
388		0.762232
388.1		0.76277
388.2		0.76277
388.3		0.76277
388.4		0.76277
388.5		0.76277
388.6		0.76277
388.7		0.76277
388.8		0.76277
388.9		0.76277
389		0.76277
389.1		0.763987
389.2		0.763987
389.3		0.763987
389.4		0.763987
389.5		0.763987
389.6		0.763987
389.7		0.763987
389.8		0.763987
389.9		0.763987
390		0.763987
390.1		0.767784
390.2		0.767784
390.3		0.767784
390.4		0.767784
390.5		0.767784
390.6		0.767784
390.7		0.767784
390.8		0.767784
390.9		0.767784
391		0.767784
391.1		0.770471
391.2		0.770471
391.3		0.770471
391.4		0.770471
391.5		0.770471
391.6		0.770471
391.7		0.770471
391.8		0.770471
391.9		0.770471
392		0.770471
392.1		0.772226
392.2		0.772226
392.3		0.772226
392.4		0.772226
392.5		0.772226
392.6		0.772226
392.7		0.772226
392.8		0.772226
392.9		0.772226
393		0.772226
393.1		0.773587
393.2		0.773587
393.3		0.773587
393.4		0.773587
393.5		0.773587
393.6		0.773587
393.7		0.773587
393.8		0.773587
393.9		0.773587
394		0.773587
394.1		0.774339
394.2		0.774339
394.3		0.774339
394.4		0.774339
394.5		0.774339
394.6		0.774339
394.7		0.774339
394.8		0.774339
394.9		0.774339
395		0.774339
395.1		0.777026
395.2		0.777026
395.3		0.777026
395.4		0.777026
395.5		0.777026
395.6		0.777026
395.7		0.777026
395.8		0.777026
395.9		0.777026
396		0.777026
396.1		0.781002
396.2		0.781002
396.3		0.781002
396.4		0.781002
396.5		0.781002
396.6		0.781002
396.7		0.781002
396.8		0.781002
396.9		0.781002
397		0.781002
397.1		0.782649
397.2		0.782649
397.3		0.782649
397.4		0.782649
397.5		0.782649
397.6		0.782649
397.7		0.782649
397.8		0.782649
397.9		0.782649
398		0.782649
398.1		0.784977
398.2		0.784977
398.3		0.784977
398.4		0.784977
398.5		0.784977
398.6		0.784977
398.7		0.784977
398.8		0.784977
398.9		0.784977
399		0.784977
399.1		0.785909
399.2		0.785909
399.3		0.785909
399.4		0.785909
399.5		0.785909
399.6		0.785909
399.7		0.785909
399.8		0.785909
399.9		0.785909
400		0.785909
400.1		0.79035
400.2		0.79035
400.3		0.79035
400.4		0.79035
400.5		0.79035
400.6		0.79035
400.7		0.79035
400.8		0.79035
400.9		0.79035
401		0.79035
401.1		0.792356
401.2		0.792356
401.3		0.792356
401.4		0.792356
401.5		0.792356
401.6		0.792356
401.7		0.792356
401.8		0.792356
401.9		0.792356
402		0.792356
402.1		0.793323
402.2		0.793323
402.3		0.793323
402.4		0.793323
402.5		0.793323
402.6		0.793323
402.7		0.793323
402.8		0.793323
402.9		0.793323
403		0.793323
403.1		0.795186
403.2		0.795186
403.3		0.795186
403.4		0.795186
403.5		0.795186
403.6		0.795186
403.7		0.795186
403.8		0.795186
403.9		0.795186
404		0.795186
404.1		0.798839
404.2		0.798839
404.3		0.798839
404.4		0.798839
404.5		0.798839
404.6		0.798839
404.7		0.798839
404.8		0.798839
404.9		0.798839
405		0.798839
405.1		0.800451
405.2		0.800451
405.3		0.800451
405.4		0.800451
405.5		0.800451
405.6		0.800451
405.7		0.800451
405.8		0.800451
405.9		0.800451
406		0.800451
406.1		0.802099
406.2		0.802099
406.3		0.802099
406.4		0.802099
406.5		0.802099
406.6		0.802099
406.7		0.802099
406.8		0.802099
406.9		0.802099
407		0.802099
407.1		0.802386
407.2		0.802386
407.3		0.802386
407.4		0.802386
407.5		0.802386
407.6		0.802386
407.7		0.802386
407.8		0.802386
407.9		0.802386
408		0.802386
408.1		0.807544
408.2		0.807544
408.3		0.807544
408.4		0.807544
408.5		0.807544
408.6		0.807544
408.7		0.807544
408.8		0.807544
408.9		0.807544
409		0.807544
409.1		0.808009
409.2		0.808009
409.3		0.808009
409.4		0.808009
409.5		0.808009
409.6		0.808009
409.7		0.808009
409.8		0.808009
409.9		0.808009
410		0.808009
410.1		0.809979
410.2		0.809979
410.3		0.809979
410.4		0.809979
410.5		0.809979
410.6		0.809979
410.7		0.809979
410.8		0.809979
410.9		0.809979
411		0.809979
411.1		0.81263
411.2		0.81263
411.3		0.81263
411.4		0.81263
411.5		0.81263
411.6		0.81263
411.7		0.81263
411.8		0.81263
411.9		0.81263
412		0.81263
412.1		0.813561
412.2		0.813561
412.3		0.813561
412.4		0.813561
412.5		0.813561
412.6		0.813561
412.7		0.813561
412.8		0.813561
412.9		0.813561
413		0.813561
413.1		0.816498
413.2		0.816498
413.3		0.816498
413.4		0.816498
413.5		0.816498
413.6		0.816498
413.7		0.816498
413.8		0.816498
413.9		0.816498
414		0.816498
414.1		0.818039
414.2		0.818039
414.3		0.818039
414.4		0.818039
414.5		0.818039
414.6		0.818039
414.7		0.818039
414.8		0.818039
414.9		0.818039
415		0.818039
415.1		0.821119
415.2		0.821119
415.3		0.821119
415.4		0.821119
415.5		0.821119
415.6		0.821119
415.7		0.821119
415.8		0.821119
415.9		0.821119
416		0.821119
416.1		0.821943
416.2		0.821943
416.3		0.821943
416.4		0.821943
416.5		0.821943
416.6		0.821943
416.7		0.821943
416.8		0.821943
416.9		0.821943
417		0.821943
417.1		0.824235
417.2		0.824235
417.3		0.824235
417.4		0.824235
417.5		0.824235
417.6		0.824235
417.7		0.824235
417.8		0.824235
417.9		0.824235
418		0.824235
418.1		0.826098
418.2		0.826098
418.3		0.826098
418.4		0.826098
418.5		0.826098
418.6		0.826098
418.7		0.826098
418.8		0.826098
418.9		0.826098
419		0.826098
419.1		0.828569
419.2		0.828569
419.3		0.828569
419.4		0.828569
419.5		0.828569
419.6		0.828569
419.7		0.828569
419.8		0.828569
419.9		0.828569
420		0.828569
420.1		0.828928
420.2		0.828928
420.3		0.828928
420.4		0.828928
420.5		0.828928
420.6		0.828928
420.7		0.828928
420.8		0.828928
420.9		0.828928
421		0.828928
421.1		0.830253
421.2		0.830253
421.3		0.830253
421.4		0.830253
421.5		0.830253
421.6		0.830253
421.7		0.830253
421.8		0.830253
421.9		0.830253
422		0.830253
422.1		0.832151
422.2		0.832151
422.3		0.832151
422.4		0.832151
422.5		0.832151
422.6		0.832151
422.7		0.832151
422.8		0.832151
422.9		0.832151
423		0.832151
423.1		0.834193
423.2		0.834193
423.3		0.834193
423.4		0.834193
423.5		0.834193
423.6		0.834193
423.7		0.834193
423.8		0.834193
423.9		0.834193
424		0.834193
424.1		0.835554
424.2		0.835554
424.3		0.835554
424.4		0.835554
424.5		0.835554
424.6		0.835554
424.7		0.835554
424.8		0.835554
424.9		0.835554
425		0.835554
425.1		0.836951
425.2		0.836951
425.3		0.836951
425.4		0.836951
425.5		0.836951
425.6		0.836951
425.7		0.836951
425.8		0.836951
425.9		0.836951
426		0.836951
426.1		0.841608
426.2		0.841608
426.3		0.841608
426.4		0.841608
426.5		0.841608
426.6		0.841608
426.7		0.841608
426.8		0.841608
426.9		0.841608
427		0.841608
427.1		0.842252
427.2		0.842252
427.3		0.842252
427.4		0.842252
427.5		0.842252
427.6		0.842252
427.7		0.842252
427.8		0.842252
427.9		0.842252
428		0.842252
428.1		0.843936
428.2		0.843936
428.3		0.843936
428.4		0.843936
428.5		0.843936
428.6		0.843936
428.7		0.843936
428.8		0.843936
428.9		0.843936
429		0.843936
429.1		0.844867
429.2		0.844867
429.3		0.844867
429.4		0.844867
429.5		0.844867
429.6		0.844867
429.7		0.844867
429.8		0.844867
429.9		0.844867
430		0.844867
430.1		0.851422
430.2		0.851422
430.3		0.851422
430.4		0.851422
430.5		0.851422
430.6		0.851422
430.7		0.851422
430.8		0.851422
430.9		0.851422
431		0.851422
431.1		0.852246
431.2		0.852246
431.3		0.852246
431.4		0.852246
431.5		0.852246
431.6		0.852246
431.7		0.852246
431.8		0.852246
431.9		0.852246
432		0.852246
432.1		0.85264
432.2		0.85264
432.3		0.85264
432.4		0.85264
432.5		0.85264
432.6		0.85264
432.7		0.85264
432.8		0.85264
432.9		0.85264
433		0.85264
433.1		0.854288
433.2		0.854288
433.3		0.854288
433.4		0.854288
433.5		0.854288
433.6		0.854288
433.7		0.854288
433.8		0.854288
433.9		0.854288
434		0.854288
434.1		0.858908
434.2		0.858908
434.3		0.858908
434.4		0.858908
434.5		0.858908
434.6		0.858908
434.7		0.858908
434.8		0.858908
434.9		0.858908
435		0.858908
435.1		0.861308
435.2		0.861308
435.3		0.861308
435.4		0.861308
435.5		0.861308
435.6		0.861308
435.7		0.861308
435.8		0.861308
435.9		0.861308
436		0.861308
436.1		0.86163
436.2		0.86163
436.3		0.86163
436.4		0.86163
436.5		0.86163
436.6		0.86163
436.7		0.86163
436.8		0.86163
436.9		0.86163
437		0.86163
437.1		0.864174
437.2		0.864174
437.3		0.864174
437.4		0.864174
437.5		0.864174
437.6		0.864174
437.7		0.864174
437.8		0.864174
437.9		0.864174
438		0.864174
438.1		0.866681
438.2		0.866681
438.3		0.866681
438.4		0.866681
438.5		0.866681
438.6		0.866681
438.7		0.866681
438.8		0.866681
438.9		0.866681
439		0.866681
439.1		0.869403
439.2		0.869403
439.3		0.869403
439.4		0.869403
439.5		0.869403
439.6		0.869403
439.7		0.869403
439.8		0.869403
439.9		0.869403
440		0.869403
440.1		0.869726
440.2		0.869726
440.3		0.869726
440.4		0.869726
440.5		0.869726
440.6		0.869726
440.7		0.869726
440.8		0.869726
440.9		0.869726
441		0.869726
441.1		0.870693
441.2		0.870693
441.3		0.870693
441.4		0.870693
441.5		0.870693
441.6		0.870693
441.7		0.870693
441.8		0.870693
441.9		0.870693
442		0.870693
442.1		0.873737
442.2		0.873737
442.3		0.873737
442.4		0.873737
442.5		0.873737
442.6		0.873737
442.7		0.873737
442.8		0.873737
442.9		0.873737
443		0.873737
443.1		0.877713
443.2		0.877713
443.3		0.877713
443.4		0.877713
443.5		0.877713
443.6		0.877713
443.7		0.877713
443.8		0.877713
443.9		0.877713
444		0.877713
444.1		0.879074
444.2		0.879074
444.3		0.879074
444.4		0.879074
444.5		0.879074
444.6		0.879074
444.7		0.879074
444.8		0.879074
444.9		0.879074
445		0.879074
445.1		0.879397
445.2		0.879397
445.3		0.879397
445.4		0.879397
445.5		0.879397
445.6		0.879397
445.7		0.879397
445.8		0.879397
445.9		0.879397
446		0.879397
446.1		0.880149
446.2		0.880149
446.3		0.880149
446.4		0.880149
446.5		0.880149
446.6		0.880149
446.7		0.880149
446.8		0.880149
446.9		0.880149
447		0.880149
447.1		0.884053
447.2		0.884053
447.3		0.884053
447.4		0.884053
447.5		0.884053
447.6		0.884053
447.7		0.884053
447.8		0.884053
447.9		0.884053
448		0.884053
448.1		0.885629
448.2		0.885629
448.3		0.885629
448.4		0.885629
448.5		0.885629
448.6		0.885629
448.7		0.885629
448.8		0.885629
448.9		0.885629
449		0.885629
449.1		0.889713
449.2		0.889713
449.3		0.889713
449.4		0.889713
449.5		0.889713
449.6		0.889713
449.7		0.889713
449.8		0.889713
449.9		0.889713
450		0.889713
450.1		0.889963
450.2		0.889963
450.3		0.889963
450.4		0.889963
450.5		0.889963
450.6		0.889963
450.7		0.889963
450.8		0.889963
450.9		0.889963
451		0.889963
451.1		0.890322
451.2		0.890322
451.3		0.890322
451.4		0.890322
451.5		0.890322
451.6		0.890322
451.7		0.890322
451.8		0.890322
451.9		0.890322
452		0.890322
452.1		0.894262
452.2		0.894262
452.3		0.894262
452.4		0.894262
452.5		0.894262
452.6		0.894262
452.7		0.894262
452.8		0.894262
452.9		0.894262
453		0.894262
453.1		0.895408
453.2		0.895408
453.3		0.895408
453.4		0.895408
453.5		0.895408
453.6		0.895408
453.7		0.895408
453.8		0.895408
453.9		0.895408
454		0.895408
454.1		0.896411
454.2		0.896411
454.3		0.896411
454.4		0.896411
454.5		0.896411
454.6		0.896411
454.7		0.896411
454.8		0.896411
454.9		0.896411
455		0.896411
455.1		0.901712
455.2		0.901712
455.3		0.901712
455.4		0.901712
455.5		0.901712
455.6		0.901712
455.7		0.901712
455.8		0.901712
455.9		0.901712
456		0.901712
456.1		0.902966
456.2		0.902966
456.3		0.902966
456.4		0.902966
456.5		0.902966
456.6		0.902966
456.7		0.902966
456.8		0.902966
456.9		0.902966
457		0.902966
457.1		0.904327
457.2		0.904327
457.3		0.904327
457.4		0.904327
457.5		0.904327
457.6		0.904327
457.7		0.904327
457.8		0.904327
457.9		0.904327
458		0.904327
458.1		0.905724
458.2		0.905724
458.3		0.905724
458.4		0.905724
458.5		0.905724
458.6		0.905724
458.7		0.905724
458.8		0.905724
458.9		0.905724
459		0.905724
459.1		0.907228
459.2		0.907228
459.3		0.907228
459.4		0.907228
459.5		0.907228
459.6		0.907228
459.7		0.907228
459.8		0.907228
459.9		0.907228
460		0.907228
460.1		0.912136
460.2		0.912136
460.3		0.912136
460.4		0.912136
460.5		0.912136
460.6		0.912136
460.7		0.912136
460.8		0.912136
460.9		0.912136
461		0.912136
461.1		0.912458
461.2		0.912458
461.3		0.912458
461.4		0.912458
461.5		0.912458
461.6		0.912458
461.7		0.912458
461.8		0.912458
461.9		0.912458
462		0.912458
462.1		0.913568
462.2		0.913568
462.3		0.913568
462.4		0.913568
462.5		0.913568
462.6		0.913568
462.7		0.913568
462.8		0.913568
462.9		0.913568
463		0.913568
463.1		0.915073
463.2		0.915073
463.3		0.915073
463.4		0.915073
463.5		0.915073
463.6		0.915073
463.7		0.915073
463.8		0.915073
463.9		0.915073
464		0.915073
464.1		0.91998
464.2		0.91998
464.3		0.91998
464.4		0.91998
464.5		0.91998
464.6		0.91998
464.7		0.91998
464.8		0.91998
464.9		0.91998
465		0.91998
465.1		0.921663
465.2		0.921663
465.3		0.921663
465.4		0.921663
465.5		0.921663
465.6		0.921663
465.7		0.921663
465.8		0.921663
465.9		0.921663
466		0.921663
466.1		0.923096
466.2		0.923096
466.3		0.923096
466.4		0.923096
466.5		0.923096
466.6		0.923096
466.7		0.923096
466.8		0.923096
466.9		0.923096
467		0.923096
467.1		0.92546
467.2		0.92546
467.3		0.92546
467.4		0.92546
467.5		0.92546
467.6		0.92546
467.7		0.92546
467.8		0.92546
467.9		0.92546
468		0.92546
468.1		0.927287
468.2		0.927287
468.3		0.927287
468.4		0.927287
468.5		0.927287
468.6		0.927287
468.7		0.927287
468.8		0.927287
468.9		0.927287
469		0.927287
469.1		0.930368
469.2		0.930368
469.3		0.930368
469.4		0.930368
469.5		0.930368
469.6		0.930368
469.7		0.930368
469.8		0.930368
469.9		0.930368
470		0.930368
470.1		0.934451
470.2		0.934451
470.3		0.934451
470.4		0.934451
470.5		0.934451
470.6		0.934451
470.7		0.934451
470.8		0.934451
470.9		0.934451
471		0.934451
471.1		0.935024
471.2		0.935024
471.3		0.935024
471.4		0.935024
471.5		0.935024
471.6		0.935024
471.7		0.935024
471.8		0.935024
471.9		0.935024
472		0.935024
472.1		0.936922
472.2		0.936922
472.3		0.936922
472.4		0.936922
472.5		0.936922
472.6		0.936922
472.7		0.936922
472.8		0.936922
472.9		0.936922
473		0.936922
473.1		0.936922
473.2		0.936922
473.3		0.936922
473.4		0.936922
473.5		0.936922
473.6		0.936922
473.7		0.936922
473.8		0.936922
473.9		0.936922
474		0.936922
474.1		0.941292
474.2		0.941292
474.3		0.941292
474.4		0.941292
474.5		0.941292
474.6		0.941292
474.7		0.941292
474.8		0.941292
474.9		0.941292
475		0.941292
475.1		0.94405
475.2		0.94405
475.3		0.94405
475.4		0.94405
475.5		0.94405
475.6		0.94405
475.7		0.94405
475.8		0.94405
475.9		0.94405
476		0.94405
476.1		0.944158
476.2		0.944158
476.3		0.944158
476.4		0.944158
476.5		0.944158
476.6		0.944158
476.7		0.944158
476.8		0.944158
476.9		0.944158
477		0.944158
477.1		0.944409
477.2		0.944409
477.3		0.944409
477.4		0.944409
477.5		0.944409
477.6		0.944409
477.7		0.944409
477.8		0.944409
477.9		0.944409
478		0.944409
478.1		0.949853
478.2		0.949853
478.3		0.949853
478.4		0.949853
478.5		0.949853
478.6		0.949853
478.7		0.949853
478.8		0.949853
478.9		0.949853
479		0.949853
479.1		0.951393
479.2		0.951393
479.3		0.951393
479.4		0.951393
479.5		0.951393
479.6		0.951393
479.7		0.951393
479.8		0.951393
479.9		0.951393
480		0.951393
480.1		0.953435
480.2		0.953435
480.3		0.953435
480.4		0.953435
480.5		0.953435
480.6		0.953435
480.7		0.953435
480.8		0.953435
480.9		0.953435
481		0.953435
481.1		0.957948
481.2		0.957948
481.3		0.957948
481.4		0.957948
481.5		0.957948
481.6		0.957948
481.7		0.957948
481.8		0.957948
481.9		0.957948
482		0.957948
482.1		0.958163
482.2		0.958163
482.3		0.958163
482.4		0.958163
482.5		0.958163
482.6		0.958163
482.7		0.958163
482.8		0.958163
482.9		0.958163
483		0.958163
483.1		0.960205
483.2		0.960205
483.3		0.960205
483.4		0.960205
483.5		0.960205
483.6		0.960205
483.7		0.960205
483.8		0.960205
483.9		0.960205
484		0.960205
484.1		0.960563
484.2		0.960563
484.3		0.960563
484.4		0.960563
484.5		0.960563
484.6		0.960563
484.7		0.960563
484.8		0.960563
484.9		0.960563
485		0.960563
485.1		0.961709
485.2		0.961709
485.3		0.961709
485.4		0.961709
485.5		0.961709
485.6		0.961709
485.7		0.961709
485.8		0.961709
485.9		0.961709
486		0.961709
486.1		0.966151
486.2		0.966151
486.3		0.966151
486.4		0.966151
486.5		0.966151
486.6		0.966151
486.7		0.966151
486.8		0.966151
486.9		0.966151
487		0.966151
487.1		0.968658
487.2		0.968658
487.3		0.968658
487.4		0.968658
487.5		0.968658
487.6		0.968658
487.7		0.968658
487.8		0.968658
487.9		0.968658
488		0.968658
488.1		0.970879
488.2		0.970879
488.3		0.970879
488.4		0.970879
488.5		0.970879
488.6		0.970879
488.7		0.970879
488.8		0.970879
488.9		0.970879
489		0.970879
489.1		0.971022
489.2		0.971022
489.3		0.971022
489.4		0.971022
489.5		0.971022
489.6		0.971022
489.7		0.971022
489.8		0.971022
489.9		0.971022
490		0.971022
490.1		0.973709
490.2		0.973709
490.3		0.973709
490.4		0.973709
490.5		0.973709
490.6		0.973709
490.7		0.973709
490.8		0.973709
490.9		0.973709
491		0.973709
491.1		0.974067
491.2		0.974067
491.3		0.974067
491.4		0.974067
491.5		0.974067
491.6		0.974067
491.7		0.974067
491.8		0.974067
491.9		0.974067
492		0.974067
492.1		0.97704
492.2		0.97704
492.3		0.97704
492.4		0.97704
492.5		0.97704
492.6		0.97704
492.7		0.97704
492.8		0.97704
492.9		0.97704
493		0.97704
493.1		0.978688
493.2		0.978688
493.3		0.978688
493.4		0.978688
493.5		0.978688
493.6		0.978688
493.7		0.978688
493.8		0.978688
493.9		0.978688
494		0.978688
494.1		0.982126
494.2		0.982126
494.3		0.982126
494.4		0.982126
494.5		0.982126
494.6		0.982126
494.7		0.982126
494.8		0.982126
494.9		0.982126
495		0.982126
495.1		0.982771
495.2		0.982771
495.3		0.982771
495.4		0.982771
495.5		0.982771
495.6		0.982771
495.7		0.982771
495.8		0.982771
495.9		0.982771
496		0.982771
496.1		0.982843
496.2		0.982843
496.3		0.982843
496.4		0.982843
496.5		0.982843
496.6		0.982843
496.7		0.982843
496.8		0.982843
496.9		0.982843
497		0.982843
497.1		0.985995
497.2		0.985995
497.3		0.985995
497.4		0.985995
497.5		0.985995
497.6		0.985995
497.7		0.985995
497.8		0.985995
497.9		0.985995
498		0.985995
498.1		0.989111
498.2		0.989111
498.3		0.989111
498.4		0.989111
498.5		0.989111
498.6		0.989111
498.7		0.989111
498.8		0.989111
498.9		0.989111
499		0.989111
499.1		0.989541
499.2		0.989541
499.3		0.989541
499.4		0.989541
499.5		0.989541
499.6		0.989541
499.7		0.989541
499.8		0.989541
499.9		0.989541
500		0.989541
500.1		0.991368
500.2		0.991368
500.3		0.991368
500.4		0.991368
500.5		0.991368
500.6		0.991368
500.7		0.991368
500.8		0.991368
500.9		0.991368
501		0.991368
501.1		0.992227
501.2		0.992227
501.3		0.992227
501.4		0.992227
501.5		0.992227
501.6		0.992227
501.7		0.992227
501.8		0.992227
501.9		0.992227
502		0.992227
502.1		0.994448
502.2		0.994448
502.3		0.994448
502.4		0.994448
502.5		0.994448
502.6		0.994448
502.7		0.994448
502.8		0.994448
502.9		0.994448
503		0.994448
503.1		0.999248
503.2		0.999248
503.3		0.999248
503.4		0.999248
503.5		0.999248
503.6		0.999248
503.7		0.999248
503.8		0.999248
503.9		0.999248
504		0.999248
504.1		0.999928
504.2		0.999928
504.3		0.999928
504.4		0.999928
504.5		0.999928
504.6		0.999928
504.7		0.999928
504.8		0.999928
504.9		0.999928
505		0.999928
505.1		0.999928
505.2		0.999928
505.3		0.999928
505.4		0.999928
505.5		0.999928
505.6		0.999928
505.7		0.999928
505.8		0.999928
505.9		0.999928
506		0.999928
506.1		1
506.2		1
506.3		1
506.4		1
506.5		1
506.6		1
506.7		1
506.8		1
506.9		1
507		1
507.1		1
507.2		1
507.3		1
507.4		1
507.5		1
507.6		1
507.7		1
507.8		1
507.9		1
508		1
508.1		1
508.2		1
508.3		1
508.4		1
508.5		1
508.6		1
508.7		1
508.8		1
508.9		1
509		1
509.1		1
509.2		1
509.3		1
509.4		1
509.5		1
509.6		1
509.7		1
509.8		1
509.9		1
510		1
510.1		1
510.2		1
510.3		1
510.4		1
510.5		1
510.6		1
510.7		1
510.8		1
510.9		1
511		1
511.1		1
511.2		1
511.3		1
511.4		1
511.5		1
511.6		1
511.7		1
511.8		1
511.9		1
512		1
512.1		1
512.2		1
512.3		1
512.4		1
512.5		1
512.6		1
512.7		1
512.8		1
512.9		1
513		1
513.1		1
513.2		1
513.3		1
513.4		1
513.5		1
513.6		1
513.7		1
513.8		1
513.9		1
514		1
514.1		1
514.2		1
514.3		1
514.4		1
514.5		1
514.6		1
514.7		1
514.8		1
514.9		1
515		1
515.1		1
515.2		1
515.3		1
515.4		1
515.5		1
515.6		1
515.7		1
515.8		1
515.9		1
516		1
516.1		1
516.2		1
516.3		1
516.4		1
516.5		1
516.6		1
516.7		1
516.8		1
516.9		1
517		1
517.1		1
517.2		1
517.3		1
517.4		1
517.5		1
517.6		1
517.7		1
517.8		1
517.9		1
518		1
518.1		1
518.2		1
518.3		1
518.4		1
518.5		1
518.6		1
518.7		1
518.8		1
518.9		1
519		1
519.1		1
519.2		1
519.3		1
519.4		1
519.5		1
519.6		1
519.7		1
519.8		1
519.9		1
520		1
520.1		1
520.2		1
520.3		1
520.4		1
520.5		1
520.6		1
520.7		1
520.8		1
520.9		1
521		1
521.1		1
521.2		1
521.3		1
521.4		1
521.5		1
521.6		1
521.7		1
521.8		1
521.9		1
522		1
522.1		1
522.2		1
522.3		1
522.4		1
522.5		1
522.6		1
522.7		1
522.8		1
522.9		1
523		1
523.1		1
523.2		1
523.3		1
523.4		1
523.5		1
523.6		1
523.7		1
523.8		1
523.9		1
524		1
524.1		1
524.2		1
524.3		1
524.4		1
524.5		1
524.6		1
524.7		1
524.8		1
524.9		1
525		1
525.1		1
525.2		1
525.3		1
525.4		1
525.5		1
525.6		1
525.7		1
525.8		1
525.9		1
526		1
526.1		1
526.2		1
526.3		1
526.4		1
526.5		1
526.6		1
526.7		1
526.8		1
526.9		1
527		1
527.1		1
527.2		1
527.3		1
527.4		1
527.5		1
527.6		1
527.7		1
527.8		1
527.9		1
528		1
528.1		1
528.2		1
528.3		1
528.4		1
528.5		1
528.6		1
528.7		1
528.8		1
528.9		1
529		1
529.1		1
529.2		1
529.3		1
529.4		1
529.5		1
529.6		1
529.7		1
529.8		1
529.9		1
530		1
530.1		1
530.2		1
530.3		1
530.4		1
530.5		1
530.6		1
530.7		1
530.8		1
530.9		1
531		1
531.1		1
531.2		1
531.3		1
531.4		1
531.5		1
531.6		1
531.7		1
531.8		1
531.9		1
532		1
532.1		1
532.2		1
532.3		1
532.4		1
532.5		1
532.6		1
532.7		1
532.8		1
532.9		1
533		1
533.1		1
533.2		1
533.3		1
533.4		1
533.5		1
533.6		1
533.7		1
533.8		1
533.9		1
534		1
534.1		1
534.2		1
534.3		1
534.4		1
534.5		1
534.6		1
534.7		1
534.8		1
534.9		1
535		1
535.1		1
535.2		1
535.3		1
535.4		1
535.5		1
535.6		1
535.7		1
535.8		1
535.9		1
536		1
536.1		1
536.2		1
536.3		1
536.4		1
536.5		1
536.6		1
536.7		1
536.8		1
536.9		1
537		1
537.1		1
537.2		1
537.3		1
537.4		1
537.5		1
537.6		1
537.7		1
537.8		1
537.9		1
538		1
538.1		1
538.2		1
538.3		1
538.4		1
538.5		1
538.6		1
538.7		1
538.8		1
538.9		1
539		1
539.1		1
539.2		1
539.3		1
539.4		1
539.5		1
539.6		1
539.7		1
539.8		1
539.9		1
540		1
540.1		1
540.2		1
540.3		1
540.4		1
540.5		1
540.6		1
540.7		1
540.8		1
540.9		1
541		1
541.1		1
541.2		1
541.3		1
541.4		1
541.5		1
541.6		1
541.7		1
541.8		1
541.9		1
542		1
542.1		1
542.2		1
542.3		1
542.4		1
542.5		1
542.6		1
542.7		1
542.8		1
542.9		1
543		1
543.1		1
543.2		1
543.3		1
543.4		1
543.5		1
543.6		1
543.7		1
543.8		1
543.9		1
544		1
544.1		1
544.2		1
544.3		1
544.4		1
544.5		1
544.6		1
544.7		1
544.8		1
544.9		1
545		1
545.1		1
545.2		1
545.3		1
545.4		1
545.5		1
545.6		1
545.7		1
545.8		1
545.9		1
546		1
546.1		1
546.2		1
546.3		1
546.4		1
546.5		1
546.6		1
546.7		1
546.8		1
546.9		1
547		1
547.1		1
547.2		1
547.3		1
547.4		1
547.5		1
547.6		1
547.7		1
547.8		1
547.9		1
548		1
548.1		1
548.2		1
548.3		1
548.4		1
548.5		1
548.6		1
548.7		1
548.8		1
548.9		1
549		1
549.1		1
549.2		1
549.3		1
549.4		1
549.5		1
549.6		1
549.7		1
549.8		1
549.9		1
550		1
550.1		1
550.2		1
550.3		1
550.4		1
550.5		1
550.6		1
550.7		1
550.8		1
550.9		1
551		1
551.1		1
551.2		1
551.3		1
551.4		1
551.5		1
551.6		1
551.7		1
551.8		1
551.9		1
552		1
552.1		1
552.2		1
552.3		1
552.4		1
552.5		1
552.6		1
552.7		1
552.8		1
552.9		1
553		1
553.1		1
553.2		1
553.3		1
553.4		1
553.5		1
553.6		1
553.7		1
553.8		1
553.9		1
554		1
554.1		1
554.2		1
554.3		1
554.4		1
554.5		1
554.6		1
554.7		1
554.8		1
554.9		1
555		1
555.1		1
555.2		1
555.3		1
555.4		1
555.5		1
555.6		1
555.7		1
555.8		1
555.9		1
556		1
556.1		1
556.2		1
556.3		1
556.4		1
556.5		1
556.6		1
556.7		1
556.8		1
556.9		1
557		1
557.1		1
557.2		1
557.3		1
557.4		1
557.5		1
557.6		1
557.7		1
557.8		1
557.9		1
558		1
558.1		1
558.2		1
558.3		1
558.4		1
558.5		1
558.6		1
558.7		1
558.8		1
558.9		1
559		1
559.1		1
559.2		1
559.3		1
559.4		1
559.5		1
559.6		1
559.7		1
559.8		1
559.9		1
560		1
560.1		1
560.2		1
560.3		1
560.4		1
560.5		1
560.6		1
560.7		1
560.8		1
560.9		1
561		1
561.1		1
561.2		1
561.3		1
561.4		1
561.5		1
561.6		1
561.7		1
561.8		1
561.9		1
562		1
562.1		1
562.2		1
562.3		1
562.4		1
562.5		1
562.6		1
562.7		1
562.8		1
562.9		1
563		1
563.1		1
563.2		1
563.3		1
563.4		1
563.5		1
563.6		1
563.7		1
563.8		1
563.9		1
564		1
564.1		1
564.2		1
564.3		1
564.4		1
564.5		1
564.6		1
564.7		1
564.8		1
564.9		1
565		1
565.1		1
565.2		1
565.3		1
565.4		1
565.5		1
565.6		1
565.7		1
565.8		1
565.9		1
566		1
566.1		1
566.2		1
566.3		1
566.4		1
566.5		1
566.6		1
566.7		1
566.8		1
566.9		1
567		1
567.1		1
567.2		1
567.3		1
567.4		1
567.5		1
567.6		1
567.7		1
567.8		1
567.9		1
568		1
568.1		1
568.2		1
568.3		1
568.4		1
568.5		1
568.6		1
568.7		1
568.8		1
568.9		1
569		1
569.1		1
569.2		1
569.3		1
569.4		1
569.5		1
569.6		1
569.7		1
569.8		1
569.9		1
570		1
570.1		1
570.2		1
570.3		1
570.4		1
570.5		1
570.6		1
570.7		1
570.8		1
570.9		1
571		1
571.1		1
571.2		1
571.3		1
571.4		1
571.5		1
571.6		1
571.7		1
571.8		1
571.9		1
572		1
572.1		1
572.2		1
572.3		1
572.4		1
572.5		1
572.6		1
572.7		1
572.8		1
572.9		1
573		1
573.1		1
573.2		1
573.3		1
573.4		1
573.5		1
573.6		1
573.7		1
573.8		1
573.9		1
574		1
574.1		1
574.2		1
574.3		1
574.4		1
574.5		1
574.6		1
574.7		1
574.8		1
574.9		1
575		1
575.1		1
575.2		1
575.3		1
575.4		1
575.5		1
575.6		1
575.7		1
575.8		1
575.9		1
576		1
576.1		1
576.2		1
576.3		1
576.4		1
576.5		1
576.6		1
576.7		1
576.8		1
576.9		1
577		1
577.1		1
577.2		1
577.3		1
577.4		1
577.5		1
577.6		1
577.7		1
577.8		1
577.9		1
578		1
578.1		1
578.2		1
578.3		1
578.4		1
578.5		1
578.6		1
578.7		1
578.8		1
578.9		1
579		1
579.1		1
579.2		1
579.3		1
579.4		1
579.5		1
579.6		1
579.7		1
579.8		1
579.9		1
580		1
580.1		1
580.2		1
580.3		1
580.4		1
580.5		1
580.6		1
580.7		1
580.8		1
580.9		1
581		1
581.1		1
581.2		1
581.3		1
581.4		1
581.5		1
581.6		1
581.7		1
581.8		1
581.9		1
582		1
582.1		1
582.2		1
582.3		1
582.4		1
582.5		1
582.6		1
582.7		1
582.8		1
582.9		1
583		1
583.1		1
583.2		1
583.3		1
583.4		1
583.5		1
583.6		1
583.7		1
583.8		1
583.9		1
584		1
584.1		1
584.2		1
584.3		1
584.4		1
584.5		1
584.6		1
584.7		1
584.8		1
584.9		1
585		1
585.1		1
585.2		1
585.3		1
585.4		1
585.5		1
585.6		1
585.7		1
585.8		1
585.9		1
586		1
586.1		1
586.2		1
586.3		1
586.4		1
586.5		1
586.6		1
586.7		1
586.8		1
586.9		1
587		1
587.1		1
587.2		1
587.3		1
587.4		1
587.5		1
587.6		1
587.7		1
587.8		1
587.9		1
588		1
588.1		1
588.2		1
588.3		1
588.4		1
588.5		1
588.6		1
588.7		1
588.8		1
588.9		1
589		1
589.1		1
589.2		1
589.3		1
589.4		1
589.5		1
589.6		1
589.7		1
589.8		1
589.9		1
590		1
590.1		1
590.2		1
590.3		1
590.4		1
590.5		1
590.6		1
590.7		1
590.8		1
590.9		1
591		1
591.1		1
591.2		1
591.3		1
591.4		1
591.5		1
591.6		1
591.7		1
591.8		1
591.9		1
592		1
592.1		1
592.2		1
592.3		1
592.4		1
592.5		1
592.6		1
592.7		1
592.8		1
592.9		1
593		1
593.1		1
593.2		1
593.3		1
593.4		1
593.5		1
593.6		1
593.7		1
593.8		1
593.9		1
594		1
594.1		1
594.2		1
594.3		1
594.4		1
594.5		1
594.6		1
594.7		1
594.8		1
594.9		1
595		1
595.1		1
595.2		1
595.3		1
595.4		1
595.5		1
595.6		1
595.7		1
595.8		1
595.9		1
596		1
596.1		1
596.2		1
596.3		1
596.4		1
596.5		1
596.6		1
596.7		1
596.8		1
596.9		1
597		1
597.1		1
597.2		1
597.3		1
597.4		1
597.5		1
597.6		1
597.7		1
597.8		1
597.9		1
598		1
598.1		1
598.2		1
598.3		1
598.4		1
598.5		1
598.6		1
598.7		1
598.8		1
598.9		1
599		1
599.1		1
599.2		1
599.3		1
599.4		1
599.5		1
599.6		1
599.7		1
599.8		1
599.9		1
600		1
