# Calibration file of tamex_id 0 @ channel 5
# fine_T bin		 Calibration value
0.1		0
0.2		0
0.3		0
0.4		0
0.5		0
0.6		0
0.7		0
0.8		0
0.9		0
1		0
1.1		0
1.2		0
1.3		0
1.4		0
1.5		0
1.6		0
1.7		0
1.8		0
1.9		0
2		0
2.1		0
2.2		0
2.3		0
2.4		0
2.5		0
2.6		0
2.7		0
2.8		0
2.9		0
3		0
3.1		0
3.2		0
3.3		0
3.4		0
3.5		0
3.6		0
3.7		0
3.8		0
3.9		0
4		0
4.1		0
4.2		0
4.3		0
4.4		0
4.5		0
4.6		0
4.7		0
4.8		0
4.9		0
5		0
5.1		0
5.2		0
5.3		0
5.4		0
5.5		0
5.6		0
5.7		0
5.8		0
5.9		0
6		0
6.1		0
6.2		0
6.3		0
6.4		0
6.5		0
6.6		0
6.7		0
6.8		0
6.9		0
7		0
7.1		0
7.2		0
7.3		0
7.4		0
7.5		0
7.6		0
7.7		0
7.8		0
7.9		0
8		0
8.1		0
8.2		0
8.3		0
8.4		0
8.5		0
8.6		0
8.7		0
8.8		0
8.9		0
9		0
9.1		0
9.2		0
9.3		0
9.4		0
9.5		0
9.6		0
9.7		0
9.8		0
9.9		0
10		0
10.1		0
10.2		0
10.3		0
10.4		0
10.5		0
10.6		0
10.7		0
10.8		0
10.9		0
11		0
11.1		0
11.2		0
11.3		0
11.4		0
11.5		0
11.6		0
11.7		0
11.8		0
11.9		0
12		0
12.1		0
12.2		0
12.3		0
12.4		0
12.5		0
12.6		0
12.7		0
12.8		0
12.9		0
13		0
13.1		0
13.2		0
13.3		0
13.4		0
13.5		0
13.6		0
13.7		0
13.8		0
13.9		0
14		0
14.1		0
14.2		0
14.3		0
14.4		0
14.5		0
14.6		0
14.7		0
14.8		0
14.9		0
15		0
15.1		0
15.2		0
15.3		0
15.4		0
15.5		0
15.6		0
15.7		0
15.8		0
15.9		0
16		0
16.1		0
16.2		0
16.3		0
16.4		0
16.5		0
16.6		0
16.7		0
16.8		0
16.9		0
17		0
17.1		0.0059485
17.2		0.0059485
17.3		0.0059485
17.4		0.0059485
17.5		0.0059485
17.6		0.0059485
17.7		0.0059485
17.8		0.0059485
17.9		0.0059485
18		0.0059485
18.1		0.00742478
18.2		0.00742478
18.3		0.00742478
18.4		0.00742478
18.5		0.00742478
18.6		0.00742478
18.7		0.00742478
18.8		0.00742478
18.9		0.00742478
19		0.00742478
19.1		0.00894447
19.2		0.00894447
19.3		0.00894447
19.4		0.00894447
19.5		0.00894447
19.6		0.00894447
19.7		0.00894447
19.8		0.00894447
19.9		0.00894447
20		0.00894447
20.1		0.0129825
20.2		0.0129825
20.3		0.0129825
20.4		0.0129825
20.5		0.0129825
20.6		0.0129825
20.7		0.0129825
20.8		0.0129825
20.9		0.0129825
21		0.0129825
21.1		0.0164127
21.2		0.0164127
21.3		0.0164127
21.4		0.0164127
21.5		0.0164127
21.6		0.0164127
21.7		0.0164127
21.8		0.0164127
21.9		0.0164127
22		0.0164127
22.1		0.0173245
22.2		0.0173245
22.3		0.0173245
22.4		0.0173245
22.5		0.0173245
22.6		0.0173245
22.7		0.0173245
22.8		0.0173245
22.9		0.0173245
23		0.0173245
23.1		0.0182797
23.2		0.0182797
23.3		0.0182797
23.4		0.0182797
23.5		0.0182797
23.6		0.0182797
23.7		0.0182797
23.8		0.0182797
23.9		0.0182797
24		0.0182797
24.1		0.018931
24.2		0.018931
24.3		0.018931
24.4		0.018931
24.5		0.018931
24.6		0.018931
24.7		0.018931
24.8		0.018931
24.9		0.018931
25		0.018931
25.1		0.0215362
25.2		0.0215362
25.3		0.0215362
25.4		0.0215362
25.5		0.0215362
25.6		0.0215362
25.7		0.0215362
25.8		0.0215362
25.9		0.0215362
26		0.0215362
26.1		0.0245322
26.2		0.0245322
26.3		0.0245322
26.4		0.0245322
26.5		0.0245322
26.6		0.0245322
26.7		0.0245322
26.8		0.0245322
26.9		0.0245322
27		0.0245322
27.1		0.0266163
27.2		0.0266163
27.3		0.0266163
27.4		0.0266163
27.5		0.0266163
27.6		0.0266163
27.7		0.0266163
27.8		0.0266163
27.9		0.0266163
28		0.0266163
28.1		0.0290044
28.2		0.0290044
28.3		0.0290044
28.4		0.0290044
28.5		0.0290044
28.6		0.0290044
28.7		0.0290044
28.8		0.0290044
28.9		0.0290044
29		0.0290044
29.1		0.0293517
29.2		0.0293517
29.3		0.0293517
29.4		0.0293517
29.5		0.0293517
29.6		0.0293517
29.7		0.0293517
29.8		0.0293517
29.9		0.0293517
30		0.0293517
30.1		0.0350397
30.2		0.0350397
30.3		0.0350397
30.4		0.0350397
30.5		0.0350397
30.6		0.0350397
30.7		0.0350397
30.8		0.0350397
30.9		0.0350397
31		0.0350397
31.1		0.0361252
31.2		0.0361252
31.3		0.0361252
31.4		0.0361252
31.5		0.0361252
31.6		0.0361252
31.7		0.0361252
31.8		0.0361252
31.9		0.0361252
32		0.0361252
32.1		0.0372541
32.2		0.0372541
32.3		0.0372541
32.4		0.0372541
32.5		0.0372541
32.6		0.0372541
32.7		0.0372541
32.8		0.0372541
32.9		0.0372541
33		0.0372541
33.1		0.0373844
33.2		0.0373844
33.3		0.0373844
33.4		0.0373844
33.5		0.0373844
33.6		0.0373844
33.7		0.0373844
33.8		0.0373844
33.9		0.0373844
34		0.0373844
34.1		0.0438105
34.2		0.0438105
34.3		0.0438105
34.4		0.0438105
34.5		0.0438105
34.6		0.0438105
34.7		0.0438105
34.8		0.0438105
34.9		0.0438105
35		0.0438105
35.1		0.044375
35.2		0.044375
35.3		0.044375
35.4		0.044375
35.5		0.044375
35.6		0.044375
35.7		0.044375
35.8		0.044375
35.9		0.044375
36		0.044375
36.1		0.0461986
36.2		0.0461986
36.3		0.0461986
36.4		0.0461986
36.5		0.0461986
36.6		0.0461986
36.7		0.0461986
36.8		0.0461986
36.9		0.0461986
37		0.0461986
37.1		0.0462854
37.2		0.0462854
37.3		0.0462854
37.4		0.0462854
37.5		0.0462854
37.6		0.0462854
37.7		0.0462854
37.8		0.0462854
37.9		0.0462854
38		0.0462854
38.1		0.0504103
38.2		0.0504103
38.3		0.0504103
38.4		0.0504103
38.5		0.0504103
38.6		0.0504103
38.7		0.0504103
38.8		0.0504103
38.9		0.0504103
39		0.0504103
39.1		0.0512787
39.2		0.0512787
39.3		0.0512787
39.4		0.0512787
39.5		0.0512787
39.6		0.0512787
39.7		0.0512787
39.8		0.0512787
39.9		0.0512787
40		0.0512787
40.1		0.0560983
40.2		0.0560983
40.3		0.0560983
40.4		0.0560983
40.5		0.0560983
40.6		0.0560983
40.7		0.0560983
40.8		0.0560983
40.9		0.0560983
41		0.0560983
41.1		0.056793
41.2		0.056793
41.3		0.056793
41.4		0.056793
41.5		0.056793
41.6		0.056793
41.7		0.056793
41.8		0.056793
41.9		0.056793
42		0.056793
42.1		0.0606574
42.2		0.0606574
42.3		0.0606574
42.4		0.0606574
42.5		0.0606574
42.6		0.0606574
42.7		0.0606574
42.8		0.0606574
42.9		0.0606574
43		0.0606574
43.1		0.0612653
43.2		0.0612653
43.3		0.0612653
43.4		0.0612653
43.5		0.0612653
43.6		0.0612653
43.7		0.0612653
43.8		0.0612653
43.9		0.0612653
44		0.0612653
44.1		0.0629152
44.2		0.0629152
44.3		0.0629152
44.4		0.0629152
44.5		0.0629152
44.6		0.0629152
44.7		0.0629152
44.8		0.0629152
44.9		0.0629152
45		0.0629152
45.1		0.0631323
45.2		0.0631323
45.3		0.0631323
45.4		0.0631323
45.5		0.0631323
45.6		0.0631323
45.7		0.0631323
45.8		0.0631323
45.9		0.0631323
46		0.0631323
46.1		0.0679953
46.2		0.0679953
46.3		0.0679953
46.4		0.0679953
46.5		0.0679953
46.6		0.0679953
46.7		0.0679953
46.8		0.0679953
46.9		0.0679953
47		0.0679953
47.1		0.0686032
47.2		0.0686032
47.3		0.0686032
47.4		0.0686032
47.5		0.0686032
47.6		0.0686032
47.7		0.0686032
47.8		0.0686032
47.9		0.0686032
48		0.0686032
48.1		0.0705137
48.2		0.0705137
48.3		0.0705137
48.4		0.0705137
48.5		0.0705137
48.6		0.0705137
48.7		0.0705137
48.8		0.0705137
48.9		0.0705137
49		0.0705137
49.1		0.0718162
49.2		0.0718162
49.3		0.0718162
49.4		0.0718162
49.5		0.0718162
49.6		0.0718162
49.7		0.0718162
49.8		0.0718162
49.9		0.0718162
50		0.0718162
50.1		0.0756372
50.2		0.0756372
50.3		0.0756372
50.4		0.0756372
50.5		0.0756372
50.6		0.0756372
50.7		0.0756372
50.8		0.0756372
50.9		0.0756372
51		0.0756372
51.1		0.0763753
51.2		0.0763753
51.3		0.0763753
51.4		0.0763753
51.5		0.0763753
51.6		0.0763753
51.7		0.0763753
51.8		0.0763753
51.9		0.0763753
52		0.0763753
52.1		0.0784595
52.2		0.0784595
52.3		0.0784595
52.4		0.0784595
52.5		0.0784595
52.6		0.0784595
52.7		0.0784595
52.8		0.0784595
52.9		0.0784595
53		0.0784595
53.1		0.0805436
53.2		0.0805436
53.3		0.0805436
53.4		0.0805436
53.5		0.0805436
53.6		0.0805436
53.7		0.0805436
53.8		0.0805436
53.9		0.0805436
54		0.0805436
54.1		0.084929
54.2		0.084929
54.3		0.084929
54.4		0.084929
54.5		0.084929
54.6		0.084929
54.7		0.084929
54.8		0.084929
54.9		0.084929
55		0.084929
55.1		0.0880986
55.2		0.0880986
55.3		0.0880986
55.4		0.0880986
55.5		0.0880986
55.6		0.0880986
55.7		0.0880986
55.8		0.0880986
55.9		0.0880986
56		0.0880986
56.1		0.0882723
56.2		0.0882723
56.3		0.0882723
56.4		0.0882723
56.5		0.0882723
56.6		0.0882723
56.7		0.0882723
56.8		0.0882723
56.9		0.0882723
57		0.0882723
57.1		0.0887934
57.2		0.0887934
57.3		0.0887934
57.4		0.0887934
57.5		0.0887934
57.6		0.0887934
57.7		0.0887934
57.8		0.0887934
57.9		0.0887934
58		0.0887934
58.1		0.0921367
58.2		0.0921367
58.3		0.0921367
58.4		0.0921367
58.5		0.0921367
58.6		0.0921367
58.7		0.0921367
58.8		0.0921367
58.9		0.0921367
59		0.0921367
59.1		0.096826
59.2		0.096826
59.3		0.096826
59.4		0.096826
59.5		0.096826
59.6		0.096826
59.7		0.096826
59.8		0.096826
59.9		0.096826
60		0.096826
60.1		0.0970431
60.2		0.0970431
60.3		0.0970431
60.4		0.0970431
60.5		0.0970431
60.6		0.0970431
60.7		0.0970431
60.8		0.0970431
60.9		0.0970431
61		0.0970431
61.1		0.100169
61.2		0.100169
61.3		0.100169
61.4		0.100169
61.5		0.100169
61.6		0.100169
61.7		0.100169
61.8		0.100169
61.9		0.100169
62		0.100169
62.1		0.100864
62.2		0.100864
62.3		0.100864
62.4		0.100864
62.5		0.100864
62.6		0.100864
62.7		0.100864
62.8		0.100864
62.9		0.100864
63		0.100864
63.1		0.104685
63.2		0.104685
63.3		0.104685
63.4		0.104685
63.5		0.104685
63.6		0.104685
63.7		0.104685
63.8		0.104685
63.9		0.104685
64		0.104685
64.1		0.104859
64.2		0.104859
64.3		0.104859
64.4		0.104859
64.5		0.104859
64.6		0.104859
64.7		0.104859
64.8		0.104859
64.9		0.104859
65		0.104859
65.1		0.10742
65.2		0.10742
65.3		0.10742
65.4		0.10742
65.5		0.10742
65.6		0.10742
65.7		0.10742
65.8		0.10742
65.9		0.10742
66		0.10742
66.1		0.108766
66.2		0.108766
66.3		0.108766
66.4		0.108766
66.5		0.108766
66.6		0.108766
66.7		0.108766
66.8		0.108766
66.9		0.108766
67		0.108766
67.1		0.109548
67.2		0.109548
67.3		0.109548
67.4		0.109548
67.5		0.109548
67.6		0.109548
67.7		0.109548
67.8		0.109548
67.9		0.109548
68		0.109548
68.1		0.114889
68.2		0.114889
68.3		0.114889
68.4		0.114889
68.5		0.114889
68.6		0.114889
68.7		0.114889
68.8		0.114889
68.9		0.114889
69		0.114889
69.1		0.115149
69.2		0.115149
69.3		0.115149
69.4		0.115149
69.5		0.115149
69.6		0.115149
69.7		0.115149
69.8		0.115149
69.9		0.115149
70		0.115149
70.1		0.116061
70.2		0.116061
70.3		0.116061
70.4		0.116061
70.5		0.116061
70.6		0.116061
70.7		0.116061
70.8		0.116061
70.9		0.116061
71		0.116061
71.1		0.117103
71.2		0.117103
71.3		0.117103
71.4		0.117103
71.5		0.117103
71.6		0.117103
71.7		0.117103
71.8		0.117103
71.9		0.117103
72		0.117103
72.1		0.122357
72.2		0.122357
72.3		0.122357
72.4		0.122357
72.5		0.122357
72.6		0.122357
72.7		0.122357
72.8		0.122357
72.9		0.122357
73		0.122357
73.1		0.123877
73.2		0.123877
73.3		0.123877
73.4		0.123877
73.5		0.123877
73.6		0.123877
73.7		0.123877
73.8		0.123877
73.9		0.123877
74		0.123877
74.1		0.124745
74.2		0.124745
74.3		0.124745
74.4		0.124745
74.5		0.124745
74.6		0.124745
74.7		0.124745
74.8		0.124745
74.9		0.124745
75		0.124745
75.1		0.125092
75.2		0.125092
75.3		0.125092
75.4		0.125092
75.5		0.125092
75.6		0.125092
75.7		0.125092
75.8		0.125092
75.9		0.125092
76		0.125092
76.1		0.131171
76.2		0.131171
76.3		0.131171
76.4		0.131171
76.5		0.131171
76.6		0.131171
76.7		0.131171
76.8		0.131171
76.9		0.131171
77		0.131171
77.1		0.131345
77.2		0.131345
77.3		0.131345
77.4		0.131345
77.5		0.131345
77.6		0.131345
77.7		0.131345
77.8		0.131345
77.9		0.131345
78		0.131345
78.1		0.132213
78.2		0.132213
78.3		0.132213
78.4		0.132213
78.5		0.132213
78.6		0.132213
78.7		0.132213
78.8		0.132213
78.9		0.132213
79		0.132213
79.1		0.134905
79.2		0.134905
79.3		0.134905
79.4		0.134905
79.5		0.134905
79.6		0.134905
79.7		0.134905
79.8		0.134905
79.9		0.134905
80		0.134905
80.1		0.137467
80.2		0.137467
80.3		0.137467
80.4		0.137467
80.5		0.137467
80.6		0.137467
80.7		0.137467
80.8		0.137467
80.9		0.137467
81		0.137467
81.1		0.141114
81.2		0.141114
81.3		0.141114
81.4		0.141114
81.5		0.141114
81.6		0.141114
81.7		0.141114
81.8		0.141114
81.9		0.141114
82		0.141114
82.1		0.141462
82.2		0.141462
82.3		0.141462
82.4		0.141462
82.5		0.141462
82.6		0.141462
82.7		0.141462
82.8		0.141462
82.9		0.141462
83		0.141462
83.1		0.1422
83.2		0.1422
83.3		0.1422
83.4		0.1422
83.5		0.1422
83.6		0.1422
83.7		0.1422
83.8		0.1422
83.9		0.1422
84		0.1422
84.1		0.144544
84.2		0.144544
84.3		0.144544
84.4		0.144544
84.5		0.144544
84.6		0.144544
84.7		0.144544
84.8		0.144544
84.9		0.144544
85		0.144544
85.1		0.146542
85.2		0.146542
85.3		0.146542
85.4		0.146542
85.5		0.146542
85.6		0.146542
85.7		0.146542
85.8		0.146542
85.9		0.146542
86		0.146542
86.1		0.151405
86.2		0.151405
86.3		0.151405
86.4		0.151405
86.5		0.151405
86.6		0.151405
86.7		0.151405
86.8		0.151405
86.9		0.151405
87		0.151405
87.1		0.15236
87.2		0.15236
87.3		0.15236
87.4		0.15236
87.5		0.15236
87.6		0.15236
87.7		0.15236
87.8		0.15236
87.9		0.15236
88		0.15236
88.1		0.155573
88.2		0.155573
88.3		0.155573
88.4		0.155573
88.5		0.155573
88.6		0.155573
88.7		0.155573
88.8		0.155573
88.9		0.155573
89		0.155573
89.1		0.156528
89.2		0.156528
89.3		0.156528
89.4		0.156528
89.5		0.156528
89.6		0.156528
89.7		0.156528
89.8		0.156528
89.9		0.156528
90		0.156528
90.1		0.157657
90.2		0.157657
90.3		0.157657
90.4		0.157657
90.5		0.157657
90.6		0.157657
90.7		0.157657
90.8		0.157657
90.9		0.157657
91		0.157657
91.1		0.161174
91.2		0.161174
91.3		0.161174
91.4		0.161174
91.5		0.161174
91.6		0.161174
91.7		0.161174
91.8		0.161174
91.9		0.161174
92		0.161174
92.1		0.162346
92.2		0.162346
92.3		0.162346
92.4		0.162346
92.5		0.162346
92.6		0.162346
92.7		0.162346
92.8		0.162346
92.9		0.162346
93		0.162346
93.1		0.164431
93.2		0.164431
93.3		0.164431
93.4		0.164431
93.5		0.164431
93.6		0.164431
93.7		0.164431
93.8		0.164431
93.9		0.164431
94		0.164431
94.1		0.166081
94.2		0.166081
94.3		0.166081
94.4		0.166081
94.5		0.166081
94.6		0.166081
94.7		0.166081
94.8		0.166081
94.9		0.166081
95		0.166081
95.1		0.167861
95.2		0.167861
95.3		0.167861
95.4		0.167861
95.5		0.167861
95.6		0.167861
95.7		0.167861
95.8		0.167861
95.9		0.167861
96		0.167861
96.1		0.168295
96.2		0.168295
96.3		0.168295
96.4		0.168295
96.5		0.168295
96.6		0.168295
96.7		0.168295
96.8		0.168295
96.9		0.168295
97		0.168295
97.1		0.170249
97.2		0.170249
97.3		0.170249
97.4		0.170249
97.5		0.170249
97.6		0.170249
97.7		0.170249
97.8		0.170249
97.9		0.170249
98		0.170249
98.1		0.174287
98.2		0.174287
98.3		0.174287
98.4		0.174287
98.5		0.174287
98.6		0.174287
98.7		0.174287
98.8		0.174287
98.9		0.174287
99		0.174287
99.1		0.176631
99.2		0.176631
99.3		0.176631
99.4		0.176631
99.5		0.176631
99.6		0.176631
99.7		0.176631
99.8		0.176631
99.9		0.176631
100		0.176631
100.1		0.176762
100.2		0.176762
100.3		0.176762
100.4		0.176762
100.5		0.176762
100.6		0.176762
100.7		0.176762
100.8		0.176762
100.9		0.176762
101		0.176762
101.1		0.17941
101.2		0.17941
101.3		0.17941
101.4		0.17941
101.5		0.17941
101.6		0.17941
101.7		0.17941
101.8		0.17941
101.9		0.17941
102		0.17941
102.1		0.184881
102.2		0.184881
102.3		0.184881
102.4		0.184881
102.5		0.184881
102.6		0.184881
102.7		0.184881
102.8		0.184881
102.9		0.184881
103		0.184881
103.1		0.185359
103.2		0.185359
103.3		0.185359
103.4		0.185359
103.5		0.185359
103.6		0.185359
103.7		0.185359
103.8		0.185359
103.9		0.185359
104		0.185359
104.1		0.186271
104.2		0.186271
104.3		0.186271
104.4		0.186271
104.5		0.186271
104.6		0.186271
104.7		0.186271
104.8		0.186271
104.9		0.186271
105		0.186271
105.1		0.188007
105.2		0.188007
105.3		0.188007
105.4		0.188007
105.5		0.188007
105.6		0.188007
105.7		0.188007
105.8		0.188007
105.9		0.188007
106		0.188007
106.1		0.191351
106.2		0.191351
106.3		0.191351
106.4		0.191351
106.5		0.191351
106.6		0.191351
106.7		0.191351
106.8		0.191351
106.9		0.191351
107		0.191351
107.1		0.193913
107.2		0.193913
107.3		0.193913
107.4		0.193913
107.5		0.193913
107.6		0.193913
107.7		0.193913
107.8		0.193913
107.9		0.193913
108		0.193913
108.1		0.194564
108.2		0.194564
108.3		0.194564
108.4		0.194564
108.5		0.194564
108.6		0.194564
108.7		0.194564
108.8		0.194564
108.9		0.194564
109		0.194564
109.1		0.195519
109.2		0.195519
109.3		0.195519
109.4		0.195519
109.5		0.195519
109.6		0.195519
109.7		0.195519
109.8		0.195519
109.9		0.195519
110		0.195519
110.1		0.199731
110.2		0.199731
110.3		0.199731
110.4		0.199731
110.5		0.199731
110.6		0.199731
110.7		0.199731
110.8		0.199731
110.9		0.199731
111		0.199731
111.1		0.202814
111.2		0.202814
111.3		0.202814
111.4		0.202814
111.5		0.202814
111.6		0.202814
111.7		0.202814
111.8		0.202814
111.9		0.202814
112		0.202814
112.1		0.203378
112.2		0.203378
112.3		0.203378
112.4		0.203378
112.5		0.203378
112.6		0.203378
112.7		0.203378
112.8		0.203378
112.9		0.203378
113		0.203378
113.1		0.205289
113.2		0.205289
113.3		0.205289
113.4		0.205289
113.5		0.205289
113.6		0.205289
113.7		0.205289
113.8		0.205289
113.9		0.205289
114		0.205289
114.1		0.207416
114.2		0.207416
114.3		0.207416
114.4		0.207416
114.5		0.207416
114.6		0.207416
114.7		0.207416
114.8		0.207416
114.9		0.207416
115		0.207416
115.1		0.209761
115.2		0.209761
115.3		0.209761
115.4		0.209761
115.5		0.209761
115.6		0.209761
115.7		0.209761
115.8		0.209761
115.9		0.209761
116		0.209761
116.1		0.210021
116.2		0.210021
116.3		0.210021
116.4		0.210021
116.5		0.210021
116.6		0.210021
116.7		0.210021
116.8		0.210021
116.9		0.210021
117		0.210021
117.1		0.212887
117.2		0.212887
117.3		0.212887
117.4		0.212887
117.5		0.212887
117.6		0.212887
117.7		0.212887
117.8		0.212887
117.9		0.212887
118		0.212887
118.1		0.217316
118.2		0.217316
118.3		0.217316
118.4		0.217316
118.5		0.217316
118.6		0.217316
118.7		0.217316
118.8		0.217316
118.9		0.217316
119		0.217316
119.1		0.217403
119.2		0.217403
119.3		0.217403
119.4		0.217403
119.5		0.217403
119.6		0.217403
119.7		0.217403
119.8		0.217403
119.9		0.217403
120		0.217403
120.1		0.220616
120.2		0.220616
120.3		0.220616
120.4		0.220616
120.5		0.220616
120.6		0.220616
120.7		0.220616
120.8		0.220616
120.9		0.220616
121		0.220616
121.1		0.221354
121.2		0.221354
121.3		0.221354
121.4		0.221354
121.5		0.221354
121.6		0.221354
121.7		0.221354
121.8		0.221354
121.9		0.221354
122		0.221354
122.1		0.224306
122.2		0.224306
122.3		0.224306
122.4		0.224306
122.5		0.224306
122.6		0.224306
122.7		0.224306
122.8		0.224306
122.9		0.224306
123		0.224306
123.1		0.227215
123.2		0.227215
123.3		0.227215
123.4		0.227215
123.5		0.227215
123.6		0.227215
123.7		0.227215
123.8		0.227215
123.9		0.227215
124		0.227215
124.1		0.228996
124.2		0.228996
124.3		0.228996
124.4		0.228996
124.5		0.228996
124.6		0.228996
124.7		0.228996
124.8		0.228996
124.9		0.228996
125		0.228996
125.1		0.231861
125.2		0.231861
125.3		0.231861
125.4		0.231861
125.5		0.231861
125.6		0.231861
125.7		0.231861
125.8		0.231861
125.9		0.231861
126		0.231861
126.1		0.23299
126.2		0.23299
126.3		0.23299
126.4		0.23299
126.5		0.23299
126.6		0.23299
126.7		0.23299
126.8		0.23299
126.9		0.23299
127		0.23299
127.1		0.234467
127.2		0.234467
127.3		0.234467
127.4		0.234467
127.5		0.234467
127.6		0.234467
127.7		0.234467
127.8		0.234467
127.9		0.234467
128		0.234467
128.1		0.235465
128.2		0.235465
128.3		0.235465
128.4		0.235465
128.5		0.235465
128.6		0.235465
128.7		0.235465
128.8		0.235465
128.9		0.235465
129		0.235465
129.1		0.238157
129.2		0.238157
129.3		0.238157
129.4		0.238157
129.5		0.238157
129.6		0.238157
129.7		0.238157
129.8		0.238157
129.9		0.238157
130		0.238157
130.1		0.238765
130.2		0.238765
130.3		0.238765
130.4		0.238765
130.5		0.238765
130.6		0.238765
130.7		0.238765
130.8		0.238765
130.9		0.238765
131		0.238765
131.1		0.241414
131.2		0.241414
131.3		0.241414
131.4		0.241414
131.5		0.241414
131.6		0.241414
131.7		0.241414
131.8		0.241414
131.9		0.241414
132		0.241414
132.1		0.243932
132.2		0.243932
132.3		0.243932
132.4		0.243932
132.5		0.243932
132.6		0.243932
132.7		0.243932
132.8		0.243932
132.9		0.243932
133		0.243932
133.1		0.245495
133.2		0.245495
133.3		0.245495
133.4		0.245495
133.5		0.245495
133.6		0.245495
133.7		0.245495
133.8		0.245495
133.9		0.245495
134		0.245495
134.1		0.247753
134.2		0.247753
134.3		0.247753
134.4		0.247753
134.5		0.247753
134.6		0.247753
134.7		0.247753
134.8		0.247753
134.9		0.247753
135		0.247753
135.1		0.248187
135.2		0.248187
135.3		0.248187
135.4		0.248187
135.5		0.248187
135.6		0.248187
135.7		0.248187
135.8		0.248187
135.9		0.248187
136		0.248187
136.1		0.253528
136.2		0.253528
136.3		0.253528
136.4		0.253528
136.5		0.253528
136.6		0.253528
136.7		0.253528
136.8		0.253528
136.9		0.253528
137		0.253528
137.1		0.256133
137.2		0.256133
137.3		0.256133
137.4		0.256133
137.5		0.256133
137.6		0.256133
137.7		0.256133
137.8		0.256133
137.9		0.256133
138		0.256133
138.1		0.256263
138.2		0.256263
138.3		0.256263
138.4		0.256263
138.5		0.256263
138.6		0.256263
138.7		0.256263
138.8		0.256263
138.9		0.256263
139		0.256263
139.1		0.256437
139.2		0.256437
139.3		0.256437
139.4		0.256437
139.5		0.256437
139.6		0.256437
139.7		0.256437
139.8		0.256437
139.9		0.256437
140		0.256437
140.1		0.262559
140.2		0.262559
140.3		0.262559
140.4		0.262559
140.5		0.262559
140.6		0.262559
140.7		0.262559
140.8		0.262559
140.9		0.262559
141		0.262559
141.1		0.263731
141.2		0.263731
141.3		0.263731
141.4		0.263731
141.5		0.263731
141.6		0.263731
141.7		0.263731
141.8		0.263731
141.9		0.263731
142		0.263731
142.1		0.265034
142.2		0.265034
142.3		0.265034
142.4		0.265034
142.5		0.265034
142.6		0.265034
142.7		0.265034
142.8		0.265034
142.9		0.265034
143		0.265034
143.1		0.267943
143.2		0.267943
143.3		0.267943
143.4		0.267943
143.5		0.267943
143.6		0.267943
143.7		0.267943
143.8		0.267943
143.9		0.267943
144		0.267943
144.1		0.271808
144.2		0.271808
144.3		0.271808
144.4		0.271808
144.5		0.271808
144.6		0.271808
144.7		0.271808
144.8		0.271808
144.9		0.271808
145		0.271808
145.1		0.272068
145.2		0.272068
145.3		0.272068
145.4		0.272068
145.5		0.272068
145.6		0.272068
145.7		0.272068
145.8		0.272068
145.9		0.272068
146		0.272068
146.1		0.272242
146.2		0.272242
146.3		0.272242
146.4		0.272242
146.5		0.272242
146.6		0.272242
146.7		0.272242
146.8		0.272242
146.9		0.272242
147		0.272242
147.1		0.275932
147.2		0.275932
147.3		0.275932
147.4		0.275932
147.5		0.275932
147.6		0.275932
147.7		0.275932
147.8		0.275932
147.9		0.275932
148		0.275932
148.1		0.281577
148.2		0.281577
148.3		0.281577
148.4		0.281577
148.5		0.281577
148.6		0.281577
148.7		0.281577
148.8		0.281577
148.9		0.281577
149		0.281577
149.1		0.281664
149.2		0.281664
149.3		0.281664
149.4		0.281664
149.5		0.281664
149.6		0.281664
149.7		0.281664
149.8		0.281664
149.9		0.281664
150		0.281664
150.1		0.282141
150.2		0.282141
150.3		0.282141
150.4		0.282141
150.5		0.282141
150.6		0.282141
150.7		0.282141
150.8		0.282141
150.9		0.282141
151		0.282141
151.1		0.282836
151.2		0.282836
151.3		0.282836
151.4		0.282836
151.5		0.282836
151.6		0.282836
151.7		0.282836
151.8		0.282836
151.9		0.282836
152		0.282836
152.1		0.28822
152.2		0.28822
152.3		0.28822
152.4		0.28822
152.5		0.28822
152.6		0.28822
152.7		0.28822
152.8		0.28822
152.9		0.28822
153		0.28822
153.1		0.292128
153.2		0.292128
153.3		0.292128
153.4		0.292128
153.5		0.292128
153.6		0.292128
153.7		0.292128
153.8		0.292128
153.9		0.292128
154		0.292128
154.1		0.293127
154.2		0.293127
154.3		0.293127
154.4		0.293127
154.5		0.293127
154.6		0.293127
154.7		0.293127
154.8		0.293127
154.9		0.293127
155		0.293127
155.1		0.293735
155.2		0.293735
155.3		0.293735
155.4		0.293735
155.5		0.293735
155.6		0.293735
155.7		0.293735
155.8		0.293735
155.9		0.293735
156		0.293735
156.1		0.295341
156.2		0.295341
156.3		0.295341
156.4		0.295341
156.5		0.295341
156.6		0.295341
156.7		0.295341
156.8		0.295341
156.9		0.295341
157		0.295341
157.1		0.29964
157.2		0.29964
157.3		0.29964
157.4		0.29964
157.5		0.29964
157.6		0.29964
157.7		0.29964
157.8		0.29964
157.9		0.29964
158		0.29964
158.1		0.302332
158.2		0.302332
158.3		0.302332
158.4		0.302332
158.5		0.302332
158.6		0.302332
158.7		0.302332
158.8		0.302332
158.9		0.302332
159		0.302332
159.1		0.30307
159.2		0.30307
159.3		0.30307
159.4		0.30307
159.5		0.30307
159.6		0.30307
159.7		0.30307
159.8		0.30307
159.9		0.30307
160		0.30307
160.1		0.305892
160.2		0.305892
160.3		0.305892
160.4		0.305892
160.5		0.305892
160.6		0.305892
160.7		0.305892
160.8		0.305892
160.9		0.305892
161		0.305892
161.1		0.306109
161.2		0.306109
161.3		0.306109
161.4		0.306109
161.5		0.306109
161.6		0.306109
161.7		0.306109
161.8		0.306109
161.9		0.306109
162		0.306109
162.1		0.310885
162.2		0.310885
162.3		0.310885
162.4		0.310885
162.5		0.310885
162.6		0.310885
162.7		0.310885
162.8		0.310885
162.9		0.310885
163		0.310885
163.1		0.313273
163.2		0.313273
163.3		0.313273
163.4		0.313273
163.5		0.313273
163.6		0.313273
163.7		0.313273
163.8		0.313273
163.9		0.313273
164		0.313273
164.1		0.314098
164.2		0.314098
164.3		0.314098
164.4		0.314098
164.5		0.314098
164.6		0.314098
164.7		0.314098
164.8		0.314098
164.9		0.314098
165		0.314098
165.1		0.317008
165.2		0.317008
165.3		0.317008
165.4		0.317008
165.5		0.317008
165.6		0.317008
165.7		0.317008
165.8		0.317008
165.9		0.317008
166		0.317008
166.1		0.319352
166.2		0.319352
166.3		0.319352
166.4		0.319352
166.5		0.319352
166.6		0.319352
166.7		0.319352
166.8		0.319352
166.9		0.319352
167		0.319352
167.1		0.321653
167.2		0.321653
167.3		0.321653
167.4		0.321653
167.5		0.321653
167.6		0.321653
167.7		0.321653
167.8		0.321653
167.9		0.321653
168		0.321653
168.1		0.323173
168.2		0.323173
168.3		0.323173
168.4		0.323173
168.5		0.323173
168.6		0.323173
168.7		0.323173
168.8		0.323173
168.9		0.323173
169		0.323173
169.1		0.323781
169.2		0.323781
169.3		0.323781
169.4		0.323781
169.5		0.323781
169.6		0.323781
169.7		0.323781
169.8		0.323781
169.9		0.323781
170		0.323781
170.1		0.328123
170.2		0.328123
170.3		0.328123
170.4		0.328123
170.5		0.328123
170.6		0.328123
170.7		0.328123
170.8		0.328123
170.9		0.328123
171		0.328123
171.1		0.329469
171.2		0.329469
171.3		0.329469
171.4		0.329469
171.5		0.329469
171.6		0.329469
171.7		0.329469
171.8		0.329469
171.9		0.329469
172		0.329469
172.1		0.32999
172.2		0.32999
172.3		0.32999
172.4		0.32999
172.5		0.32999
172.6		0.32999
172.7		0.32999
172.8		0.32999
172.9		0.32999
173		0.32999
173.1		0.331379
173.2		0.331379
173.3		0.331379
173.4		0.331379
173.5		0.331379
173.6		0.331379
173.7		0.331379
173.8		0.331379
173.9		0.331379
174		0.331379
174.1		0.335852
174.2		0.335852
174.3		0.335852
174.4		0.335852
174.5		0.335852
174.6		0.335852
174.7		0.335852
174.8		0.335852
174.9		0.335852
175		0.335852
175.1		0.336937
175.2		0.336937
175.3		0.336937
175.4		0.336937
175.5		0.336937
175.6		0.336937
175.7		0.336937
175.8		0.336937
175.9		0.336937
176		0.336937
176.1		0.337198
176.2		0.337198
176.3		0.337198
176.4		0.337198
176.5		0.337198
176.6		0.337198
176.7		0.337198
176.8		0.337198
176.9		0.337198
177		0.337198
177.1		0.337545
177.2		0.337545
177.3		0.337545
177.4		0.337545
177.5		0.337545
177.6		0.337545
177.7		0.337545
177.8		0.337545
177.9		0.337545
178		0.337545
178.1		0.342973
178.2		0.342973
178.3		0.342973
178.4		0.342973
178.5		0.342973
178.6		0.342973
178.7		0.342973
178.8		0.342973
178.9		0.342973
179		0.342973
179.1		0.344579
179.2		0.344579
179.3		0.344579
179.4		0.344579
179.5		0.344579
179.6		0.344579
179.7		0.344579
179.8		0.344579
179.9		0.344579
180		0.344579
180.1		0.34484
180.2		0.34484
180.3		0.34484
180.4		0.34484
180.5		0.34484
180.6		0.34484
180.7		0.34484
180.8		0.34484
180.9		0.34484
181		0.34484
181.1		0.347184
181.2		0.347184
181.3		0.347184
181.4		0.347184
181.5		0.347184
181.6		0.347184
181.7		0.347184
181.8		0.347184
181.9		0.347184
182		0.347184
182.1		0.350093
182.2		0.350093
182.3		0.350093
182.4		0.350093
182.5		0.350093
182.6		0.350093
182.7		0.350093
182.8		0.350093
182.9		0.350093
183		0.350093
183.1		0.35157
183.2		0.35157
183.3		0.35157
183.4		0.35157
183.5		0.35157
183.6		0.35157
183.7		0.35157
183.8		0.35157
183.9		0.35157
184		0.35157
184.1		0.354001
184.2		0.354001
184.3		0.354001
184.4		0.354001
184.5		0.354001
184.6		0.354001
184.7		0.354001
184.8		0.354001
184.9		0.354001
185		0.354001
185.1		0.354826
185.2		0.354826
185.3		0.354826
185.4		0.354826
185.5		0.354826
185.6		0.354826
185.7		0.354826
185.8		0.354826
185.9		0.354826
186		0.354826
186.1		0.357605
186.2		0.357605
186.3		0.357605
186.4		0.357605
186.5		0.357605
186.6		0.357605
186.7		0.357605
186.8		0.357605
186.9		0.357605
187		0.357605
187.1		0.358951
187.2		0.358951
187.3		0.358951
187.4		0.358951
187.5		0.358951
187.6		0.358951
187.7		0.358951
187.8		0.358951
187.9		0.358951
188		0.358951
188.1		0.361817
188.2		0.361817
188.3		0.361817
188.4		0.361817
188.5		0.361817
188.6		0.361817
188.7		0.361817
188.8		0.361817
188.9		0.361817
189		0.361817
189.1		0.362728
189.2		0.362728
189.3		0.362728
189.4		0.362728
189.5		0.362728
189.6		0.362728
189.7		0.362728
189.8		0.362728
189.9		0.362728
190		0.362728
190.1		0.363553
190.2		0.363553
190.3		0.363553
190.4		0.363553
190.5		0.363553
190.6		0.363553
190.7		0.363553
190.8		0.363553
190.9		0.363553
191		0.363553
191.1		0.365898
191.2		0.365898
191.3		0.365898
191.4		0.365898
191.5		0.365898
191.6		0.365898
191.7		0.365898
191.8		0.365898
191.9		0.365898
192		0.365898
192.1		0.369502
192.2		0.369502
192.3		0.369502
192.4		0.369502
192.5		0.369502
192.6		0.369502
192.7		0.369502
192.8		0.369502
192.9		0.369502
193		0.369502
193.1		0.372411
193.2		0.372411
193.3		0.372411
193.4		0.372411
193.5		0.372411
193.6		0.372411
193.7		0.372411
193.8		0.372411
193.9		0.372411
194		0.372411
194.1		0.372628
194.2		0.372628
194.3		0.372628
194.4		0.372628
194.5		0.372628
194.6		0.372628
194.7		0.372628
194.8		0.372628
194.9		0.372628
195		0.372628
195.1		0.372932
195.2		0.372932
195.3		0.372932
195.4		0.372932
195.5		0.372932
195.6		0.372932
195.7		0.372932
195.8		0.372932
195.9		0.372932
196		0.372932
196.1		0.379402
196.2		0.379402
196.3		0.379402
196.4		0.379402
196.5		0.379402
196.6		0.379402
196.7		0.379402
196.8		0.379402
196.9		0.379402
197		0.379402
197.1		0.379619
197.2		0.379619
197.3		0.379619
197.4		0.379619
197.5		0.379619
197.6		0.379619
197.7		0.379619
197.8		0.379619
197.9		0.379619
198		0.379619
198.1		0.38179
198.2		0.38179
198.3		0.38179
198.4		0.38179
198.5		0.38179
198.6		0.38179
198.7		0.38179
198.8		0.38179
198.9		0.38179
199		0.38179
199.1		0.383266
199.2		0.383266
199.3		0.383266
199.4		0.383266
199.5		0.383266
199.6		0.383266
199.7		0.383266
199.8		0.383266
199.9		0.383266
200		0.383266
200.1		0.385524
200.2		0.385524
200.3		0.385524
200.4		0.385524
200.5		0.385524
200.6		0.385524
200.7		0.385524
200.8		0.385524
200.9		0.385524
201		0.385524
201.1		0.388997
201.2		0.388997
201.3		0.388997
201.4		0.388997
201.5		0.388997
201.6		0.388997
201.7		0.388997
201.8		0.388997
201.9		0.388997
202		0.388997
202.1		0.389692
202.2		0.389692
202.3		0.389692
202.4		0.389692
202.5		0.389692
202.6		0.389692
202.7		0.389692
202.8		0.389692
202.9		0.389692
203		0.389692
203.1		0.389953
203.2		0.389953
203.3		0.389953
203.4		0.389953
203.5		0.389953
203.6		0.389953
203.7		0.389953
203.8		0.389953
203.9		0.389953
204		0.389953
204.1		0.394685
204.2		0.394685
204.3		0.394685
204.4		0.394685
204.5		0.394685
204.6		0.394685
204.7		0.394685
204.8		0.394685
204.9		0.394685
205		0.394685
205.1		0.395163
205.2		0.395163
205.3		0.395163
205.4		0.395163
205.5		0.395163
205.6		0.395163
205.7		0.395163
205.8		0.395163
205.9		0.395163
206		0.395163
206.1		0.395858
206.2		0.395858
206.3		0.395858
206.4		0.395858
206.5		0.395858
206.6		0.395858
206.7		0.395858
206.8		0.395858
206.9		0.395858
207		0.395858
207.1		0.398376
207.2		0.398376
207.3		0.398376
207.4		0.398376
207.5		0.398376
207.6		0.398376
207.7		0.398376
207.8		0.398376
207.9		0.398376
208		0.398376
208.1		0.400026
208.2		0.400026
208.3		0.400026
208.4		0.400026
208.5		0.400026
208.6		0.400026
208.7		0.400026
208.8		0.400026
208.9		0.400026
209		0.400026
209.1		0.40363
209.2		0.40363
209.3		0.40363
209.4		0.40363
209.5		0.40363
209.6		0.40363
209.7		0.40363
209.8		0.40363
209.9		0.40363
210		0.40363
210.1		0.404368
210.2		0.404368
210.3		0.404368
210.4		0.404368
210.5		0.404368
210.6		0.404368
210.7		0.404368
210.8		0.404368
210.9		0.404368
211		0.404368
211.1		0.406886
211.2		0.406886
211.3		0.406886
211.4		0.406886
211.5		0.406886
211.6		0.406886
211.7		0.406886
211.8		0.406886
211.9		0.406886
212		0.406886
212.1		0.408059
212.2		0.408059
212.3		0.408059
212.4		0.408059
212.5		0.408059
212.6		0.408059
212.7		0.408059
212.8		0.408059
212.9		0.408059
213		0.408059
213.1		0.409969
213.2		0.409969
213.3		0.409969
213.4		0.409969
213.5		0.409969
213.6		0.409969
213.7		0.409969
213.8		0.409969
213.9		0.409969
214		0.409969
214.1		0.412574
214.2		0.412574
214.3		0.412574
214.4		0.412574
214.5		0.412574
214.6		0.412574
214.7		0.412574
214.8		0.412574
214.9		0.412574
215		0.412574
215.1		0.41518
215.2		0.41518
215.3		0.41518
215.4		0.41518
215.5		0.41518
215.6		0.41518
215.7		0.41518
215.8		0.41518
215.9		0.41518
216		0.41518
216.1		0.417872
216.2		0.417872
216.3		0.417872
216.4		0.417872
216.5		0.417872
216.6		0.417872
216.7		0.417872
216.8		0.417872
216.9		0.417872
217		0.417872
217.1		0.418393
217.2		0.418393
217.3		0.418393
217.4		0.418393
217.5		0.418393
217.6		0.418393
217.7		0.418393
217.8		0.418393
217.9		0.418393
218		0.418393
218.1		0.418566
218.2		0.418566
218.3		0.418566
218.4		0.418566
218.5		0.418566
218.6		0.418566
218.7		0.418566
218.8		0.418566
218.9		0.418566
219		0.418566
219.1		0.425253
219.2		0.425253
219.3		0.425253
219.4		0.425253
219.5		0.425253
219.6		0.425253
219.7		0.425253
219.8		0.425253
219.9		0.425253
220		0.425253
220.1		0.426078
220.2		0.426078
220.3		0.426078
220.4		0.426078
220.5		0.426078
220.6		0.426078
220.7		0.426078
220.8		0.426078
220.9		0.426078
221		0.426078
221.1		0.42877
221.2		0.42877
221.3		0.42877
221.4		0.42877
221.5		0.42877
221.6		0.42877
221.7		0.42877
221.8		0.42877
221.9		0.42877
222		0.42877
222.1		0.429334
222.2		0.429334
222.3		0.429334
222.4		0.429334
222.5		0.429334
222.6		0.429334
222.7		0.429334
222.8		0.429334
222.9		0.429334
223		0.429334
223.1		0.429465
223.2		0.429465
223.3		0.429465
223.4		0.429465
223.5		0.429465
223.6		0.429465
223.7		0.429465
223.8		0.429465
223.9		0.429465
224		0.429465
224.1		0.429899
224.2		0.429899
224.3		0.429899
224.4		0.429899
224.5		0.429899
224.6		0.429899
224.7		0.429899
224.8		0.429899
224.9		0.429899
225		0.429899
225.1		0.435283
225.2		0.435283
225.3		0.435283
225.4		0.435283
225.5		0.435283
225.6		0.435283
225.7		0.435283
225.8		0.435283
225.9		0.435283
226		0.435283
226.1		0.438149
226.2		0.438149
226.3		0.438149
226.4		0.438149
226.5		0.438149
226.6		0.438149
226.7		0.438149
226.8		0.438149
226.9		0.438149
227		0.438149
227.1		0.43893
227.2		0.43893
227.3		0.43893
227.4		0.43893
227.5		0.43893
227.6		0.43893
227.7		0.43893
227.8		0.43893
227.9		0.43893
228		0.43893
228.1		0.439104
228.2		0.439104
228.3		0.439104
228.4		0.439104
228.5		0.439104
228.6		0.439104
228.7		0.439104
228.8		0.439104
228.9		0.439104
229		0.439104
229.1		0.440797
229.2		0.440797
229.3		0.440797
229.4		0.440797
229.5		0.440797
229.6		0.440797
229.7		0.440797
229.8		0.440797
229.9		0.440797
230		0.440797
230.1		0.446355
230.2		0.446355
230.3		0.446355
230.4		0.446355
230.5		0.446355
230.6		0.446355
230.7		0.446355
230.8		0.446355
230.9		0.446355
231		0.446355
231.1		0.446833
231.2		0.446833
231.3		0.446833
231.4		0.446833
231.5		0.446833
231.6		0.446833
231.7		0.446833
231.8		0.446833
231.9		0.446833
232		0.446833
232.1		0.447658
232.2		0.447658
232.3		0.447658
232.4		0.447658
232.5		0.447658
232.6		0.447658
232.7		0.447658
232.8		0.447658
232.9		0.447658
233		0.447658
233.1		0.448352
233.2		0.448352
233.3		0.448352
233.4		0.448352
233.5		0.448352
233.6		0.448352
233.7		0.448352
233.8		0.448352
233.9		0.448352
234		0.448352
234.1		0.453693
234.2		0.453693
234.3		0.453693
234.4		0.453693
234.5		0.453693
234.6		0.453693
234.7		0.453693
234.8		0.453693
234.9		0.453693
235		0.453693
235.1		0.455734
235.2		0.455734
235.3		0.455734
235.4		0.455734
235.5		0.455734
235.6		0.455734
235.7		0.455734
235.8		0.455734
235.9		0.455734
236		0.455734
236.1		0.457731
236.2		0.457731
236.3		0.457731
236.4		0.457731
236.5		0.457731
236.6		0.457731
236.7		0.457731
236.8		0.457731
236.9		0.457731
237		0.457731
237.1		0.45912
237.2		0.45912
237.3		0.45912
237.4		0.45912
237.5		0.45912
237.6		0.45912
237.7		0.45912
237.8		0.45912
237.9		0.45912
238		0.45912
238.1		0.460727
238.2		0.460727
238.3		0.460727
238.4		0.460727
238.5		0.460727
238.6		0.460727
238.7		0.460727
238.8		0.460727
238.9		0.460727
239		0.460727
239.1		0.465546
239.2		0.465546
239.3		0.465546
239.4		0.465546
239.5		0.465546
239.6		0.465546
239.7		0.465546
239.8		0.465546
239.9		0.465546
240		0.465546
240.1		0.466285
240.2		0.466285
240.3		0.466285
240.4		0.466285
240.5		0.466285
240.6		0.466285
240.7		0.466285
240.8		0.466285
240.9		0.466285
241		0.466285
241.1		0.466936
241.2		0.466936
241.3		0.466936
241.4		0.466936
241.5		0.466936
241.6		0.466936
241.7		0.466936
241.8		0.466936
241.9		0.466936
242		0.466936
242.1		0.467978
242.2		0.467978
242.3		0.467978
242.4		0.467978
242.5		0.467978
242.6		0.467978
242.7		0.467978
242.8		0.467978
242.9		0.467978
243		0.467978
243.1		0.471973
243.2		0.471973
243.3		0.471973
243.4		0.471973
243.5		0.471973
243.6		0.471973
243.7		0.471973
243.8		0.471973
243.9		0.471973
244		0.471973
244.1		0.474708
244.2		0.474708
244.3		0.474708
244.4		0.474708
244.5		0.474708
244.6		0.474708
244.7		0.474708
244.8		0.474708
244.9		0.474708
245		0.474708
245.1		0.4774
245.2		0.4774
245.3		0.4774
245.4		0.4774
245.5		0.4774
245.6		0.4774
245.7		0.4774
245.8		0.4774
245.9		0.4774
246		0.4774
246.1		0.478833
246.2		0.478833
246.3		0.478833
246.4		0.478833
246.5		0.478833
246.6		0.478833
246.7		0.478833
246.8		0.478833
246.9		0.478833
247		0.478833
247.1		0.479267
247.2		0.479267
247.3		0.479267
247.4		0.479267
247.5		0.479267
247.6		0.479267
247.7		0.479267
247.8		0.479267
247.9		0.479267
248		0.479267
248.1		0.48261
248.2		0.48261
248.3		0.48261
248.4		0.48261
248.5		0.48261
248.6		0.48261
248.7		0.48261
248.8		0.48261
248.9		0.48261
249		0.48261
249.1		0.484825
249.2		0.484825
249.3		0.484825
249.4		0.484825
249.5		0.484825
249.6		0.484825
249.7		0.484825
249.8		0.484825
249.9		0.484825
250		0.484825
250.1		0.48552
250.2		0.48552
250.3		0.48552
250.4		0.48552
250.5		0.48552
250.6		0.48552
250.7		0.48552
250.8		0.48552
250.9		0.48552
251		0.48552
251.1		0.487908
251.2		0.487908
251.3		0.487908
251.4		0.487908
251.5		0.487908
251.6		0.487908
251.7		0.487908
251.8		0.487908
251.9		0.487908
252		0.487908
252.1		0.492206
252.2		0.492206
252.3		0.492206
252.4		0.492206
252.5		0.492206
252.6		0.492206
252.7		0.492206
252.8		0.492206
252.9		0.492206
253		0.492206
253.1		0.493075
253.2		0.493075
253.3		0.493075
253.4		0.493075
253.5		0.493075
253.6		0.493075
253.7		0.493075
253.8		0.493075
253.9		0.493075
254		0.493075
254.1		0.493509
254.2		0.493509
254.3		0.493509
254.4		0.493509
254.5		0.493509
254.6		0.493509
254.7		0.493509
254.8		0.493509
254.9		0.493509
255		0.493509
255.1		0.494985
255.2		0.494985
255.3		0.494985
255.4		0.494985
255.5		0.494985
255.6		0.494985
255.7		0.494985
255.8		0.494985
255.9		0.494985
256		0.494985
256.1		0.498242
256.2		0.498242
256.3		0.498242
256.4		0.498242
256.5		0.498242
256.6		0.498242
256.7		0.498242
256.8		0.498242
256.9		0.498242
257		0.498242
257.1		0.500673
257.2		0.500673
257.3		0.500673
257.4		0.500673
257.5		0.500673
257.6		0.500673
257.7		0.500673
257.8		0.500673
257.9		0.500673
258		0.500673
258.1		0.50228
258.2		0.50228
258.3		0.50228
258.4		0.50228
258.5		0.50228
258.6		0.50228
258.7		0.50228
258.8		0.50228
258.9		0.50228
259		0.50228
259.1		0.502974
259.2		0.502974
259.3		0.502974
259.4		0.502974
259.5		0.502974
259.6		0.502974
259.7		0.502974
259.8		0.502974
259.9		0.502974
260		0.502974
260.1		0.507837
260.2		0.507837
260.3		0.507837
260.4		0.507837
260.5		0.507837
260.6		0.507837
260.7		0.507837
260.8		0.507837
260.9		0.507837
261		0.507837
261.1		0.507881
261.2		0.507881
261.3		0.507881
261.4		0.507881
261.5		0.507881
261.6		0.507881
261.7		0.507881
261.8		0.507881
261.9		0.507881
262		0.507881
262.1		0.507968
262.2		0.507968
262.3		0.507968
262.4		0.507968
262.5		0.507968
262.6		0.507968
262.7		0.507968
262.8		0.507968
262.9		0.507968
263		0.507968
263.1		0.509574
263.2		0.509574
263.3		0.509574
263.4		0.509574
263.5		0.509574
263.6		0.509574
263.7		0.509574
263.8		0.509574
263.9		0.509574
264		0.509574
264.1		0.516087
264.2		0.516087
264.3		0.516087
264.4		0.516087
264.5		0.516087
264.6		0.516087
264.7		0.516087
264.8		0.516087
264.9		0.516087
265		0.516087
265.1		0.517086
265.2		0.517086
265.3		0.517086
265.4		0.517086
265.5		0.517086
265.6		0.517086
265.7		0.517086
265.8		0.517086
265.9		0.517086
266		0.517086
266.1		0.519257
266.2		0.519257
266.3		0.519257
266.4		0.519257
266.5		0.519257
266.6		0.519257
266.7		0.519257
266.8		0.519257
266.9		0.519257
267		0.519257
267.1		0.519474
267.2		0.519474
267.3		0.519474
267.4		0.519474
267.5		0.519474
267.6		0.519474
267.7		0.519474
267.8		0.519474
267.9		0.519474
268		0.519474
268.1		0.524424
268.2		0.524424
268.3		0.524424
268.4		0.524424
268.5		0.524424
268.6		0.524424
268.7		0.524424
268.8		0.524424
268.9		0.524424
269		0.524424
269.1		0.525553
269.2		0.525553
269.3		0.525553
269.4		0.525553
269.5		0.525553
269.6		0.525553
269.7		0.525553
269.8		0.525553
269.9		0.525553
270		0.525553
270.1		0.527463
270.2		0.527463
270.3		0.527463
270.4		0.527463
270.5		0.527463
270.6		0.527463
270.7		0.527463
270.8		0.527463
270.9		0.527463
271		0.527463
271.1		0.52768
271.2		0.52768
271.3		0.52768
271.4		0.52768
271.5		0.52768
271.6		0.52768
271.7		0.52768
271.8		0.52768
271.9		0.52768
272		0.52768
272.1		0.530937
272.2		0.530937
272.3		0.530937
272.4		0.530937
272.5		0.530937
272.6		0.530937
272.7		0.530937
272.8		0.530937
272.9		0.530937
273		0.530937
273.1		0.533715
273.2		0.533715
273.3		0.533715
273.4		0.533715
273.5		0.533715
273.6		0.533715
273.7		0.533715
273.8		0.533715
273.9		0.533715
274		0.533715
274.1		0.535886
274.2		0.535886
274.3		0.535886
274.4		0.535886
274.5		0.535886
274.6		0.535886
274.7		0.535886
274.8		0.535886
274.9		0.535886
275		0.535886
275.1		0.538101
275.2		0.538101
275.3		0.538101
275.4		0.538101
275.5		0.538101
275.6		0.538101
275.7		0.538101
275.8		0.538101
275.9		0.538101
276		0.538101
276.1		0.539924
276.2		0.539924
276.3		0.539924
276.4		0.539924
276.5		0.539924
276.6		0.539924
276.7		0.539924
276.8		0.539924
276.9		0.539924
277		0.539924
277.1		0.541791
277.2		0.541791
277.3		0.541791
277.4		0.541791
277.5		0.541791
277.6		0.541791
277.7		0.541791
277.8		0.541791
277.9		0.541791
278		0.541791
278.1		0.542269
278.2		0.542269
278.3		0.542269
278.4		0.542269
278.5		0.542269
278.6		0.542269
278.7		0.542269
278.8		0.542269
278.9		0.542269
279		0.542269
279.1		0.543528
279.2		0.543528
279.3		0.543528
279.4		0.543528
279.5		0.543528
279.6		0.543528
279.7		0.543528
279.8		0.543528
279.9		0.543528
280		0.543528
280.1		0.546047
280.2		0.546047
280.3		0.546047
280.4		0.546047
280.5		0.546047
280.6		0.546047
280.7		0.546047
280.8		0.546047
280.9		0.546047
281		0.546047
281.1		0.54965
281.2		0.54965
281.3		0.54965
281.4		0.54965
281.5		0.54965
281.6		0.54965
281.7		0.54965
281.8		0.54965
281.9		0.54965
282		0.54965
282.1		0.5513
282.2		0.5513
282.3		0.5513
282.4		0.5513
282.5		0.5513
282.6		0.5513
282.7		0.5513
282.8		0.5513
282.9		0.5513
283		0.5513
283.1		0.554166
283.2		0.554166
283.3		0.554166
283.4		0.554166
283.5		0.554166
283.6		0.554166
283.7		0.554166
283.8		0.554166
283.9		0.554166
284		0.554166
284.1		0.558855
284.2		0.558855
284.3		0.558855
284.4		0.558855
284.5		0.558855
284.6		0.558855
284.7		0.558855
284.8		0.558855
284.9		0.558855
285		0.558855
285.1		0.559594
285.2		0.559594
285.3		0.559594
285.4		0.559594
285.5		0.559594
285.6		0.559594
285.7		0.559594
285.8		0.559594
285.9		0.559594
286		0.559594
286.1		0.563762
286.2		0.563762
286.3		0.563762
286.4		0.563762
286.5		0.563762
286.6		0.563762
286.7		0.563762
286.8		0.563762
286.9		0.563762
287		0.563762
287.1		0.565586
287.2		0.565586
287.3		0.565586
287.4		0.565586
287.5		0.565586
287.6		0.565586
287.7		0.565586
287.8		0.565586
287.9		0.565586
288		0.565586
288.1		0.56628
288.2		0.56628
288.3		0.56628
288.4		0.56628
288.5		0.56628
288.6		0.56628
288.7		0.56628
288.8		0.56628
288.9		0.56628
289		0.56628
289.1		0.567149
289.2		0.567149
289.3		0.567149
289.4		0.567149
289.5		0.567149
289.6		0.567149
289.7		0.567149
289.8		0.567149
289.9		0.567149
290		0.567149
290.1		0.56958
290.2		0.56958
290.3		0.56958
290.4		0.56958
290.5		0.56958
290.6		0.56958
290.7		0.56958
290.8		0.56958
290.9		0.56958
291		0.56958
291.1		0.57301
291.2		0.57301
291.3		0.57301
291.4		0.57301
291.5		0.57301
291.6		0.57301
291.7		0.57301
291.8		0.57301
291.9		0.57301
292		0.57301
292.1		0.57301
292.2		0.57301
292.3		0.57301
292.4		0.57301
292.5		0.57301
292.6		0.57301
292.7		0.57301
292.8		0.57301
292.9		0.57301
293		0.57301
293.1		0.573792
293.2		0.573792
293.3		0.573792
293.4		0.573792
293.5		0.573792
293.6		0.573792
293.7		0.573792
293.8		0.573792
293.9		0.573792
294		0.573792
294.1		0.57631
294.2		0.57631
294.3		0.57631
294.4		0.57631
294.5		0.57631
294.6		0.57631
294.7		0.57631
294.8		0.57631
294.9		0.57631
295		0.57631
295.1		0.577048
295.2		0.577048
295.3		0.577048
295.4		0.577048
295.5		0.577048
295.6		0.577048
295.7		0.577048
295.8		0.577048
295.9		0.577048
296		0.577048
296.1		0.583214
296.2		0.583214
296.3		0.583214
296.4		0.583214
296.5		0.583214
296.6		0.583214
296.7		0.583214
296.8		0.583214
296.9		0.583214
297		0.583214
297.1		0.585038
297.2		0.585038
297.3		0.585038
297.4		0.585038
297.5		0.585038
297.6		0.585038
297.7		0.585038
297.8		0.585038
297.9		0.585038
298		0.585038
298.1		0.585341
298.2		0.585341
298.3		0.585341
298.4		0.585341
298.5		0.585341
298.6		0.585341
298.7		0.585341
298.8		0.585341
298.9		0.585341
299		0.585341
299.1		0.592679
299.2		0.592679
299.3		0.592679
299.4		0.592679
299.5		0.592679
299.6		0.592679
299.7		0.592679
299.8		0.592679
299.9		0.592679
300		0.592679
300.1		0.593114
300.2		0.593114
300.3		0.593114
300.4		0.593114
300.5		0.593114
300.6		0.593114
300.7		0.593114
300.8		0.593114
300.9		0.593114
301		0.593114
301.1		0.594807
301.2		0.594807
301.3		0.594807
301.4		0.594807
301.5		0.594807
301.6		0.594807
301.7		0.594807
301.8		0.594807
301.9		0.594807
302		0.594807
302.1		0.60119
302.2		0.60119
302.3		0.60119
302.4		0.60119
302.5		0.60119
302.6		0.60119
302.7		0.60119
302.8		0.60119
302.9		0.60119
303		0.60119
303.1		0.602145
303.2		0.602145
303.3		0.602145
303.4		0.602145
303.5		0.602145
303.6		0.602145
303.7		0.602145
303.8		0.602145
303.9		0.602145
304		0.602145
304.1		0.603578
304.2		0.603578
304.3		0.603578
304.4		0.603578
304.5		0.603578
304.6		0.603578
304.7		0.603578
304.8		0.603578
304.9		0.603578
305		0.603578
305.1		0.606313
305.2		0.606313
305.3		0.606313
305.4		0.606313
305.5		0.606313
305.6		0.606313
305.7		0.606313
305.8		0.606313
305.9		0.606313
306		0.606313
306.1		0.609092
306.2		0.609092
306.3		0.609092
306.4		0.609092
306.5		0.609092
306.6		0.609092
306.7		0.609092
306.8		0.609092
306.9		0.609092
307		0.609092
307.1		0.610395
307.2		0.610395
307.3		0.610395
307.4		0.610395
307.5		0.610395
307.6		0.610395
307.7		0.610395
307.8		0.610395
307.9		0.610395
308		0.610395
308.1		0.610872
308.2		0.610872
308.3		0.610872
308.4		0.610872
308.5		0.610872
308.6		0.610872
308.7		0.610872
308.8		0.610872
308.9		0.610872
309		0.610872
309.1		0.612826
309.2		0.612826
309.3		0.612826
309.4		0.612826
309.5		0.612826
309.6		0.612826
309.7		0.612826
309.8		0.612826
309.9		0.612826
310		0.612826
310.1		0.619426
310.2		0.619426
310.3		0.619426
310.4		0.619426
310.5		0.619426
310.6		0.619426
310.7		0.619426
310.8		0.619426
310.9		0.619426
311		0.619426
311.1		0.620251
311.2		0.620251
311.3		0.620251
311.4		0.620251
311.5		0.620251
311.6		0.620251
311.7		0.620251
311.8		0.620251
311.9		0.620251
312		0.620251
312.1		0.621467
312.2		0.621467
312.3		0.621467
312.4		0.621467
312.5		0.621467
312.6		0.621467
312.7		0.621467
312.8		0.621467
312.9		0.621467
313		0.621467
313.1		0.621554
313.2		0.621554
313.3		0.621554
313.4		0.621554
313.5		0.621554
313.6		0.621554
313.7		0.621554
313.8		0.621554
313.9		0.621554
314		0.621554
314.1		0.624072
314.2		0.624072
314.3		0.624072
314.4		0.624072
314.5		0.624072
314.6		0.624072
314.7		0.624072
314.8		0.624072
314.9		0.624072
315		0.624072
315.1		0.629543
315.2		0.629543
315.3		0.629543
315.4		0.629543
315.5		0.629543
315.6		0.629543
315.7		0.629543
315.8		0.629543
315.9		0.629543
316		0.629543
316.1		0.629847
316.2		0.629847
316.3		0.629847
316.4		0.629847
316.5		0.629847
316.6		0.629847
316.7		0.629847
316.8		0.629847
316.9		0.629847
317		0.629847
317.1		0.63141
317.2		0.63141
317.3		0.63141
317.4		0.63141
317.5		0.63141
317.6		0.63141
317.7		0.63141
317.8		0.63141
317.9		0.63141
318		0.63141
318.1		0.634102
318.2		0.634102
318.3		0.634102
318.4		0.634102
318.5		0.634102
318.6		0.634102
318.7		0.634102
318.8		0.634102
318.9		0.634102
319		0.634102
319.1		0.634276
319.2		0.634276
319.3		0.634276
319.4		0.634276
319.5		0.634276
319.6		0.634276
319.7		0.634276
319.8		0.634276
319.9		0.634276
320		0.634276
320.1		0.636794
320.2		0.636794
320.3		0.636794
320.4		0.636794
320.5		0.636794
320.6		0.636794
320.7		0.636794
320.8		0.636794
320.9		0.636794
321		0.636794
321.1		0.639008
321.2		0.639008
321.3		0.639008
321.4		0.639008
321.5		0.639008
321.6		0.639008
321.7		0.639008
321.8		0.639008
321.9		0.639008
322		0.639008
322.1		0.640311
322.2		0.640311
322.3		0.640311
322.4		0.640311
322.5		0.640311
322.6		0.640311
322.7		0.640311
322.8		0.640311
322.9		0.640311
323		0.640311
323.1		0.642395
323.2		0.642395
323.3		0.642395
323.4		0.642395
323.5		0.642395
323.6		0.642395
323.7		0.642395
323.8		0.642395
323.9		0.642395
324		0.642395
324.1		0.64322
324.2		0.64322
324.3		0.64322
324.4		0.64322
324.5		0.64322
324.6		0.64322
324.7		0.64322
324.8		0.64322
324.9		0.64322
325		0.64322
325.1		0.64513
325.2		0.64513
325.3		0.64513
325.4		0.64513
325.5		0.64513
325.6		0.64513
325.7		0.64513
325.8		0.64513
325.9		0.64513
326		0.64513
326.1		0.647866
326.2		0.647866
326.3		0.647866
326.4		0.647866
326.5		0.647866
326.6		0.647866
326.7		0.647866
326.8		0.647866
326.9		0.647866
327		0.647866
327.1		0.648604
327.2		0.648604
327.3		0.648604
327.4		0.648604
327.5		0.648604
327.6		0.648604
327.7		0.648604
327.8		0.648604
327.9		0.648604
328		0.648604
328.1		0.654118
328.2		0.654118
328.3		0.654118
328.4		0.654118
328.5		0.654118
328.6		0.654118
328.7		0.654118
328.8		0.654118
328.9		0.654118
329		0.654118
329.1		0.654466
329.2		0.654466
329.3		0.654466
329.4		0.654466
329.5		0.654466
329.6		0.654466
329.7		0.654466
329.8		0.654466
329.9		0.654466
330		0.654466
330.1		0.654726
330.2		0.654726
330.3		0.654726
330.4		0.654726
330.5		0.654726
330.6		0.654726
330.7		0.654726
330.8		0.654726
330.9		0.654726
331		0.654726
331.1		0.655291
331.2		0.655291
331.3		0.655291
331.4		0.655291
331.5		0.655291
331.6		0.655291
331.7		0.655291
331.8		0.655291
331.9		0.655291
332		0.655291
332.1		0.660588
332.2		0.660588
332.3		0.660588
332.4		0.660588
332.5		0.660588
332.6		0.660588
332.7		0.660588
332.8		0.660588
332.9		0.660588
333		0.660588
333.1		0.660892
333.2		0.660892
333.3		0.660892
333.4		0.660892
333.5		0.660892
333.6		0.660892
333.7		0.660892
333.8		0.660892
333.9		0.660892
334		0.660892
334.1		0.664192
334.2		0.664192
334.3		0.664192
334.4		0.664192
334.5		0.664192
334.6		0.664192
334.7		0.664192
334.8		0.664192
334.9		0.664192
335		0.664192
335.1		0.664626
335.2		0.664626
335.3		0.664626
335.4		0.664626
335.5		0.664626
335.6		0.664626
335.7		0.664626
335.8		0.664626
335.9		0.664626
336		0.664626
336.1		0.670097
336.2		0.670097
336.3		0.670097
336.4		0.670097
336.5		0.670097
336.6		0.670097
336.7		0.670097
336.8		0.670097
336.9		0.670097
337		0.670097
337.1		0.670922
337.2		0.670922
337.3		0.670922
337.4		0.670922
337.5		0.670922
337.6		0.670922
337.7		0.670922
337.8		0.670922
337.9		0.670922
338		0.670922
338.1		0.671226
338.2		0.671226
338.3		0.671226
338.4		0.671226
338.5		0.671226
338.6		0.671226
338.7		0.671226
338.8		0.671226
338.9		0.671226
339		0.671226
339.1		0.678651
339.2		0.678651
339.3		0.678651
339.4		0.678651
339.5		0.678651
339.6		0.678651
339.7		0.678651
339.8		0.678651
339.9		0.678651
340		0.678651
340.1		0.679519
340.2		0.679519
340.3		0.679519
340.4		0.679519
340.5		0.679519
340.6		0.679519
340.7		0.679519
340.8		0.679519
340.9		0.679519
341		0.679519
341.1		0.682385
341.2		0.682385
341.3		0.682385
341.4		0.682385
341.5		0.682385
341.6		0.682385
341.7		0.682385
341.8		0.682385
341.9		0.682385
342		0.682385
342.1		0.685858
342.2		0.685858
342.3		0.685858
342.4		0.685858
342.5		0.685858
342.6		0.685858
342.7		0.685858
342.8		0.685858
342.9		0.685858
343		0.685858
343.1		0.686727
343.2		0.686727
343.3		0.686727
343.4		0.686727
343.5		0.686727
343.6		0.686727
343.7		0.686727
343.8		0.686727
343.9		0.686727
344		0.686727
344.1		0.689158
344.2		0.689158
344.3		0.689158
344.4		0.689158
344.5		0.689158
344.6		0.689158
344.7		0.689158
344.8		0.689158
344.9		0.689158
345		0.689158
345.1		0.693457
345.2		0.693457
345.3		0.693457
345.4		0.693457
345.5		0.693457
345.6		0.693457
345.7		0.693457
345.8		0.693457
345.9		0.693457
346		0.693457
346.1		0.694716
346.2		0.694716
346.3		0.694716
346.4		0.694716
346.5		0.694716
346.6		0.694716
346.7		0.694716
346.8		0.694716
346.9		0.694716
347		0.694716
347.1		0.697017
347.2		0.697017
347.3		0.697017
347.4		0.697017
347.5		0.697017
347.6		0.697017
347.7		0.697017
347.8		0.697017
347.9		0.697017
348		0.697017
348.1		0.697017
348.2		0.697017
348.3		0.697017
348.4		0.697017
348.5		0.697017
348.6		0.697017
348.7		0.697017
348.8		0.697017
348.9		0.697017
349		0.697017
349.1		0.698016
349.2		0.698016
349.3		0.698016
349.4		0.698016
349.5		0.698016
349.6		0.698016
349.7		0.698016
349.8		0.698016
349.9		0.698016
350		0.698016
350.1		0.701446
350.2		0.701446
350.3		0.701446
350.4		0.701446
350.5		0.701446
350.6		0.701446
350.7		0.701446
350.8		0.701446
350.9		0.701446
351		0.701446
351.1		0.701663
351.2		0.701663
351.3		0.701663
351.4		0.701663
351.5		0.701663
351.6		0.701663
351.7		0.701663
351.8		0.701663
351.9		0.701663
352		0.701663
352.1		0.708393
352.2		0.708393
352.3		0.708393
352.4		0.708393
352.5		0.708393
352.6		0.708393
352.7		0.708393
352.8		0.708393
352.9		0.708393
353		0.708393
353.1		0.708784
353.2		0.708784
353.3		0.708784
353.4		0.708784
353.5		0.708784
353.6		0.708784
353.7		0.708784
353.8		0.708784
353.9		0.708784
354		0.708784
354.1		0.711389
354.2		0.711389
354.3		0.711389
354.4		0.711389
354.5		0.711389
354.6		0.711389
354.7		0.711389
354.8		0.711389
354.9		0.711389
355		0.711389
355.1		0.715688
355.2		0.715688
355.3		0.715688
355.4		0.715688
355.5		0.715688
355.6		0.715688
355.7		0.715688
355.8		0.715688
355.9		0.715688
356		0.715688
356.1		0.717598
356.2		0.717598
356.3		0.717598
356.4		0.717598
356.5		0.717598
356.6		0.717598
356.7		0.717598
356.8		0.717598
356.9		0.717598
357		0.717598
357.1		0.718423
357.2		0.718423
357.3		0.718423
357.4		0.718423
357.5		0.718423
357.6		0.718423
357.7		0.718423
357.8		0.718423
357.9		0.718423
358		0.718423
358.1		0.72524
358.2		0.72524
358.3		0.72524
358.4		0.72524
358.5		0.72524
358.6		0.72524
358.7		0.72524
358.8		0.72524
358.9		0.72524
359		0.72524
359.1		0.727064
359.2		0.727064
359.3		0.727064
359.4		0.727064
359.5		0.727064
359.6		0.727064
359.7		0.727064
359.8		0.727064
359.9		0.727064
360		0.727064
360.1		0.727541
360.2		0.727541
360.3		0.727541
360.4		0.727541
360.5		0.727541
360.6		0.727541
360.7		0.727541
360.8		0.727541
360.9		0.727541
361		0.727541
361.1		0.729625
361.2		0.729625
361.3		0.729625
361.4		0.729625
361.5		0.729625
361.6		0.729625
361.7		0.729625
361.8		0.729625
361.9		0.729625
362		0.729625
362.1		0.733229
362.2		0.733229
362.3		0.733229
362.4		0.733229
362.5		0.733229
362.6		0.733229
362.7		0.733229
362.8		0.733229
362.9		0.733229
363		0.733229
363.1		0.737484
363.2		0.737484
363.3		0.737484
363.4		0.737484
363.5		0.737484
363.6		0.737484
363.7		0.737484
363.8		0.737484
363.9		0.737484
364		0.737484
364.1		0.737788
364.2		0.737788
364.3		0.737788
364.4		0.737788
364.5		0.737788
364.6		0.737788
364.7		0.737788
364.8		0.737788
364.9		0.737788
365		0.737788
365.1		0.738483
365.2		0.738483
365.3		0.738483
365.4		0.738483
365.5		0.738483
365.6		0.738483
365.7		0.738483
365.8		0.738483
365.9		0.738483
366		0.738483
366.1		0.739568
366.2		0.739568
366.3		0.739568
366.4		0.739568
366.5		0.739568
366.6		0.739568
366.7		0.739568
366.8		0.739568
366.9		0.739568
367		0.739568
367.1		0.74352
367.2		0.74352
367.3		0.74352
367.4		0.74352
367.5		0.74352
367.6		0.74352
367.7		0.74352
367.8		0.74352
367.9		0.74352
368		0.74352
368.1		0.746385
368.2		0.746385
368.3		0.746385
368.4		0.746385
368.5		0.746385
368.6		0.746385
368.7		0.746385
368.8		0.746385
368.9		0.746385
369		0.746385
369.1		0.747992
369.2		0.747992
369.3		0.747992
369.4		0.747992
369.5		0.747992
369.6		0.747992
369.7		0.747992
369.8		0.747992
369.9		0.747992
370		0.747992
370.1		0.748469
370.2		0.748469
370.3		0.748469
370.4		0.748469
370.5		0.748469
370.6		0.748469
370.7		0.748469
370.8		0.748469
370.9		0.748469
371		0.748469
371.1		0.749685
371.2		0.749685
371.3		0.749685
371.4		0.749685
371.5		0.749685
371.6		0.749685
371.7		0.749685
371.8		0.749685
371.9		0.749685
372		0.749685
372.1		0.755243
372.2		0.755243
372.3		0.755243
372.4		0.755243
372.5		0.755243
372.6		0.755243
372.7		0.755243
372.8		0.755243
372.9		0.755243
373		0.755243
373.1		0.756459
373.2		0.756459
373.3		0.756459
373.4		0.756459
373.5		0.756459
373.6		0.756459
373.7		0.756459
373.8		0.756459
373.9		0.756459
374		0.756459
374.1		0.760019
374.2		0.760019
374.3		0.760019
374.4		0.760019
374.5		0.760019
374.6		0.760019
374.7		0.760019
374.8		0.760019
374.9		0.760019
375		0.760019
375.1		0.760584
375.2		0.760584
375.3		0.760584
375.4		0.760584
375.5		0.760584
375.6		0.760584
375.7		0.760584
375.8		0.760584
375.9		0.760584
376		0.760584
376.1		0.764535
376.2		0.764535
376.3		0.764535
376.4		0.764535
376.5		0.764535
376.6		0.764535
376.7		0.764535
376.8		0.764535
376.9		0.764535
377		0.764535
377.1		0.765099
377.2		0.765099
377.3		0.765099
377.4		0.765099
377.5		0.765099
377.6		0.765099
377.7		0.765099
377.8		0.765099
377.9		0.765099
378		0.765099
378.1		0.76549
378.2		0.76549
378.3		0.76549
378.4		0.76549
378.5		0.76549
378.6		0.76549
378.7		0.76549
378.8		0.76549
378.9		0.76549
379		0.76549
379.1		0.767097
379.2		0.767097
379.3		0.767097
379.4		0.767097
379.5		0.767097
379.6		0.767097
379.7		0.767097
379.8		0.767097
379.9		0.767097
380		0.767097
380.1		0.770527
380.2		0.770527
380.3		0.770527
380.4		0.770527
380.5		0.770527
380.6		0.770527
380.7		0.770527
380.8		0.770527
380.9		0.770527
381		0.770527
381.1		0.771656
381.2		0.771656
381.3		0.771656
381.4		0.771656
381.5		0.771656
381.6		0.771656
381.7		0.771656
381.8		0.771656
381.9		0.771656
382		0.771656
382.1		0.773088
382.2		0.773088
382.3		0.773088
382.4		0.773088
382.5		0.773088
382.6		0.773088
382.7		0.773088
382.8		0.773088
382.9		0.773088
383		0.773088
383.1		0.774521
383.2		0.774521
383.3		0.774521
383.4		0.774521
383.5		0.774521
383.6		0.774521
383.7		0.774521
383.8		0.774521
383.9		0.774521
384		0.774521
384.1		0.776128
384.2		0.776128
384.3		0.776128
384.4		0.776128
384.5		0.776128
384.6		0.776128
384.7		0.776128
384.8		0.776128
384.9		0.776128
385		0.776128
385.1		0.779471
385.2		0.779471
385.3		0.779471
385.4		0.779471
385.5		0.779471
385.6		0.779471
385.7		0.779471
385.8		0.779471
385.9		0.779471
386		0.779471
386.1		0.781034
386.2		0.781034
386.3		0.781034
386.4		0.781034
386.5		0.781034
386.6		0.781034
386.7		0.781034
386.8		0.781034
386.9		0.781034
387		0.781034
387.1		0.782858
387.2		0.782858
387.3		0.782858
387.4		0.782858
387.5		0.782858
387.6		0.782858
387.7		0.782858
387.8		0.782858
387.9		0.782858
388		0.782858
388.1		0.783292
388.2		0.783292
388.3		0.783292
388.4		0.783292
388.5		0.783292
388.6		0.783292
388.7		0.783292
388.8		0.783292
388.9		0.783292
389		0.783292
389.1		0.785029
389.2		0.785029
389.3		0.785029
389.4		0.785029
389.5		0.785029
389.6		0.785029
389.7		0.785029
389.8		0.785029
389.9		0.785029
390		0.785029
390.1		0.788329
390.2		0.788329
390.3		0.788329
390.4		0.788329
390.5		0.788329
390.6		0.788329
390.7		0.788329
390.8		0.788329
390.9		0.788329
391		0.788329
391.1		0.788459
391.2		0.788459
391.3		0.788459
391.4		0.788459
391.5		0.788459
391.6		0.788459
391.7		0.788459
391.8		0.788459
391.9		0.788459
392		0.788459
392.1		0.790977
392.2		0.790977
392.3		0.790977
392.4		0.790977
392.5		0.790977
392.6		0.790977
392.7		0.790977
392.8		0.790977
392.9		0.790977
393		0.790977
393.1		0.792063
393.2		0.792063
393.3		0.792063
393.4		0.792063
393.5		0.792063
393.6		0.792063
393.7		0.792063
393.8		0.792063
393.9		0.792063
394		0.792063
394.1		0.795406
394.2		0.795406
394.3		0.795406
394.4		0.795406
394.5		0.795406
394.6		0.795406
394.7		0.795406
394.8		0.795406
394.9		0.795406
395		0.795406
395.1		0.798532
395.2		0.798532
395.3		0.798532
395.4		0.798532
395.5		0.798532
395.6		0.798532
395.7		0.798532
395.8		0.798532
395.9		0.798532
396		0.798532
396.1		0.799574
396.2		0.799574
396.3		0.799574
396.4		0.799574
396.5		0.799574
396.6		0.799574
396.7		0.799574
396.8		0.799574
396.9		0.799574
397		0.799574
397.1		0.801398
397.2		0.801398
397.3		0.801398
397.4		0.801398
397.5		0.801398
397.6		0.801398
397.7		0.801398
397.8		0.801398
397.9		0.801398
398		0.801398
398.1		0.80548
398.2		0.80548
398.3		0.80548
398.4		0.80548
398.5		0.80548
398.6		0.80548
398.7		0.80548
398.8		0.80548
398.9		0.80548
399		0.80548
399.1		0.80561
399.2		0.80561
399.3		0.80561
399.4		0.80561
399.5		0.80561
399.6		0.80561
399.7		0.80561
399.8		0.80561
399.9		0.80561
400		0.80561
400.1		0.805653
400.2		0.805653
400.3		0.805653
400.4		0.805653
400.5		0.805653
400.6		0.805653
400.7		0.805653
400.8		0.805653
400.9		0.805653
401		0.805653
401.1		0.809083
401.2		0.809083
401.3		0.809083
401.4		0.809083
401.5		0.809083
401.6		0.809083
401.7		0.809083
401.8		0.809083
401.9		0.809083
402		0.809083
402.1		0.812383
402.2		0.812383
402.3		0.812383
402.4		0.812383
402.5		0.812383
402.6		0.812383
402.7		0.812383
402.8		0.812383
402.9		0.812383
403		0.812383
403.1		0.815119
403.2		0.815119
403.3		0.815119
403.4		0.815119
403.5		0.815119
403.6		0.815119
403.7		0.815119
403.8		0.815119
403.9		0.815119
404		0.815119
404.1		0.815466
404.2		0.815466
404.3		0.815466
404.4		0.815466
404.5		0.815466
404.6		0.815466
404.7		0.815466
404.8		0.815466
404.9		0.815466
405		0.815466
405.1		0.815944
405.2		0.815944
405.3		0.815944
405.4		0.815944
405.5		0.815944
405.6		0.815944
405.7		0.815944
405.8		0.815944
405.9		0.815944
406		0.815944
406.1		0.820286
406.2		0.820286
406.3		0.820286
406.4		0.820286
406.5		0.820286
406.6		0.820286
406.7		0.820286
406.8		0.820286
406.9		0.820286
407		0.820286
407.1		0.821501
407.2		0.821501
407.3		0.821501
407.4		0.821501
407.5		0.821501
407.6		0.821501
407.7		0.821501
407.8		0.821501
407.9		0.821501
408		0.821501
408.1		0.823325
408.2		0.823325
408.3		0.823325
408.4		0.823325
408.5		0.823325
408.6		0.823325
408.7		0.823325
408.8		0.823325
408.9		0.823325
409		0.823325
409.1		0.824193
409.2		0.824193
409.3		0.824193
409.4		0.824193
409.5		0.824193
409.6		0.824193
409.7		0.824193
409.8		0.824193
409.9		0.824193
410		0.824193
410.1		0.829187
410.2		0.829187
410.3		0.829187
410.4		0.829187
410.5		0.829187
410.6		0.829187
410.7		0.829187
410.8		0.829187
410.9		0.829187
411		0.829187
411.1		0.829404
411.2		0.829404
411.3		0.829404
411.4		0.829404
411.5		0.829404
411.6		0.829404
411.7		0.829404
411.8		0.829404
411.9		0.829404
412		0.829404
412.1		0.829881
412.2		0.829881
412.3		0.829881
412.4		0.829881
412.5		0.829881
412.6		0.829881
412.7		0.829881
412.8		0.829881
412.9		0.829881
413		0.829881
413.1		0.831749
413.2		0.831749
413.3		0.831749
413.4		0.831749
413.5		0.831749
413.6		0.831749
413.7		0.831749
413.8		0.831749
413.9		0.831749
414		0.831749
414.1		0.836264
414.2		0.836264
414.3		0.836264
414.4		0.836264
414.5		0.836264
414.6		0.836264
414.7		0.836264
414.8		0.836264
414.9		0.836264
415		0.836264
415.1		0.838305
415.2		0.838305
415.3		0.838305
415.4		0.838305
415.5		0.838305
415.6		0.838305
415.7		0.838305
415.8		0.838305
415.9		0.838305
416		0.838305
416.1		0.839217
416.2		0.839217
416.3		0.839217
416.4		0.839217
416.5		0.839217
416.6		0.839217
416.7		0.839217
416.8		0.839217
416.9		0.839217
417		0.839217
417.1		0.840823
417.2		0.840823
417.3		0.840823
417.4		0.840823
417.5		0.840823
417.6		0.840823
417.7		0.840823
417.8		0.840823
417.9		0.840823
418		0.840823
418.1		0.844688
418.2		0.844688
418.3		0.844688
418.4		0.844688
418.5		0.844688
418.6		0.844688
418.7		0.844688
418.8		0.844688
418.9		0.844688
419		0.844688
419.1		0.84751
419.2		0.84751
419.3		0.84751
419.4		0.84751
419.5		0.84751
419.6		0.84751
419.7		0.84751
419.8		0.84751
419.9		0.84751
420		0.84751
420.1		0.848031
420.2		0.848031
420.3		0.848031
420.4		0.848031
420.5		0.848031
420.6		0.848031
420.7		0.848031
420.8		0.848031
420.9		0.848031
421		0.848031
421.1		0.848639
421.2		0.848639
421.3		0.848639
421.4		0.848639
421.5		0.848639
421.6		0.848639
421.7		0.848639
421.8		0.848639
421.9		0.848639
422		0.848639
422.1		0.852633
422.2		0.852633
422.3		0.852633
422.4		0.852633
422.5		0.852633
422.6		0.852633
422.7		0.852633
422.8		0.852633
422.9		0.852633
423		0.852633
423.1		0.852807
423.2		0.852807
423.3		0.852807
423.4		0.852807
423.5		0.852807
423.6		0.852807
423.7		0.852807
423.8		0.852807
423.9		0.852807
424		0.852807
424.1		0.855369
424.2		0.855369
424.3		0.855369
424.4		0.855369
424.5		0.855369
424.6		0.855369
424.7		0.855369
424.8		0.855369
424.9		0.855369
425		0.855369
425.1		0.858061
425.2		0.858061
425.3		0.858061
425.4		0.858061
425.5		0.858061
425.6		0.858061
425.7		0.858061
425.8		0.858061
425.9		0.858061
426		0.858061
426.1		0.858756
426.2		0.858756
426.3		0.858756
426.4		0.858756
426.5		0.858756
426.6		0.858756
426.7		0.858756
426.8		0.858756
426.9		0.858756
427		0.858756
427.1		0.861795
427.2		0.861795
427.3		0.861795
427.4		0.861795
427.5		0.861795
427.6		0.861795
427.7		0.861795
427.8		0.861795
427.9		0.861795
428		0.861795
428.1		0.863792
428.2		0.863792
428.3		0.863792
428.4		0.863792
428.5		0.863792
428.6		0.863792
428.7		0.863792
428.8		0.863792
428.9		0.863792
429		0.863792
429.1		0.864053
429.2		0.864053
429.3		0.864053
429.4		0.864053
429.5		0.864053
429.6		0.864053
429.7		0.864053
429.8		0.864053
429.9		0.864053
430		0.864053
430.1		0.864921
430.2		0.864921
430.3		0.864921
430.4		0.864921
430.5		0.864921
430.6		0.864921
430.7		0.864921
430.8		0.864921
430.9		0.864921
431		0.864921
431.1		0.867092
431.2		0.867092
431.3		0.867092
431.4		0.867092
431.5		0.867092
431.6		0.867092
431.7		0.867092
431.8		0.867092
431.9		0.867092
432		0.867092
432.1		0.872085
432.2		0.872085
432.3		0.872085
432.4		0.872085
432.5		0.872085
432.6		0.872085
432.7		0.872085
432.8		0.872085
432.9		0.872085
433		0.872085
433.1		0.874734
433.2		0.874734
433.3		0.874734
433.4		0.874734
433.5		0.874734
433.6		0.874734
433.7		0.874734
433.8		0.874734
433.9		0.874734
434		0.874734
434.1		0.875776
434.2		0.875776
434.3		0.875776
434.4		0.875776
434.5		0.875776
434.6		0.875776
434.7		0.875776
434.8		0.875776
434.9		0.875776
435		0.875776
435.1		0.875993
435.2		0.875993
435.3		0.875993
435.4		0.875993
435.5		0.875993
435.6		0.875993
435.7		0.875993
435.8		0.875993
435.9		0.875993
436		0.875993
436.1		0.879814
436.2		0.879814
436.3		0.879814
436.4		0.879814
436.5		0.879814
436.6		0.879814
436.7		0.879814
436.8		0.879814
436.9		0.879814
437		0.879814
437.1		0.880422
437.2		0.880422
437.3		0.880422
437.4		0.880422
437.5		0.880422
437.6		0.880422
437.7		0.880422
437.8		0.880422
437.9		0.880422
438		0.880422
438.1		0.88294
438.2		0.88294
438.3		0.88294
438.4		0.88294
438.5		0.88294
438.6		0.88294
438.7		0.88294
438.8		0.88294
438.9		0.88294
439		0.88294
439.1		0.883244
439.2		0.883244
439.3		0.883244
439.4		0.883244
439.5		0.883244
439.6		0.883244
439.7		0.883244
439.8		0.883244
439.9		0.883244
440		0.883244
440.1		0.888759
440.2		0.888759
440.3		0.888759
440.4		0.888759
440.5		0.888759
440.6		0.888759
440.7		0.888759
440.8		0.888759
440.9		0.888759
441		0.888759
441.1		0.888932
441.2		0.888932
441.3		0.888932
441.4		0.888932
441.5		0.888932
441.6		0.888932
441.7		0.888932
441.8		0.888932
441.9		0.888932
442		0.888932
442.1		0.890322
442.2		0.890322
442.3		0.890322
442.4		0.890322
442.5		0.890322
442.6		0.890322
442.7		0.890322
442.8		0.890322
442.9		0.890322
443		0.890322
443.1		0.891364
443.2		0.891364
443.3		0.891364
443.4		0.891364
443.5		0.891364
443.6		0.891364
443.7		0.891364
443.8		0.891364
443.9		0.891364
444		0.891364
444.1		0.896183
444.2		0.896183
444.3		0.896183
444.4		0.896183
444.5		0.896183
444.6		0.896183
444.7		0.896183
444.8		0.896183
444.9		0.896183
445		0.896183
445.1		0.898919
445.2		0.898919
445.3		0.898919
445.4		0.898919
445.5		0.898919
445.6		0.898919
445.7		0.898919
445.8		0.898919
445.9		0.898919
446		0.898919
446.1		0.899918
446.2		0.899918
446.3		0.899918
446.4		0.899918
446.5		0.899918
446.6		0.899918
446.7		0.899918
446.8		0.899918
446.9		0.899918
447		0.899918
447.1		0.900873
447.2		0.900873
447.3		0.900873
447.4		0.900873
447.5		0.900873
447.6		0.900873
447.7		0.900873
447.8		0.900873
447.9		0.900873
448		0.900873
448.1		0.903174
448.2		0.903174
448.3		0.903174
448.4		0.903174
448.5		0.903174
448.6		0.903174
448.7		0.903174
448.8		0.903174
448.9		0.903174
449		0.903174
449.1		0.90795
449.2		0.90795
449.3		0.90795
449.4		0.90795
449.5		0.90795
449.6		0.90795
449.7		0.90795
449.8		0.90795
449.9		0.90795
450		0.90795
450.1		0.908298
450.2		0.908298
450.3		0.908298
450.4		0.908298
450.5		0.908298
450.6		0.908298
450.7		0.908298
450.8		0.908298
450.9		0.908298
451		0.908298
451.1		0.911424
451.2		0.911424
451.3		0.911424
451.4		0.911424
451.5		0.911424
451.6		0.911424
451.7		0.911424
451.8		0.911424
451.9		0.911424
452		0.911424
452.1		0.911901
452.2		0.911901
452.3		0.911901
452.4		0.911901
452.5		0.911901
452.6		0.911901
452.7		0.911901
452.8		0.911901
452.9		0.911901
453		0.911901
453.1		0.914116
453.2		0.914116
453.3		0.914116
453.4		0.914116
453.5		0.914116
453.6		0.914116
453.7		0.914116
453.8		0.914116
453.9		0.914116
454		0.914116
454.1		0.917806
454.2		0.917806
454.3		0.917806
454.4		0.917806
454.5		0.917806
454.6		0.917806
454.7		0.917806
454.8		0.917806
454.9		0.917806
455		0.917806
455.1		0.918718
455.2		0.918718
455.3		0.918718
455.4		0.918718
455.5		0.918718
455.6		0.918718
455.7		0.918718
455.8		0.918718
455.9		0.918718
456		0.918718
456.1		0.922235
456.2		0.922235
456.3		0.922235
456.4		0.922235
456.5		0.922235
456.6		0.922235
456.7		0.922235
456.8		0.922235
456.9		0.922235
457		0.922235
457.1		0.925883
457.2		0.925883
457.3		0.925883
457.4		0.925883
457.5		0.925883
457.6		0.925883
457.7		0.925883
457.8		0.925883
457.9		0.925883
458		0.925883
458.1		0.926317
458.2		0.926317
458.3		0.926317
458.4		0.926317
458.5		0.926317
458.6		0.926317
458.7		0.926317
458.8		0.926317
458.9		0.926317
459		0.926317
459.1		0.929573
459.2		0.929573
459.3		0.929573
459.4		0.929573
459.5		0.929573
459.6		0.929573
459.7		0.929573
459.8		0.929573
459.9		0.929573
460		0.929573
460.1		0.930528
460.2		0.930528
460.3		0.930528
460.4		0.930528
460.5		0.930528
460.6		0.930528
460.7		0.930528
460.8		0.930528
460.9		0.930528
461		0.930528
461.1		0.930746
461.2		0.930746
461.3		0.930746
461.4		0.930746
461.5		0.930746
461.6		0.930746
461.7		0.930746
461.8		0.930746
461.9		0.930746
462		0.930746
462.1		0.931961
462.2		0.931961
462.3		0.931961
462.4		0.931961
462.5		0.931961
462.6		0.931961
462.7		0.931961
462.8		0.931961
462.9		0.931961
463		0.931961
463.1		0.935001
463.2		0.935001
463.3		0.935001
463.4		0.935001
463.5		0.935001
463.6		0.935001
463.7		0.935001
463.8		0.935001
463.9		0.935001
464		0.935001
464.1		0.935826
464.2		0.935826
464.3		0.935826
464.4		0.935826
464.5		0.935826
464.6		0.935826
464.7		0.935826
464.8		0.935826
464.9		0.935826
465		0.935826
465.1		0.937519
465.2		0.937519
465.3		0.937519
465.4		0.937519
465.5		0.937519
465.6		0.937519
465.7		0.937519
465.8		0.937519
465.9		0.937519
466		0.937519
466.1		0.943381
466.2		0.943381
466.3		0.943381
466.4		0.943381
466.5		0.943381
466.6		0.943381
466.7		0.943381
466.8		0.943381
466.9		0.943381
467		0.943381
467.1		0.943511
467.2		0.943511
467.3		0.943511
467.4		0.943511
467.5		0.943511
467.6		0.943511
467.7		0.943511
467.8		0.943511
467.9		0.943511
468		0.943511
468.1		0.943771
468.2		0.943771
468.3		0.943771
468.4		0.943771
468.5		0.943771
468.6		0.943771
468.7		0.943771
468.8		0.943771
468.9		0.943771
469		0.943771
469.1		0.945378
469.2		0.945378
469.3		0.945378
469.4		0.945378
469.5		0.945378
469.6		0.945378
469.7		0.945378
469.8		0.945378
469.9		0.945378
470		0.945378
470.1		0.950979
470.2		0.950979
470.3		0.950979
470.4		0.950979
470.5		0.950979
470.6		0.950979
470.7		0.950979
470.8		0.950979
470.9		0.950979
471		0.950979
471.1		0.952151
471.2		0.952151
471.3		0.952151
471.4		0.952151
471.5		0.952151
471.6		0.952151
471.7		0.952151
471.8		0.952151
471.9		0.952151
472		0.952151
472.1		0.953671
472.2		0.953671
472.3		0.953671
472.4		0.953671
472.5		0.953671
472.6		0.953671
472.7		0.953671
472.8		0.953671
472.9		0.953671
473		0.953671
473.1		0.954018
473.2		0.954018
473.3		0.954018
473.4		0.954018
473.5		0.954018
473.6		0.954018
473.7		0.954018
473.8		0.954018
473.9		0.954018
474		0.954018
474.1		0.958013
474.2		0.958013
474.3		0.958013
474.4		0.958013
474.5		0.958013
474.6		0.958013
474.7		0.958013
474.8		0.958013
474.9		0.958013
475		0.958013
475.1		0.959403
475.2		0.959403
475.3		0.959403
475.4		0.959403
475.5		0.959403
475.6		0.959403
475.7		0.959403
475.8		0.959403
475.9		0.959403
476		0.959403
476.1		0.960531
476.2		0.960531
476.3		0.960531
476.4		0.960531
476.5		0.960531
476.6		0.960531
476.7		0.960531
476.8		0.960531
476.9		0.960531
477		0.960531
477.1		0.961791
477.2		0.961791
477.3		0.961791
477.4		0.961791
477.5		0.961791
477.6		0.961791
477.7		0.961791
477.8		0.961791
477.9		0.961791
478		0.961791
478.1		0.962746
478.2		0.962746
478.3		0.962746
478.4		0.962746
478.5		0.962746
478.6		0.962746
478.7		0.962746
478.8		0.962746
478.9		0.962746
479		0.962746
479.1		0.966002
479.2		0.966002
479.3		0.966002
479.4		0.966002
479.5		0.966002
479.6		0.966002
479.7		0.966002
479.8		0.966002
479.9		0.966002
480		0.966002
480.1		0.967739
480.2		0.967739
480.3		0.967739
480.4		0.967739
480.5		0.967739
480.6		0.967739
480.7		0.967739
480.8		0.967739
480.9		0.967739
481		0.967739
481.1		0.970344
481.2		0.970344
481.3		0.970344
481.4		0.970344
481.5		0.970344
481.6		0.970344
481.7		0.970344
481.8		0.970344
481.9		0.970344
482		0.970344
482.1		0.971864
482.2		0.971864
482.3		0.971864
482.4		0.971864
482.5		0.971864
482.6		0.971864
482.7		0.971864
482.8		0.971864
482.9		0.971864
483		0.971864
483.1		0.974643
483.2		0.974643
483.3		0.974643
483.4		0.974643
483.5		0.974643
483.6		0.974643
483.7		0.974643
483.8		0.974643
483.9		0.974643
484		0.974643
484.1		0.974947
484.2		0.974947
484.3		0.974947
484.4		0.974947
484.5		0.974947
484.6		0.974947
484.7		0.974947
484.8		0.974947
484.9		0.974947
485		0.974947
485.1		0.977726
485.2		0.977726
485.3		0.977726
485.4		0.977726
485.5		0.977726
485.6		0.977726
485.7		0.977726
485.8		0.977726
485.9		0.977726
486		0.977726
486.1		0.980201
486.2		0.980201
486.3		0.980201
486.4		0.980201
486.5		0.980201
486.6		0.980201
486.7		0.980201
486.8		0.980201
486.9		0.980201
487		0.980201
487.1		0.982241
487.2		0.982241
487.3		0.982241
487.4		0.982241
487.5		0.982241
487.6		0.982241
487.7		0.982241
487.8		0.982241
487.9		0.982241
488		0.982241
488.1		0.983544
488.2		0.983544
488.3		0.983544
488.4		0.983544
488.5		0.983544
488.6		0.983544
488.7		0.983544
488.8		0.983544
488.9		0.983544
489		0.983544
489.1		0.986019
489.2		0.986019
489.3		0.986019
489.4		0.986019
489.5		0.986019
489.6		0.986019
489.7		0.986019
489.8		0.986019
489.9		0.986019
490		0.986019
490.1		0.98654
490.2		0.98654
490.3		0.98654
490.4		0.98654
490.5		0.98654
490.6		0.98654
490.7		0.98654
490.8		0.98654
490.9		0.98654
491		0.98654
491.1		0.990404
491.2		0.990404
491.3		0.990404
491.4		0.990404
491.5		0.990404
491.6		0.990404
491.7		0.990404
491.8		0.990404
491.9		0.990404
492		0.990404
492.1		0.991663
492.2		0.991663
492.3		0.991663
492.4		0.991663
492.5		0.991663
492.6		0.991663
492.7		0.991663
492.8		0.991663
492.9		0.991663
493		0.991663
493.1		0.992445
493.2		0.992445
493.3		0.992445
493.4		0.992445
493.5		0.992445
493.6		0.992445
493.7		0.992445
493.8		0.992445
493.9		0.992445
494		0.992445
494.1		0.997265
494.2		0.997265
494.3		0.997265
494.4		0.997265
494.5		0.997265
494.6		0.997265
494.7		0.997265
494.8		0.997265
494.9		0.997265
495		0.997265
495.1		0.997351
495.2		0.997351
495.3		0.997351
495.4		0.997351
495.5		0.997351
495.6		0.997351
495.7		0.997351
495.8		0.997351
495.9		0.997351
496		0.997351
496.1		1
496.2		1
496.3		1
496.4		1
496.5		1
496.6		1
496.7		1
496.8		1
496.9		1
497		1
497.1		1
497.2		1
497.3		1
497.4		1
497.5		1
497.6		1
497.7		1
497.8		1
497.9		1
498		1
498.1		1
498.2		1
498.3		1
498.4		1
498.5		1
498.6		1
498.7		1
498.8		1
498.9		1
499		1
499.1		1
499.2		1
499.3		1
499.4		1
499.5		1
499.6		1
499.7		1
499.8		1
499.9		1
500		1
500.1		1
500.2		1
500.3		1
500.4		1
500.5		1
500.6		1
500.7		1
500.8		1
500.9		1
501		1
501.1		1
501.2		1
501.3		1
501.4		1
501.5		1
501.6		1
501.7		1
501.8		1
501.9		1
502		1
502.1		1
502.2		1
502.3		1
502.4		1
502.5		1
502.6		1
502.7		1
502.8		1
502.9		1
503		1
503.1		1
503.2		1
503.3		1
503.4		1
503.5		1
503.6		1
503.7		1
503.8		1
503.9		1
504		1
504.1		1
504.2		1
504.3		1
504.4		1
504.5		1
504.6		1
504.7		1
504.8		1
504.9		1
505		1
505.1		1
505.2		1
505.3		1
505.4		1
505.5		1
505.6		1
505.7		1
505.8		1
505.9		1
506		1
506.1		1
506.2		1
506.3		1
506.4		1
506.5		1
506.6		1
506.7		1
506.8		1
506.9		1
507		1
507.1		1
507.2		1
507.3		1
507.4		1
507.5		1
507.6		1
507.7		1
507.8		1
507.9		1
508		1
508.1		1
508.2		1
508.3		1
508.4		1
508.5		1
508.6		1
508.7		1
508.8		1
508.9		1
509		1
509.1		1
509.2		1
509.3		1
509.4		1
509.5		1
509.6		1
509.7		1
509.8		1
509.9		1
510		1
510.1		1
510.2		1
510.3		1
510.4		1
510.5		1
510.6		1
510.7		1
510.8		1
510.9		1
511		1
511.1		1
511.2		1
511.3		1
511.4		1
511.5		1
511.6		1
511.7		1
511.8		1
511.9		1
512		1
512.1		1
512.2		1
512.3		1
512.4		1
512.5		1
512.6		1
512.7		1
512.8		1
512.9		1
513		1
513.1		1
513.2		1
513.3		1
513.4		1
513.5		1
513.6		1
513.7		1
513.8		1
513.9		1
514		1
514.1		1
514.2		1
514.3		1
514.4		1
514.5		1
514.6		1
514.7		1
514.8		1
514.9		1
515		1
515.1		1
515.2		1
515.3		1
515.4		1
515.5		1
515.6		1
515.7		1
515.8		1
515.9		1
516		1
516.1		1
516.2		1
516.3		1
516.4		1
516.5		1
516.6		1
516.7		1
516.8		1
516.9		1
517		1
517.1		1
517.2		1
517.3		1
517.4		1
517.5		1
517.6		1
517.7		1
517.8		1
517.9		1
518		1
518.1		1
518.2		1
518.3		1
518.4		1
518.5		1
518.6		1
518.7		1
518.8		1
518.9		1
519		1
519.1		1
519.2		1
519.3		1
519.4		1
519.5		1
519.6		1
519.7		1
519.8		1
519.9		1
520		1
520.1		1
520.2		1
520.3		1
520.4		1
520.5		1
520.6		1
520.7		1
520.8		1
520.9		1
521		1
521.1		1
521.2		1
521.3		1
521.4		1
521.5		1
521.6		1
521.7		1
521.8		1
521.9		1
522		1
522.1		1
522.2		1
522.3		1
522.4		1
522.5		1
522.6		1
522.7		1
522.8		1
522.9		1
523		1
523.1		1
523.2		1
523.3		1
523.4		1
523.5		1
523.6		1
523.7		1
523.8		1
523.9		1
524		1
524.1		1
524.2		1
524.3		1
524.4		1
524.5		1
524.6		1
524.7		1
524.8		1
524.9		1
525		1
525.1		1
525.2		1
525.3		1
525.4		1
525.5		1
525.6		1
525.7		1
525.8		1
525.9		1
526		1
526.1		1
526.2		1
526.3		1
526.4		1
526.5		1
526.6		1
526.7		1
526.8		1
526.9		1
527		1
527.1		1
527.2		1
527.3		1
527.4		1
527.5		1
527.6		1
527.7		1
527.8		1
527.9		1
528		1
528.1		1
528.2		1
528.3		1
528.4		1
528.5		1
528.6		1
528.7		1
528.8		1
528.9		1
529		1
529.1		1
529.2		1
529.3		1
529.4		1
529.5		1
529.6		1
529.7		1
529.8		1
529.9		1
530		1
530.1		1
530.2		1
530.3		1
530.4		1
530.5		1
530.6		1
530.7		1
530.8		1
530.9		1
531		1
531.1		1
531.2		1
531.3		1
531.4		1
531.5		1
531.6		1
531.7		1
531.8		1
531.9		1
532		1
532.1		1
532.2		1
532.3		1
532.4		1
532.5		1
532.6		1
532.7		1
532.8		1
532.9		1
533		1
533.1		1
533.2		1
533.3		1
533.4		1
533.5		1
533.6		1
533.7		1
533.8		1
533.9		1
534		1
534.1		1
534.2		1
534.3		1
534.4		1
534.5		1
534.6		1
534.7		1
534.8		1
534.9		1
535		1
535.1		1
535.2		1
535.3		1
535.4		1
535.5		1
535.6		1
535.7		1
535.8		1
535.9		1
536		1
536.1		1
536.2		1
536.3		1
536.4		1
536.5		1
536.6		1
536.7		1
536.8		1
536.9		1
537		1
537.1		1
537.2		1
537.3		1
537.4		1
537.5		1
537.6		1
537.7		1
537.8		1
537.9		1
538		1
538.1		1
538.2		1
538.3		1
538.4		1
538.5		1
538.6		1
538.7		1
538.8		1
538.9		1
539		1
539.1		1
539.2		1
539.3		1
539.4		1
539.5		1
539.6		1
539.7		1
539.8		1
539.9		1
540		1
540.1		1
540.2		1
540.3		1
540.4		1
540.5		1
540.6		1
540.7		1
540.8		1
540.9		1
541		1
541.1		1
541.2		1
541.3		1
541.4		1
541.5		1
541.6		1
541.7		1
541.8		1
541.9		1
542		1
542.1		1
542.2		1
542.3		1
542.4		1
542.5		1
542.6		1
542.7		1
542.8		1
542.9		1
543		1
543.1		1
543.2		1
543.3		1
543.4		1
543.5		1
543.6		1
543.7		1
543.8		1
543.9		1
544		1
544.1		1
544.2		1
544.3		1
544.4		1
544.5		1
544.6		1
544.7		1
544.8		1
544.9		1
545		1
545.1		1
545.2		1
545.3		1
545.4		1
545.5		1
545.6		1
545.7		1
545.8		1
545.9		1
546		1
546.1		1
546.2		1
546.3		1
546.4		1
546.5		1
546.6		1
546.7		1
546.8		1
546.9		1
547		1
547.1		1
547.2		1
547.3		1
547.4		1
547.5		1
547.6		1
547.7		1
547.8		1
547.9		1
548		1
548.1		1
548.2		1
548.3		1
548.4		1
548.5		1
548.6		1
548.7		1
548.8		1
548.9		1
549		1
549.1		1
549.2		1
549.3		1
549.4		1
549.5		1
549.6		1
549.7		1
549.8		1
549.9		1
550		1
550.1		1
550.2		1
550.3		1
550.4		1
550.5		1
550.6		1
550.7		1
550.8		1
550.9		1
551		1
551.1		1
551.2		1
551.3		1
551.4		1
551.5		1
551.6		1
551.7		1
551.8		1
551.9		1
552		1
552.1		1
552.2		1
552.3		1
552.4		1
552.5		1
552.6		1
552.7		1
552.8		1
552.9		1
553		1
553.1		1
553.2		1
553.3		1
553.4		1
553.5		1
553.6		1
553.7		1
553.8		1
553.9		1
554		1
554.1		1
554.2		1
554.3		1
554.4		1
554.5		1
554.6		1
554.7		1
554.8		1
554.9		1
555		1
555.1		1
555.2		1
555.3		1
555.4		1
555.5		1
555.6		1
555.7		1
555.8		1
555.9		1
556		1
556.1		1
556.2		1
556.3		1
556.4		1
556.5		1
556.6		1
556.7		1
556.8		1
556.9		1
557		1
557.1		1
557.2		1
557.3		1
557.4		1
557.5		1
557.6		1
557.7		1
557.8		1
557.9		1
558		1
558.1		1
558.2		1
558.3		1
558.4		1
558.5		1
558.6		1
558.7		1
558.8		1
558.9		1
559		1
559.1		1
559.2		1
559.3		1
559.4		1
559.5		1
559.6		1
559.7		1
559.8		1
559.9		1
560		1
560.1		1
560.2		1
560.3		1
560.4		1
560.5		1
560.6		1
560.7		1
560.8		1
560.9		1
561		1
561.1		1
561.2		1
561.3		1
561.4		1
561.5		1
561.6		1
561.7		1
561.8		1
561.9		1
562		1
562.1		1
562.2		1
562.3		1
562.4		1
562.5		1
562.6		1
562.7		1
562.8		1
562.9		1
563		1
563.1		1
563.2		1
563.3		1
563.4		1
563.5		1
563.6		1
563.7		1
563.8		1
563.9		1
564		1
564.1		1
564.2		1
564.3		1
564.4		1
564.5		1
564.6		1
564.7		1
564.8		1
564.9		1
565		1
565.1		1
565.2		1
565.3		1
565.4		1
565.5		1
565.6		1
565.7		1
565.8		1
565.9		1
566		1
566.1		1
566.2		1
566.3		1
566.4		1
566.5		1
566.6		1
566.7		1
566.8		1
566.9		1
567		1
567.1		1
567.2		1
567.3		1
567.4		1
567.5		1
567.6		1
567.7		1
567.8		1
567.9		1
568		1
568.1		1
568.2		1
568.3		1
568.4		1
568.5		1
568.6		1
568.7		1
568.8		1
568.9		1
569		1
569.1		1
569.2		1
569.3		1
569.4		1
569.5		1
569.6		1
569.7		1
569.8		1
569.9		1
570		1
570.1		1
570.2		1
570.3		1
570.4		1
570.5		1
570.6		1
570.7		1
570.8		1
570.9		1
571		1
571.1		1
571.2		1
571.3		1
571.4		1
571.5		1
571.6		1
571.7		1
571.8		1
571.9		1
572		1
572.1		1
572.2		1
572.3		1
572.4		1
572.5		1
572.6		1
572.7		1
572.8		1
572.9		1
573		1
573.1		1
573.2		1
573.3		1
573.4		1
573.5		1
573.6		1
573.7		1
573.8		1
573.9		1
574		1
574.1		1
574.2		1
574.3		1
574.4		1
574.5		1
574.6		1
574.7		1
574.8		1
574.9		1
575		1
575.1		1
575.2		1
575.3		1
575.4		1
575.5		1
575.6		1
575.7		1
575.8		1
575.9		1
576		1
576.1		1
576.2		1
576.3		1
576.4		1
576.5		1
576.6		1
576.7		1
576.8		1
576.9		1
577		1
577.1		1
577.2		1
577.3		1
577.4		1
577.5		1
577.6		1
577.7		1
577.8		1
577.9		1
578		1
578.1		1
578.2		1
578.3		1
578.4		1
578.5		1
578.6		1
578.7		1
578.8		1
578.9		1
579		1
579.1		1
579.2		1
579.3		1
579.4		1
579.5		1
579.6		1
579.7		1
579.8		1
579.9		1
580		1
580.1		1
580.2		1
580.3		1
580.4		1
580.5		1
580.6		1
580.7		1
580.8		1
580.9		1
581		1
581.1		1
581.2		1
581.3		1
581.4		1
581.5		1
581.6		1
581.7		1
581.8		1
581.9		1
582		1
582.1		1
582.2		1
582.3		1
582.4		1
582.5		1
582.6		1
582.7		1
582.8		1
582.9		1
583		1
583.1		1
583.2		1
583.3		1
583.4		1
583.5		1
583.6		1
583.7		1
583.8		1
583.9		1
584		1
584.1		1
584.2		1
584.3		1
584.4		1
584.5		1
584.6		1
584.7		1
584.8		1
584.9		1
585		1
585.1		1
585.2		1
585.3		1
585.4		1
585.5		1
585.6		1
585.7		1
585.8		1
585.9		1
586		1
586.1		1
586.2		1
586.3		1
586.4		1
586.5		1
586.6		1
586.7		1
586.8		1
586.9		1
587		1
587.1		1
587.2		1
587.3		1
587.4		1
587.5		1
587.6		1
587.7		1
587.8		1
587.9		1
588		1
588.1		1
588.2		1
588.3		1
588.4		1
588.5		1
588.6		1
588.7		1
588.8		1
588.9		1
589		1
589.1		1
589.2		1
589.3		1
589.4		1
589.5		1
589.6		1
589.7		1
589.8		1
589.9		1
590		1
590.1		1
590.2		1
590.3		1
590.4		1
590.5		1
590.6		1
590.7		1
590.8		1
590.9		1
591		1
591.1		1
591.2		1
591.3		1
591.4		1
591.5		1
591.6		1
591.7		1
591.8		1
591.9		1
592		1
592.1		1
592.2		1
592.3		1
592.4		1
592.5		1
592.6		1
592.7		1
592.8		1
592.9		1
593		1
593.1		1
593.2		1
593.3		1
593.4		1
593.5		1
593.6		1
593.7		1
593.8		1
593.9		1
594		1
594.1		1
594.2		1
594.3		1
594.4		1
594.5		1
594.6		1
594.7		1
594.8		1
594.9		1
595		1
595.1		1
595.2		1
595.3		1
595.4		1
595.5		1
595.6		1
595.7		1
595.8		1
595.9		1
596		1
596.1		1
596.2		1
596.3		1
596.4		1
596.5		1
596.6		1
596.7		1
596.8		1
596.9		1
597		1
597.1		1
597.2		1
597.3		1
597.4		1
597.5		1
597.6		1
597.7		1
597.8		1
597.9		1
598		1
598.1		1
598.2		1
598.3		1
598.4		1
598.5		1
598.6		1
598.7		1
598.8		1
598.9		1
599		1
599.1		1
599.2		1
599.3		1
599.4		1
599.5		1
599.6		1
599.7		1
599.8		1
599.9		1
600		1
