0   6   0   12  0   1
1   6   1   12  1   1
2   6   2   12  2   1
3   6   3   12  3   1
4   6   4   12  4   1   
5   6   5   12  5   1
6   6   6   12  6   1
7   6   7   12  7   1
8   7   0   12  8   1
9   7   1   12  9   1
10  7   2   13  7   1
11  7   3   12  11  1
12  7   4   12  12  1
13  7   5   12  13  1   
14  7   6   12  14  1
15  7   7   12  15  0
16  8   0   12  16  1
17  8   1   12  17  1
18  8   2   12  18  1
19  8   3   12  19  1
20  8   4   12  20  1
21  8   5   12  21  1
22  8   6   13  4   1   
23  8   7   13  5   1
24  9   0   12  24  1
25  9   1   12  25  1
26  9   2   12  26  1
27  9   3   12  27  0
28  9   4   12  28  1
29  9   5   12  29  1
30  9   6   12  30  1
31  9   7   12  31  1
#TDC2
32  10  0   13  0   1 
33  10  1   13  1   1
34  10  2   13  2   1
35  10  3   13  3   1
36  10  4   13  36  0
37  10  5   13  37  0
38  10  6   13  9   0 
39  10  7   13  10  0
40  11  0   13  11  0
41  11  1   13  12  0
42  11  2   13  13  0
43  11  3   13  14  0
44  11  4   13  15  0
45  11  5   13  13  0
46  11  6   13  14  0
47  11  7   13  15  0
#Sc41 L
48  12  0   13  16  1
#SC41 R
49  12  1   13  17  1
50  12  2   10  18  0
51  12  3   10  19  0
52  12  4   10  20  0
53  12  5   10  21  0
54  12  6   10  22  0
55  12  7   10  23  0
56  13  0   10  24  0
57  13  1   10  25  0
58  13  2   10  26  0
59  13  3   10  27  0
60  13  4   10  28  0
61  13  5   10  29  0
62  13  6   10  30  0
63  13  7   10  31  1
