0	0	6.30E-11	-9.97E-07	0.133	-3.00
1	0	5.25E-11	-1.07E-06	0.136	-1.11
2	0	3.21E-11	-0.11E-07	0.138	-0.391
3	0	6.17E-11	-9.30E-07	0.132	-0.598
4	0	4.87E-11	-1.28E-06	0.139	-1.50
5	0	6.34E-11	-1.11E-06	0.137	-2.65
6	0	2.70E-11	-6.47E-07	0.136	0.403
7	0	2.35E-11	-6.15E-07	0.134	0.839
8	0	4.33E-11	-8.71E-07	0.134	-1.62
9	0	6.73E-11	-1.32E-06	0.159	-1.51
10	0	3.93E-11	-9.73E-07	0.134	-0.210
11	0	3.61E-11	-4.64E-07	0.134	1.82
12	0	6.03E-11	-8.29E-07	0.134	-1.64
13	0	3.54E-011	-9.73E-007	0.135561 0.0105442
14	0	3.47E-011	-6.60E-007	0.134019 0.333423
15	0	1.91E-011	-7.06E-007	0.135812 -1.70143
16	0	4.57E-011	-7.03E-007	0.134412 -2.66504
17	0	9.02E-011	-8.68E-007	0.132545 -2.99423
18	0	3.36E-011	-9.07E-007	0.133626 -0.677495
19	0	1.10E-10	-9.33E-07	0.129	-1.50
20	0	8.27E-11	-1.68E-06	0.149	-1.24
21	0	1.36E-10	-1.91E-06	0.140	-3.73
22	0	4.31E-11	-4.32E-07	0.129	0.179
23	0	5.40579e-11	-6.99057e-07	0.134745 -1.21441
24	0	6.69013e-11	-4.65328e-07	0.131856 2.76234
25	0	8.15231e-12	-4.80599e-07	0.135435 2.7131
26	0	8.32133e-11	-1.4323e-06	0.134465 -0.880182
27	0	1.14721e-11	-3.24226e-07	0.131325 0.404759
28	0	1.39178e-11	2.14377e-08	0.142348 -3.64925
29	0	9.9354e-11	-1.19585e-06	0.135285 -3.30108
30	0	1.11977e-10	-1.24622e-06	0.134695 -1.63046
31	0	5.27217e-11	-9.29414e-07	0.134508 0.838644
32	0	3.21325e-11	-7.7668e-07	0.135705 -1.08723
33	0	-1.15495e-11	-3.24559e-07	0.13625	 -0.601066
34	0	2.95191e-11	-8.84478e-07	0.135832 1.09701
35	0	3.10349e-11	-7.0142e-07	0.134356 1.13343
36  0   0               0           0               0
37  0   0               0           0               0
38  0   0               0           0               0 
39  0   0               0           0               0 
40  0   0               0           0               0 
41  0   0               0           0               0
42  0   0               0           0               0 
43  0   0               0           0               0
44  0   0               0           0               0  
45  0   0               0           0               0 
46  0   0               0           0               0 
47  0   0               0           0               0 
48  0   0               0           0               0 
49  0   0               0           0               0



